placement,match_id,augment0,augment1,augment2,Set7_Assassin,Set7_Astral,Set7_Bard,Set7_Bruiser,Set7_Cannoneer,Set7_Cavalier,Set7_Dragon,Set7_Dragonmancer,Set7_Evoker,Set7_Guardian,Set7_Guild,Set7_Jade,Set7_Legend,Set7_Mage,Set7_Mirage,Set7_Mystic,Set7_Ragewing,Set7_Revel,Set7_Scalescorn,Set7_Shapeshifter,Set7_Shimmerscale,Set7_SpellThief,Set7_Starcaller,Set7_Swiftshot,Set7_Tempest,Set7_Trainer,Set7_Warrior,Set7_Whispers,TFT7_Aatrox,TFT7_Aatrox_item0,TFT7_Aatrox_item1,TFT7_Aatrox_item2,TFT7_Anivia,TFT7_Anivia_item0,TFT7_Anivia_item1,TFT7_Anivia_item2,TFT7_AoShin,TFT7_AoShin_item0,TFT7_AoShin_item1,TFT7_AoShin_item2,TFT7_Ashe,TFT7_Ashe_item0,TFT7_Ashe_item1,TFT7_Ashe_item2,TFT7_AurelionSol,TFT7_AurelionSol_item0,TFT7_AurelionSol_item1,TFT7_AurelionSol_item2,TFT7_Bard,TFT7_Bard_item0,TFT7_Bard_item1,TFT7_Bard_item2,TFT7_Braum,TFT7_Braum_item0,TFT7_Braum_item1,TFT7_Braum_item2,TFT7_Corki,TFT7_Corki_item0,TFT7_Corki_item1,TFT7_Corki_item2,TFT7_Diana,TFT7_Diana_item0,TFT7_Diana_item1,TFT7_Diana_item2,TFT7_DragonBlue,TFT7_DragonBlue_item0,TFT7_DragonBlue_item1,TFT7_DragonBlue_item2,TFT7_DragonGold,TFT7_DragonGold_item0,TFT7_DragonGold_item1,TFT7_DragonGold_item2,TFT7_DragonGreen,TFT7_DragonGreen_item0,TFT7_DragonGreen_item1,TFT7_DragonGreen_item2,TFT7_DragonPurple,TFT7_DragonPurple_item0,TFT7_DragonPurple_item1,TFT7_DragonPurple_item2,TFT7_Elise,TFT7_Elise_item0,TFT7_Elise_item1,TFT7_Elise_item2,TFT7_Ezreal,TFT7_Ezreal_item0,TFT7_Ezreal_item1,TFT7_Ezreal_item2,TFT7_Gnar,TFT7_Gnar_item0,TFT7_Gnar_item1,TFT7_Gnar_item2,TFT7_Hecarim,TFT7_Hecarim_item0,TFT7_Hecarim_item1,TFT7_Hecarim_item2,TFT7_Heimerdinger,TFT7_Heimerdinger_item0,TFT7_Heimerdinger_item1,TFT7_Heimerdinger_item2,TFT7_Illaoi,TFT7_Illaoi_item0,TFT7_Illaoi_item1,TFT7_Illaoi_item2,TFT7_Jinx,TFT7_Jinx_item0,TFT7_Jinx_item1,TFT7_Jinx_item2,TFT7_Karma,TFT7_Karma_item0,TFT7_Karma_item1,TFT7_Karma_item2,TFT7_Kayn,TFT7_Kayn_item0,TFT7_Kayn_item1,TFT7_Kayn_item2,TFT7_LeeSin,TFT7_LeeSin_item0,TFT7_LeeSin_item1,TFT7_LeeSin_item2,TFT7_Leona,TFT7_Leona_item0,TFT7_Leona_item1,TFT7_Leona_item2,TFT7_Lillia,TFT7_Lillia_item0,TFT7_Lillia_item1,TFT7_Lillia_item2,TFT7_Lulu,TFT7_Lulu_item0,TFT7_Lulu_item1,TFT7_Lulu_item2,TFT7_Nami,TFT7_Nami_item0,TFT7_Nami_item1,TFT7_Nami_item2,TFT7_Neeko,TFT7_Neeko_item0,TFT7_Neeko_item1,TFT7_Neeko_item2,TFT7_Nidalee,TFT7_Nidalee_item0,TFT7_Nidalee_item1,TFT7_Nidalee_item2,TFT7_Nunu,TFT7_Nunu_item0,TFT7_Nunu_item1,TFT7_Nunu_item2,TFT7_Olaf,TFT7_Olaf_item0,TFT7_Olaf_item1,TFT7_Olaf_item2,TFT7_Ornn,TFT7_Ornn_item0,TFT7_Ornn_item1,TFT7_Ornn_item2,TFT7_Pyke,TFT7_Pyke_item0,TFT7_Pyke_item1,TFT7_Pyke_item2,TFT7_Qiyana,TFT7_Qiyana_item0,TFT7_Qiyana_item1,TFT7_Qiyana_item2,TFT7_Ryze,TFT7_Ryze_item0,TFT7_Ryze_item1,TFT7_Ryze_item2,TFT7_Sejuani,TFT7_Sejuani_item0,TFT7_Sejuani_item1,TFT7_Sejuani_item2,TFT7_Senna,TFT7_Senna_item0,TFT7_Senna_item1,TFT7_Senna_item2,TFT7_Sett,TFT7_Sett_item0,TFT7_Sett_item1,TFT7_Sett_item2,TFT7_Shen,TFT7_Shen_item0,TFT7_Shen_item1,TFT7_Shen_item2,TFT7_Shyvana,TFT7_Shyvana_item0,TFT7_Shyvana_item1,TFT7_Shyvana_item2,TFT7_Skarner,TFT7_Skarner_item0,TFT7_Skarner_item1,TFT7_Skarner_item2,TFT7_Sona,TFT7_Sona_item0,TFT7_Sona_item1,TFT7_Sona_item2,TFT7_Soraka,TFT7_Soraka_item0,TFT7_Soraka_item1,TFT7_Soraka_item2,TFT7_Swain,TFT7_Swain_item0,TFT7_Swain_item1,TFT7_Swain_item2,TFT7_Sylas,TFT7_Sylas_item0,TFT7_Sylas_item1,TFT7_Sylas_item2,TFT7_TahmKench,TFT7_TahmKench_item0,TFT7_TahmKench_item1,TFT7_TahmKench_item2,TFT7_Talon,TFT7_Talon_item0,TFT7_Talon_item1,TFT7_Talon_item2,TFT7_Taric,TFT7_Taric_item0,TFT7_Taric_item1,TFT7_Taric_item2,TFT7_Thresh,TFT7_Thresh_item0,TFT7_Thresh_item1,TFT7_Thresh_item2,TFT7_TrainerDragon,TFT7_TrainerDragon_item0,TFT7_TrainerDragon_item1,TFT7_TrainerDragon_item2,TFT7_Tristana,TFT7_Tristana_item0,TFT7_Tristana_item1,TFT7_Tristana_item2,TFT7_Twitch,TFT7_Twitch_item0,TFT7_Twitch_item1,TFT7_Twitch_item2,TFT7_Varus,TFT7_Varus_item0,TFT7_Varus_item1,TFT7_Varus_item2,TFT7_Vladimir,TFT7_Vladimir_item0,TFT7_Vladimir_item1,TFT7_Vladimir_item2,TFT7_Volibear,TFT7_Volibear_item0,TFT7_Volibear_item1,TFT7_Volibear_item2,TFT7_Xayah,TFT7_Xayah_item0,TFT7_Xayah_item1,TFT7_Xayah_item2,TFT7_Yasuo,TFT7_Yasuo_item0,TFT7_Yasuo_item1,TFT7_Yasuo_item2,TFT7_Yone,TFT7_Yone_item0,TFT7_Yone_item1,TFT7_Yone_item2,TFT7_Zoe,TFT7_Zoe_item0,TFT7_Zoe_item1,TFT7_Zoe_item2
3,EUW1_5972673291,TFT6_Augment_TrueTwos,TFT6_Augment_PandorasItems,TFT7_Augment_SwiftshotPressTheAttack,,1.0,,2.0,,,,,,,1.0,,0.0,0.0,,,0.0,,,,,,,2.0,1.0,,,0.0,,,,,,,,,,,,,,,,,,,,,,,,,,,,,,,,,,,,,,,,,,,,,,,,,,,,,,,,,2.0,,,,,,,,,,,,,,,,3.0,ThiefsGloves,StatikkShiv,GuinsoosRageblade,,,,,,,,,,,,,,,,,,,,,,,,,,,,,,,,,,,,,,,,,,,,,,,,,2.0,GargoyleStoneplate,BrambleVest,GargoyleStoneplate,,,,,,,,,,,,,,,,,,,,,,,,,,,,,,,,,2.0,,,,,,,,,,,,,,,,2.0,Shroud,,,,,,,,,,,,,,,,,,,,,None,None,,,,,1.0,,,,3.0,MadredsBloodrazor,InfinityEdge,GuinsoosRageblade,,,,,,,,,2.0,LastWhisper,RecurveBow,Bloodthirster,,,,,,,,,,,,
1,EUW1_5972673291,TFT7_Augment_SwiftshotPressTheAttack,TFT7_Augment_BandOfThieves1,TFT6_Augment_PortableForge,1.0,,1.0,1.0,,0.0,,0.0,,,3.0,,0.0,,0.0,0.0,1.0,,,,,,,1.0,1.0,,1.0,,,,,,,,,,,,,,,,,,,,,,2.0,,,,,,,,,,,,,,,,,,,,,,,,,,,,,,,,,,,,,,,,,,,,2.0,Morellonomicon,,,,,,,,,,,,,,,,,,,,,,,,,,,,,,,,,,,,,,,,,,,,,,,,,,,,,,,,,,,2.0,DragonsClaw,RedBuff,GiantsBelt,,,,,2.0,ThiefsGloves,TitansResolve,ArchangelsStaff,,,,,,,,,,,,,,,,,2.0,TitansResolve,TitansResolve,,,,,,,,,,,,,,,,,,,,,,,,,,,,,,2.0,InfinityEdge,,,,,,,,,,,,,None,None,,,,,2.0,,,,,,,,,,,,,,,,2.0,InfinityEdge,GuinsoosRageblade,OrnnInfinityForce,2.0,TitansResolve,TitansResolve,UnstableConcoction,,,,,,,,
8,EUW1_5972673291,TFT6_Augment_Traitless2,TFT7_Augment_LategameSpecialist,TFT6_Augment_Distancing2,,,,0.0,,0.0,1.0,0.0,0.0,0.0,,0.0,0.0,,0.0,0.0,0.0,,0.0,0.0,,,,,2.0,0.0,0.0,,,,,,,,,,1.0,MadredsBloodrazor,UnstableConcoction,GuinsoosRageblade,,,,,,,,,,,,,1.0,,,,,,,,,,,,,,,,,,,,,,,,,,,,,,,,,,,,,,,,1.0,,,,,,,,,,,,,,,,,,,,,,,,,,,,,,,,,,,,1.0,,,,,,,,2.0,GargoyleStoneplate,,,,,,,,,,,,,,,1.0,,,,,,,,,,,,,,,,,,,,,,,,,,,,,,,,,,,,,,,,,,,,,,,,,,,,,,,,,,,,,,,,,,,,,,,,,,None,None,,,,,,,,,,,,,,,,,,,,,,,,,1.0,UnstableConcoction,SeraphsEmbrace,LastWhisper,,,,,,,,
6,EUW1_5972673291,TFT7_Augment_FirstAidKit2,TFT6_Augment_Distancing,TFT6_Augment_Diversify2,,1.0,,1.0,,,,0.0,0.0,,1.0,,,2.0,0.0,1.0,,,,,,,,,,1.0,0.0,0.0,,,,,,,,,,,,,,,,,,,,,,,,,,,,,,,,,,,,,,,,,,,,,,,,,,,,,,,,,,,,,,,,,,,,,1.0,,,,2.0,,,,,,,,,,,,,,,,,,,,,,,,,,,,2.0,,,,3.0,SpearOfShojin,,,,,,,,,,,,,,,,,,,,,,,,,,,,,,,2.0,SpearOfShojin,HextechGunblade,JeweledGauntlet,,,,,,,,,,,,,,,,,,,,,,,,,,,,,,,,,,,,,1.0,RedBuff,GargoyleStoneplate,,,,,,,,,,,,,,,,,,2.0,TrainerSnax,None,None,,,,,,,,,,,,,3.0,ThiefsGloves,RunaansHurricane,Quicksilver,,,,,,,,,1.0,GuardianAngel,,,,,,,,,,
7,EUW1_5972673291,TFT7_Augment_CannoneerRicochet,TFT6_Augment_Featherweights1,TFT6_Augment_ComponentGrabBag,,,,,2.0,,,,0.0,1.0,,,,,,0.0,0.0,0.0,0.0,,,,,,,1.0,,0.0,,,,,,,,,,,,,,,,,,,,,,,,,2.0,WarmogsArmor,RedBuff,DragonsClaw,,,,,,,,,,,,,,,,,,,,,,,,,,,,,,,,,,,,,,,,,,,,,,,,,3.0,GuardianAngel,,,,,,,,,,,,,,,,,,,,,,,2.0,Redemption,,,,,,,,,,,,,,,,,,,,,,,,,,,,,,,,,,,,,,,,,,,2.0,,,,,,,,,,,,,,,,,,,,,,,,,,,,,,,,,,,,,,,,,,,,,,,,3.0,,,,2.0,TrainerSnax,None,None,2.0,MadredsBloodrazor,InfinityEdge,GuardianAngel,,,,,,,,,,,,,,,,,,,,,,,,,,,,,,,,
2,EUW1_5972673291,TFT6_Augment_TriForce2,TFT6_Augment_SecondWind1,TFT6_Augment_ComponentGrabBag,1.0,1.0,,1.0,,,,,,,3.0,,,1.0,,0.0,,,,,,,,1.0,,,,1.0,,,,,,,,,,,,,,,,,,,,,,,,,,,,,,,,,,,,,,,,,,,,,,,,,,,,,,,,,,,,,,,,,,,,,,,,,3.0,GargoyleStoneplate,RedBuff,Redemption,,,,,,,,,,,,,,,,,,,,,,,,,,,,,3.0,SeraphsEmbrace,,,,,,,,,,,,,,,,,,,,,,,1.0,SeraphsEmbrace,,,,,,,2.0,SpearOfShojin,Chalice,,,,,,,,,,,,,,,,,,,,,,,,,,,,,,,,,,,,,,2.0,GargoyleStoneplate,,,,,,,1.0,,,,,,,,,,,,,,None,None,,,,,2.0,RunaansHurricane,,,3.0,RunaansHurricane,RapidFireCannon,Deathblade,,,,,,,,,,,,,,,,,,,,,,,,
4,EUW1_5972673291,TFT7_Augment_MirageHallucinate,TFT7_Augment_AxiomArc1,TFT6_Augment_Diversify2,,,,,,2.0,1.0,,0.0,0.0,,0.0,,,3.0,0.0,0.0,,,,,,1.0,,,0.0,0.0,,,,,,,,,,,,,,,,,,,,,,,,,,,,,,,,,,,,,,2.0,UnstableConcoction,InfinityEdge,JeweledGauntlet,,,,,,,,,,,,,,,,,,,,,,,,,2.0,,,,,,,,,,,,,,,,,,,,,,,,,,,,2.0,,,,,,,,2.0,,,,,,,,,,,,,,,,2.0,Bloodthirster,RedBuff,HextechGunblade,,,,,,,,,,,,,,,,,,,,,,,,,,,,,,,,,,,,,,,,,,,,,,,,,1.0,CavalierEmblemItem,Quicksilver,,,,,,,,,,,,,,,,,,,,,,,,,,,,None,None,,,,,,,,,,,,,,,,,,,,,,,,,,,,,1.0,SparringGloves,,,,,,
5,EUW1_5972673291,TFT7_Augment_BruiserEmblem,TFT7_Augment_BruiserTrait,TFT6_Augment_Meditation2,,,1.0,2.0,1.0,,,,0.0,,1.0,,0.0,1.0,,0.0,,1.0,,,0.0,1.0,,,0.0,1.0,,0.0,,,,,,,,,,,,,,,,,,,,,1.0,,,,,,,,2.0,UnstableConcoction,InfinityEdge,GuinsoosRageblade,,,,,,,,,,,,,,,,,,,,,,,,,,,,,,,,,,,,,2.0,,,,,,,,,,,,,,,,,,,,,,,,,,,,,,,,,,,,,,,,,,,,,,,,,,,,,,,,1.0,,,,,,,,,,,,,,,,,,,,,,,,,,,,,,,,,,,,,,,,2.0,,,,,,,,,,,,2.0,Redemption,RedBuff,Shroud,,,,,,,,,,,,,,,,,4.0,TrainerSnax,None,None,2.0,PowerGauntlet,BruiserEmblemItem,Chalice,,,,,,,,,,,,,,,,,,,,,,,,,,,,,1.0,,,
8,EUW1_5972923973,TFT6_Augment_TriForce1,TFT7_Augment_BestFriends1,TFT6_Augment_Meditation2,,1.0,,1.0,,,,,0.0,,1.0,,,2.0,,1.0,,,,,,,,,,1.0,,0.0,,,,,,,,,,,,,,,,,,,,,,,,,,,,,,,,,,,,,,,,,,,,,,,,,,,,,,,,,,,,,,,,,,,,,2.0,,,,2.0,,,,,,,,,,,,,,,,,,,,,,,,,,,,2.0,,,,2.0,,,,,,,,,,,,,,,,,,,,,,,,,,,,,,,,2.0,ArchangelsStaff,MadredsBloodrazor,SpearOfShojin,,,,,,,,,,,,,,,,,,,,,,,,,,,,,,,,,,,,,2.0,WarmogsArmor,GargoyleStoneplate,Bloodthirster,,,,,,,,,,,,,,,,,2.0,TrainerSnax,None,None,,,,,,,,,,,,,2.0,,,,,,,,,,,,,,,,,,,,,,,
5,EUW1_5972923973,TFT6_Augment_CyberneticUplink1,TFT6_Augment_SecondWind1,TFT6_Augment_CyberneticUplink2,,0.0,1.0,1.0,,,1.0,,0.0,,1.0,,0.0,1.0,,2.0,,,,,0.0,1.0,,,2.0,0.0,,0.0,,,,,,,,,1.0,ArchangelsStaff,UnstableConcoction,,,,,,,,,,1.0,,,,,,,,,,,,,,,,,,,,,,,,,,,,,,,,,,,,,,,,,,,,,,,,,,,,,,,,,,,,,,,,,,,,,,,,,,,,,,,,2.0,,,,3.0,StatikkShiv,,,,,,,,,,,,,,,,,,,1.0,NegatronCloak,,,,,,,,,,,,,,,,,,,,,,,,,,,,,,,,,,,,,,,,,,,,,,,,,,,2.0,RedBuff,GargoyleStoneplate,WarmogsArmor,,,,,,,,,,,,,,,,,,,None,None,,,,,,,,,,,,,,,,,,,,,,,,,,,,,,,,,1.0,Shroud,,
6,EUW1_5972923973,TFT7_Augment_ScalescornTrait,TFT6_Augment_Weakspot,TFT7_Augment_ScalescornEmblem,2.0,,,2.0,,,,,,,1.0,,0.0,0.0,,,0.0,,2.0,,,,,,1.0,,1.0,0.0,,,,,,,,,,,,,,,,,,,,,,,,,,,,,,,,,2.0,RedBuff,FrozenHeart,UnstableConcoction,,,,,,,,,,,,,,,,,,,,,,,,,,,,,,,,,,,,,,,,,,,,,,,,,,,,,,,,,,,,,,,,,,,,,,,,,,,,,,,,,,,,,2.0,GuinsoosRageblade,AssassinEmblemItem,InfinityEdge,1.0,,,,,,,,2.0,,,,,,,,,,,,,,,,,,,,2.0,,,,,,,,,,,,,,,,,,,,,,,,1.0,TitanicHydra,,,,,,,1.0,ScalescornEmblemItem,,,,,,,,,,,,,None,None,,,,,,,,,,,,,,,,,,,,,,,,,,,,,,,,,,,,
2,EUW1_5972923973,TFT6_Augment_Electrocharge1,TFT6_Augment_CelestialBlessing1,TFT6_Augment_ComponentGrabBag,1.0,,1.0,1.0,,0.0,1.0,,,,3.0,,0.0,0.0,,0.0,0.0,,,,0.0,1.0,,,3.0,,0.0,,,,,,,,,,2.0,SpearOfShojin,ArchangelsStaff,JeweledGauntlet,,,,,,,,,1.0,,,,,,,,,,,,,,,,,,,,,,,,,,,,,,,,,,,,,,,,,,,,,,,,,,,,,,,,,,,,,,,,,,,,,,,,,,,,,,,,,,,,,,,,,,,,,,,,,,,,,,,,2.0,IonicSpark,RedBuff,Redemption,,,,,2.0,InfinityEdge,,,,,,,2.0,Redemption,,,,,,,,,,,2.0,TempestEmblemItem,Bloodthirster,RedBuff,,,,,,,,,,,,,,,,,,,,,,,,,,,,,2.0,Quicksilver,Bloodthirster,InfinityEdge,,,,,,,,,,,None,None,,,,,,,,,,,,,,,,,,,,,,,,,,,,,,,,,2.0,,,
7,EUW1_5972923973,TFT6_Augment_Electrocharge1,TFT7_Augment_JadeEmblem,TFT6_Augment_CyberneticShell2,0.0,,,,,0.0,1.0,0.0,,,3.0,2.0,,,,0.0,,,,1.0,,,,1.0,,,,,,,,,,,,,,,,,2.0,,,,,,,,,,,,,,,,,,,,,,,,,,,,,,,,2.0,TitansResolve,GuinsoosRageblade,Bloodthirster,,,,,,,,,,,,,1.0,,,,,,,,,,,,,,,,,,,,,,,,,,,,,,,,,,,,,,,,,,,,,,,,2.0,WarmogsArmor,DragonsClaw,Redemption,,,,,,,,,,,,,,,,,,,,,,,,,,,,,2.0,JadeEmblemItem,,,,,,,,,,,,,,,,,,,,,,,,,,,,,,,,,,,,,,,,,,,2.0,RunaansHurricane,,,,,,,,,,,,,None,None,,,,,2.0,,,,,,,,,,,,,,,,,,,,,,,,,,,,,,,
1,EUW1_5972923973,TFT7_Augment_ShapeshifterTrait,TFT6_Augment_Featherweights1,TFT6_Augment_PortableForge,,0.0,1.0,,,,1.0,0.0,,,1.0,2.0,,,,1.0,0.0,,,3.0,,,1.0,,,,,0.0,,,,,,,,,,,,,,,,,,,,,2.0,,,,,,,,,,,,,,,,,,,,,,,,2.0,TitanicHydra,HextechGunblade,,,,,,2.0,Quicksilver,GuinsoosRageblade,RunaansHurricane,,,,,2.0,OrnnRanduinsSanctum,,,,,,,,,,,,,,,,,,,,,,,,,,,,,,,,,,,,,,,,,,,,,,,2.0,RedBuff,Redemption,IonicSpark,3.0,GuinsoosRageblade,Deathblade,MadredsBloodrazor,,,,,,,,,,,,,,,,,,,,,,,,,,,,,,,,,,,,,,,,,,,,,,,,,,,,,2.0,StatikkShiv,,,2.0,,,,,,,,,,,,,,,,,,,,,,,,,,None,None,,,,,,,,,,,,,,,,,,,,,,,,,,,,,,,,,,,,
3,EUW1_5972923973,TFT6_Augment_ThrillOfTheHunt1,TFT6_Augment_Diversify1,TFT6_Augment_BlueBattery2,,1.0,1.0,1.0,,,,,0.0,,2.0,,,1.0,,2.0,,,,,0.0,1.0,,1.0,,0.0,,0.0,,,,,,,,,,,,,,,,,,,,,2.0,WarmogsArmor,GargoyleStoneplate,NegatronCloak,,,,,,,,,,,,,,,,,,,,,,,,,,,,,,,,,,,,,,,,,,,,,,,,,3.0,DragonsClaw,TitanicHydra,RedBuff,,,,,,,,,,,,,,,,,,,,,,,,,2.0,,,,3.0,StatikkShiv,LocketOfTheIronSolari,StatikkShiv,,,,,,,,,,,,,,,,,,,,,,,,,,,,,,,,,,,,,,,,,,,,,,,,,,,,,,,,,,,,,,,,,,,,,2.0,ThiefsGloves,TearOfTheGoddess,SeraphsEmbrace,,,,,,,,,,,,,,,,,,,None,None,,,,,2.0,,,,3.0,InfinityEdge,GuinsoosRageblade,RunaansHurricane,,,,,,,,,,,,,,,,,,,,,2.0,ThiefsGloves,JeweledGauntlet,SeraphsEmbrace
4,EUW1_5972923973,TFT6_Augment_ThrillOfTheHunt1,TFT6_Augment_Electrocharge1,TFT6_Augment_Meditation2,,0.0,,2.0,,,1.0,0.0,,,1.0,,0.0,0.0,,,,,,,,,,1.0,1.0,,,2.0,,,,,,,,,,,,,,,,,,,,,,,,,,,,,,,,,,,,,,,,,,,,,,,,,1.0,InfinityEdge,RapidFireCannon,GuinsoosRageblade,,,,,,,,,,,,,,,,,,,,,3.0,BrambleVest,GargoyleStoneplate,,,,,,,,,,,,,,1.0,,,,,,,,,,,,,,,,,,,,,,,,,,,,,,,,,,,,1.0,Shroud,,,,,,,,,,,,,,,,,,,,,,,,,,,,,,,,,,,,,,,,,,,,,,,,,,,2.0,PowerGauntlet,Shroud,,,,,,,,,,,,,,,,,,,,None,None,,,,,2.0,,,,3.0,RunaansHurricane,GuinsoosRageblade,MadredsBloodrazor,,,,,,,,,,,,,,,,,,,,,,,,
5,EUW1_5972281342,TFT6_Augment_CelestialBlessing2,TFT7_Augment_CannoneerHotShot,TFT7_Augment_CannoneerEmblem,,,,,4.0,,1.0,0.0,0.0,0.0,,,,,0.0,0.0,0.0,1.0,,,1.0,,,,,1.0,0.0,,,,,,,,,,,,,,,,,,,,,,,,,,,,,,2.0,GuinsoosRageblade,InfinityEdge,UnstableConcoction,,,,,,,,,2.0,RedBuff,WarmogsArmor,,,,,,,,,,,,,,,,,,,,,,,,,,,,,,,,,,2.0,,,,,,,,,,,,,,,,,,,,,,,,2.0,CannoneerEmblemItem,SpearOfShojin,,,,,,,,,,,,,,,,,,,,,,,,,,,,,,,,,,,,,,,,,,2.0,,,,,,,,,,,,,,,,,,,,,,,,,,,,,,,,,,,,,,,,,,,,,,,,,,,,3.0,TrainerSnax,None,None,2.0,StatikkShiv,,,,,,,,,,,,,,,,,,,,,,,2.0,Zephyr,ShimmerscaleDiamondHands,,,,,,,,,
1,EUW1_5972281342,TFT7_Augment_ShimmerscaleTrait,TFT6_Augment_SecondWind2,TFT6_Augment_SunfireBoard,,,,,,,1.0,,,0.0,,0.0,,,,,,,,,1.0,,1.0,,,,,,,,,,,,,,,,,,,,,,,,,,,,,,,,,,,,,,,,,,,,,,2.0,WarmogsArmor,FrozenHeart,GargoyleStoneplate,,,,,,,,,,,,,,,,,,,,,,,,,,,,,,,,,,,,,,,,,,,,,,,,,,,,,,,,,,,,,,,,,,,,,,,,,,,,,,,,,,,,,,,,,,,,,,,,,,,,,,,,,,,,,,,,,,,,,,,,,,,,,3.0,Quicksilver,SpearOfShojin,StatikkShiv,,,,,,,,,,,,,,,,,,,,,,,,,,,None,None,,,,,,,,,,,,,,,,,,,,,,,,,,,,,,,,,,,,
4,EUW1_5972281342,TFT7_Augment_GuildGearUpgrades,TFT6_Augment_CyberneticShell2,TFT7_Augment_BigFriend2,1.0,,,1.0,,2.0,,,,,3.0,,0.0,,,,1.0,,,,,,,1.0,1.0,,0.0,,,,,,,,,,,,,,,,,,,,,,,,,,,,,,,,,,,,,,,,,,,,,,,,,,,,,,,,,,,,,,,,,,2.0,TearOfTheGoddess,,,,,,,,,,,,,,,,,,,,,,,,,,,,,,,,,,,,,,,,,,,,,,,,,,,,,,,,,,,2.0,CavalierEmblemItem,,,,,,,2.0,FrozenHeart,,,,,,,2.0,RedBuff,,,,,,,,,,,1.0,,,,,,,,,,,,,,,,,,,,,,,,,,,,,,,,2.0,InfinityEdge,,,,,,,,,,,,,None,None,,,,,2.0,ArchangelsStaff,,,,,,,,,,,,,,,2.0,Deathblade,Quicksilver,GuinsoosRageblade,,,,,,,,,,,,
2,EUW1_5972281342,TFT6_Augment_Electrocharge2,TFT7_Augment_BestFriends2,TFT6_Augment_PortableForge,,0.0,1.0,2.0,,,1.0,0.0,,,2.0,,0.0,0.0,0.0,0.0,,,,,,,,1.0,0.0,,0.0,2.0,,,,,,,,,,,,,,,,,,,,,1.0,ArchangelsStaff,,,,,,,,,,,,,,,,,,,,,,,,,,,2.0,GuinsoosRageblade,MadredsBloodrazor,TitansResolve,,,,,,,,,,,,,,,,,,,,,3.0,OrnnAnimaVisage,RedBuff,WarmogsArmor,,,,,,,,,,,,,,,,,,,,,,,,,,,,,,,,,,,,,,,,,,,,,,,,,2.0,,,,,,,,,,,,,,,,,,,,,,,,,,,,,,,,,,,,,,,,,,,,,,,,,,,,2.0,,,,,,,,,,,,,,,,,,,,,,None,None,,,,,2.0,ZekesHerald,LastWhisper,,3.0,GuinsoosRageblade,Deathblade,UnstableConcoction,,,,,,,,,,,,,1.0,,,,,,,,,,,
3,EUW1_5972281342,TFT7_Augment_Preparation2,TFT7_Augment_LastStand,TFT7_Augment_DragonHorde,,1.0,,1.0,,,2.0,,1.0,,1.0,,,1.0,,0.0,,,,,0.0,1.0,,,,1.0,,2.0,,,,,,,,,,,,,,,,,2.0,UnstableConcoction,ArchangelsStaff,SpearOfShojin,,,,,,,,,,,,,,,,,,,,,,,,,,,,,2.0,UnstableConcoction,RedBuff,TitansResolve,,,,,,,,,,,,,,,,,2.0,,,,,,,,,,,,,,,,,,,,,,,,,,,,,,,,2.0,,,,,,,,,,,,,,,,,,,,,,,,,,,,,,,,,,,,,,,,,,,,,,,,,,,,,,,,,,,,,,,,,,,,,,,,,,,,2.0,,,,,,,,,,,,,,,,,,,,4.0,TrainerSnax,None,None,,,,,,,,,,,,,,,,,,,,,,,,,,,,,,,,,2.0,Chalice,StatikkShiv,GuildEmblemItem
6,EUW1_5972281342,TFT6_Augment_SalvageBin,TFT6_Augment_CyberneticShell2,TFT7_Augment_DragonAlliance,,1.0,,1.0,,,2.0,,1.0,,,1.0,0.0,,,1.0,,,,,,,,,0.0,0.0,,1.0,,,,,,,,,,,,,,,,,1.0,HextechGunblade,ArchangelsStaff,RabadonsDeathcap,,,,,,,,,,,,,,,,,,,,,,,,,2.0,UnstableConcoction,MadredsBloodrazor,TitansResolve,1.0,WarmogsArmor,,,,,,,,,,,,,,,,,,,,,,,,,,,,,,,,,,,,,,,,,,,,,,,,,,,1.0,,,,,,,,,,,,,,,,,,,,,,,,2.0,TitanicHydra,Shroud,,,,,,,,,,,,,,,,,,,,,,,,,,,,,,,,,,,,,,,,,,,,,,,,,,,,,,,,,,,,,,,,,,,,,,,,None,None,,,,,,,,,,,,,,,,,,,,,,,,,,,,,,,,,,,,
8,EUW1_5972281342,TFT6_Augment_PortableForge,TFT6_Augment_Meditation2,TFT6_Augment_Distancing2,1.0,,,2.0,,,1.0,,,,1.0,,0.0,0.0,,,0.0,,,0.0,,,,,1.0,,0.0,2.0,,,,,,,,,,,,,,,,,,,,,,,,,,,,,,,,,,,,,,,,,,,,,,,,,1.0,MadredsBloodrazor,Deathblade,Bloodthirster,2.0,,,,,,,,,,,,,,,,,,,,,,,,,,,,,,,,,,,,,,,,,,,,,,,,,,,,,,,,,,,,,,,,,,,,,,,,1.0,DragonsClaw,OrnnEternalWinter,,,,,,2.0,,,,,,,,,,,,,,,,,,,,1.0,,,,,,,,,,,,,,,,,,,,,,,,2.0,,,,,,,,1.0,,,,,,,,,,,,,,None,None,,,,,,,,,,,,,,,,,,,,,,,,,,,,,,,,,,,,
7,EUW1_5972281342,TFT6_Augment_CalculatedLoss,TFT7_Augment_FirstAidKit2,TFT6_Augment_SecondWind2,,1.0,,1.0,,,,,0.0,,1.0,,,2.0,,1.0,,,,,,,,,,1.0,,0.0,,,,,,,,,,,,,,,,,,,,,,,,,,,,,,,,,,,,,,,,,,,,,,,,,,,,,,,,,,,,,,,,,,,,,2.0,,,,3.0,,,,,,,,,,,,,,,,,,,,,,,,,,,,2.0,,,,3.0,ArchangelsStaff,,,,,,,,,,,,,,,,,,,,,,,,,,,,,,,2.0,MadredsBloodrazor,RabadonsDeathcap,SpearOfShojin,,,,,,,,,,,,,,,,,,,,,,,,,,,,,,,,,,,,,2.0,GargoyleStoneplate,GargoyleStoneplate,,,,,,,,,,,,,,,,,,2.0,TrainerSnax,None,None,,,,,,,,,,,,,2.0,,,,,,,,,,,,,,,,,,,,,,,
5,EUW1_5972627538,TFT6_Augment_TomeOfTraits1,TFT6_Augment_ThrillOfTheHunt1,TFT7_Augment_AssassinEmblem,3.0,,1.0,0.0,,,1.0,,,,2.0,0.0,,,,0.0,0.0,,0.0,0.0,0.0,,,,,,,2.0,,,,,,,,,,,,,,,,,,,,,1.0,,,,,,,,,,,,2.0,WarmogsArmor,Redemption,,,,,,,,,,,,,,2.0,AssassinEmblemItem,,,,,,,,,,,,,,,,,,,,,,,,,,,,,,,,,,,2.0,LocketOfTheIronSolari,PowerGauntlet,,,,,,,,,,,,,,,,,,,,,,2.0,AssassinEmblemItem,Redemption,,,,,,,,,,,,,,,,,,2.0,RabadonsDeathcap,,,,,,,,,,,,,,,,,,,,,,,,,,,,,,,,,,,,,,,,,,,,,,,,,,,,,,,2.0,GuardianAngel,InfinityEdge,Quicksilver,,,,,,,,,,,None,None,,,,,,,,,,,,,,,,,,,,,,,,,,,,,,,,,,,,
8,EUW1_5972627538,TFT6_Augment_CyberneticShell2,TFT6_Augment_Recombobulator,TFT6_Augment_PortableForge,0.0,,,0.0,,1.0,1.0,,,,1.0,,0.0,,2.0,,,,,,,,,,1.0,,0.0,,,,,,,,,,,,,,,,,,,,,,,,,,,,,,,,,,,,,,2.0,MadredsBloodrazor,InfinityEdge,JeweledGauntlet,,,,,,,,,,,,,,,,,,,,,,,,,,,,,,,,,,,,,,,,,,,,,,,,,,,,,,,,,,,,,,,,,,,,,,,,,,,,,2.0,FrozenHeart,OrnnDeathsDefiance,TitansResolve,,,,,2.0,BFSword,,,,,,,2.0,,,,,,,,1.0,,,,,,,,,,,,,,,,,,,,,,,,,,,,,,,,,,,,,,,,,,,,,,,,,,,,,,,,,,None,None,,,,,,,,,,,,,,,,,,,,,,,,,,,,,2.0,Chalice,,,,,,
1,EUW1_5972627538,TFT7_Augment_MageConference,TFT7_Augment_MageTrait,TFT7_Augment_MikaelsGift,,1.0,,1.0,,,,,0.0,,1.0,0.0,,3.0,,1.0,,,,,0.0,1.0,1.0,,,1.0,,0.0,,,,,,,,,,,,,,,,,,,,,,,,,,,,,,,,,,,,,,,,,,,,,,,,,,,,,,,,,,,,,,,,,,,,,3.0,LocketOfTheIronSolari,Deathblade,,3.0,GargoyleStoneplate,,,,,,,,,,,,,,,,,,,,,,,,,,,2.0,,,,3.0,StatikkShiv,SpearOfShojin,SpearOfShojin,,,,,,,,,,,,,,,,,,,,,,,,,,,,,2.0,,,,,,,,,,,,,,,,,,,,,,,,,,,,,,,,2.0,,,,,,,,2.0,GargoyleStoneplate,RedBuff,WarmogsArmor,,,,,,,,,,,,,,,,,4.0,TrainerSnax,None,None,,,,,,,,,,,,,3.0,,,,,,,,,,,,,,,,,,,,2.0,LocketOfTheIronSolari,SpearOfShojin,TitansResolve
4,EUW1_5972627538,TFT7_Augment_GuildEmblem,TFT6_Augment_Weakspot,TFT6_Augment_ComponentGrabBag,1.0,,,0.0,,1.0,,0.0,,,4.0,,,,0.0,,1.0,,,,,,,1.0,0.0,,1.0,,,,,,,,,,,,,,,,,,,,,,,,,,,,,,,,,,,,,,,,,,,,,,,,,,,,,,,,,,,,,,,,,,2.0,SeraphsEmbrace,Morellonomicon,Redemption,,,,,,,,,,,,,,,,,,,,,,,,,,,,,,,,,,,,,,,,,,,,,,,,,,,,,,,,,,,,,,,,,2.0,,,,,,,,2.0,,,,,,,,,,,,2.0,,,,,,,,,,,,,,,,,,,,,,,,,,,,,,,,2.0,Quicksilver,RunaansHurricane,,,,,,,,,,,,None,None,,,,,2.0,,,,,,,,,,,,,,,,2.0,MadredsBloodrazor,GuildEmblemItem,UnstableConcoction,1.0,IonicSpark,DragonsClaw,Redemption,,,,,,,,
6,EUW1_5972627538,TFT6_Augment_MetabolicAccelerator,TFT7_Augment_BestFriends1,TFT6_Augment_SecondWind2,,,,1.0,,,1.0,,,1.0,,1.0,,0.0,,,,,,1.0,,,1.0,,,,,3.0,,,,,,,,,,,,,,,,,,,,,,,,,,,,,,,,,,,,,,,,,,,,,,,,,2.0,GuinsoosRageblade,InfinityEdge,JeweledGauntlet,2.0,GuinsoosRageblade,Quicksilver,ArchangelsStaff,,,,,,,,,,,,,,,,,,,,,,,,,,,,,,,,,,,,,,,,,,,,,,,,,,,,,1.0,RedBuff,IonicSpark,,,,,,,,,,,,,,,,,,,,,,,,,,,,,,,,,,,,,,,,,,,,,,,,,,,,,,,,,,1.0,,,,,,,,3.0,,,,,,,,,,,,2.0,ForceOfNature,,,2.0,,,,,,None,None,,,,,,,,,,,,,,,,,,,,,,,,,,,,,,,,,,,,
3,EUW1_5972627538,TFT6_Augment_SecondWind2,TFT7_Augment_SwiftshotTrait,TFT6_Augment_ComponentGrabBag,0.0,,,1.0,,1.0,,,,,3.0,,0.0,,,,1.0,,,,,,,2.0,1.0,,0.0,,,,,,,,,,,,,,,,,,,,,,,,,,,,,,,,,,,,,,,,,,,,,,,,,,,,,,,,,,2.0,HextechGunblade,,,,,,,2.0,GiantsBelt,Morellonomicon,,,,,,,,,,,,,,,,,,,,,,,,,,,,,,,,,,,,,,,,,,,,,,,,,,,,,,,,,,2.0,WarmogsArmor,DragonsClaw,JeweledGauntlet,,,,,,,,,,,,,2.0,,,,,,,,,,,,2.0,,,,,,,,,,,,,,,,,,,,,,,,,,,,,,,,2.0,RunaansHurricane,InfinityEdge,UnstableConcoction,,,,,,,,,,,None,None,,,,,2.0,,,,,,,,,,,,,,,,2.0,Quicksilver,MadredsBloodrazor,RapidFireCannon,,,,,,,,,,,,
2,EUW1_5972627538,TFT6_Augment_TradeSector,TFT6_Augment_SecondWind1,TFT6_Augment_ComponentGrabBag,,,1.0,0.0,,,,2.0,,,1.0,1.0,0.0,,0.0,0.0,0.0,,,1.0,0.0,,,0.0,1.0,,0.0,,,,,,,,,,,,,,2.0,,,,,,,,1.0,Chalice,,,,,,,,,,,,,,,,,,,,,,,,,,,,,,,,,,,,,,,,,,,,,,,,,,,,,,,,,,,2.0,,,,,,,,3.0,Bloodthirster,InfinityEdge,JeweledGauntlet,,,,,,,,,,,,,,,,,2.0,GargoyleStoneplate,FrozenHeart,TitansResolve,,,,,,,,,,,,,2.0,Redemption,GargoyleStoneplate,,,,,,,,,,,,,,,,,,,,,,,,,,,,,,,,,,,,,,,,,,,,,,2.0,InfinityEdge,MadredsBloodrazor,HextechGunblade,,,,,,,,,,,,,,,,,,,,,,,None,None,,,,,,,,,,,,,,,,,2.0,Shroud,,,,,,,2.0,,,,,,,,,,,
7,EUW1_5972627538,TFT7_Augment_GuardianHeroicPresence,TFT7_Augment_BandOfThieves1,TFT7_Augment_FirstAidKit2,,,,,,,1.0,,1.0,2.0,,2.0,0.0,,,1.0,,,0.0,0.0,,,,,,0.0,,0.0,,,,,2.0,ArchangelsStaff,SpearOfShojin,MadredsBloodrazor,,,,,,,,,,,,,,,,,2.0,ThiefsGloves,StatikkShiv,RabadonsDeathcap,,,,,,,,,,,,,,,,,2.0,RedBuff,GuinsoosRageblade,,,,,,,,,,,,,,,,,,,,,,,,,,,,,,,,,,,,,,,,,,,,,,,,,,,,,,2.0,,,,,,,,1.0,GargoyleStoneplate,GuardianEmblemItem,WarmogsArmor,,,,,,,,,,,,,,,,,,,,,,,,,,,,,,,,,,,,,,,,,,,,,,,,,,,,,,,,,,,,,,,,,,,,,,,,,,,,,2.0,,,,1.0,,,,,,None,None,,,,,,,,,,,,,,,,,,,,,,,,,,,,,,,,,,,,
4,EUW1_5972813366,TFT7_Augment_RagewingEmblem2,TFT6_Augment_TinyTitans,TFT6_Augment_PortableForge,,,,,,,,2.0,,,,1.0,0.0,0.0,,,1.0,,,1.0,1.0,1.0,,0.0,0.0,,,,,,,,,,,,,,,,2.0,,,,,,,,,,,,,,,,,,,,,,,,,,,,,,,,,,,,,,,,,,,,,,,,,,,,,,,,,,,,,,,,,,,,2.0,PowerGauntlet,,,,,,,3.0,DragonsClaw,MadredsBloodrazor,ShimmerscaleHeartOfGold,,,,,,,,,,,,,,,,,2.0,IonicSpark,TitanicHydra,OrnnEternalWinter,,,,,,,,,,,,,,,,,,,,,,,,,,,,,,,,,,,,,2.0,ShimmerscaleEmblemItem,,,,,,,,,,,,,,,,,,,,,,,3.0,GuinsoosRageblade,MadredsBloodrazor,MadredsBloodrazor,,,,,,,,,,,,,,,,,,,,,,,None,None,,,,,,,,,,,,,,,,,2.0,RagewingEmblemItem,PowerGauntlet,WarmogsArmor,,,,,,,,,,,,,1.0,,,
3,EUW1_5972813366,TFT7_Augment_MirageEmblem2,TFT6_Augment_CyberneticUplink1,TFT7_Augment_PandorasBench,0.0,,,,,1.0,1.0,0.0,,0.0,1.0,,,,4.0,,0.0,,,,,,,,,,1.0,,,,,,,,,,,,,,,,,,,,,,,,,,,,,,,,,,,,,,2.0,ArchangelsStaff,UnstableConcoction,MadredsBloodrazor,,,,,,,,,,,,,,,,,,,,,,,,,2.0,ChainVest,MirageEmblemItem,,,,,,,,,,,,,,,,,,,,,,,,,,2.0,ThiefsGloves,WarmogsArmor,InfinityEdge,,,,,,,,,,,,,,,,,,,,,3.0,RedBuff,WarmogsArmor,IonicSpark,,,,,,,,,,,,,,,,,,,,,,,,,,,,,,,,,,,,,,,,,,,,,,,,,,,,,,,,,,,,,,,,,2.0,RunaansHurricane,MadredsBloodrazor,Zephyr,,,,,,,,,,,None,None,,,,,,,,,,,,,,,,,,,,,,,,,1.0,Quicksilver,,,1.0,,,,,,,
6,EUW1_5972813366,TFT7_Augment_ThinkFast,TFT7_Augment_AxiomArc1,TFT6_Augment_TomeOfTraits1,,,,,,,,2.0,,1.0,,1.0,0.0,,1.0,,0.0,,,0.0,0.0,,,0.0,0.0,,0.0,,,,,,,,,,,,,,2.0,StatikkShiv,,,,,,,,,,,,,,,,,,,,,,,,,,,,,,,,,,,,,,,,,,,,,,,,,,,,,,,,,,,,,,,,,,,3.0,SeraphsEmbrace,JeweledGauntlet,JeweledGauntlet,,,,,2.0,,,,3.0,GargoyleStoneplate,DragonsClaw,RedBuff,,,,,,,,,,,,,,,,,,,,,,,,,,,,,,,,,,,,,,,,,,,,,,,,,,,,,,,,,,,,,,,,,,,,,,,,,,,,,1.0,,,,,,,,,,,,,,,,3.0,MirageEmblemItem,,,,,,,,,None,None,,,,,,,,,,,,,,,,,2.0,,,,,,,,1.0,Quicksilver,,,,,,,,,,
2,EUW1_5972813366,TFT6_Augment_CyberneticImplants3,TFT6_Augment_SecondWind1,TFT6_Augment_SunfireBoard,1.0,1.0,1.0,1.0,,,,0.0,,,3.0,,0.0,0.0,0.0,1.0,,,,,,,,1.0,1.0,,0.0,,,,,,,,,,,,,,,,,,,,,,1.0,,,,,,,,,,,,,,,,,,,,,,,,,,,,,,,,,,,,,,,,,,,,,,,,,,,,3.0,DragonsClaw,GargoyleStoneplate,WarmogsArmor,,,,,,,,,,,,,,,,,,,,,,,,,,,,,3.0,,,,,,,,,,,,,,,,,,,,2.0,GiantsBelt,,,,,,,2.0,,,,,,,,,,,,,,,,,,,,,,,,,,,,,,,,,,,,,,,,,,,,,,,,,,,,2.0,Quicksilver,InfinityEdge,RunaansHurricane,,,,,,,,,,,None,None,,,,,1.0,,,,3.0,Deathblade,GuinsoosRageblade,MadredsBloodrazor,,,,,,,,,,,,,2.0,Morellonomicon,,,,,,,,,,
8,EUW1_5972813366,TFT6_Augment_RadiantRelics,TFT6_Augment_CelestialBlessing1,TFT6_Augment_Diversify2,,,1.0,1.0,,0.0,1.0,,,0.0,2.0,,,,0.0,0.0,0.0,,0.0,,,,,,,,1.0,1.0,,,,,,,,,,,,,,,,,,,,,1.0,,,,,,,,,,,,,,,,,,,,,,,,,,,,1.0,InfinityEdgeRadiant,UnstableConcoction,Quicksilver,,,,,,,,,,,,,,,,,,,,,,,,,,,,,,,,,,,,,,,,,1.0,,,,,,,,,,,,,,,,,,,,,,,,,,,,2.0,Chalice,,,,,,,,,,,,,,,,,,,2.0,,,,,,,,,,,,2.0,RedBuff,GargoyleStoneplate,PowerGauntlet,,,,,,,,,,,,,,,,,,,,,,,,,,,,,,,,,,,,,,,,,,,None,None,,,,,,,,,,,,,,,,,,,,,,,,,,,,,,,,,,,,
1,EUW1_5972813366,TFT6_Augment_SlowAndSteady,TFT6_Augment_Meditation1,TFT6_Augment_Diversify2,0.0,0.0,1.0,1.0,,,,,1.0,,2.0,,,2.0,,2.0,,0.0,,,0.0,1.0,,,,0.0,,1.0,,,,,,,,,,,,,,,,,,,,,1.0,PowerGauntlet,Shroud,,,,,,,,,,,,,,,,,,,,,,,,,,,,,,,,,,,,,,,,,,,,,,,,,,3.0,,,,,,,,,,,,,,,,,,,,,,,,,,,,2.0,,,,3.0,,,,,,,,,,,,,,,,,,,,,,,,1.0,,,,,,,,3.0,ArchangelsStaff,SpearOfShojin,ArchangelsStaff,,,,,,,,,,,,,,,,,,,,,,,,,3.0,Chalice,MageEmblemItem,Chalice,,,,,,,,,3.0,RedBuff,GargoyleStoneplate,Shroud,,,,,,,,,,,,,,,,,,,None,None,,,,,,,,,,,,,,,,,,,,,,,,,,,,,,,,,1.0,,,
5,EUW1_5972813366,TFT7_Augment_MageEmblem2,TFT7_Augment_BandOfThieves1,TFT6_Augment_BlueBattery2,,,,1.0,,,,,1.0,,1.0,0.0,0.0,2.0,,0.0,,0.0,,,0.0,1.0,1.0,,0.0,1.0,,0.0,,,,,,,,,,,,,,,,,,,,,,,,,,,,,,,,,,,,,,,,,,,,,,,,,,,,,,,,,,,,,,,,,,,,,2.0,ThiefsGloves,RapidFireCannon,SpearOfShojin,,,,,,,,,,,,,,,,,,,,,,,,,,,,,2.0,MageEmblemItem,,,,,,,,,,,,,,,,,,,,,,,2.0,ThiefsGloves,UnstableConcoction,SpearOfShojin,,,,,,,,,2.0,SpearOfShojin,ArchangelsStaff,MadredsBloodrazor,,,,,,,,,,,,,,,,,,,,,,,,,2.0,Bloodthirster,StatikkShiv,GuinsoosRageblade,2.0,JeweledGauntlet,,,,,,,2.0,GargoyleStoneplate,WarmogsArmor,,,,,,,,,,,,,,,,,,2.0,TrainerSnax,None,None,,,,,,,,,,,,,,,,,,,,,,,,,,,,,,,,,1.0,,,
7,EUW1_5972813366,TFT6_Augment_CyberneticImplants3,TFT6_Augment_TinyTitans,TFT6_Augment_SecondWind2,1.0,,,2.0,,,1.0,,,,,,0.0,0.0,,,0.0,,,0.0,,,,,1.0,,0.0,3.0,,,,,,,,,,,,,,,,,,,,,,,,,,,,,,,,,,,,,,,,,,,,,,,,,2.0,LastWhisper,GuinsoosRageblade,UnstableConcoction,1.0,,,,,,,,,,,,,,,,,,,,,,,,,,,,,,,,,,,,,,,,,,,,,,,,,,,,,,,,,,,,,,,,,,,,,,,,2.0,BFSword,,,1.0,UnstableConcoction,GuardianAngel,,1.0,FrozenHeart,,,,,,,,,,,,,,,,,,,2.0,,,,,,,,,,,,,,,,,,,,,,,,2.0,,,,,,,,,,,,,,,,,,,,,,None,None,,,,,,,,,,,,,,,,,,,,,,,,,,,,,,,,,,,,
4,EUW1_5972909017,TFT7_Augment_CavalierTrait,TFT7_Augment_MageTrait,TFT7_Augment_ScalescornEmblem2,,,,1.0,,3.0,,,,,2.0,,,2.0,0.0,,,,2.0,,,,,,,0.0,0.0,0.0,,,,,,,,,,,,,,,,,,,,,,,,,,,,,,,,,,,,,,,,,,,,,,,,,,,,,,,,,,,,,,,,,,,,,1.0,,,,,,,,,,,,,,,,,,,,,,,,,,,,3.0,MadredsBloodrazor,Bloodthirster,ArchangelsStaff,,,,,,,,,,,,,,,,,3.0,TitansResolve,WarmogsArmor,ScalescornEmblemItem,2.0,ChainVest,TitansResolve,Quicksilver,,,,,,,,,,,,,2.0,ScalescornEmblemItem,StatikkShiv,ZekesHerald,2.0,,,,,,,,,,,,,,,,,,,,,,,,,,,,,,,,,,,,2.0,ThiefsGloves,TearOfTheGoddess,SeraphsEmbrace,,,,,,,,,,,,,,,,,,,None,None,,,,,,,,,,,,,,,,,,,,,,,,,,,,,,,,,,,,
2,EUW1_5972909017,TFT6_Augment_PandorasItems,TFT6_Augment_Diversify1,TFT7_Augment_BestFriends3,1.0,,,1.0,,1.0,1.0,,,,2.0,,0.0,,,,2.0,,,0.0,,,,1.0,1.0,,0.0,,,,,,,,,,,,,,,,,,,,,,,,,,,,,,,,,,,,,,,,,,,,,,,,,,,,,,,,,,,,,,,,,,2.0,IonicSpark,,,,,,,,,,,,,,,,,,,,,,,,,,,,,,,,,,,,,,,,,,,,,,,,,,,,,,,,,,,2.0,TitanicHydra,,,,,,,2.0,TitanicHydra,,,,,,,,,,,,,,,,,,,1.0,GiantsBelt,,,1.0,CavalierEmblemItem,MadredsBloodrazor,,,,,,,,,,,,,,,,,,,,,,,,,,2.0,MadredsBloodrazor,UnstableConcoction,LastWhisper,,,,,,,,,,,None,None,,,,,2.0,PowerGauntlet,ZekesHerald,,,,,,,,,,,,,,2.0,MadredsBloodrazor,GuinsoosRageblade,InfinityEdge,,,,,,,,,,,,
8,EUW1_5972909017,TFT6_Augment_Weakspot,TFT6_Augment_ThrillOfTheHunt1,TFT6_Augment_WindfallPlusPlus,,1.0,,2.0,,0.0,,,,,2.0,,,0.0,,,0.0,,,,,,,1.0,,,0.0,0.0,,,,,,,,,,,,,,,,,,,,,,,,,,,,,,,,,,,,,,,,,,,,,,,,,,,,,,,,,,,,,,,,,,,,,,,,,3.0,RedBuff,GiantsBelt,,,,,,,,,,,,,,,,,,,,,,,,,,,,,,,,,,,,,,,,,,,,,,,,,,,,,,,,,,,,,,,,,,1.0,,,,,,,,,,,,2.0,,,,,,,,2.0,,,,,,,,,,,,,,,,2.0,,,,,,,,,,,,,,,,,,,,,,None,None,,,,,2.0,,,,3.0,GuinsoosRageblade,MadredsBloodrazor,UnstableConcoction,,,,,,,,,,,,,,,,,,,,,,,,
6,EUW1_5972909017,TFT7_Augment_AFK,TFT6_Augment_TinyTitans,TFT6_Augment_CelestialBlessing3,1.0,,,1.0,,2.0,,,,,3.0,,0.0,,,,1.0,,,,,,,1.0,1.0,,0.0,,,,,,,,,,,,,,,,,,,,,,,,,,,,,,,,,,,,,,,,,,,,,,,,,,,,,,,,,,,,,,,,,,2.0,,,,,,,,,,,,,,,,,,,,,,,,,,,,,,,,,,,,,,,,,,,,,,,,,,,,,,,,,,,,2.0,IonicSpark,,,,,,,2.0,,,,,,,,2.0,,,,,,,,,,,,1.0,,,,,,,,,,,,,,,,,,,,,,,,,,,,,,,,2.0,CavalierEmblemItem,FrozenHeart,InfinityEdge,,,,,,,,,,,None,None,,,,,2.0,,,,,,,,,,,,,,,,2.0,UnstableConcoction,MadredsBloodrazor,Deathblade,,,,,,,,,,,,
3,EUW1_5972909017,TFT7_Augment_AFK,TFT6_Augment_ThrillOfTheHunt1,TFT7_Augment_WarriorEmblem2,1.0,,,1.0,,0.0,,0.0,,0.0,,,0.0,0.0,1.0,,,,2.0,,,,,,1.0,,2.0,,,,,,,,,,,,,,,,,,,,,,,,,,2.0,Shroud,,,,,,,2.0,WarriorEmblemItem,RunaansHurricane,,,,,,,,,,,,,,,,,,,,,,,,,,,,,,,,,,,,,,,,,,,,,,,,,,,,,,,,,,,,,,1.0,,,,,,,,,,,,,,,,,,,,,,,,2.0,Quicksilver,RunaansHurricane,MadredsBloodrazor,1.0,Morellonomicon,,,,,,,2.0,FrozenHeart,,,,,,,,,,,,,,,,,,,,,,,,,,,,,,,,,,,,,,,,,,,,,,,,,,,,,,,,,,,,,,,,,None,None,,,,,,,,,,,,,,,,,,,,,,,,,2.0,GuardianAngel,HextechGunblade,Morellonomicon,2.0,Zephyr,,,,,,
1,EUW1_5972909017,TFT7_Augment_BandOfThieves1,TFT6_Augment_ItemGrabBag1,TFT7_Augment_BestFriends3,,1.0,1.0,1.0,,,,,0.0,,2.0,,,2.0,,2.0,,,,,,,,,,1.0,,0.0,,,,,,,,,,,,,,,,,,,,,2.0,MageEmblemItem,Shroud,,,,,,,,,,,,,,,,,,,,,,,,,,,,,,,,,,,,,,,,,,,,,,2.0,,,,3.0,ThiefsGloves,StatikkShiv,RabadonsDeathcap,,,,,,,,,,,,,,,,,,,,,,,,,2.0,ZekesHerald,ZekesHerald,ZekesHerald,3.0,JeweledGauntlet,InfinityEdge,StatikkShiv,,,,,,,,,,,,,,,,,,,,,,,,,,,,,3.0,ArchangelsStaff,HextechGunblade,SpearOfShojin,,,,,,,,,,,,,,,,,,,,,,,,,,,,,,,,,,,,,3.0,WarmogsArmor,GargoyleStoneplate,Zephyr,,,,,,,,,,,,,,,,,4.0,TrainerSnax,None,None,,,,,,,,,,,,,2.0,,,,,,,,,,,,,,,,,,,,,,,
5,EUW1_5972909017,TFT6_Augment_CyberneticShell1,TFT6_Augment_SecondWind1,TFT6_Augment_CyberneticShell3,0.0,,,,,,,2.0,0.0,,,1.0,,,0.0,,1.0,0.0,,1.0,0.0,,,0.0,,,0.0,,,,,,,,,,,,,,2.0,,,,,,,,,,,,,,,,,,,,,,,,,,,,,,,,,,,,,,,,,,,,,,,,,,,,,,,,,,,,,,,,,,,,2.0,NegatronCloak,,,1.0,DragonmancerEmblemItem,,,,,,,,,,,,,,,,,,,,,,,1.0,GargoyleStoneplate,,,,,,,,,,,,,,,,,,,,,,,,,,,,,,,,,,,,,,,2.0,GiantsBelt,,,,,,,,,,,,,,,1.0,,,,,,,,3.0,GuinsoosRageblade,StatikkShiv,ArchangelsStaff,,,,,,,,,,,,,,,,,,,,,,,None,None,,,,,,,,,,,,,,,,,,,,,,,,,1.0,SeraphsEmbrace,,,,,,,,,,
7,EUW1_5972909017,TFT6_Augment_Distancing,TFT6_Augment_LudensEcho1,TFT6_Augment_WindfallPlusPlus,,,,2.0,,,1.0,,,0.0,,0.0,0.0,0.0,,,0.0,,,0.0,,,1.0,,0.0,,0.0,3.0,,,,,,,,,,,,,,,,,,,,,,,,,,,,,,,,,,,,,,,,,,,,,,,,,1.0,GuinsoosRageblade,Bloodthirster,Quicksilver,1.0,,,,,,,,,,,,,,,,,,,,,,,,,,,,,,,,,,,,,,,,,,,,,,,,,,,,,,,,,,,,,,,,,,,,,,,,2.0,Shroud,,,,,,,,,,,,,,,,,,,,,,,,,,,1.0,,,,,,,,,,,,,,,,2.0,RecurveBow,,,,,,,2.0,WarmogsArmor,RedBuff,,,,,,,,,,,,,,2.0,ThiefsGloves,ArchangelsStaff,Morellonomicon,,,None,None,,,,,,,,,,,,,,,,,,,,,,,,,,,,,,,,,,,,
2,EUW1_5972106187,TFT7_Augment_GadgetExpert,TFT6_Augment_ThrillOfTheHunt1,TFT6_Augment_CyberneticImplants3,,,1.0,1.0,0.0,,1.0,,1.0,,1.0,,,1.0,,1.0,,1.0,,,0.0,1.0,,,,1.0,,2.0,,,,,,,,,,,,,,,,,,,,,2.0,Quicksilver,,,,,,,2.0,Deathblade,StatikkShiv,GuinsoosRageblade,,,,,,,,,,,,,,,,,2.0,RedBuff,UnstableConcoction,Quicksilver,,,,,,,,,,,,,,,,,1.0,,,,,,,,,,,,,,,,,,,,,,,,,,,,,,,,2.0,ZekesHerald,,,,,,,,,,,,,,,,,,,,,,,,,,,,,,,,,,,,,,,,,,,,,,,,,,,,,,,,,,,,,,,2.0,Chalice,ArchangelsStaff,,,,,,,,,,2.0,ThiefsGloves,TitansResolve,MadredsBloodrazor,,,,,,,,,,,,,,,,,4.0,TrainerSnax,None,None,,,,,,,,,,,,,,,,,,,,,,,,,,,,,,,,,2.0,MadredsBloodrazor,,
6,EUW1_5972106187,TFT6_Augment_MetabolicAccelerator,TFT6_Augment_Featherweights1,TFT6_Augment_VerdantVeil,,0.0,,,,,1.0,,,0.0,,2.0,,,,0.0,,,,2.0,,,1.0,,,,,1.0,,,,,,,,,,,,,,,,,,,,,,,,,,,,,,,,,,,,,,,,,,,,,1.0,TitansResolve,,,,,,,2.0,,,,,,,,2.0,,,,,,,,,,,,,,,,,,,,,,,,,,,,,,,,,,,,,,,,,,,,,,,,1.0,RedBuff,TitanicHydra,TitanicHydra,3.0,MadredsBloodrazor,GuinsoosRageblade,InfinityEdge,,,,,,,,,,,,,,,,,,,,,,,,,,,,,,,,,,,,,,,,,,,,,,,,,,,,,1.0,,,,,,,,,,,,,,,,,,,,,,,,2.0,,,,,,None,None,,,,,,,,,,,,,,,,,,,,,,,,,,,,,,,,,,,,
3,EUW1_5972106187,TFT6_Augment_TradeSector,TFT7_Augment_Preparation,TFT6_Augment_RadiantRelics,,1.0,,1.0,,,1.0,,0.0,,,,,1.0,,1.0,,,,,,,,,1.0,1.0,,0.0,,,,,,,,,1.0,QuicksilverRadiant,SpearOfShojin,ArchangelsStaff,,,,,,,,,,,,,,,,,,,,,,,,,,,,,,,,,,,,,,,,,,,,,,,,,,,,,,,,,2.0,,,,3.0,TitanicHydra,IonicSpark,,,,,,,,,,,,,,,,,,,,,,,,,,2.0,,,,3.0,ArchangelsStaff,NeedlesslyLargeRod,UnstableConcoction,,,,,,,,,,,,,,,,,,,,,,,,,,,,,,,,,,,,,,,,,,,,,,,,,,,,,,,,,,,,,,,,,,,,,2.0,TitanicHydra,Shroud,,,,,,,,,,,,,,,,,,3.0,TrainerSnax,None,None,,,,,,,,,,,,,3.0,TitanicHydra,,,,,,,,,,,,,,,,,,,,,,
5,EUW1_5972106187,TFT6_Augment_Distancing2,TFT6_Augment_ItemGrabBag1,TFT7_Augment_JadeTrait2,,,,,,,1.0,0.0,0.0,,,3.0,0.0,,,0.0,,,,1.0,,,1.0,0.0,,,,,,,,,2.0,SpearOfShojin,InfinityEdge,JeweledGauntlet,,,,,2.0,,,,,,,,,,,,,,,,,,,,,,,,,,,,,,,,2.0,DragonsClaw,TitansResolve,,,,,,,,,,,,,,2.0,ThiefsGloves,ArchangelsStaff,HextechGunblade,,,,,,,,,,,,,,,,,,,,,,,,,,,,,,,,,,,,,,,,,,,,,2.0,GargoyleStoneplate,RedBuff,Redemption,,,,,,,,,,,,,,,,,,,,,,,,,,,,,,,,,,,,,,,,,,,,,,,,,,,,,,,,,1.0,Chalice,,,,,,,,,,,,,,,,,,,,,,,,,,,,,None,None,,,,,,,,,,,,,,,,,,,,,,,,,,,,,,,,,,,,
7,EUW1_5972106187,TFT7_Augment_ScalescornEmblem,TFT6_Augment_Distancing,TFT6_Augment_CyberneticImplants3,1.0,,,2.0,,,,0.0,,,1.0,,0.0,0.0,1.0,,0.0,,1.0,,,,,,1.0,,2.0,0.0,,,,,,,,,,,,,,,,,,,,,,,,,,,,,,,,,,,,,,,,,,,,,,,,,,,,,,,,,,,,,,,,,,,,,,,,,,,,,,,,,,,,,,,,,,,,,,,,,,,,,,,,,,,,,,,,,,,,,,,,,3.0,GuinsoosRageblade,Bloodthirster,Quicksilver,1.0,RedBuff,,,,,,,2.0,FrozenHeart,,,,,,,,,,,,,,,,,,,2.0,ChainVest,,,,,,,,,,,,,,,,,,,,,,,1.0,,,,,,,,1.0,,,,,,,,,,,,,,None,None,,,,,,,,,,,,,,,,,,,,,,,,,1.0,InfinityEdge,ScalescornEmblemItem,TitansResolve,2.0,StatikkShiv,,,,,,
8,EUW1_5972106187,TFT6_Augment_TrueTwos,TFT6_Augment_Diversify1,TFT7_Augment_MageEmblem2,,1.0,,1.0,,,,,,,1.0,,,2.0,,0.0,,,,,,,,,,0.0,,0.0,,,,,,,,,,,,,,,,,,,,,,,,,,,,,,,,,,,,,,,,,,,,,,,,,,,,,,,,,,,,,,,,,,,,,2.0,,,,2.0,MageEmblemItem,,,,,,,,,,,,,,,,,,,,,,,,,,,,,,,3.0,SpearOfShojin,ArchangelsStaff,,,,,,,,,,,,,,,,,,,,,,,,,,,,,,2.0,SpearOfShojin,RabadonsDeathcap,,,,,,,,,,,,,,,,,,,,,,,,,,,,,,,,,,,,,,2.0,RedBuff,WarmogsArmor,DragonsClaw,,,,,,,,,,,,,,,,,,,None,None,,,,,,,,,,,,,2.0,,,,,,,,,,,,,,,,,,,,,,,
4,EUW1_5972106187,TFT6_Augment_CalculatedLoss,TFT6_Augment_Diversify1,TFT6_Augment_CyberneticUplink3,,,,,0.0,,1.0,,2.0,,,2.0,0.0,,,1.0,,1.0,,1.0,,,,,,0.0,,,,,,,2.0,,,,,,,,,,,,,,,,,,,,,,,,2.0,LastWhisper,MadredsBloodrazor,Quicksilver,,,,,,,,,,,,,2.0,EvokerEmblemItem,Bloodthirster,,,,,,,,,,,,,,2.0,,,,,,,,,,,,,,,,,,,,,,,,,,,,,,,,,,,,,,,,2.0,StatikkShiv,,,,,,,2.0,RedBuff,FrozenHeart,,,,,,,,,,,,,,,,,,,,,,,,,,,,,,,,,,,,,,,,,,,,,,,,,,,,,,1.0,ArchangelsStaff,,,,,,,,,,,,,,,,,,,,,,,,,,,,,,,,,None,None,,,,,,,,,,,,,,,,,,,,,,,,,,,,,,,,,,,,
1,EUW1_5972106187,TFT6_Augment_CyberneticShell2,TFT7_Augment_BandOfThieves1,TFT7_Augment_UrfsGrabBag2,,,,1.0,,0.0,1.0,0.0,,1.0,1.0,,0.0,1.0,3.0,,,,,,0.0,1.0,,,0.0,,0.0,0.0,,,,,,,,,,,,,,,,,,,,,,,,,,,,,,,,,,,,,2.0,UnstableConcoction,JeweledGauntlet,InfinityEdge,,,,,,,,,,,,,,,,,,,,,,,,,,,,,,,,,,,,,,,,,,,,,,,,,,,,,2.0,RedBuff,,,,,,,,,,,,,,,,,,,,,,,2.0,Shroud,GuardianAngel,,,,,,2.0,MirageEmblemItem,DragonsClaw,,,,,,,,,,1.0,GuardianEmblemItem,,,,,,,,,,,,,,,,,,,,,,,,,,,,,,,,,,,,,,,2.0,ThiefsGloves,Chalice,PowerGauntlet,,,,,,,,,,,,,,,,,,,None,None,,,,,,,,,,,,,,,,,,,,,,,,,1.0,MadredsBloodrazor,GuardianAngel,RedBuff,,,,,2.0,Chalice,Chalice,
3,EUW1_5972789540,TFT7_Augment_BestFriends3,TFT6_Augment_PandorasItems,TFT6_Augment_SalvageBin,1.0,,1.0,1.0,,1.0,,,,,4.0,,0.0,,,0.0,1.0,,,,,,,1.0,1.0,,0.0,,,,,,,,,,,,,,,,,,,,,,2.0,,,,,,,,,,,,,,,,,,,,,,,,,,,,,,,,,,,,,,,,,,,,2.0,RedBuff,SeraphsEmbrace,Shroud,,,,,,,,,,,,,,,,,,,,,,,,,,,,,,,,,,,,,,,,,,,,,,,,,,,,,,,,,2.0,ChainVest,,,,,,,2.0,FrozenHeart,,,,,,,1.0,Zephyr,,,,,,,,,,,2.0,Zephyr,,,,,,,,,,,,,,,,,,,,,,,,,,,,,,,2.0,GuardianAngel,LastWhisper,UnstableConcoction,,,,,,,,,,,None,None,,,,,2.0,,,,,,,,,,,,,,,,2.0,GuinsoosRageblade,UnstableConcoction,MadredsBloodrazor,,,,,,,,,,,,
5,EUW1_5972789540,TFT6_Augment_ItemGrabBag2,TFT7_Augment_BandOfThieves1,TFT7_Augment_RevelPartyFavors,,,1.0,,2.0,,1.0,,1.0,0.0,1.0,,,,,1.0,,2.0,,,1.0,,,,,1.0,,,,,,,,,,,,,,,,,,,,,,,1.0,,,,,,,,2.0,GuinsoosRageblade,MadredsBloodrazor,InfinityEdge,,,,,,,,,2.0,Redemption,WarmogsArmor,ArchangelsStaff,,,,,,,,,,,,,,,,,,,,,,,,,,,,,,,,,2.0,ThiefsGloves,StatikkShiv,RabadonsDeathcap,,,,,,,,,,,,,,,,,,,,,2.0,,,,,,,,,,,,,,,,,,,,,,,,,,,,,,,,,,,,,,,,,,,,,,,,,,,,,,,,,,,,,,,,2.0,ThiefsGloves,BFSword,RapidFireCannon,,,,,,,,,,,,,,,,,,,,,,,,,,,,,1.0,TrainerSnax,None,None,2.0,ZekesHerald,RunaansHurricane,ShimmerscaleGoldmancersStaff,,,,,,,,,,,,,,,,,,,,,,,,,,,,,,,,
4,EUW1_5972789540,TFT6_Augment_CyberneticShell3,TFT6_Augment_Distancing,TFT6_Augment_ComponentGrabBag,1.0,0.0,,2.0,,,1.0,,,,2.0,,0.0,0.0,,,,,,,,,,1.0,1.0,,,2.0,,,,,,,,,,,,,,,,,,,,,,,,,,,,,,,,,,,,,,,,,,,,,,,,,2.0,UnstableConcoction,,,,,,,,,,,,,,,,,,,,,,,3.0,WarmogsArmor,Morellonomicon,,,,,,,,,,,,,,,,,,,,,,,,,,,,,,,,,,,,,,,,,,,,,,,,,,1.0,Spatula,,,,,,,2.0,RunaansHurricane,,,,,,,,,,,,,,,,,,,,,,,,,,,,,,,,,,,,,,,,,,,2.0,ForceOfNature,,,,,,,1.0,Bloodthirster,,,,,,,,,,,,,None,None,,,,,1.0,,,,3.0,GuinsoosRageblade,Deathblade,MadredsBloodrazor,,,,,,,,,,,,,,,,,,,,,,,,
8,EUW1_5972789540,TFT7_Augment_TempestEmblem2,TFT6_Augment_SecondWind1,TFT6_Augment_PortableForge,0.0,,,,,,,1.0,,,,1.0,,,0.0,,0.0,,,1.0,,,,0.0,1.0,,0.0,,,,,,,,,,,,,,2.0,,,,,,,,,,,,,,,,,,,,,,,,,,,,,,,,,,,,,,,,,,,,,,,,,,,,,,,,,,,,,,,,,,,,2.0,TempestEmblemItem,,,,,,,,,,,,,,,,,,,,,,,,,,,2.0,Morellonomicon,GargoyleStoneplate,IonicSpark,,,,,,,,,,,,,,,,,,,,,1.0,,,,,,,,,,,,,,,,2.0,,,,,,,,,,,,,,,,,,,,,,,,1.0,GuinsoosRageblade,Quicksilver,MadredsBloodrazor,,,,,,,,,,,,,,,,,,,,,,,None,None,,,,,,,,,,,,,,,,,,,,,,,,,1.0,Bloodthirster,OrnnDeathsDefiance,UnstableConcoction,,,,,,,,
6,EUW1_5972789540,TFT6_Augment_Distancing3,TFT6_Augment_Diversify1,TFT7_Augment_SwiftshotPressTheAttack,,1.0,,1.0,,,,,,,2.0,,,1.0,,0.0,,,,,,,,1.0,,,,0.0,,,,,,,,,,,,,,,,,,,,,,,,,,,,,,,,,,,,,,,,,,,,,,,,,,,,,,,,,,,,,,,,,,,,,,,,,2.0,ThiefsGloves,GiantsBelt,Zephyr,,,,,,,,,,,,,,,,,,,,,,,,,,,,,3.0,,,,,,,,,,,,,,,,,,,,,,,,,,,,,,,,2.0,MadredsBloodrazor,,,,,,,,,,,,,,,,,,,,,,,,,,,,,,,,,,,,,,,2.0,DragonsClaw,,,,,,,,,,,,,,,,,,,,,None,None,,,,,2.0,,,,3.0,MadredsBloodrazor,GuinsoosRageblade,RunaansHurricane,,,,,,,,,,,,,,,,,,,,,,,,
1,EUW1_5972789540,TFT7_Augment_RevelEmblem2,TFT6_Augment_TinyTitans,TFT6_Augment_TargetDummies,,,,1.0,1.0,,1.0,0.0,1.0,,,,0.0,,2.0,0.0,,4.0,,,,,,,0.0,0.0,0.0,,,,,,,,,,,,,,,,,,,,,,,,,,,,,,2.0,SparringGloves,,,,,,,2.0,GuinsoosRageblade,RevelEmblemItem,StatikkShiv,,,,,,,,,,,,,,,,,,,,,,,,,,,,,,,,,,,,,2.0,,,,,,,,,,,,,,,,,,,,,,,,2.0,Zephyr,,,,,,,,,,,,,,,,,,,,,,,2.0,ThiefsGloves,Chalice,RabadonsDeathcap,,,,,,,,,,,,,,,,,,,,,,,,,,,,,,,,,,,,,2.0,SpearOfShojin,Chalice,SpearOfShojin,,,,,,,,,,,,,1.0,TitanicHydra,,,,,,,,,,,,,,,,,None,None,,,,,,,,,,,,,,,,,,,,,,,,,2.0,RedBuff,GargoyleStoneplate,MadredsBloodrazor,,,,,,,,
2,EUW1_5972789540,TFT7_Augment_MageEmblem2,TFT6_Augment_CyberneticUplink1,TFT6_Augment_PortableForge,,0.0,,1.0,,,1.0,,1.0,,1.0,,,2.0,,1.0,,,,,,,,,1.0,1.0,,0.0,,,,,,,,,1.0,SpearOfShojin,HextechGunblade,EvokerEmblemItem,,,,,,,,,,,,,,,,,,,,,,,,,,,,,,,,,,,,,,,,,,,,,,,,,,,,,,,,,2.0,GargoyleStoneplate,,,3.0,TitanicHydra,MageEmblemItem,IonicSpark,,,,,,,,,,,,,,,,,,,,,,,,,2.0,GuinsoosRageblade,,,3.0,StatikkShiv,SpearOfShojin,JeweledGauntlet,,,,,,,,,,,,,,,,,,,,,,,,,,,,,1.0,BrambleVest,,,,,,,,,,,,,,,,,,,,,,,,,,,,,,,,,,,,,,,2.0,OrnnAnimaVisage,GargoyleStoneplate,GargoyleStoneplate,,,,,,,,,,,,,,,,,4.0,TrainerSnax,None,None,,,,,,,,,,,,,,,,,,,,,,,,,,,,,,,,,,,,
7,EUW1_5972789540,TFT7_Augment_GuildEmblem2,TFT6_Augment_SecondWind1,TFT6_Augment_CyberneticShell2,0.0,,,0.0,,1.0,1.0,,,,4.0,,,,,,2.0,,,0.0,,,,1.0,,,0.0,,,,,,,,,,,,,,,,,,,,,,,,,,,,,,,,,,,,,,,,,,,,,,,,,,,,,,,,,,,,,,,,,,1.0,GuildEmblemItem,,,,,,,,,,,,,,,,,,,,,,,,,,,,,,,,,,,,,,,,,,,,,,,,,,,,,,,,,,,,,,,,,,,,,,,,,,,2.0,TitanicHydra,,,,,,,,,,,2.0,GiantsBelt,,,1.0,RedBuff,DragonsClaw,,,,,,,,,,,,,,,,,,,,,,,,,,2.0,FrozenHeart,,,,,,,,,,,,,None,None,,,,,2.0,,,,,,,,,,,,,,,,1.0,InfinityEdge,GuinsoosRageblade,MadredsBloodrazor,,,,,,,,,,,,
3,EUW1_5972678001,TFT7_Augment_BestFriends1,TFT6_Augment_Meditation1,TFT7_Augment_BestFriends2,,,1.0,,1.0,,1.0,,1.0,0.0,1.0,,,0.0,,1.0,,2.0,,,1.0,,,,,2.0,,,,,,,,,,,,,,,,,,,,,,,1.0,,,,,,,,2.0,GuinsoosRageblade,LastWhisper,UnstableConcoction,,,,,,,,,2.0,ShimmerscaleMogulsMail,RedBuff,Shroud,,,,,,,,,,,,,,,,,,,,,,,,,2.0,,,,,,,,,,,,,,,,,,,,,,,,,,,,,,,,2.0,RedBuff,RevelEmblemItem,,,,,,,,,,,,,,,,,,,,,,,,,,,,,,,,,,,,,,,,,,,,,,,,,,,,,,,,,,,,,,2.0,,,,,,,,,,,,,,,,,,,,,,,,,,,,,,,,4.0,TrainerSnax,None,None,2.0,Quicksilver,HextechGunblade,SeraphsEmbrace,,,,,,,,,,,,,,,,,,,,,,,,,,,,,,,,
8,EUW1_5972678001,TFT7_Augment_AFK,TFT6_Augment_SecondWind1,TFT6_Augment_PortableForge,1.0,,,,,,1.0,0.0,,,1.0,2.0,,,,0.0,,,,1.0,,,,0.0,0.0,,,,,,,,,,,,,,,,2.0,,,,,,,,,,,,,,,,,,,,,,,,,,,,,,,,2.0,UnstableConcoction,Bloodthirster,TitansResolve,,,,,,,,,,,,,1.0,,,,,,,,,,,,,,,,,,,,,,,,,,,,,,,,,,,,,,,,,,,,,,,,2.0,RedBuff,OrnnRocketPropelledFist,TearOfTheGoddess,,,,,,,,,,,,,,,,,,,,,2.0,,,,,,,,,,,,,,,,,,,,,,,,,,,,,,,,,,,,,,,,,,,,,,,,,,,,1.0,ChainVest,,,,,,,,,,,,,None,None,,,,,,,,,,,,,,,,,,,,,,,,,,,,,,,,,,,,
6,EUW1_5972678001,TFT6_Augment_PandorasItems,TFT6_Augment_TinyTitans,TFT7_Augment_GadgetExpert,,,,,,,,2.0,,1.0,,1.0,0.0,,0.0,,0.0,,,0.0,0.0,,,0.0,0.0,,,,,,,,,,,,,,,,2.0,StatikkShiv,RecurveBow,,,,,,,,,,,,,,,,,,,,,,,,,,,,,,,,,,,,,,,,,,,,,,,,,,,,,,,,,,,,,,,,,,3.0,InfinityEdge,JeweledGauntlet,SeraphsEmbrace,,,,,1.0,Chalice,,,3.0,RedBuff,GargoyleStoneplate,DragonsClaw,,,,,,,,,,,,,,,,,,,,,,,,,,,,,,,,,,,,,,,,,,,,,,,,,,,,,2.0,,,,,,,,,,,,,,,,,,,,,,,,2.0,,,,,,,,,,,,,,,,3.0,RedBuff,,,,,,,,,None,None,,,,,,,,,,,,,,,,,1.0,,,,,,,,,,,,,,,,,,,
2,EUW1_5972678001,TFT6_Augment_LudensEcho1,TFT6_Augment_Electrocharge1,TFT7_Augment_UrfsGrabBag1,,,,1.0,0.0,0.0,1.0,,1.0,,1.0,,,2.0,,0.0,,1.0,,,0.0,1.0,,,,1.0,,2.0,,,,,,,,,,,,,,,,,,,,,,,,,,,,,2.0,InfinityEdge,MageEmblemItem,MadredsBloodrazor,,,,,,,,,,,,,,,,,2.0,Redemption,RedBuff,LastWhisper,,,,,,,,,,,,,,,,,2.0,PowerGauntlet,,,,,,,,,,,,,,,,,,,,,,,,,,,,,,,2.0,,,,,,,,,,,,,,,,,,,,,,,,,,,,,,,,,,,,,,,,1.0,,,,,,,,,,,,,,,,,,,,,,,,2.0,MageEmblemItem,SpearOfShojin,Morellonomicon,,,,,,,,,2.0,SparringGloves,GuardianAngel,,,,,,,,,,,,,,,,,,4.0,TrainerSnax,None,None,,,,,,,,,,,,,,,,,,,,,,,,,,,,,,,,,1.0,,,
1,EUW1_5972678001,TFT7_Augment_BandOfThieves1,TFT6_Augment_PandorasItems,TFT6_Augment_SecondWind2,1.0,1.0,1.0,1.0,,,,,,,4.0,,0.0,0.0,,1.0,,,,,,,,1.0,1.0,,,,,,,,,,,,,,,,,,,,,,,,1.0,,,,,,,,,,,,,,,,,,,,,,,,,,,,,,,,,,,,,,,,,,,,,,,,,,,,3.0,WarmogsArmor,Redemption,RedBuff,,,,,,,,,,,,,,,,,,,,,,,,,,,,,3.0,StatikkShiv,TitansResolve,GuinsoosRageblade,,,,,,,,,,,,,,,,,2.0,ThiefsGloves,Chalice,RabadonsDeathcap,,,,,2.0,,,,2.0,,,,,,,,,,,,,,,,,,,,,,,,,,,,,,,,,,,,,,,,,,,,,,,,2.0,Bloodthirster,GuardianAngel,InfinityEdge,,,,,,,,,,,None,None,,,,,2.0,,,,3.0,Quicksilver,MadredsBloodrazor,GuinsoosRageblade,,,,,,,,,,,,,,,,,,,,,,,,
5,EUW1_5972678001,TFT6_Augment_Weakspot,TFT6_Augment_Diversify1,TFT6_Augment_SalvageBin,1.0,,,1.0,,,1.0,,,,2.0,0.0,,0.0,,,,,,1.0,,,,,,,,3.0,,,,,,,,,,,,,,,,,,,,,,,,,,,,,,,,,,,,,,,,,,,,,,,,,2.0,GiantsBelt,,,3.0,Quicksilver,Bloodthirster,GuinsoosRageblade,,,,,,,,,,,,,,,,,,,,,,,,,,,,,,,,,,,,,,,,,,,,,,,,,,,,,2.0,WarmogsArmor,GargoyleStoneplate,,,,,,,,,,,,,,,,,,1.0,WarmogsArmor,HextechGunblade,,,,,,1.0,,,,,,,,,,,,,,,,,,,,,,,,,,,,,,,,,,,,,,,,1.0,LocketOfTheIronSolari,,,,,,,2.0,UnstableConcoction,Zephyr,,,,,,,,,,,,None,None,,,,,,,,,,,,,,,,,,,,,,,,,,,,,,,,,,,,
4,EUW1_5972678001,TFT7_Augment_MysticTrait,TFT6_Augment_LudensEcho1,TFT6_Augment_ThrillOfTheHunt2,,1.0,1.0,1.0,,,,,0.0,,2.0,,,1.0,,3.0,,,,,,,,1.0,,1.0,,0.0,,,,,,,,,,,,,,,,,,,,,2.0,,,,,,,,,,,,,,,,,,,,,,,,,,,,,,,,,,,,,,,,,,,,,,,,1.0,,,,3.0,Morellonomicon,Zephyr,,,,,,,,,,,,,,,,,,,,,,,,,,2.0,,,,3.0,MadredsBloodrazor,GuinsoosRageblade,SpearOfShojin,,,,,,,,,,,,,,,,,,,,,,,,,,,,,,,,,,,,,,,,,,,,,,,,,,,,,,,,,,,,,,,,,,,,,2.0,ThiefsGloves,RecurveBow,StatikkShiv,,,,,,,,,,,,,,,,,2.0,TrainerSnax,None,None,,,,,2.0,,,,3.0,RunaansHurricane,GuinsoosRageblade,InfinityEdge,,,,,,,,,,,,,,,,,,,,,,,,
7,EUW1_5972678001,TFT7_Augment_MysticTrait,TFT7_Augment_BandOfThieves1,TFT6_Augment_ThrillOfTheHunt2,,1.0,,1.0,,,,,,,1.0,,,2.0,,1.0,,,,,,,,,,0.0,,0.0,,,,,,,,,,,,,,,,,,,,,,,,,,,,,,,,,,,,,,,,,,,,,,,,,,,,,,,,,,,,,,,,,,,,,2.0,,,,2.0,ThiefsGloves,RunaansHurricane,ArchangelsStaff,,,,,,,,,,,,,,,,,,,,,,,,,,,,,3.0,Chalice,SpearOfShojin,,,,,,,,,,,,,,,,,,,,,,,,,,,,,,2.0,JeweledGauntlet,SpearOfShojin,MadredsBloodrazor,,,,,,,,,,,,,,,,,,,,,,,,,,,,,,,,,,,,,2.0,TitanicHydra,FrozenHeart,,,,,,,,,,,,,,,,,,,,None,None,,,,,,,,,,,,,3.0,,,,,,,,,,,,,,,,,,,,,,,
1,EUW1_5972878012,TFT6_Augment_ClearMind,TFT7_Augment_GadgetExpert,TFT6_Augment_CyberneticImplants2,,,,,,,,0.0,0.0,,1.0,1.0,,1.0,0.0,0.0,,,,0.0,0.0,1.0,1.0,,,1.0,0.0,,,,,,,,,,,,,,,,,,,,,,,,,,,,,,,,,,,,,,,,,,,,,,,,,,,,,,,,,,,,,,,,,,,,,,2.0,,,,,,,,,,,,,,,,,,,,,,,,,,,,,,,,2.0,,,,,,,,2.0,TitansResolve,RedBuff,,,,,,,,,,,,,,,,,,,,,,,,,,1.0,GuinsoosRageblade,,,,,,,,,,,,,,,,,,,,,,,,,,,,,,,3.0,StatikkShiv,SpearOfShojin,JeweledGauntlet,,,,,,,,,,,,,,,,,,,,,,,,,4.0,TrainerSnax,None,None,,,,,,,,,,,,,,,,,,,,,,,,,2.0,RunaansHurricane,TitansResolve,,,,,,2.0,JadeEmblemItem,,
6,EUW1_5972878012,TFT7_Augment_ClutteredMind,TFT6_Augment_Ascension,TFT6_Augment_Meditation2,,,1.0,1.0,,,1.0,,0.0,,1.0,,0.0,1.0,,1.0,,,,,0.0,1.0,,,2.0,1.0,,0.0,,,,,,,,,1.0,SpearOfShojin,Quicksilver,MadredsBloodrazor,,,,,,,,,1.0,,,,,,,,,,,,,,,,,,,,,,,,,,,,,,,,,,,,,,,,,,,,,,,,2.0,,,,,,,,,,,,,,,,,,,,,,,,,,,,,,,,2.0,,,,,,,,,,,,,,,,,,,,,,,,1.0,,,,,,,,,,,,,,,,,,,,,,,,,,,,,,,,,,,,,,,,,,,,,,,,,,,,1.0,RedBuff,TitanicHydra,TitansResolve,,,,,,,,,,,,,,,,,2.0,TrainerSnax,None,None,,,,,,,,,,,,,,,,,,,,,,,,,,,,,,,,,1.0,,,
4,EUW1_5972878012,TFT6_Augment_Ascension,TFT7_Augment_MageConference,TFT6_Augment_CyberneticUplink2,,1.0,1.0,1.0,,,,,0.0,,2.0,,,2.0,,3.0,,,,,,,,,,1.0,,0.0,,,,,,,,,,,,,,,,,,,,,1.0,,,,,,,,,,,,,,,,,,,,,,,,,,,,,,,,,,,,,,,,,,,,,,,,2.0,MysticEmblemItem,,,2.0,MageEmblemItem,,,,,,,,,,,,,,,,,,,,,,,,,,,1.0,,,,3.0,StatikkShiv,RabadonsDeathcap,,,,,,,,,,,,,,,,,,,,,,,,,,,,,,2.0,RabadonsDeathcap,SpearOfShojin,Quicksilver,,,,,,,,,,,,,,,,,,,,,,,,,,,,,,,,,,,,,2.0,Zephyr,,,,,,,,,,,,,,,,,,,1.0,TrainerSnax,None,None,,,,,,,,,,,,,3.0,,,,,,,,,,,,,,,,,,,,,,,
8,EUW1_5972878012,TFT7_Augment_ClutteredMind,TFT6_Augment_Electrocharge2,TFT6_Augment_CyberneticShell2,0.0,,,,,0.0,1.0,0.0,,0.0,1.0,,0.0,,,,1.0,,,,3.0,,,1.0,,,0.0,,1.0,,,,,,,,,,,,,,,,,,,,,,,,,,,,,,,,,,,,,,,,2.0,ShimmerscaleMogulsMail,RedBuff,DragonsClaw,,,,,,,,,,,,,,,,,,,,,1.0,ChainVest,,,,,,,,,,,,,,,,,,,2.0,ThiefsGloves,Morellonomicon,IonicSpark,,,,,,,,,,,,,,,,,,,,,,,,,,,,,,,,,,,,,,,,,,,,,,,,,,,,,,,,,,,,,,,,,,,,,,,,,,,,,,,,,,,,,,,,,,,,,,,,,,,,,,,,,,,,,,,None,None,,,,,1.0,ShimmerscaleEmblemItem,,,,,,,,,,,2.0,UnstableConcoction,,,2.0,ShimmerscaleGoldmancersStaff,ShimmerscaleGamblersBlade,ShimmerscaleDravensAxe,,,,,,,,,,,,
5,EUW1_5972878012,TFT6_Augment_ThreesCompany,TFT6_Augment_CelestialBlessing2,TFT7_Augment_MageEmblem,,0.0,,1.0,,,1.0,,0.0,,,,,2.0,,1.0,,,,,0.0,1.0,,,1.0,1.0,,0.0,,,,,,,,,1.0,HextechGunblade,ArchangelsStaff,SpearOfShojin,,,,,,,,,,,,,,,,,,,,,,,,,,,,,,,,,,,,,,,,,,,,,,,,,,,,,,,,,2.0,,,,2.0,MageEmblemItem,,,,,,,,,,,,,,,,,,,,,,,,,,,2.0,ZekesHerald,,,3.0,,,,,,,,,,,,,,,,,,,,,,,,,,,,,,,,,,,,,,,,,,,,,,,,,,,,,,,,,,,,,,,,,,,,,,,,2.0,RedBuff,IonicSpark,,,,,,,,,,,,,,,,,,2.0,TrainerSnax,None,None,,,,,,,,,,,,,,,,,,,,,,,,,,,,,,,,,1.0,UnstableConcoction,TearOfTheGoddess,
3,EUW1_5972878012,TFT7_Augment_GuildLoot,TFT6_Augment_PortableForge,TFT6_Augment_Ascension,,,1.0,1.0,,0.0,1.0,,,,2.0,,0.0,,,0.0,2.0,,,0.0,,,,1.0,1.0,,0.0,,,,,,,,,,,,,,,,,,,,,,1.0,TearOfTheGoddess,RapidFireCannon,,,,,,,,,,,,,,,,,,,,,,,,,,,,,,,,,,,,,,,,,,2.0,BrambleVest,IonicSpark,,,,,,,,,,,,,,,,,,,,,,,,,,,,,,,,,,,,,,,,,,,,,,,,,,,,,,,,,,1.0,ThiefsGloves,Bloodthirster,HextechGunblade,,,,,,,,,,,,,,,,,,,,,,,,,2.0,Redemption,TempestEmblemItem,,1.0,TitansResolve,OrnnInfinityForce,Morellonomicon,,,,,,,,,,,,,,,,,,,,,,,,,,,,,,,,,,,,,,,None,None,,,,,2.0,,,,,,,,,,,,,,,,2.0,GuinsoosRageblade,Quicksilver,MadredsBloodrazor,,,,,,,,,,,,
2,EUW1_5972878012,TFT6_Augment_SecondWind2,TFT7_Augment_UrfsGrabBag1,TFT6_Augment_TargetDummies,2.0,,1.0,1.0,,,1.0,,,,2.0,,0.0,0.0,,0.0,,,,,,,,,1.0,,,2.0,,,,,,,,,,,,,,,,,,,,,1.0,,,,,,,,,,,,,,,,,,,,,,,,,,,,2.0,AssassinEmblemItem,Bloodthirster,InfinityEdge,,,,,,,,,,,,,,,,,,,,,,,,,,,,,,,,,,,,,,,,,,,,,,,,,,,,,,,,,,,,,,,,,,,,,,,,,2.0,DragonsClaw,,,1.0,DragonsClaw,FrozenHeart,HextechGunblade,2.0,,,,,,,,,,,,,,,,,,,,,,,,,,,,,,,,,,,,,,,,,,,,2.0,,,,,,,,2.0,FrozenHeart,RedBuff,RapidFireCannon,,,,,,,,,,,None,None,,,,,,,,,,,,,,,,,,,,,,,,,,,,,,,,,,,,
7,EUW1_5972878012,TFT6_Augment_CalculatedLoss,TFT6_Augment_SunfireBoard,TFT6_Augment_TomeOfTraits1,1.0,,,2.0,,,1.0,,,0.0,1.0,,0.0,0.0,,,,,,,,,,,1.0,,,3.0,,,,,,,,,,,,,,,,,,,,,,,,,,,,,,,,,,,,,,,,,,,,,,,,,2.0,Quicksilver,TitansResolve,Bloodthirster,,,,,,,,,,,,,,,,,,,,,,,,,,,,,,,,,,,,,,,,,,,,,,,,,,,,,,,,,,,,,,,,,,,,,,,,,2.0,WarmogsArmor,,,2.0,FrozenHeart,InfinityEdge,BruiserEmblemItem,2.0,,,,,,,,,,,,,,,,,,,,,,,,,,,,,,,,,,,,,,,,,,,,1.0,,,,,,,,2.0,ThiefsGloves,SparringGloves,Quicksilver,,,,,1.0,,,,,,None,None,,,,,,,,,,,,,,,,,,,,,,,,,,,,,,,,,,,,
2,EUW1_5972123784,TFT7_Augment_FirstAidKit2,TFT6_Augment_ItemGrabBag1,TFT6_Augment_JeweledLotus,,,,,,,1.0,0.0,1.0,,,3.0,0.0,,,1.0,,,,1.0,,,1.0,0.0,,0.0,,,,,,,3.0,HextechGunblade,ArchangelsStaff,JeweledGauntlet,,,,,1.0,,,,,,,,,,,,,,,,,,,,,,,,,,,,,,,,2.0,DragonsClaw,UnstableConcoction,Bloodthirster,,,,,,,,,,,,,2.0,Shroud,,,,,,,,,,,,,,,,,,,,,,,,,,,,,,,,,,,,,,,2.0,JadeEmblemItem,,,,,,,2.0,RedBuff,DragonsClaw,,,,,,,,,,,,,,,,,,,,,,,,,,,,,,,,,,,,,,,,,,,,,,,,,,,,,,,,,,2.0,ZekesHerald,RapidFireCannon,,,,,,,,,,,,,,,,,,,,,,,,,,,,None,None,,,,,,,,,,,,,,,,,,,,,,,,,,,,,,,,,,,,
4,EUW1_5972123784,TFT7_Augment_CannoneerRicochet,TFT6_Augment_Diversify1,TFT6_Augment_SecondWind2,,,1.0,,2.0,,1.0,,0.0,1.0,1.0,,,,,0.0,,2.0,0.0,,1.0,,,,,0.0,,,,,,,,,,,,,,,,,,,,,,,1.0,PowerGauntlet,Shroud,,2.0,ChainVest,,,2.0,MadredsBloodrazor,UnstableConcoction,InfinityEdge,,,,,,,,,2.0,BrambleVest,RedBuff,GargoyleStoneplate,,,,,,,,,,,,,,,,,,,,,,,,,,,,,,,,,2.0,PowerGauntlet,,,,,,,,,,,,,,,,,,,,,,,,,,,,,,,,,,,,,,,,,,,,,,,,,,,,,,,,,,,,,,,,,,,,,,,,,,,,,,,,,,,,,,,1.0,ShimmerscaleGoldmancersStaff,,,,,,,,,,,,,,,,,,,,,,,,,,,,,,,,,None,None,1.0,,,,,,,,,,,,,,,,,,,,,,,,,,,,,,,,,,,
5,EUW1_5972123784,TFT6_Augment_Ascension,TFT6_Augment_Weakspot,TFT7_Augment_JadeTrait,,,1.0,,,,1.0,,1.0,,1.0,3.0,0.0,,,2.0,,,,1.0,,,1.0,,,0.0,,,,,,,2.0,RunaansHurricane,SparringGloves,,,,,,,,,,,,,,1.0,JadeEmblemItem,,,,,,,,,,,,,,,,,,,,,,,2.0,StatikkShiv,UnstableConcoction,Bloodthirster,,,,,,,,,,,,,2.0,,,,,,,,,,,,,,,,,,,,,,,,,,,,,,,,,,,,,,,,2.0,,,,,,,,2.0,WarmogsArmor,DragonsClaw,IonicSpark,,,,,,,,,,,,,,,,,,,,,,,,,,,,,,,,,,,,,,,,,,,,,,,,,,,,,,,,,1.0,,,,,,,,,,,,,,,,,,,,,,,,,,,,,,None,None,,,,,,,,,,,,,,,,,,,,,,,,,,,,,,,,,,,,
3,EUW1_5972123784,TFT7_Augment_CavalierEmblem,TFT6_Augment_Electrocharge1,TFT7_Augment_BestFriends2,,,,,,4.0,1.0,0.0,,0.0,1.0,,,0.0,3.0,,0.0,,0.0,,,,,,,,0.0,,,,,,,,,,,,,,,,,,,,,,,,,,,,,,,,,,,,,,2.0,Quicksilver,GuinsoosRageblade,JeweledGauntlet,,,,,,,,,,,,,,,,,,,,,,,,,2.0,RedBuff,Redemption,WarmogsArmor,,,,,,,,,,,,,,,,,,,,,,,,,2.0,,,,2.0,ThiefsGloves,Chalice,PowerGauntlet,,,,,,,,,,,,,,,,,2.0,SpearOfShojin,,,,,,,,,,,,,,,,,,,,,,,2.0,,,,,,,,,,,,,,,,,,,,,,,,,,,,,,,,,,,,,,,,,,,,,,,,,,,,,,,,,,None,None,,,,,,,,,,,,,,,,,,,,,,,,,1.0,UnstableConcoction,CavalierEmblemItem,InfinityEdge,,,,,,,,
8,EUW1_5972123784,TFT7_Augment_DragonmancerEmblem,TFT6_Augment_MakeshiftArmor1,TFT6_Augment_PortableForge,,,,0.0,,1.0,,1.0,0.0,,1.0,0.0,1.0,,0.0,,,,,,0.0,,,0.0,1.0,,,,,,,,2.0,DragonmancerEmblemItem,,,,,,,2.0,,,,,,,,,,,,,,,,,,,,,,,,,,,,,,,,,,,,,,,,,,,,,,,,,,,,,,,,,,,,,,,,,,,,,,,,,,,,2.0,,,,,,,,,,,,,,,,,,,,,,,,,,,,2.0,,,,,,,,2.0,Redemption,OrnnEternalWinter,,,,,,,,,,,,,,1.0,,,,,,,,,,,,,,,,,,,,,,,,,,,,,,,,,,,,,,,,,,,,,,,,,,,,,,,,,,None,None,,,,,,,,,,,,,,,,,1.0,GuinsoosRageblade,Quicksilver,,,,,,,,,,,,,,,,,
6,EUW1_5972123784,TFT6_Augment_TriForce2,TFT6_Augment_LudensEcho1,TFT7_Augment_MikaelsGift,,1.0,,1.0,,0.0,,,,,1.0,,,3.0,,0.0,,,0.0,,0.0,1.0,,,,0.0,,0.0,,,,,,,,,,,,,,,,,,,,,,,,,,,,,,,,,,,,,,,,,,,,,,,,,,,,,,,,,,,,,,,,,,,,,2.0,,,,3.0,DragonsClaw,,,,,,,,,,,,,,,,,,,,,,,2.0,,,,,,,,3.0,,,,,,,,,,,,,,,,,,,,,,,,,,,,,,,,2.0,SpearOfShojin,SpearOfShojin,HextechGunblade,,,,,,,,,,,,,,,,,,,,,,,,,,,,,,,,,,,,,2.0,WarmogsArmor,TitansResolve,IonicSpark,,,,,,,,,,,,,,,,,,,None,None,,,,,,,,,,,,,2.0,,,,,,,,,,,,,,,,,,,,2.0,Chalice,LocketOfTheIronSolari,Chalice
1,EUW1_5972123784,TFT7_Augment_ClutteredMind,TFT6_Augment_Distancing,TFT6_Augment_SunfireBoard,,0.0,1.0,1.0,,,,0.0,0.0,,2.0,,,2.0,0.0,2.0,,,,,0.0,1.0,,,,1.0,0.0,0.0,,,,,,,,,,,,,,,,,,,,,2.0,,,,,,,,,,,,,,,,,,,,,,,,,,,,,,,,,,,,,,,,,,,,,,,,2.0,Shroud,,,3.0,BrambleVest,TitansResolve,LocketOfTheIronSolari,,,,,,,,,,,,,,,,,,,,,,,,,2.0,,,,3.0,StatikkShiv,Shroud,,,,,,,,,,,,,,,,,,,,,,,,,,,,,,3.0,ArchangelsStaff,ArchangelsStaff,SpearOfShojin,,,,,,,,,,,,,,,,,,,,,,,,,,,,,,,,,,,,,2.0,RedBuff,,,,,,,,,,,,,,,,,,,4.0,TrainerSnax,None,None,,,,,,,,,,,,,,,,,,,,,,,,,2.0,,,,,,,,2.0,Chalice,,
7,EUW1_5972123784,TFT7_Augment_BruiserEmblem,TFT7_Augment_Preparation,TFT7_Augment_PandorasBench,1.0,,,1.0,,0.0,,0.0,,,1.0,0.0,0.0,,,,1.0,,,,,,,1.0,1.0,,0.0,,,,,,,,,,,,,,1.0,,,,,,,,,,,,,,,,,,,,,,,,,,,,,,,,,,,,,,,,,,,,,,,,,,,,1.0,BruiserEmblemItem,,,,,,,,,,,,,,,,,,,,,,,,,,,,,,,,,,,,,,,,,,,,,,,,,,,,,,,,,,,2.0,,,,,,,,1.0,,,,,,,,,,,,,,,,,,,,2.0,,,,,,,,,,,,,,,,,,,,,,,,,,,,,,,,1.0,UnstableConcoction,,,,,,,,,,,,,None,None,,,,,,,,,,,,,,,,,,,,,2.0,MadredsBloodrazor,UnstableConcoction,GuinsoosRageblade,,,,,,,,,,,,
2,EUW1_5972951243,TFT6_Augment_SecondWind1,TFT6_Augment_JeweledLotus,TFT7_Augment_CavalierForAllUnits,,0.0,1.0,,,2.0,1.0,0.0,,,2.0,,,0.0,3.0,1.0,0.0,,,,,,,,,,1.0,,,,,,,,,,,,,,,,,,,,,,2.0,Chalice,ZekesHerald,PowerGauntlet,,,,,,,,,,,,,2.0,InfinityEdge,UnstableConcoction,MadredsBloodrazor,,,,,,,,,,,,,,,,,,,,,,,,,2.0,,,,,,,,,,,,,,,,,,,,,,,,,,,,,,,,,,,,,,,,1.0,,,,,,,,,,,,2.0,RedBuff,IonicSpark,,,,,,,,,,,,,,,,,,,,,,2.0,,,,,,,,,,,,,,,,,,,,,,,,,,,,,,,,,,,,,,,,,,,,,,,,,,,,,,,,,,None,None,,,,,,,,,,,,,,,,,,,,,,,,,2.0,SeraphsEmbrace,,,1.0,,,,,,,
7,EUW1_5972951243,TFT7_Augment_BandOfThieves1,TFT6_Augment_TargetDummies,TFT6_Augment_CelestialBlessing3,1.0,0.0,,1.0,,,1.0,,,,2.0,,,2.0,,0.0,,,,,0.0,1.0,,,,0.0,,2.0,,,,,,,,,,,,,,,,,,,,,,,,,,,,,,,,,,,,,,,,,,,,,,,,,1.0,AssassinEmblemItem,GuinsoosRageblade,MadredsBloodrazor,,,,,,,,,,,,,,,,,1.0,,,,,,,,,,,,,,,,,,,,,,,,,,,,,,,,,,,,1.0,,,,,,,,,,,,,,,,,,,,,,,,,,,,,,,,2.0,SpearOfShojin,GuinsoosRageblade,GuinsoosRageblade,,,,,,,,,,,,,,,,,,,,,,,,,,,,,,,,,,,,,1.0,DragonsClaw,,,,,,,1.0,ThiefsGloves,GuinsoosRageblade,Quicksilver,,,,,,,,,,,None,None,,,,,,,,,,,,,,,,,,,,,,,,,,,,,,,,,1.0,,,
3,EUW1_5972951243,TFT6_Augment_Weakspot,TFT7_Augment_BestFriends2,TFT6_Augment_Meditation3,,0.0,1.0,1.0,,,,,0.0,,2.0,,0.0,2.0,,2.0,,,,,0.0,1.0,,,0.0,1.0,,0.0,,,,,,,,,,,,,,,,,,,,,2.0,,,,,,,,,,,,,,,,,,,,,,,,,,,,,,,,,,,,,,,,,,,,,,,,2.0,,,,,,,,,,,,,,,,,,,,,,,,,,,,,,,,2.0,,,,3.0,Chalice,HextechGunblade,,,,,,,,,,,,,,,,,,1.0,,,,,,,,,,,,2.0,SpearOfShojin,ArchangelsStaff,HextechGunblade,,,,,,,,,,,,,,,,,,,,,,,,,,,,,,,,,,,,,2.0,GargoyleStoneplate,Redemption,TitansResolve,,,,,,,,,,,,,,,,,3.0,TrainerSnax,None,None,,,,,,,,,,,,,,,,,,,,,,,,,,,,,,,,,1.0,,,
8,EUW1_5972951243,TFT6_Augment_Electrocharge1,TFT7_Augment_UrfsGrabBag1,TFT6_Augment_RadiantRelics,,0.0,1.0,1.0,,,,,0.0,,1.0,,,2.0,,2.0,,,,,0.0,1.0,,,,1.0,,0.0,,,,,,,,,,,,,,,,,,,,,1.0,,,,,,,,,,,,,,,,,,,,,,,,,,,,,,,,,,,,,,,,,,,,,,,,2.0,ZekesHerald,LocketOfTheIronSolari,,3.0,RedBuff,BrambleVest,MageEmblemItem,,,,,,,,,,,,,,,,,,,,,,,,,2.0,,,,2.0,ThiefsGlovesRadiant,HextechGunbladeRadiant,MorellonomiconRadiant,,,,,,,,,,,,,,,,,,,,,,,,,,,,,,,,,,,,,,,,,,,,,,,,,,,,,,,,,,,,,,,,,,,,,1.0,GargoyleStoneplate,TitansResolve,,,,,,,,,,,,,,,,,,2.0,TrainerSnax,None,None,,,,,,,,,,,,,,,,,,,,,,,,,,,,,,,,,1.0,ThiefsGloves,GiantsBelt,MadredsBloodrazor
6,EUW1_5972951243,TFT7_Augment_GuildTrait,TFT6_Augment_SalvageBin,TFT6_Augment_CyberneticUplink3,0.0,,,1.0,,,1.0,,,0.0,2.0,0.0,,0.0,,,,,,1.0,,,,,,,,3.0,,,,,,,,,,,,,,,,,,,,,,,,,,,,,,,,,,,,,,,,,,,,,,,,,2.0,TitansResolve,UnstableConcoction,,2.0,Quicksilver,GuinsoosRageblade,Bloodthirster,,,,,,,,,,,,,,,,,,,,,,,,,,,,,,,,,,,,,,,,,,,,,,,,,,,,,2.0,RedBuff,Redemption,,,,,,,,,,,,,,,,,,,,,,,,,,,,,,,,,,,,,,,,,,,,,,,,,,,,,,,,,,,,,,,,,,1.0,NegatronCloak,,,,,,,2.0,TearOfTheGoddess,,,,,,,2.0,,,,,,None,None,,,,,,,,,,,,,,,,,,,,,,,,,,,,,,,,,,,,
5,EUW1_5972951243,TFT7_Augment_JadeEmblem,TFT6_Augment_MakeshiftArmor2,TFT6_Augment_MaxLevel10,,,,0.0,,,1.0,0.0,,,,1.0,,,,,2.0,,,2.0,,,,1.0,,,0.0,,,,,,,,,,,,,,2.0,StatikkShiv,ZekesHerald,ZekesHerald,,,,,,,,,,,,,,,,,,,,,,,,,,,,,,,,,,,,,,,,,,,,,2.0,,,,,,,,,,,,,,,,,,,,,,,,,,,,,,,,,,,,,,,,,,,,,,,,2.0,BrambleVest,,,,,,,,,,,,,,,,,,,,,,,,,,,,,,,,,,,,,,,,,,,1.0,,,,1.0,BrambleVest,,,,,,,,,,,,,,,2.0,GuinsoosRageblade,ArchangelsStaff,Quicksilver,,,,,,,,,,,,,,,,,,,,,,,None,None,,,,,,,,,,,,,,,,,,,,,1.0,,,,,,,,,,,,,,,
4,EUW1_5972951243,TFT6_Augment_Weakspot,TFT6_Augment_CyberneticShell2,TFT6_Augment_BandOfThieves2,0.0,1.0,,1.0,,,,,0.0,,2.0,,,1.0,,1.0,,,,,0.0,1.0,,1.0,,0.0,,0.0,,,,,,,,,,,,,,,,,,,,,,,,,,,,,,,,,,,,,,,,,,,,,,,,,,,,,,,,,,,,,,,,,,,,,,,,,2.0,RedBuff,TitanicHydra,,,,,,,,,,,,,,,,,,,,,,,,,,1.0,,,,3.0,StatikkShiv,Zephyr,,,,,,,,,,,,,,,,,,,,,,,,,,,,,,,,,,,,,,,,,,,,,,,,,,,,,,,,,,,,,,,,,,,,,,2.0,ThiefsGloves,StatikkShiv,RabadonsDeathcap,,,,,1.0,ThiefsGloves,BFSword,Bloodthirster,,,,,,,,,,,None,None,,,,,2.0,LastWhisper,,,3.0,GuinsoosRageblade,UnstableConcoction,RunaansHurricane,,,,,,,,,,,,,,,,,,,,,1.0,NeedlesslyLargeRod,,
1,EUW1_5972951243,TFT7_Augment_EvokerTrait,TFT6_Augment_CyberneticUplink2,TFT7_Augment_MageEmblem2,,0.0,1.0,1.0,,,1.0,,1.0,,1.0,0.0,0.0,2.0,,2.0,,,,,0.0,1.0,1.0,,2.0,1.0,,0.0,,,,,,,,,2.0,ArchangelsStaff,SpearOfShojin,MageEmblemItem,,,,,,,,,1.0,,,,,,,,,,,,,,,,,,,,,,,,,,,,,,,,,,,,,,,,,,,,,,,,2.0,TearOfTheGoddess,,,,,,,,,,,,,,,,,,,,,,,,,,,,,,,2.0,ForceOfNature,,,1.0,StatikkShiv,,,,,,,,,,,,,,,,,,,2.0,RecurveBow,,,,,,,,,,,,,,,,,,,,,,,,,,,,,,,,,,,,,,,,,,,1.0,Bloodthirster,,,,,,,2.0,RedBuff,TitansResolve,TitanicHydra,,,,,,,,,,,,,,,,,4.0,TrainerSnax,None,None,,,,,,,,,,,,,,,,,,,,,,,,,,,,,,,,,1.0,TearOfTheGoddess,,
2,EUW1_5972972211,TFT6_Augment_Electrocharge1,TFT7_Augment_UrfsGrabBag1,TFT6_Augment_CyberneticUplink3,,0.0,,0.0,,,1.0,,0.0,,,,,3.0,,1.0,,,,,0.0,1.0,,,2.0,1.0,,0.0,,,,,,,,,2.0,MageEmblemItem,StatikkShiv,,,,,,,,,,,,,,,,,,,,,,,,,,,,,,,,,,,,,,,,,,,,,,,,,,,,,,,,,,2.0,NeedlesslyLargeRod,,,,,,,,,,,,,,,,,,,,,,,,,,,,,,,1.0,MageEmblemItem,,,3.0,SpearOfShojin,,,,,,,,,,,,,,,,,,,,,,,,,,,,,,,,,,,,,,,,,,,,,,,,,,,,,,,,,,,,,,,,,,,,,,,2.0,ChainVest,BrambleVest,,,,,,,,,,,,,,,,,,2.0,TrainerSnax,None,None,,,,,,,,,,,,,3.0,IonicSpark,TitansResolve,BrambleVest,,,,,,,,,,,,,,,,,2.0,GuardianAngel,TempestEmblemItem,
6,EUW1_5972972211,TFT7_Augment_ShapeshifterTrait,TFT6_Augment_Ascension,TFT7_Augment_ShapeshifterTrait2,,,,1.0,,,1.0,0.0,,0.0,,0.0,,0.0,,,0.0,,,3.0,,,,,,,,3.0,,,,,,,,,,,,,,,,,,,,,,,,,,,,,,,,,,,,,,,,,,,,,,,,,1.0,Bloodthirster,RapidFireCannon,,2.0,GuinsoosRageblade,Quicksilver,Bloodthirster,,,,,2.0,RedBuff,,,,,,,,,,,,,,,,,,,,,,,,,,,,,,,,,,,,,,,,,,,,,,,2.0,RedBuff,Redemption,,,,,,,,,,,,,,,,,,,,,,,,,,,,,,,,,,,,,,,,,,,,,,,,,,,,,,,,,,,,,,2.0,,,,2.0,,,,,,,,,,,,,,,,2.0,,,,,,None,None,,,,,,,,,,,,,,,,,,,,,,,,,,,,,,,,,,,,
8,EUW1_5972972211,TFT6_Augment_Electrocharge1,TFT7_Augment_AxiomArc2,TFT6_Augment_RadiantRelics,,1.0,,1.0,,,,,0.0,,1.0,,,2.0,,1.0,,,,,,,,,,1.0,,0.0,,,,,,,,,,,,,,,,,,,,,,,,,,,,,,,,,,,,,,,,,,,,,,,,,,,,,,,,,,,,,,,,,,,,,1.0,,,,3.0,Quicksilver,,,,,,,,,,,,,,,,,,,,,,,,,,,2.0,,,,2.0,StatikkShiv,,,,,,,,,,,,,,,,,,,,,,,,,,,,,,,2.0,ArchangelsStaff,RabadonsDeathcapRadiant,HextechGunblade,,,,,,,,,,,,,,,,,,,,,,,,,,,,,,,,,,,,,2.0,GargoyleStoneplate,GargoyleStoneplate,WarmogsArmor,,,,,,,,,,,,,,,,,1.0,TrainerSnax,None,None,,,,,,,,,,,,,2.0,,,,,,,,,,,,,,,,,,,,,,,
3,EUW1_5972972211,TFT7_Augment_CannoneerTrait,TFT6_Augment_ComponentGrabBag,TFT6_Augment_CyberneticImplants3,,,,,4.0,,1.0,,1.0,1.0,,,,0.0,,0.0,0.0,2.0,,,1.0,1.0,,,,1.0,,,,,,,,,,,,,,,,,,,,,,,,,,,,,,,2.0,RunaansHurricane,LastWhisper,InfinityEdge,,,,,,,,,2.0,RedBuff,BrambleVest,WarmogsArmor,,,,,,,,,,,,,,,,,,,,,,,,,,,,,,,,,2.0,ChainVest,Zephyr,,,,,,,,,,,,,,,,,,,,,,2.0,SeraphsEmbrace,GuardianEmblemItem,,,,,,,,,,,,,,,,,,,,,,,,,,,,,,,,,,,,,,,,,,1.0,,,,,,,,,,,,,,,,,,,,2.0,ShimmerscaleGoldmancersStaff,,,,,,,,,,,,,,,,,,,,,,,,,,,,,,,4.0,TrainerSnax,None,None,2.0,ZekesHerald,PowerGauntlet,,,,,,,,,,,,,,,,,,,,,,,,,,,,,,1.0,,,
1,EUW1_5972972211,TFT6_Augment_TriForce1,TFT6_Augment_Twins2,TFT6_Augment_TriForce3,,1.0,1.0,1.0,,,,,,,2.0,,,1.0,,1.0,,,,,,,,1.0,,,,0.0,,,,,,,,,,,,,,,,,,,,,1.0,,,,,,,,,,,,,,,,,,,,,,,,,,,,,,,,,,,,,,,,,,,,,,,,,,,,2.0,FrozenHeart,MageEmblemItem,RedBuff,,,,,,,,,,,,,,,,,,,,,,,,,,,,,3.0,,,,,,,,,,,,,,,,,,,,,,,,,,,,,,,,,,,,,,,,,,,,,,,,,,,,,,,,,,,,,,,,,,,,,,,,2.0,ThiefsGloves,PowerGauntlet,Shroud,,,,,,,,,,,,,,,,,,,None,None,,,,,2.0,,,,3.0,GuinsoosRageblade,RunaansHurricane,MadredsBloodrazor,,,,,,,,,,,,,,,,,,,,,,,,
4,EUW1_5972972211,TFT7_Augment_GuildTrait,TFT6_Augment_Distancing2,TFT6_Augment_ForceOfNature,1.0,,1.0,1.0,,1.0,,,,,5.0,,0.0,,,0.0,1.0,,,,,,,1.0,1.0,,0.0,,,,,,,,,,,,,,,,,,,,,,1.0,,,,,,,,,,,,,,,,,,,,,,,,,,,,,,,,,,,,,,,,,,,,2.0,ThiefsGloves,TearOfTheGoddess,Morellonomicon,,,,,,,,,,,,,,,,,,,,,,,,,,,,,,,,,,,,,,,,,,,,,,,,,,,,,,,,,2.0,Redemption,RedBuff,,,,,,2.0,,,,,,,,2.0,,,,,,,,,,,,2.0,,,,,,,,,,,,,,,,,,,,,,,,,,,,,,,,2.0,InfinityEdge,Quicksilver,JeweledGauntlet,,,,,,,,,,,None,None,,,,,1.0,,,,,,,,,,,,,,,,2.0,Deathblade,MadredsBloodrazor,GuinsoosRageblade,,,,,,,,,,,,
7,EUW1_5972972211,TFT6_Augment_FirstAidKit,TFT7_Augment_MageEmblem,TFT6_Augment_CyberneticShell3,,0.0,,1.0,,,,,1.0,,1.0,,0.0,2.0,,1.0,,0.0,,,,,,,0.0,1.0,,0.0,,,,,,,,,,,,,,,,,,,,,,,,,,,,,,,,,,,,,,,,,,,,,,,,,,,,,,,,,,,,,,,,,,,,,2.0,,,,,,,,,,,,,,,,,,,,,,,,,,,,,,,,2.0,,,,2.0,StatikkShiv,,,,,,,,,,,,,,,,,,,1.0,,,,,,,,,,,,1.0,HextechGunblade,MadredsBloodrazor,,,,,,,,,,,,,,,,,,,,,,,,,,2.0,Morellonomicon,MageEmblemItem,,,,,,,,,,2.0,Redemption,WarmogsArmor,GargoyleStoneplate,,,,,,,,,,,,,,,,,2.0,TrainerSnax,None,None,,,,,,,,,,,,,,,,,,,,,,,,,,,,,,,,,,,,
5,EUW1_5972972211,TFT7_Augment_JadeEmblem,TFT6_Augment_Ascension,TFT6_Augment_ForceOfNature,,,,1.0,,0.0,,0.0,1.0,,,1.0,0.0,,,,1.0,0.0,,1.0,,,,1.0,1.0,,0.0,,,,,,,,,,,,,,2.0,LastWhisper,,,,,,,,,,,,,,,,,,,,,,,,,,,,,,,,,,,,,,,,,,,,,,,2.0,,,,2.0,TitanicHydra,,,,,,,,,,,,,,,,,,,,,,,2.0,EvokerEmblemItem,,,,,,,,,,,,,,,,,,,2.0,RedBuff,WarmogsArmor,IonicSpark,,,,,,,,,,,,,1.0,,,,,,,,,,,,,,,,,,,,,,,,,,,,2.0,,,,,,,,,,,,1.0,,,,,,,,,,,,,,,,,,,,,,,,,,,,,,,,,,None,None,,,,,,,,,,,,,,,,,,,,,1.0,GuinsoosRageblade,Deathblade,Quicksilver,,,,,,,,,,,,
7,EUW1_5972796659,TFT6_Augment_Twins2,TFT6_Augment_TinyTitans,TFT7_Augment_CannoneerEmblem,,,,1.0,3.0,,1.0,,1.0,,,,,0.0,,0.0,,2.0,,,,,,,,1.0,,2.0,,,,,,,,,,,,,,,,,,,,,,,,,,,,,1.0,GuinsoosRageblade,UnstableConcoction,MadredsBloodrazor,,,,,,,,,,,,,,,,,2.0,Bloodthirster,CannoneerEmblemItem,GuardianAngel,,,,,,,,,,,,,,,,,,,,,,,,,2.0,LocketOfTheIronSolari,Chalice,,,,,,,,,,,,,,,,,,,,,,2.0,,,,,,,,,,,,,,,,,,,,,,,,,,,,,,,,,,,,,,,,,,,,,,,,,,,,,,,,,,,,,,,,2.0,,,,,,,,,,,,2.0,NegatronCloak,,,,,,,,,,,,,,,,,,,2.0,TrainerSnax,None,None,2.0,,,,,,,,,,,,,,,,,,,,,,,,,,,,,,,,,,,
2,EUW1_5972796659,TFT6_Augment_Meditation2,TFT6_Augment_LudensEcho1,TFT7_Augment_SwiftshotPressTheAttack,,1.0,1.0,1.0,,,,,0.0,,2.0,,,1.0,,2.0,,,,,,,,1.0,,1.0,,0.0,,,,,,,,,,,,,,,,,,,,,1.0,,,,,,,,,,,,,,,,,,,,,,,,,,,,,,,,,,,,,,,,,,,,,,,,2.0,,,,3.0,WarmogsArmor,SparringGloves,GargoyleStoneplate,,,,,,,,,,,,,,,,,,,,,,,,,2.0,,,,3.0,,,,,,,,,,,,,,,,,,,,,,,,,,,,,,,,,,,,,,,,,,,,,,,,,,,,,,,,,,,,,,,,,,,,,,,,2.0,WarmogsArmor,BrambleVest,RedBuff,,,,,,,,,,,,,,,,,3.0,TrainerSnax,None,None,,,,,2.0,GuinsoosRageblade,MadredsBloodrazor,,3.0,Deathblade,UnstableConcoction,GuinsoosRageblade,,,,,,,,,,,,,,,,,,,,,,,,
4,EUW1_5972796659,TFT7_Augment_AstralIntercosmicGifts,TFT6_Augment_SecondWind1,TFT6_Augment_TomeOfTraits1,,3.0,,1.0,,,1.0,,0.0,,,,,0.0,,1.0,,,,0.0,,,,0.0,,,,,,,,,,,,,,,,,,,,,2.0,Shroud,SpearOfShojin,,,,,,,,,,,,,,,,,,,,,,,,,,,,,,,,,,,,,,,,,,,,,,,,,,,,,,3.0,RedBuff,TitansResolve,Redemption,,,,,,,,,,,,,,,,,,,,,,,,,,,,,3.0,,,,,,,,3.0,,,,,,,,,,,,,,,,,,,,,,,,,,,,,,,,,,,,,,,,,,,,,,,,3.0,TitanicHydra,MysticEmblemItem,TitanicHydra,,,,,,,,,,,,,,,,,,,,,,,,,,,,,,,,,,,None,None,,,,,,,,,3.0,Deathblade,GuinsoosRageblade,GuinsoosRageblade,3.0,Shroud,,,,,,,,,,,,,,,,,,,,,,
6,EUW1_5972796659,TFT6_Augment_ThrillOfTheHunt2,TFT7_Augment_BestFriends1,TFT7_Augment_RagewingScorch,1.0,,,1.0,,1.0,,,,,3.0,,0.0,,,,1.0,,,,,,,1.0,1.0,,0.0,,,,,,,,,,,,,,,,,,,,,,,,,,,,,,,,,,,,,,,,,,,,,,,,,,,,,,,,,,,,,,,,,,2.0,Morellonomicon,,,,,,,,,,,,,,,,,,,,,,,,,,,,,,,,,,,,,,,,,,,,,,,,,,,,,,,,,,,1.0,ThiefsGloves,Chalice,RabadonsDeathcap,,,,,2.0,FrozenHeart,,,,,,,1.0,,,,,,,,,,,,2.0,,,,,,,,,,,,,,,,,,,,,,,,,,,,,,,,2.0,Deathblade,RapidFireCannon,RunaansHurricane,,,,,,,,,,,None,None,,,,,2.0,,,,,,,,,,,,,,,,2.0,GuinsoosRageblade,MadredsBloodrazor,Quicksilver,,,,,,,,,,,,
5,EUW1_5972796659,TFT6_Augment_TargetDummies,TFT6_Augment_TinyTitans,TFT6_Augment_ComponentGrabBag,,,1.0,,1.0,,1.0,,1.0,1.0,1.0,,,,,1.0,,1.0,,,1.0,,,,,1.0,,0.0,,,,,,,,,,,,,,,,,,,,,1.0,,,,,,,,2.0,SeraphsEmbrace,Deathblade,GuinsoosRageblade,,,,,,,,,2.0,Redemption,BrambleVest,RedBuff,,,,,,,,,,,,,,,,,,,,,,,,,,,,,,,,,,,,,,,,,,,,,,,,,,,,,,,,,2.0,ShimmerscaleHeartOfGold,,,,,,,,,,,,,,,,,,,,,,,,,,,,,,,,,,,,,,,,,,,,,,,,,,,,,,,,,,,,,,,2.0,SpearOfShojin,JeweledGauntlet,Quicksilver,,,,,,,,,,,,,,,,,,,,,,,,,2.0,,,,4.0,TrainerSnax,None,None,2.0,LocketOfTheIronSolari,JeweledGauntlet,,,,,,,,,,,,,,,,,,,,,,,,,,,,,,,,,
3,EUW1_5972796659,TFT7_Augment_GuardianEmblem,TFT6_Augment_Electrocharge1,TFT6_Augment_Ascension,,,,0.0,,,1.0,,1.0,2.0,,1.0,0.0,,0.0,0.0,,,0.0,,,,1.0,,2.0,0.0,,,,,,,2.0,JeweledGauntlet,,,2.0,UnstableConcoction,SpearOfShojin,GuinsoosRageblade,,,,,,,,,,,,,2.0,,,,,,,,,,,,,,,,,,,,,,,,,,,,,,,,,,,,,,,,,,,,,,,,,,,,,,,,,,,,,,,,,,,,2.0,RedBuff,IonicSpark,Redemption,,,,,1.0,,,,,,,,,,,,,,,,,,,,,,,,1.0,GuardianEmblemItem,,,,,,,,,,,,,,,,,,,,,,,,,,,,,,,,,,,,,,,,,,,1.0,ArchangelsStaff,ArchangelsStaff,JeweledGauntlet,,,,,,,,,,,,,,,,,2.0,,,,,,,,,,None,None,,,,,,,,,,,,,,,,,,,,,,,,,,,,,,,,,,,,
8,EUW1_5972796659,TFT7_Augment_Bloodlust1,TFT6_Augment_Diversify1,TFT7_Augment_PandorasBench,,0.0,,0.0,,,1.0,,,,,1.0,,0.0,,,,,,2.0,0.0,1.0,1.0,,,,,2.0,,,,,,,,,,,,,,,,,,,,,,,,,,,,,,,,,,,,,,,,,,,,,,,,,2.0,Bloodthirster,GuardianAngel,RedBuff,2.0,,,,,,,,2.0,,,,,,,,,,,,,,,,,,,,,,,,,,,,,,,,,,,,,,,,,,,,,,,,1.0,MageEmblemItem,,,3.0,GuinsoosRageblade,UnstableConcoction,Quicksilver,,,,,,,,,,,,,,,,,,,,,,,,,,,,,,,,,,,,,,,,,,,,,,,,,,,,,1.0,,,,,,,,,,,,,,,,,,,,,,,,,,,,,,None,None,,,,,,,,,,,,,,,,,,,,,,,,,,,,,,,,,1.0,,,
1,EUW1_5972796659,TFT7_Augment_GuildEmblem,TFT6_Augment_Weakspot,TFT6_Augment_SunfireBoard,1.0,,,1.0,,1.0,,,,,4.0,,0.0,,,,1.0,,,,,,,1.0,1.0,,0.0,,,,,,,,,,,,,,,,,,,,,,,,,,,,,,,,,,,,,,,,,,,,,,,,,,,,,,,,,,,,,,,,,,2.0,TitanicHydra,IonicSpark,GargoyleStoneplate,,,,,,,,,,,,,,,,,,,,,,,,,,,,,,,,,,,,,,,,,,,,,,,,,,,,,,,,,2.0,,,,,,,,1.0,,,,,,,,2.0,TitanicHydra,NeedlesslyLargeRod,Shroud,,,,,,,,,2.0,,,,,,,,,,,,,,,,,,,,,,,,,,,,,,,,2.0,MadredsBloodrazor,HextechGunblade,Deathblade,,,,,,,,,,,None,None,,,,,2.0,,,,,,,,,,,,,,,,2.0,UnstableConcoction,Deathblade,GuildEmblemItem,,,,,,,,,,,,
4,EUW1_5971833553,TFT7_Augment_CavalierEmblem,TFT7_Augment_MikaelsGift,TFT7_Augment_SwiftshotEmblem,,,,0.0,,2.0,1.0,0.0,,,2.0,,,,,,2.0,,,0.0,,,,2.0,1.0,,0.0,,,,,,,,,,,,,,,,,,,,,,,,,,,,,,,,,,,,,,,,,,,,,,,,,,,,,,,,,,2.0,,,,,,,,2.0,SwiftshotEmblemItem,LastWhisper,,,,,,,,,,,,,,,,,,,,,,1.0,TitansResolve,,,,,,,,,,,,,,,,,,,,,,,,,,,,,,,,,,,,,,,,,,,,,,,,,,,2.0,ZekesHerald,LocketOfTheIronSolari,Chalice,,,,,,,,,1.0,,,,2.0,CavalierEmblemItem,TitansResolve,RedBuff,,,,,,,,,,,,,,,,,,,,,,,,,,,,,,,,,,,,,,,None,None,,,,,2.0,,,,,,,,,,,,,,,,2.0,MadredsBloodrazor,Quicksilver,RapidFireCannon,,,,,,,,,,,,
6,EUW1_5971833553,TFT7_Augment_SwiftshotPressTheAttack,TFT7_Augment_LastStand,TFT6_Augment_FuturePeepers,,,1.0,,,,1.0,0.0,0.0,,1.0,2.0,,,,2.0,0.0,,,1.0,,,,1.0,,0.0,,,,,,,,,,,,,,,2.0,,,,,,,,1.0,,,,,,,,,,,,,,,,,,,,,,,,1.0,ZekesHerald,DragonsClaw,,,,,,,,,,,,,,2.0,SparringGloves,,,,,,,,,,,,,,,,,,,,,,,,,,,,,,,,,,,,,,,1.0,,,,,,,,2.0,Zephyr,FrozenHeart,Bloodthirster,,,,,,,,,,,,,,,,,,,,,,,,,,,,,,,,,,,,,,,,,,,,,,,,,,,,,,,,,,,,,,,,,,,,,,,,,,,,,,,,,,,,,,,None,None,,,,,,,,,,,,,,,,,,,,,2.0,Quicksilver,GuinsoosRageblade,RunaansHurricane,,,,,,,,,,,,
1,EUW1_5971833553,TFT7_Augment_GuildEmblem,TFT7_Augment_BestFriends2,TFT6_Augment_CelestialBlessing2,1.0,,,1.0,,1.0,,0.0,,,4.0,,0.0,,1.0,,1.0,,,,,,,1.0,1.0,,1.0,,,,,,,,,,,,,,,,,,,,,,,,,,,,,,,,,,,,,,,,,,,,,,,,,,,,,,,,,,,,,,,,,,2.0,GuildEmblemItem,GuardianAngel,,,,,,,,,,,,,,,,,,,,,,,,,,,,,,,,,,,,,,,,,,,,,,,,,,,,,,,,,,2.0,RedBuff,GargoyleStoneplate,,,,,,2.0,,,,,,,,2.0,MirageEmblemItem,,,,,,,,,,,2.0,,,,,,,,,,,,,,,,,,,,,,,,,,,,,,,,2.0,FrozenHeart,,,,,,,,,,,,,None,None,,,,,2.0,,,,,,,,,,,,,,,,2.0,GuinsoosRageblade,MadredsBloodrazor,Quicksilver,2.0,GuardianAngel,Bloodthirster,,,,,,,,,
7,EUW1_5971833553,TFT6_Augment_SunfireBoard,TFT6_Augment_Distancing2,TFT7_Augment_MageEmblem,,0.0,,0.0,0.0,1.0,,,,,2.0,,,2.0,,0.0,,,0.0,,,,,,,1.0,,0.0,,,,,,,,,,,,,,,,,,,,,,,,,,,,,,,,,,,,,,,,,,,,,,,,,,,,,,,,,,,,,,,,,,,,,2.0,,,,,,,,,,,,,,,,,,,,,,,,,,,,2.0,TitansResolve,,,,,,,2.0,ArchangelsStaff,,,,,,,,,,,,,,,,,,,,,,,,,,,,,,,2.0,HextechGunblade,SpearOfShojin,MadredsBloodrazor,2.0,Shroud,,,,,,,,,,,,,,,,,,,,,,,,,,,,,,,,,,,1.0,ThiefsGloves,BFSword,Shroud,,,,,,,,,,,,,,,,,2.0,TrainerSnax,None,None,2.0,MageEmblemItem,,,,,,,,,,,,,,,,,,,,,,,,,,,,,,,,,,
3,EUW1_5971833553,TFT7_Augment_BestFriends2,TFT6_Augment_SunfireBoard,TFT6_Augment_TomeOfTraits1,1.0,,,1.0,,,1.0,,,1.0,1.0,,0.0,0.0,,,,,0.0,,,,,,1.0,,,3.0,,,,,,,,,,,,,,,,,,,,,,,,,2.0,DragonsClaw,RedBuff,Redemption,,,,,,,,,,,,,,,,,,,,,2.0,Bloodthirster,TitansResolve,Quicksilver,,,,,,,,,,,,,,,,,,,,,,,,,,,,,,,,,,,,,,,,,,,,,,,,,,,,,,,,,,,,,,,,,,,,,,,,,1.0,,,,,,,,1.0,PowerGauntlet,GuinsoosRageblade,,,,,,,,,,,,,,,,,,,,,,,,,,,,,,,,,,,,,,,,,,2.0,,,,,,,,2.0,WhispersEmblemItem,GuinsoosRageblade,FrozenHeart,,,,,2.0,,,,,,None,None,,,,,,,,,,,,,,,,,,,,,,,,,,,,,,,,,,,,
5,EUW1_5971833553,TFT7_Augment_UrfsGrabBag1,TFT6_Augment_ThrillOfTheHunt2,TFT7_Augment_CannoneerHotShot,,,,1.0,1.0,,1.0,,1.0,1.0,,,,0.0,,0.0,,1.0,0.0,,,,,,,1.0,,2.0,,,,,,,,,,,,,,,,,,,,,,,,,2.0,FrozenHeart,RedBuff,,2.0,LastWhisper,RunaansHurricane,MadredsBloodrazor,,,,,,,,,,,,,,,,,2.0,GuardianEmblemItem,BrambleVest,,,,,,,,,,,,,,,,,,,,,,,,,,,,,,,,,,,,,,,,,,,,,,,,,,2.0,RecurveBow,,,,,,,,,,,,,,,,,,,,,,,,,,,,,,,,,,,,,,,,,,,,,,,,,,,,,,,,,,,,,,,2.0,ArchangelsStaff,,,,,,,,,,,1.0,,,,,,,,,,,,,,,,,,,,3.0,TrainerSnax,None,None,2.0,,,,,,,,,,,,,,,,,,,,,,,,,,,,,,,,,,,
8,EUW1_5971833553,TFT7_Augment_PandorasBench,TFT7_Augment_BigFriend2,TFT6_Augment_BlueBattery2,,0.0,,0.0,,2.0,,,,,2.0,,,2.0,,0.0,0.0,,0.0,,,,,,,0.0,,0.0,,,,,,,,,,,,,,,,,,,,,,,,,,,,,,,,,,,,,,,,,,,,,,,,,,,,,,,,,,,,,,,,,1.0,,,,2.0,,,,,,,,,,,,,,,,,,,,,,,,,,,,2.0,,,,,,,,2.0,,,,,,,,,,,,,,,,,,,,,,,,,,,,,,,,2.0,HextechGunblade,ArchangelsStaff,TearOfTheGoddess,1.0,,,,,,,,,,,,,,,,,,,,,,,,,,,,,,,,,,,,2.0,WarmogsArmor,,,,,,,,,,,,,,,,,,,,,None,None,,,,,,,,,,,,,,,,,,,,,,,,,,,,,,,,,,,,
2,EUW1_5971833553,TFT6_Augment_SalvageBin,TFT6_Augment_TriForce2,TFT7_Augment_BestFriends2,1.0,1.0,,2.0,,,,,,,1.0,,0.0,0.0,,,0.0,,,,,,,1.0,1.0,,,0.0,,,,,,,,,,,,,,,,,,,,,,,,,,,,,,,,,,,,,,,,,,,,,,,,,,,,,,,,,,,,,,,,,,,,,,,,,3.0,TitanicHydra,,,,,,,,,,,,,,,,,,,,,,,,,,,,,,,,,,,,,,,,,,,,,,,,,,,1.0,RabadonsDeathcap,,,,,,,1.0,BFSword,,,,,,,,,,,,,,,,,,,,,,,,,,,2.0,,,,,,,,,,,,,,,,2.0,,,,,,,,2.0,StatikkShiv,InfinityEdge,GuardianAngel,,,,,,,,,,,None,None,,,,,,,,,3.0,Deathblade,RunaansHurricane,GuinsoosRageblade,,,,,,,,,2.0,MadredsBloodrazor,GuinsoosRageblade,Quicksilver,,,,,,,,,,,,
4,EUW1_5971787715,TFT7_Augment_AFK,TFT6_Augment_Meditation2,TFT7_Augment_JadeTrait2,0.0,,1.0,,,0.0,1.0,,,,3.0,1.0,,,,0.0,1.0,,,1.0,,,,0.0,,,,,,,,,,,,,,,,,,,,,,,,,2.0,,,,,,,,,,,,,,,,,,,,,,,,,,,,,,,,,,,,,,,,1.0,,,,,,,,,,,,,,,,,,,,,,,,,,,,,,,,,,,,,,,,,,,,,,,,2.0,TitansResolve,Redemption,Morellonomicon,,,,,,,,,,,,,,,,,,,,,,,,,,,,,2.0,,,,,,,,,,,,,,,,1.0,Morellonomicon,,,,,,,,,,,,,,,,,,,,,,,,,,,2.0,InfinityEdge,HextechGunblade,Zephyr,,,,,,,,,,,None,None,,,,,,,,,,,,,,,,,,,,,2.0,Bloodthirster,TitansResolve,GuardianAngel,,,,,,,,,,,,
2,EUW1_5971787715,TFT6_Augment_Distancing,TFT7_Augment_BruiserTitanicStrength,TFT7_Augment_TomeOfTraits2,1.0,0.0,1.0,3.0,,,1.0,,,,1.0,,0.0,0.0,,0.0,0.0,,,,,,,,1.0,,0.0,3.0,,,,,,,,,,,,,,,,,,,,,2.0,StatikkShiv,StatikkShiv,,,,,,,,,,,,,,,,,,,,,,,,,,2.0,GuinsoosRageblade,Bloodthirster,TitansResolve,,,,,,,,,,,,,,,,,,,,,2.0,,,,,,,,,,,,,,,,,,,,,,,,,,,,,,,,,,,,,,,,,,,,,,,,,,,,2.0,WarmogsArmor,Redemption,WhispersEmblemItem,1.0,BruiserEmblemItem,Bloodthirster,IonicSpark,2.0,FrozenHeart,,,,,,,,,,,,,,,,,,,1.0,,,,,,,,,,,,,,,,,,,,,,,,2.0,RedBuff,,,,,,,,,,,,,,,,,,,,,None,None,,,,,,,,,,,,,,,,,,,,,,,,,,,,,,,,,,,,
3,EUW1_5971787715,TFT6_Augment_LudensEcho1,TFT6_Augment_ComponentGrabBag,TFT7_Augment_CannoneerEmblem2,,,1.0,,3.0,,1.0,,1.0,0.0,1.0,,,,,1.0,,2.0,,,1.0,,,,,1.0,,,,,,,,,,,,,,,,,,,,,,,2.0,ShimmerscaleDiamondHands,NeedlesslyLargeRod,,,,,,2.0,GuinsoosRageblade,MadredsBloodrazor,LastWhisper,,,,,,,,,2.0,IonicSpark,RedBuff,TitansResolve,,,,,,,,,,,,,,,,,,,,,,,,,,,,,,,,,2.0,ThiefsGloves,RunaansHurricane,RunaansHurricane,,,,,,,,,,,,,,,,,,,,,2.0,,,,,,,,,,,,,,,,,,,,,,,,,,,,,,,,,,,,,,,,,,,,,,,,,,,,,,,,,,,,,,,,2.0,CannoneerEmblemItem,ArchangelsStaff,RunaansHurricane,,,,,,,,,,,,,,,,,,,,,,,,,,,,,3.0,TrainerSnax,None,None,2.0,Chalice,RunaansHurricane,,,,,,,,,,,,,,,,,,,,,,,,,,,,,,,,,
1,EUW1_5971787715,TFT6_Augment_ThrillOfTheHunt1,TFT7_Augment_ClutteredMind,TFT6_Augment_BandOfThieves2,,,1.0,0.0,,,1.0,,1.0,,1.0,2.0,0.0,,,2.0,,,,1.0,,,1.0,,0.0,0.0,,,,,,,3.0,InfinityEdge,JeweledGauntlet,SpearOfShojin,,,,,,,,,,,,,1.0,,,,,,,,,,,,,,,,,,,,,,,,2.0,ThiefsGloves,GargoyleStoneplate,RedBuff,,,,,,,,,,,,,2.0,ThiefsGloves,PowerGauntlet,Shroud,,,,,,,,,,,,,,,,,,,,,,,,,,,,,,,,,,,,,2.0,FrozenHeart,NeedlesslyLargeRod,RedBuff,,,,,2.0,Redemption,WarmogsArmor,RedBuff,,,,,,,,,,,,,2.0,,,,,,,,,,,,,,,,,,,,,,,,,,,,,,,,,,,,,,,,,,,,2.0,ArchangelsStaff,SpearOfShojin,RabadonsDeathcap,,,,,,,,,,,,,,,,,,,,,,,,,,,None,None,,,,,,,,,,,,,,,,,,,,,,,,,,,,,,,,,,,,
7,EUW1_5971787715,TFT7_Augment_AFK,TFT6_Augment_ComponentGrabBag,TFT6_Augment_ForceOfNature,,0.0,,,,,1.0,0.0,,0.0,,1.0,,,,,1.0,,,3.0,,,1.0,,,,,1.0,,,,,,,,,,,,,,,,,,,,,,,,,,,,,,,,,,,,,,,,,,,,,,,,,,,,,2.0,UnstableConcoction,,,,,,,2.0,,,,,,,,,,,,,,,,,,,,,,,,,,,,,,,,,,,,,,,,,,,,,,,,1.0,Redemption,RedBuff,,3.0,GuinsoosRageblade,Deathblade,Quicksilver,,,,,,,,,,,,,,,,,,,,,,,,,,,,,,,,,,,,,,,,,1.0,MadredsBloodrazor,UnstableConcoction,,,,,,,,,,1.0,,,,2.0,,,,,,,,,,,,,,,,,,,,1.0,,,,,,None,None,,,,,,,,,,,,,,,,,,,,,,,,,,,,,,,,,,,,
5,EUW1_5971787715,TFT6_Augment_TinyTitans,TFT7_Augment_DragonAlliance,TFT7_Augment_UrfsGrabBag2,,,1.0,1.0,,,2.0,,0.0,,1.0,,0.0,1.0,,1.0,,,,,0.0,1.0,,,2.0,1.0,,0.0,,,,,,,,,2.0,JeweledGauntlet,MadredsBloodrazor,GuinsoosRageblade,,,,,,,,,1.0,MageEmblemItem,,,,,,,,,,,,,,,,,,,,,,,,,,,,,,,,,,,,,,,,,,,,,,,2.0,,,,,,,,,,,,,,,,,,,,,,,,,,,,,,,,2.0,ThiefsGloves,RecurveBow,TitansResolve,,,,,,,,,,,,,,,,,,,,,1.0,Morellonomicon,,,,,,,,,,,,,,,,,,,,,,,,,,,,,,,,,,,,,,,,,,,,,,,,,,,2.0,GargoyleStoneplate,TitanicHydra,,,,,,,,,,,,,,,,,,3.0,TrainerSnax,None,None,,,,,,,,,,,,,,,,,,,,,,,,,,,,,,,,,1.0,ZekesHerald,JeweledGauntlet,
6,EUW1_5971787715,TFT6_Augment_Weakspot,TFT7_Augment_BestFriends2,TFT7_Augment_BestFriends3,,,1.0,1.0,2.0,,,,1.0,,1.0,,0.0,,,1.0,,3.0,,,,,,,0.0,1.0,,,,,,,,,,,,,,,,,,,,,,,1.0,RabadonsDeathcap,,,,,,,2.0,HextechGunblade,GuinsoosRageblade,MadredsBloodrazor,,,,,,,,,,,,,,,,,,,,,,,,,,,,,,,,,,,,,,,,,,,,,1.0,,,,,,,,,,,,,,,,,,,,,,,,2.0,ThiefsGloves,RunaansHurricane,SeraphsEmbrace,,,,,,,,,,,,,,,,,,,,,2.0,ThiefsGloves,GuinsoosRageblade,Quicksilver,,,,,,,,,,,,,,,,,,,,,,,,,,,,,,,,,,,,,2.0,Morellonomicon,SparringGloves,,,,,,,,,,,,,,2.0,LocketOfTheIronSolari,,,,,,,,,,,,,,,2.0,TrainerSnax,None,None,2.0,,,,,,,,,,,,,,,,,,,,,,,,,,,,,,,,,,,
8,EUW1_5971787715,TFT6_Augment_PandorasItems,TFT6_Augment_SecondWind2,TFT6_Augment_ForceOfNature,1.0,1.0,,1.0,,,1.0,,,,1.0,,0.0,0.0,,0.0,,,,,,,,1.0,1.0,,,1.0,,,,,,,,,,,,,,,,,,,,,,,,,,,,,,,,,,,,,,,,,,,,,,,,,1.0,AssassinEmblemItem,InfinityEdge,BFSword,,,,,,,,,,,,,,,,,,,,,2.0,RedBuff,GargoyleStoneplate,,,,,,,,,,,,,,,,,,,,,,,,,,,,,,3.0,,,,,,,,,,,,,,,,,,,,1.0,,,,,,,,2.0,,,,,,,,,,,,,,,,,,,,,,,,,,,,,,,,,,,,,,,,,,,,,,,,,,,,,,,,,,,,,,,,,,None,None,,,,,2.0,,,,3.0,RunaansHurricane,GuinsoosRageblade,Deathblade,,,,,,,,,,,,,,,,,,,,,,,,
8,EUW1_5971936122,TFT7_Augment_ShimmerscaleTrait,TFT7_Augment_BandOfThieves1,TFT7_Augment_DragonAlliance,1.0,,,0.0,,,,0.0,,,,,0.0,,,,1.0,,0.0,0.0,1.0,,,0.0,,,1.0,,2.0,,,,,,,,,,,,,,,,,,,,,,,,,,,,,,,,2.0,,,,,,,,,,,,,,,,,,,,,,,,,,,,,,,,,,,,,,,,,,,,,,,,,,,,2.0,,,,,,,,,,,,,,,,,,,,,,,,,,,,,,,,,,,,,,,,,,,,,,,,,,,,,,,,,,,,,,,,,,,,2.0,,,,,,,,,,,,,,,,,,,,2.0,,,,,,,,,,,,,,,,,,,,,,,,,,None,None,,,,,,,,,,,,,,,,,2.0,ThiefsGloves,GiantsBelt,RabadonsDeathcap,1.0,GuinsoosRageblade,MadredsBloodrazor,,,,,,,,,,,,,
7,EUW1_5971936122,TFT7_Augment_UrfsGrabBag1,TFT7_Augment_MageTrait,TFT6_Augment_JeweledLotus,,1.0,,0.0,,,1.0,,1.0,,1.0,,,3.0,,1.0,,,,,0.0,1.0,,,,1.0,,0.0,,,,,,,,,,,,,,,,,1.0,MageEmblemItem,JeweledGauntlet,InfinityEdge,,,,,,,,,,,,,,,,,,,,,,,,,,,,,,,,,,,,,,,,,,,,,,,,,1.0,,,,,,,,,,,,,,,,,,,,,,,,,,,,,,,,2.0,,,,2.0,,,,,,,,,,,,,,,,,,,,,,,,,,,,,,,,2.0,StatikkShiv,PowerGauntlet,RunaansHurricane,,,,,,,,,,,,,,,,,,,,,,,,,,,,,,,,,,,,,2.0,WarmogsArmor,WarmogsArmor,RedBuff,,,,,,,,,,,,,,,,,1.0,TrainerSnax,None,None,,,,,,,,,,,,,,,,,,,,,,,,,,,,,,,,,1.0,,,
3,EUW1_5971936122,TFT6_Augment_CyberneticImplants2,TFT6_Augment_PandorasItems,TFT7_Augment_GadgetExpert,,,,3.0,,,1.0,0.0,,,,,0.0,0.0,0.0,,0.0,0.0,,,,,,0.0,1.0,,1.0,2.0,,,,,,,,,,,,,,,,,,,,,,,,,,,,,,,,,,,,,,,,,,,,,,,,,2.0,InfinityEdge,Quicksilver,Bloodthirster,,,,,1.0,StatikkShiv,,,,,,,,,,,,,,,,,,,,,,,,,,,,,,,,,,,,,,,,,,,,,,,,,,,,,,,,,,,,,,,,,,,2.0,RedBuff,Bloodthirster,Morellonomicon,,,,,,,,,,,,,,,,,,,,,,,,,2.0,GargoyleStoneplate,,,,,,,,,,,,,,,,,,,,,,,1.0,,,,1.0,,,,,,,,,,,,,,,,,,None,None,,,,,,,,,,,,,,,,,,,,,,,,,1.0,BruiserEmblemItem,IonicSpark,ArchangelsStaff,,,,,,,,
5,EUW1_5971936122,TFT6_Augment_CyberneticImplants2,TFT6_Augment_LudensEcho1,TFT6_Augment_CyberneticUplink2,1.0,1.0,,1.0,,,,,,,2.0,,0.0,0.0,,0.0,,,,,,,,1.0,1.0,,,,,,,,,,,,,,,,,,,,,,,,,,,,,,,,,,,,,,,,,,,,,,,,,,,,,,,,,,,,,,,,,,,,,,,,,,,,2.0,GargoyleStoneplate,DragonsClaw,,,,,,,,,,,,,,,,,,,,,,,,,,,,,,3.0,ArchangelsStaff,,,,,,,,,,,,,,,,,,,1.0,,,,,,,,2.0,RedBuff,,,,,,,,,,,,,,,,,,,,,,,,,,,,,,,,,,,,,,,,,,,,,,,,,,,2.0,RedBuff,TitansResolve,,,,,,,,,,,,None,None,,,,,2.0,,,,3.0,GuinsoosRageblade,Deathblade,RunaansHurricane,,,,,,,,,,,,,,,,,,,,,,,,
6,EUW1_5971936122,TFT6_Augment_CyberneticUplink2,TFT6_Augment_Weakspot,TFT6_Augment_SunfireBoard,,,1.0,,,1.0,1.0,0.0,0.0,,1.0,,,,3.0,1.0,0.0,,,,,,,,,0.0,1.0,,,,,,,,,,,,,,,,,,,,,,1.0,,,,,,,,,,,,,,,,2.0,ArchangelsStaff,GuinsoosRageblade,MadredsBloodrazor,,,,,,,,,,,,,,,,,,,,,,,,,2.0,ChainVest,,,,,,,,,,,,,,,,,,,,,,,,,,,,,,,,,,,1.0,,,,,,,,,,,,,,,,2.0,GargoyleStoneplate,WarmogsArmor,,,,,,,,,,,,,,,,,,,,,,,,,,,,,,,,,,,,,,,,,,,,,,,,,,,,,,,,,,,,,,,,,,,,,,,,,,,,,,,,None,None,,,,,,,,,,,,,,,,,,,,,,,,,1.0,GuardianAngel,,,1.0,Zephyr,,,,,,
4,EUW1_5971936122,TFT6_Augment_CelestialBlessing2,TFT7_Augment_JadeEmblem,TFT6_Augment_Ascension,,,,,,,1.0,0.0,1.0,,,3.0,0.0,,,1.0,,,,1.0,,,1.0,0.0,,0.0,,,,,,,2.0,RabadonsDeathcap,,,,,,,2.0,,,,,,,,,,,,,,,,,,,,,,,,,,,,,,,,2.0,RapidFireCannon,TitansResolve,Bloodthirster,,,,,,,,,,,,,2.0,ThiefsGloves,SparringGloves,Chalice,,,,,,,,,,,,,,,,,,,,,,,,,,,,,,,,,,,,,2.0,JadeEmblemItem,,,,,,,1.0,RedBuff,ChainVest,LastWhisper,,,,,,,,,,,,,,,,,,,,,,,,,,,,,,,,,,,,,,,,,,,,,,,,,,,,,,,,,1.0,GuinsoosRageblade,,,,,,,,,,,,,,,,,,,,,,,,,,,,,None,None,,,,,,,,,,,,,,,,,,,,,,,,,,,,,,,,,,,,
2,EUW1_5971936122,TFT7_Augment_GadgetExpert,TFT7_Augment_MirageTrait,TFT6_Augment_CelestialBlessing2,,,1.0,1.0,,1.0,1.0,0.0,0.0,,1.0,,0.0,,3.0,1.0,0.0,,,,,,,,0.0,0.0,1.0,,,,,,,,,,,,,,,,,,,,,,2.0,,,,,,,,,,,,,,,,2.0,Quicksilver,GuinsoosRageblade,StatikkShiv,,,,,,,,,,,,,,,,,,,,,,,,,1.0,,,,,,,,,,,,,,,,,,,,,,,,,,,,,,,,,,,,2.0,,,,,,,,,,,,,,,,2.0,WarmogsArmor,RabadonsDeathcap,DragonsClaw,,,,,2.0,ThiefsGloves,Bloodthirster,HextechGunblade,,,,,,,,,,,,,,,,,,,,,,,,,1.0,,,,,,,,,,,,,,,,,,,,,,,,,,,,,,,,,,,,,,,,,,,,,,None,None,,,,,,,,,,,,,,,,,,,,,,,,,1.0,TearOfTheGoddess,FrozenHeart,MadredsBloodrazor,,,,,,,,
1,EUW1_5971936122,TFT6_Augment_Ascension,TFT7_Augment_BandOfThieves1,TFT6_Augment_Distancing2,,0.0,1.0,2.0,,,1.0,,,,2.0,,0.0,0.0,,0.0,,,,,,,,1.0,0.0,,,2.0,,,,,,,,,,,,,,,,,,,,,1.0,,,,,,,,,,,,,,,,,,,,,,,,,,,,2.0,ThiefsGloves,SpearOfShojin,GuardianAngel,,,,,,,,,,,,,,,,,,,,,3.0,ThiefsGloves,GiantsBelt,Redemption,,,,,,,,,,,,,,,,,,,,,,,,,,,,,,,,,,,,,,,,,,,,,,,,,2.0,RabadonsDeathcap,LocketOfTheIronSolari,,,,,,,,,,,,,,,,,,,,,,,,,,,,,,,,,,,,,,,,,,,,,,,,,,2.0,RedBuff,TitanicHydra,WarmogsArmor,,,,,,,,,,,,,,,,,,,None,None,,,,,1.0,,,,3.0,RunaansHurricane,InfinityEdge,GuinsoosRageblade,,,,,,,,,,,,,,,,,,,,,,,,
5,EUW1_5971839419,TFT7_Augment_AFK,TFT6_Augment_ThrillOfTheHunt1,TFT7_Augment_SwiftshotPressTheAttack,1.0,,,1.0,,1.0,,,,,3.0,,0.0,,,,1.0,,,,,,,1.0,1.0,,0.0,,,,,,,,,,,,,,,,,,,,,,,,,,,,,,,,,,,,,,,,,,,,,,,,,,,,,,,,,,,,,,,,,,2.0,Bloodthirster,,,,,,,,,,,,,,,,,,,,,,,,,,,,,,,,,,,,,,,,,,,,,,,,,,,,,,,,,,,2.0,,,,,,,,1.0,,,,,,,,1.0,,,,,,,,,,,,2.0,FrozenHeart,ChainVest,RedBuff,,,,,,,,,,,,,,,,,,,,,,,,,,,,,2.0,Bloodthirster,InfinityEdge,UnstableConcoction,,,,,,,,,,,None,None,,,,,2.0,StatikkShiv,,,,,,,,,,,,,,,2.0,GuinsoosRageblade,RunaansHurricane,MadredsBloodrazor,,,,,,,,,,,,
4,EUW1_5971839419,TFT7_Augment_AFK,TFT7_Augment_BestFriends1,TFT7_Augment_SwiftshotPressTheAttack,1.0,0.0,,1.0,,,,,,,2.0,,0.0,,,,0.0,,,,,,,1.0,1.0,,0.0,,,,,,,,,,,,,,,,,,,,,,,,,,,,,,,,,,,,,,,,,,,,,,,,,,,,,,,,,,,,,,,,,,,,,,,,,,3.0,RedBuff,FrozenHeart,Zephyr,,,,,,,,,,,,,,,,,,,,,,,,,,,,,,,,,,,,,,,,,,,,,,,,,1.0,AssassinEmblemItem,,,,,,,2.0,FrozenHeart,,,,,,,,,,,,,,,,,,,2.0,,,,,,,,,,,,,,,,,,,,,,,,,,,,,,,,1.0,LastWhisper,,,,,,,,,,,,,None,None,,,,,2.0,PowerGauntlet,,,3.0,MadredsBloodrazor,GuinsoosRageblade,GuardianAngel,,,,,,,,,,,,,,,,,,,,,,,,
2,EUW1_5971839419,TFT7_Augment_AFK,TFT6_Augment_Weakspot,TFT6_Augment_CelestialBlessing2,1.0,,,1.0,,1.0,,,,,3.0,,0.0,,,,1.0,,,,,,,1.0,1.0,,0.0,,,,,,,,,,,,,,,,,,,,,,,,,,,,,,,,,,,,,,,,,,,,,,,,,,,,,,,,,,,,,,,,,,2.0,IonicSpark,,,,,,,,,,,,,,,,,,,,,,,,,,,,,,,,,,,,,,,,,,,,,,,,,,,,,,,,,,,2.0,RedBuff,TitansResolve,TearOfTheGoddess,,,,,2.0,,,,,,,,1.0,,,,,,,,,,,,2.0,,,,,,,,,,,,,,,,,,,,,,,,,,,,,,,,2.0,InfinityEdge,IonicSpark,,,,,,,,,,,,None,None,,,,,1.0,ZekesHerald,,,,,,,,,,,,,,,2.0,GuinsoosRageblade,Deathblade,Quicksilver,,,,,,,,,,,,
3,EUW1_5971839419,TFT6_Augment_CyberneticShell1,TFT7_Augment_BruiserTrait,TFT6_Augment_Ascension,,,,1.0,,1.0,1.0,0.0,1.0,,,,,1.0,0.0,0.0,,0.0,0.0,,,,,,1.0,1.0,0.0,0.0,,,,,,,,,1.0,SpearOfShojin,ArchangelsStaff,HextechGunblade,,,,,,,,,,,,,,,,,,,,,,,,,,,,,,,,,,,,,,,,,,,,,,,,,,,,,,,,,2.0,,,,,,,,,,,,,,,,,,,,,,,,,,,,2.0,,,,2.0,,,,,,,,,,,,,,,,,,,,,,,,,,,,,,,,,,,,,,,,,,,,,,,,,,,,,,,,,,,,,,,,2.0,ArchangelsStaff,,,,,,,,,,,2.0,RedBuff,TitanicHydra,IonicSpark,,,,,,,,,,,,,,,,,3.0,TrainerSnax,None,None,,,,,,,,,,,,,,,,,,,,,,,,,1.0,RapidFireCannon,Bloodthirster,CavalierEmblemItem,,,,,,,,
1,EUW1_5971839419,TFT7_Augment_AFK,TFT7_Augment_ShimmerscaleEmblem,TFT6_Augment_Distancing2,0.0,,1.0,1.0,,0.0,,,,,3.0,,0.0,0.0,,0.0,1.0,,,,0.0,1.0,,1.0,1.0,,0.0,,,,,,,,,,,,,,,,,,,,,,1.0,,,,,,,,,,,,,,,,,,,,,,,,,,,,,,,,,,,,,,,,,,,,1.0,BrambleVest,,,,,,,,,,,,,,,,,,,,,,,,,,,,,,,,,,,,,,,,,,,,,,,,,,,,,,,,,,,1.0,DragonsClaw,Shroud,WarmogsArmor,,,,,1.0,RedBuff,FrozenHeart,,1.0,,,,,,,,,,,,,,,,1.0,,,,,,,,,,,,,,,,,,,,,,,,,,,,,,,,,,,,,,,,,,,,,,None,None,,,,,1.0,ShimmerscaleEmblemItem,,,,,,,,,,,,,,,2.0,MadredsBloodrazor,GuinsoosRageblade,InfinityEdge,,,,,,,,,3.0,ArchangelsStaff,Chalice,MadredsBloodrazor
6,EUW1_5971839419,TFT6_Augment_CelestialBlessing1,TFT7_Augment_BruiserTrait,TFT6_Augment_SunfireBoard,,,,2.0,1.0,,1.0,,1.0,,,,,0.0,,0.0,0.0,1.0,,,,,,,,1.0,0.0,2.0,,,,,,,,,,,,,,,,,,,,,,,,,,,,,2.0,InfinityEdge,MadredsBloodrazor,UnstableConcoction,,,,,,,,,,,,,,,,,1.0,GargoyleStoneplate,FrozenHeart,Redemption,,,,,,,,,,,,,,,,,,,,,,,,,,,,,,,,,,,,,,,,,,,,,,,,,2.0,,,,,,,,,,,,,,,,,,,,,,,,,,,,,,,,,,,,,,,,,,,,,,,,,,,,2.0,,,,,,,,,,,,2.0,,,,,,,,,,,,2.0,IonicSpark,Shroud,,,,,,,,,,,,,,,,,,4.0,TrainerSnax,None,None,2.0,,,,,,,,,,,,,,,,,,,,,,,,,,,,,,,,,,,
8,EUW1_5971839419,TFT6_Augment_PandorasItems,TFT6_Augment_Weakspot,TFT6_Augment_Diversify2,0.0,,1.0,0.0,,0.0,1.0,,,,4.0,1.0,0.0,,,1.0,,,,,,,,0.0,0.0,,,,,,,,,,,,,,,,,,,,,,,,1.0,NegatronCloak,,,,,,,,,,,,,,,,,,,,,,,1.0,MadredsBloodrazor,InfinityEdge,,,,,,,,,,,,,,,,,,,,,,,,,,,,,,,,,,,,,,,,,,,,,,,,,,,,,,,,,,,,,,,,,,,,,,,,,,,,,,1.0,,,,,,,,,,,,,,,,2.0,,,,,,,,,,,,,,,,,,,,,,,,,,,,,,,,,,,,,,,,,,,,1.0,SparringGloves,FrozenHeart,,,,,,,,,,,,None,None,,,,,1.0,,,,,,,,,,,,,,,,,,,,,,,,,,,,,,,
7,EUW1_5971839419,TFT7_Augment_Preparation,TFT6_Augment_Weakspot,TFT6_Augment_Diversify2,,1.0,,1.0,,,,0.0,,,1.0,0.0,0.0,0.0,,0.0,0.0,,,,,,,2.0,0.0,,,,,,,,,,,,,,,,1.0,,,,,,,,,,,,,,,,,,,,,,,,,,,,,,,,,,,,,,,,,,,,,,,,,,,,,,,,,,,,3.0,DragonsClaw,WarmogsArmor,RedBuff,,,,,,,,,,,,,,,,,,,,,,,,,,,,,3.0,,,,,,,,,,,,,,,,,,,,1.0,,,,,,,,,,,,,,,,,,,,,,,,,,,,,,,,,,,,,,,,,,,,,,,,,,,,,,,,,,,,,,,,,,,,,,,,,,None,None,,,,,2.0,,,,2.0,GuinsoosRageblade,StatikkShiv,MadredsBloodrazor,,,,,,,,,1.0,UnstableConcoction,,,,,,,,,,,,,,
6,EUW1_5971783127,TFT7_Augment_CannoneerHotShot,TFT6_Augment_LudensEcho1,TFT6_Augment_CyberneticShell2,0.0,,,,1.0,,1.0,,1.0,1.0,1.0,,,,,0.0,,1.0,,,1.0,,,,,1.0,,,,,,,,,,,,,,,,,,,,,,,,,,,,,,,2.0,GuinsoosRageblade,JeweledGauntlet,,,,,,,,,,1.0,TitanicHydra,,,,,,,,,,,,,,,,,,,,,,,,,,,,,,,,,,,,,,,,,,,,,,,,,,,,,,,,,,,2.0,,,,,,,,,,,,,,,,,,,,,,,,,,,,,,,,,,,,,,,,,,,,,,,,,,,,,,,,,,,,,,,,1.0,Morellonomicon,ShimmerscaleDiamondHands,,,,,,,,,,,,,,,,,,1.0,FrozenHeart,GuardianEmblemItem,,,,,,,,,,3.0,TrainerSnax,None,None,2.0,LocketOfTheIronSolari,,,,,,,,,,,,,,,,,,,,,,,,,,,,,,,,,,
3,EUW1_5971783127,TFT7_Augment_EvokerEssenceTheft,TFT7_Augment_BandOfThieves1,TFT7_Augment_JadeEternalProtection,,,1.0,,,,1.0,,1.0,,1.0,2.0,0.0,0.0,,2.0,,0.0,,1.0,,,,,,0.0,,,,,,,2.0,ThiefsGloves,WarmogsArmor,GargoyleStoneplate,,,,,,,,,,,,,2.0,,,,,,,,,,,,,,,,,,,,,,,,2.0,InfinityEdge,MadredsBloodrazor,GuardianAngel,,,,,,,,,,,,,2.0,,,,,,,,,,,,,,,,,,,,,,,,,,,,,,,,,,,,,,,,2.0,ThiefsGloves,DragonsClaw,HextechGunblade,,,,,2.0,RedBuff,Redemption,DragonsClaw,,,,,,,,,,,,,,,,,,,,,,,,,,,,,,,,,,,,,,,,,,,,,,,,,,,,,2.0,MageEmblemItem,GuinsoosRageblade,,,,,,,,,,,,,,,,,,,,,,,,,,,,,,,,None,None,,,,,,,,,,,,,,,,,,,,,,,,,,,,,,,,,,,,
1,EUW1_5971783127,TFT6_Augment_Meditation2,TFT6_Augment_SecondWind1,TFT6_Augment_Diversify2,,,1.0,,1.0,,1.0,,1.0,1.0,1.0,0.0,,,,1.0,,1.0,,,1.0,,1.0,,,1.0,,0.0,,,,,,,,,,,,,,,,,,,,,2.0,ArchangelsStaff,,,,,,,2.0,GuinsoosRageblade,ShimmerscaleDiamondHands,UnstableConcoction,,,,,,,,,2.0,GargoyleStoneplate,Redemption,RedBuff,,,,,,,,,,,,,,,,,,,,,,,,,,,,,,,,,,,,,,,,,,,,,,,,,,,,,,,,,2.0,Chalice,SparringGloves,,,,,,,,,,,,,,,,,,,,,,,,,,,,,,,,,,,,,,,,,,,,,,,,,,,,,,,,,,,,,,2.0,Morellonomicon,PowerGauntlet,SpearOfShojin,2.0,ThiefsGloves,RunaansHurricane,TitanicHydra,,,,,,,,,,,,,,,,,,,,,2.0,,,,4.0,TrainerSnax,None,None,2.0,,,,,,,,,,,,,,,,,,,,,,,,,,,,,,,,,,,
7,EUW1_5971783127,TFT6_Augment_RichGetRicher,TFT7_Augment_AxiomArc1,TFT7_Augment_GuildEmblem,1.0,,,1.0,,0.0,,,,,3.0,,0.0,,,,1.0,,,,,,,1.0,1.0,,0.0,,,,,,,,,,,,,,,,,,,,,,,,,,,,,,,,,,,,,,,,,,,,,,,,,,,,,,,,,,,,,,,,,,2.0,DragonsClaw,Redemption,Morellonomicon,,,,,,,,,,,,,,,,,,,,,,,,,,,,,,,,,,,,,,,,,,,,,,,,,,,,,,,,,1.0,,,,,,,,2.0,,,,,,,,,,,,,,,,,,,,2.0,,,,,,,,,,,,,,,,,,,,,,,,,,,,,,,,2.0,TitansResolve,RapidFireCannon,RunaansHurricane,,,,,,,,,,,None,None,,,,,2.0,,,,,,,,,,,,,,,,2.0,GuinsoosRageblade,GuildEmblemItem,MadredsBloodrazor,,,,,,,,,,,,
4,EUW1_5971783127,TFT6_Augment_CyberneticUplink2,TFT6_Augment_CyberneticUplink1,TFT7_Augment_FirstAidKit2,0.0,,,,,2.0,1.0,,,0.0,2.0,,,,3.0,,0.0,,,,,,,,,,0.0,,,,,,,,,,,,,,,,,,,,,,,,,,,,,,,,,,,,,,2.0,UnstableConcoction,StatikkShiv,JeweledGauntlet,,,,,,,,,,,,,,,,,,,,,,,,,2.0,MirageEmblemItem,SeraphsEmbrace,GargoyleStoneplate,,,,,,,,,,,,,,,,,,,,,,,,,1.0,,,,,,,,,,,,,,,,,,,,,,,,2.0,RedBuff,,,,,,,,,,,,,,,,,,,,,,,2.0,TearOfTheGoddess,,,,,,,,,,,,,,,,,,,,,,,,,,,,,,,,,,,,,,,,,,,1.0,RunaansHurricane,,,,,,,,,,,,,None,None,,,,,,,,,,,,,,,,,,,,,,,,,,,,,2.0,Bloodthirster,,,,,,
2,EUW1_5971783127,TFT7_Augment_SwiftshotPressTheAttack,TFT6_Augment_SecondWind1,TFT6_Augment_ComponentGrabBag,1.0,1.0,,1.0,,,,0.0,,,2.0,,,1.0,0.0,0.0,,,,,0.0,1.0,,1.0,,,0.0,1.0,,,,,,,,,,,,,,,,,,,,,,,,,,,,,,,,,,,,,,,,,,,,,,,,,,,,,,,,,,,,,,,,,,,,,,,,,3.0,GargoyleStoneplate,Redemption,IonicSpark,,,,,,,,,,,,,,,,,,,,,,,,,,,,,3.0,GuinsoosRageblade,ZekesHerald,Morellonomicon,,,,,,,,,,,,,,,,,,,,,1.0,,,,,,,,,,,,,,,,,,,,,,,,,,,,,,,,,,,,,,,,,,,,,,,,2.0,,,,,,,,2.0,UnstableConcoction,,,,,,,,,,,,,None,None,,,,,2.0,,,,3.0,GuinsoosRageblade,Deathblade,UnstableConcoction,,,,,,,,,,,,,2.0,,,,,,,,2.0,SpearOfShojin,,
8,EUW1_5971783127,TFT7_Augment_DragonmancerInspire,TFT6_Augment_PandorasItems,TFT6_Augment_PortableForge,,,,,,,1.0,1.0,,,,2.0,0.0,,0.0,0.0,,,,0.0,0.0,,,0.0,,,0.0,,,,,,,,,,,,,,2.0,,,,,,,,,,,,,,,,,,,,,,,,,,,,,,,,1.0,Bloodthirster,OrnnZhonyasParadox,FrozenHeart,,,,,,,,,,,,,,,,,,,,,,,,,,,,,,,,,1.0,,,,,,,,,,,,,,,,,,,,,,,,,,,,2.0,,,,,,,,,,,,,,,,,,,,,,,,,,,,,,,,,,,,,,,,,,,,,,,,,,,,,,,,,,,,,,,,,,,,,,,,,,,,,,,,,,,,,,,,,,None,None,,,,,,,,,,,,,,,,,2.0,GuinsoosRageblade,Bloodthirster,Quicksilver,,,,,1.0,SparringGloves,,,,,,,,,,
5,EUW1_5971783127,TFT7_Augment_MageConference,TFT6_Augment_ItemGrabBag1,TFT7_Augment_MageEmblem,,0.0,,0.0,,1.0,,,0.0,,2.0,,,3.0,,1.0,,,0.0,,,,,,,1.0,,0.0,,,,,,,,,,,,,,,,,,,,,,,,,,,,,,,,,,,,,,,,,,,,,,,,,,,,,,,,,,,,,,,,,,,,,3.0,,,,,,,,,,,,,,,,,,,,,,,,,,,,3.0,DragonsClaw,Zephyr,,1.0,MageEmblemItem,,,3.0,,,,,,,,,,,,,,,,,,,,,,,,,,,,,,,,2.0,SpearOfShojin,UnstableConcoction,ArchangelsStaff,1.0,,,,,,,,,,,,,,,,,,,,,,,,,,,,,,,,,,,,2.0,GargoyleStoneplate,RedBuff,WarmogsArmor,,,,,,,,,,,,,,,,,3.0,TrainerSnax,None,None,,,,,,,,,,,,,3.0,Shroud,,,,,,,,,,,,,,,,,,,,,,
3,EUW1_5971028412,TFT6_Augment_Electrocharge2,TFT7_Augment_MageTrait,TFT6_Augment_Meditation1,,1.0,,1.0,,,,,0.0,,1.0,,,3.0,,1.0,,,,,0.0,1.0,,,,1.0,,0.0,,,,,,,,,,,,,,,,,,,,,,,,,,,,,,,,,,,,,,,,,,,,,,,,,,,,,,,,,,,,,,,,,,,,,2.0,,,,2.0,,,,,,,,,,,,,,,,,,,,,,,,,,,,2.0,,,,2.0,GuardianAngel,GuinsoosRageblade,Morellonomicon,,,,,,,,,,,,,,,,,,,,,,,,,,,,,2.0,SpearOfShojin,GuinsoosRageblade,JeweledGauntlet,,,,,,,,,,,,,,,,,,,,,,,,,,,,,,,,,,,,,2.0,RedBuff,IonicSpark,PowerGauntlet,,,,,,,,,,,,,,,,,2.0,TrainerSnax,None,None,,,,,,,,,,,,,2.0,,,,,,,,,,,,,,,,,,,,1.0,GuinsoosRageblade,Zephyr,SparringGloves
6,EUW1_5971028412,TFT6_Augment_BlueBattery2,TFT6_Augment_ItemGrabBag1,TFT6_Augment_PandorasItems,,,,,,,,1.0,,1.0,,1.0,,,0.0,,,,,,,,,1.0,1.0,,,,,,,,,,,,,,,,2.0,,,,,,,,,,,,,,,,,,,,,,,,,,,,,,,,,,,,,,,,,,,,2.0,GuinsoosRageblade,GuinsoosRageblade,SeraphsEmbrace,,,,,,,,,,,,,,,,,,,,,2.0,JeweledGauntlet,SeraphsEmbrace,InfinityEdge,,,,,2.0,,,,3.0,RedBuff,DragonsClaw,,,,,,,,,,,,,,,,,,,,,,,,,,,,,,,,,,,,,,,,,,,,,,,,,,,,,,,,,,,,,,,,,,,,,,,,,,,,,,,,,,,,,,,,,,,,,,2.0,,,,,,,,,,None,None,,,,,,,,,,,,,,,,,,,,,,,,,,,,,,,,,,,,
8,EUW1_5971028412,TFT7_Augment_JadePenitence,TFT6_Augment_ThrillOfTheHunt1,TFT6_Augment_ItemGrabBag1,,,,,,,1.0,0.0,0.0,,,2.0,0.0,,,0.0,,,,1.0,,,,0.0,0.0,,,,,,,,2.0,Morellonomicon,SeraphsEmbrace,,,,,,2.0,SeraphsEmbrace,,,,,,,,,,,,,,,,,,,,,,,,,,,,,,,1.0,TitansResolve,Bloodthirster,,,,,,,,,,,,,,1.0,,,,,,,,,,,,,,,,,,,,,,,,,,,,1.0,BFSword,,,,,,,,,,,,,,,,,,,1.0,Quicksilver,,,,,,,,,,,,,,,,,,,,,,,,,,,,,,,,,,,,,,,,,,,,,,,,,,,,,,,,,,,,,,,,,,,,,,,,,,,,,,,,,,,,,,,,,None,None,,,,,,,,,,,,,,,,,,,,,,,,,,,,,,,,,,,,
7,EUW1_5971028412,TFT7_Augment_EvokerEmblem,TFT6_Augment_Weakspot,TFT6_Augment_Meditation1,0.0,,,1.0,,,,0.0,1.0,0.0,1.0,,0.0,1.0,1.0,0.0,,,,,,,,,1.0,1.0,0.0,0.0,,,,,,,,,,,,,,,,,,,,,,,,,,,,,,,,,,,,,,,,,,,,,,,,,,,,,,,,,,,,,,,,,,,,,2.0,,,,,,,,,,,,,,,,,,,,,,,,1.0,,,,,,,,2.0,,,,,,,,,,,,,,,,,,,,,,,,1.0,,,,,,,,1.0,GuinsoosRageblade,,,2.0,HextechGunblade,EvokerEmblemItem,SpearOfShojin,,,,,,,,,,,,,,,,,,,,,,,,,,,,,,,,,,,,,1.0,FrozenHeart,DragonsClaw,GargoyleStoneplate,,,,,,,,,,,,,,,,,2.0,TrainerSnax,None,None,,,,,,,,,,,,,,,,,,,,,,,,,2.0,ThiefsGloves,TearOfTheGoddess,Morellonomicon,,,,,,,,
1,EUW1_5971028412,TFT6_Augment_RichGetRicher,TFT6_Augment_SecondWind1,TFT7_Augment_CannoneerTrait,1.0,,,,2.0,,1.0,0.0,1.0,1.0,1.0,,,,0.0,0.0,,1.0,,,1.0,,,,,1.0,0.0,0.0,,,,,,,,,,,,,,,,,,,,,,,,,,,,,2.0,ShimmerscaleDravensAxe,GuinsoosRageblade,UnstableConcoction,,,,,,,,,2.0,RedBuff,GargoyleStoneplate,BrambleVest,,,,,,,,,,,,,,,,,,,,,,,,,,,,,,,,,,,,,,,,,,,,,,,,,,,,,,,,,2.0,Shroud,,,,,,,,,,,,,,,,,,,,,,,,,,,2.0,Shroud,HextechGunblade,ArchangelsStaff,,,,,,,,,,,,,,,,,,,,,,,,,,,,,,,,,2.0,GuinsoosRageblade,GuinsoosRageblade,,,,,,,,,,,,,,,,,,2.0,FrozenHeart,RunaansHurricane,,,,,,,,,,4.0,TrainerSnax,None,None,2.0,LocketOfTheIronSolari,,,,,,,,,,,,,,,,,,,,,,,1.0,GuardianEmblemItem,GiantsBelt,,,,,,,,,
5,EUW1_5971028412,TFT6_Augment_TriForce2,TFT6_Augment_Meditation1,TFT6_Augment_PandorasItems,,0.0,1.0,1.0,,,,,0.0,,2.0,,,2.0,,2.0,,,,,0.0,1.0,,,,1.0,,0.0,,,,,,,,,,,,,,,,,,,,,1.0,,,,,,,,,,,,,,,,,,,,,,,,,,,,,,,,,,,,,,,,,,,,,,,,2.0,,,,2.0,TitanicHydra,LocketOfTheIronSolari,,,,,,,,,,,,,,,,,,,,,,,,,,1.0,,,,3.0,ArchangelsStaff,SpearOfShojin,HextechGunblade,,,,,,,,,,,,,,,,,,,,,,,,,,,,,2.0,StatikkShiv,SpearOfShojin,MadredsBloodrazor,,,,,,,,,,,,,,,,,,,,,,,,,,,,,,,,,,,,,1.0,GargoyleStoneplate,DragonsClaw,TitansResolve,,,,,,,,,,,,,,,,,2.0,TrainerSnax,None,None,,,,,,,,,,,,,,,,,,,,,,,,,,,,,,,,,1.0,,,
2,EUW1_5971028412,TFT6_Augment_MetabolicAccelerator,TFT6_Augment_Weakspot,TFT7_Augment_BandOfThieves1,1.0,,1.0,1.0,,0.0,,0.0,,,3.0,,0.0,0.0,0.0,0.0,1.0,,,,,,,1.0,1.0,,1.0,,,,,,,,,,,,,,,,,,,,,,2.0,ThiefsGloves,StatikkShiv,Deathblade,,,,,,,,,,,,,,,,,,,,,,,,,,,,,,,,,,,,,,,,,2.0,GiantsBelt,TitanicHydra,RedBuff,,,,,,,,,,,,,,,,,,,,,,,,,,,,,,,,,,,,,,,,,,,,,,,,,,,,,,,,,2.0,GargoyleStoneplate,MageEmblemItem,WarmogsArmor,,,,,2.0,,,,,,,,,,,,,,,,,,,,2.0,DragonsClaw,,,,,,,,,,,,,,,,,,,,,,,,,,,,,,,2.0,ThiefsGloves,Morellonomicon,GuardianAngel,,,,,,,,,,,None,None,,,,,2.0,Shroud,,,,,,,,,,,,,,,2.0,MadredsBloodrazor,MadredsBloodrazor,MadredsBloodrazor,2.0,ThiefsGloves,Redemption,BrambleVest,,,,,,,,
4,EUW1_5971028412,TFT6_Augment_SalvageBin,TFT6_Augment_Meditation1,TFT7_Augment_BestFriends1,,1.0,,1.0,,0.0,,,0.0,,2.0,,,1.0,,1.0,,,,,,,,1.0,,1.0,,0.0,,,,,,,,,,,,,,,,,,,,,,,,,,,,,,,,,,,,,,,,,,,,,,,,,,,,,,,,,,,,,,,,,,,,,1.0,,,,3.0,ThiefsGloves,RapidFireCannon,Bloodthirster,,,,,,,,,,,,,,,,,,,,,,,,,2.0,Zephyr,Redemption,Shroud,3.0,,,,,,,,,,,,,,,,,,,,,,,,,,,,,,,,,,,,1.0,,,,,,,,,,,,,,,,,,,,,,,,,,,,,,,,,,,,2.0,RedBuff,Redemption,Shroud,,,,,,,,,,,,,,,,,1.0,TrainerSnax,None,None,,,,,1.0,Shroud,RunaansHurricane,,3.0,MadredsBloodrazor,GuinsoosRageblade,UnstableConcoction,,,,,,,,,,,,,,,,,,,,,,,,
4,EUW1_5971012081,TFT6_Augment_TriForce2,TFT6_Augment_SecondWind1,TFT6_Augment_JeweledLotus,,1.0,,1.0,,,,,0.0,,1.0,,,1.0,,1.0,,,,,,,,1.0,,1.0,,0.0,,,,,,,,,,,,,,,,,,,,,,,,,,,,,,,,,,,,,,,,,,,,,,,,,,,,,,,,,,,,,,,,,,,,,2.0,,,,3.0,Zephyr,BrambleVest,GiantsBelt,,,,,,,,,,,,,,,,,,,,,,,,,2.0,,,,3.0,GuinsoosRageblade,,,,,,,,,,,,,,,,,,,,,,,,,,,,,,,,,,,,,,,,,,,,,,,,,,,,,,,,,,,,,,,,,,,,,,,2.0,Redemption,RabadonsDeathcap,,,,,,,,,,,,,,,,,,4.0,TrainerSnax,None,None,,,,,2.0,,,,3.0,GuinsoosRageblade,Deathblade,RunaansHurricane,,,,,,,,,,,,,,,,,,,,,,,,
6,EUW1_5971012081,TFT6_Augment_Traitless2,TFT6_Augment_CyberneticUplink1,TFT6_Augment_SecondWind2,,,,0.0,0.0,0.0,,0.0,,0.0,,0.0,0.0,,0.0,,0.0,0.0,,0.0,,,,0.0,0.0,,0.0,,,,,,,,,,,,,,,,,,,,,,,,,,,,,,2.0,ArchangelsStaff,,,,,,,,,,,,,,,,,,,,,,,,,,,,,,,,,,,1.0,,,,,,,,,,,,,,,,,,,,,,,,,,,,,,,,,,,,,,,,,,,,1.0,RedBuff,WarmogsArmor,,,,,,,,,,,,,,1.0,,,,,,,,,,,,,,,,,,,,,,,,,,,,,,,,,,,,,,,,,,,,,,,,,,,,,,,,,,,,,,,,2.0,,,,,,,,,,None,None,,,,,,,,,,,,,,,,,,,,,2.0,MadredsBloodrazor,GuinsoosRageblade,GuinsoosRageblade,2.0,Bloodthirster,IonicSpark,,,,,,,,,
8,EUW1_5971012081,TFT7_Augment_CannoneerRicochet,TFT6_Augment_TinyTitans,TFT6_Augment_ComponentGrabBag,,,,,3.0,,1.0,,1.0,0.0,,,,,,0.0,0.0,2.0,,,1.0,,,,,1.0,,,,,,,,,,,,,,,,,,,,,,,,,,,,,,,2.0,MadredsBloodrazor,HextechGunblade,GuinsoosRageblade,,,,,,,,,1.0,RedBuff,ShimmerscaleDiamondHands,Redemption,,,,,,,,,,,,,,,,,,,,,,,,,,,,,,,,,2.0,,,,,,,,,,,,,,,,,,,,,,,,2.0,Chalice,,,,,,,,,,,,,,,,,,,,,,,,,,,,,,,,,,,,,,,,,,,2.0,ChainVest,,,,,,,,,,,,,,,,,,,2.0,ThiefsGloves,SeraphsEmbrace,RabadonsDeathcap,,,,,,,,,,,,,,,,,,,,,,,,,,,,,2.0,TrainerSnax,None,None,2.0,GuinsoosRageblade,,,,,,,,,,,,,,,,,,,,,,,,,,,,,,,,,,
3,EUW1_5971012081,TFT6_Augment_CyberneticUplink2,TFT7_Augment_CannoneerTrait,TFT7_Augment_UrfsGrabBag1,,,1.0,,2.0,,1.0,0.0,1.0,1.0,1.0,,,,0.0,1.0,,1.0,,,1.0,,,,,1.0,0.0,0.0,,,,,,,,,,,,,,,,,,,,,1.0,NeedlesslyLargeRod,,,,,,,2.0,Bloodthirster,LastWhisper,InfinityEdge,,,,,,,,,2.0,RedBuff,DragonsClaw,,,,,,,,,,,,,,,,,,,,,,,,,,,,,,,,,,,,,,,,,,,,,,,,,,,,,,,,,,2.0,Chalice,,,,,,,,,,,,,,,,,,,,,,,,,,,,,,,,,,,,,,,,,,,,,,,,,,,,,,,,,,,,,,,2.0,ZekesHerald,,,,,,,,,,,,,,,,,,,,,,,,,,,2.0,ForceOfNature,,,3.0,TrainerSnax,None,None,2.0,GuinsoosRageblade,,,,,,,,,,,,,,,,,,,,,,,1.0,ShimmerscaleDiamondHands,Bloodthirster,Bloodthirster,,,,,,,,
5,EUW1_5971012081,TFT7_Augment_BestFriends2,TFT7_Augment_BandOfThieves1,TFT7_Augment_AssassinEmblem,3.0,,,2.0,,,,0.0,,,1.0,,0.0,,0.0,,0.0,,1.0,,0.0,,,,1.0,,1.0,,,,,,,,,,,,,,,,,,,,,,,,,,,,,,,,,,2.0,FrozenHeart,InfinityEdge,RedBuff,,,,,,,,,,,,,,,,,,,,,,,,,,,,,,,,,,,,,,,,,,,,,,,,,2.0,BruiserEmblemItem,,,,,,,,,,,,,,,,,,,,,,,,,,,,,,,,,,,2.0,InfinityEdge,AssassinEmblemItem,Quicksilver,1.0,InfinityEdge,,,,,,,2.0,,,,,,,,,,,,,,,,,,,,2.0,AssassinEmblemItem,,,,,,,,,,,,,,,,,,,,,,,,,,,,,,,2.0,ThiefsGloves,DragonsClaw,HextechGunblade,,,,,,,,,,,None,None,,,,,,,,,,,,,,,,,,,,,,,,,1.0,,,,,,,,,,,
2,EUW1_5971012081,TFT6_Augment_CyberneticImplants2,TFT7_Augment_CavalierTrait,TFT7_Augment_SwiftshotPressTheAttack,1.0,,1.0,1.0,,2.0,,,,,4.0,,0.0,,,0.0,1.0,,,,,,,1.0,1.0,,0.0,,,,,,,,,,,,,,,,,,,,,,1.0,,,,,,,,,,,,,,,,,,,,,,,,,,,,,,,,,,,,,,,,,,,,2.0,ThiefsGloves,JeweledGauntlet,ArchangelsStaff,,,,,,,,,,,,,,,,,,,,,,,,,,,,,,,,,,,,,,,,,,,,,,,,,,,,,,,,,2.0,RedBuff,TitansResolve,,,,,,2.0,FrozenHeart,IonicSpark,SeraphsEmbrace,,,,,2.0,,,,,,,,,,,,1.0,PowerGauntlet,,,,,,,,,,,,,,,,,,,,,,,,,,,,,,,2.0,ThiefsGloves,ArchangelsStaff,Morellonomicon,,,,,,,,,,,None,None,,,,,2.0,,,,,,,,,,,,,,,,2.0,MadredsBloodrazor,Quicksilver,InfinityEdge,,,,,,,,,,,,
7,EUW1_5971012081,TFT7_Augment_AssassinEmblem,TFT6_Augment_SecondWind1,TFT6_Augment_Ascension,3.0,,,1.0,,,,,,,1.0,,0.0,,,,0.0,,1.0,,,,,,1.0,,1.0,0.0,,,,,,,,,,,,,,,,,,,,,,,,,,,,,,,,,2.0,RedBuff,IonicSpark,,,,,,,,,,,,,,,,,,,,,,,,,,,,,,,,,,,,,,,,,,,,,,,,,,,,,,,,,,,,,,,,,,,,,,,,,,,,,,,,,,,,,,2.0,GuinsoosRageblade,InfinityEdge,AssassinEmblemItem,1.0,AssassinEmblemItem,,,1.0,SpearOfShojin,UnstableConcoction,FrozenHeart,2.0,,,,,,,,,,,,,,,,,,,,2.0,,,,,,,,,,,,,,,,,,,,,,,,,,,,,,,,1.0,,,,,,,,,,,,,,None,None,,,,,,,,,,,,,,,,,,,,,,,,,,,,,,,,,,,,
1,EUW1_5971012081,TFT7_Augment_BruiserPersonalTraining,TFT7_Augment_BruiserTrait,TFT6_Augment_CyberneticUplink2,1.0,,,2.0,,,1.0,0.0,,,1.0,,0.0,,0.0,,0.0,0.0,,,,,,,1.0,,1.0,2.0,,,,,,,,,,,,,,,,,,,,,,,,,,,,,,,,,,,,,,,,,,,,,,,,,2.0,TitansResolve,Bloodthirster,InfinityEdge,,,,,,,,,,,,,,,,,,,,,,,,,,,,,,,,,,,,,,,,,,,,,,,,,,,,,,,,,,,,,,,,,,,,,,,,,2.0,NegatronCloak,GargoyleStoneplate,,2.0,TearOfTheGoddess,,,2.0,FrozenHeart,,,,,,,,,,,,,,,,,,,2.0,StatikkShiv,,,,,,,,,,,,,,,,,,,,,,,,,,,2.0,RedBuff,,,1.0,,,,,,,,,,,,,,None,None,,,,,,,,,,,,,,,,,,,,,,,,,2.0,Quicksilver,Deathblade,GuinsoosRageblade,,,,,,,,
7,EUW1_5970975085,TFT6_Augment_BlueBattery2,TFT6_Augment_TomeOfTraits1,TFT6_Augment_JeweledLotus,,0.0,1.0,0.0,,,,,1.0,,2.0,,0.0,2.0,,2.0,,0.0,,,0.0,1.0,,,0.0,1.0,,,,,,,,,,,,,,,,,,,,,,,1.0,Morellonomicon,,,,,,,,,,,,,,,,,,,,,,,,,,,,,,,,,,,,,,,,,,,,,,,2.0,,,,,,,,,,,,,,,,,,,,,,,,,,,,,,,,1.0,,,,2.0,,,,,,,,,,,,,,,,,,,,1.0,IonicSpark,,,,,,,,,,,1.0,,,,,,,,,,,,,,,,,,,,,,,,,,,,2.0,ArchangelsStaff,MageEmblemItem,SpearOfShojin,,,,,,,,,,,,,,,,,,,,,,,,,,,,,2.0,TrainerSnax,None,None,,,,,,,,,,,,,,,,,,,,,,,,,,,,,,,,,1.0,,,
8,EUW1_5970975085,TFT7_Augment_CavalierEmblem,TFT6_Augment_ComponentGrabBag,TFT7_Augment_PandorasBench,,,,,,3.0,1.0,,,0.0,1.0,,,,3.0,,0.0,,,,,,,,,,0.0,,,,,,,,,,,,,,,,,,,,,,,,,,,,,,,,,,,,,,2.0,MadredsBloodrazor,InfinityEdge,RecurveBow,,,,,,,,,,,,,,,,,,,,,,,,,2.0,NegatronCloak,,,,,,,,,,,,,,,,,,,,,,,,,,,2.0,RedBuff,CavalierEmblemItem,SeraphsEmbrace,,,,,,,,,,,,,,,,,,,,,2.0,ThiefsGloves,NeedlesslyLargeRod,ArchangelsStaff,,,,,,,,,,,,,,,,,,,,,2.0,,,,,,,,,,,,,,,,,,,,,,,,,,,,,,,,,,,,,,,,,,,,,,,,,,,,,,,,,,None,None,,,,,,,,,,,,,,,,,,,,,,,,,,,,,1.0,,,,,,,
3,EUW1_5970975085,TFT6_Augment_MakeshiftArmor2,TFT7_Augment_MageEmblem,TFT7_Augment_AstralIntercosmicGifts,,1.0,1.0,1.0,,0.0,,,,,2.0,,,3.0,,1.0,,,0.0,,0.0,1.0,,,,,,0.0,,,,,,,,,,,,,,,,,,,,,1.0,,,,,,,,,,,,,,,,,,,,,,,,,,,,,,,,,,,,,,,,,,,,,,,,,,,,3.0,DragonsClaw,MageEmblemItem,Shroud,,,,,,,,,,,,,,,,,,,,,2.0,,,,,,,,3.0,StatikkShiv,SpearOfShojin,,,,,,,,,,,,,,,,,,,,,,,,,,,,,,2.0,ThiefsGloves,RunaansHurricane,MadredsBloodrazor,,,,,,,,,,,,,,,,,,,,,,,,,,,,,,,,,,,,,2.0,,,,,,,,,,,,,,,,,,,,,,None,None,,,,,,,,,,,,,2.0,TitanicHydra,,,,,,,,,,,,,,,,,,,2.0,ZekesHerald,RabadonsDeathcap,Quicksilver
6,EUW1_5970975085,TFT7_Augment_EvokerEmblem,TFT6_Augment_SecondWind2,TFT6_Augment_FuturePeepers,,1.0,,1.0,,,,,1.0,,,,,1.0,,1.0,,,,,,,,,,1.0,,,,,,,,,,,,,,,,,,,,,,,,,,,,,,,,,,,,,,,,,,,,,,,,,,,,,,,,,,,,,,,,,,,,,,,2.0,EvokerEmblemItem,,,2.0,WarmogsArmor,RedBuff,TitansResolve,,,,,,,,,,,,,,,,,,,,,,,,,2.0,,,,3.0,SpearOfShojin,StatikkShiv,,,,,,,,,,,,,,,,,,,,,,,,,,,,,,,,,,,,,,,,,,,,,,,,,,,,,,3.0,Zephyr,WarmogsArmor,DragonsClaw,,,,,,,,,,,,,,,,,,,,,,,,,,,,,,,,,3.0,TrainerSnax,None,None,,,,,,,,,,,,,2.0,,,,,,,,,,,,,,,,,,,,,,,
2,EUW1_5970975085,TFT7_Augment_CannoneerHotShot,TFT7_Augment_CannoneerRicochet,TFT7_Augment_CannoneerEmblem,,,1.0,,4.0,,1.0,,0.0,1.0,1.0,,,,,1.0,0.0,1.0,0.0,,1.0,,,,,1.0,,,,,,,,,,,,,,,,,,,,,,,1.0,,,,3.0,Redemption,RedBuff,FrozenHeart,1.0,ShimmerscaleDravensAxe,InfinityEdge,,,,,,,,,,2.0,ThiefsGloves,StatikkShiv,Deathblade,,,,,,,,,,,,,,,,,,,,,,,,,,,,,,,,,2.0,,,,,,,,,,,,,,,,,,,,,,,,2.0,TearOfTheGoddess,CannoneerEmblemItem,ZekesHerald,,,,,,,,,,,,,,,,,,,,,,,,,,,,,,,,,,,,,,,,,2.0,Zephyr,,,,,,,,,,,,,,,,,,,,,,,,,,,,,,,,,,,,,,,,,,,,,,,,,,,4.0,TrainerSnax,None,None,3.0,GuinsoosRageblade,MadredsBloodrazor,Quicksilver,,,,,,,,,,,,,,,,,,,,,,,,,,,,,,,,
1,EUW1_5970975085,TFT7_Augment_GuildEmblem,TFT7_Augment_BestFriends2,TFT6_Augment_CyberneticImplants2,1.0,,,1.0,,1.0,,0.0,,,4.0,,0.0,,0.0,,1.0,,,,,,,1.0,1.0,,1.0,,,,,,,,,,,,,,,,,,,,,,,,,,,,,,,,,,,,,,,,,,,,,,,,,,,,,,,,,,,,,,,,,,2.0,NeedlesslyLargeRod,GuildEmblemItem,,,,,,,,,,,,,,,,,,,,,,,,,,,,,,,,,,,,,,,,,,,,,,,,,,,,,,,,,,2.0,RedBuff,SpearOfShojin,WarmogsArmor,,,,,2.0,,,,,,,,2.0,,,,,,,,,,,,2.0,NeedlesslyLargeRod,,,,,,,,,,,,,,,,,,,,,,,,,,,,,,,2.0,ThiefsGloves,RunaansHurricane,RunaansHurricane,,,,,,,,,,,None,None,,,,,2.0,ZekesHerald,MadredsBloodrazor,,,,,,,,,,,,,,2.0,MadredsBloodrazor,GuinsoosRageblade,MadredsBloodrazor,2.0,AssassinEmblemItem,IonicSpark,,,,,,,,,
5,EUW1_5970975085,TFT6_Augment_LudensEcho2,TFT7_Augment_PandorasBench,TFT6_Augment_BlueBattery2,,,,,,,,2.0,,,,1.0,0.0,,,,0.0,,,0.0,0.0,,,1.0,1.0,,,,,,,,,,,,,,,,3.0,Chalice,PowerGauntlet,,,,,,,,,,,,,,,,,,,,,,,,,,,,,,,,,,,,,,,,,,3.0,DragonmancerEmblemItem,,,2.0,,,,,,,,,,,,,,,,,,,,3.0,Morellonomicon,SeraphsEmbrace,HextechGunblade,,,,,2.0,,,,,,,,,,,,,,,,,,,,,,,,,,,,,,,,,,,,,,,,,,,,,,,,,,,,,,,,,,,,3.0,LocketOfTheIronSolari,WarmogsArmor,RedBuff,,,,,,,,,,,,,,,,,,,,,,,,,,,,,,,,,,,,,,,,,,,,,,,None,None,,,,,,,,,,,,,,,,,2.0,,,,,,,,,,,,,,,,,,,
4,EUW1_5970975085,TFT6_Augment_TomeOfTraits1,TFT6_Augment_ComponentGrabBag,TFT7_Augment_AssassinEmblem,3.0,,,2.0,,,,,,,1.0,,0.0,0.0,,,0.0,,1.0,,,,,,1.0,,1.0,1.0,,,,,,,,,,,,,,,,,,,,,,,,,,,,,,,,,3.0,RedBuff,IonicSpark,FrozenHeart,,,,,,,,,,,,,,,,,,,,,,,,,,,,,,,,,,,,,,,,,,,,,,,,,,,,,,,,,,,,,,,,,,,,,,,,,,,,,,,,,,,,,2.0,InfinityEdge,AssassinEmblemItem,RapidFireCannon,2.0,BrambleVest,Redemption,,1.0,InfinityEdge,Quicksilver,SeraphsEmbrace,2.0,Chalice,,,,,,,,,,,,,,,,,,,2.0,,,,,,,,,,,,,,,,,,,,,,,,2.0,AssassinEmblemItem,,,,,,,2.0,,,,,,,,,,,,,,None,None,,,,,,,,,,,,,,,,,,,,,,,,,,,,,,,,,,,,
8,EUW1_5971267828,TFT7_Augment_PandorasBench,TFT6_Augment_ItemGrabBag2,TFT6_Augment_TargetDummies,,,,2.0,,,1.0,,,,,,0.0,0.0,2.0,,0.0,0.0,,,,,,,0.0,,1.0,0.0,,,,,,,,,,,,,,,,,,,,,,,,,,,,,,,,,,,,,2.0,ArchangelsStaff,SpearOfShojin,,,,,,,,,,,,,,,,,,,,,,,,,,,,,,,,,,,,,,,,,,,,,,,,,,,,,,,,,,,,,,,,,,,,,,,,,,,,,,,,,,,,,,1.0,ThiefsGloves,NeedlesslyLargeRod,RabadonsDeathcap,,,,,,,,,,,,,,,,,,,,,,,,,2.0,ZekesHerald,,,,,,,,,,,,,,,,,,,,,,,1.0,,,,2.0,,,,,,,,,,,,,,,,,,None,None,,,,,,,,,,,,,,,,,,,,,,,,,,,,,1.0,LastWhisper,,,,,,
7,EUW1_5971267828,TFT7_Augment_BruiserTitanicStrength,TFT7_Augment_MageEmblem2,TFT7_Augment_BruiserEmblem,1.0,0.0,,2.0,,,1.0,,,0.0,1.0,,,1.0,,0.0,0.0,,,,,,,,,,0.0,3.0,,,,,,,,,,,,,,,,,,,,,,,,,,,,,,,,,,,,,,,,,,,,,,,,,1.0,UnstableConcoction,Bloodthirster,TitansResolve,,,,,,,,,,,,,,,,,,,,,,,,,,,,,,,,,,,,,,,,,,,,,,,,,,,,,2.0,SpearOfShojin,BruiserEmblemItem,,,,,,,,,,,,,,,,,,,,,,1.0,MageEmblemItem,,,,,,,,,,,,,,,,,,,,,,,2.0,,,,,,,,,,,,,,,,,,,,,,,,2.0,RedBuff,DragonsClaw,,,,,,2.0,,,,,,,,1.0,,,,,,None,None,,,,,,,,,,,,,,,,,,,,,,,,,,,,,,,,,,,,
5,EUW1_5971267828,TFT6_Augment_Ascension,TFT7_Augment_MirageEmblem2,TFT6_Augment_SecondWind2,,,,,,2.0,1.0,,0.0,1.0,1.0,,,,3.0,0.0,0.0,,,,,,,,,0.0,,0.0,,,,,,,,,,,,,,,,,,,,,,,,,,,,,,,,,,,,,2.0,MadredsBloodrazor,UnstableConcoction,GuinsoosRageblade,,,,,,,,,,,,,,,,,,,,,,,,,2.0,MirageEmblemItem,RapidFireCannon,Morellonomicon,,,,,,,,,,,,,,,,,,,,,,,,,2.0,FrozenHeart,,,,,,,1.0,RapidFireCannon,,,,,,,,,,,,,,,3.0,Bloodthirster,PowerGauntlet,IonicSpark,,,,,,,,,,,,,,,,,,,,,1.0,,,,,,,,,,,,,,,,,,,,,,,,,,,,,,,,,,,,,,,,,,,,,,,,,,,,1.0,NeedlesslyLargeRod,GuardianAngel,,,,None,None,,,,,,,,,,,,,,,,,,,,,,,,,,,,,,,,,,,,
4,EUW1_5971267828,TFT6_Augment_LudensEcho2,TFT6_Augment_HighEndShopping,TFT6_Augment_PortableForge,,,1.0,1.0,,,1.0,0.0,0.0,,1.0,,0.0,1.0,0.0,1.0,,,,,0.0,1.0,,,2.0,1.0,0.0,0.0,,,,,,,,,1.0,SpearOfShojin,ArchangelsStaff,HextechGunblade,,,,,,,,,1.0,,,,,,,,,,,,,,,,,,,,,,,,,,,,,,,,,,,,,,,,,,,,,,,,2.0,,,,,,,,,,,,,,,,,,,,,,,,,,,,,,,,2.0,,,,,,,,,,,,,,,,,,,,,,,,1.0,,,,,,,,,,,,,,,,,,,,,,,,,,,,,,,,,,,,,,,,,,,,,,,,,,,,2.0,WarmogsArmor,GargoyleStoneplate,OrnnAnimaVisage,,,,,,,,,,,,,,,,,4.0,TrainerSnax,None,None,,,,,,,,,,,,,,,,,,,,,,,,,1.0,LastWhisper,InfinityEdge,FrozenHeart,,,,,2.0,SpearOfShojin,,
6,EUW1_5971267828,TFT6_Augment_CyberneticShell2,TFT6_Augment_CyberneticShell3,TFT6_Augment_ComponentGrabBag,,1.0,1.0,1.0,,,,,0.0,,2.0,,,2.0,,2.0,,,,,,,,,,1.0,,0.0,,,,,,,,,,,,,,,,,,,,,1.0,BFSword,,,,,,,,,,,,,,,,,,,,,,,,,,,,,,,,,,,,,,,,,,,,,,,2.0,Deathblade,,,2.0,RedBuff,,,,,,,,,,,,,,,,,,,,,,,,,,,2.0,PowerGauntlet,,,3.0,SpearOfShojin,StatikkShiv,,,,,,,,,,,,,,,,,,,,,,,,,,,,,,2.0,ArchangelsStaff,SpearOfShojin,,,,,,,,,,,,,,,,,,,,,,,,,,,,,,,,,,,,,,1.0,DragonsClaw,,,,,,,,,,,,,,,,,,,2.0,TrainerSnax,None,None,,,,,,,,,,,,,2.0,PowerGauntlet,,,,,,,,,,,,,,,,,,,,,,
2,EUW1_5971267828,TFT6_Augment_Meditation2,TFT6_Augment_CelestialBlessing3,TFT7_Augment_JadeTrait,,,1.0,,,0.0,1.0,1.0,,,1.0,3.0,,,0.0,1.0,,,,1.0,,,1.0,0.0,,,0.0,,,,,,,,,,,,,,2.0,,,,,,,,1.0,,,,,,,,,,,,,,,,,,,,,,,,2.0,Deathblade,LastWhisper,Bloodthirster,,,,,,,,,,,,,2.0,,,,,,,,,,,,,,,,,,,,2.0,,,,,,,,,,,,,,,,,,,,,,,,,,,,2.0,GargoyleStoneplate,RedBuff,WarmogsArmor,,,,,,,,,,,,,,,,,,,,,,,,,,,,,,,,,,,,,,,,,,,,,,,,,,,,,,,,,2.0,CavalierEmblemItem,BrambleVest,,,,,,,,,,,,,,,,,,,,,,,,,,,,None,None,,,,,,,,,,,,,,,,,,,,,,,,,2.0,Bloodthirster,ArchangelsStaff,GuinsoosRageblade,,,,,,,,
1,EUW1_5971267828,TFT6_Augment_PortableForge,TFT6_Augment_HighEndShopping,TFT6_Augment_BlueBattery2,,,1.0,1.0,,,1.0,0.0,,,2.0,,0.0,1.0,0.0,0.0,,,,,0.0,1.0,,,2.0,,0.0,0.0,,,,,,,,,2.0,MadredsBloodrazor,SpearOfShojin,GuinsoosRageblade,,,,,,,,,2.0,Chalice,RunaansHurricane,,,,,,,,,,,,,,,,,,,,,,,,,,,,,,,,,,,,,,,,,,,,,,,,,,,,,,,,,,,,,,,,,,,,,,,,,,,,,,,,,,,,,,,,,,,,,,,,,,,,,,2.0,Redemption,,,,,,,,,,,1.0,,,,,,,,,,,,,,,,,,,,,,,,,,,,,,,,,,,,,,,,1.0,,,,,,,,,,,,,,,,,,,,,,None,None,,,,,,,,,,,,,,,,,,,,,,,,,2.0,GargoyleStoneplate,WarmogsArmor,SeraphsEmbrace,,,,,2.0,OrnnMuramana,UnstableConcoction,ArchangelsStaff
3,EUW1_5971267828,TFT6_Augment_MetabolicAccelerator,TFT6_Augment_Diversify3,TFT6_Augment_PortableForge,1.0,1.0,1.0,1.0,,,,,,,3.0,,0.0,0.0,,1.0,,,,,,,,1.0,1.0,,,,,,,,,,,,,,,,,,,,,,,,1.0,,,,,,,,,,,,,,,,,,,,,,,,,,,,,,,,,,,,,,,,,,,,,,,,,,,,3.0,OrnnEternalWinter,GargoyleStoneplate,IonicSpark,,,,,,,,,,,,,,,,,,,,,,,,,,,,,3.0,SpearOfShojin,ArchangelsStaff,,,,,,,,,,,,,,,,,,2.0,GargoyleStoneplate,Morellonomicon,,,,,,1.0,,,,,,,,,,,,,,,,,,,,,,,,,,,,,,,,,,,,,,,,,,,,,,,,,,,,2.0,TitansResolve,,,,,,,,,,,,,None,None,,,,,2.0,,,,3.0,InfinityEdge,GuinsoosRageblade,Quicksilver,,,,,,,,,,,,,,,,,,,,,,,,
1,EUW1_5973009607,TFT7_Augment_MikaelsGift,TFT7_Augment_UrfsGrabBag2,TFT6_Augment_CelestialBlessing1,,1.0,,1.0,,,,,0.0,,1.0,,,3.0,,1.0,,,,,0.0,1.0,,,,1.0,,0.0,,,,,,,,,,,,,,,,,,,,,,,,,,,,,,,,,,,,,,,,,,,,,,,,,,,,,,,,,,,,,,,,,,,,,2.0,,,,3.0,MageEmblemItem,Shroud,,,,,,,,,,,,,,,,,,,,,,,,,,2.0,,,,3.0,ArchangelsStaff,StatikkShiv,,,,,,,,,,,,,,,,,,,,,,,,,,,,,,2.0,RabadonsDeathcap,SpearOfShojin,GuardianAngel,,,,,,,,,,,,,,,,,,,,,,,,,,,,,,,,,,,,,2.0,RedBuff,,,,,,,,,,,,,,,,,,,2.0,TrainerSnax,None,None,,,,,,,,,,,,,2.0,LocketOfTheIronSolari,LocketOfTheIronSolari,,,,,,,,,,,,,,,,,,1.0,Chalice,PowerGauntlet,GuardianAngel
6,EUW1_5973009607,TFT6_Augment_CyberneticUplink2,TFT6_Augment_RadiantRelics,TFT6_Augment_PandorasItems,,,,,,1.0,1.0,0.0,,,,1.0,,,3.0,,0.0,,,1.0,,,,,,,0.0,,,,,,,,,,,,,,,,,,,,,,,,,,,,,,,,,,,,,,2.0,RapidFireCannon,GuinsoosRageblade,JeweledGauntlet,,,,,,,,,,,,,,,,,,,,,1.0,BFSword,,,2.0,SunfireCapeRadiant,,,,,,,,,,,,,,,1.0,,,,,,,,,,,,,,,,,,,,,,,,,,,,2.0,MirageEmblemItem,WarmogsArmor,,,,,,2.0,NegatronCloak,,,,,,,,,,,,,,,,,,,,,,,,,,,,,,,,,,,,,,,,,,,,,,,,,,,,,,,,,,,,,,,,,,,,,,,,,,,,,,,,,None,None,,,,,,,,,,,,,,,,,,,,,,,,,,,,,2.0,GuardianAngel,TitansResolve,,,,,
8,EUW1_5973009607,TFT6_Augment_ClearMind,TFT6_Augment_WindfallPlus,TFT6_Augment_Diversify1,,,1.0,,1.0,0.0,1.0,,1.0,0.0,1.0,,,,,1.0,0.0,1.0,,,1.0,,,,,1.0,,,,,,,,,,,,,,,,,,,,,,,1.0,,,,,,,,2.0,MadredsBloodrazor,UnstableConcoction,GuinsoosRageblade,,,,,,,,,2.0,ShimmerscaleMogulsMail,RedBuff,GargoyleStoneplate,,,,,,,,,,,,,,,,,,,,,2.0,,,,,,,,,,,,,,,,,,,,,,,,,,,,,,,,,,,,2.0,,,,,,,,,,,,,,,,,,,,,,,,,,,,,,,,,,,,,,,,,,,,,,,,,,,,,,,,,,,,,,,,2.0,SpearOfShojin,BFSword,,,,,,,,,,,,,,,,,,,,,,,,,,,,,,1.0,TrainerSnax,None,None,1.0,,,,,,,,,,,,,,,,,,,,,,,,,,,,,,,,,,,
4,EUW1_5973009607,TFT6_Augment_SecondWind2,TFT7_Augment_BestFriends3,TFT7_Augment_GuildTrait,1.0,,,1.0,,1.0,,,,,4.0,,0.0,,,,1.0,,,,,,,1.0,1.0,,0.0,,,,,,,,,,,,,,,,,,,,,,,,,,,,,,,,,,,,,,,,,,,,,,,,,,,,,,,,,,,,,,,,,,2.0,WarmogsArmor,GargoyleStoneplate,,,,,,,,,,,,,,,,,,,,,,,,,,,,,,,,,,,,,,,,,,,,,,,,,,,,,,,,,,2.0,RedBuff,BrambleVest,DragonsClaw,,,,,2.0,,,,,,,,2.0,,,,,,,,,,,,2.0,LocketOfTheIronSolari,,,,,,,,,,,,,,,,,,,,,,,,,,,,,,,2.0,,,,,,,,,,,,,,None,None,,,,,2.0,,,,,,,,,,,,,,,,2.0,Deathblade,MadredsBloodrazor,InfinityEdge,,,,,,,,,,,,
5,EUW1_5973009607,TFT6_Augment_Distancing2,TFT6_Augment_Electrocharge3,TFT6_Augment_CelestialBlessing1,,,1.0,,1.0,,1.0,,1.0,1.0,1.0,,,,,1.0,,1.0,,,1.0,,,,,1.0,,0.0,,,,,,,,,,,,,,,,,,,,,1.0,,,,,,,,2.0,InfinityEdge,MadredsBloodrazor,Quicksilver,,,,,,,,,1.0,ShimmerscaleMogulsMail,DragonsClaw,WarmogsArmor,,,,,,,,,,,,,,,,,,,,,,,,,,,,,,,,,,,,,,,,,,,,,,,,,,,,,,,,,2.0,,,,,,,,,,,,,,,,,,,,,,,,,,,,,,,,,,,,,,,,,,,,,,,,,,,,,,,,,,,,,,,,2.0,GuinsoosRageblade,Quicksilver,UnstableConcoction,,,,,,,,,,,,,,,,,,,,,,,,,2.0,Redemption,,,4.0,TrainerSnax,None,None,2.0,,,,,,,,,,,,,,,,,,,,,,,,,,,,,,,,,,,
2,EUW1_5973009607,TFT7_Augment_JadeTrait,TFT7_Augment_TomeOfTraits2,TFT6_Augment_FirstAidKit,2.0,,,1.0,,,1.0,,,,1.0,2.0,0.0,,,1.0,,,,1.0,,,,,1.0,,,0.0,,,,,,,,,,,,,,,,,,,,,,,,,,,,,,,,,,,,,,,,,,,,,2.0,AssassinEmblemItem,InfinityEdge,Bloodthirster,,,,,,,,,,,,,2.0,BruiserEmblemItem,MysticEmblemItem,,,,,,,,,,,,,,,,,,,,,,,,,,,,,,,,,,,,,,,,,,,,,,2.0,GargoyleStoneplate,WarmogsArmor,Quicksilver,,,,,,,,,,,,,2.0,ChainVest,WarmogsArmor,,1.0,MadredsBloodrazor,,,2.0,StatikkShiv,,,,,,,,,,,,,,,,,,,,,,,,,,,,,,,,,,,,,,,,,,,,,,,,,,,2.0,MadredsBloodrazor,,,,,,,,,,,,,None,None,,,,,,,,,,,,,,,,,,,,,,,,,,,,,,,,,,,,
7,EUW1_5973009607,TFT7_Augment_BestFriends2,TFT6_Augment_FuturePeepers2,TFT6_Augment_CyberneticImplants1,1.0,,,1.0,,0.0,,0.0,,,1.0,0.0,0.0,,,,1.0,,,,,,,1.0,1.0,,0.0,,,,,,,,,,,,,,1.0,,,,,,,,,,,,,,,,,,,,,,,,,,,,,,,,,,,,,,,,,,,,,,,,,,,,1.0,,,,,,,,,,,,,,,,,,,,,,,,,,,,,,,,,,,,,,,,,,,,,,,,,,,,,,,,,,,,1.0,RedBuff,TearOfTheGoddess,,,,,,1.0,ZephyrRadiant,,,,,,,,,,,,,,,,,,,2.0,,,,,,,,,,,,,,,,,,,,,,,,,,,,,,,,2.0,InfinityEdge,RunaansHurricane,Bloodthirster,,,,,,,,,,,None,None,,,,,,,,,,,,,,,,,,,,,2.0,MadredsBloodrazor,GuinsoosRageblade,Quicksilver,,,,,,,,,,,,
3,EUW1_5973009607,TFT6_Augment_TradeSector,TFT6_Augment_ForceOfNature,TFT6_Augment_SecondWind1,0.0,,1.0,,1.0,,1.0,,1.0,1.0,2.0,,,,,1.0,,1.0,0.0,,1.0,,,,,1.0,,,,,,,,,,,,,,,,,,,,,,,1.0,NeedlesslyLargeRod,,,2.0,TitanicHydra,,,2.0,GuinsoosRageblade,Deathblade,UnstableConcoction,,,,,,,,,2.0,BrambleVest,ShimmerscaleMogulsMail,RedBuff,,,,,,,,,,,,,,,,,,,,,,,,,,,,,,,,,,,,,,,,,,,,,,,,,,,,,,,,,2.0,PowerGauntlet,,,,,,,,,,,,,,,,,,,,,,,,,,,,,,,,,,,,,,,,,,,,,,,,,,,,,,,,,,,,,,,2.0,,,,,,,,,,,,,,,,,,,,2.0,,,,,,,,,,,,3.0,TrainerSnax,None,None,2.0,StatikkShiv,,,,,,,,,,,,,,,,,,,,,,,,,,,,,,,,,,
4,EUW1_5972915329,TFT6_Augment_FirstAidKit,TFT6_Augment_LudensEcho2,TFT6_Augment_TomeOfTraits1,,,,1.0,,,1.0,,1.0,,1.0,,,2.0,,0.0,,0.0,,,0.0,1.0,,,,1.0,,2.0,,,,,,,,,,,,,,,,,,,,,,,,,,,,,,,,,,,,,,,,,,,,,,,,,2.0,Quicksilver,Bloodthirster,MadredsBloodrazor,,,,,,,,,,,,,,,,,2.0,NeedlesslyLargeRod,,,,,,,,,,,,,,,,,,,,,,,,,,,,,,,2.0,,,,,,,,,,,,,,,,,,,,,,,,,,,,,,,,,,,,2.0,,,,,,,,,,,,,,,,,,,,,,,,,,,,2.0,StatikkShiv,MageEmblemItem,,,,,,,,,,2.0,RedBuff,Zephyr,,,,,,,,,,,,,,,,,,2.0,TrainerSnax,None,None,,,,,,,,,,,,,,,,,,,,,,,,,,,,,,,,,1.0,SpearOfShojin,GuardianAngel,
8,EUW1_5972915329,TFT6_Augment_CyberneticUplink1,TFT7_Augment_CannoneerRicochet,TFT6_Augment_CelestialBlessing2,,,,,2.0,,1.0,,1.0,1.0,,,,,,0.0,,2.0,0.0,,1.0,,,,,1.0,,,,,,,,,,,,,,,,,,,,,,,,,,,2.0,GiantsBelt,,,1.0,LastWhisper,MadredsBloodrazor,ShimmerscaleGamblersBlade,,,,,,,,,1.0,RedBuff,GargoyleStoneplate,,,,,,,,,,,,,,,,,,,,,,,,,,,,,,,,,,2.0,,,,,,,,,,,,,,,,,,,,,,,,1.0,,,,,,,,,,,,,,,,,,,,,,,,,,,,,,,,,,,,,,,,,,,,,,,,,,,,,,,,,,,,,,,,1.0,ForceOfNature,,,,,,,,,,,,,,,,,,,,,,,,,,,,,,,2.0,TrainerSnax,None,None,2.0,,,,,,,,,,,,,,,,,,,,,,,,,,,,,,,,,,,
5,EUW1_5972915329,TFT6_Augment_PandorasItems,TFT6_Augment_LudensEcho2,TFT6_Augment_CyberneticShell2,,1.0,,1.0,,,,,0.0,,1.0,,,3.0,,1.0,,,,,,,,,,1.0,,0.0,,,,,,,,,,,,,,,,,,,,,,,,,,,,,,,,,,,,,,,,,,,,,,,,,,,,,,,,,,,,,,,,,,,,,2.0,,,,3.0,MageEmblemItem,NegatronCloak,,,,,,,,,,,,,,,,,,,,,,,,,,2.0,MageEmblemItem,,,3.0,StatikkShiv,,,,,,,,,,,,,,,,,,,,,,,,,,,,,,,1.0,SpearOfShojin,ArchangelsStaff,Bloodthirster,,,,,,,,,,,,,,,,,,,,,,,,,,,,,,,,,,,,,2.0,WarmogsArmor,GargoyleStoneplate,,,,,,,,,,,,,,,,,,2.0,TrainerSnax,None,None,,,,,,,,,,,,,2.0,,,,,,,,,,,,,,,,,,,,,,,
3,EUW1_5972915329,TFT6_Augment_CyberneticShell1,TFT6_Augment_CyberneticImplants2,TFT6_Augment_CyberneticUplink2,0.0,,,1.0,1.0,,1.0,,1.0,,,,0.0,,,0.0,,1.0,,,,,,,1.0,1.0,,1.0,,,,,,,,,,,,,,,,,,,,,,,,,,,,,2.0,UnstableConcoction,GuinsoosRageblade,LastWhisper,,,,,,,,,,,,,,,,,2.0,BrambleVest,WarmogsArmor,InfinityEdge,,,,,,,,,,,,,,,,,,,,,,,,,,,,,,,,,,,,,,,,,,,,,,,,,2.0,TearOfTheGoddess,,,,,,,,,,,,,,,,,,,,,,,2.0,TitanicHydra,,,,,,,1.0,,,,,,,,,,,,,,,,,,,,,,,,,,,,,,,,1.0,SparringGloves,,,,,,,,,,,,,,,,,,,,,,,,,,,,,,,4.0,TrainerSnax,None,None,2.0,ZekesHerald,,,,,,,,,,,,,,,,,,,,,,,,,,,,,,,,,,
1,EUW1_5972915329,TFT7_Augment_ShimmerscaleEmblem,TFT6_Augment_CyberneticUplink2,TFT6_Augment_CyberneticImplants2,,,1.0,1.0,0.0,,1.0,0.0,1.0,0.0,1.0,,0.0,0.0,0.0,1.0,,1.0,,,0.0,1.0,,,2.0,0.0,0.0,,,,,,,,,,2.0,SpearOfShojin,ArchangelsStaff,Quicksilver,,,,,,,,,1.0,,,,,,,,2.0,Deathblade,InfinityEdge,GuinsoosRageblade,,,,,,,,,,,,,,,,,,,,,,,,,,,,,,,,,,,,,,,,,,,,,,,,,,,,,,,,,,,,,,,,,,,,,2.0,,,,,,,,,,,,,,,,,,,,,,,,2.0,ShimmerscaleEmblemItem,DragonsClaw,,,,,,,,,,,,,,,,,,,,,,,,,,,,,,,,,,,,,,2.0,Morellonomicon,,,,,,,,,,,,,,,,,,,,,,,,,,,,,,,,,None,None,,,,,,,,,,,,,,,,,,,,,,,,,2.0,BruiserEmblemItem,,,,,,,2.0,StatikkShiv,,
2,EUW1_5972915329,TFT7_Augment_AFK,TFT7_Augment_BestFriends2,TFT7_Augment_GuildGearUpgrades,1.0,1.0,1.0,0.0,,0.0,,,,0.0,4.0,,,0.0,,1.0,,,0.0,,,,,1.0,,,,0.0,,,,,,,,,,,,,,,,,,,,,2.0,GuinsoosRageblade,TitansResolve,,1.0,,,,,,,,,,,,,,,,,,,,,,,,,,,,,,,,,,,,,,,,,,,,,,,,3.0,BrambleVest,TitansResolve,,,,,,,,,,,,,,,,,,,,,,,,,,,,,,3.0,,,,,,,,,,,,,,,,,,,,,,,,1.0,UnstableConcoction,MadredsBloodrazor,,,,,,,,,,1.0,,,,,,,,,,,,,,,,,,,,,,,,,,,,,,,,,,,,,,,,,,,,2.0,ThiefsGloves,RedBuff,InfinityEdge,,,,,,,,,,,None,None,,,,,2.0,RecurveBow,,,3.0,InfinityEdge,GuinsoosRageblade,UnstableConcoction,,,,,,,,,,,,,,,,,,,,,,,,
6,EUW1_5972915329,TFT7_Augment_CannoneerTrait,TFT6_Augment_RichGetRicherPlus,TFT7_Augment_GuildEmblem,1.0,,,1.0,0.0,1.0,,,,,4.0,,0.0,,,,1.0,,,,,,,1.0,1.0,,0.0,,,,,,,,,,,,,,,,,,,,,,,,,,,,,,,,,,,,,,,,,,,,,,,,,,,,,,,,,,,,,,,,,,1.0,,,,,,,,,,,,,,,,,,,,,,,,,,,,,,,,,,,,,,,,,,,,,,,,,,,,,,,,,,,,2.0,BrambleVest,Morellonomicon,,,,,,2.0,MadredsBloodrazor,RabadonsDeathcap,,,,,,1.0,,,,,,,,,,,,2.0,,,,,,,,,,,,,,,,,,,,,,,,,,,,,,,,1.0,ThiefsGloves,Chalice,PowerGauntlet,,,,,,,,,,,None,None,,,,,1.0,,,,,,,,,,,,,,,,1.0,InfinityEdge,GuinsoosRageblade,GuildEmblemItem,,,,,,,,,,,,
7,EUW1_5972915329,TFT6_Augment_Featherweights1,TFT6_Augment_SalvageBin,TFT7_Augment_GuardianEmblem,,,,,2.0,,,,1.0,1.0,,,,,,0.0,,2.0,0.0,,,,,,,1.0,,0.0,,,,,,,,,,,,,,,,,,,,,,,,,3.0,RedBuff,WarmogsArmor,FrozenHeart,1.0,ZekesHerald,,,,,,,,,,,,,,,,,,,,,,,,,,,,,,,,,,,,,,,,,,,,,,,2.0,,,,,,,,,,,,,,,,,,,,,,,,2.0,GuardianEmblemItem,,,,,,,,,,,,,,,,,,,,,,,,,,,,,,,,,,,,,,,,,,,,,,,,,,,,,,,,,,,,,,,1.0,SeraphsEmbrace,StatikkShiv,,,,,,,,,,,,,,,,,,,,,,,,,,3.0,,,,3.0,TrainerSnax,None,None,2.0,GuinsoosRageblade,MadredsBloodrazor,Quicksilver,,,,,,,,,,,,,,,,,,,,,,,,,,,,,,,,
8,EUW1_5972364230,TFT7_Augment_ShimmerscaleEmblem,TFT6_Augment_Diversify2,TFT6_Augment_Diversify3,1.0,,,0.0,,,1.0,,,1.0,2.0,,,,,,1.0,,,,2.0,,,1.0,,,0.0,0.0,,,,,,,,,,,,,,,,,,,,,,,,,,,,,,,,,,,,,,,,,1.0,RedBuff,ChainVest,,,,,,,,,,,,,,,,,,,,,,,,,,,,,,,,,,,,,,,,,,2.0,InfinityEdge,ShimmerscaleGoldmancersStaff,,,,,,,,,,,,,,,,,,,,,,,,,,,,,,,,,,,,,,,,,,,,,,,,,,,,,,,,,,,,,,,,,,1.0,,,,,,,,,,,,,,,,,,,,,,,,,,,,,,,,1.0,InfinityEdge,,,,,,,1.0,ShimmerscaleEmblemItem,,,,,None,None,,,,,1.0,,,,,,,,,,,,,,,,1.0,ShimmerscaleDravensAxe,GuinsoosRageblade,MadredsBloodrazor,,,,,,,,,,,,
1,EUW1_5972364230,TFT6_Augment_SecondWind1,TFT7_Augment_FirstAidKit2,TFT6_Augment_HighEndShopping,,0.0,1.0,1.0,,,1.0,,,,1.0,,0.0,1.0,,1.0,,,,,0.0,1.0,,,2.0,,,0.0,,,,,,,,,2.0,JeweledGauntlet,SpearOfShojin,Bloodthirster,,,,,,,,,2.0,,,,,,,,,,,,,,,,,,,,,,,,,,,,,,,,,,,,,,,,,,,,,,,,,,,,,,,,,,,,,,,,,,,,,,,,,,,,,,,,,,,,1.0,,,,,,,,,,,,,,,,,,,,2.0,ThiefsGloves,,,,,,,,,,,,,,,,,,,,,,,,,,,,,,,,,,,,,,,,,,,,,,,,,,,2.0,IonicSpark,TitanicHydra,GargoyleStoneplate,,,,,,,,,,,,,,,,,,,None,None,,,,,,,,,,,,,,,,,,,,,,,,,,,,,,,,,2.0,SpearOfShojin,GuardianAngel,SeraphsEmbrace
5,EUW1_5972364230,TFT6_Augment_TinyTitans,TFT6_Augment_PortableForge,TFT6_Augment_BandOfThieves2,,,,1.0,,,1.0,,,0.0,,0.0,,0.0,,,0.0,,,1.0,,,,,,,0.0,3.0,,,,,,,,,,,,,,,,,,,,,,,,,,,,,,,,,,,,,,,,,,,,,,,,,2.0,ThiefsGloves,RapidFireCannon,Bloodthirster,3.0,GuinsoosRageblade,Quicksilver,OrnnDeathsDefiance,,,,,,,,,,,,,,,,,,,,,,,,,,,,,,,,,,,,,,,,,,,,,,,,,,,,,1.0,RedBuff,FrozenHeart,Zephyr,,,,,,,,,,,,,,,,,,,,,,,,,,,,,,,,,,,,,,,,,2.0,ThiefsGloves,InfinityEdge,RapidFireCannon,,,,,,,,,,,,,,,,,,,,,1.0,Shroud,,,,,,,,,,,,,,,2.0,ThiefsGloves,JeweledGauntlet,SeraphsEmbrace,,,None,None,,,,,,,,,,,,,,,,,,,,,,,,,,,,,,,,,,,,
3,EUW1_5972364230,TFT7_Augment_AFK,TFT6_Augment_Twins2,TFT6_Augment_MaxLevel10,0.0,0.0,,,,,1.0,0.0,,,,1.0,,,,,1.0,,,3.0,,,1.0,,,,,1.0,,,,,,,,,,,,,,,,,,,,,,,,,,,,,,,,,,,,,,,,,,,,,,,,,,,,,1.0,,,,,,,,2.0,FrozenHeart,,,,,,,,,,,,,,,,,,,,,,,,,,,,,,,,,,,,,,,,,,,,,,,2.0,ThiefsGloves,UnstableConcoction,Zephyr,2.0,Chalice,RecurveBow,,,,,,,,,,,,,,1.0,,,,,,,,,,,,,,,,,,,,,,,,,,,,1.0,SeraphsEmbrace,RedBuff,RabadonsDeathcap,,,,,,,,,2.0,,,,2.0,,,,,,,,,,,,,,,,,,,,,,,,,,None,None,,,,,,,,,,,,,,,,,,,,,,,,,,,,,,,,,,,,
2,EUW1_5972364230,TFT6_Augment_LudensEcho1,TFT6_Augment_TomeOfTraits1,TFT7_Augment_TomeOfTraits2,,,1.0,1.0,,,1.0,0.0,1.0,,1.0,,0.0,,2.0,1.0,,4.0,,,,,,,0.0,0.0,0.0,,,,,,,,,,,,,,,,,,,,,,2.0,BFSword,GuardianAngel,,,,,,,,,,,,,,2.0,StatikkShiv,RevelEmblemItem,GuinsoosRageblade,,,,,,,,,,,,,,,,,,,,,,,,,,,,,,,,,,,,,,,,,,,,,,,,,,,,,,,,,,,,,1.0,,,,,,,,,,,,,,,,,,,,,,,,2.0,RevelEmblemItem,Quicksilver,MadredsBloodrazor,,,,,,,,,,,,,,,,,,,,,,,,,,,,,,,,,,,,,2.0,ThiefsGloves,FrozenHeart,GuardianAngel,,,,,,,,,,,,,2.0,DragonsClaw,WarmogsArmor,GargoyleStoneplate,,,,,,,,,,,,,,,None,None,,,,,,,,,,,,,,,,,,,,,,,,,2.0,IonicSpark,RevelEmblemItem,SeraphsEmbrace,,,,,,,,
6,EUW1_5972364230,TFT7_Augment_WarriorTrait,TFT7_Augment_MageEmblem,TFT7_Augment_CursedCrown,,0.0,,1.0,,0.0,,0.0,1.0,,1.0,,,3.0,0.0,1.0,,0.0,0.0,,0.0,1.0,,,,1.0,1.0,0.0,,,,,,,,,,,,,,,,,,,,,,,,,,,,,,,,,,,,,,,,,,,,,,,,,,,,,,,,,,,,,,,,,,,,,2.0,,,,2.0,TitanicHydra,,,,,,,,,,,,,,,,,,,,,,,2.0,,,,2.0,MageEmblemItem,,,3.0,SpearOfShojin,,,,,,,,,,,,,,,,,,,,,,,,,,,,,,,2.0,SpearOfShojin,RabadonsDeathcap,,,,,,,,,,,,,,,,,,,,,,,,,,1.0,,,,,,,,,,,,2.0,WarmogsArmor,RedBuff,TitansResolve,,,,,,,,,,,,,,,,,2.0,TrainerSnax,None,None,,,,,,,,,,,,,,,,,,,,,,,,,1.0,GuardianAngel,,,,,,,1.0,,,
7,EUW1_5972364230,TFT7_Augment_BruiserTrait,TFT6_Augment_TradeSectorPlus,TFT6_Augment_HighEndShopping,1.0,1.0,,2.0,,,,,,,2.0,,0.0,,,,0.0,,,,,,,1.0,1.0,,,,,,,,,,,,,,,,,,,,,,,,,,,,,,,,,,,,,,,,,,,,,,,,,,,,,,,,,,,,,,,,,,,,,,,,,,,,2.0,RedBuff,RabadonsDeathcap,,,,,,,,,,,,,,,,,,,,,,,,,,,,,,,,,,,,,,,,,,,,,,,,,,1.0,,,,,,,,2.0,,,,,,,,,,,,,,,,,,,,,,,,,,,,2.0,,,,,,,,,,,,,,,,,,,,,,,,2.0,ThiefsGloves,GiantsBelt,GargoyleStoneplate,,,,,,,,,,,None,None,,,,,1.0,,,,3.0,Deathblade,RunaansHurricane,GuinsoosRageblade,,,,,,,,,2.0,,,,,,,,,,,,,,,
4,EUW1_5972364230,TFT7_Augment_BestFriends1,TFT6_Augment_SalvageBin,TFT7_Augment_BestFriends3,1.0,,1.0,1.0,,1.0,,,,,4.0,,0.0,,,0.0,1.0,,,,,,,1.0,1.0,,0.0,,,,,,,,,,,,,,,,,,,,,,1.0,,,,,,,,,,,,,,,,,,,,,,,,,,,,,,,,,,,,,,,,,,,,2.0,,,,,,,,,,,,,,,,,,,,,,,,,,,,,,,,,,,,,,,,,,,,,,,,,,,,,,,,,,,,2.0,,,,,,,,2.0,IonicSpark,,,,,,,2.0,WarmogsArmor,RedBuff,,,,,,,,,,1.0,,,,,,,,,,,,,,,,,,,,,,,,,,,,,,,,2.0,Quicksilver,InfinityEdge,Bloodthirster,,,,,,,,,,,None,None,,,,,2.0,ZekesHerald,,,,,,,,,,,,,,,2.0,Quicksilver,GuinsoosRageblade,,,,,,,,,,,,,
6,EUW1_5973024740,TFT7_Augment_GuildEmblem2,TFT7_Augment_GadgetExpert,TFT7_Augment_GuildGearUpgrades,,,1.0,,,1.0,1.0,0.0,,,5.0,,,0.0,2.0,0.0,0.0,,,,,,,0.0,,,0.0,,,,,,,,,,,,,,,,,,,,,,1.0,PowerGauntlet,,,,,,,,,,,,,,,2.0,GuildEmblemItem,JeweledGauntlet,MadredsBloodrazor,,,,,,,,,,,,,,,,,,,,,,,,,1.0,NeedlesslyLargeRod,,,,,,,,,,,,,,,,,,,,,,,,,,,,,,,,,,,,,,,,,,,,,,,,,,,,,,,,,,,,,,,,,,,,,,,2.0,StatikkShiv,SpearOfShojin,StatikkShiv,2.0,,,,,,,,,,,,,,,,,,,,,,,,,,,,,,,,,,,,,,,,,,,,,,,,,,,,,,,,,,None,None,,,,,2.0,,,,,,,,,,,,,,,,,,,,1.0,WarmogsArmor,FrozenHeart,RedBuff,,,,,,,,
4,EUW1_5973024740,TFT7_Augment_MageEmblem2,TFT6_Augment_Electrocharge2,TFT6_Augment_SecondWind2,,0.0,,1.0,,,1.0,,0.0,,1.0,,,3.0,,0.0,,0.0,,,,,,,,0.0,,2.0,,,,,,,,,,,,,,,,,,,,,,,,,,,,,,,,,,,,,,,,,,,,,,,,,1.0,MageEmblemItem,RapidFireCannon,Morellonomicon,,,,,,,,,,,,,,,,,2.0,,,,,,,,,,,,,,,,,,,,,,,,,,,,,,,,,,,,3.0,,,,,,,,,,,,,,,,,,,,,,,,,,,,,,,,2.0,ArchangelsStaff,HextechGunblade,,,,,,,,,,,,,,,,,,,,,,,,,,2.0,HextechGunblade,SpearOfShojin,MageEmblemItem,,,,,,,,,2.0,RedBuff,TitanicHydra,DragonsClaw,,,,,,,,,,,,,,,,,,,None,None,,,,,,,,,,,,,2.0,,,,,,,,,,,,,,,,,,,,,,,
5,EUW1_5973024740,TFT7_Augment_ShimmerscaleTrait2,TFT7_Augment_ShimmerscaleTrait,TFT6_Augment_ThrillOfTheHunt2,0.0,,,,,,1.0,0.0,,1.0,1.0,0.0,0.0,0.0,,,0.0,,,,4.0,1.0,1.0,,,,0.0,0.0,2.0,TitansResolve,RabadonsDeathcap,UnstableConcoction,,,,,,,,,,,,,,,,,,,,,,,,,,,,,,,,,,,,,1.0,RedBuff,WarmogsArmor,ShimmerscaleMogulsMail,,,,,,,,,,,,,,,,,,,,,,,,,,,,,,,,,,,,,,,,,2.0,Zephyr,FrozenHeart,ShimmerscaleDravensAxe,,,,,,,,,,,,,,,,,,,,,,,,,,,,,,,,,,,,,,,,,,,,,,,,,1.0,MadredsBloodrazor,,,,,,,,,,,,,,,,,,,,,,,,,,,,,,,1.0,ShimmerscaleGoldmancersStaff,ShimmerscaleHeartOfGold,ArchangelsStaff,,,,,,,,,,,,,,,,,,,,,1.0,,,,,,None,None,,,,,,,,,,,,,,,,,2.0,,,,,,,,,,,,,,,,2.0,Morellonomicon,ShimmerscaleCrownOfChampions,Quicksilver
3,EUW1_5973024740,TFT6_Augment_Twins3,TFT6_Augment_PortableForge,TFT6_Augment_SecondWind2,1.0,0.0,,1.0,,,,,,,2.0,,0.0,,,,,,,,,,,1.0,1.0,,,,,,,,,,,,,,,,,,,,,,,,,,,,,,,,,,,,,,,,,,,,,,,,,,,,,,,,,,,,,,,,,,,,,,,,,,,,2.0,GargoyleStoneplate,DragonsClaw,FrozenHeart,,,,,,,,,,,,,,,,,,,,,,,,,,,,,,,,,,,,,,,,,,,,,,,,,2.0,,,,,,,,1.0,,,,,,,,,,,,,,,,,,,,,,,,,,,,,,,,,,,,,,,,,,,,,,,,,,,,2.0,,,,,,,,,,,,,,None,None,,,,,2.0,,,,2.0,StatikkShiv,Shroud,Deathblade,,,,,,,,,,,,,,,,,,,,,,,,
8,EUW1_5973024740,TFT6_Augment_RadiantRelics,TFT6_Augment_Ascension,TFT6_Augment_SecondWind2,,,,,2.0,,1.0,,1.0,1.0,,,,,,0.0,,2.0,,,1.0,,,,,1.0,,,,,,,,,,,,,,,,,,,,,,,,,,,,,,,1.0,,,,,,,,,,,,2.0,RedBuff,ShimmerscaleHeartOfGold,GargoyleStoneplate,,,,,,,,,,,,,,,,,,,,,,,,,,,,,,,,,1.0,,,,,,,,,,,,,,,,,,,,,,,,2.0,GuardianEmblemItem,,,,,,,,,,,,,,,,,,,,,,,,,,,,,,,,,,,,,,,,,,,,,,,,,,,,,,,,,,,,,,,1.0,SpearOfShojin,JeweledGauntlet,ArchangelsStaff,,,,,,,,,,,,,,,,,,,,,,,,,,,,,2.0,TrainerSnax,None,None,1.0,ChaliceOfPowerRadiant,,,,,,,,,,,,,,,,,,,,,,,,,,,,,,,,,,
7,EUW1_5973024740,TFT6_Augment_Twins3,TFT6_Augment_Twins2,TFT6_Augment_Ascension,,1.0,,1.0,,,,,,,,,,0.0,,0.0,0.0,,,,,,,1.0,,,,,,,,,,,,,,,,,,,,,,,,,,,,,,,,,,,,,,,,,,,,,,,,,,,,,,,,,,,,,,,,,,,,,,,,,,,,,3.0,UnstableConcoction,RedBuff,WarmogsArmor,,,,,,,,,,,,,,,,,,,,,,,,,,,,,3.0,JeweledGauntlet,,,,,,,,,,,,,,,,,,,,,,,,,,,,,,,,,,,,,,,,,,,,,,,,,,,,,,,3.0,,,,,,,,,,,,,,,,,,,,,,,,,,,,,,,,,,,,,,None,None,,,,,,,,,2.0,RunaansHurricane,Deathblade,GuinsoosRageblade,,,,,,,,,1.0,,,,,,,,,,,,,,,
2,EUW1_5973024740,TFT7_Augment_WarriorEmblem2,TFT7_Augment_UrfsGrabBag1,TFT6_Augment_CelestialBlessing2,,,,1.0,,2.0,,0.0,,,,,,0.0,2.0,,0.0,,1.0,,0.0,,,,,,3.0,,2.0,,,,,,,,,,,,,,,,,,,,,,,,,,,,,,,,,,,,,,,,,,,,,,,,,,,,,,,,,,,,,,,,1.0,Morellonomicon,,,,,,,,,,,,,,,,,,,,,,,,,,,,,,,3.0,MirageEmblemItem,WarriorEmblemItem,SpearOfShojin,,,,,,,,,,,,,,,,,2.0,Shroud,,,2.0,ThiefsGloves,SpearOfShojin,GuardianAngel,,,,,,,,,,,,,,,,,,,,,,,,,,,,,3.0,LocketOfTheIronSolari,Shroud,LocketOfTheIronSolari,,,,,,,,,,,,,,,,,,,,,,,,,,,,,,,,,,,,,,,,,,,None,None,,,,,,,,,,,,,,,,,,,,,,,,,1.0,SpearOfShojin,HextechGunblade,,3.0,RapidFireCannon,GuinsoosRageblade,MadredsBloodrazor,,,,
1,EUW1_5973024740,TFT7_Augment_AssassinEmblem2,TFT6_Augment_CelestialBlessing2,TFT6_Augment_CyberneticImplants2,2.0,,,2.0,,,1.0,,,,1.0,,0.0,0.0,,,0.0,,,,,,,,1.0,,0.0,3.0,,,,,,,,,,,,,,,,,,,,,,,,,,,,,,,,,,,,,,,,,,,,,,,,,2.0,InfinityEdge,AssassinEmblemItem,Bloodthirster,,,,,,,,,,,,,,,,,,,,,,,,,,,,,,,,,,,,,,,,,,,,,,,,,,,,,,,,,,,,,,,,,,,,,,,,,2.0,Morellonomicon,TearOfTheGoddess,,2.0,ThiefsGloves,EmptyBag,EmptyBag,2.0,FrozenHeart,UnstableConcoction,RedBuff,,,,,,,,,,,,,,,,,2.0,Zephyr,,,,,,,,,,,,,,,,,,,,,,,2.0,ThiefsGloves,,,,,,,2.0,WhispersEmblemItem,Morellonomicon,Deathblade,,,,,,,,,,,None,None,,,,,,,,,,,,,,,,,,,,,,,,,,,,,,,,,,,,
4,EUW1_5972724259,TFT7_Augment_Preparation2,TFT7_Augment_BandOfThieves1,TFT6_Augment_ThrillOfTheHunt2,0.0,0.0,,,,,1.0,,,,,2.0,,,,0.0,,,,2.0,,,1.0,,,,,1.0,,,,,,,,,,,,,,,,,,,,,,,,,,,,,,,,,,,,,,,,,,,,,2.0,ZekesHerald,MadredsBloodrazor,,,,,,1.0,Shroud,,,,,,,2.0,ThiefsGloves,RecurveBow,TitanicHydra,,,,,,,,,,,,,,,,,,,,,,,,,,,,,,,,,,,,,,,,,,,,,2.0,GargoyleStoneplate,IonicSpark,WarmogsArmor,3.0,Deathblade,GuinsoosRageblade,Bloodthirster,,,,,,,,,,,,,1.0,,,,,,,,,,,,,,,,,,,,,,,,,,,,,,,,,,,,,,,,1.0,,,,,,,,,,,,,,,,,,,,,,,,,,,,,,None,None,,,,,,,,,,,,,,,,,,,,,,,,,,,,,,,,,,,,
1,EUW1_5972724259,TFT7_Augment_ClutteredMind,TFT6_Augment_Meditation1,TFT7_Augment_MikaelsGift,1.0,,,1.0,1.0,,,,1.0,,1.0,,0.0,1.0,,0.0,,1.0,,,0.0,1.0,,,1.0,1.0,,0.0,,,,,,,,,,,,,,,,,,,,,,,,,,,,,2.0,LastWhisper,InfinityEdge,GuinsoosRageblade,,,,,,,,,,,,,,,,,,,,,,,,,,,,,,,,,,,,,,,,,,,,,,,,,,,,,,,,,,,,,,,,,,,,,2.0,,,,,,,,,,,,,,,,,,,,,,,,2.0,ThiefsGloves,RunaansHurricane,MadredsBloodrazor,,,,,1.0,,,,,,,,,,,,,,,,,,,,,,,,,,,,,,,,2.0,StatikkShiv,MageEmblemItem,,,,,,,,,,1.0,,,,,,,,2.0,InfinityEdge,Bloodthirster,,,,,,,,,,4.0,TrainerSnax,None,None,2.0,ZekesHerald,LocketOfTheIronSolari,ZekesHerald,,,,,,,,,,,,,,,,,,,,,,,,,,,,,2.0,,,
3,EUW1_5972724259,TFT7_Augment_CavalierEmblem,TFT6_Augment_CyberneticUplink1,TFT6_Augment_ComponentGrabBag,1.0,,,1.0,,2.0,,,,,3.0,,0.0,,,,1.0,,,,,,,1.0,1.0,,0.0,,,,,,,,,,,,,,,,,,,,,,,,,,,,,,,,,,,,,,,,,,,,,,,,,,,,,,,,,,,,,,,,,,2.0,RedBuff,,,,,,,,,,,,,,,,,,,,,,,,,,,,,,,,,,,,,,,,,,,,,,,,,,,,,,,,,,,2.0,WarmogsArmor,GargoyleStoneplate,,,,,,2.0,FrozenHeart,,,,,,,2.0,Shroud,,,,,,,,,,,2.0,PowerGauntlet,,,,,,,,,,,,,,,,,,,,,,,,,,,,,,,2.0,CavalierEmblemItem,GuardianAngel,TitansResolve,,,,,,,,,,,None,None,,,,,2.0,RecurveBow,,,,,,,,,,,,,,,2.0,MadredsBloodrazor,GuinsoosRageblade,MadredsBloodrazor,,,,,,,,,,,,
7,EUW1_5972724259,TFT7_Augment_AssassinEmblem,TFT6_Augment_MakeshiftArmor1,TFT6_Augment_CelestialBlessing2,3.0,,,0.0,,,1.0,,,,,0.0,,,,,1.0,,0.0,1.0,0.0,,,,0.0,,0.0,0.0,,,,,,,,,,,,,,,,,,,,,,,,,,,,,,,,,2.0,FrozenHeart,IonicSpark,RedBuff,,,,,,,,,,,,,,,,,,,,,,,,,,,,,,,,,,,,,,,,,,,,,,,,,2.0,BFSword,,,,,,,,,,,,,,,,,,,,,,,2.0,DragonsClaw,RedBuff,AssassinEmblemItem,,,,,,,,,,,,,,,,,1.0,,,,1.0,,,,,,,,,,,,,,,,,,,,2.0,,,,1.0,RapidFireCannon,InfinityEdge,AssassinEmblemItem,,,,,,,,,,,,,,,,,,,,,,,,,,,,,,,,,,,,,,,None,None,,,,,,,,,,,,,,,,,,,,,,,,,,,,,,,,,,,,
6,EUW1_5972724259,TFT7_Augment_AxiomArc2,TFT7_Augment_Preparation,TFT6_Augment_CyberneticShell2,,,,,,,1.0,0.0,1.0,,,2.0,0.0,,0.0,1.0,,,,1.0,,,,,,0.0,0.0,,,,,,2.0,RabadonsDeathcap,,,,,,,,,,,,,,,,,,,,,,,,,,,,,,,,,,,,,,,2.0,TitansResolve,Bloodthirster,,,,,,,,,,,,,,2.0,,,,,,,,,,,,,,,,,,,,,,,,,,,,,,,,,,,,,,,,1.0,,,,,,,,2.0,Quicksilver,GargoyleStoneplate,Morellonomicon,,,,,,,,,,,,,,,,,,,,,,,,,,,,,,,,,,,,,,,,,,,,,,,,,,,,,,,,,,,,,,,,,,,,,,,,,,,,,,,,,,,,,,,None,None,,,,,,,,,,,,,,,,,,,,,,,,,1.0,GuinsoosRageblade,SeraphsEmbrace,,,,,,,,,
8,EUW1_5972724259,TFT6_Augment_ThreesCompany,TFT6_Augment_FirstAidKit,TFT6_Augment_SecondWind2,,0.0,,0.0,,,,,1.0,,1.0,,,2.0,,1.0,,0.0,,,,,,,,1.0,,0.0,,,,,,,,,,,,,,,,,,,,,,,,,,,,,,,,,,,,,,,,,,,,,,,,,,,,,,,,,,,,,,,,,,,,,1.0,,,,,,,,,,,,,,,,,,,,,,,,,,,,,,,,2.0,,,,3.0,RecurveBow,,,,,,,,,,,,,,,,,,,,,,,,,,,,,,,2.0,UnstableConcoction,SpearOfShojin,,,,,,,,,,,,,,,,,,,,,,,,,,1.0,,,,,,,,,,,,1.0,WarmogsArmor,TitansResolve,GiantsBelt,,,,,,,,,,,,,,,,,1.0,TrainerSnax,None,None,,,,,,,,,,,,,2.0,,,,,,,,,,,,,,,,,,,,,,,
2,EUW1_5972724259,TFT6_Augment_ThrillOfTheHunt2,TFT6_Augment_Weakspot,TFT6_Augment_PortableForge,,,1.0,,2.0,,,,1.0,1.0,1.0,,,,,1.0,,2.0,0.0,,,,,,,1.0,,0.0,,,,,,,,,,,,,,,,,,,,,1.0,,,,3.0,GargoyleStoneplate,OrnnAnimaVisage,WarmogsArmor,2.0,BFSword,,,,,,,,,,,,,,,,,,,,,,,,,,,,,,,,,,,,,,,,,,,,,,,3.0,SpearOfShojin,,,,,,,,,,,,,,,,,,,,,,,2.0,NeedlesslyLargeRod,Chalice,ZekesHerald,,,,,,,,,,,,,,,,,,,,,,,,,,,,,,,,,,,,,,,,,,,,,,,,,,,,,,,,,,,,,1.0,,,,,,,,,,,,,,,,,,,,,,,,,,,,3.0,,,,4.0,TrainerSnax,None,None,3.0,MadredsBloodrazor,GuinsoosRageblade,RunaansHurricane,,,,,,,,,,,,,,,,,,,,,,,,,,,,,,,,
5,EUW1_5972724259,TFT6_Augment_TradeSector,TFT6_Augment_ThrillOfTheHunt1,TFT6_Augment_Distancing2,1.0,,,1.0,,1.0,,,,,3.0,,0.0,,,,1.0,,,,,,,1.0,1.0,,0.0,,,,,,,,,,,,,,,,,,,,,,,,,,,,,,,,,,,,,,,,,,,,,,,,,,,,,,,,,,,,,,,,,,2.0,WarmogsArmor,BrambleVest,,,,,,,,,,,,,,,,,,,,,,,,,,,,,,,,,,,,,,,,,,,,,,,,,,,,,,,,,,1.0,,,,,,,,2.0,TearOfTheGoddess,,,,,,,1.0,,,,,,,,,,,,2.0,,,,,,,,,,,,,,,,,,,,,,,,,,,,,,,,2.0,RedBuff,FrozenHeart,,,,,,,,,,,,None,None,,,,,2.0,,,,,,,,,,,,,,,,2.0,Deathblade,GuinsoosRageblade,Quicksilver,,,,,,,,,,,,
2,EUW1_5972959465,TFT6_Augment_SlowAndSteady,TFT6_Augment_ComponentGrabBag,TFT6_Augment_Distancing2,1.0,,,1.0,2.0,,,,1.0,,1.0,,0.0,,,0.0,,2.0,,,,,,,1.0,1.0,,,,,,,,,,,,,,,,,,,,,,,,,,,,,,,2.0,Quicksilver,GuinsoosRageblade,UnstableConcoction,,,,,,,,,,,,,,,,,,,,,,,,,,,,,,,,,,,,,,,,,,,,,,,,,,,,,,,,,,,,,,,,,,,,,3.0,,,,,,,,,,,,,,,,,,,,,,,,2.0,BrambleVest,Redemption,GargoyleStoneplate,,,,,2.0,IonicSpark,TitansResolve,,,,,,,,,,,,,,,,,,,,,,,,,,,,,,3.0,SpearOfShojin,,,,,,,,,,,,,,,2.0,,,,2.0,CannoneerEmblemItem,FrozenHeart,InfinityEdge,,,,,,,,,4.0,TrainerSnax,None,None,2.0,,,,,,,,,,,,,,,,,,,,,,,,,,,,,,,,,,,
5,EUW1_5972959465,TFT6_Augment_CyberneticImplants3,TFT6_Augment_Ascension,TFT7_Augment_CavalierEmblem,1.0,,,1.0,,1.0,,0.0,,,2.0,,0.0,,0.0,,1.0,,,,,,,1.0,1.0,,1.0,,,,,,,,,,,,,,,,,,,,,,,,,,,,,,,,,,,,,,,,,,,,,,,,,,,,,,,,,,,,,,,,,,2.0,LocketOfTheIronSolari,,,,,,,,,,,,,,,,,,,,,,,,,,,,,,,,,,,,,,,,,,,,,,,,,,,,,,,,,,,2.0,CavalierEmblemItem,,,,,,,2.0,TearOfTheGoddess,,,,,,,,,,,,,,,,,,,2.0,RedBuff,,,,,,,,,,,,,,,,,,,,,,,,,,,,,,,2.0,InfinityEdge,Bloodthirster,,,,,,,,,,,,None,None,,,,,2.0,BFSword,,,,,,,,,,,,,,,2.0,Quicksilver,TitansResolve,RapidFireCannon,1.0,SeraphsEmbrace,,,,,,,,,,
8,EUW1_5972959465,TFT6_Augment_Featherweights3,TFT6_Augment_Twins2,,,,,,0.0,,,,,,,,,,,,,,,,,,,,,0.0,,,,,,,,,,,,,,,,,,,,,,,,,,,,,,,,,,,,,,,,,,,,,,,,,,,,,,,,,,,,,,,,,,,,,,,,,,,,,,,,,,,,,,,,,,,,,,,,,,,,,,,,,,,,,,,,,,,,,,,,,,,,,,,,,,,,,,,,,,,,,,,,,,,,,,,,,,,,,,,,,,,,,,,,,,,,,,,,,,,,,,,,,,,,,,,,,,,,,,,,,None,None,1.0,GuinsoosRageblade,Deathblade,,,,,,,,,,,,,,,,,,,,,,,,,,,,,,,,,
7,EUW1_5972959465,TFT7_Augment_AssassinEmblem2,TFT6_Augment_PortableForge,TFT6_Augment_SecondWind2,2.0,,,2.0,,,,,,,1.0,,0.0,0.0,,,0.0,,1.0,,,,,,1.0,,1.0,0.0,,,,,,,,,,,,,,,,,,,,,,,,,,,,,,,,,2.0,RedBuff,FrozenHeart,OrnnZhonyasParadox,,,,,,,,,,,,,,,,,,,,,,,,,,,,,,,,,,,,,,,,,,,,,,,,,,,,,,,,,,,,,,,,,,,,,,,,,,,,,,,,,,,,,2.0,InfinityEdge,AssassinEmblemItem,RunaansHurricane,1.0,NegatronCloak,,,,,,,2.0,,,,,,,,,,,,,,,,,,,,3.0,,,,,,,,,,,,,,,,,,,,,,,,2.0,,,,,,,,1.0,InfinityEdge,RapidFireCannon,UnstableConcoction,,,,,,,,,,,None,None,,,,,,,,,,,,,,,,,,,,,,,,,,,,,,,,,,,,
6,EUW1_5972959465,TFT6_Augment_Traitless3,TFT7_Augment_ClutteredMind,TFT6_Augment_CyberneticShell2,0.0,,1.0,0.0,0.0,0.0,,0.0,,,1.0,0.0,0.0,,0.0,0.0,0.0,0.0,,0.0,,,,0.0,0.0,,0.0,0.0,,,,,,,,,,,,,,,,,,,,,1.0,,,,,,,,2.0,StatikkShiv,RunaansHurricane,,,,,,,,,,,,,,,,,,,,,,,,,,,,,,,,,,2.0,GargoyleStoneplate,,,,,,,,,,,,,,,,,,,,,,,,,,,,,,,,,,,,,,,,,,,2.0,SparringGloves,,,,,,,,,,,,,,,1.0,,,,1.0,BFSword,,,,,,,,,,,,,,,,,,,,,,,,,,,,,,,,,,,,,,,,,,,,,,,,,,,,,,,,,,,,,,,,,,,,,None,None,,,,,,,,,,,,,,,,,,,,,2.0,MadredsBloodrazor,Quicksilver,GuinsoosRageblade,2.0,BFSword,,,,,,,,,,
1,EUW1_5972959465,TFT7_Augment_LivingForge,TFT7_Augment_BestFriends2,TFT6_Augment_CyberneticImplants2,,1.0,1.0,1.0,,,,,0.0,,2.0,,,1.0,,2.0,,,,,0.0,1.0,,1.0,,0.0,,0.0,,,,,,,,,,,,,,,,,,,,,2.0,,,,,,,,,,,,,,,,,,,,,,,,,,,,,,,,,,,,,,,,,,,,,,,,,,,,3.0,WarmogsArmor,OrnnObsidianCleaver,OrnnRocketPropelledFist,,,,,,,,,,,,,,,,,,,,,,,,,2.0,,,,3.0,LocketOfTheIronSolari,,,,,,,,,,,,,,,,,,,,,,,,,,,,,,,,,,,,,,,,,,,,,,,,,,,,,,,,,,,,,,,,,,,,,,,2.0,RedBuff,OrnnEternalWinter,GargoyleStoneplate,,,,,,,,,,,,,,,,,,,None,None,,,,,2.0,,,,3.0,Deathblade,RunaansHurricane,MadredsBloodrazor,,,,,,,,,,,,,,,,,,,,,1.0,SpearOfShojin,JeweledGauntlet,SeraphsEmbrace
4,EUW1_5972959465,TFT7_Augment_BestFriends3,TFT7_Augment_BestFriends2,TFT7_Augment_GuildEmblem,1.0,,,1.0,,1.0,,,,,4.0,,0.0,,,,1.0,,,,,,,1.0,1.0,,0.0,,,,,,,,,,,,,,,,,,,,,,,,,,,,,,,,,,,,,,,,,,,,,,,,,,,,,,,,,,,,,,,,,,2.0,PowerGauntlet,Morellonomicon,,,,,,,,,,,,,,,,,,,,,,,,,,,,,,,,,,,,,,,,,,,,,,,,,,,,,,,,,,1.0,FrozenHeart,GargoyleStoneplate,,,,,,1.0,,,,,,,,2.0,,,,,,,,,,,,2.0,GiantsBelt,,,,,,,,,,,,,,,,,,,,,,,,,,,,,,,2.0,InfinityEdge,RedBuff,,,,,,,,,,,,None,None,,,,,2.0,,,,,,,,,,,,,,,,2.0,GuinsoosRageblade,GuildEmblemItem,Deathblade,,,,,,,,,,,,
3,EUW1_5972959465,TFT7_Augment_RagewingEmblem2,TFT6_Augment_RichGetRicherPlus,TFT6_Augment_Ascension,,,,,,,1.0,2.0,,,,1.0,,,0.0,,2.0,,,2.0,,,,0.0,,,0.0,,,,,,,,,,,,,,2.0,ZekesHerald,RagewingEmblemItem,ZekesHerald,,,,,,,,,,,,,,,,,,,,,,,,,,,,,,,,,,,,,,,,,,,,,2.0,DragonmancerEmblemItem,,,,,,,,,,,,,,,,,,,,,,,,,,,,,,,,,,,,,,,,,,,,,,,2.0,DragonmancerEmblemItem,RedBuff,TitanicHydra,,,,,,,,,,,,,,,,,,,,,,,,,,,,,,,,,,,,,2.0,,,,,,,,1.0,TitansResolve,,,,,,,,,,,,,,,3.0,Quicksilver,StatikkShiv,GuinsoosRageblade,,,,,,,,,,,,,,,,,,,,,,,None,None,,,,,,,,,,,,,,,,,,,,,,,,,1.0,LastWhisper,,,,,,,,,,
8,EUW1_5972115614,TFT6_Augment_PortableForge,TFT7_Augment_ShimmerscaleTrait,TFT7_Augment_SwiftshotPressTheAttack,0.0,,,0.0,,,1.0,0.0,,0.0,,,0.0,0.0,,,1.0,,,,4.0,1.0,,0.0,,,1.0,,1.0,,,,,,,,,,,,,,,,,,,,,,,,,,,,,,,,,,,,,,,,2.0,GargoyleStoneplate,WarmogsArmor,,,,,,,,,,,,,,,,,,,,,,,,,,,,,,,,,,,,,,,,,,2.0,InfinityEdge,OrnnInfinityForce,,,,,,,,,,,,,,,,,,,,,,,,,,,,,,,,,,,,,,,,,,,,,,,,,,,,,,,,,,,,,,,,,,2.0,ShimmerscaleEmblemItem,,,,,,,,,,,,,,,,,,,,,,,,,,,,,,,,,,,,,,,,,,,,,None,None,,,,,,,,,,,,,,,,,2.0,,,,2.0,ShimmerscaleGamblersBlade,GuinsoosRageblade,ShimmerscaleDravensAxe,,,,,,,,,1.0,ShimmerscaleGoldmancersStaff,ShimmerscaleCrownOfChampions,ShimmerscaleHeartOfGold
1,EUW1_5972115614,TFT6_Augment_ThreesCompany,TFT6_Augment_TriForce2,TFT7_Augment_BruiserTitanicStrength,3.0,,,2.0,,,,,,,1.0,,0.0,0.0,,,0.0,,1.0,,0.0,,,,1.0,,1.0,1.0,,,,,,,,,,,,,,,,,,,,,,,,,,,,,,,,,3.0,RedBuff,FrozenHeart,RabadonsDeathcap,,,,,,,,,,,,,,,,,,,,,,,,,,,,,,,,,,,,,,,,,,,,,,,,,1.0,,,,,,,,,,,,,,,,,,,,,,,,,,,,,,,,,,,,3.0,RunaansHurricane,AssassinEmblemItem,InfinityEdge,2.0,WarmogsArmor,,,1.0,HextechGunblade,,,2.0,FrozenHeart,,,,,,,,,,,,,,,,,,,2.0,Spatula,,,,,,,,,,,,,,,,,,,,,,,2.0,,,,,,,,2.0,ZekesHerald,HextechGunblade,,,,,,,,,,,,None,None,,,,,,,,,,,,,,,,,,,,,,,,,,,,,,,,,,,,
2,EUW1_5972115614,TFT6_Augment_SunfireBoard,TFT6_Augment_MakeshiftArmor2,TFT6_Augment_Ascension,,1.0,,1.0,,,,,0.0,,1.0,0.0,,2.0,,1.0,,,,,0.0,1.0,1.0,1.0,,1.0,,0.0,,,,,,,,,,,,,,,,,,,,,,,,,,,,,,,,,,,,,,,,,,,,,,,,,,,,,,,,,,,,,,,,,,,,,1.0,,,,3.0,GargoyleStoneplate,MageEmblemItem,IonicSpark,,,,,,,,,,,,,,,,,,,,,,,,,2.0,,,,3.0,ThiefsGloves,TitansResolve,ArchangelsStaff,,,,,,,,,,,,,,,,,,,,,,,,,,,,,,,,,,,,,,,,,,,,,,,,,,,,,,,,,,,,,2.0,GuardianAngel,,,,,,,2.0,,,,,,,,,,,,,,,,,,,,2.0,TrainerSnax,None,None,,,,,2.0,,,,3.0,GuinsoosRageblade,RunaansHurricane,MadredsBloodrazor,,,,,,,,,,,,,,,,,,,,,2.0,PowerGauntlet,GuardianAngel,Chalice
4,EUW1_5972115614,TFT6_Augment_CalculatedLoss,TFT6_Augment_FuturePeepers,TFT7_Augment_GuildEmblem,,,,0.0,,1.0,,0.0,,1.0,3.0,,,,2.0,,0.0,,0.0,,,,,0.0,,,1.0,,,,,,,,,,,,,,,,,,,,,,,,,,3.0,RedBuff,IonicSpark,FrozenHeart,,,,,,,,,,,,,,,,,,,,,,,,,,,,,,,,,,,,,,,,,,,,,,,,,,,,,,,,,,,,,,,,,3.0,ForceOfNature,RedBuff,GuildEmblemItem,,,,,,,,,,,,,,,,,,,,,2.0,,,,,,,,,,,,,,,,,,,,,,,,2.0,Zephyr,,,,,,,,,,,2.0,,,,,,,,,,,,,,,,,,,,,,,,,,,,,,,,,,,,,,,,,,,,,,None,None,,,,,2.0,,,,,,,,,,,,,,,,,,,,1.0,Quicksilver,,,3.0,RapidFireCannon,UnstableConcoction,TitansResolve,,,,
7,EUW1_5972115614,TFT6_Augment_Electrocharge2,TFT7_Augment_LastStand,TFT6_Augment_ThrillOfTheHunt2,,,,0.0,0.0,,1.0,,1.0,1.0,,,0.0,0.0,,0.0,,1.0,,,1.0,,,,0.0,1.0,,,,,,,,,,,,,,,,,,,,,,,,,,,,,,,2.0,UnstableConcoction,RapidFireCannon,MadredsBloodrazor,,,,,,,,,1.0,RedBuff,GargoyleStoneplate,,,,,,,,,,,,,,,,,,,,,,,,,,2.0,,,,,,,,,,,,,,,,,,,,,,,,,,,,,,,,2.0,ZekesHerald,,,,,,,,,,,,,,,,,,,,,,,2.0,GuardianEmblemItem,ChainVest,,,,,,,,,,,,,,,,,,,,,,,,,,,,,,,,,,,,,,2.0,ShimmerscaleGamblersBlade,,,,,,,,,,,,,,,,,,,,,,,,,,,,,,,2.0,TrainerSnax,None,None,,,,,,,,,,,,,,,,,,,,,,,,,,,,,,,,,,,,
3,EUW1_5972115614,TFT6_Augment_MetabolicAccelerator,TFT7_Augment_ShimmerscaleTrait,TFT7_Augment_DragonAlliance,0.0,,,,,,2.0,0.0,,0.0,,1.0,0.0,,,0.0,1.0,,,0.0,4.0,,,,,,0.0,,2.0,SpearOfShojin,Shroud,,,,,,,,,,,,,,,,,,,,,,,,,,,,,,,,,,,,,,2.0,Redemption,Redemption,ShimmerscaleHeartOfGold,2.0,ShimmerscaleEmblemItem,Bloodthirster,ShimmerscaleCrownOfChampions,,,,,,,,,,,,,,,,,,,,,,,,,,,,,,,,,,,,,2.0,ZekesHerald,,,,,,,,,,,,,,,,,,,,,,,,,,,,,,,,,,,,,,,,,,,,,,,,,,,,,,,,,,,,,,,,,,,,,,,2.0,ShimmerscaleEmblemItem,DragonsClaw,BrambleVest,,,,,,,,,,,,,,,,,,,,,,,,,,,,,,,,,,,,,,,None,None,,,,,,,,,,,,,,,,,2.0,ShimmerscaleGamblersBlade,ShimmerscaleDravensAxe,ShimmerscaleGoldmancersStaff,,,,,,,,,,,,,,,,
5,EUW1_5972115614,TFT7_Augment_BruiserEmblem,TFT7_Augment_BruiserTitanicStrength,TFT7_Augment_PandorasBench,0.0,,,2.0,,,1.0,,,0.0,,0.0,,0.0,,,0.0,,,1.0,,,,,,,0.0,3.0,,,,,,,,,,,,,,,,,,,,,,,,,,,,,,,,,,,,,,,,,,,,,,,,,2.0,RapidFireCannon,Bloodthirster,Quicksilver,2.0,AssassinEmblemItem,NeedlesslyLargeRod,FrozenHeart,,,,,,,,,,,,,,,,,,,,,,,,,,,,,,,,,,,,,,,,,,,,,,,,,,,,,2.0,BruiserEmblemItem,GargoyleStoneplate,,,,,,,,,,,,,,,,,,,,,,,,,,,,,,,,,,,,,,,,,,2.0,RedBuff,,,,,,,,,,,,,,,,,,,,,,,2.0,,,,,,,,,,,,,,,,1.0,,,,,,None,None,,,,,,,,,,,,,,,,,,,,,,,,,,,,,,,,,,,,
6,EUW1_5972115614,TFT6_Augment_SalvageBin,TFT6_Augment_Ascension,TFT6_Augment_PortableForge,2.0,,,1.0,,0.0,,,,0.0,,,,0.0,,,0.0,,2.0,,0.0,,,,0.0,,1.0,,,,,,,,,,,,,,,,,,,,,,,,,,1.0,,,,,,,,2.0,IonicSpark,OrnnAnimaVisage,FrozenHeart,,,,,,,,,,,,,,,,,,,,,,,,,,,,,,,,,,,,,,,,,,,,,,,,,1.0,,,,,,,,,,,,2.0,ThiefsGloves,RecurveBow,Deathblade,,,,,,,,,,,,,,,,,,,,,2.0,AssassinEmblemItem,InfinityEdge,RapidFireCannon,,,,,,,,,2.0,,,,,,,,,,,,,,,,,,,,2.0,RedBuff,LocketOfTheIronSolari,,,,,,,,,,,,,,,,,,,,,,,,,,,,,,,,,,,,,,,,,,,,None,None,,,,,,,,,,,,,,,,,,,,,,,,,,,,,,,,,,,,
2,EUW1_5970866119,TFT6_Augment_Ascension,TFT6_Augment_ThrillOfTheHunt1,TFT6_Augment_JeweledLotus,,0.0,,1.0,,0.0,,,,,1.0,,0.0,3.0,,0.0,,,0.0,,0.0,1.0,,,0.0,0.0,,0.0,,,,,,,,,,,,,,,,,,,,,,,,,,,,,,,,,,,,,,,,,,,,,,,,,,,,,,,,,,,,,,,,,,,,,2.0,,,,,,,,,,,,,,,,,,,,,,,,,,,,1.0,,,,,,,,3.0,ArchangelsStaff,MadredsBloodrazor,SpearOfShojin,,,,,,,,,,,,,,,,,2.0,DragonsClaw,GargoyleStoneplate,RedBuff,,,,,,,,,2.0,SeraphsEmbrace,,,,,,,,,,,,,,,,,,,,,,,,,,,,,,,,,,,,,,,2.0,,,,,,,,,,,,,,,,,,,,,,None,None,,,,,,,,,,,,,3.0,LocketOfTheIronSolari,,,,,,,,,,,,,,,,,,,2.0,Chalice,ArchangelsStaff,MadredsBloodrazor
1,EUW1_5970866119,TFT6_Augment_SecondWind2,TFT6_Augment_Diversify1,TFT7_Augment_ShapeshifterBeastsDen,0.0,0.0,,,,,1.0,0.0,,,,1.0,,,,,1.0,,,3.0,,,1.0,,,,,1.0,,,,,,,,,,,,,,,,,,,,,,,,,,,,,,,,,,,,,,,,,,,,,,,,,,,,,2.0,ZekesHerald,JeweledGauntlet,,,,,,2.0,,,,,,,,,,,,,,,,,,,,,,,,,,,,,,,,,,,,,,,,,,,,,,,,2.0,BrambleVest,RedBuff,,3.0,Deathblade,Quicksilver,RapidFireCannon,,,,,,,,,,,,,2.0,,,,,,,,,,,,,,,,,,,,,,,,,,,,2.0,DragonsClaw,IonicSpark,Redemption,,,,,,,,,1.0,,,,1.0,,,,,,,,,,,,,,,,,,,,,,,,,,None,None,,,,,,,,,,,,,,,,,,,,,,,,,,,,,,,,,,,,
3,EUW1_5970866119,TFT6_Augment_PortableForge,TFT7_Augment_LategameSpecialist,TFT6_Augment_ComponentGrabBag,0.0,,,1.0,1.0,,1.0,0.0,0.0,,,,0.0,,2.0,,,3.0,,,,,,,1.0,,0.0,,,,,,,,,,,,,,,,,,,,,,,,,,,,,,2.0,StatikkShiv,ArchangelsStaff,ZekesHerald,,,,,2.0,GuinsoosRageblade,Bloodthirster,RapidFireCannon,,,,,,,,,,,,,,,,,,,,,,,,,,,,,,,,,,,,,2.0,,,,,,,,,,,,,,,,,,,,,,,,,,,,,,,,,,,,,,,,,,,,,,,,2.0,WarmogsArmor,GargoyleStoneplate,OrnnAnimaVisage,,,,,1.0,,,,,,,,,,,,,,,,,,,,,,,,,,,,,,,,2.0,,,,,,,,,,,,,,,,2.0,TitanicHydra,,,,,,,,,,,,,,,,,None,None,,,,,,,,,,,,,,,,,,,,,,,,,2.0,Quicksilver,RapidFireCannon,SeraphsEmbrace,,,,,,,,
4,EUW1_5970866119,TFT7_Augment_GuildEmblem,TFT6_Augment_PandorasItems,TFT6_Augment_CyberneticImplants2,1.0,,,1.0,,1.0,,,,,4.0,,0.0,,,,1.0,,,,,,,1.0,1.0,,0.0,,,,,,,,,,,,,,,,,,,,,,,,,,,,,,,,,,,,,,,,,,,,,,,,,,,,,,,,,,,,,,,,,,2.0,TitanicHydra,,,,,,,,,,,,,,,,,,,,,,,,,,,,,,,,,,,,,,,,,,,,,,,,,,,,,,,,,,,1.0,WarmogsArmor,GargoyleStoneplate,,,,,,2.0,GuildEmblemItem,,,,,,,2.0,,,,,,,,,,,,2.0,,,,,,,,,,,,,,,,,,,,,,,,,,,,,,,,2.0,InfinityEdge,RunaansHurricane,,,,,,,,,,,,None,None,,,,,2.0,ZekesHerald,PowerGauntlet,,,,,,,,,,,,,,2.0,Quicksilver,GuinsoosRageblade,MadredsBloodrazor,,,,,,,,,,,,
6,EUW1_5970866119,TFT7_Augment_CannoneerRicochet,TFT6_Augment_PandorasItems,TFT6_Augment_SunfireBoard,,,,1.0,2.0,,1.0,,1.0,,,,,0.0,,0.0,,2.0,,,,,,,,1.0,,2.0,,,,,,,,,,,,,,,,,,,,,,,,,,,,,2.0,GuinsoosRageblade,StatikkShiv,StatikkShiv,,,,,,,,,,,,,,,,,2.0,Quicksilver,GuinsoosRageblade,Bloodthirster,,,,,,,,,,,,,,,,,,,,,,,,,2.0,,,,,,,,,,,,,,,,,,,,,,,,2.0,ZekesHerald,,,,,,,,,,,,,,,,,,,,,,,,,,,,,,,,,,,,,,,,,,,,,,,,,,,,,,,,,,,,,,,2.0,,,,,,,,,,,,2.0,RedBuff,GargoyleStoneplate,Quicksilver,,,,,,,,,,,,,,,,,4.0,TrainerSnax,None,None,2.0,,,,,,,,,,,,,,,,,,,,,,,,,,,,,,,,,,,
5,EUW1_5970866119,TFT7_Augment_AstralIntercosmicGifts,TFT6_Augment_FirstAidKit,TFT6_Augment_ComponentGrabBag,,,1.0,1.0,,,1.0,,0.0,,1.0,,0.0,1.0,,2.0,,,,,0.0,1.0,,,2.0,1.0,,0.0,,,,,,,,,2.0,SpearOfShojin,ArchangelsStaff,HextechGunblade,,,,,,,,,1.0,Shroud,,,,,,,,,,,,,,,,,,,,,,,,,,,,,,,,,,,,,,,,,,,,,,,2.0,,,,,,,,,,,,,,,,,,,,,,,,,,,,,,,,2.0,PowerGauntlet,,,,,,,,,,,,,,,,,,,,,,,2.0,InfinityEdge,MysticEmblemItem,,,,,,,,,,,,,,,,,,,,,,,,,,,,,,,,,,,,,,,,,,,,,,,,,,2.0,Redemption,GargoyleStoneplate,DragonsClaw,,,,,,,,,,,,,,,,,3.0,TrainerSnax,None,None,,,,,,,,,,,,,,,,,,,,,,,,,,,,,,,,,1.0,SpearOfShojin,GuinsoosRageblade,RapidFireCannon
8,EUW1_5970866119,TFT7_Augment_BruiserTitanicStrength,TFT6_Augment_ItemGrabBag1,TFT6_Augment_CyberneticUplink2,,,,,2.0,,1.0,,1.0,0.0,,,,,,0.0,,2.0,,,1.0,,,,,1.0,,,,,,,,,,,,,,,,,,,,,,,,,,,,,,,1.0,MadredsBloodrazor,StatikkShiv,GuinsoosRageblade,,,,,,,,,1.0,GargoyleStoneplate,,,,,,,,,,,,,,,,,,,,,,,,,,,,,,,,,,,2.0,ShimmerscaleGoldmancersStaff,HextechGunblade,StatikkShiv,,,,,,,,,,,,,,,,,,,,,2.0,,,,,,,,,,,,,,,,,,,,,,,,,,,,,,,,,,,,,,,,,,,,,,,,,,,,,,,,,,,,,,,,2.0,SpearOfShojin,ArchangelsStaff,RabadonsDeathcap,,,,,,,,,,,,,,,,,,,,,,,,,,,,,3.0,TrainerSnax,None,None,2.0,,,,,,,,,,,,,,,,,,,,,,,,,,,,,,,,,,,
7,EUW1_5970866119,TFT6_Augment_TradeSector,TFT6_Augment_SecondWind1,TFT6_Augment_TomeOfTraits1,,1.0,,2.0,,,,,0.0,,1.0,,0.0,1.0,,1.0,,,,,,,,,0.0,0.0,,1.0,,,,,,,,,,,,,,,,,,,,,,,,,,,,,,,,,,,,,,,,,,,,,,,,,,,,,,,,,,,,,,,,,,,,,,,,,3.0,ChainVest,,,,,,,,,,,,,,,,,,,,,,,,,,,1.0,,,,3.0,WhispersEmblemItem,GuinsoosRageblade,,,,,,,,,,,,,,,,,,1.0,,,,,,,,,,,,3.0,SpearOfShojin,MadredsBloodrazor,ArchangelsStaff,,,,,,,,,,,,,,,,,,,,,3.0,,,,,,,,,,,,,,,,2.0,RedBuff,DragonsClaw,Zephyr,,,,,,,,,,,,,,,,,,,None,None,,,,,,,,,,,,,,,,,,,,,,,,,,,,,,,,,,,,
2,EUW1_5973237236,TFT6_Augment_TradeSector,TFT6_Augment_Diversify1,TFT7_Augment_UrfsGrabBag2,,,1.0,1.0,,,1.0,,1.0,,1.0,,0.0,1.0,,1.0,,0.0,,,,,,,2.0,1.0,,0.0,,,,,,,,,1.0,HextechGunblade,SpearOfShojin,GuinsoosRageblade,,,,,,,,,1.0,PowerGauntlet,,,,,,,,,,,,,,,,,,,,,,,,,,,,,,,,,,,,,,,,,,,,,,,2.0,,,,,,,,,,,,,,,,,,,,,,,,,,,,,,,,2.0,,,,,,,,,,,,,,,,,,,,,,,,1.0,IonicSpark,WarmogsArmor,Redemption,,,,,,,,,,,,,,,,,,,,,,,,,,,,,,,,,,,,,2.0,SpearOfShojin,MageEmblemItem,,,,,,,,,,2.0,WarmogsArmor,RedBuff,GargoyleStoneplate,,,,,,,,,,,,,,,,,4.0,TrainerSnax,None,None,,,,,,,,,,,,,,,,,,,,,,,,,,,,,,,,,,,,
3,EUW1_5973237236,TFT7_Augment_GadgetExpert,TFT6_Augment_ItemGrabBag1,TFT6_Augment_CyberneticImplants3,,,1.0,,0.0,,1.0,,1.0,1.0,1.0,1.0,,,,1.0,,1.0,,0.0,1.0,,1.0,,,0.0,,,,,,,,,,,,,,,,,,,,,,,1.0,,,,,,,,2.0,GuinsoosRageblade,StatikkShiv,Quicksilver,,,,,,,,,2.0,ShimmerscaleHeartOfGold,GargoyleStoneplate,RedBuff,,,,,,,,,,,,,,,,,,,,,,,,,,,,,,,,,,,,,,,,,,,,,,,,,,,,,,,,,1.0,Chalice,,,,,,,1.0,ThiefsGloves,PowerGauntlet,Shroud,,,,,,,,,,,,,,,,,,,,,,,,,,,,,,,,,,,,,,,,,,,,,,,,,,,,,2.0,Quicksilver,SpearOfShojin,UnstableConcoction,2.0,ArchangelsStaff,,,,,,,,,,,,,,,,,,,2.0,,,,,,,,,,None,None,,,,,,,,,,,,,,,,,,,,,,,,,,,,,,,,,,,,
1,EUW1_5973237236,TFT7_Augment_MageConference,TFT6_Augment_CelestialBlessing1,TFT7_Augment_BestFriends3,,1.0,1.0,1.0,,,,,0.0,,2.0,,,3.0,,2.0,,,,,0.0,1.0,,,,1.0,,0.0,,,,,,,,,,,,,,,,,,,,,2.0,,,,,,,,,,,,,,,,,,,,,,,,,,,,,,,,,,,,,,,,,,,,,,,,3.0,,,,3.0,TitanicHydra,MageEmblemItem,,,,,,,,,,,,,,,,,,,,,,,,,,2.0,PowerGauntlet,,,3.0,,,,,,,,,,,,,,,,,,,,,,,,,,,,,,,,2.0,JeweledGauntlet,SpearOfShojin,ArchangelsStaff,,,,,,,,,,,,,,,,,,,,,,,,,,,,,,,,,,,,,3.0,DragonsClaw,IonicSpark,,,,,,,,,,,,,,,,,,4.0,TrainerSnax,None,None,,,,,,,,,,,,,3.0,TitanicHydra,SparringGloves,,,,,,,,,,,,,,,,,,2.0,,,
6,EUW1_5973237236,TFT6_Augment_MetabolicAccelerator,TFT7_Augment_BestFriends1,TFT6_Augment_BandOfThieves2,1.0,,1.0,1.0,,0.0,,,,,3.0,,0.0,,,0.0,1.0,,,,,,,1.0,1.0,,0.0,,,,,,,,,,,,,,,,,,,,,,1.0,,,,,,,,,,,,,,,,,,,,,,,,,,,,,,,,,,,,,,,,,,,,1.0,ThiefsGloves,IonicSpark,StatikkShiv,,,,,,,,,,,,,,,,,,,,,,,,,,,,,,,,,,,,,,,,,,,,,,,,,,,,,,,,,1.0,ThiefsGloves,TearOfTheGoddess,GuardianAngel,,,,,2.0,ChainVest,,,,,,,,,,,,,,,,,,,2.0,RedBuff,LocketOfTheIronSolari,,,,,,,,,,,,,,,,,,,,,,,,,,,,,,2.0,StatikkShiv,Bloodthirster,,,,,,,,,,,,None,None,,,,,1.0,,,,,,,,,,,,,,,,2.0,GuinsoosRageblade,Quicksilver,MadredsBloodrazor,,,,,,,,,,,,
4,EUW1_5973237236,TFT6_Augment_ThreesCompany,TFT6_Augment_ItemGrabBag1,TFT7_Augment_ThinkFast,1.0,,,1.0,,2.0,,,,,3.0,,0.0,,,,1.0,,,,,,,1.0,1.0,,0.0,,,,,,,,,,,,,,,,,,,,,,,,,,,,,,,,,,,,,,,,,,,,,,,,,,,,,,,,,,,,,,,,,,2.0,,,,,,,,,,,,,,,,,,,,,,,,,,,,,,,,,,,,,,,,,,,,,,,,,,,,,,,,,,,,2.0,ArchangelsStaff,WarmogsArmor,GargoyleStoneplate,,,,,2.0,,,,,,,,2.0,,,,,,,,,,,,2.0,,,,,,,,,,,,,,,,,,,,,,,,,,,,,,,,2.0,CavalierEmblemItem,FrozenHeart,GuardianAngel,,,,,,,,,,,None,None,,,,,2.0,JeweledGauntlet,,,,,,,,,,,,,,,2.0,MadredsBloodrazor,Quicksilver,RapidFireCannon,,,,,,,,,,,,
8,EUW1_5973237236,TFT6_Augment_MetabolicAccelerator,TFT6_Augment_ItemGrabBag1,TFT7_Augment_BestFriends3,,,,,,,,,,,,,,,,,,,,,,,,,,,,,,,,,,,,,,,,,,,,,,,,,,,,,3.0,,,,,,,,2.0,,,,,,,,,,,,,,,,,,,,,,,,,,,,,,,,1.0,,,,,,,,,,,,,,,,,,,,,,,,,,,,,,,,2.0,,,,,,,,,,,,,,,,,,,,,,,,2.0,,,,,,,,,,,,,,,,,,,,,,,,,,,,,,,,,,,,,,,,,,,,,,,,,,,,,,,,1.0,,,,,,,,,,,,,,,,,,,,,,None,None,,,,,,,,,,,,,,,,,,,,,,,,,,,,,,,,,1.0,,,
5,EUW1_5973237236,TFT6_Augment_CelestialBlessing2,TFT7_Augment_BestFriends1,TFT6_Augment_VerdantVeil,1.0,,,1.0,,2.0,,,,,3.0,,0.0,,,,1.0,,,,,,,1.0,1.0,,0.0,,,,,,,,,,,,,,,,,,,,,,,,,,,,,,,,,,,,,,,,,,,,,,,,,,,,,,,,,,,,,,,,,,1.0,ThiefsGloves,LocketOfTheIronSolari,TitanicHydra,,,,,,,,,,,,,,,,,,,,,,,,,,,,,,,,,,,,,,,,,,,,,,,,,,,,,,,,,2.0,GargoyleStoneplate,Redemption,,,,,,2.0,,,,,,,,2.0,Shroud,,,,,,,,,,,1.0,,,,,,,,,,,,,,,,,,,,,,,,,,,,,,,,2.0,CavalierEmblemItem,InfinityEdge,,,,,,,,,,,,None,None,,,,,2.0,,,,,,,,,,,,,,,,2.0,StatikkShiv,GuinsoosRageblade,RunaansHurricane,,,,,,,,,,,,
7,EUW1_5973237236,TFT6_Augment_PortableForge,TFT6_Augment_Weakspot,TFT6_Augment_GrandGambler,0.0,,,2.0,,0.0,,,,0.0,,,0.0,0.0,,,0.0,,2.0,,,,,,0.0,,1.0,0.0,,,,,,,,,,,,,,,,,,,,,,,,,2.0,WarmogsArmor,,,,,,,3.0,Zephyr,RabadonsDeathcap,,,,,,,,,,,,,,,,,,,,,,,,,,,,,,,,,,,,,,,,,,,,,,,,,,,,,,,,,,,,,,2.0,,,,,,,,,,,,,,,,,,,,,,,,2.0,OrnnInfinityForce,Quicksilver,Bloodthirster,1.0,TearOfTheGoddess,Zephyr,,,,,,,,,,,,,,,,,,,,,,,,,,2.0,ZekesHerald,,,,,,,,,,,,,,,,,,,,,,,2.0,,,,,,,,,,,,,,,,,,,,,,None,None,,,,,,,,,,,,,,,,,,,,,,,,,,,,,,,,,,,,
7,EUW1_5973203509,TFT6_Augment_SecondWind2,TFT7_Augment_Preparation3,TFT6_Augment_ThrillOfTheHunt2,,1.0,,2.0,,,1.0,,,,1.0,,,0.0,,,,,,,,,,1.0,,,,2.0,,,,,,,,,,,,,,,,,,,,,,,,,,,,,,,,,,,,,,,,,,,,,,,,,1.0,,,,,,,,,,,,,,,,,,,,,,,,2.0,,,,,,,,,,,,,,,,,,,,,,,,,,,,,,,,,,,,,,,,,,,,,,,,,,,,,,,,,,,,,,,,,,,,,,,,,,,,,,,,,,,,,,,,2.0,,,,,,,,,,,,,,,,2.0,RedBuff,Redemption,,,,,,,,,,,,,,,,,,,,None,None,,,,,2.0,,,,2.0,GuinsoosRageblade,RunaansHurricane,BFSword,,,,,,,,,,,,,,,,,,,,,,,,
5,EUW1_5973203509,TFT6_Augment_ThreesCompany,TFT6_Augment_ItemGrabBag2,TFT7_Augment_BigFriend2,,,,,,,,1.0,,2.0,,1.0,,,0.0,,,,0.0,,,,,1.0,1.0,,,0.0,,,,,,,,,,,,,2.0,,,,,,,,,,,,2.0,RedBuff,BrambleVest,FrozenHeart,,,,,,,,,,,,,,,,,,,,,,,,,,,,,3.0,InfinityEdge,ArchangelsStaff,JeweledGauntlet,,,,,,,,,,,,,,,,,,,,,3.0,JeweledGauntlet,,,,,,,2.0,,,,3.0,BrambleVest,IonicSpark,WarmogsArmor,,,,,,,,,,,,,,,,,,,,,,,,,,,,,,,,,,,,,,,,,,,,,,,,,,,,,,,,,,,,,,,,,,,,,,,,,,,,,,,,,,,,,,,,,,,,,3.0,ThiefsGloves,Redemption,LastWhisper,2.0,,,,,,None,None,,,,,,,,,,,,,,,,,,,,,,,,,,,,,,,,,,,,
2,EUW1_5973203509,TFT7_Augment_MageEmblem,TFT6_Augment_BandOfThieves2,TFT6_Augment_CyberneticShell2,,0.0,1.0,1.0,,,,,1.0,,2.0,,,3.0,,2.0,,0.0,,,0.0,1.0,,,,1.0,,0.0,,,,,,,,,,,,,,,,,,,,,2.0,BrambleVest,LocketOfTheIronSolari,,,,,,,,,,,,,,,,,,,,,,,,,,,,,,,,,,,,,,,,,,,,,,2.0,TitanicHydra,,,2.0,ThiefsGloves,Bloodthirster,HextechGunblade,,,,,,,,,,,,,,,,,,,,,,,,,2.0,MageEmblemItem,,,3.0,ThiefsGloves,InfinityEdge,MadredsBloodrazor,,,,,,,,,,,,,,,,,,,,,,,,,,,,,2.0,ThiefsGloves,StatikkShiv,StatikkShiv,,,,,,,,,,,,,,,,,,,,,,,,,2.0,StatikkShiv,MageEmblemItem,SpearOfShojin,,,,,,,,,2.0,Redemption,DragonsClaw,GargoyleStoneplate,,,,,,,,,,,,,,,,,4.0,TrainerSnax,None,None,,,,,,,,,,,,,,,,,,,,,,,,,,,,,,,,,1.0,BFSword,,
4,EUW1_5973203509,TFT7_Augment_CannoneerHotShot,TFT7_Augment_BestFriends3,TFT6_Augment_TomeOfTraits1,,,,,3.0,,1.0,,1.0,1.0,,,,,,0.0,,2.0,,,1.0,,,,,1.0,,0.0,,,,,,,,,,,,,,,,,,,,,,,,,,,,,2.0,SpearOfShojin,Deathblade,MadredsBloodrazor,,,,,,,,,2.0,GargoyleStoneplate,GargoyleStoneplate,RedBuff,,,,,,,,,,,,,,,,,,,,,,,,,,,,,,,,,2.0,,,,,,,,,,,,,,,,,,,,,,,,2.0,CannoneerEmblemItem,ZekesHerald,,,,,,,,,,,,,,,,,,,,,,,,,,,,,,,,,,,,,,,,,,,,,,,,,,,,,,,,,,,,,,2.0,ShimmerscaleGoldmancersStaff,UnstableConcoction,,,,,,,,,,,,,,,,,,,,,,,,,,2.0,,,,4.0,TrainerSnax,None,None,2.0,Zephyr,,,,,,,,,,,,,,,,,,,,,,,,,,,,,,,,,,
6,EUW1_5973203509,TFT6_Augment_TriForce2,TFT6_Augment_ItemGrabBag2,TFT7_Augment_MikaelsGift,,1.0,,1.0,,,,,0.0,,1.0,,,1.0,,1.0,,,,,,,,1.0,,1.0,,0.0,,,,,,,,,,,,,,,,,,,,,,,,,,,,,,,,,,,,,,,,,,,,,,,,,,,,,,,,,,,,,,,,,,,,,2.0,Zephyr,,,3.0,LocketOfTheIronSolari,GargoyleStoneplate,BrambleVest,,,,,,,,,,,,,,,,,,,,,,,,,2.0,,,,2.0,ArchangelsStaff,SpearOfShojin,ArchangelsStaff,,,,,,,,,,,,,,,,,,,,,,,,,,,,,,,,,,,,,,,,,,,,,,,,,,,,,,,,,,,,,,,,,,,,,2.0,ThiefsGloves,IonicSpark,StatikkShiv,,,,,,,,,,,,,,,,,1.0,TrainerSnax,None,None,,,,,2.0,StatikkShiv,,,3.0,Deathblade,GuinsoosRageblade,MadredsBloodrazor,,,,,,,,,,,,,,,,,,,,,,,,
3,EUW1_5973203509,TFT6_Augment_CyberneticUplink2,TFT6_Augment_CyberneticImplants3,TFT6_Augment_PortableForge,1.0,,,1.0,1.0,,,,1.0,,1.0,0.0,0.0,,,0.0,0.0,1.0,,,,,1.0,,1.0,1.0,0.0,,,,,,,,,,,,,,,,,,,,,,,,,,,,,,2.0,GuinsoosRageblade,InfinityEdge,MadredsBloodrazor,,,,,,,,,,,,,,,,,,,,,,,,,,,,,,,,,,,,,,,,,,,,,,,,,,,,,,,,,,,,,,,,,,,,,2.0,SpearOfShojin,,,,,,,,,,,,,,,,,,,,,,,2.0,GargoyleStoneplate,OrnnRocketPropelledFist,,,,,,2.0,DragonsClaw,,,,,,,,,,,,,,,,,,,2.0,RedBuff,,,,,,,,,,,2.0,StatikkShiv,,,1.0,,,,,,,,,,,,,,,,2.0,NegatronCloak,,,,,,,,,,,2.0,TrainerSnax,None,None,1.0,,,,,,,,,,,,,,,,,,,,,,,,,,,,,,,,,,,
1,EUW1_5973203509,TFT6_Augment_Distancing2,TFT6_Augment_RadiantRelics,TFT7_Augment_RagewingScorch,,,,,,,1.0,1.0,,,,1.0,,,0.0,,2.0,,,2.0,,,1.0,0.0,,,0.0,,,,,,,,,,,,,,,,,,,,,,,,,,,,,,,,,,,,,,,,,,,,,,,,,,,,,,,,,,,,,,1.0,,,,,,,,,,,,,,,,,,,,,,,,,,,,,,,,,,,,,,,,,,,,,,,,2.0,WarmogsArmor,Redemption,RedBuff,,,,,,,,,,,,,,,,,,,,,,,,,,,,,,,,,,,,,2.0,,,,,,,,2.0,IonicSpark,,,,,,,,,,,2.0,SpearOfShojin,,,3.0,Quicksilver,GuinsoosRageblade,MadredsBloodrazor,,,,,,,,,,,,,,,,,,,,,,,None,None,,,,,,,,,,,,,,,,,,,,,2.0,GuinsoosRageblade,LastWhisper,Bloodthirster,2.0,ThiefsGlovesRadiant,GargoyleStoneplateRadiant,LastWhisperRadiant,,,,,,,,
8,EUW1_5973203509,TFT7_Augment_ShimmerscaleTrait,TFT6_Augment_GrandGambler,TFT6_Augment_Ascension,0.0,,,,,,1.0,1.0,,0.0,,0.0,0.0,0.0,,,0.0,,,,3.0,1.0,,0.0,0.0,,,,,,,,,,,,,,,,2.0,ZekesHerald,ShimmerscaleDravensAxe,,,,,,,,,,,,,,,,,,,,,,,,,,2.0,WarmogsArmor,ShimmerscaleMogulsMail,ShimmerscaleHeartOfGold,,,,,,,,,,,,,,,,,,,,,,,,,,,,,,,,,,,,,,,,,2.0,,,,2.0,,,,,,,,,,,,,,,,,,,,,,,,,,,,,,,,,,,,,,,,,,,,,,,,,,,,,,,,,,,,,,,,,,,,,,,,,,,,,,,,,,,,,,,,,,,,,,,,,,,,,,,,,,,,,,None,None,,,,,,,,,,,,,,,,,2.0,Bloodthirster,GuinsoosRageblade,ShimmerscaleGoldmancersStaff,,,,,,,,,,,,,1.0,,,
1,EUW1_5973166171,TFT7_Augment_ShimmerscaleTrait,TFT6_Augment_ItemGrabBag1,TFT6_Augment_RadiantRelics,0.0,,,,,,1.0,1.0,0.0,0.0,,,0.0,0.0,0.0,,0.0,0.0,,,4.0,1.0,,,0.0,,1.0,,1.0,,,,,,,,,,,,,,,,,,,,,,,,,,,,,,,,,,,,,,,,2.0,GargoyleStoneplate,ShimmerscaleMogulsMail,GargoyleStoneplate,,,,,,,,,,,,,,,,,,,,,,,,,,,,,,,,,,,,,,,,,2.0,ShimmerscaleDravensAxe,FrozenHeartRadiant,,2.0,ShimmerscaleHeartOfGold,Morellonomicon,,,,,,,,,,,,,,,,,,,,,,,,,,,,,,,,,,,,,,,,,,,,,,,,,,,,,,,,,,,,,,,,,,,,,,,,,,2.0,ShimmerscaleEmblemItem,Chalice,Morellonomicon,,,,,,,,,,,,,,,,,,,,,,,,,,,,,,,None,None,,,,,,,,,,,,,,,,,2.0,ShimmerscaleGamblersBlade,,,,,,,2.0,UnstableConcoction,GuinsoosRageblade,Quicksilver,,,,,2.0,StatikkShiv,SeraphsEmbrace,ShimmerscaleCrownOfChampions
6,EUW1_5973166171,TFT7_Augment_CavalierEmblem,TFT6_Augment_Weakspot,TFT6_Augment_RadiantRelics,,,1.0,,1.0,1.0,1.0,,1.0,0.0,1.0,,,,,1.0,0.0,1.0,,,1.0,,,,,1.0,,,,,,,,,,,,,,,,,,,,,,,1.0,,,,,,,,2.0,MadredsBloodrazor,HandOfJusticeRadiant,GuinsoosRageblade,,,,,,,,,2.0,CavalierEmblemItem,RedBuff,BrambleVest,,,,,,,,,,,,,,,,,,,,,2.0,IonicSpark,,,,,,,,,,,,,,,,,,,,,,,,,,,,,,,,,,,2.0,ShimmerscaleHeartOfGold,,,,,,,,,,,,,,,,,,,,,,,,,,,,,,,,,,,,,,,,,,,,,,,,,,,,,,,,,,,,,,,1.0,StatikkShiv,HextechGunblade,UnstableConcoction,,,,,,,,,,,,,,,,,,,,,,,,,,,,,4.0,TrainerSnax,None,None,2.0,Shroud,,,,,,,,,,,,,,,,,,,,,,,,,,,,,,,,,,
3,EUW1_5973166171,TFT7_Augment_RagewingTantrum,TFT6_Augment_TinyTitans,TFT6_Augment_Distancing3,1.0,,1.0,1.0,,0.0,,,,,3.0,,0.0,,,0.0,1.0,,,,,,,1.0,1.0,,0.0,,,,,,,,,,,,,,,,,,,,,,1.0,,,,,,,,,,,,,,,,,,,,,,,,,,,,,,,,,,,,,,,,,,,,2.0,DragonsClaw,RedBuff,Shroud,,,,,,,,,,,,,,,,,,,,,,,,,,,,,,,,,,,,,,,,,,,,,,,,,,,,,,,,,2.0,,,,,,,,2.0,,,,,,,,,,,,,,,,,,,,2.0,,,,,,,,,,,,,,,,,,,,,,,,,,,,,,,,2.0,UnstableConcoction,InfinityEdge,FrozenHeart,,,,,,,,,,,None,None,,,,,2.0,RunaansHurricane,,,,,,,,,,,,,,,2.0,Quicksilver,Deathblade,GuinsoosRageblade,,,,,,,,,,,,
7,EUW1_5973166171,TFT6_Augment_TrueTwos,TFT7_Augment_JadeEmblem,TFT6_Augment_TheGoldenEgg,,,,,,,1.0,1.0,,,,3.0,,,0.0,0.0,,,,1.0,,,1.0,0.0,,,0.0,,,,,,,,,,,,,,2.0,,,,,,,,,,,,,,,,,,,,,,,,,,,,,,,,1.0,GuardianAngel,TitansResolve,Bloodthirster,,,,,,,,,,,,,2.0,,,,,,,,,,,,,,,,,,,,2.0,,,,,,,,,,,,,,,,,,,,,,,,,,,,2.0,RedBuff,TitanicHydra,DragonsClaw,,,,,,,,,,,,,,,,,,,,,,,,,,,,,,,,,,,,,,,,,,,,,,,,,,,,,,,,,1.0,,,,,,,,,,,,,,,,,,,,,,,,,,,,,,None,None,,,,,,,,,,,,,,,,,,,,,,,,,1.0,JadeEmblemItem,InfinityEdge,,,,,,,,,
8,EUW1_5973166171,TFT7_Augment_RagewingScorch,TFT7_Augment_LategameSpecialist,TFT7_Augment_ShapeshifterTrait2,,,,,,,1.0,1.0,,,,2.0,,,,0.0,0.0,,,2.0,,,,0.0,,,,,,,,,,,,,,,,,2.0,,,,,,,,,,,,,,,,,,,,,,,,,,,,,,,,2.0,GuardianAngel,,,,,,,,,,,,,,,1.0,,,,,,,,,,,,,,,,,,,,2.0,,,,,,,,,,,,,,,,,,,,,,,,,,,,1.0,RedBuff,ChainVest,,,,,,,,,,,,,,,,,,,,,,,,,,,,,,,,,,,,,,,,,,,,,,,,,,,,,,,,,,,,,,2.0,GuinsoosRageblade,UnstableConcoction,ArchangelsStaff,,,,,,,,,,,,,,,,,,,,,,,None,None,,,,,,,,,,,,,,,,,,,,,,,,,,,,,,,,,,,,
2,EUW1_5973166171,TFT7_Augment_UrfsGrabBag1,TFT6_Augment_SecondWind1,TFT6_Augment_Distancing3,2.0,,,2.0,,,,,,,1.0,,0.0,0.0,,,0.0,,1.0,,,,,0.0,1.0,,1.0,1.0,,,,,,,,,,,,,,,,,,,,,,,,,,,,,,,,,2.0,LastWhisper,LocketOfTheIronSolari,LocketOfTheIronSolari,,,,,,,,,,,,,,,,,,,,,,,,,,,,,,,,,,,,,,,,,,,,,,,,,,,,,,,,,,,,,,,,,,,,,,,,,,,,,,,,,,,,,3.0,AssassinEmblemItem,RunaansHurricane,InfinityEdge,2.0,WarmogsArmor,Redemption,,1.0,IonicSpark,FrozenHeart,InfinityEdge,1.0,,,,,,,,,,,,,,,,,,,,1.0,,,,,,,,,,,,,,,,,,,,,,,,1.0,,,,,,,,,,,,,,,,,,,,,,None,None,,,,,1.0,,,,,,,,,,,,,,,,,,,,,,,,,,,,,,,
4,EUW1_5973166171,TFT7_Augment_SwiftshotEmblem,TFT6_Augment_CyberneticShell1,TFT7_Augment_BruiserEmblem2,,0.0,,2.0,,,1.0,,0.0,,1.0,,,0.0,,0.0,,,,,,,,2.0,0.0,0.0,,2.0,,,,,,,,,,,,,,,,,,,,,,,,,,,,,,,,,,,,,,,,,,,,,,,,,2.0,SwiftshotEmblemItem,HextechGunblade,,,,,,2.0,,,,,,,,,,,,,,,,3.0,RedBuff,GargoyleStoneplate,GargoyleStoneplate,,,,,,,,,,,,,,,,,,,,,,,,,2.0,,,,,,,,,,,,,,,,,,,,,,,,,,,,,,,,,,,,,,,,,,,,,,,,,,,,,,,,,,,,,,,,,,,,,,,,,,,,2.0,Redemption,TitanicHydra,Morellonomicon,,,,,,,,,,,,,,,,,,,None,None,,,,,1.0,BruiserEmblemItem,TitanicHydra,,3.0,InfinityEdge,UnstableConcoction,GuinsoosRageblade,,,,,,,,,,,,,,,,,,,,,,,,
5,EUW1_5973166171,TFT6_Augment_TrueTwos,TFT6_Augment_ThrillOfTheHunt1,TFT6_Augment_WindfallPlusPlus,,1.0,1.0,1.0,,,,,0.0,,2.0,,,2.0,,2.0,,,,,,,,,,1.0,,0.0,,,,,,,,,,,,,,,,,,,,,2.0,,,,,,,,,,,,,,,,,,,,,,,,,,,,,,,,,,,,,,,,,,,,,,,,2.0,,,,2.0,ThiefsGloves,GuardianAngel,Deathblade,,,,,,,,,,,,,,,,,,,,,,,,,2.0,,,,3.0,GuardianAngel,,,,,,,,,,,,,,,,,,,,,,,,,,,,,,,2.0,SpearOfShojin,ArchangelsStaff,GuinsoosRageblade,,,,,,,,,,,,,,,,,,,,,,,,,,,,,,,,,,,,,2.0,GargoyleStoneplate,RedBuff,TitansResolve,,,,,,,,,,,,,,,,,3.0,TrainerSnax,None,None,,,,,,,,,,,,,2.0,GargoyleStoneplate,,,,,,,,,,,,,,,,,,,,,,
4,EUW1_5973103711,TFT7_Augment_BandOfThieves1,TFT6_Augment_SalvageBin,TFT6_Augment_CelestialBlessing2,,0.0,,0.0,,,1.0,,0.0,,,2.0,0.0,0.0,,0.0,,,,2.0,,,,,,,,1.0,,,,,2.0,,,,,,,,,,,,,,,,,,,,,,,,,,,,,,,,,,,,,,,,2.0,TitansResolve,Bloodthirster,MadredsBloodrazor,,,,,2.0,TitansResolve,TitansResolve,BrambleVest,,,,,2.0,,,,,,,,,,,,,,,,,,,,,,,,,,,,,,,,,,,,,,,,,,,,,,,,2.0,RedBuff,Morellonomicon,RabadonsDeathcap,3.0,GuinsoosRageblade,InfinityEdge,Quicksilver,,,,,,,,,,,,,,,,,,,,,,,,,,,,,,,,,,,,,,,,,,,,,,,,,,,,,,,,,,,,,2.0,,,,,,,,,,,,,,,,,,,,,,None,None,,,,,,,,,,,,,,,,,,,,,,,,,,,,,,,,,,,,
6,EUW1_5973103711,TFT6_Augment_Distancing,TFT6_Augment_ComponentGrabBag,TFT6_Augment_Diversify2,,0.0,,1.0,,,,,1.0,,1.0,,,2.0,,1.0,,0.0,,,0.0,1.0,,,,1.0,,0.0,,,,,,,,,,,,,,,,,,,,,,,,,,,,,,,,,,,,,,,,,,,,,,,,,,,,,,,,,,,,,,,,,,,,,2.0,PowerGauntlet,,,2.0,GargoyleStoneplate,Bloodthirster,FrozenHeart,,,,,,,,,,,,,,,,,,,,,,,,,2.0,PowerGauntlet,,,2.0,ArchangelsStaff,,,,,,,,,,,,,,,,,,,,,,,,,,,,,,,2.0,SpearOfShojin,HextechGunblade,JeweledGauntlet,,,,,,,,,,,,,,,,,,,,,,,,,1.0,,,,,,,,,,,,2.0,TitanicHydra,GargoyleStoneplate,IonicSpark,,,,,,,,,,,,,,,,,1.0,TrainerSnax,None,None,,,,,,,,,,,,,,,,,,,,,,,,,,,,,,,,,1.0,,,
1,EUW1_5973103711,TFT6_Augment_ItemGrabBag1,TFT7_Augment_BruiserTitanicStrength,TFT7_Augment_MikaelsGift,1.0,,1.0,2.0,,,1.0,,,,3.0,,0.0,0.0,,0.0,0.0,,,,,,,,0.0,,0.0,2.0,,,,,,,,,,,,,,,,,,,,,2.0,LocketOfTheIronSolari,LocketOfTheIronSolari,ZekesHerald,,,,,,,,,,,,,,,,,,,,,,,,,3.0,AssassinEmblemItem,MadredsBloodrazor,GuinsoosRageblade,,,,,,,,,,,,,,,,,,,,,,,,,,,,,,,,,,,,,,,,,,,,,,,,,,,,,,,,,,,,,,,,,,,,,,,,,1.0,,,,1.0,InfinityEdge,MadredsBloodrazor,,,,,,,,,,,,,,,,,,,,,,2.0,Shroud,InfinityEdge,,,,,,,,,,,,,,,,,,,,,,2.0,Shroud,,,,,,,2.0,LocketOfTheIronSolari,FrozenHeart,RedBuff,,,,,,,,,,,None,None,,,,,,,,,,,,,,,,,,,,,,,,,,,,,,,,,,,,
5,EUW1_5973103711,TFT6_Augment_CyberneticImplants1,TFT6_Augment_Ascension,TFT6_Augment_SecondWind2,,0.0,,1.0,,,,,1.0,,1.0,,,2.0,,0.0,,0.0,,,0.0,1.0,,1.0,,1.0,,0.0,,,,,,,,,,,,,,,,,,,,,,,,,,,,,,,,,,,,,,,,,,,,,,,,,,,,,,,,,,,,,,,,,,,,,2.0,,,,3.0,MageEmblemItem,RedBuff,,,,,,,,,,,,,,,,,,,,,,,,,,2.0,,,,,,,,,,,,,,,,,,,,,,,,,,,,,,,,,,,,,,,,,,,,,,,,,,,,,,,,,,,,,,,,2.0,MageEmblemItem,StatikkShiv,UnstableConcoction,,,,,,,,,2.0,IonicSpark,,,,,,,,,,,,,,,,,,,3.0,TrainerSnax,None,None,,,,,2.0,Deathblade,,,3.0,RunaansHurricane,GuinsoosRageblade,Deathblade,,,,,,,,,,,,,,,,,,,,,1.0,GuardianAngel,,
8,EUW1_5973103711,TFT6_Augment_Distancing,TFT7_Augment_UrfsGrabBag1,TFT6_Augment_CyberneticUplink2,,0.0,,1.0,,0.0,,,0.0,,1.0,,,3.0,,1.0,,,0.0,,0.0,1.0,,,,1.0,,0.0,,,,,,,,,,,,,,,,,,,,,,,,,,,,,,,,,,,,,,,,,,,,,,,,,,,,,,,,,,,,,,,,,,,,,2.0,,,,2.0,MageEmblemItem,,,,,,,,,,,,,,,,,,,,,,,1.0,,,,2.0,,,,2.0,ArchangelsStaff,,,,,,,,,,,,,,,,,,,,,,,,,,,,,,,2.0,SpearOfShojin,HextechGunblade,JeweledGauntlet,,,,,,,,,,,,,,,,,,,,,,,,,,,,,,,,,,,,,2.0,RedBuff,ZekesHerald,DragonsClaw,,,,,,,,,,,,,,,,,2.0,TrainerSnax,None,None,,,,,,,,,,,,,,,,,,,,,,,,,,,,,,,,,1.0,ThiefsGloves,GiantsBelt,RedBuff
7,EUW1_5973103711,TFT7_Augment_BandOfThieves1,TFT7_Augment_DragonAlliance,TFT7_Augment_GuildEmblem,1.0,,1.0,1.0,,,,,,,5.0,,0.0,1.0,,0.0,,,,,0.0,1.0,,0.0,0.0,,,1.0,,,,,,,,,,,,,,,,,,,,,1.0,ThiefsGloves,RunaansHurricane,MadredsBloodrazor,,,,,,,,,,,,,,,,,,,,,,,,,,,,,,,,,,,,,,,,,,,,,,,,,,,,,,,,,,,,,,,,,,,,,,,,,,,,,,,,,,,,,,,,,,,,,,,,,,,,,2.0,ThiefsGloves,TitansResolve,MadredsBloodrazor,1.0,GuildEmblemItem,Bloodthirster,HextechGunblade,,,,,2.0,ThiefsGloves,UnstableConcoction,SpearOfShojin,,,,,,,,,,,,,,,,,,,,,,,,,,,,,,,,,,,,,1.0,Morellonomicon,,,,,,,1.0,PowerGauntlet,,,,,,,,,,,,,None,None,,,,,2.0,ThiefsGloves,DragonsClaw,HextechGunblade,,,,,,,,,,,,,,,,,,,,,,,,,1.0,ThiefsGloves,RunaansHurricane,ArchangelsStaff
2,EUW1_5973103711,TFT6_Augment_Twins1,TFT6_Augment_Electrocharge2,TFT6_Augment_SunfireBoard,,,,,,,1.0,1.0,,1.0,,2.0,,,1.0,0.0,,,,,,,,0.0,,,0.0,,,,,,,,,,,,,,2.0,ZekesHerald,Chalice,Chalice,,,,,,,,,,,,,,,,,,,,,,,,,,,,,2.0,InfinityEdge,RapidFireCannon,,,,,,,,,,,,,,,,,,,,,,,,,,,,,,,,,,2.0,StatikkShiv,HextechGunblade,RabadonsDeathcap,,,,,,,,,3.0,GargoyleStoneplate,,,,,,,,,,,,,,,,,,,,,,,,,,,,,,,,,,,,,,,,,,,,,,,,,,,,,,,,,,,,,,,,,,,,,,,,,,,,,,,,,,,,,,,,,,,,,,,3.0,Shroud,,,,,,,,,None,None,,,,,,,,,,,,,,,,,,,,,,,,,1.0,GuardianAngel,,,,,,,,,,
3,EUW1_5973103711,TFT6_Augment_Weakspot,TFT6_Augment_SecondWind2,TFT6_Augment_Ascension,1.0,,,1.0,,1.0,,,,,3.0,,0.0,,,,1.0,,,,,,,1.0,1.0,,0.0,,,,,,,,,,,,,,,,,,,,,,,,,,,,,,,,,,,,,,,,,,,,,,,,,,,,,,,,,,,,,,,,,,2.0,Redemption,GargoyleStoneplate,,,,,,,,,,,,,,,,,,,,,,,,,,,,,,,,,,,,,,,,,,,,,,,,,,,,,,,,,,2.0,GargoyleStoneplate,IonicSpark,Redemption,,,,,2.0,FrozenHeart,,,,,,,1.0,,,,,,,,,,,,2.0,,,,,,,,,,,,,,,,,,,,,,,,,,,,,,,,2.0,FrozenHeart,StatikkShiv,GuinsoosRageblade,,,,,,,,,,,None,None,,,,,1.0,,,,,,,,,,,,,,,,2.0,GuinsoosRageblade,InfinityEdge,RapidFireCannon,,,,,,,,,,,,
4,EUW1_5972998071,TFT6_Augment_SunfireBoard,TFT6_Augment_Meditation1,TFT6_Augment_BlueBattery2,,0.0,,1.0,,,1.0,,0.0,,,,,1.0,,1.0,,,,,0.0,1.0,,,1.0,1.0,,0.0,,,,,,,,,1.0,SpearOfShojin,SpearOfShojin,RabadonsDeathcap,,,,,,,,,,,,,,,,,,,,,,,,,,,,,,,,,,,,,,,,,,,,,,,,,,,,,,,,,2.0,Chalice,PowerGauntlet,TitansResolve,2.0,,,,,,,,,,,,,,,,,,,,,,,,,,,,2.0,,,,3.0,,,,,,,,,,,,,,,,,,,,,,,,,,,,,,,,,,,,,,,,,,,,,,,,,,,,,,,,,,,,,,,,,,,,,,,,2.0,GargoyleStoneplate,GargoyleStoneplate,WarmogsArmor,,,,,,,,,,,,,,,,,4.0,TrainerSnax,None,None,,,,,,,,,,,,,,,,,,,,,,,,,,,,,,,,,1.0,,,
3,EUW1_5972998071,TFT7_Augment_EvokerEmblem,TFT6_Augment_CyberneticUplink1,TFT6_Augment_PortableForge,,0.0,1.0,1.0,,,,,1.0,,2.0,,,2.0,,2.0,,0.0,,,0.0,1.0,,,,1.0,,0.0,,,,,,,,,,,,,,,,,,,,,1.0,,,,,,,,,,,,,,,,,,,,,,,,,,,,,,,,,,,,,,,,,,,,,,,,2.0,TearOfTheGoddess,Zephyr,,3.0,ThiefsGloves,Quicksilver,Deathblade,,,,,,,,,,,,,,,,,,,,,,,,,2.0,Chalice,,,1.0,TitansResolve,,,,,,,,,,,,,,,,,,,,,,,,,,,,,,,2.0,EvokerEmblemItem,OrnnDeathsDefiance,,,,,,,,,,,,,,,,,,,,,,,,,,2.0,Morellonomicon,,,,,,,,,,,2.0,RedBuff,DragonsClaw,GargoyleStoneplate,,,,,,,,,,,,,,,,,4.0,TrainerSnax,None,None,,,,,,,,,,,,,,,,,,,,,,,,,,,,,,,,,1.0,Shroud,,
6,EUW1_5972998071,TFT7_Augment_ClutteredMind,TFT6_Augment_Diversify1,TFT7_Augment_CannoneerEmblem,,,,1.0,3.0,0.0,,,,,,,0.0,1.0,,,0.0,1.0,,,0.0,1.0,,,0.0,1.0,,0.0,,,,,,,,,,,,,,,,,,,,,,,,,,,,,2.0,GuinsoosRageblade,InfinityEdge,UnstableConcoction,,,,,,,,,,,,,,,,,,,,,,,,,,,,,,,,,2.0,,,,2.0,,,,,,,,2.0,,,,,,,,,,,,,,,,,,,,,,,,,,,,,,,,,,,,,,,,,,,,,,,,2.0,BrambleVest,GargoyleStoneplate,DragonsClaw,,,,,,,,,,,,,,,,,,,,,,,,,,,,,,,,,,,,,,,,,,,,,,,,,2.0,CannoneerEmblemItem,,,,,,,,,,,,,,,,,,,1.0,TrainerSnax,None,None,2.0,,,,,,,,,,,,,,,,,,,,,,,,,,,,,,,,1.0,Morellonomicon,Chalice,
8,EUW1_5972998071,TFT6_Augment_HyperRoll,TFT6_Augment_Recombobulator,TFT6_Augment_TomeOfTraits1,,0.0,,1.0,,,,,1.0,,1.0,,0.0,2.0,,1.0,,,,,0.0,1.0,,,0.0,1.0,,0.0,,,,,,,,,,,,,,,,,,,,,,,,,,,,,,,,,,,,,,,,,,,,,,,,,,,,,,,,,,,,,,,,,,,,,2.0,,,,,,,,,,,,,,,,,,,,,,,,,,,,,,,,2.0,,,,2.0,,,,,,,,,,,,,,,,,,,,2.0,,,,,,,,,,,,2.0,JeweledGauntlet,EvokerEmblemItem,,,,,,,,,,,,,,,,,,,,,,,,,,,,,,,,,,,,,,2.0,WarmogsArmor,GargoyleStoneplate,,,,,,,,,,,,,,,,,,2.0,TrainerSnax,None,None,,,,,,,,,,,,,,,,,,,,,,,,,,,,,,,,,1.0,GuinsoosRageblade,,
5,EUW1_5972998071,TFT7_Augment_RagewingScorch,TFT7_Augment_ShapeshifterTrait,TFT6_Augment_ThrillOfTheHunt2,,,,,,,1.0,1.0,0.0,,,2.0,,,0.0,1.0,0.0,,,2.0,,,,0.0,,0.0,0.0,,,,,,,,,,,,,,2.0,,,,,,,,,,,,,,,,,,,,,,,,,,,,,,,,2.0,Deathblade,GuinsoosRageblade,Quicksilver,,,,,,,,,,,,,2.0,Shroud,,,,,,,,,,,,,,,,,,,,,,,,,,,,,,,,,,,,,,,1.0,,,,,,,,2.0,RedBuff,WarmogsArmor,BrambleVest,,,,,,,,,,,,,,,,,,,,,,,,,,,,,,,,,,,,,,,,,,,,,,,,,,,,,,,,,,,,,2.0,,,,,,,,,,,,,,,,,,,,,,,,,,None,None,,,,,,,,,,,,,,,,,,,,,,,,,2.0,RapidFireCannon,SeraphsEmbrace,,,,,,,,,
1,EUW1_5972998071,TFT6_Augment_MetabolicAccelerator,TFT7_Augment_MysticTrait,TFT6_Augment_CyberneticUplink2,,,1.0,1.0,,,1.0,,1.0,,1.0,,0.0,1.0,,2.0,,0.0,,,0.0,1.0,,,2.0,1.0,,0.0,,,,,,,,,2.0,SpearOfShojin,RabadonsDeathcap,MadredsBloodrazor,,,,,,,,,2.0,RecurveBow,,,,,,,,,,,,,,,,,,,,,,,,,,,,,,,,,,,,,,,,,,,,,,,1.0,LocketOfTheIronSolari,,,,,,,,,,,,,,,,,,,,,,,,,,,,,,,2.0,PowerGauntlet,,,,,,,,,,,,,,,,,,,,,,,2.0,GargoyleStoneplate,RedBuff,,,,,,,,,,,,,,,,,,,,,,,,,,,,,,,,,,,,,,2.0,SpearOfShojin,,,,,,,,,,,2.0,ThiefsGloves,UnstableConcoction,SpearOfShojin,,,,,,,,,,,,,,,,,3.0,TrainerSnax,None,None,,,,,,,,,,,,,,,,,,,,,,,,,,,,,,,,,2.0,StatikkShiv,ArchangelsStaff,
2,EUW1_5972998071,TFT7_Augment_BestFriends2,TFT6_Augment_Diversify1,TFT6_Augment_CyberneticUplink2,0.0,,1.0,,1.0,,1.0,,1.0,1.0,2.0,,,,,1.0,,1.0,0.0,,1.0,,,,,1.0,,,,,,,,,,,,,,,,,,,,,,,1.0,SparringGloves,SpearOfShojin,,1.0,,,,2.0,InfinityEdge,MadredsBloodrazor,GuardianAngel,,,,,,,,,2.0,RedBuff,DragonsClaw,BrambleVest,,,,,,,,,,,,,,,,,,,,,,,,,,,,,,,,,,,,,,,,,,,,,,,,,,,,,,,,,2.0,ShimmerscaleHeartOfGold,,,,,,,,,,,,,,,,,,,,,,,,,,,,,,,,,,,,,,,,,,,,,,,,,,,,,,,,,,,,,,,2.0,StatikkShiv,GuinsoosRageblade,ArchangelsStaff,,,,,,,,,,,,,,,,,1.0,,,,,,,,,,,,4.0,TrainerSnax,None,None,2.0,BFSword,,,,,,,,,,,,,,,,,,,,,,,,,,,,,,,,,,
7,EUW1_5972998071,TFT6_Augment_TrueTwos,TFT6_Augment_PandorasItems,TFT7_Augment_ScalescornEmblem,0.0,,,,,3.0,,,,1.0,1.0,,,0.0,0.0,,0.0,,2.0,,,,,,,,,0.0,,,,,,,,,,,,,,,,,,,,,,,,,3.0,,,,,,,,2.0,RedBuff,FrozenHeart,IonicSpark,,,,,,,,,,,,,,,,,,,,,,,,,,,,,2.0,,,,,,,,,,,,,,,,,,,,,,,,,,,,,,,,3.0,IonicSpark,ArchangelsStaff,Bloodthirster,,,,,,,,,,,,,,,,,2.0,ScalescornEmblemItem,NeedlesslyLargeRod,,,,,,,,,,,,,,,,,,,,,,2.0,,,,,,,,,,,,,,,,,,,,,,,,,,,,,,,,,,,,,,,,,,,,,,,,,,,,1.0,,,,,,None,None,,,,,,,,,,,,,,,,,,,,,,,,,,,,,,,,,,,,
5,EUW1_5973109892,TFT6_Augment_MetabolicAccelerator,TFT6_Augment_PandorasItems,TFT6_Augment_CyberneticUplink3,,0.0,1.0,1.0,,,,,0.0,,2.0,,,2.0,,2.0,,,,,0.0,1.0,,,,1.0,,0.0,,,,,,,,,,,,,,,,,,,,,1.0,ChainVest,,,,,,,,,,,,,,,,,,,,,,,,,,,,,,,,,,,,,,,,,,,,,,,2.0,ChainVest,,,3.0,TitanicHydra,,,,,,,,,,,,,,,,,,,,,,,,,,,1.0,,,,3.0,RecurveBow,,,,,,,,,,,,,,,,,,,,,,,,,,,,,,,2.0,HextechGunblade,SpearOfShojin,SpearOfShojin,,,,,,,,,,,,,,,,,,,,,,,,,,,,,,,,,,,,,2.0,GargoyleStoneplate,TitansResolve,,,,,,,,,,,,,,,,,,1.0,TrainerSnax,None,None,,,,,,,,,,,,,,,,,,,,,,,,,,,,,,,,,1.0,SeraphsEmbrace,,
1,EUW1_5973109892,TFT6_Augment_CyberneticImplants2,TFT6_Augment_SecondWind1,TFT7_Augment_ScalescornEmblem2,3.0,,,1.0,,,,,,0.0,1.0,,0.0,,,,0.0,,2.0,,0.0,,,,1.0,,0.0,0.0,,,,,,,,,,,,,,,,,,,,,,,,,2.0,GargoyleStoneplate,,,,,,,3.0,StatikkShiv,FrozenHeart,,,,,,,,,,,,,,,,,,,,,,,,,,,,,,,,,,,,,,,,,,,,,,,,,,2.0,RecurveBow,ZekesHerald,ZekesHerald,,,,,,,,,,,,,,,,,,,,,,,,,,,,,,,,,3.0,AssassinEmblemItem,InfinityEdge,RapidFireCannon,2.0,,,,1.0,NeedlesslyLargeRod,,,2.0,Shroud,,,,,,,,,,,,,,,,,,,,,,,,,,,,,,,,,,,,,,,,,,,,,,,,,,,2.0,RunaansHurricane,ScalescornEmblemItem,MadredsBloodrazor,,,,,,,,,,,None,None,,,,,,,,,,,,,,,,,,,,,,,,,,,,,,,,,,,,
6,EUW1_5973109892,TFT7_Augment_DragonmancerEmblem,TFT6_Augment_CyberneticImplants1,TFT7_Augment_UrfsGrabBag2,,,,,,,,2.0,,,,1.0,0.0,,,,0.0,,,2.0,0.0,,,0.0,0.0,,,0.0,,,,,,,,,,,,,2.0,RecurveBow,,,,,,,,,,,,,,,,,,,,,,,,,,,,,,,,,,,,,,,2.0,DragonmancerEmblemItem,Bloodthirster,GuinsoosRageblade,,,,,2.0,ForceOfNature,,,,,,,,,,,,,,,,,,,1.0,SeraphsEmbrace,,,,,,,2.0,ThiefsGloves,SparringGloves,Chalice,,,,,,,,,,,,,,,,,2.0,WarmogsArmor,RedBuff,,,,,,,,,,,,,,,,,,,,,,,,,,,,,,,,,,,,,,,,,,,,,,,,,,,,,,,,,,,,,,2.0,RecurveBow,,,,,,,,,,,,,,,,,,,,,,,,,None,None,,,,,,,,,,,,,,,,,2.0,RecurveBow,,,,,,,,,,,,,,,,,,
4,EUW1_5973109892,TFT7_Augment_CavalierEmblem,TFT6_Augment_TinyTitans,TFT7_Augment_ThinkFast,0.0,,,1.0,,2.0,,0.0,,,3.0,,0.0,,0.0,,1.0,,,,,,,1.0,0.0,,1.0,,,,,,,,,,,,,,,,,,,,,,,,,,,,,,,,,,,,,,,,,,,,,,,,,,,,,,,,,,,,,,,,,,2.0,RedBuff,Redemption,,,,,,,,,,,,,,,,,,,,,,,,,,,,,,,,,,,,,,,,,,,,,,,,,,,,,,,,,,2.0,,,,,,,,,,,,,,,,2.0,,,,,,,,,,,,1.0,,,,,,,,,,,,,,,,,,,,,,,,,,,,,,,,1.0,FrozenHeart,InfinityEdge,,,,,,,,,,,,None,None,,,,,2.0,,,,,,,,,,,,,,,,2.0,MadredsBloodrazor,Quicksilver,GuinsoosRageblade,1.0,UnstableConcoction,Bloodthirster,CavalierEmblemItem,,,,,,,,
7,EUW1_5973109892,TFT6_Augment_Twins2,TFT6_Augment_LudensEcho1,TFT6_Augment_MakeshiftArmor3,,,,,,,,1.0,,1.0,,1.0,,,0.0,,,,,,,,,0.0,0.0,,,,,,,,,,,,,,,,2.0,PowerGauntlet,,,,,,,,,,,,,,,,,,,,,,,,,,,,,,,,,,,,,,,,,,,,,,,,,,,,,,,,,,,,,,,,,,,3.0,MadredsBloodrazor,SeraphsEmbrace,HextechGunblade,,,,,2.0,,,,3.0,BrambleVest,RedBuff,Redemption,,,,,,,,,,,,,,,,,,,,,,,,,,,,,,,,,,,,,,,,,,,,,,,,,,,,,,,,,,,,,,,,,,,,,,,,,,,,,,,,,,,,,,,,,,,,,3.0,,,,,,,,,,None,None,,,,,,,,,,,,,,,,,,,,,,,,,,,,,,,,,,,,
2,EUW1_5973109892,TFT6_Augment_Meditation2,TFT6_Augment_LudensEcho1,TFT6_Augment_ForceOfNature,,0.0,1.0,1.0,,,1.0,,1.0,,1.0,,0.0,1.0,,2.0,,0.0,,,0.0,1.0,,,2.0,1.0,,0.0,,,,,,,,,1.0,SpearOfShojin,ArchangelsStaff,JeweledGauntlet,,,,,,,,,1.0,,,,,,,,,,,,,,,,,,,,,,,,,,,,,,,,,,,,,,,,,,,,,,,,2.0,,,,,,,,,,,,,,,,,,,,,,,,,,,,,,,,2.0,,,,2.0,,,,,,,,,,,,,,,,,,,,2.0,,,,,,,,,,,,,,,,,,,,,,,,,,,,,,,,,,,,,,,,2.0,ArchangelsStaff,StatikkShiv,,,,,,,,,,2.0,TitansResolve,GargoyleStoneplate,TitansResolve,,,,,,,,,,,,,,,,,3.0,TrainerSnax,None,None,,,,,,,,,,,,,,,,,,,,,,,,,,,,,,,,,1.0,Shroud,StatikkShiv,
3,EUW1_5973109892,TFT7_Augment_AstralIntercosmicGifts,TFT6_Augment_LudensEcho1,TFT6_Augment_Meditation3,,0.0,1.0,1.0,,,1.0,,0.0,,1.0,,0.0,2.0,,1.0,,0.0,,,0.0,1.0,,,2.0,,,0.0,,,,,,,,,1.0,SpearOfShojin,HextechGunblade,ArchangelsStaff,,,,,,,,,2.0,MageEmblemItem,ZekesHerald,,,,,,,,,,,,,,,,,,,,,,,,,,,,,,,,,,,,,,,,,,,,,,,,,,,,,,,,,,,,,,,,,,,,,,,,,,,,,,,,,,3.0,,,,,,,,,,,,,,,,,,,,2.0,ThiefsGloves,RecurveBow,Shroud,,,,,,,,,,,,,,,,,,,,,,,,,,,,,,,,,,,,,1.0,MageEmblemItem,JeweledGauntlet,GuardianAngel,,,,,,,,,1.0,TitanicHydra,,,,,,,,,,,,,,,,,,,,,None,None,,,,,,,,,,,,,,,,,,,,,,,,,,,,,,,,,1.0,,,
8,EUW1_5973109892,TFT6_Augment_SecondWind2,TFT7_Augment_CavalierTrait,TFT6_Augment_Distancing3,0.0,,,1.0,,1.0,,,,1.0,,,,0.0,,,,,2.0,,,,,,,,0.0,1.0,,,,,,,,,,,,,,,,,,,,,,,,,2.0,,,,,,,,2.0,,,,,,,,,,,,,,,,,,,,,,,,,,,,,,,,,,,,,,,,,,,,,,,,,,,,,,,,,,,,,,,,2.0,IonicSpark,ArchangelsStaff,Bloodthirster,,,,,,,,,,,,,,,,,,,,,2.0,RunaansHurricane,,,,,,,,,,,,,,,,,,,,,,,,,,,,,,,,,,,,,,,,,,,,,,,,,,,,,,,2.0,,,,,,,,,,,,,,,,2.0,,,,,,None,None,,,,,,,,,,,,,,,,,,,,,,,,,,,,,,,,,,,,
3,EUW1_5973043328,TFT7_Augment_CannoneerHotShot,TFT7_Augment_CannoneerEmblem,TFT7_Augment_GuardianEmblem,,,1.0,,2.0,,1.0,0.0,1.0,1.0,1.0,0.0,,,0.0,1.0,,1.0,,,1.0,,1.0,,,1.0,0.0,,,,,,,,,,,,,,,,,,,,,,1.0,,,,,,,,2.0,InfinityEdge,ShimmerscaleDravensAxe,GuinsoosRageblade,,,,,,,,,2.0,Redemption,FrozenHeart,RedBuff,,,,,,,,,,,,,,,,,,,,,,,,,,,,,,,,,,,,,,,,,,,,,,,,,,,,,,,,,2.0,ZekesHerald,ZekesHerald,ZekesHerald,,,,,,,,,,,,,,,,,,,,,,,,,,,,,,,,,,,,,,,,,,,,,,,,,,,,,,,,,,,,,2.0,GuardianEmblemItem,GuardianAngel,Shroud,2.0,,,,,,,,,,,,,,,,,,,,,,,,,,,,4.0,TrainerSnax,None,None,2.0,LastWhisper,JeweledGauntlet,,,,,,,,,,,,,,,,,,,,,,2.0,GuardianAngel,GuardianEmblemItem,CannoneerEmblemItem,,,,,,,,
4,EUW1_5973043328,TFT6_Augment_PortableForge,TFT6_Augment_ComponentGrabBag,TFT6_Augment_JeweledLotus,,0.0,,1.0,,,1.0,,0.0,,,,,2.0,,1.0,,,,,0.0,1.0,,,1.0,1.0,,0.0,,,,,,,,,1.0,ThiefsGloves,GuinsoosRageblade,MadredsBloodrazor,,,,,,,,,,,,,,,,,,,,,,,,,,,,,,,,,,,,,,,,,,,,,,,,,,,,,,,,,2.0,Zephyr,,,3.0,IonicSpark,BrambleVest,OrnnAnimaVisage,,,,,,,,,,,,,,,,,,,,,,,,,2.0,RecurveBow,MageEmblemItem,,3.0,SpearOfShojin,ArchangelsStaff,ArchangelsStaff,,,,,,,,,,,,,,,,,,,,,,,,,,,,,,,,,,,,,,,,,,,,,,,,,,,,,,,,,,,,,,,,,,,,,1.0,BrambleVest,TitansResolve,,,,,,,,,,,,,,,,,,3.0,TrainerSnax,None,None,,,,,,,,,,,,,,,,,,,,,,,,,,,,,,,,,1.0,PowerGauntlet,ZekesHerald,
5,EUW1_5973043328,TFT6_Augment_PortableForge,TFT6_Augment_ComponentGrabBag,TFT7_Augment_BruiserTitanicStrength,1.0,,,2.0,,,1.0,,,0.0,1.0,,0.0,0.0,,,0.0,,,,,,,,0.0,,0.0,3.0,,,,,,,,,,,,,,,,,,,,,,,,,,,,,,,,,,,,,,,,,,,,,,,,,2.0,Quicksilver,MadredsBloodrazor,GuinsoosRageblade,,,,,,,,,,,,,,,,,,,,,,,,,,,,,,,,,,,,,,,,,,,,,,,,,,,,,,,,,,,,,,,,,,,,,,,,,1.0,OrnnRanduinsSanctum,Chalice,PowerGauntlet,1.0,UnstableConcoction,IonicSpark,TitansResolve,,,,,,,,,,,,,,,,,,,,,2.0,,,,,,,,,,,,,,,,,,,,,,,,2.0,RedBuff,Morellonomicon,,,,,,2.0,LastWhisper,,,,,,,1.0,,,,,,None,None,,,,,,,,,,,,,,,,,,,,,,,,,,,,,,,,,,,,
2,EUW1_5973043328,TFT6_Augment_TradeSector,TFT6_Augment_SunfireBoard,TFT7_Augment_SwiftshotPressTheAttack,0.0,0.0,,2.0,,,1.0,,,,1.0,,0.0,0.0,,,,,,,,,,1.0,0.0,,,2.0,,,,,,,,,,,,,,,,,,,,,,,,,,,,,,,,,,,,,,,,,,,,,,,,,2.0,TitansResolve,Bloodthirster,RedBuff,,,,,,,,,,,,,,,,,,,,,3.0,WarmogsArmor,GargoyleStoneplate,,,,,,,,,,,,,,,,,,,,,,,,,,,,,,,,,,,,,,,,,,,,,,,,,,2.0,Chalice,,,2.0,GuinsoosRageblade,GiantsBelt,Shroud,,,,,,,,,,,,,,,,,,,,,,,,,,,,,,,,,,,,,,,,,,,,,2.0,ThiefsGloves,Shroud,JeweledGauntlet,,,,,,,,,,,,,,,,,,,None,None,,,,,2.0,PowerGauntlet,,,3.0,RunaansHurricane,GuinsoosRageblade,MadredsBloodrazor,,,,,,,,,,,,,,,,,,,,,,,,
8,EUW1_5973043328,TFT7_Augment_Preparation2,TFT7_Augment_BestFriends2,TFT6_Augment_ThrillOfTheHunt2,,0.0,,,,,1.0,0.0,,,,1.0,,,,0.0,0.0,,,2.0,,,1.0,,,,,0.0,,,,,,,,,,,,,,,,,,,,,,,,,,,,,,,,,,,,,,,,,,,,,2.0,UnstableConcoction,RapidFireCannon,GargoyleStoneplate,,,,,1.0,,,,,,,,2.0,Redemption,,,,,,,,,,,,,,,,,,,,,,,,,,,,,,,,,,,,,,,,,,,,,,,,,,,3.0,MadredsBloodrazor,Deathblade,Quicksilver,,,,,,,,,,,,,,,,,,,,,,,,,,,,,,,,,,,,,,,,,,,,,,,,,,,,,1.0,,,,1.0,,,,,,,,,,,,,,,,,,,,,,,,,,None,None,,,,,,,,,,,,,,,,,,,,,,,,,,,,,,,,,,,,
7,EUW1_5973043328,TFT6_Augment_RichGetRicher,TFT7_Augment_PandorasBench,TFT6_Augment_TomeOfTraits1,1.0,,,1.0,,,1.0,,,0.0,1.0,1.0,,0.0,,,,,,1.0,,,,,,,,3.0,,,,,,,,,,,,,,,,,,,,,,,,,,,,,,,,,,,,,,,,,,,,,,,,,2.0,MadredsBloodrazor,AssassinEmblemItem,,3.0,GuinsoosRageblade,Bloodthirster,Quicksilver,,,,,2.0,,,,,,,,,,,,,,,,,,,,,,,,,,,,,,,,,,,,,,,,,,,,,,,,2.0,TitansResolve,,,,,,,,,,,,,,,,,,,,,,,,,,,,,,,,,,,,,,,,,,,,,,,,,,,,,,,,,,,,,,,,,,,1.0,,,,,,,,1.0,,,,,,,,2.0,JadeEmblemItem,,,,,None,None,,,,,,,,,,,,,,,,,,,,,,,,,,,,,,,,,,,,
1,EUW1_5973043328,TFT7_Augment_DragonmancerEmblem,TFT6_Augment_SalvageBin,TFT6_Augment_ThrillOfTheHunt2,,,1.0,1.0,,2.0,1.0,0.0,,,3.0,,0.0,1.0,0.0,0.0,0.0,,,,0.0,1.0,,,2.0,,0.0,0.0,,,,,,,,,2.0,MadredsBloodrazor,SpearOfShojin,ArchangelsStaff,,,,,,,,,2.0,LastWhisper,,,,,,,,,,,,,,,,,,,,,,,,,,,,,,,,,,,,,,,,,,,2.0,ThiefsGloves,GargoyleStoneplate,RedBuff,,,,,,,,,,,,,,,,,,,,,,,,,,,,,,,,,,,,,,,,,,,,,,,,,,,,,,,,,2.0,,,,,,,,,,,,1.0,,,,2.0,,,,,,,,,,,,,,,,,,,,,,,,,,,,,,,,,,,,2.0,RedBuff,TitanicHydra,FrozenHeart,,,,,,,,,,,,,,,,,,,None,None,,,,,,,,,,,,,,,,,,,,,,,,,1.0,GuardianAngel,SeraphsEmbrace,CavalierEmblemItem,,,,,2.0,PowerGauntlet,ZekesHerald,ArchangelsStaff
6,EUW1_5973043328,TFT6_Augment_Traitless2,TFT6_Augment_CelestialBlessing2,TFT7_Augment_BestFriends2,0.0,,,,0.0,0.0,1.0,,0.0,1.0,,0.0,,,,0.0,0.0,0.0,0.0,0.0,1.0,,,0.0,,0.0,,0.0,,,,,,,,,,,,,,,,,,,,,,,,,2.0,,,,2.0,ShimmerscaleDravensAxe,Deathblade,GuinsoosRageblade,,,,,,,,,2.0,WarmogsArmor,GargoyleStoneplate,,,,,,,,,,,,,,,,,,,,,,2.0,,,,,,,,,,,,,,,,,,,,,,,,,,,,,,,,,,,,2.0,ZekesHerald,,,,,,,2.0,,,,,,,,,,,,,,,,,,,,1.0,RabadonsDeathcap,,,,,,,,,,,,,,,,,,,,,,,,,,,,,,,,,,,,,,,,,,,,,,,,,,,,,,,,,,,,,,,,,,,,,None,None,,,,,,,,,,,,,,,,,,,,,1.0,StatikkShiv,GuardianAngel,,,,,,,,,,,,,
5,EUW1_5972647270,TFT7_Augment_ShimmerscaleEmblem,TFT6_Augment_Weakspot,TFT6_Augment_CyberneticUplink2,1.0,,,,0.0,,1.0,0.0,,1.0,,,0.0,0.0,,,0.0,0.0,,,3.0,1.0,,,,,,1.0,,,,,,,,,,,,,,,,,,,,,,,,,,,,,2.0,GuinsoosRageblade,ShimmerscaleGamblersBlade,Deathblade,,,,,,,,,2.0,GargoyleStoneplate,ShimmerscaleMogulsMail,GargoyleStoneplate,,,,,,,,,,,,,,,,,,,,,,,,,,,,,,,,,,,,,,,,,2.0,BFSword,,,,,,,,,,,,,,,,,,,,,,,,,,,,,,,,,,,,,,,,,,,1.0,FrozenHeart,JeweledGauntlet,,,,,,,,,,,,,,,,,,,,,,,,,,,,,,,,,,,,,,,,,,,,,,,,,,,,,,,,,,,,,,2.0,ShimmerscaleEmblemItem,,,,,None,None,,,,,,,,,,,,,,,,,2.0,ShimmerscaleGoldmancersStaff,UnstableConcoction,DragonsClaw,,,,,,,,,,,,,1.0,NeedlesslyLargeRod,,
1,EUW1_5972647270,TFT7_Augment_AFK,TFT6_Augment_Meditation1,TFT6_Augment_MakeshiftArmor2,,0.0,,1.0,,0.0,,,0.0,,1.0,,0.0,3.0,,1.0,,,0.0,,0.0,1.0,,,0.0,1.0,,0.0,,,,,,,,,,,,,,,,,,,,,,,,,,,,,,,,,,,,,,,,,,,,,,,,,,,,,,,,,,,,,,,,,,,,,2.0,,,,,,,,,,,,,,,,,,,,,,,,,,,,1.0,,,,2.0,Chalice,FrozenHeart,UnstableConcoction,3.0,,,,,,,,,,,,,,,,,,,,2.0,MageEmblemItem,,,,,,,,,,,3.0,SpearOfShojin,Quicksilver,ArchangelsStaff,,,,,,,,,,,,,,,,,,,,,,,,,,,,,,,,,,,,,2.0,TitanicHydra,RedBuff,IonicSpark,,,,,,,,,,,,,,,,,4.0,TrainerSnax,None,None,,,,,,,,,,,,,,,,,,,,,,,,,,,,,,,,,1.0,,,
6,EUW1_5972647270,TFT6_Augment_SecondWind1,TFT6_Augment_PandorasItems,TFT6_Augment_ThrillOfTheHunt2,,0.0,,,,,1.0,,,0.0,,2.0,,,,0.0,,,,2.0,,,1.0,,,,,1.0,,,,,,,,,,,,,,,,,,,,,,,,,,,,,,,,,,,,,,,,,,,,,1.0,Bloodthirster,,,,,,,1.0,,,,,,,,2.0,,,,,,,,,,,,,,,,,,,,,,,,,,,,,,,,,,,,,,,,,,,,,,,,1.0,Redemption,RedBuff,,3.0,GuinsoosRageblade,MadredsBloodrazor,Quicksilver,,,,,,,,,,,,,,,,,,,,,,,,,,,,,,,,,,,,,,,,,,,,,,,,,,,,,1.0,ArchangelsStaff,,,,,,,,,,,,,,,,,,,,,,,1.0,Shroud,,,,,None,None,,,,,,,,,,,,,,,,,,,,,,,,,,,,,,,,,,,,
2,EUW1_5972647270,TFT6_Augment_CelestialBlessing1,TFT6_Augment_Diversify1,TFT7_Augment_GuildGearUpgrades,1.0,,,1.0,,1.0,,,,,3.0,,0.0,,,,1.0,,,,,,,1.0,1.0,,0.0,,,,,,,,,,,,,,,,,,,,,,,,,,,,,,,,,,,,,,,,,,,,,,,,,,,,,,,,,,,,,,,,,,2.0,WarmogsArmor,,,,,,,,,,,,,,,,,,,,,,,,,,,,,,,,,,,,,,,,,,,,,,,,,,,,,,,,,,,2.0,WarmogsArmor,,,,,,,2.0,,,,,,,,2.0,RedBuff,,,,,,,,,,,2.0,,,,,,,,,,,,,,,,,,,,,,,,,,,,,,,,2.0,FrozenHeart,InfinityEdge,GuardianAngel,,,,,,,,,,,None,None,,,,,2.0,Shroud,,,,,,,,,,,,,,,2.0,GuinsoosRageblade,GuinsoosRageblade,MadredsBloodrazor,,,,,,,,,,,,
7,EUW1_5972647270,TFT6_Augment_CelestialBlessing1,TFT7_Augment_BandOfThieves1,TFT6_Augment_FuturePeepers,0.0,,,1.0,,,,,1.0,,1.0,,0.0,1.0,,0.0,,0.0,0.0,,,,,,0.0,1.0,,0.0,,,,,,,,,,,,,,,,,,,,,,,,,,,,,,,,,1.0,,,,,,,,,,,,,,,,,,,,,,,,,,,,,,,,,,,,2.0,,,,,,,,,,,,,,,,,,,,,,,,,,,,,,,,2.0,TitanicHydra,Redemption,,,,,,,,,,,,,,,,,,,,,,2.0,ThiefsGloves,ZekesHerald,Deathblade,,,,,,,,,1.0,,,,,,,,,,,,,,,,,,,,,,,,,,,,2.0,HextechGunblade,SpearOfShojin,ArchangelsStaff,,,,,,,,,2.0,IonicSpark,Redemption,Zephyr,,,,,,,,,,,,,,,,,3.0,TrainerSnax,None,None,,,,,,,,,,,,,,,,,,,,,,,,,,,,,,,,,,,,
8,EUW1_5972647270,TFT7_Augment_RevelTrait,TFT6_Augment_SecondWind1,TFT7_Augment_JadeTrait,,,,,2.0,,1.0,,0.0,,,2.0,,,,1.0,,2.0,,1.0,,,,,,1.0,,,,,,,,,,,,,,,,,,,,,,,,,,,,,,,1.0,HextechGunblade,,,,,,,,,,,,,,,2.0,GuinsoosRageblade,UnstableConcoction,Bloodthirster,,,,,,,,,,,,,1.0,,,,,,,,,,,,,,,,2.0,,,,,,,,,,,,,,,,,,,,,,,,2.0,,,,,,,,1.0,TitanicHydra,RedBuff,,,,,,,,,,,,,,,,,,,,,,,,,,,,,,,,,,,,,,,,,,,,,,,,,,,,,,,,,,,,,,,,,,,,,,,,,,,,,,,,,,,,,,1.0,TrainerSnax,None,None,1.0,,,,,,,,,,,,,,,,,,,,,,,,,,,,,,,,,,,
3,EUW1_5972647270,TFT7_Augment_ShimmerscaleEmblem,TFT6_Augment_TinyTitans,TFT6_Augment_CyberneticImplants2,1.0,,,2.0,,,1.0,0.0,,0.0,,,0.0,0.0,0.0,,,,0.0,,0.0,,,,1.0,,1.0,3.0,,,,,,,,,,,,,,,,,,,,,,,,,,,,,,,,,,,,,,,,,,,,,,,,,1.0,InfinityEdge,GuinsoosRageblade,Bloodthirster,,,,,,,,,,,,,,,,,,,,,,,,,,,,,,,,,,,,,,,,,,,,,,,,,,,,,,,,,,,,,,,,,,,,,2.0,ShimmerscaleEmblemItem,DragonsClaw,,2.0,RedBuff,WarmogsArmor,,1.0,IonicSpark,Quicksilver,,1.0,,,,,,,,,,,,,,,,,,,,,,,,,,,,,,,,,,,,,,,,,,,,2.0,GiantsBelt,,,,,,,,,,,,,,,2.0,,,,,,None,None,,,,,,,,,,,,,,,,,,,,,,,,,2.0,ZekesHerald,,,,,,,,,,
4,EUW1_5972647270,TFT6_Augment_Meditation1,TFT7_Augment_CannoneerTrait,TFT7_Augment_UrfsGrabBag1,,,,0.0,3.0,,1.0,,1.0,1.0,,,,,,0.0,,3.0,,,1.0,,,,,1.0,,,,,,,,,,,,,,,,,,,,,,,,,,,,,,,2.0,InfinityEdge,GuinsoosRageblade,LastWhisper,,,,,,,,,2.0,IonicSpark,WarmogsArmor,GiantsBelt,,,,,,,,,,,,,,,,,,,,,,,,,,,,,,,,,2.0,,,,,,,,,,,,,,,,,,,,,,,,2.0,GuardianEmblemItem,RunaansHurricane,,,,,,,,,,,,,,,,,,,,,,,,,,,,,,,,,,,,,,,,,,,,,,,,,,,,,,,,,,,,,,2.0,,,,,,,,,,,,,,,,2.0,,,,,,,,,,,,,,,,4.0,TrainerSnax,None,None,2.0,StatikkShiv,ShimmerscaleGamblersBlade,Shroud,,,,,,,,,,,,,,,,,,,,,,,,,,,,,,,,
3,EUW1_5972703458,TFT7_Augment_GuildTrait,TFT7_Augment_BestFriends1,TFT7_Augment_BestFriends2,1.0,1.0,,1.0,,,,,,,3.0,,,1.0,,0.0,,,,,0.0,1.0,,1.0,,,,1.0,,,,,,,,,,,,,,,,,,,,,,,,,,,,,,,,,,,,,,,,,,,,,,,,,,,,,,,,,,,,,,,,,,,,,,,,,3.0,GargoyleStoneplate,RedBuff,WarmogsArmor,,,,,,,,,,,,,,,,,,,,,,,,,,,,,2.0,,,,,,,,,,,,,,,,,,,,,,,,1.0,IonicSpark,HextechGunblade,UnstableConcoction,,,,,,,,,,,,,,,,,,,,,,,,,,,,,,,,,,,,,,,,,,,,,2.0,,,,,,,,2.0,Deathblade,,,,,,,,,,,,,None,None,,,,,2.0,,,,3.0,RapidFireCannon,UnstableConcoction,Deathblade,,,,,,,,,,,,,,,,,,,,,1.0,,,
2,EUW1_5972703458,TFT6_Augment_Meditation1,TFT6_Augment_SecondWind1,TFT6_Augment_Meditation2,,0.0,1.0,1.0,0.0,,,,0.0,,2.0,0.0,0.0,2.0,,2.0,,,,,,,1.0,,0.0,2.0,,0.0,,,,,,,,,,,,,,,,,,,,,2.0,,,,,,,,,,,,,,,,,,,,,,,,,,,,,,,,,,,,,,,,,,,,,,,,2.0,,,,,,,,,,,,,,,,,,,,,,,,,,,,,,,,2.0,,,,3.0,,,,,,,,,,,,,,,,,,,,2.0,Bloodthirster,FrozenHeart,WarmogsArmor,,,,,,,,,3.0,ArchangelsStaff,Bloodthirster,SpearOfShojin,,,,,,,,,,,,,,,,,,,,,,,,,,,,,2.0,,,,,,,,2.0,Redemption,TitansResolve,TitanicHydra,,,,,,,,,,,,,,,,,4.0,TrainerSnax,None,None,1.0,,,,,,,,,,,,2.0,,,,,,,,,,,,,,,,,,,,,,,
6,EUW1_5972703458,TFT6_Augment_MakeshiftArmor1,TFT6_Augment_FirstAidKit,TFT6_Augment_CelestialBlessing2,,,,0.0,,1.0,,1.0,0.0,,,1.0,1.0,0.0,0.0,,,,0.0,,0.0,,,0.0,0.0,,,,,,,,2.0,UnstableConcoction,HextechGunblade,GuinsoosRageblade,,,,,2.0,,,,,,,,,,,,,,,,,,,,,,,,,,,,,,,,,,,,,,,,,,,,,,,,,,,,,,,,,,,,,,,,,,,,1.0,,,,,,,,,,,,,,,,1.0,,,,,,,,,,,,,,,,,,,,2.0,,,,,,,,2.0,Redemption,,,,,,,,,,,,,,,,,,,,,,,,,,,,,,,,,,,,,,,,,,,,,,,,,,,,,,,,,,,,,,,,,,,,,,,,,None,None,,,,,,,,,,,,,,,,,3.0,Bloodthirster,GuinsoosRageblade,Quicksilver,,,,,,,,,,,,,,,,
4,EUW1_5972703458,TFT7_Augment_BandOfThieves1,TFT6_Augment_Distancing,TFT7_Augment_UrfsGrabBag1,,2.0,,1.0,,,1.0,,1.0,,1.0,,,2.0,,1.0,,,,,,,,,,1.0,,0.0,,,,,,,,,,,,,,,,,1.0,GuardianAngel,,,,,,,,,,,,,,,,,,,,,,,,,,,,,,,,,,,,,,,,,,,,,,,,,,,2.0,,,,3.0,ThiefsGloves,TearOfTheGoddess,GuardianAngel,,,,,,,,,,,,,,,,,,,,,,,,,2.0,,,,2.0,,,,,,,,,,,,,,,,,,,,,,,,,,,,,,,,2.0,ArchangelsStaff,HextechGunblade,SpearOfShojin,,,,,,,,,,,,,,,,,,,,,,,,,,,,,,,,,,,,,2.0,GargoyleStoneplate,GargoyleStoneplate,RedBuff,,,,,,,,,,,,,,,,,3.0,TrainerSnax,None,None,,,,,,,,,,,,,2.0,ForceOfNature,LocketOfTheIronSolari,RabadonsDeathcap,,,,,,,,,,,,,,,,,,,,
5,EUW1_5972703458,TFT7_Augment_GuildTrait,TFT7_Augment_BandOfThieves1,TFT6_Augment_SalvageBin,1.0,,,2.0,,,1.0,,,,2.0,,0.0,0.0,,,0.0,,,,,,,,1.0,,0.0,2.0,,,,,,,,,,,,,,,,,,,,,,,,,,,,,,,,,,,,,,,,,,,,,,,,,2.0,UnstableConcoction,InfinityEdge,GuinsoosRageblade,,,,,,,,,,,,,,,,,,,,,,,,,,,,,,,,,,,,,,,,,,,,,,,,,,,,,,,,,,,,,,,,,,,,,,,,,2.0,ThiefsGloves,ZekesHerald,Deathblade,1.0,IonicSpark,,,2.0,RecurveBow,,,,,,,,,,,,,,,,,,,1.0,,,,,,,,,,,,,,,,,,,,,,,,2.0,DragonsClaw,WarmogsArmor,TitansResolve,,,,,2.0,MadredsBloodrazor,InfinityEdge,MadredsBloodrazor,,,,,,,,,,,None,None,,,,,,,,,,,,,,,,,,,,,,,,,,,,,,,,,,,,
8,EUW1_5972703458,TFT6_Augment_PandorasItems,TFT6_Augment_Diversify1,TFT6_Augment_CelestialBlessing2,,,,,1.0,,1.0,,1.0,1.0,,,,,,0.0,,1.0,,,1.0,,,,,1.0,,0.0,,,,,,,,,,,,,,,,,,,,,,,,,,,,,1.0,GuinsoosRageblade,InfinityEdge,,,,,,,,,,1.0,WarmogsArmor,DragonsClaw,ShimmerscaleDeterminedInvestor,,,,,,,,,,,,,,,,,,,,,,,,,,,,,,,,,,,,,,,,,,,,,,,,,,,,,,,,,1.0,,,,,,,,,,,,,,,,,,,,,,,,,,,,,,,,,,,,,,,,,,,,,,,,,,,,,,,,,,,,,,,,2.0,Morellonomicon,,,,,,,,,,,,,,,,,,,,,,,,,,,2.0,,,,2.0,TrainerSnax,None,None,2.0,,,,,,,,,,,,,,,,,,,,,,,,,,,,,,,,,,,
7,EUW1_5972703458,TFT7_Augment_CannoneerTrait,TFT6_Augment_Weakspot,TFT6_Augment_BlueBattery2,,,,,0.0,0.0,1.0,,1.0,0.0,,,,,3.0,0.0,,0.0,,,,,,,,0.0,0.0,,,,,,,,,,,,,,,,,,,,,,,,,,,,,,,,,,,,,,2.0,GuinsoosRageblade,StatikkShiv,,,,,,,,,,,,,,,,,,,,,,,,,,,,,,,,,,,,,,,,,,,,,,,,,,,,,,1.0,,,,,,,,2.0,,,,,,,,,,,,,,,,2.0,RedBuff,GiantsBelt,,,,,,,,,,,,,,,,,,,,,,,,,,,,,,,,,,,,,,,,,,,,,,1.0,Chalice,,,,,,,,,,,,,,,,,,,,,,,,,,,,,,,,,None,None,,,,,,,,,,,,,,,,,,,,,,,,,,,,,2.0,,,,,,,
1,EUW1_5972703458,TFT6_Augment_Weakspot,TFT7_Augment_BandOfThieves1,TFT6_Augment_Ascension,0.0,0.0,1.0,,,,1.0,,,,1.0,2.0,,,,1.0,,,,2.0,,,1.0,,,,,1.0,,,,,,,,,,,,,,,,,,,,,1.0,,,,,,,,,,,,,,,,,,,,,,,,2.0,GuardianAngel,GuinsoosRageblade,RapidFireCannon,,,,,2.0,ThiefsGloves,WarmogsArmor,DragonsClaw,,,,,2.0,ZekesHerald,,,,,,,,,,,,,,,,,,,,,,,,,,,,,,,,,,,,,,,,,,,,,,,2.0,Redemption,RedBuff,,3.0,GuinsoosRageblade,MadredsBloodrazor,Quicksilver,,,,,,,,,,,,,1.0,FrozenHeart,,,,,,,,,,,,,,,,,,,,,,,,,,,,,,,,,,,,,,,2.0,ArchangelsStaff,,,,,,,,,,,,,,,,,,,,,,,,,,,,,None,None,,,,,,,,,,,,,,,,,,,,,,,,,,,,,,,,,,,,
6,EUW1_5972878463,TFT7_Augment_WhispersEmblem2,TFT6_Augment_JeweledLotus,TFT7_Augment_AxiomArc2,,1.0,,1.0,,,,,0.0,,1.0,,,2.0,,1.0,,,,,0.0,1.0,,,,1.0,,1.0,,,,,,,,,,,,,,,,,,,,,,,,,,,,,,,,,,,,,,,,,,,,,,,,,,,,,,,,,,,,,,,,,,,,,2.0,,,,2.0,ThiefsGloves,BFSword,LastWhisper,,,,,,,,,,,,,,,,,,,,,,,,,2.0,LocketOfTheIronSolari,,,2.0,SpearOfShojin,RapidFireCannon,,,,,,,,,,,,,,,,,,,,,,,,,,,,,,2.0,WhispersEmblemItem,SpearOfShojin,ArchangelsStaff,,,,,,,,,,,,,,,,,,,,,,,,,,,,,,,,,,,,,2.0,TitansResolve,IonicSpark,DragonsClaw,,,,,,,,,,,,,,,,,4.0,TrainerSnax,None,None,,,,,,,,,,,,,2.0,TitanicHydra,,,,,,,,,,,,,,,,,,,1.0,Shroud,RecurveBow,SpearOfShojin
3,EUW1_5972878463,TFT6_Augment_BinaryAirdrop,TFT6_Augment_SalvageBin,TFT6_Augment_Diversify2,,,,,,2.0,1.0,0.0,1.0,,1.0,,,,3.0,,0.0,0.0,,,,,,,,,1.0,,,,,,,,,,,,,,,,,,,,,,,,,,,,,,,,,,,,,,2.0,MadredsBloodrazor,ArchangelsStaff,Zephyr,,,,,,,,,,,,,,,,,,,,,,,,,2.0,Redemption,BrambleVest,GargoyleStoneplate,,,,,,,,,,,,,,,,,,,,,,,,,,,,,,,,,,,,,,,,,,,,,,,,,2.0,RedBuff,WarmogsArmor,IonicSpark,,,,,,,,,,,,,,,,,,,,,2.0,TitanicHydra,Bloodthirster,GargoyleStoneplate,,,,,,,,,,,,,,,,,,,,,2.0,GuinsoosRageblade,GuardianAngel,Chalice,,,,,,,,,,,,,,,,,,,,,,,,,,,,,,,None,None,,,,,,,,,,,,,,,,,,,,,,,,,2.0,MadredsBloodrazor,SeraphsEmbrace,EvokerEmblemItem,1.0,,,,,,,
4,EUW1_5972878463,TFT7_Augment_AssassinEmblem2,TFT6_Augment_SunfireBoard,TFT6_Augment_Ascension,2.0,,,1.0,,,1.0,,,,1.0,,0.0,,,,,,0.0,0.0,,,,,1.0,,,2.0,,,,,,,,,,,,,,,,,,,,,,,,,,,,,,,,,2.0,FrozenHeart,,,,,,,,,,,,,,,2.0,AssassinEmblemItem,UnstableConcoction,InfinityEdge,2.0,ThiefsGloves,WarmogsArmor,GargoyleStoneplate,,,,,,,,,,,,,,,,,,,,,,,,,,,,,,,,,,,,,,,,,,,,,,,,,,,,,,,,,,,,,,,,,,,,,2.0,TitanicHydra,Morellonomicon,,,,,,2.0,PowerGauntlet,PowerGauntlet,,,,,,,,,,,,,,,,,,,,,,,,,,,,,,,,,,,,,,,,,,,,,,,,,,2.0,InfinityEdge,GuardianAngel,FrozenHeart,,,,,,,,,,,None,None,,,,,,,,,,,,,,,,,,,,,,,,,,,,,,,,,,,,
7,EUW1_5972878463,TFT7_Augment_GuildEmblem2,TFT6_Augment_ComponentGrabBag,TFT6_Augment_Diversify2,1.0,,,1.0,,1.0,,,,,5.0,,0.0,,,,1.0,,,,,,,1.0,1.0,,0.0,,,,,,,,,,,,,,,,,,,,,,,,,,,,,,,,,,,,,,,,,,,,,,,,,,,,,,,,,,,,,,,,,,1.0,RabadonsDeathcap,GuildEmblemItem,,,,,,,,,,,,,,,,,,,,,,,,,,,,,,,,,,,,,,,,,,,,,,,,,,,,,,,,,,1.0,GuildEmblemItem,,,,,,,1.0,,,,,,,,2.0,Shroud,,,,,,,,,,,2.0,BrambleVest,WarmogsArmor,,,,,,,,,,,,,,,,,,,,,,,,,,,,,,1.0,Bloodthirster,FrozenHeart,,,,,,,,,,,,None,None,,,,,2.0,,,,,,,,,,,,,,,,2.0,MadredsBloodrazor,Quicksilver,GuinsoosRageblade,,,,,,,,,,,,
8,EUW1_5972878463,TFT6_Augment_ForceOfNature,TFT7_Augment_GadgetExpert,TFT6_Augment_SalvageBin,1.0,,,0.0,,0.0,1.0,,,,4.0,1.0,0.0,0.0,,0.0,,,,,,,,0.0,1.0,,,,,,,,,,,,,,,,,,,,,,,,,,,,,,,,,,,,,,,,,,,,,,,,2.0,MadredsBloodrazor,TitansResolve,Bloodthirster,,,,,,,,,,,,,,,,,,,,,,,,,,,,,,,,,,,,,,,,,,,,,,,,,,,,,,,,,,,,,,,,,,,,,,,,,,,,,1.0,RedBuff,DragonsClaw,,,,,,2.0,FrozenHeart,,,1.0,,,,2.0,ThiefsGloves,ZekesHerald,Quicksilver,,,,,,,,,,,,,,,,,,,,,,,,,,,,,,,,,,,,,,,,,2.0,ThiefsGloves,RecurveBow,Shroud,,,,,,,,,,,None,None,,,,,2.0,,,,,,,,,,,,,,,,,,,,,,,,,,,,,,,
5,EUW1_5972878463,TFT6_Augment_Distancing3,TFT6_Augment_PortableForge,TFT7_Augment_FirstAidKit2,,,,1.0,,,1.0,1.0,,,,0.0,0.0,,1.0,,0.0,,,0.0,,,1.0,,1.0,,1.0,1.0,,,,,,,,,,,,,,,,,,,,,,,,,,,,,,,,,,,,,,,,,,,,,,,,,2.0,RedBuff,Deathblade,BrambleVest,,,,,,,,,,,,,,,,,,,,,,,,,,,,,,,,,,,,,1.0,,,,,,,,,,,,,,,,,,,,,,,,,,,,,,,,,,,,1.0,Redemption,,,,,,,,,,,,,,,,,,,,,,,,,,,,,,,,,,,,,,,,,,,1.0,,,,2.0,UnstableConcoction,HextechGunblade,RabadonsDeathcap,,,,,,,,,,,,,,,,,,,,,,,None,None,,,,,,,,,,,,,,,,,,,,,,,,,1.0,TitansResolve,OrnnDeathsDefiance,MadredsBloodrazor,1.0,,,,,,,
1,EUW1_5972878463,TFT6_Augment_Traitless3,TFT6_Augment_Traitless2,TFT7_Augment_BigFriend2,0.0,0.0,,0.0,0.0,,,,,0.0,,0.0,,,0.0,,,,0.0,0.0,,,1.0,,0.0,0.0,0.0,,,,,,,,,,,,,,,,,,,,,,,,,,3.0,FrozenHeart,,,,,,,,,,,,,,,,,,,,,,,,,,,,,,,,,,,3.0,,,,,,,,,,,,2.0,Zephyr,,,,,,,,,,,,,,,,,,,,,,,,,,,,,,,,,,,,,,,,,,,,,,,,,,,,,,,,,,,2.0,LocketOfTheIronSolari,,,,,,,,,,,,,,,,,,,,,,,,,,,,,,,,,,,1.0,SpearOfShojin,SpearOfShojin,,,,,,,,,,,,,,,,,,,,,,,,,,,,None,None,3.0,InfinityEdge,StatikkShiv,LastWhisper,,,,,,,,,,,,,,,,,,,,,,,,,3.0,Bloodthirster,GuinsoosRageblade,GuinsoosRageblade,,,,
2,EUW1_5972878463,TFT6_Augment_MaxLevel10,TFT6_Augment_ComponentGrabBag,TFT6_Augment_Diversify2,,,1.0,,1.0,,1.0,,1.0,1.0,1.0,0.0,,,,1.0,,1.0,0.0,0.0,1.0,,,,,1.0,,,,,,,,,,,,,,,,,,,,,,,2.0,,,,2.0,ThiefsGloves,GuardianAngel,Deathblade,2.0,LastWhisper,UnstableConcoction,MadredsBloodrazor,,,,,,,,,2.0,TitanicHydra,BrambleVest,GargoyleStoneplate,,,,,,,,,,,,,,,,,,,,,,,,,,,,,,,,,,,,,,,,,,,,,,,,,,,,,,,,,2.0,PowerGauntlet,,,,,,,2.0,TitanicHydra,RedBuff,,,,,,,,,,,,,,,,,,,,,,,,,,,,,,,,,,,,,,,,,,,,,,,,,,,,,,2.0,ShimmerscaleGoldmancersStaff,SpearOfShojin,Zephyr,,,,,,,,,,,,,,,,,,,,,,,,,,,,,4.0,TrainerSnax,None,None,2.0,StatikkShiv,BFSword,,,,,,,,,,,,,,,,,,,,,,,,,,,,,,,,,
7,EUW1_5972279260,TFT6_Augment_SecondWind2,TFT6_Augment_Electrocharge1,TFT6_Augment_HighEndShopping,,,1.0,,1.0,,1.0,,1.0,0.0,1.0,,,,,1.0,,1.0,,,1.0,,,,,1.0,,,,,,,,,,,,,,,,,,,,,,,1.0,,,,,,,,2.0,InfinityEdge,GuinsoosRageblade,MadredsBloodrazor,,,,,,,,,2.0,GargoyleStoneplate,RedBuff,BrambleVest,,,,,,,,,,,,,,,,,,,,,,,,,,,,,,,,,,,,,,,,,,,,,,,,,,,,,,,,,2.0,,,,,,,,,,,,,,,,,,,,,,,,,,,,,,,,,,,,,,,,,,,,,,,,,,,,,,,,,,,,,,,,2.0,ThiefsGloves,RunaansHurricane,ArchangelsStaff,,,,,,,,,,,,,,,,,,,,,,,,,,,,,3.0,TrainerSnax,None,None,2.0,ZekesHerald,ShimmerscaleHeartOfGold,,,,,,,,,,,,,,,,,,,,,,,,,,,,,,,,,
3,EUW1_5972279260,TFT6_Augment_MakeshiftArmor2,TFT7_Augment_BestFriends1,TFT6_Augment_ItemGrabBag2,0.0,0.0,,2.0,,,1.0,,,,1.0,,,0.0,,,0.0,,,,,,,1.0,,,0.0,2.0,,,,,,,,,,,,,,,,,,,,,,,,,,,,,,,,,,,,,,,,,,,,,,,,,2.0,Bloodthirster,Quicksilver,UnstableConcoction,,,,,,,,,,,,,,,,,,,,,3.0,GargoyleStoneplate,WarmogsArmor,SeraphsEmbrace,,,,,,,,,,,,,,,,,,,,,,,,,,,,,,,,,,,,,,,,,,,,,,,,,,,,,1.0,,,,,,,,,,,,,,,,,,,,,,,,1.0,,,,,,,,,,,,,,,,,,,,,,,,2.0,,,,,,,,,,,,,,,,,,,,,,None,None,,,,,1.0,ThiefsGloves,ZekesHerald,RapidFireCannon,3.0,UnstableConcoction,GuinsoosRageblade,MadredsBloodrazor,,,,,,,,,,,,,,,,,,,,,,,,
5,EUW1_5972279260,TFT7_Augment_WarriorTiamat,TFT6_Augment_TinyTitans,TFT6_Augment_Diversify3,1.0,,,1.0,,1.0,,,,0.0,1.0,,,0.0,,,0.0,,2.0,,,,,,,,1.0,,,,,,,,,,,,,,,,,,,,,,,,,,2.0,,,,,,,,3.0,ArchangelsStaff,FrozenHeart,MadredsBloodrazor,,,,,,,,,,,,,,,,,,,,,,,,,,,,,1.0,,,,,,,,,,,,,,,,,,,,,,,,,,,,,,,,2.0,,,,,,,,,,,,,,,,,,,,,,,,3.0,MadredsBloodrazor,InfinityEdge,RunaansHurricane,,,,,,,,,,,,,,,,,,,,,,,,,,,,,2.0,RedBuff,,,,,,,,,,,,,,,,,,,,,,,,,,,,,,,2.0,ThiefsGloves,TearOfTheGoddess,SeraphsEmbrace,,,,,,,,,,,None,None,,,,,,,,,,,,,,,,,,,,,,,,,,,,,,,,,,,,
8,EUW1_5972279260,TFT7_Augment_AstralIntercosmicGifts,TFT7_Augment_BestFriends1,TFT7_Augment_UrfsGrabBag2,0.0,1.0,,1.0,,,,,0.0,,1.0,,0.0,0.0,,1.0,,,,,,,,1.0,1.0,0.0,,,,,,,,,,,,,,,,,,,,,,,,,,,,,,,,,,,,,,,,,,,,,,,,,,,,,,,,,,,,,,,,,,,,,,,,,,,3.0,GargoyleStoneplate,FrozenHeart,RedBuff,,,,,,,,,,,,,,,,,,,,,,,,,2.0,,,,3.0,,,,,,,,,,,,,,,,,,,,1.0,Shroud,LocketOfTheIronSolari,,,,,,2.0,JeweledGauntlet,,,,,,,,,,,,,,,,,,,,,,,,,,,,,,,,,,,,,,,,,,,,,,,,,,,,,,,,,,,,,,,,,None,None,,,,,1.0,,,,3.0,RunaansHurricane,GuinsoosRageblade,MadredsBloodrazor,,,,,,,,,,,,,,,,,,,,,,,,
6,EUW1_5972279260,TFT6_Augment_Electrocharge2,TFT6_Augment_PandorasItems,TFT6_Augment_MaxLevel10,1.0,,1.0,1.0,,,1.0,,,,3.0,,,0.0,,0.0,0.0,,,,,,,1.0,,,0.0,2.0,,,,,,,,,,,,,,,,,,,,,1.0,,,,,,,,,,,,,,,,,,,,,,,,,,,,1.0,WarmogsArmor,IonicSpark,,,,,,,,,,,,,,,,,,,,,,,,,,,,,,,,,,,,,,,,,,,,,,,,,,,,,,,,,,,,,,,,,,,,,,,,,,,,,,1.0,ArchangelsStaff,Bloodthirster,,,,,,,,,,,,,,,,,,,,,,2.0,,,,,,,,,,,,,,,,,,,,,,,,2.0,,,,,,,,2.0,UnstableConcoction,FrozenHeart,,,,,,,,,,,,None,None,,,,,1.0,,,,,,,,,,,,,,,,2.0,MadredsBloodrazor,GuinsoosRageblade,GuardianAngel,,,,,,,,,,,,
2,EUW1_5972279260,TFT6_Augment_Ascension,TFT6_Augment_ItemGrabBag1,TFT6_Augment_Diversify3,1.0,,,1.0,,1.0,,,,,3.0,,0.0,,,,1.0,,,,,,,1.0,1.0,,0.0,,,,,,,,,,,,,,,,,,,,,,,,,,,,,,,,,,,,,,,,,,,,,,,,,,,,,,,,,,,,,,,,,,2.0,RedBuff,GargoyleStoneplate,,,,,,,,,,,,,,,,,,,,,,,,,,,,,,,,,,,,,,,,,,,,,,,,,,,,,,,,,,2.0,ArchangelsStaff,,,,,,,2.0,,,,,,,,2.0,,,,,,,,,,,,2.0,TitanicHydra,,,,,,,,,,,,,,,,,,,,,,,,,,,,,,,2.0,FrozenHeart,Deathblade,GuinsoosRageblade,,,,,,,,,,,None,None,,,,,2.0,RecurveBow,,,,,,,,,,,,,,,2.0,Quicksilver,MadredsBloodrazor,GuinsoosRageblade,,,,,,,,,,,,
4,EUW1_5972279260,TFT6_Augment_Traitless2,TFT6_Augment_SecondWind1,TFT6_Augment_MakeshiftArmor3,,,,0.0,0.0,0.0,,0.0,,,,,0.0,,0.0,,0.0,0.0,,,,,,0.0,0.0,,0.0,,,,,,,,,,,,,,,,,,,,,,,,,,,,,,2.0,LastWhisper,MadredsBloodrazor,RunaansHurricane,,,,,,,,,,,,,,,,,,,,,,,,,,,,,,,,,2.0,,,,,,,,,,,,,,,,,,,,,,,,,,,,,,,,,,,,,,,,,,,,,,,,,,,,,,,,,,,,1.0,RedBuff,Bloodthirster,,,,,,,,,,,,,,,,,,,,,,,,,,,,,,,,,,,,,,,,,,,,,,,,,,,,,,,,,,,,,,,,,,,,,,,,None,None,,,,,,,,,,,,,,,,,,,,,1.0,GuinsoosRageblade,UnstableConcoction,Quicksilver,1.0,,,,,,,,,,,
1,EUW1_5972279260,TFT6_Augment_RichGetRicher,TFT7_Augment_BandOfThieves1,TFT7_Augment_ShapeshifterTrait2,,0.0,1.0,,,,1.0,0.0,,,1.0,1.0,,,0.0,0.0,1.0,,,3.0,,,1.0,,,,0.0,0.0,,,,,,,,,,,,,,,,,,,,,1.0,SpearOfShojin,,,,,,,,,,,,,,,,,,,,,,,,,,,,,,,2.0,ThiefsGloves,Chalice,PowerGauntlet,,,,,2.0,,,,,,,,,,,,,,,,,,,,,,,,,,,,,,,,,,,,,,,,,,,,,,,,2.0,RedBuff,WarmogsArmor,BrambleVest,3.0,Deathblade,Quicksilver,GuinsoosRageblade,,,,,,,,,,,,,,,,,,,,,,,,,,,,,,,,,,,,,,,,,2.0,IonicSpark,RedBuff,JeweledGauntlet,,,,,,,,,1.0,,,,,,,,,,,,,,,,,,,,,,,,,,,,,,None,None,,,,,,,,,,,,,,,,,,,,,,,,,1.0,,,,,,,,,,,
1,EUW1_5972095290,TFT7_Augment_BestFriends1,TFT6_Augment_Electrocharge2,TFT7_Augment_BestFriends2,1.0,,1.0,2.0,,,1.0,0.0,,,2.0,,0.0,0.0,0.0,0.0,0.0,,,,,,,,1.0,,1.0,2.0,,,,,,,,,,,,,,,,,,,,,2.0,,,,,,,,,,,,,,,,,,,,,,,,,,,,2.0,Bloodthirster,MadredsBloodrazor,Quicksilver,,,,,,,,,,,,,,,,,,,,,,,,,,,,,,,,,,,,,,,,,,,,,,,,,,,,,,,,,,,,,,,,,,,,,,,,,2.0,Shroud,,,,,,,2.0,RedBuff,FrozenHeart,IonicSpark,,,,,,,,,,,,,,,,,2.0,Shroud,,,,,,,,,,,,,,,,,,,,,,,2.0,Zephyr,,,,,,,2.0,FrozenHeart,NegatronCloak,,,,,,,,,,,,None,None,,,,,,,,,,,,,,,,,,,,,,,,,2.0,TitansResolve,GuardianAngel,,,,,,,,,
8,EUW1_5972095290,TFT6_Augment_PandorasItems,TFT7_Augment_DragonAlliance,TFT6_Augment_CyberneticImplants2,1.0,,,1.0,,,2.0,,,0.0,,,0.0,,,,,,,,,,,,2.0,,,2.0,,,,,,,,,1.0,HextechGunblade,JeweledGauntlet,BFSword,,,,,,,,,,,,,,,,,,,,,,,,,,,,,,,,,,,,,1.0,MadredsBloodrazor,AssassinEmblemItem,Quicksilver,,,,,,,,,,,,,,,,,,,,,,,,,,,,,,,,,,,,,,,,,,,,,,,,,,,,,,,,,,,,,,,,,,,,,,,,,1.0,RedBuff,,,1.0,,,,,,,,,,,,,,,,,,,,,,,,,,,,,,,,,,,,,,,,,,,,,,,,,,,,,,,,,,,,,,,,2.0,Shroud,,,,,None,None,,,,,,,,,,,,,,,,,,,,,,,,,,,,,,,,,,,,
4,EUW1_5972095290,TFT7_Augment_CannoneerTrait,TFT6_Augment_ComponentGrabBag,TFT6_Augment_SalvageBin,,,,1.0,0.0,,1.0,,0.0,,,0.0,0.0,1.0,,0.0,,,,,0.0,1.0,1.0,,2.0,1.0,,0.0,,,,,,,,,1.0,SpearOfShojin,ArchangelsStaff,HextechGunblade,,,,,,,,,,,,,,,,,,,,,,,,,,,,,,,,,,,,,,,,,,,,,,,,,,,,,,,,,2.0,,,,,,,,,,,,,,,,,,,,,,,,,,,,,,,,2.0,PowerGauntlet,,,,,,,,,,,,,,,,,,,,,,,2.0,GargoyleStoneplate,WarmogsArmor,BrambleVest,,,,,,,,,,,,,,,,,,,,,,,,,,,,,,,,,,,,,,,,,2.0,RabadonsDeathcap,ArchangelsStaff,GuinsoosRageblade,,,,,2.0,,,,,,,,,,,,,,,,,,,,2.0,TrainerSnax,None,None,,,,,,,,,,,,,,,,,,,,,,,,,,,,,,,,,1.0,UnstableConcoction,,
7,EUW1_5972095290,TFT6_Augment_Weakspot,TFT6_Augment_CyberneticShell2,TFT6_Augment_SecondWind2,,1.0,,1.0,,,,,,,1.0,,,1.0,,0.0,,,,,,,,1.0,,0.0,,0.0,,,,,,,,,,,,,,,,,,,,,,,,,,,,,,,,,,,,,,,,,,,,,,,,,,,,,,,,,,,,,,,,,,,,,2.0,,,,3.0,GargoyleStoneplate,WarmogsArmor,GargoyleStoneplate,,,,,,,,,,,,,,,,,,,,,,,,,,,,,3.0,RabadonsDeathcap,,,,,,,,,,,,,,,,,,,,,,,,,,,,,,,,,,,,,,,,,,,,,,,,,,,,,,,,,,,,,,,,,,,,,,,2.0,RecurveBow,,,,,,,,,,,,,,,,,,,,,None,None,,,,,2.0,,,,3.0,Deathblade,GuinsoosRageblade,UnstableConcoction,,,,,,,,,,,,,,,,,,,,,,,,
2,EUW1_5972095290,TFT6_Augment_CyberneticShell1,TFT6_Augment_Distancing2,TFT6_Augment_SalvageBin,1.0,,,1.0,,1.0,,,,,4.0,,,0.0,,,1.0,,,,,,,1.0,,,0.0,1.0,,,,,,,,,,,,,,,,,,,,,,,,,,,,,,,,,,,,,,,,,,,,,,,,,,,,,,,,,,,,,,,,,2.0,TitanicHydra,,,,,,,,,,,,,,,,,,,,,,,,,,,,,,,,,,,,,,,,,,,,,,,,,,,,,,,,,,,,,,,2.0,RabadonsDeathcap,UnstableConcoction,SeraphsEmbrace,,,,,,,,,2.0,Shroud,,,,,,,,,,,2.0,WarmogsArmor,,,,,,,,,,,,,,,,,,,,,,,2.0,DragonsClaw,,,,,,,2.0,RedBuff,FrozenHeart,,,,,,,,,,,,None,None,,,,,2.0,,,,,,,,,,,,,,,,2.0,GuinsoosRageblade,LastWhisper,GuildEmblemItem,,,,,,,,,,,,
3,EUW1_5972095290,TFT7_Augment_SwiftshotTrait,TFT7_Augment_SwiftshotPressTheAttack,TFT7_Augment_SwiftshotEmblem,,,1.0,,,,1.0,,,,2.0,2.0,,,,1.0,0.0,,,1.0,,,1.0,2.0,,,,,,,,,,,,,,,,,,,,,,,,,2.0,,,,,,,,,,,,,,,,,,,,,,,,2.0,TitansResolve,MadredsBloodrazor,SwiftshotEmblemItem,,,,,,,,,,,,,2.0,,,,,,,,,,,,,,,,,,,,,,,,,,,,,,,,,,,,,,,,,,,,,,,,2.0,BrambleVest,DragonsClaw,,,,,,,,,,,,,,,,,,,,,,,,,,,,,,,,,,,,,,,,,,,,,,,,,,,,,,,,,,2.0,Chalice,StatikkShiv,,,,,,,,,,,,,,,,,,,,,,,,,,,,None,None,,,,,2.0,,,,,,,,,,,,,,,,2.0,GuinsoosRageblade,LastWhisper,MadredsBloodrazor,,,,,,,,,,,,
6,EUW1_5972095290,TFT7_Augment_CannoneerTrait,TFT6_Augment_Electrocharge2,TFT6_Augment_Ascension,,,,0.0,2.0,0.0,1.0,,1.0,0.0,,,,1.0,,0.0,,1.0,0.0,,1.0,,,,,1.0,,0.0,,,,,,,,,,,,,,,,,,,,,,,,,,,,,2.0,GuinsoosRageblade,LastWhisper,UnstableConcoction,,,,,,,,,2.0,GargoyleStoneplate,ShimmerscaleDiamondHands,,,,,,,,,,,,,,,,,,,,,,,,,,,,,,,,,,,,,,,,,,,,,,,,,,,,,,1.0,,,,2.0,,,,,,,,,,,,,,,,,,,,,,,,,,,,,,,,,,,,,,,,,,,,,,,,,,,,,,,,,,,,,,,,2.0,SpearOfShojin,ArchangelsStaff,MageEmblemItem,,,,,,,,,1.0,,,,,,,,,,,,,,,,,,,,3.0,TrainerSnax,None,None,2.0,,,,,,,,,,,,,,,,,,,,,,,,,,,,,,,,,,,
5,EUW1_5972095290,TFT6_Augment_CyberneticUplink1,TFT6_Augment_ComponentGrabBag,TFT7_Augment_SwiftshotPressTheAttack,0.0,1.0,,1.0,,,,,,,2.0,,,1.0,,0.0,,,,,,,,1.0,,,,0.0,,,,,,,,,,,,,,,,,,,,,,,,,,,,,,,,,,,,,,,,,,,,,,,,,,,,,,,,,,,,,,,,,,,,,,,,,3.0,RedBuff,GargoyleStoneplate,,,,,,,,,,,,,,,,,,,,,,,,,,,,,,3.0,TearOfTheGoddess,,,,,,,,,,,,,,,,,,,,,,,,,,,,,,,,,,,,,,,,,,,,,,,,,,,,,,,,,,,,,,,,,,,,,,,2.0,RedBuff,,,,,,,1.0,Bloodthirster,Quicksilver,,,,,,,,,,,,None,None,,,,,2.0,,,,3.0,Deathblade,GuinsoosRageblade,RunaansHurricane,2.0,WarmogsArmor,,,,,,,,,,,,,,,,,,,,,,
5,EUW1_5972593169,TFT6_Augment_CyberneticImplants2,TFT6_Augment_PortableForge,TFT6_Augment_CyberneticUplink2,1.0,,,1.0,,1.0,,,,0.0,2.0,,,0.0,,,0.0,,2.0,,,,,,,,1.0,,,,,,,,,,,,,,,,,,,,,,,,,,2.0,RedBuff,,,,,,,2.0,InfinityEdge,Bloodthirster,,,,,,,,,,,,,,,,,,,,,,,,,,,,,,,,,,,,,,,,,,,,,,,,,,,,,,,,,,,,,,2.0,TearOfTheGoddess,,,,,,,,,,,,,,,,,,,,,,,2.0,OrnnObsidianCleaver,Bloodthirster,RunaansHurricane,,,,,,,,,,,,,,,,,2.0,SparringGloves,,,,,,,,,,,2.0,,,,,,,,,,,,,,,,,,,,,,,,,,,,,,,,1.0,StatikkShiv,,,,,,,,,,,,,None,None,,,,,,,,,,,,,,,,,,,,,,,,,,,,,,,,,,,,
6,EUW1_5972593169,TFT7_Augment_GuildEmblem,TFT6_Augment_Ascension,TFT6_Augment_ComponentGrabBag,0.0,,,1.0,,1.0,,,,,4.0,,0.0,,,,1.0,,,,,,,1.0,0.0,,0.0,,,,,,,,,,,,,,,,,,,,,,,,,,,,,,,,,,,,,,,,,,,,,,,,,,,,,,,,,,,,,,,,,,1.0,SpearOfShojin,FrozenHeart,,,,,,,,,,,,,,,,,,,,,,,,,,,,,,,,,,,,,,,,,,,,,,,,,,,,,,,,,,1.0,BrambleVest,,,,,,,,,,,,,,,2.0,,,,,,,,,,,,2.0,,,,,,,,,,,,,,,,,,,,,,,,,,,,,,,,2.0,UnstableConcoction,UnstableConcoction,MadredsBloodrazor,,,,,,,,,,,None,None,,,,,2.0,,,,,,,,,,,,,,,,2.0,GuildEmblemItem,GuinsoosRageblade,MadredsBloodrazor,,,,,,,,,,,,
2,EUW1_5972593169,TFT7_Augment_GadgetExpert,TFT6_Augment_SecondWind2,TFT7_Augment_CannoneerRicochet,,,1.0,1.0,2.0,,1.0,,1.0,,1.0,,,0.0,,1.0,,2.0,,,,,,,,1.0,,2.0,,,,,,,,,,,,,,,,,,,,,2.0,,,,,,,,2.0,GuinsoosRageblade,LastWhisper,Deathblade,,,,,,,,,,,,,,,,,2.0,UnstableConcoction,Quicksilver,Deathblade,,,,,,,,,,,,,,,,,,,,,,,,,2.0,,,,,,,,,,,,,,,,,,,,,,,,2.0,Chalice,,,,,,,,,,,,,,,,,,,,,,,,,,,,,,,,,,,,,,,,,,,,,,,,,,,,,,,,,,,,,,,2.0,Morellonomicon,GuinsoosRageblade,,,,,,,,,,1.0,WarmogsArmor,GargoyleStoneplate,,,,,,,,,,,,,,,,,,4.0,TrainerSnax,None,None,2.0,StatikkShiv,,,,,,,,,,,,,,,,,,,,,,,,,,,,,,,,,,
1,EUW1_5972593169,TFT7_Augment_MageConference,TFT6_Augment_Meditation2,TFT7_Augment_MageEmblem,,1.0,,1.0,,0.0,,,0.0,,1.0,,,4.0,,1.0,,,0.0,,0.0,1.0,,,,1.0,,0.0,,,,,,,,,,,,,,,,,,,,,,,,,,,,,,,,,,,,,,,,,,,,,,,,,,,,,,,,,,,,,,,,,,,,,3.0,,,,3.0,MageEmblemItem,Morellonomicon,WarmogsArmor,,,,,,,,,,,,,,,,,,,,,3.0,,,,2.0,MageEmblemItem,UnstableConcoction,,3.0,ArchangelsStaff,SpearOfShojin,TearOfTheGoddess,,,,,,,,,,,,,,,,,,,,,,,,,,,,,3.0,,,,,,,,,,,,,,,,,,,,,,,,,,,,,,,,,,,,,,,,3.0,TitansResolve,IonicSpark,GargoyleStoneplate,,,,,,,,,,,,,,,,,2.0,TrainerSnax,None,None,,,,,,,,,,,,,3.0,,,,,,,,,,,,,,,,,,,,2.0,,,
4,EUW1_5972593169,TFT6_Augment_TrueTwos,TFT6_Augment_Ascension,TFT6_Augment_MakeshiftArmor2,,1.0,,2.0,,,,,,,1.0,,0.0,1.0,,0.0,,,,,0.0,1.0,,1.0,0.0,,,0.0,,,,,,,,,,,,,,,,,,,,,,,,,,,,,,,,,,,,,,,,,,,,,,,,,,,,,,,,,,,,,,,,,,,,,,,,,3.0,RedBuff,GargoyleStoneplate,FrozenHeart,,,,,,,,,,,,,,,,,,,,,,,,,,,,,3.0,ThiefsGloves,BFSword,Bloodthirster,,,,,,,,,,,,,,,,,2.0,,,,,,,,,,,,,,,,,,,,,,,,,,,,,,,,,,,,2.0,Zephyr,,,,,,,,,,,,,,,2.0,,,,,,,,,,,,,,,,,,,,,,None,None,,,,,2.0,,,,3.0,UnstableConcoction,GuinsoosRageblade,MadredsBloodrazor,,,,,,,,,,,,,,,,,,,,,1.0,Chalice,,
3,EUW1_5972593169,TFT7_Augment_WarriorEmblem,TFT7_Augment_WarriorTiamat,TFT6_Augment_TomeOfTraits1,2.0,,,2.0,,,,0.0,,,1.0,,0.0,0.0,1.0,,0.0,,1.0,,,,,,1.0,,2.0,0.0,,,,,,,,,,,,,,,,,,,,,,,,,,,,,,,,,2.0,MirageEmblemItem,,,,,,,,,,,,,,,,,,,,,,,,,,,,,,,,,,,,,,,,,,,,,,,,,,,,,,,,,,,,,,,,,,,,,,,,,,,,,,,,,,,,,,,2.0,Quicksilver,Bloodthirster,GuinsoosRageblade,2.0,ThiefsGloves,ChainVest,LocketOfTheIronSolari,,,,,2.0,,,,,,,,,,,,,,,,,,,,2.0,SparringGloves,,,,,,,,,,,,,,,,,,,,,,,2.0,,,,,,,,2.0,MadredsBloodrazor,FrozenHeart,WarriorEmblemItem,,,,,,,,,,,None,None,,,,,,,,,,,,,,,,,,,,,,,,,1.0,Bloodthirster,AssassinEmblemItem,MadredsBloodrazor,,,,,,,,
7,EUW1_5972593169,TFT6_Augment_TrueTwos,TFT6_Augment_Diversify2,TFT6_Augment_PortableForge,2.0,,,1.0,,,1.0,,,,,,0.0,0.0,,,,,0.0,,,,,,1.0,,,2.0,,,,,,,,,,,,,,,,,,,,,,,,,,,,,,,,,2.0,,,,,,,,,,,,,,,,1.0,Quicksilver,OrnnTheCollector,AssassinEmblemItem,,,,,,,,,,,,,,,,,,,,,,,,,,,,,,,,,,,,,,,,,,,,,,,,,,,,,,,,,,,,,,,,,,,,,,,,,1.0,,,,1.0,,,,2.0,FrozenHeart,,,,,,,,,,,,,,,,,,,,,,,,,,,,,,,,,,,,,,,,,,,1.0,WarmogsArmor,GiantsBelt,,,,,,,,,,,,,,,,,,,,None,None,,,,,,,,,,,,,,,,,,,,,,,,,,,,,,,,,,,,
8,EUW1_5972593169,TFT7_Augment_UrfsGrabBag1,TFT6_Augment_TargetDummies,TFT6_Augment_ThrillOfTheHunt2,1.0,,1.0,,,,1.0,0.0,,1.0,2.0,,0.0,0.0,0.0,0.0,0.0,,,,3.0,1.0,,,,,,,,,,,,,,,,,,,,,,,,,,,1.0,,,,,,,,,,,,,,,,,,,,2.0,DragonsClaw,ShimmerscaleMogulsMail,RedBuff,,,,,,,,,,,,,,,,,,,,,,,,,,,,,,,,,,,,,,,,,2.0,RabadonsDeathcap,ShimmerscaleGoldmancersStaff,LastWhisper,,,,,2.0,ShimmerscaleEmblemItem,,,,,,,,,,,,,,,,,,,,,,,,,,,,,,,,,,,,,,,,,,,,,,,,,,,,,,,,,,,,,,,,,,,,,,,,,,,,,,,,,,,,,,,,,,,2.0,,,,,,,,,,,,,,None,None,,,,,,,,,,,,,,,,,2.0,ShimmerscaleGamblersBlade,ShimmerscaleHeartOfGold,RapidFireCannon,,,,,,,,,,,,,1.0,,,
4,EUW1_5972129587,TFT7_Augment_BestFriends1,TFT6_Augment_Weakspot,TFT6_Augment_PortableForge,1.0,,,2.0,,0.0,,,,0.0,,,0.0,0.0,,,0.0,,2.0,,,,,,1.0,,1.0,0.0,,,,,,,,,,,,,,,,,,,,,,,,,2.0,,,,,,,,2.0,UnstableConcoction,OrnnDeathsDefiance,FrozenHeart,,,,,,,,,,,,,,,,,,,,,,,,,,,,,,,,,,,,,,,,,,,,,,,,,,,,,,,,,,,,,2.0,Zephyr,PowerGauntlet,,,,,,,,,,,,,,,,,,,,,,2.0,GuinsoosRageblade,RunaansHurricane,Bloodthirster,2.0,Quicksilver,IonicSpark,,,,,,1.0,FrozenHeart,Deathblade,,,,,,,,,,,,,,,,,,1.0,,,,,,,,,,,,,,,,,,,,,,,,2.0,,,,,,,,,,,,,,,,,,,,,,None,None,,,,,,,,,,,,,,,,,,,,,,,,,,,,,,,,,,,,
3,EUW1_5972129587,TFT6_Augment_CyberneticShell1,TFT6_Augment_TinyTitans,TFT7_Augment_BestFriends2,1.0,,,2.0,,,1.0,,,,2.0,,0.0,0.0,,,0.0,,,,,,,0.0,1.0,,0.0,2.0,,,,,,,,,,,,,,,,,,,,,,,,,,,,,,,,,,,,,,,,,,,,,,,,,2.0,Bloodthirster,TitansResolve,GuardianAngel,,,,,,,,,,,,,,,,,,,,,,,,,,,,,,,,,,,,,,,,,,,,,,,,,,,,,,,,,,,,,,,,,,,,,,,,,1.0,NeedlesslyLargeRod,SeraphsEmbrace,,,,,,2.0,RabadonsDeathcap,Quicksilver,,,,,,,,,,,,,,,,,,1.0,TearOfTheGoddess,,,,,,,,,,,,,,,,,,,,,,,2.0,GiantsBelt,,,,,,,2.0,IonicSpark,FrozenHeart,Zephyr,,,,,,,,,,,None,None,,,,,1.0,,,,,,,,,,,,,,,,,,,,,,,,,,,,,,,
5,EUW1_5972129587,TFT6_Augment_MakeshiftArmor1,TFT7_Augment_RevelTrait,TFT7_Augment_CannoneerHotShot,,,,0.0,3.0,0.0,1.0,,1.0,0.0,1.0,,,,,0.0,,4.0,,,1.0,,,,,1.0,,,,,,,,,,,,,,,,,,,,,,,,,,,,,,,2.0,MadredsBloodrazor,InfinityEdge,RapidFireCannon,,,,,,,,,2.0,RedBuff,,,,,,,,,,,,,,,,,,,,,,,,,,,,,,,,,,,2.0,,,,,,,,,,,,,,,,,,,,,,,,2.0,ZekesHerald,SparringGloves,,,,,,,,,,,,,,,,,,,,,,,,,,,,,,,,,,,,,,1.0,,,,,,,,,,,,,,,,,,,,,,,,2.0,CannoneerEmblemItem,ShimmerscaleGoldmancersStaff,MadredsBloodrazor,,,,,,,,,,,,,2.0,,,,,,,,,,,,,,,,4.0,TrainerSnax,None,None,2.0,InfinityEdge,MadredsBloodrazor,UnstableConcoction,,,,,,,,,,,,,,,,,,,,,,,,,,,,,,,,
1,EUW1_5972129587,TFT6_Augment_TinyTitans,TFT6_Augment_Electrocharge1,TFT6_Augment_SunfireBoard,,0.0,1.0,1.0,,,1.0,0.0,,,2.0,,0.0,1.0,0.0,0.0,,,,,0.0,1.0,,,2.0,,0.0,0.0,,,,,,,,,2.0,SpearOfShojin,RabadonsDeathcap,SpearOfShojin,,,,,,,,,1.0,,,,,,,,,,,,,,,,,,,,,,,,,,,,,,,,,,,,,,,,,,,,,,,,,,,,2.0,IonicSpark,WarmogsArmor,GargoyleStoneplate,,,,,,,,,,,,,,,,,,,,,,,,,,,,,,,,,,,,,,,,,,,,,,,,,1.0,,,,,,,,,,,,1.0,,,,,,,,,,,,,,,,,,,,,,,,,,,,,,,,,,,,,,,,2.0,Redemption,,,,,,,,,,,,,,,,,,,,,None,None,,,,,,,,,,,,,,,,,,,,,,,,,2.0,SeraphsEmbrace,,,,,,,2.0,Chalice,Chalice,RabadonsDeathcap
8,EUW1_5972129587,TFT7_Augment_SwiftshotTrait,TFT6_Augment_PandorasItems,TFT6_Augment_ComponentGrabBag,0.0,,,,,0.0,,0.0,,,3.0,1.0,,,,,0.0,,,1.0,,,,2.0,,,,,,,,,,,,,,,,,1.0,,,,,,,,,,,,,,,,,,,,,,,,,,,,,,,,,,,,,,,,,,,,,,,,2.0,,,,,,,,,,,,,,,,,,,,,,,,,,,,,,,,,,,,,,,,,,,,,,,,2.0,RedBuff,WarmogsArmor,,,,,,,,,,,,,,,,,,,,,,,,,,,,,,2.0,,,,,,,,,,,,,,,,,,,,,,,,,,,,,,,,,,,,,,,,,,,,2.0,ZekesHerald,FrozenHeart,Bloodthirster,,,,,,,,,,,None,None,,,,,1.0,,,,,,,,,,,,,,,,1.0,GuinsoosRageblade,MadredsBloodrazor,Quicksilver,,,,,,,,,,,,
7,EUW1_5972129587,TFT7_Augment_SwiftshotTrait,TFT6_Augment_SecondWind1,TFT6_Augment_TargetDummies,,1.0,,1.0,,,,,1.0,,,,,1.0,,1.0,,0.0,,,,,,1.0,,1.0,,0.0,,,,,,,,,,,,,,,,,,,,,,,,,,,,,,,,,,,,,,,,,,,,,,,,,,,,,,,,,,,,,,,,,,,,,2.0,Shroud,,,2.0,GargoyleStoneplate,WarmogsArmor,,,,,,,,,,,,,,,,,,,,,,,,,,2.0,,,,3.0,SpearOfShojin,ArchangelsStaff,,,,,,,,,,,,,,,,,,,,,,,,,,,,,,,,,,,,,,,,,,,,,,,,,,,,,,,,,,1.0,,,,,,,,,,,,1.0,,,,,,,,,,,,,,,,,,,,2.0,TrainerSnax,None,None,,,,,,,,,3.0,GuinsoosRageblade,Quicksilver,,,,,,,,,,,,,,,,,,,,,,,,,
2,EUW1_5972129587,TFT7_Augment_SwiftshotTrait,TFT6_Augment_Weakspot,TFT6_Augment_Diversify2,0.0,,,1.0,,1.0,,,,,3.0,,0.0,,,,1.0,,,,,,,2.0,1.0,,0.0,,,,,,,,,,,,,,,,,,,,,,,,,,,,,,,,,,,,,,,,,,,,,,,,,,,,,,,,,,2.0,,,,,,,,2.0,Morellonomicon,ChainVest,,,,,,,,,,,,,,,,,,,,,,,,,,,,,,,,,,,,,,,,,,,,,,,,,,,,,,,,,,2.0,GargoyleStoneplate,WarmogsArmor,RedBuff,,,,,,,,,,,,,1.0,,,,,,,,,,,,2.0,Redemption,,,,,,,,,,,,,,,,,,,,,,,,,,,,,,,2.0,GuardianAngel,Deathblade,,,,,,,,,,,,None,None,,,,,2.0,,,,,,,,,,,,,,,,2.0,GuinsoosRageblade,GuinsoosRageblade,UnstableConcoction,,,,,,,,,,,,
6,EUW1_5972129587,TFT6_Augment_Distancing,TFT6_Augment_CelestialBlessing1,TFT6_Augment_PortableForge,0.0,0.0,,1.0,,,1.0,0.0,,,,0.0,,,0.0,,0.0,,,2.0,,,,,,,1.0,2.0,,,,,,,,,,,,,,,,,,,,,,,,,,,,,,,,,,,,,,,,,,,,,,,,,1.0,OrnnDeathsDefiance,InfinityEdge,DragonsClaw,2.0,ArchangelsStaff,JeweledGauntlet,AssassinEmblemItem,,,,,2.0,,,,,,,,,,,,,,,,,,,,,,,,,,,,,,,,,,,,,,,,,,,,,,,,1.0,WarmogsArmor,,,3.0,Deathblade,GuinsoosRageblade,Quicksilver,,,,,,,,,,,,,,,,,,,,,,,,,,,,,,,,,,,,,2.0,,,,,,,,,,,,,,,,,,,,,,,,,,,,,,,,,,,,,,,,,,,,,,None,None,,,,,,,,,,,,,,,,,,,,,,,,,1.0,InfinityEdge,GuardianAngel,,,,,,,,,
4,EUW1_5972932822,TFT7_Augment_MikaelsGift,TFT6_Augment_Ascension,TFT7_Augment_CannoneerHotShot,1.0,,,1.0,1.0,,,,1.0,,1.0,,0.0,,,0.0,,2.0,,,,,,,1.0,1.0,,,,,,,,,,,,,,,,,,,,,,,,,,,,,,,2.0,GuinsoosRageblade,UnstableConcoction,LastWhisper,,,,,,,,,,,,,,,,,,,,,,,,,,,,,,,,,,,,,,,,,,,,,,,,,,,,,,,,,,,,,,,,,,,,,1.0,,,,,,,,,,,,,,,,,,,,,,,,2.0,LocketOfTheIronSolari,LocketOfTheIronSolari,,,,,,1.0,,,,,,,,,,,,,,,,,,,,,,,,,,,,,,,,2.0,Morellonomicon,ZekesHerald,ZekesHerald,,,,,,,,,,,,,2.0,ThiefsGloves,RedBuff,GargoyleStoneplate,2.0,ThiefsGloves,UnstableConcoction,Zephyr,,,,,,,,,4.0,TrainerSnax,None,None,2.0,ZekesHerald,,,,,,,,,,,,,,,,,,,,,,,,,,,,,,,,,,
7,EUW1_5972932822,TFT7_Augment_GuildEmblem,TFT6_Augment_SunfireBoard,TFT6_Augment_ComponentGrabBag,1.0,,,1.0,,1.0,,,,,4.0,,0.0,,,,1.0,,,,,,,1.0,1.0,,0.0,,,,,,,,,,,,,,,,,,,,,,,,,,,,,,,,,,,,,,,,,,,,,,,,,,,,,,,,,,,,,,,,,,2.0,,,,,,,,,,,,,,,,,,,,,,,,,,,,,,,,,,,,,,,,,,,,,,,,,,,,,,,,,,,,2.0,GargoyleStoneplate,,,,,,,2.0,IonicSpark,FrozenHeart,,,,,,2.0,,,,,,,,,,,,2.0,,,,,,,,,,,,,,,,,,,,,,,,,,,,,,,,1.0,InfinityEdge,TitansResolve,,,,,,,,,,,,None,None,,,,,2.0,RunaansHurricane,,,,,,,,,,,,,,,2.0,GuildEmblemItem,GuinsoosRageblade,InfinityEdge,,,,,,,,,,,,
8,EUW1_5972932822,TFT6_Augment_HyperRoll,TFT7_Augment_DragonAlliance,TFT6_Augment_CelestialBlessing2,,,,1.0,,,2.0,,,0.0,,,,0.0,1.0,,,,,,1.0,,,,,,,2.0,,,,,,,,,,,,,,,,,,,,,,,,,,,,,,,,,,,,,1.0,StatikkShiv,BFSword,,2.0,ShimmerscaleHeartOfGold,,,,,,,2.0,RedBuff,LastWhisper,Bloodthirster,,,,,,,,,,,,,,,,,,,,,,,,,,,,,,,,,,,,,,,,,,,,,,,,,,,,,,,,,,,,,,,,,,,,,,,,,,,,,,,,,,,,,,,,,,,,,,,,,,,,,,,,,,,,,,,,,,,,,,,,,,,,,2.0,,,,,,,,,,,,,,,,,,,,,,None,None,,,,,,,,,,,,,,,,,,,,,,,,,,,,,,,,,,,,
2,EUW1_5972932822,TFT6_Augment_LudensEcho2,TFT6_Augment_ComponentGrabBag,TFT6_Augment_JeweledLotus,,0.0,1.0,1.0,,,1.0,,0.0,,1.0,,0.0,1.0,,2.0,,,,,0.0,1.0,,,2.0,1.0,,0.0,,,,,,,,,2.0,HextechGunblade,InfinityEdge,SpearOfShojin,,,,,,,,,1.0,,,,,,,,,,,,,,,,,,,,,,,,,,,,,,,,,,,,,,,,,,,,,,,,2.0,,,,,,,,,,,,,,,,,,,,,,,,,,,,,,,,2.0,Redemption,,,3.0,ArchangelsStaff,RapidFireCannon,,,,,,,,,,,,,,,,,,1.0,TitanicHydra,,,,,,,,,,,,,,,,,,,,,,,,,,,,,,,,,,,,,,,,,,,,,,,,,,,2.0,GargoyleStoneplate,WarmogsArmor,IonicSpark,,,,,,,,,,,,,,,,,3.0,TrainerSnax,None,None,,,,,,,,,,,,,,,,,,,,,,,,,,,,,,,,,1.0,RunaansHurricane,Quicksilver,ArchangelsStaff
3,EUW1_5972932822,TFT6_Augment_CyberneticShell2,TFT7_Augment_UrfsGrabBag1,TFT7_Augment_ScalescornEmblem,2.0,,,1.0,,,,,,0.0,1.0,,0.0,,,,0.0,,2.0,,,,,,1.0,,1.0,0.0,,,,,,,,,,,,,,,,,,,,,,,,,2.0,,,,,,,,3.0,InfinityEdge,FrozenHeart,UnstableConcoction,,,,,,,,,,,,,,,,,,,,,,,,,,,,,,,,,,,,,,,,,,,,,,,,,,,,,,,,,,,,,,,,,,,,,,,,,,,,,,,,,,,,,2.0,AssassinEmblemItem,ZekesHerald,RunaansHurricane,2.0,TitanicHydra,,,1.0,ArchangelsStaff,,,2.0,IonicSpark,,,,,,,,,,,,,,,,,,,2.0,LocketOfTheIronSolari,,,,,,,,,,,,,,,,,,,,,,,,,,,,,,,2.0,ScalescornEmblemItem,HextechGunblade,,,,,,,,,,,,None,None,,,,,,,,,,,,,,,,,,,,,,,,,,,,,,,,,,,,
5,EUW1_5972932822,TFT6_Augment_CyberneticShell2,TFT7_Augment_FirstAidKit2,TFT7_Augment_BestFriends2,,0.0,1.0,1.0,,,1.0,,0.0,,1.0,,0.0,1.0,,2.0,,,,,0.0,1.0,,,2.0,1.0,,0.0,,,,,,,,,1.0,SpearOfShojin,ArchangelsStaff,UnstableConcoction,,,,,,,,,1.0,,,,,,,,,,,,,,,,,,,,,,,,,,,,,,,,,,,,,,,,,,,,,,,,2.0,ThiefsGloves,WarmogsArmor,BrambleVest,,,,,,,,,,,,,,,,,,,,,,,,,,,,,2.0,TitanicHydra,,,3.0,,,,,,,,,,,,,,,,,,,,1.0,,,,,,,,,,,,,,,,,,,,,,,,,,,,,,,,,,,,,,,,,,,,,,,,,,,,2.0,RedBuff,DragonsClaw,IonicSpark,,,,,,,,,,,,,,,,,2.0,TrainerSnax,None,None,,,,,,,,,,,,,,,,,,,,,,,,,,,,,,,,,1.0,,,
6,EUW1_5972932822,TFT7_Augment_JadeTrait,TFT6_Augment_PortableForge,TFT6_Augment_ComponentGrabBag,,,,,,,1.0,0.0,1.0,,,3.0,0.0,,,1.0,,,,1.0,,,1.0,0.0,,0.0,,,,,,,2.0,RabadonsDeathcap,StatikkShiv,HextechGunblade,,,,,2.0,,,,,,,,,,,,,,,,,,,,,,,,,,,,,,,,2.0,UnstableConcoction,OrnnObsidianCleaver,MadredsBloodrazor,,,,,,,,,,,,,2.0,ChainVest,,,,,,,,,,,,,,,,,,,,,,,,,,,,,,,,,,,,,,,1.0,,,,,,,,2.0,IonicSpark,RedBuff,DragonsClaw,,,,,,,,,,,,,,,,,,,,,,,,,,,,,,,,,,,,,,,,,,,,,,,,,,,,,,,,,1.0,SeraphsEmbrace,StatikkShiv,,,,,,,,,,,,,,,,,,,,,,,,,,,,None,None,,,,,,,,,,,,,,,,,,,,,,,,,,,,,,,,,,,,
1,EUW1_5972932822,TFT6_Augment_TradeSector,TFT6_Augment_PortableForge,TFT6_Augment_CyberneticShell2,1.0,0.0,1.0,1.0,1.0,,,,1.0,,2.0,,0.0,0.0,,2.0,,2.0,,,,,,,1.0,1.0,,,,,,,,,,,,,,,,,,,,,,,1.0,,,,,,,,2.0,GuinsoosRageblade,OrnnObsidianCleaver,UnstableConcoction,,,,,,,,,,,,,,,,,,,,,,,,,,,,,,,,,,,,,,,,,,,,,,,,,,,,,,,,,,,,,,,,,,,,,2.0,ForceOfNature,,,1.0,,,,,,,,,,,,,,,,,,,,2.0,IonicSpark,Redemption,,,,,,2.0,,,,,,,,,,,,,,,,,,,,,,,,,,,,,,,,2.0,TearOfTheGoddess,,,,,,,,,,,,,,,2.0,GargoyleStoneplate,,,2.0,Shroud,FrozenHeart,,,,,,,,,,4.0,TrainerSnax,None,None,2.0,ZekesHerald,Redemption,Chalice,,,,,,,,,,,,,,,,,,,,,,,,,,,,,,,,
5,EUW1_5973210779,TFT7_Augment_MageEmblem,TFT7_Augment_MageTrait,TFT6_Augment_ItemGrabBag1,,0.0,1.0,1.0,,,,,0.0,,2.0,,,3.0,,2.0,,,,,0.0,1.0,,,,1.0,,0.0,,,,,,,,,,,,,,,,,,,,,2.0,Spatula,StatikkShiv,,,,,,,,,,,,,,,,,,,,,,,,,,,,,,,,,,,,,,,,,,,,,,1.0,,,,2.0,MageEmblemItem,,,,,,,,,,,,,,,,,,,,,,,,,,,2.0,,,,3.0,LocketOfTheIronSolari,StatikkShiv,LocketOfTheIronSolari,,,,,,,,,,,,,,,,,,,,,,,,,,,,,2.0,ArchangelsStaff,SpearOfShojin,GuinsoosRageblade,,,,,,,,,,,,,,,,,,,,,,,,,,,,,,,,,,,,,2.0,RedBuff,NegatronCloak,,,,,,,,,,,,,,,,,,3.0,TrainerSnax,None,None,,,,,,,,,,,,,,,,,,,,,,,,,,,,,,,,,1.0,ThiefsGloves,LocketOfTheIronSolari,TitanicHydra
8,EUW1_5973210779,TFT7_Augment_MikaelsGift,TFT6_Augment_TinyTitans,TFT6_Augment_Meditation1,,,1.0,1.0,,,1.0,,0.0,,1.0,,0.0,1.0,,1.0,,,,,0.0,1.0,,,2.0,1.0,,0.0,,,,,,,,,1.0,SpearOfShojin,ArchangelsStaff,MadredsBloodrazor,,,,,,,,,1.0,,,,,,,,,,,,,,,,,,,,,,,,,,,,,,,,,,,,,,,,,,,,,,,,2.0,Chalice,LocketOfTheIronSolari,ZekesHerald,,,,,,,,,,,,,,,,,,,,,,,,,,,,,2.0,Chalice,,,,,,,,,,,,,,,,,,,,,,,1.0,,,,,,,,,,,,,,,,,,,,,,,,,,,,,,,,,,,,,,,,,,,,,,,,,,,,2.0,TitansResolve,RedBuff,,,,,,,,,,,,,,,,,,2.0,TrainerSnax,None,None,,,,,,,,,,,,,,,,,,,,,,,,,,,,,,,,,1.0,,,
2,EUW1_5973210779,TFT7_Augment_PandorasBench,TFT6_Augment_TinyTitans,TFT7_Augment_GuildTrait,0.0,1.0,1.0,1.0,,,,,,,5.0,,,1.0,,1.0,,,,,,,,1.0,,,,0.0,,,,,,,,,,,,,,,,,,,,,2.0,Shroud,RedBuff,,,,,,,,,,,,,,,,,,,,,,,,,,,,,,,,,,,,,,,,,,,,,,,,,,3.0,Shroud,BrambleVest,Morellonomicon,,,,,,,,,,,,,,,,,,,,,,,,,,,,,3.0,StatikkShiv,,,,,,,,,,,,,,,,,,,,,,,,,,,,,,,2.0,,,,,,,,,,,,,,,,,,,,,,,,,,,,,,,,,,,,,,,,2.0,ThiefsGloves,,,,,,,2.0,TitansResolve,,,,,,,,,,,,,None,None,,,,,2.0,,,,3.0,MadredsBloodrazor,GuinsoosRageblade,RunaansHurricane,,,,,,,,,,,,,,,,,,,,,,,,
7,EUW1_5973210779,TFT6_Augment_MetabolicAccelerator,TFT7_Augment_Preparation,TFT6_Augment_PandorasItems,,0.0,,1.0,,,1.0,1.0,,,,,0.0,0.0,,,0.0,,,,0.0,,,,2.0,,,0.0,,,,,,,,,1.0,GuinsoosRageblade,MadredsBloodrazor,Bloodthirster,,,,,,,,,,,,,,,,,,,,,,,,,,,,,,,,,,,,,,,,,,,,,,,,,,,,,,,,,,,,,1.0,,,,,,,,,,,,,,,,3.0,TitansResolve,,,,,,,,,,,,,,,,,,,,,,,,,,,,,,,,,,,1.0,Morellonomicon,,,,,,,,,,,,,,,,,,,,,,,2.0,,,,,,,,,,,,,,,,,,,,,,,,,,,,2.0,GargoyleStoneplate,DragonsClaw,GargoyleStoneplate,,,,,,,,,,,,,,,,,,,None,None,,,,,,,,,,,,,,,,,2.0,,,,,,,,,,,,,,,,,,,
4,EUW1_5973210779,TFT7_Augment_MirageEmblem,TFT6_Augment_Weakspot,TFT6_Augment_CyberneticShell1,1.0,,,1.0,,1.0,1.0,0.0,,,1.0,,0.0,,3.0,,0.0,,,,,,,,1.0,,1.0,,,,,,,,,,,,,,,,,,,,,,,,,,,,,,,,,,,,,,2.0,TitansResolve,GuinsoosRageblade,UnstableConcoction,,,,,,,,,,,,,,,,,,,,,,,,,,,,,,,,,,,,,,,,,,,,,,,,,,,,,,,,,,,,,,,,,,,,,,,,,,,,,2.0,RedBuff,WarmogsArmor,,,,,,1.0,CavalierEmblemItem,,,,,,,2.0,MirageEmblemItem,,,,,,,,,,,,,,,,,,,2.0,ChainVest,,,,,,,,,,,,,,,,,,,,,,,,,,,,,,,2.0,Bloodthirster,Deathblade,,,,,,,,,,,,None,None,,,,,,,,,,,,,,,,,,,,,,,,,1.0,Zephyr,,,,,,,,,,
1,EUW1_5973210779,TFT7_Augment_PandorasBench,TFT6_Augment_Distancing,TFT6_Augment_Weakspot,2.0,,,2.0,,,,,,,1.0,,0.0,0.0,,,0.0,,1.0,,,,,,1.0,,1.0,1.0,,,,,,,,,,,,,,,,,,,,,,,,,,,,,,,,,3.0,FrozenHeart,InfinityEdge,IonicSpark,,,,,,,,,,,,,,,,,,,,,,,,,,,,,,,,,,,,,,,,,,,,,,,,,,,,,,,,,,,,,,,,,,,,,,,,,,,,,,,,,,,,,3.0,RunaansHurricane,InfinityEdge,GuinsoosRageblade,2.0,,,,2.0,GuardianAngel,ArchangelsStaff,,2.0,,,,,,,,,,,,,,,,,,,,2.0,,,,,,,,,,,,,,,,,,,,,,,,2.0,,,,,,,,2.0,InfinityEdge,GuardianAngel,MadredsBloodrazor,,,,,,,,,,,None,None,,,,,,,,,,,,,,,,,,,,,,,,,,,,,,,,,,,,
6,EUW1_5973210779,TFT7_Augment_EvokerEmblem,TFT6_Augment_Recombobulator,TFT7_Augment_RevelTrait,,,,,2.0,,1.0,,2.0,0.0,,0.0,0.0,,,0.0,,3.0,,,1.0,,,,,1.0,,,,,,,2.0,ThiefsGloves,GiantsBelt,WarmogsArmor,,,,,,,,,,,,,,,,,,,,,2.0,EvokerEmblemItem,SeraphsEmbrace,GuinsoosRageblade,,,,,,,,,2.0,GargoyleStoneplate,ShimmerscaleMogulsMail,GargoyleStoneplate,,,,,,,,,,,,,,,,,,,,,,,,,,,,,,,,,2.0,,,,,,,,,,,,,,,,,,,,,,,,2.0,ChainVest,ZekesHerald,,,,,,,,,,,,,,,,,,,,,,,,,,,,,,,,,,,,,,,,,,,,,,,,,,,,,,,,,,,,,,2.0,Morellonomicon,ArchangelsStaff,HextechGunblade,,,,,,,,,,,,,,,,,,,,,,,,,,,,,3.0,TrainerSnax,None,None,1.0,,,,,,,,,,,,,,,,,,,,,,,,,,,,,,,,,,,
3,EUW1_5973210779,TFT6_Augment_ThrillOfTheHunt2,TFT6_Augment_CyberneticShell1,TFT6_Augment_Weakspot,,,1.0,1.0,1.0,,1.0,,1.0,,1.0,,,,,1.0,,2.0,,,,,,,,1.0,,1.0,,,,,,,,,,,,,,,,,,,,,1.0,,,,,,,,2.0,UnstableConcoction,RunaansHurricane,StatikkShiv,,,,,,,,,,,,,,,,,2.0,GargoyleStoneplate,WarmogsArmor,,,,,,,,,,,,,,,,,,,,,,,,,,,,,,,,,,,,,,,,,,,,,,,,,,2.0,,,,,,,,,,,,,,,,,,,,,,,,,,,,,,,,,,,,,,,,,,,,,,,,,,,,,,,,,,,,,,,,1.0,Morellonomicon,JeweledGauntlet,,,,,,,,,,,,,,2.0,Spatula,,,,,,,,,,,,,,,4.0,TrainerSnax,None,None,2.0,Deathblade,GuinsoosRageblade,RunaansHurricane,,,,,,,,,,,,,,,,,,,,,,,,,,,,,,,,
7,EUW1_5973068016,TFT7_Augment_AssassinTrait,TFT6_Augment_ThrillOfTheHunt2,TFT6_Augment_GrandGambler,2.0,,,1.0,,0.0,,,,0.0,1.0,,0.0,0.0,,,,,2.0,,,,,,1.0,,0.0,,,,,,,,,,,,,,,,,,,,,,,,,,2.0,RedBuff,,,,,,,3.0,TitansResolve,InfinityEdge,FrozenHeart,,,,,,,,,,,,,,,,,,,,,,,,,,,,,,,,,,,,,,,,,,,,,,,,,,,,,,,,,,,,,2.0,,,,,,,,,,,,,,,,,,,,,,,,2.0,Quicksilver,GuinsoosRageblade,Deathblade,2.0,BrambleVest,,,,,,,2.0,,,,,,,,,,,,,,,,,,,,,,,,,,,,,,,,,,,,,,,,,,,,,,,,,,,,2.0,SparringGloves,,,,,,,,,,,,,None,None,,,,,,,,,,,,,,,,,,,,,,,,,,,,,,,,,,,,
2,EUW1_5973068016,TFT6_Augment_Electrocharge1,TFT6_Augment_Electrocharge2,TFT7_Augment_UrfsGrabBag2,3.0,,,1.0,,0.0,,,,0.0,1.0,,0.0,0.0,,,0.0,,2.0,,0.0,,,,1.0,,0.0,,,,,,,,,,,,,,,,,,,,,,,,,,2.0,ZekesHerald,Chalice,,,,,,3.0,UnstableConcoction,IonicSpark,FrozenHeart,,,,,,,,,,,,,,,,,,,,,,,,,,,,,,,,,,,,,,,,,,,,,,,,,1.0,,,,,,,,,,,,2.0,Zephyr,AssassinEmblemItem,RabadonsDeathcap,,,,,,,,,,,,,,,,,,,,,3.0,Quicksilver,GuinsoosRageblade,AssassinEmblemItem,2.0,,,,,,,,2.0,Redemption,,,,,,,,,,,,,,,,,,,,,,,,,,,,,,,,,,,,,,,,,,,,,,,,,,,2.0,FrozenHeart,RecurveBow,,,,,,,,,,,,None,None,,,,,,,,,,,,,,,,,,,,,,,,,,,,,,,,,,,,
8,EUW1_5973068016,TFT7_Augment_AFK,TFT6_Augment_BlueBattery2,TFT6_Augment_CyberneticUplink3,,,,,2.0,,1.0,,1.0,1.0,,,,,,0.0,,2.0,,,1.0,,,,,1.0,,0.0,,,,,,,,,,,,,,,,,,,,,,,,,,,,,2.0,LastWhisper,GuinsoosRageblade,Deathblade,,,,,,,,,2.0,ShimmerscaleDiamondHands,FrozenHeart,DragonsClaw,,,,,,,,,,,,,,,,,,,,,,,,,,,,,,,,,1.0,,,,,,,,,,,,,,,,,,,,,,,,2.0,,,,,,,,,,,,,,,,,,,,,,,,,,,,,,,,,,,,,,,,,,,,,,,,,,,,,,,,,,,,,,,,2.0,ThiefsGloves,ArchangelsStaff,HextechGunblade,,,,,,,,,,,,,,,,,,,,,,,,,1.0,,,,1.0,TrainerSnax,None,None,2.0,StatikkShiv,,,,,,,,,,,,,,,,,,,,,,,,,,,,,,,,,,
5,EUW1_5973068016,TFT7_Augment_MysticTrait,TFT7_Augment_CannoneerHotShot,TFT7_Augment_CannoneerEmblem2,,,,,4.0,,,,1.0,1.0,,,,,,1.0,0.0,2.0,0.0,,,,,,,1.0,,0.0,,,,,,,,,,,,,,,,,,,,,,,,,2.0,WarmogsArmor,BrambleVest,DragonsClaw,1.0,LastWhisper,RunaansHurricane,,,,,,,,,,,,,,,,,,,,,,,,,,,,,,,,,,,,,,,,,,,,,,2.0,ThiefsGloves,TearOfTheGoddess,GuardianAngel,,,,,,,,,,,,,,,,,,,,,2.0,TearOfTheGoddess,,,,,,,,,,,,,,,,,,,,,,,,,,,,,,,,,,,,,,,,,,,2.0,,,,,,,,,,,,,,,,,,,,1.0,Morellonomicon,,,,,,,,,,,,,,,,,,,,,,,,,,,2.0,CannoneerEmblemItem,,,4.0,TrainerSnax,None,None,3.0,InfinityEdge,Deathblade,RunaansHurricane,,,,,,,,,,,,,,,,,,,,,,,,,,,,,,,,
1,EUW1_5973068016,TFT7_Augment_ShimmerscaleEmblem,TFT6_Augment_Electrocharge2,TFT6_Augment_VerdantVeil,1.0,,1.0,0.0,,,1.0,0.0,,0.0,3.0,,,,0.0,0.0,1.0,,,,2.0,,,1.0,,,1.0,,,,,,,,,,,,,,,,,,,,,,2.0,TearOfTheGoddess,,,,,,,,,,,,,,,,,,,2.0,DragonsClaw,RedBuff,TitanicHydra,,,,,,,,,,,,,,,,,,,,,,,,,,,,,,,,,,,,,,,,,2.0,ShimmerscaleGoldmancersStaff,InfinityEdge,,,,,,,,,,,,,,,,,,,,,,,,,,,,,,,,,,,,,,,,,,,,,,,,,,,,,,,,,,,,,,,,,,2.0,Zephyr,,,,,,,,,,,,,,,,,,,,,,,,,,,,,,,2.0,ThiefsGloves,InfinityEdge,RapidFireCannon,,,,,,,,,,,None,None,,,,,2.0,ShimmerscaleEmblemItem,,,,,,,,,,,,,,,2.0,Deathblade,GuinsoosRageblade,UnstableConcoction,2.0,SeraphsEmbrace,ShimmerscaleDiamondHands,UnstableConcoction,,,,,,,,
4,EUW1_5973068016,TFT7_Augment_MirageTrait,TFT6_Augment_CelestialBlessing2,TFT6_Augment_WindfallPlusPlus,,,,1.0,,1.0,1.0,,,1.0,,,0.0,,3.0,,0.0,,,,,,,,0.0,,0.0,0.0,,,,,,,,,,,,,,,,,,,,,,,,,,,,,,,,,,,,,2.0,GuinsoosRageblade,InfinityEdge,JeweledGauntlet,,,,,,,,,,,,,,,,,,,,,,,,,2.0,ThiefsGloves,GuinsoosRageblade,MadredsBloodrazor,,,,,,,,,,,,,,,,,,,,,,,,,2.0,,,,,,,,,,,,,,,,,,,,,,,,2.0,Chalice,Chalice,,,,,,2.0,UnstableConcoction,,,,,,,,,,,,,,,,,,,,,,,,,,,2.0,TitanicHydra,Zephyr,,,,,,,,,,,,,,,,,,,,,,,,,,,,,,,,,,,,,,2.0,,,,,,None,None,,,,,,,,,,,,,,,,,,,,,,,,,,,,,,,,,,,,
6,EUW1_5973068016,TFT6_Augment_CyberneticImplants1,TFT6_Augment_ComponentGrabBag,TFT6_Augment_TheGoldenEgg,1.0,,,1.0,,1.0,,,,,2.0,,,1.0,,,,,1.0,,0.0,1.0,,,,,0.0,1.0,,,,,,,,,,,,,,,,,,,,,,,,,,,,,,,,,,,,,,,,,,,,,,,,,,,,,,,,,,,,,,,,,,,,,,,,,,,,,,,,,,,,,,,,,,,,,,,,,3.0,IonicSpark,ArchangelsStaff,BloodthirsterRadiant,,,,,,,,,,,,,,,,,,,,,2.0,NegatronCloak,Bloodthirster,RunaansHurricaneRadiant,,,,,2.0,BrambleVest,JeweledGauntlet,JeweledGauntlet,,,,,,,,,2.0,,,,,,,,,,,,,,,,,,,,,,,,,,,,,,,,,,,,2.0,BrambleVest,RedBuff,,,,,,1.0,ThiefsGloves,UnstableConcoction,Zephyr,,,,,,,,,,,None,None,,,,,,,,,,,,,,,,,,,,,,,,,,,,,,,,,1.0,SpearOfShojin,,
3,EUW1_5973068016,TFT6_Augment_Meditation1,TFT7_Augment_CannoneerHotShot,TFT6_Augment_CelestialBlessing3,,,,1.0,1.0,,1.0,,1.0,,,,,1.0,,0.0,,1.0,,,0.0,1.0,,,,2.0,,2.0,,,,,,,,,,,,,,,,,,,,,,,,,,,,,2.0,MadredsBloodrazor,SeraphsEmbrace,LastWhisper,,,,,,,,,,,,,,,,,2.0,FrozenHeart,MadredsBloodrazor,TitansResolve,,,,,,,,,,,,,,,,,2.0,,,,,,,,,,,,,,,,,,,,,,,,,,,,,,,,2.0,PowerGauntlet,SpearOfShojin,,,,,,,,,,,,,,,,,,,,,,,,,,,,,,,,,,,,,,,,,,,,,,,,,,,,,,,,,,,,,,2.0,MageEmblemItem,,,,,,,,,,,2.0,GargoyleStoneplate,,,,,,,,,,,,,,,,,,,4.0,TrainerSnax,None,None,2.0,,,,,,,,,,,,,,,,,,,,,,,,,,,,,,,,1.0,,,
5,EUW1_5972739283,TFT7_Augment_PandorasBench,TFT7_Augment_BestFriends1,TFT6_Augment_PortableForge,1.0,,,1.0,,1.0,,,,,3.0,,0.0,,,,1.0,,,,,,,1.0,1.0,,0.0,,,,,,,,,,,,,,,,,,,,,,,,,,,,,,,,,,,,,,,,,,,,,,,,,,,,,,,,,,,,,,,,,,2.0,ChainVest,,,,,,,,,,,,,,,,,,,,,,,,,,,,,,,,,,,,,,,,,,,,,,,,,,,,,,,,,,,2.0,BrambleVest,RedBuff,OrnnRocketPropelledFist,,,,,2.0,,,,,,,,2.0,,,,,,,,,,,,2.0,,,,,,,,,,,,,,,,,,,,,,,,,,,,,,,,2.0,,,,,,,,,,,,,,None,None,,,,,2.0,ZekesHerald,,,,,,,,,,,,,,,2.0,InfinityEdge,MadredsBloodrazor,GuinsoosRageblade,,,,,,,,,,,,
6,EUW1_5972739283,TFT6_Augment_MakeshiftArmor2,TFT6_Augment_Meditation1,TFT7_Augment_CannoneerRicochet,,,,1.0,2.0,,1.0,,1.0,,,,,0.0,,0.0,,2.0,,,,,,,,1.0,,2.0,,,,,,,,,,,,,,,,,,,,,,,,,,,,,2.0,MadredsBloodrazor,UnstableConcoction,InfinityEdge,,,,,,,,,,,,,,,,,2.0,HextechGunblade,LastWhisper,WarmogsArmor,,,,,,,,,,,,,,,,,,,,,,,,,2.0,,,,,,,,,,,,,,,,,,,,,,,,2.0,,,,,,,,,,,,,,,,,,,,,,,,,,,,,,,,,,,,,,,,,,,,,,,,,,,,,,,,,,,,,,,,2.0,,,,,,,,,,,,1.0,,,,,,,,,,,,,,,,,,,,3.0,TrainerSnax,None,None,2.0,,,,,,,,,,,,,,,,,,,,,,,,,,,,,,,,,,,
3,EUW1_5972739283,TFT6_Augment_CyberneticShell2,TFT6_Augment_SecondWind1,TFT6_Augment_Diversify2,,1.0,,1.0,,,1.0,,1.0,,,,,2.0,,1.0,,,,,0.0,1.0,,,,1.0,,0.0,,,,,,,,,,,,,,,,,2.0,ArchangelsStaff,RabadonsDeathcap,MageEmblemItem,,,,,,,,,,,,,,,,,,,,,,,,,,,,,,,,,,,,,,,,,,,,,,,,,1.0,,,,2.0,,,,,,,,,,,,,,,,,,,,,,,,,,,,2.0,,,,2.0,ThiefsGloves,ChainVest,IonicSpark,,,,,,,,,,,,,,,,,,,,,,,,,,,,,,,,,,,,,,,,,,,,,,,,,,,,,,,,,,,,,,,,,,,,,2.0,DragonsClaw,WarmogsArmor,WarmogsArmor,,,,,,,,,,,,,,,,,3.0,TrainerSnax,None,None,,,,,,,,,,,,,,,,,,,,,,,,,,,,,,,,,1.0,Quicksilver,,
1,EUW1_5972739283,TFT6_Augment_Ascension,TFT7_Augment_BandOfThieves1,TFT6_Augment_SunfireBoard,1.0,,,1.0,,1.0,,,,,3.0,,0.0,,,,1.0,,,,,,,1.0,1.0,,0.0,,,,,,,,,,,,,,,,,,,,,,,,,,,,,,,,,,,,,,,,,,,,,,,,,,,,,,,,,,,,,,,,,,2.0,ThiefsGloves,SparringGloves,InfinityEdge,,,,,,,,,,,,,,,,,,,,,,,,,,,,,,,,,,,,,,,,,,,,,,,,,,,,,,,,,2.0,LocketOfTheIronSolari,LocketOfTheIronSolari,ArchangelsStaff,,,,,2.0,FrozenHeart,,,,,,,1.0,,,,,,,,,,,,2.0,ThiefsGloves,GuardianAngel,TitansResolve,,,,,,,,,,,,,,,,,,,,,,,,,,,,,2.0,InfinityEdge,,,,,,,,,,,,,None,None,,,,,2.0,PowerGauntlet,,,,,,,,,,,,,,,2.0,GuinsoosRageblade,GuinsoosRageblade,InfinityEdge,,,,,,,,,,,,
2,EUW1_5972739283,TFT7_Augment_ClutteredMind,TFT6_Augment_Meditation1,TFT6_Augment_Meditation2,,0.0,,1.0,,,,0.0,0.0,,1.0,,,2.0,0.0,1.0,,,,,0.0,1.0,,,,1.0,0.0,0.0,,,,,,,,,,,,,,,,,,,,,,,,,,,,,,,,,,,,,,,,,,,,,,,,,,,,,,,,,,,,,,,,,,,,,2.0,,,,3.0,TitanicHydra,Shroud,IonicSpark,,,,,,,,,,,,,,,,,,,,,,,,,2.0,,,,3.0,,,,,,,,,,,,,,,,,,,,,,,,,,,,,,,,3.0,SpearOfShojin,ArchangelsStaff,SpearOfShojin,,,,,,,,,,,,,,,,,,,,,,,,,,,,,,,,,,,,,2.0,ThiefsGloves,DragonsClaw,HextechGunblade,,,,,,,,,,,,,,,,,3.0,TrainerSnax,None,None,,,,,,,,,,,,,,,,,,,,,,,,,1.0,Quicksilver,InfinityEdge,,,,,,1.0,,,
8,EUW1_5972739283,TFT6_Augment_MetabolicAccelerator,TFT6_Augment_PandorasItems,TFT7_Augment_GadgetExpert,,,,,0.0,,1.0,,1.0,1.0,,,,0.0,,0.0,,1.0,,,1.0,,,,,1.0,,0.0,,,,,,,,,,,,,,,,,,,,,,,,,,,,,2.0,MadredsBloodrazor,InfinityEdge,LastWhisper,,,,,,,,,2.0,RedBuff,ShimmerscaleMogulsMail,GargoyleStoneplate,,,,,,,,,,,,,,,,,,,,,,,,,2.0,,,,,,,,,,,,,,,,,,,,,,,,,,,,,,,,1.0,Chalice,,,,,,,,,,,,,,,,,,,,,,,,,,,,,,,,,,,,,,,,,,,,,,,,,,,,,,,,,,,,,,,2.0,StatikkShiv,StatikkShiv,SpearOfShojin,,,,,,,,,,,,,,,,,,,,,,,,,2.0,,,,2.0,TrainerSnax,None,None,,,,,,,,,,,,,,,,,,,,,,,,,,,,,,,,,,,,
7,EUW1_5972739283,TFT7_Augment_BruiserEmblem,TFT7_Augment_BandOfThieves1,TFT6_Augment_SecondWind2,,2.0,,2.0,,,1.0,,1.0,,1.0,,,1.0,,1.0,0.0,,,,,,,,,1.0,0.0,,,,,,,,,,,,,,,,,,1.0,JeweledGauntlet,HextechGunblade,SpearOfShojin,,,,,,,,,,,,,,,,,,,,,,,,,,,,,,,,,,,,,,,,,,,,,,,,,2.0,BruiserEmblemItem,Quicksilver,GuinsoosRageblade,1.0,ThiefsGloves,JeweledGauntlet,SeraphsEmbrace,,,,,,,,,,,,,,,,,,,,,,,,,1.0,,,,2.0,StatikkShiv,,,,,,,,,,,,,,,,,,,,,,,,,,,,,,,1.0,,,,,,,,,,,,,,,,2.0,GargoyleStoneplate,RedBuff,,,,,,2.0,,,,,,,,,,,,,,,,,,,,,,,,,,,,,,,,,,,,3.0,TrainerSnax,None,None,,,,,,,,,,,,,,,,,,,,,,,,,,,,,,,,,,,,
4,EUW1_5972739283,TFT6_Augment_PortableForge,TFT6_Augment_PandorasItems,TFT6_Augment_SunfireBoard,0.0,,,1.0,,,1.0,,,0.0,,0.0,,0.0,,,,,,1.0,,,,,,,,3.0,,,,,,,,,,,,,,,,,,,,,,,,,,,,,,,,,,,,,,,,,,,,,,,,,2.0,Bloodthirster,GuinsoosRageblade,InfinityEdge,3.0,Quicksilver,GuinsoosRageblade,OrnnDeathsDefiance,,,,,,,,,,,,,,,,,,,,,,,,,,,,,,,,,,,,,,,,,,,,,,,,,,,,,2.0,GargoyleStoneplate,WarmogsArmor,RedBuff,,,,,,,,,,,,,,,,,1.0,ThiefsGloves,ChainVest,SpearOfShojin,,,,,,,,,,,,,,,,,,,,,,,,,,,,,,,,,,,,,,,,,,,,,2.0,,,,,,,,,,,,,,,,2.0,,,,,,None,None,,,,,,,,,,,,,,,,,,,,,,,,,,,,,,,,,,,,
4,EUW1_5972575716,TFT6_Augment_CyberneticShell2,TFT6_Augment_Twins3,TFT7_Augment_RagewingEmblem,,,,0.0,0.0,0.0,1.0,1.0,,,1.0,0.0,,,,,3.0,,,1.0,,,,,,,0.0,,,,,,,,,,,,,,,,,,,,,,,,,,,,,,,,,,,,,,,,,,,,,,,,,,,,,,,,,,,,,,,,,,2.0,ThiefsGloves,RecurveBow,TitansResolve,,,,,,,,,,,,,2.0,RagewingEmblemItem,,,,,,,,,,,,,,,,,,,,,,,,,,,,,,,,,,,,,,,,,,,,,,,,,,,,,,,,,,,,,,,2.0,LocketOfTheIronSolari,,,3.0,GuinsoosRageblade,Quicksilver,MadredsBloodrazor,2.0,ZekesHerald,RedBuff,,1.0,,,,,,,,,,,,,,,,2.0,GuildEmblemItem,,,,,,,,,,,,,,,,,,,,,,,,,None,None,,,,,,,,,,,,,,,,,,,,,,,,,,,,,,,,,,,,
7,EUW1_5972575716,TFT6_Augment_SalvageBin,TFT6_Augment_ThriftShop,TFT6_Augment_Distancing2,1.0,1.0,1.0,1.0,,,,,,,3.0,,0.0,0.0,,1.0,,,,,,,,1.0,1.0,,,,,,,,,,,,,,,,,,,,,,,,1.0,,,,,,,,,,,,,,,,,,,,,,,,,,,,,,,,,,,,,,,,,,,,,,,,,,,,3.0,WarmogsArmor,GargoyleStoneplate,,,,,,,,,,,,,,,,,,,,,,,,,,,,,,3.0,GuinsoosRageblade,SpearOfShojin,StatikkShiv,,,,,,,,,,,,,,,,,1.0,,,,,,,,1.0,,,,,,,,,,,,,,,,,,,,,,,,,,,,,,,,,,,,,,,,,,,,,,,,,,,,1.0,,,,,,,,,,,,,,None,None,,,,,2.0,,,,3.0,Quicksilver,GuinsoosRageblade,RunaansHurricane,,,,,,,,,,,,,,,,,,,,,,,,
3,EUW1_5972575716,TFT7_Augment_GuildEmblem,TFT6_Augment_Diversify3,TFT6_Augment_CyberneticShell2,1.0,,,1.0,,1.0,,,,,4.0,,0.0,,,,1.0,,,,,,,1.0,1.0,,0.0,,,,,,,,,,,,,,,,,,,,,,,,,,,,,,,,,,,,,,,,,,,,,,,,,,,,,,,,,,,,,,,,,,1.0,NeedlesslyLargeRod,,,,,,,,,,,,,,,,,,,,,,,,,,,,,,,,,,,,,,,,,,,,,,,,,,,,,,,,,,,2.0,ThiefsGloves,ChainVest,IonicSpark,,,,,2.0,LegendEmblemItem,,,,,,,2.0,,,,,,,,,,,,2.0,DragonsClaw,,,,,,,,,,,,,,,,,,,,,,,,,,,,,,,2.0,FrozenHeart,RedBuff,UnstableConcoction,,,,,,,,,,,None,None,,,,,2.0,ZekesHerald,ZekesHerald,,,,,,,,,,,,,,2.0,InfinityEdge,MadredsBloodrazor,GuildEmblemItem,,,,,,,,,,,,
2,EUW1_5972575716,TFT7_Augment_DragonmancerEmblem,TFT6_Augment_Electrocharge3,TFT7_Augment_DragonmancerInspire,1.0,,,,,,1.0,1.0,,,,1.0,,,,,1.0,,,2.0,,,1.0,,1.0,,,,,,,,,,,,,,,,,,,,,,,,,,,,,,,,,,,,,,,,,,,,,,,,,,,,,,,,,,,,,,,,2.0,,,,,,,,,,,,,,,,,,,,,,,,,,,,3.0,Redemption,AssassinEmblemItem,MadredsBloodrazor,,,,,,,,,,,,,,,,,2.0,RedBuff,WarmogsArmor,GargoyleStoneplate,,,,,,,,,,,,,,,,,,,,,2.0,,,,,,,,,,,,,,,,,,,,,,,,1.0,ArchangelsStaff,IonicSpark,TitansResolve,,,,,,,,,1.0,DragonmancerEmblemItem,Zephyr,,2.0,GuinsoosRageblade,,,,,,,,,,,,,,,,,,,,,,,,,None,None,,,,,,,,,,,,,,,,,,,,,,,,,,,,,,,,,,,,
8,EUW1_5972575716,TFT6_Augment_RichGetRicher,TFT6_Augment_HighEndShopping,TFT7_Augment_RagewingTantrum,1.0,,,1.0,,1.0,,,,,3.0,,0.0,,,,1.0,,,,,,,1.0,1.0,,0.0,,,,,,,,,,,,,,,,,,,,,,,,,,,,,,,,,,,,,,,,,,,,,,,,,,,,,,,,,,,,,,,,,,2.0,,,,,,,,,,,,,,,,,,,,,,,,,,,,,,,,,,,,,,,,,,,,,,,,,,,,,,,,,,,,1.0,,,,,,,,2.0,,,,,,,,2.0,,,,,,,,,,,,2.0,,,,,,,,,,,,,,,,,,,,,,,,,,,,,,,,2.0,RedBuff,TearOfTheGoddess,,,,,,,,,,,,None,None,,,,,1.0,,,,,,,,,,,,,,,,1.0,GuinsoosRageblade,RecurveBow,Quicksilver,,,,,,,,,,,,
6,EUW1_5972575716,TFT7_Augment_ScalescornEmblem,TFT7_Augment_UrfsGrabBag2,TFT6_Augment_PortableForge,2.0,,,2.0,,,,,,0.0,1.0,,0.0,0.0,,,0.0,,2.0,,,,,,1.0,,1.0,0.0,,,,,,,,,,,,,,,,,,,,,,,,,2.0,ChainVest,,,,,,,2.0,IonicSpark,RedBuff,FrozenHeart,,,,,,,,,,,,,,,,,,,,,,,,,,,,,,,,,,,,,,,,,,,,,,,,,,,,,,,,,,,,,,,,,,,,,,,,,,,,,,,,,,,,,2.0,InfinityEdge,Bloodthirster,AssassinEmblemItem,1.0,RapidFireCannon,,,,,,,2.0,ZekesHerald,LocketOfTheIronSolari,RapidFireCannon,,,,,,,,,,,,,,,,,2.0,,,,,,,,,,,,,,,,,,,,,,,,1.0,,,,,,,,1.0,MadredsBloodrazor,OrnnInfinityForce,ScalescornEmblemItem,,,,,,,,,,,None,None,,,,,,,,,,,,,,,,,,,,,,,,,,,,,,,,,,,,
5,EUW1_5972575716,TFT7_Augment_CavalierEmblem,TFT6_Augment_ForceOfNature,TFT6_Augment_Ascension,,,1.0,0.0,,1.0,1.0,0.0,0.0,,1.0,,0.0,1.0,0.0,1.0,,,0.0,,0.0,1.0,,,2.0,1.0,0.0,,,,,,,,,,2.0,SpearOfShojin,Morellonomicon,,,,,,,,,,1.0,StatikkShiv,,,,,,,,,,,,,,,,,,,,,,,,,,,,,,,,,,,,,,,,,,,,,,,2.0,,,,,,,,,,,,,,,,,,,,,,,,,,,,2.0,,,,2.0,,,,,,,,,,,,,,,,,,,,,,,,1.0,,,,,,,,,,,,,,,,,,,,,,,,,,,,,,,,,,,,,,,,,,,,,,,,,,,,,,,,,,,,,,,,,,,,,,,,4.0,TrainerSnax,None,None,,,,,,,,,,,,,,,,,,,,,,,,,2.0,SeraphsEmbrace,UnstableConcoction,CavalierEmblemItem,,,,,1.0,GuinsoosRageblade,StatikkShiv,Quicksilver
1,EUW1_5972575716,TFT6_Augment_Twins2,TFT6_Augment_Twins3,TFT6_Augment_PortableForge,,1.0,1.0,1.0,,,,,,,2.0,,,0.0,,1.0,,,,,,,,1.0,,,,,,,,,,,,,,,,,,,,,,,,,2.0,SpearOfShojin,,,,,,,,,,,,,,,,,,,,,,,,,,,,,,,,,,,,,,,,,,,,,,,,,,,2.0,ThiefsGloves,Quicksilver,Deathblade,,,,,,,,,,,,,,,,,,,,,,,,,,,,,3.0,Redemption,,,,,,,,,,,,,,,,,,,,,,,,,,,,,,,,,,,,,,,,,,,,,,,,,,,,,,,2.0,RedBuff,PowerGauntlet,BrambleVest,,,,,,,,,,,,,,,,,,,,,,,,,,,,,,,,,,,None,None,,,,,1.0,,,,2.0,GuardianAngel,OrnnInfinityForce,Deathblade,,,,,,,,,,,,,,,,,,,,,,,,
1,EUW1_5972620012,TFT6_Augment_Electrocharge3,TFT6_Augment_ThrillOfTheHunt1,TFT6_Augment_RadiantRelics,0.0,,,1.0,,,1.0,0.0,,1.0,1.0,,,,3.0,,0.0,,0.0,,,,,,,,2.0,,,,,,,,,,,,,,,,,,,,,,,,,,2.0,Redemption,,,,,,,,,,,2.0,UnstableConcoction,UnstableConcoction,,,,,,,,,,,,,,,,,,,,,,,,,,,,,,,,,,,,,,,,,,,,,,,,,,,,,,2.0,,,,,,,,,,,,,,,,,,,,,,,,,,,,2.0,LastWhisper,,,,,,,,,,,,,,,,,,,,,,,,,,,,,,,3.0,RedBuff,FrozenHeart,,,,,,,,,,,,,,,,,,,,,,,,,,,,,,1.0,,,,,,,,,,,,,,None,None,,,,,,,,,,,,,,,,,,,,,,,,,2.0,GuardianAngel,Quicksilver,HextechGunblade,3.0,GuinsoosRageblade,GuardianAngelRadiant,Quicksilver,,,,
7,EUW1_5972620012,TFT6_Augment_Twins3,TFT6_Augment_Electrocharge1,TFT6_Augment_VerdantVeil,0.0,,,1.0,,,1.0,,,,,0.0,,0.0,,,,,,1.0,,,,,,,,3.0,,,,,,,,,,,,,,,,,,,,,,,,,,,,,,,,,,,,,,,,,,,,,,,,,2.0,GargoyleStoneplate,RunaansHurricane,,2.0,ArchangelsStaff,GuinsoosRageblade,Bloodthirster,,,,,,,,,,,,,,,,,,,,,,,,,,,,,,,,,,,,,,,,,,,,,,,,,,,,,2.0,Morellonomicon,FrozenHeart,,,,,,,,,,,,,,,,,,1.0,,,,,,,,,,,,,,,,,,,,,,,,,,,,,,,,,,,,,,,,,,,,,,,,2.0,,,,,,,,,,,,,,,,,,,,,,None,None,,,,,,,,,,,,,,,,,,,,,,,,,,,,,,,,,,,,
3,EUW1_5972620012,TFT6_Augment_SlowAndSteady,TFT6_Augment_PandorasItems,TFT6_Augment_HighEndShopping,1.0,,,1.0,,1.0,,,,,3.0,,0.0,,,,1.0,,,,,,,1.0,1.0,,0.0,,,,,,,,,,,,,,,,,,,,,,,,,,,,,,,,,,,,,,,,,,,,,,,,,,,,,,,,,,,,,,,,,,1.0,,,,,,,,,,,,,,,,,,,,,,,,,,,,,,,,,,,,,,,,,,,,,,,,,,,,,,,,,,,,2.0,DragonsClaw,NeedlesslyLargeRod,,,,,,2.0,ThiefsGloves,Bloodthirster,UnstableConcoction,,,,,2.0,,,,,,,,,,,,2.0,,,,,,,,,,,,,,,,,,,,,,,,,,,,,,,,2.0,RedBuff,LastWhisper,InfinityEdge,,,,,,,,,,,None,None,,,,,2.0,Deathblade,,,,,,,,,,,,,,,3.0,Quicksilver,GuinsoosRageblade,MadredsBloodrazor,,,,,,,,,,,,
2,EUW1_5972620012,TFT6_Augment_LudensEcho3,TFT6_Augment_LudensEcho1,TFT6_Augment_Meditation3,,0.0,1.0,1.0,,,,,1.0,,2.0,,,2.0,,2.0,,0.0,,,0.0,1.0,,,,1.0,,0.0,,,,,,,,,,,,,,,,,,,,,2.0,,,,,,,,,,,,,,,,,,,,,,,,,,,,,,,,,,,,,,,,,,,,,,,,1.0,,,,3.0,ThiefsGloves,SeraphsEmbrace,RabadonsDeathcap,,,,,,,,,,,,,,,,,,,,,,,,,2.0,MadredsBloodrazor,PowerGauntlet,Chalice,3.0,StatikkShiv,ArchangelsStaff,SpearOfShojin,,,,,,,,,,,,,,,,,,,,,,,,,,,,,2.0,,,,,,,,,,,,,,,,,,,,,,,,,,,,1.0,,,,,,,,,,,,2.0,BrambleVest,RedBuff,Shroud,,,,,,,,,,,,,,,,,2.0,TrainerSnax,None,None,,,,,,,,,,,,,,,,,,,,,,,,,,,,,,,,,1.0,,,
6,EUW1_5972620012,TFT7_Augment_UrfsGrabBag2,TFT6_Augment_FirstAidKit,TFT7_Augment_BestFriends3,,,,,3.0,,,,0.0,1.0,,,,,,0.0,0.0,1.0,0.0,,,,,,,1.0,,0.0,,,,,,,,,,,,,,,,,,,,,,,,,2.0,DragonsClaw,WarmogsArmor,,1.0,ZekesHerald,ZekesHerald,,,,,,,,,,,,,,,,,,,,,,,,,,,,,,,,,,,,,,,,,,,,,,2.0,,,,,,,,,,,,,,,,,,,,,,,,2.0,,,,,,,,,,,,,,,,,,,,,,,,,,,,,,,,,,,,,,,,,,,,3.0,,,,,,,,,,,,,,,,,,,,,,,,,,,,,,,,,,,,,,,,,,,,,,,,2.0,Redemption,DragonsClaw,,4.0,TrainerSnax,None,None,3.0,LastWhisper,InfinityEdge,JeweledGauntlet,,,,,,,,,,,,,,,,,,,,,,,,,,,,,,,,
5,EUW1_5972620012,TFT7_Augment_LivingForge,TFT6_Augment_Distancing,TFT6_Augment_Diversify3,,,,,1.0,,1.0,0.0,1.0,1.0,,,,,0.0,0.0,,1.0,,,1.0,,,,,1.0,0.0,0.0,,,,,,,,,,,,,,,,,,,,,,,,,,,,,2.0,MadredsBloodrazor,OrnnDeathsDefiance,RunaansHurricane,,,,,,,,,1.0,GargoyleStoneplate,WarmogsArmor,RedBuff,,,,,,,,,,,,,,,,,,,,,,,,,,,,,,,,,,,,,,,,,,,,,,,,,,,,,,,,,1.0,ShimmerscaleDeterminedInvestor,,,,,,,,,,,,,,,,,,,,,,,,,,,,,,,,,,,,,,,,,,,,,,,,,,,,,,,,,,,,,,,2.0,SeraphsEmbrace,JeweledGauntlet,OrnnZhonyasParadox,,,,,,,,,,,,,,,,,,,,,,,,,1.0,,,,3.0,TrainerSnax,None,None,2.0,ZekesHerald,OrnnTheCollector,,,,,,,,,,,,,,,,,,,,,,1.0,ThiefsGloves,LocketOfTheIronSolari,TitanicHydra,,,,,,,,
4,EUW1_5972620012,TFT7_Augment_MageEmblem2,TFT7_Augment_BestFriends1,TFT6_Augment_VerdantVeil,,0.0,,1.0,,,,,0.0,,1.0,,0.0,3.0,,1.0,,,,,0.0,1.0,,,0.0,1.0,,0.0,,,,,,,,,,,,,,,,,,,,,,,,,,,,,,,,,,,,,,,,,,,,,,,,,,,,,,,,,,,,,,,,,,,,,2.0,,,,,,,,,,,,,,,,,,,,,,,,,,,,,,,,2.0,Shroud,,,3.0,,,,,,,,,,,,,,,,,,,,2.0,MageEmblemItem,,,,,,,,,,,2.0,JeweledGauntlet,SpearOfShojin,MadredsBloodrazor,,,,,,,,,,,,,,,,,,,,,,,,,,,,,,,,,,,,,2.0,BrambleVest,RedBuff,IonicSpark,,,,,,,,,,,,,,,,,2.0,TrainerSnax,None,None,,,,,,,,,,,,,2.0,,,,,,,,,,,,,,,,,,,,1.0,Quicksilver,HextechGunblade,UnstableConcoction
8,EUW1_5972620012,TFT7_Augment_ThinkFast,TFT7_Augment_BandOfThieves1,,0.0,,,,0.0,,,,0.0,1.0,,0.0,,,0.0,0.0,,,,,,,,,0.0,1.0,,,,,,,,,,,,,,,,,,,,,,,,,,,,,,,,,,,,,,,,,,,,,,,,,,,,,,,,,,,,,,,,,,,,,,,,,,,,,,,,,,,,,,,,,,,,,,,1.0,,,,,,,,1.0,SparringGloves,,,,,,,,,,,,,,,,,,,,,,,,,,,,,,,1.0,,,,,,,,,,,,,,,,,,,,,,,,,,,,,,,,,,,,,,,,,,,,,,,,,,,,,,,,1.0,,,,,,,,1.0,TrainerSnax,None,None,1.0,,,,,,,,,,,,,,,,,,,,,,,,,,,,,,,,,,,
8,EUW1_5972325835,TFT6_Augment_TriForce1,TFT7_Augment_RagewingTantrum,TFT6_Augment_RadiantRelics,0.0,,,,,,,1.0,,,,1.0,,,,,1.0,,,1.0,0.0,,,1.0,,,,,,,,,,,,,,,,,2.0,,,,,,,,,,,,,,,,,,,,,,,,,,,,,,,,,,,,,,,,,,,,,,,,1.0,,,,,,,,,,,,,,,,,,,,,,,,2.0,ThiefsGloves,RecurveBow,IonicSpark,,,,,,,,,,,,,,,,,,,,,1.0,WarmogsArmor,ChainVest,,,,,,,,,,,,,,,,,,,,,,,,,,,,,,,,,,,,,,2.0,,,,,,,,,,,,,,,,,,,,,,,,2.0,GuinsoosRageblade,ArchangelsStaff,QuicksilverRadiant,,,,,,,,,,,,,,,,,,,,,,,None,None,,,,,,,,,,,,,,,,,,,,,2.0,,,,,,,,,,,,,,,
7,EUW1_5972325835,TFT6_Augment_PandorasItems,TFT7_Augment_BruiserEmblem,TFT7_Augment_BruiserEmblem2,,1.0,,3.0,,,,,,,2.0,,0.0,1.0,,1.0,0.0,,,,,,,1.0,0.0,,0.0,0.0,,,,,,,,,,,,,,,,,,,,,,,,,,,,,,,,,,,,,,,,,,,,,,,,,,,,,,,,,,,,,,,,,,,,,,,,,2.0,RedBuff,Redemption,GargoyleStoneplate,,,,,,,,,,,,,,,,,,,,,,,,,,,,,2.0,BruiserEmblemItem,,,,,,,,,,,,,,,,,,,1.0,,,,,,,,,,,,2.0,GuardianAngel,,,,,,,,,,,,,,,2.0,MysticEmblemItem,,,,,,,,,,,,,,,,,,,,,,,2.0,Shroud,,,,,,,,,,,,,,,,,,,,,None,None,,,,,2.0,BruiserEmblemItem,,,2.0,Deathblade,RunaansHurricane,GuinsoosRageblade,,,,,,,,,,,,,,,,,,,,,,,,
6,EUW1_5972325835,TFT7_Augment_Preparation,TFT6_Augment_SunfireBoard,TFT6_Augment_MakeshiftArmor3,,1.0,,1.0,,,,0.0,,,,1.0,,1.0,,0.0,,,,2.0,,,,0.0,,,,1.0,,,,,,,,,,,,,1.0,,,,,,,,,,,,,,,,,,,,,,,,,,,,,,,,,,,,,,,,1.0,MageEmblemItem,ZekesHerald,RabadonsDeathcap,,,,,2.0,,,,,,,,,,,,,,,,,,,,,,,,,,,,,,,,,,,,,,,,,,,,2.0,,,,1.0,WarmogsArmor,TitanicHydra,,3.0,GuinsoosRageblade,Quicksilver,InfinityEdge,,,,,,,,,,,,,,,,,,,,,,,,,,,,,,,,,,,,,,,,,,,,,3.0,,,,,,,,,,,,,,,,2.0,,,,,,,,,,,,,,,,,,,,,,None,None,,,,,,,,,,,,,,,,,,,,,,,,,,,,,,,,,,,,
3,EUW1_5972325835,TFT6_Augment_Featherweights1,TFT7_Augment_AxiomArc2,TFT6_Augment_MaxLevel10,,,1.0,,,2.0,1.0,0.0,,0.0,1.0,0.0,,,3.0,0.0,0.0,,,,,,1.0,,,,1.0,,,,,,,,,,,,,,,,,,,,,,1.0,,,,,,,,,,,,,,,,2.0,ArchangelsStaff,Bloodthirster,ArchangelsStaff,,,,,,,,,,,,,,,,,,,,,,,,,1.0,,,,,,,,,,,,,,,,,,,,,,,,,,,,2.0,,,,,,,,,,,,,,,,,,,,,,,,3.0,Bloodthirster,WarmogsArmor,RedBuff,,,,,,,,,,,,,,,,,,,,,,,,,,,,,,,,,,,,,,,,,,,,,,,,,1.0,,,,,,,,,,,,,,,,,,,,,,,,,,,,,,None,None,,,,,,,,,,,,,,,,,,,,,,,,,1.0,CavalierEmblemItem,IonicSpark,BrambleVest,2.0,BFSword,,,,,,
2,EUW1_5972325835,TFT7_Augment_MysticTrait,TFT6_Augment_BlueBattery2,TFT6_Augment_CelestialBlessing3,,0.0,1.0,1.0,,,1.0,,0.0,,1.0,,0.0,1.0,,3.0,,,,,0.0,1.0,,,2.0,1.0,,0.0,,,,,,,,,2.0,SpearOfShojin,MadredsBloodrazor,ArchangelsStaff,,,,,,,,,2.0,,,,,,,,,,,,,,,,,,,,,,,,,,,,,,,,,,,,,,,,,,,,,,,,2.0,,,,,,,,,,,,,,,,,,,,,,,,,,,,,,,,2.0,,,,3.0,ArchangelsStaff,ZekesHerald,LocketOfTheIronSolari,,,,,,,,,,,,,,,,,1.0,,,,,,,,,,,,,,,,,,,,,,,,,,,,,,,,,,,,,,,,,,,,,,,,,,,,2.0,DragonsClaw,RedBuff,IonicSpark,,,,,,,,,,,,,,,,,3.0,TrainerSnax,None,None,,,,,,,,,,,,,,,,,,,,,,,,,,,,,,,,,1.0,ArchangelsStaff,,
4,EUW1_5972325835,TFT7_Augment_AstralTrait,TFT7_Augment_MageEmblem,TFT6_Augment_WindfallPlusPlus,,3.0,,1.0,,,1.0,,0.0,,,,,2.0,,0.0,,,,,0.0,1.0,,0.0,,,,,,,,,,,,,,,,,,,,,1.0,MageEmblemItem,JeweledGauntlet,SpearOfShojin,,,,,,,,,,,,,,,,,,,,,,,,,,,,,,,,,,,,,,,,,,,,,,,,,,,,,3.0,MageEmblemItem,RedBuff,Morellonomicon,,,,,,,,,,,,,,,,,,,,,,,,,,,,,2.0,JeweledGauntlet,,,,,,,,,,,,,,,,,,,,,,,,,,,,,,,,,,,,,,,,,,,,,,,,,,,,,,,3.0,RedBuff,IonicSpark,NegatronCloak,,,,,,,,,,,,,,,,,,,,,,,,,,,,,,,,,,,None,None,,,,,,,,,3.0,GuinsoosRageblade,Quicksilver,RunaansHurricane,3.0,,,,,,,,,,,,,,,,,,,,1.0,NeedlesslyLargeRod,,
5,EUW1_5972325835,TFT6_Augment_CelestialBlessing1,TFT6_Augment_PortableForge,TFT6_Augment_ForceOfNature,,,,,2.0,,1.0,0.0,1.0,1.0,,,,,0.0,0.0,,2.0,0.0,,1.0,,,,,1.0,0.0,,,,,,,,,,,,,,,,,,,,,,,,,,2.0,,,,2.0,LastWhisper,InfinityEdge,RunaansHurricane,,,,,,,,,2.0,DragonsClaw,OrnnAnimaVisage,WarmogsArmor,,,,,,,,,,,,,,,,,,,,,,,,,,,,,,,,,2.0,,,,,,,,,,,,,,,,,,,,,,,,2.0,SpearOfShojin,ZekesHerald,,,,,,,,,,,,,,,,,,,,,,,,,,,,,,,,,,,,,,,,,,,,,,,,,,,,,,,,,,,,,,2.0,ArchangelsStaff,,,,,,,,,,,,,,,,,,,,,,,,,,,,,,,3.0,TrainerSnax,None,None,2.0,UnstableConcoction,GuinsoosRageblade,ShimmerscaleDravensAxe,,,,,,,,,,,,,,,,,,,,,1.0,ThiefsGloves,TearOfTheGoddess,FrozenHeart,,,,,,,,
1,EUW1_5972325835,TFT7_Augment_GuildTrait,TFT6_Augment_SalvageBin,TFT6_Augment_ForceOfNature,1.0,,1.0,1.0,,1.0,,0.0,,,5.0,,0.0,,1.0,0.0,1.0,,,,,,,1.0,1.0,,1.0,,,,,,,,,,,,,,,,,,,,,,1.0,,,,,,,,,,,,,,,,,,,,,,,,,,,,,,,,,,,,,,,,,,,,2.0,MirageEmblemItem,,,,,,,,,,,,,,,,,,,,,,,,,,,,,,,,,,,,,,,,,,,,,,,,,,,,,,,,,,,2.0,RedBuff,Redemption,LocketOfTheIronSolari,,,,,2.0,,,,,,,,2.0,WarmogsArmor,,,,,,,,,,,2.0,,,,,,,,,,,,,,,,,,,,,,,,,,,,,,,,2.0,InfinityEdge,UnstableConcoction,FrozenHeart,,,,,,,,,,,None,None,,,,,2.0,,,,,,,,,,,,,,,,2.0,GuinsoosRageblade,Quicksilver,LastWhisper,1.0,,,,,,,,,,,
8,EUW1_5972600586,TFT7_Augment_BruiserPersonalTraining,TFT6_Augment_GrandGambler,TFT7_Augment_BigFriend2,0.0,0.0,,3.0,,,,,,,,,0.0,0.0,,,0.0,0.0,1.0,,,,,,0.0,,1.0,0.0,,,,,,,,,,,,,,,,,,,,,,,,,,,,,,,,,2.0,FrozenHeart,InfinityEdge,,,,,,,,,,,,,,,,,,,,,,,,,,,,,,,,,,,,,,,,,,,,,,,,,,,,,,,,,,,,,,,,,,,,,,,,,,,,,,,,,,,,,,2.0,Quicksilver,Bloodthirster,GuinsoosRageblade,2.0,,,,,,,,,,,,,,,,,,,,,,,,,,,,2.0,RedBuff,,,,,,,2.0,,,,,,,,,,,,,,,,1.0,,,,2.0,,,,,,,,,,,,,,,,,,None,None,,,,,,,,,,,,,,,,,,,,,,,,,,,,,,,,,,,,
1,EUW1_5972600586,TFT6_Augment_RichGetRicher,TFT6_Augment_Diversify3,TFT6_Augment_Ascension,0.0,0.0,1.0,1.0,,,1.0,0.0,,,1.0,,0.0,1.0,0.0,1.0,,,,,0.0,1.0,,,2.0,,0.0,1.0,,,,,,,,,2.0,UnstableConcoction,GuinsoosRageblade,MadredsBloodrazor,,,,,,,,,2.0,,,,,,,,,,,,,,,,,,,,,,,,,,,,,,,,,,,,,,,,,,,,,,,,,,,,,,,,,,,,,,,,,,,,,,,,,,,,,,,,,,,,1.0,,,,,,,,,,,,,,,,,,,,2.0,DragonsClaw,GargoyleStoneplate,,2.0,IonicSpark,TitansResolve,ZekesHerald,,,,,,,,,,,,,,,,,,,,,,,,,,,,,,,,,,,,,,,,,,,,,2.0,,,,,,,,,,,,,,,,,,,,,,None,None,,,,,,,,,,,,,,,,,,,,,,,,,2.0,Deathblade,MadredsBloodrazor,Quicksilver,,,,,2.0,,,
4,EUW1_5972600586,TFT6_Augment_ThreesCompany,TFT7_Augment_MysticTrait2,TFT6_Augment_CyberneticShell2,,0.0,1.0,1.0,,,1.0,,0.0,,1.0,,0.0,1.0,,3.0,,,,,0.0,1.0,,,2.0,1.0,,0.0,,,,,,,,,1.0,ArchangelsStaff,SpearOfShojin,MadredsBloodrazor,,,,,,,,,1.0,,,,,,,,,,,,,,,,,,,,,,,,,,,,,,,,,,,,,,,,,,,,,,,,2.0,BFSword,,,,,,,,,,,,,,,,,,,,,,,,,,,,,,,2.0,NeedlesslyLargeRod,,,2.0,Chalice,Chalice,,,,,,,,,,,,,,,,,,2.0,FrozenHeart,Shroud,,,,,,,,,,,,,,,,,,,,,,,,,,,,,,,,,,,,,,,,,,,,,,,,,,2.0,RedBuff,,,,,,,,,,,,,,,,,,,4.0,TrainerSnax,None,None,,,,,,,,,,,,,,,,,,,,,,,,,,,,,,,,,1.0,SeraphsEmbrace,Morellonomicon,ArchangelsStaff
6,EUW1_5972600586,TFT6_Augment_Ascension,TFT6_Augment_MakeshiftArmor3,TFT6_Augment_TargetDummies,,,,,,3.0,1.0,0.0,,,1.0,,,0.0,3.0,,0.0,,0.0,,,,,,,,1.0,,,,,,,,,,,,,,,,,,,,,,,,,,,,,,,,,,,,,,1.0,ArchangelsStaff,JeweledGauntlet,MadredsBloodrazor,,,,,,,,,,,,,,,,,,,,,,,,,2.0,,,,,,,,,,,,,,,,,,,,,,,,,,,,,,,,1.0,,,,,,,,,,,,,,,,,,,,2.0,,,,,,,,,,,,,,,,,,,,,,,,2.0,,,,,,,,,,,,,,,,,,,,,,,,,,,,,,,,,,,,,,,,,,,,,,,,,,,,,,,,,,None,None,,,,,,,,,,,,,,,,,,,,,,,,,2.0,UnstableConcoction,RedBuff,Redemption,1.0,,,,,,,
2,EUW1_5972600586,TFT6_Augment_CalculatedLoss,TFT6_Augment_RadiantRelics,TFT6_Augment_Ascension,,,,,,,1.0,1.0,0.0,1.0,,2.0,,,0.0,1.0,0.0,,,,,,,0.0,,0.0,,,,,,,,,,,,,,,3.0,StatikkShiv,GuinsoosRageblade,Morellonomicon,,,,,,,,,,,,,,,,,,,,,,,,,,,,,2.0,DragonsClaw,GuinsoosRageblade,Deathblade,,,,,,,,,,,,,,,,,,,,,,,,,,,,,,,,,3.0,ArchangelsStaff,SeraphsEmbrace,MadredsBloodrazor,,,,,,,,,3.0,ThiefsGloves,ChainVest,IonicSpark,,,,,1.0,,,,,,,,,,,,,,,,,,,,,,,,,,,,,,,,,,,,,,,,,,,,,,,,3.0,Shroud,,,,,,,,,,,,,,,,,,,,,,,,,,,,,,,,,,,,,,,3.0,ThiefsGlovesRadiant,QuicksilverRadiant,JeweledGauntletRadiant,,,,,,,None,None,,,,,,,,,,,,,,,,,,,,,,,,,,,,,,,,,,,,
7,EUW1_5972600586,TFT6_Augment_MetabolicAccelerator,TFT7_Augment_BestFriends3,TFT6_Augment_MakeshiftArmor2,1.0,,,0.0,,0.0,1.0,,,,2.0,,,,,,2.0,,,0.0,,,,1.0,0.0,,0.0,,,,,,,,,,,,,,,,,,,,,,,,,,,,,,,,,,,,,,,,,,,,,,,,,,,,,,,,,,,,,,,,,,2.0,,,,,,,,,,,,,,,,,,,,,,,,,,,,,,,,,,,,,,,,,,,,,,,,,,,,,,,,,,,,,,,,,,,,2.0,RedBuff,,,,,,,,,,,,,,,,,,,1.0,,,,1.0,,,,,,,,,,,,,,,,,,,,,,,,,,,,2.0,InfinityEdge,UnstableConcoction,IonicSpark,,,,,,,,,,,None,None,,,,,2.0,Shroud,,,,,,,,,,,,,,,2.0,GuinsoosRageblade,Quicksilver,,,,,,,,,,,,,
5,EUW1_5972600586,TFT6_Augment_Distancing2,TFT6_Augment_Twins3,TFT6_Augment_MakeshiftArmor2,,1.0,,1.0,,,,,,,1.0,,,2.0,,0.0,,,,,,,,,,0.0,,0.0,,,,,,,,,,,,,,,,,,,,,,,,,,,,,,,,,,,,,,,,,,,,,,,,,,,,,,,,,,,,,,,,,,,,,2.0,,,,,,,,,,,,,,,,,,,,,,,,,,,,,,,,,,,,3.0,SpearOfShojin,ArchangelsStaff,GuinsoosRageblade,,,,,,,,,,,,,,,,,,,,,,,,,,,,,2.0,RapidFireCannon,MadredsBloodrazor,UnstableConcoction,,,,,,,,,,,,,,,,,,,,,3.0,RedBuff,IonicSpark,Redemption,,,,,,,,,,,,,1.0,ThiefsGloves,NeedlesslyLargeRod,ArchangelsStaff,,,,,,,,,,,,,,,,,,,None,None,,,,,,,,,,,,,2.0,,,,,,,,,,,,,,,,,,,,,,,
3,EUW1_5972600586,TFT6_Augment_CyberneticUplink2,TFT6_Augment_LudensEcho3,TFT6_Augment_SalvageBin,,0.0,1.0,1.0,,,,,1.0,,2.0,,,2.0,,2.0,,0.0,,,0.0,1.0,,,,0.0,,0.0,,,,,,,,,,,,,,,,,,,,,1.0,GiantsBelt,,,,,,,,,,,,,,,,,,,,,,,,,,,,,,,,,,,,,,,,,,,,,,,,,,,2.0,BrambleVest,GiantsBelt,,,,,,,,,,,,,,,,,,,,,,,,,,2.0,LocketOfTheIronSolari,,,2.0,StatikkShiv,,,,,,,,,,,,,,,,,,,,,,,,,,,,,,,2.0,SpearOfShojin,JeweledGauntlet,GuardianAngel,,,,,,,,,,,,,,,,,,,,,,,,,2.0,SpearOfShojin,MageEmblemItem,RabadonsDeathcap,,,,,,,,,2.0,RedBuff,DragonsClaw,,,,,,,,,,,,,,,,,,,,None,None,,,,,,,,,,,,,,,,,,,,,,,,,,,,,,,,,1.0,NeedlesslyLargeRod,,
3,EUW1_5972914813,TFT7_Augment_RevelEmblem2,TFT6_Augment_ItemGrabBag2,TFT6_Augment_RadiantRelics,,,,1.0,1.0,1.0,1.0,,0.0,,,,0.0,,2.0,,0.0,4.0,,,,,,,0.0,,,,,,,,,,,,,,,,,,,,,,,,,,,,,,,,2.0,MadredsBloodrazor,InfinityEdge,LastWhisper,,,,,2.0,RevelEmblemItem,QuicksilverRadiant,StatikkShiv,,,,,,,,,,,,,,,,,,,,,,,,,1.0,,,,,,,,,,,,2.0,,,,,,,,,,,,,,,,,,,,,,,,,,,,,,,,,,,,,,,,2.0,Bloodthirster,ArchangelsStaff,,,,,,1.0,,,,,,,,,,,,,,,,,,,,,,,,,,,,,,,,,,,,,,,,2.0,Chalice,ZekesHerald,,,,,,,,,,,,,,2.0,DragonsClaw,RedBuff,GargoyleStoneplate,,,,,,,,,,,,,,,None,None,,,,,,,,,,,,,,,,,,,,,,,,,,,,,,,,,,,,
4,EUW1_5972914813,TFT7_Augment_CavalierEmblem2,TFT7_Augment_ThinkFast,TFT6_Augment_ForceOfNature,0.0,,1.0,,,3.0,1.0,,0.0,,5.0,,,0.0,2.0,1.0,0.0,,,,,,,0.0,,0.0,,,,,,,,,,,,,,,,,,,,,,,1.0,TearOfTheGoddess,GuinsoosRageblade,,,,,,,,,,,,,,2.0,JeweledGauntlet,UnstableConcoction,MadredsBloodrazor,,,,,,,,,,,,,,,,,,,,,,,,,2.0,Zephyr,,,,,,,,,,,,,,,,,,,,,,,,,,,,,,,,,,,1.0,,,,,,,,,,,,,,,,2.0,RedBuff,ZekesHerald,Redemption,,,,,,,,,,,,,,,,,1.0,,,,2.0,ForceOfNature,,,,,,,,,,,,,,,,,,,,,,,,,,,,,,,,,,,,,,,,,,,2.0,CavalierEmblemItem,,,,,,,,,,,,,None,None,,,,,1.0,,,,,,,,,,,,,,,,,,,,,,,,,,,,,,,
2,EUW1_5972914813,TFT7_Augment_MirageEmblem2,TFT6_Augment_CelestialBlessing3,TFT6_Augment_VerdantVeil,,,1.0,1.0,,1.0,1.0,0.0,,,2.0,0.0,0.0,0.0,1.0,0.0,0.0,,,,0.0,1.0,,0.0,2.0,,1.0,,,,,,,,,,2.0,ArchangelsStaff,RabadonsDeathcap,SpearOfShojin,1.0,,,,,,,,1.0,,,,,,,,,,,,,,,,,,,,,,,,,,,,,,,,,,,,,,,,,,,,,,,,,,,,,,,,,,,,,,,,,,,,,,,,,,,,,,,,,,,,,,,,,,,,,,,,2.0,BrambleVest,WarmogsArmor,ZekesHerald,,,,,1.0,,,,,,,,,,,,,,,,2.0,MirageEmblemItem,,,,,,,,,,,1.0,,,,,,,,,,,,,,,,,,,,,,,,,,,,,,,,,,,,,,,,,,,,,,None,None,,,,,,,,,,,,,,,,,,,,,,,,,1.0,MadredsBloodrazor,UnstableConcoction,GuardianAngel,,,,,2.0,,,
6,EUW1_5972914813,TFT6_Augment_ForceOfNature,TFT6_Augment_BandOfThieves2,TFT7_Augment_AssassinEmblem2,2.0,,1.0,,,,1.0,,0.0,1.0,2.0,1.0,,,,2.0,,,0.0,,,,,,0.0,0.0,,0.0,,,,,,,,,,,,,,,,,,,,,1.0,ForceOfNature,,,2.0,BrambleVest,GargoyleStoneplate,ArchangelsStaff,,,,,2.0,ThiefsGloves,GiantsBelt,PowerGauntlet,,,,,,,,,2.0,Bloodthirster,InfinityEdge,AssassinEmblemItem,,,,,,,,,,,,,,,,,,,,,,,,,,,,,,,,,,,,,,,,,,,,,,,,,,,,,1.0,,,,,,,,,,,,,,,,,,,,,,,,,,,,,,,,2.0,,,,,,,,,,,,,,,,,,,,,,,,,,,,,,,,,,,,,,,,,,,,,,,,,,,,2.0,Quicksilver,UnstableConcoction,StatikkShiv,,,,,2.0,ThiefsGloves,RecurveBow,GuinsoosRageblade,,,None,None,,,,,,,,,,,,,,,,,,,,,,,,,,,,,,,,,,,,
7,EUW1_5972914813,TFT7_Augment_ThinkFast,TFT6_Augment_ItemGrabBag2,TFT6_Augment_HighEndShopping,,,1.0,,,1.0,1.0,0.0,0.0,,1.0,,,,3.0,1.0,0.0,,,,,,,,,0.0,1.0,,,,,,,,,,,,,,,,,,,,,,2.0,,,,,,,,,,,,,,,,2.0,JeweledGauntlet,MadredsBloodrazor,GuinsoosRageblade,,,,,,,,,,,,,,,,,,,,,,,,,1.0,,,,,,,,,,,,,,,,,,,,,,,,,,,,,,,,,,,,1.0,StatikkShiv,,,,,,,,,,,,,,,1.0,TitanicHydra,,,,,,,,,,,,,,,,,,,,,,,,,,,,,,,,,,,,,,,,,,,,,,,,,,,,,,,,,,,,,,,,,,,,,,,,,,,,,,,,,None,None,,,,,,,,,,,,,,,,,,,,,,,,,1.0,Bloodthirster,WarmogsArmor,RedBuff,1.0,,,,,,,
1,EUW1_5972914813,TFT7_Augment_LivingForge,TFT6_Augment_Distancing3,TFT6_Augment_CelestialBlessing3,,1.0,1.0,1.0,,,,,0.0,,2.0,0.0,,2.0,,2.0,,,,,,,1.0,,,1.0,,0.0,,,,,,,,,,,,,,,,,,,,,1.0,,,,,,,,,,,,,,,,,,,,,,,,,,,,,,,,,,,,,,,,,,,,,,,,2.0,,,,3.0,Morellonomicon,OrnnObsidianCleaver,,,,,,,,,,,,,,,,,,,,,,,,,,2.0,,,,3.0,OrnnTheCollector,ArchangelsStaff,GuardianAngel,,,,,,,,,,,,,,,,,,,,,,,,,,,,,2.0,ArchangelsStaff,SpearOfShojin,RabadonsDeathcap,,,,,,,,,,,,,,,,,,,,,,,,,,,,,1.0,,,,,,,,3.0,GargoyleStoneplate,DragonsClaw,OrnnAnimaVisage,,,,,,,,,,,,,,,,,2.0,TrainerSnax,None,None,,,,,,,,,,,,,3.0,SparringGloves,,,,,,,,,,,,,,,,,,,,,,
5,EUW1_5972914813,TFT6_Augment_Traitless3,TFT6_Augment_Distancing3,TFT6_Augment_HighEndShopping,,,,0.0,0.0,0.0,,0.0,,0.0,,0.0,0.0,,0.0,,0.0,0.0,0.0,0.0,,,,0.0,0.0,,0.0,,,,,,,,,,,,,,,,,,,,,,,,,,2.0,,,,2.0,LastWhisper,,,,,,,,,,,,,,,,,,,,,,,,,,,,,,,,,,,1.0,,,,,,,,,,,,,,,,,,,,,,,,,,,,,,,,,,,,,,,,,,,,1.0,,,,,,,,,,,,,,,,2.0,RedBuff,Redemption,,,,,,,,,,,,,,,,,,,,,,,,,,,,,,,,,,,,,,,,,,,,,,,,,,,,,,,,,,,,,,,,,,,,,,,,None,None,,,,,,,,,,,,,,,,,,,,,2.0,MadredsBloodrazor,Quicksilver,GuinsoosRageblade,2.0,GuardianAngel,UnstableConcoction,ForceOfNature,,,,,,,,
8,EUW1_5972914813,TFT7_Augment_GuardianEmblem2,TFT6_Augment_BandOfThieves2,TFT6_Augment_ItemGrabBag2,,,,,2.0,,1.0,,1.0,1.0,,,,,,0.0,,2.0,,,1.0,,,,,1.0,,,,,,,,,,,,,,,,,,,,,,,,,,,,,,,2.0,InfinityEdge,Deathblade,MadredsBloodrazor,,,,,,,,,2.0,ShimmerscaleDeterminedInvestor,RedBuff,GargoyleStoneplate,,,,,,,,,,,,,,,,,,,,,,,,,,,,,,,,,2.0,ThiefsGloves,SparringGloves,Chalice,,,,,,,,,,,,,,,,,,,,,1.0,ZekesHerald,GuardianEmblemItem,RedBuff,,,,,,,,,,,,,,,,,,,,,,,,,,,,,,,,,,,,,,,,,,,,,,,,,,,,,,,,,,,,,1.0,ThiefsGloves,SparringGloves,Chalice,,,,,,,,,,,,,,,,,,,,,,,,,,,,,2.0,TrainerSnax,None,None,2.0,RapidFireCannon,MadredsBloodrazor,GuinsoosRageblade,,,,,,,,,,,,,,,,,,,,,,,,,,,,,,,,
7,EUW1_5972076320,TFT7_Augment_GadgetExpert,TFT6_Augment_CelestialBlessing1,TFT6_Augment_Distancing,,,,0.0,,0.0,1.0,,,1.0,,,,,3.0,,0.0,,,,,,,,,,1.0,0.0,,,,,,,,,,,,,,,,,,,,,,,,,,,,,,,,,,,,,2.0,,,,,,,,,,,,,,,,,,,,,,,,,,,,,,,,,,,,,,,,,,,,,,,,,,,,,,,,2.0,GargoyleStoneplate,NegatronCloak,,,,,,,,,,,,,,,,,,,,,,2.0,GargoyleStoneplate,Quicksilver,,,,,,,,,,,,,,,,,,,,,,,,,,,,,,,,,,2.0,ThiefsGloves,RunaansHurricane,RunaansHurricane,,,,,,,,,,,,,,,,,,,,,,,,,,,,,,,,,,,,,2.0,StatikkShiv,,,,,None,None,,,,,,,,,,,,,,,,,,,,,,,,,,,,,3.0,StatikkShiv,StatikkShiv,Quicksilver,,,,
5,EUW1_5972076320,TFT6_Augment_CyberneticShell2,TFT6_Augment_SecondWind1,TFT6_Augment_CyberneticShell1,,,,,2.0,,1.0,,1.0,1.0,,,,,,0.0,,2.0,,,1.0,,,,,1.0,,0.0,,,,,,,,,,,,,,,,,,,,,,,,,,,,,1.0,LastWhisper,GuinsoosRageblade,Deathblade,,,,,,,,,2.0,RedBuff,GargoyleStoneplate,FrozenHeart,,,,,,,,,,,,,,,,,,,,,,,,,,,,,,,,,2.0,Zephyr,,,,,,,,,,,,,,,,,,,,,,,2.0,Redemption,,,,,,,,,,,,,,,,,,,,,,,,,,,,,,,,,,,,,,,,,,,,,,,,,,,,,,,,,,,,,,,1.0,ShimmerscaleHeartOfGold,,,,,,,,,,,,,,,,,,,,,,,,,,,1.0,,,,2.0,TrainerSnax,None,None,1.0,,,,,,,,,,,,,,,,,,,,,,,,,,,,,,,,,,,
4,EUW1_5972076320,TFT6_Augment_CyberneticImplants2,TFT6_Augment_Electrocharge1,TFT6_Augment_PandorasItems,,,,,3.0,,,,0.0,1.0,,,,,,0.0,0.0,1.0,0.0,,,,,,,1.0,,0.0,,,,,,,,,,,,,,,,,,,,,,,,,3.0,DragonsClaw,GargoyleStoneplate,RedBuff,1.0,NeedlesslyLargeRod,,,,,,,,,,,,,,,,,,,,,,,,,,,,,,,,,,,,,,,,,,,,,,,3.0,ZekesHerald,Deathblade,,,,,,,,,,,,,,,,,,,,,,2.0,,,,,,,,,,,,,,,,,,,,,,,,,,,,,,,,,,,,,,,,,,,,2.0,,,,,,,,,,,,,,,,,,,,,,,,,,,,,,,,,,,,,,,,,,,,,,,,3.0,ThiefsGloves,TearOfTheGoddess,HextechGunblade,4.0,TrainerSnax,None,None,3.0,GuinsoosRageblade,InfinityEdge,RunaansHurricane,,,,,,,,,,,,,,,,,,,,,,,,,,,,,,,,
3,EUW1_5972076320,TFT7_Augment_GadgetExpert,TFT6_Augment_Recombobulator,TFT7_Augment_BruiserTrait,1.0,,,2.0,,,1.0,,,,2.0,,0.0,1.0,,,,,,,0.0,1.0,,,1.0,,,2.0,,,,,,,,,,,,,,,,,,,,,,,,,,,,,,,,,,,,,,,,,,,,,,,,,1.0,UnstableConcoction,MadredsBloodrazor,Bloodthirster,,,,,,,,,,,,,,,,,,,,,,,,,,,,,,,,,,,,,,,,,,,,,,,,,,,,,,,,,,,,,,,,,,,,,,,,,1.0,WarmogsArmor,,,,,,,2.0,Zephyr,,,2.0,Chalice,RabadonsDeathcap,,,,,,,,,,,,,,,,,,,,,,,,,,,,,,,,,,,,,,2.0,,,,,,,,1.0,,,,,,,,,,,,,,None,None,,,,,,,,,,,,,,,,,,,,,,,,,,,,,,,,,2.0,RabadonsDeathcap,ArchangelsStaff,StatikkShiv
1,EUW1_5972076320,TFT6_Augment_LudensEcho2,TFT6_Augment_SecondWind1,TFT6_Augment_Meditation1,,2.0,,1.0,,,1.0,,1.0,,1.0,,,2.0,,1.0,,,,,,,,,,1.0,,0.0,,,,,,,,,,,,,,,,,2.0,,,,,,,,,,,,,,,,,,,,,,,,,,,,,,,,,,,,,,,,,,,,,,,,,,,,2.0,,,,2.0,IonicSpark,,,,,,,,,,,,,,,,,,,,,,,,,,,2.0,PowerGauntlet,,,3.0,,,,,,,,,,,,,,,,,,,,,,,,,,,,,,,,2.0,SpearOfShojin,MadredsBloodrazor,RunaansHurricane,,,,,,,,,,,,,,,,,,,,,,,,,,,,,,,,,,,,,2.0,RedBuff,BrambleVest,GargoyleStoneplate,,,,,,,,,,,,,,,,,2.0,TrainerSnax,None,None,,,,,,,,,,,,,2.0,,,,,,,,,,,,,,,,,,,,,,,
8,EUW1_5972076320,TFT7_Augment_EvokerEmblem,TFT6_Augment_ItemGrabBag1,TFT6_Augment_PandorasItems,,,,,1.0,,1.0,,1.0,1.0,,,,,,0.0,,1.0,,,1.0,,,,,1.0,,0.0,,,,,,,,,,,,,,,,,,,,,,,,,,,,,1.0,Deathblade,LastWhisper,InfinityEdge,,,,,,,,,2.0,ShimmerscaleHeartOfGold,GargoyleStoneplate,GiantsBelt,,,,,,,,,,,,,,,,,,,,,,,,,,,,,,,,,,,,,,,,,,,,,,,,,,,,,,,,,2.0,,,,,,,,,,,,,,,,,,,,,,,,,,,,,,,,,,,,,,,,,,,,,,,,,,,,,,,,,,,,,,,,1.0,UnstableConcoction,,,,,,,,,,,,,,,,,,,,,,,,,,,1.0,,,,2.0,TrainerSnax,None,None,2.0,,,,,,,,,,,,,,,,,,,,,,,,,,,,,,,,,,,
6,EUW1_5972076320,TFT6_Augment_Ascension,TFT6_Augment_Recombobulator,TFT7_Augment_JadeEmblem,,,1.0,,,,1.0,0.0,,,1.0,1.0,,,,0.0,0.0,,,2.0,,,,,2.0,,,0.0,,,,,,,,,1.0,MadredsBloodrazor,HextechGunblade,ArchangelsStaff,,,,,,,,,1.0,,,,,,,,,,,,,,,,,,,,,,,,,,,,,,,,2.0,ThiefsGloves,Zephyr,GuardianAngel,,,,,2.0,,,,,,,,,,,,,,,,,,,,,,,,,,,,1.0,,,,,,,,,,,,,,,,,,,,2.0,GargoyleStoneplate,GargoyleStoneplate,DragonsClaw,,,,,,,,,,,,,,,,,,,,,,,,,,,,,,,,,,,,,,,,,,,,,,,,,,,,,,,,,,,,,2.0,JadeEmblemItem,LastWhisper,,,,,,,,,,,,,,,,,,,,,,,,None,None,,,,,,,,,,,,,,,,,,,,,,,,,,,,,,,,,,,,
2,EUW1_5972076320,TFT7_Augment_MikaelsGift,TFT6_Augment_Weakspot,TFT7_Augment_BigFriend,1.0,,,2.0,,,1.0,,,0.0,1.0,,0.0,0.0,,,0.0,,,,,,,,1.0,,0.0,3.0,,,,,,,,,,,,,,,,,,,,,,,,,,,,,,,,,,,,,,,,,,,,,,,,,2.0,GuinsoosRageblade,Bloodthirster,Quicksilver,,,,,,,,,,,,,,,,,,,,,,,,,,,,,,,,,,,,,,,,,,,,,,,,,,,,,,,,,,,,,,,,,,,,,,,,,2.0,,,,1.0,,,,2.0,StatikkShiv,,,,,,,,,,,,,,,,,,,2.0,LocketOfTheIronSolari,LocketOfTheIronSolari,ZekesHerald,,,,,,,,,,,,,,,,,,,,,2.0,Shroud,,,,,,,1.0,GuardianAngel,Quicksilver,,,,,,1.0,,,,,,None,None,,,,,,,,,,,,,,,,,,,,,,,,,,,,,,,,,,,,
2,EUW1_5971960409,TFT6_Augment_CyberneticImplants2,TFT6_Augment_CyberneticUplink1,TFT7_Augment_BestFriends2,,,1.0,,2.0,,1.0,,1.0,1.0,1.0,,,,0.0,1.0,,2.0,,,1.0,,,,,1.0,,,,,,,,,,,,,,,,,,,,,,,1.0,LastWhisper,SpearOfShojin,,,,,,2.0,ShimmerscaleDravensAxe,LastWhisper,StatikkShiv,,,,,,,,,2.0,RedBuff,GargoyleStoneplate,GargoyleStoneplate,,,,,,,,,,,,,,,,,,,,,,,,,,,,,,,,,1.0,NeedlesslyLargeRod,,,,,,,,,,,,,,,2.0,Zephyr,,,,,,,2.0,GuardianAngel,,,,,,,,,,,,,,,,,,,,,,,,,,,,,,,,,,,,,,,,,,,,,,,,,,,,,,,,,,,,,,,2.0,SeraphsEmbrace,UnstableConcoction,SpearOfShojin,,,,,,,,,,,,,,,,,,,,,,,,,,,,,2.0,TrainerSnax,None,None,1.0,,,,,,,,,,,,,,,,,,,,,,,,,,,,,,,,,,,
5,EUW1_5971960409,TFT6_Augment_BlueBattery2,TFT6_Augment_Electrocharge1,TFT6_Augment_Ascension,,,,,,,1.0,1.0,,1.0,,2.0,,,0.0,0.0,,,,,,,,1.0,1.0,,,,,,,,,,,,,,,,2.0,,,,,,,,,,,,,,,,,,,,,,,,,,,,,,,,2.0,,,,,,,,,,,,3.0,ArchangelsStaff,JeweledGauntlet,InfinityEdge,,,,,,,,,,,,,,,,,,,,,3.0,GuardianAngel,,,,,,,1.0,,,,3.0,RedBuff,DragonsClaw,IonicSpark,,,,,,,,,,,,,,,,,,,,,,,,,,,,,,,,,,,,,,,,,,,,,,,,,,,,,,,,,,,,,,,,,,,,,,,,,,,,,,,,,,,,,,,,,,,,,3.0,RedBuff,WarmogsArmor,,,,,,,,None,None,,,,,,,,,,,,,,,,,,,,,,,,,,,,,,,,,,,,
3,EUW1_5971960409,TFT7_Augment_SwiftshotPressTheAttack,TFT6_Augment_TinyTitans,TFT6_Augment_ComponentGrabBag,1.0,,1.0,0.0,,1.0,,0.0,,,4.0,,0.0,,0.0,0.0,1.0,,,,,,,1.0,1.0,,0.0,,,,,,,,,,,,,,,,,,,,,,1.0,RagewingEmblemItem,,,,,,,,,,,,,,,,,,,,,,,,,,,,,,,,,,,,,,,,,,,2.0,Shroud,,,,,,,,,,,,,,,,,,,,,,,,,,,,,,,,,,,,,,,,,,,,,,,,,,,,,,,,,,,2.0,GargoyleStoneplate,,,,,,,2.0,FrozenHeart,Shroud,,,,,,3.0,RedBuff,ArchangelsStaff,,,,,,,,,,,,,,,,,,,,,,,,,,,,,,,,,,,,,,,,,,2.0,ThiefsGloves,Chalice,RabadonsDeathcap,,,,,,,,,,,None,None,,,,,2.0,,,,,,,,,,,,,,,,2.0,GuinsoosRageblade,MadredsBloodrazor,UnstableConcoction,1.0,,,,,,,,,,,
7,EUW1_5971960409,TFT6_Augment_ThrillOfTheHunt2,TFT6_Augment_TinyTitans,TFT6_Augment_SunfireBoard,,0.0,,,,,1.0,0.0,,,,2.0,,,,0.0,,,,2.0,,,,,,,,0.0,,,,,,,,,,,,,,,,,,,,,,,,,,,,,,,,,,,,,,,,,,,,,2.0,ThiefsGloves,Quicksilver,RabadonsDeathcap,,,,,1.0,,,,,,,,2.0,,,,,,,,,,,,,,,,,,,,2.0,,,,,,,,,,,,,,,,,,,,,,,,,,,,1.0,TitanicHydra,Morellonomicon,,3.0,GuinsoosRageblade,Deathblade,Quicksilver,,,,,,,,,,,,,,,,,,,,,,,,,,,,,,,,,,,,,,,,,,,,,,,,,,,,,,,,,,,,,,,,,,,,,,,,,,,,,,,,,,,None,None,,,,,,,,,,,,,,,,,,,,,,,,,,,,,,,,,,,,
4,EUW1_5971960409,TFT7_Augment_CannoneerEmblem,TFT7_Augment_CannoneerTrait,TFT7_Augment_GadgetExpert,,,1.0,,3.0,,1.0,,1.0,1.0,1.0,,,,,1.0,,1.0,,,1.0,,,,,1.0,,0.0,,,,,,,,,,,,,,,,,,,,,1.0,,,,,,,,2.0,Deathblade,UnstableConcoction,MadredsBloodrazor,,,,,,,,,2.0,GargoyleStoneplate,RedBuff,BrambleVest,,,,,,,,,,,,,,,,,,,,,,,,,,,,,,,,,,,,,,,,,,,,,,,,,,,,,,,,,2.0,CannoneerEmblemItem,RunaansHurricane,Deathblade,,,,,,,,,,,,,,,,,,,,,,,,,,,,,,,,,,,,,,,,,,,,,,,,,,,,,,,,,,,,,2.0,Chalice,,,,,,,,,,,,,,,,,,,,,,,,,,,1.0,,,,3.0,TrainerSnax,None,None,2.0,StatikkShiv,ShimmerscaleDravensAxe,GuinsoosRageblade,,,,,,,,,,,,,,,,,,,,,,,,,,,,,,,,
1,EUW1_5971960409,TFT6_Augment_ThrillOfTheHunt2,TFT6_Augment_Diversify1,TFT7_Augment_BestFriends2,,,1.0,1.0,,,1.0,0.0,,,2.0,0.0,0.0,1.0,0.0,0.0,,,,,0.0,1.0,1.0,,2.0,,0.0,0.0,,,,,,,,,2.0,GuinsoosRageblade,JeweledGauntlet,MadredsBloodrazor,,,,,,,,,2.0,,,,,,,,,,,,,,,,,,,,,,,,,,,,,,,,,,,,,,,,,,,,,,,,,,,,,,,,,,,,,,,,,,,,,,,,,,,,,,,,,,,,,,,,,,,,,,,,,,,,,,,,2.0,ThiefsGloves,Bloodthirster,HextechGunblade,,,,,,,,,2.0,NeedlesslyLargeRod,Zephyr,,,,,,,,,,,,,,,,,,,,,,,,,,,,,,1.0,ArchangelsStaff,,,,,,,2.0,,,,,,,,,,,,,,,,,,,,,,None,None,,,,,,,,,,,,,,,,,,,,,,,,,2.0,FrozenHeart,,,,,,,2.0,StatikkShiv,GuinsoosRageblade,UnstableConcoction
6,EUW1_5971960409,TFT7_Augment_MageEmblem,TFT6_Augment_LudensEcho1,TFT6_Augment_JeweledLotus,,0.0,,1.0,,,,,1.0,,1.0,,,2.0,,1.0,,0.0,,,0.0,1.0,,,,0.0,,0.0,,,,,,,,,,,,,,,,,,,,,,,,,,,,,,,,,,,,,,,,,,,,,,,,,,,,,,,,,,,,,,,,,,,,,,,,,2.0,,,,,,,,,,,,,,,,,,,,,,,,,,,,2.0,,,,3.0,,,,,,,,,,,,,,,,,,,,,,,,,,,,,,,,2.0,ArchangelsStaff,SpearOfShojin,,,,,,,,,,,,,,,,,,,,,,,,,,2.0,MageEmblemItem,StatikkShiv,,,,,,,,,,2.0,TitanicHydra,WarmogsArmor,IonicSpark,,,,,,,,,,,,,,,,,,,None,None,,,,,,,,,,,,,,,,,,,,,,,,,,,,,,,,,1.0,ThiefsGloves,WarmogsArmor,GargoyleStoneplate
8,EUW1_5971960409,TFT7_Augment_ShimmerscaleTrait,TFT7_Augment_BestFriends1,TFT6_Augment_SecondWind2,1.0,,,,,,1.0,0.0,,1.0,,,0.0,,0.0,,0.0,,0.0,,3.0,,,,,,1.0,,2.0,ShimmerscaleDeterminedInvestor,,,,,,,,,,,,,,,,,,,,,,,1.0,ShimmerscaleEmblemItem,ShimmerscaleHeartOfGold,,,,,,1.0,,,,,,,,1.0,RedBuff,,,,,,,,,,,,,,,,,,,,,,,,,,,,,,,,,,,,,,,,,,,2.0,,,,,,,,,,,,,,,,,,,,,,,,,,,,,,,,,,,,,,,,,,,,,,,,,,,,,,,,,,,,,,,,,,,,,,,,,,,,,,,,,,,,,,,,,,,,,,,,,,,,,,,,,,,,,,,,,,None,None,,,,,,,,,,,,,,,,,2.0,ShimmerscaleDravensAxe,ShimmerscaleGoldmancersStaff,UnstableConcoction,,,,,1.0,TitansResolve,DragonsClaw,,,,,,,,,
3,EUW1_5971463165,TFT6_Augment_TinyTitans,TFT6_Augment_RichGetRicherPlus,TFT6_Augment_ForceOfNature,2.0,,,1.0,,1.0,,0.0,,,3.0,,0.0,,0.0,,1.0,,,,,,,1.0,1.0,,1.0,0.0,,,,,,,,,,,,,,,,,,,,,,,,,,,,,,,,,,,,,,,,,,,,,,,,,,,,,,,,,,,,,,,,,2.0,,,,,,,,,,,,,,,,,,,,,,,,,,,,,,,,,,,,,,,,,,,,,,,,,,,,,,,,,,,,2.0,RedBuff,Redemption,Redemption,1.0,,,,2.0,,,,,,,,2.0,,,,,,,,,,,,2.0,,,,,,,,,,,,,,,,,,,,,,,,,,,,,,,,2.0,,,,,,,,,,,,,,None,None,,,,,2.0,,,,,,,,,,,,,,,,2.0,GuinsoosRageblade,MadredsBloodrazor,Quicksilver,2.0,MadredsBloodrazor,UnstableConcoction,AssassinEmblemItem,,,,,,,,
2,EUW1_5971463165,TFT6_Augment_CyberneticShell1,TFT6_Augment_ThrillOfTheHunt2,TFT6_Augment_ItemGrabBag2,,0.0,,,,,1.0,,,0.0,,2.0,,,,0.0,,,,2.0,,,1.0,,,,,1.0,,,,,,,,,,,,,,,,,,,,,,,,,,,,,,,,,,,,,,,,,,,,,2.0,HextechGunblade,InfinityEdge,MadredsBloodrazor,,,,,2.0,ThiefsGloves,GuinsoosRageblade,SpearOfShojin,,,,,2.0,RedBuff,,,,,,,,,,,,,,,,,,,,,,,,,,,,,,,,,,,,,,,,,,,,,,,2.0,Redemption,WarmogsArmor,WarmogsArmor,3.0,InfinityEdge,Quicksilver,GuinsoosRageblade,,,,,,,,,,,,,,,,,,,,,,,,,,,,,,,,,,,,,,,,,,,,,,,,,,,,,2.0,Chalice,,,,,,,,,,,,,,,,,,,,,,,2.0,,,,,,None,None,,,,,,,,,,,,,,,,,,,,,,,,,,,,,,,,,,,,
8,EUW1_5971463165,TFT6_Augment_CyberneticImplants1,TFT7_Augment_MikaelsGift,TFT6_Augment_TheGoldenEgg,,1.0,,1.0,,,,,0.0,,2.0,,,1.0,,1.0,,,,,,,,1.0,,0.0,,0.0,,,,,,,,,,,,,,,,,,,,,,,,,,,,,,,,,,,,,,,,,,,,,,,,,,,,,,,,,,,,,,,,,,,,,,,,,3.0,GargoyleStoneplate,RedBuff,WarmogsArmor,,,,,,,,,,,,,,,,,,,,,,,,,1.0,,,,3.0,LocketOfTheIronSolari,,,,,,,,,,,,,,,,,,,,,,,,,,,,,,,2.0,,,,,,,,,,,,,,,,,,,,,,,,,,,,,,,,,,,,,,,,2.0,SparringGloves,,,,,,,,,,,,,,,,,,,,,None,None,,,,,2.0,,,,2.0,RunaansHurricane,GuinsoosRageblade,MadredsBloodrazor,,,,,,,,,,,,,,,,,,,,,,,,
6,EUW1_5971463165,TFT6_Augment_Twins1,TFT6_Augment_SunfireBoard,TFT6_Augment_HighEndShopping,,,,0.0,,,,2.0,,,,1.0,,,0.0,,1.0,,,1.0,,,,0.0,0.0,,1.0,,,,,,,,,,,,,,2.0,BFSword,,,,,,,,,,,,,,,,,,,,,,,,,,,,,,,,,,,,,,,,,,,,,,,,,,,,,,,,,,,,,,,,,,,1.0,,,,,,,,2.0,,,,,,,,,,,,,,,,,,,,1.0,WarmogsArmor,FrozenHeart,TitansResolve,,,,,,,,,,,,,,,,,,,,,,,,,,,,,,,,,,,,,2.0,,,,2.0,,,,,,,,,,,,,,,,,,,,3.0,StatikkShiv,GuinsoosRageblade,ArchangelsStaff,,,,,,,,,,,,,,,,,,,,,,,None,None,,,,,,,,,,,,,,,,,,,,,,,,,1.0,SeraphsEmbrace,,,,,,,,,,
1,EUW1_5971463165,TFT7_Augment_ShimmerscaleEmblem,TFT6_Augment_ComponentGrabBag,TFT6_Augment_CyberneticShell3,1.0,,,0.0,,,1.0,1.0,,1.0,1.0,0.0,0.0,,0.0,,1.0,,,,3.0,,,1.0,,,1.0,,,,,,,,,,,,,,2.0,ShimmerscaleEmblemItem,SpearOfShojin,ShimmerscaleHeartOfGold,,,,,,,,,,,,,,,,,,,,,,,,,2.0,WarmogsArmor,DragonsClaw,ShimmerscaleDiamondHands,,,,,,,,,,,,,,,,,,,,,,,,,,,,,,,,,,,,,,,,,2.0,TearOfTheGoddess,,,,,,,,,,,,,,,,,,,,,,,,,,,,,,,,,,,,,,,,,,,,,,,,,,,,,,,,,,,,,,,,,,,2.0,ShimmerscaleEmblemItem,,,,,,,,,,,,,,,,,,,,,,,,,,,,,,,2.0,RunaansHurricane,LastWhisper,InfinityEdge,,,,,,,,,,,None,None,,,,,,,,,,,,,,,,,2.0,Bloodthirster,GuardianEmblemItem,,2.0,GuinsoosRageblade,ShimmerscaleDravensAxe,ShimmerscaleGamblersBlade,2.0,SeraphsEmbrace,MadredsBloodrazor,UnstableConcoction,,,,,,,,
4,EUW1_5971463165,TFT7_Augment_Preparation,TFT7_Augment_BestFriends2,TFT6_Augment_TheGoldenEgg,,1.0,,2.0,,,1.0,,0.0,,2.0,,,1.0,,1.0,,,,,,,,1.0,,0.0,,2.0,,,,,,,,,,,,,,,,,,,,,,,,,,,,,,,,,,,,,,,,,,,,,,,,,2.0,,,,,,,,,,,,,,,,,,,,,,,,3.0,,,,,,,,,,,,,,,,,,,,,,,,,,,,2.0,,,,3.0,SeraphsEmbrace,BruiserEmblemItem,,,,,,,,,,,,,,,,,,,,,,,,,,,,,,2.0,,,,,,,,,,,,,,,,,,,,,,,,,,,,,,,,,,,,,,,,2.0,RedBuff,GargoyleStoneplate,,,,,,,,,,,,,,,,,,,,None,None,,,,,2.0,,,,3.0,Deathblade,GuinsoosRageblade,RunaansHurricane,,,,,,,,,,,,,,,,,,,,,,,,
5,EUW1_5971463165,TFT7_Augment_BruiserTrait,TFT6_Augment_JeweledLotus,TFT6_Augment_RadiantRelics,,,,1.0,,2.0,1.0,0.0,,,1.0,,0.0,,3.0,,0.0,,,,,,,,0.0,,1.0,,,,,,,,,,,,,,,,,,,,,,,,,,,,,,,,,,,,,,2.0,RabadonsDeathcapRadiant,ArchangelsStaff,MadredsBloodrazor,,,,,,,,,,,,,,,,,,,,,,,,,2.0,Morellonomicon,NeedlesslyLargeRod,,,,,,,,,,,,,,,,,,,,,,,,,,,,,,,,,,,,,,,,,,,,,,,,,,2.0,RedBuff,Bloodthirster,,,,,,2.0,,,,,,,,,,,,,,,,2.0,,,,,,,,,,,,,,,,,,,,,,,,,,,,,,,,,,,,,,,,,,,,,,,,,,,,,,,,,,None,None,,,,,,,,,,,,,,,,,,,,,,,,,1.0,TitansResolve,RapidFireCannon,GuardianAngel,2.0,,,,,,,
7,EUW1_5971463165,TFT6_Augment_SecondWind1,TFT6_Augment_LudensEcho2,TFT6_Augment_ItemGrabBag2,,,,0.0,,,1.0,1.0,,1.0,,1.0,,,0.0,,,,,,,,,0.0,0.0,,,1.0,,,,,,,,,,,,,2.0,ZekesHerald,TearOfTheGoddess,,,,,,,,,,,,,,,,,,,,,,,,,,,,,,,,,,2.0,,,,,,,,,,,,,,,,,,,,,,,,,,,,,,,,3.0,SeraphsEmbrace,InfinityEdge,JeweledGauntlet,,,,,2.0,,,,2.0,TitanicHydra,,,,,,,,,,,,,,,,,,,,,,,,,,,,,,,,,,,,,,,,,,,,,,,,,,,,,,,,,,,,,,,,,,,,,,,,,,,,,,,,,,,,,,,,,,,,,,,3.0,GargoyleStoneplate,WarmogsArmor,RedBuff,,,,,,,None,None,,,,,,,,,,,,,,,,,,,,,,,,,,,,,,,,,,,,
2,EUW1_5973196212,TFT6_Augment_JeweledLotus,TFT6_Augment_FirstAidKit,TFT6_Augment_CelestialBlessing3,0.0,,,1.0,,,1.0,,,,,1.0,,0.0,,,,,,1.0,,,1.0,,,,,3.0,,,,,,,,,,,,,,,,,,,,,,,,,,,,,,,,,,,,,,,,,,,,,,,,,2.0,,,,3.0,Quicksilver,GuinsoosRageblade,Bloodthirster,,,,,2.0,,,,,,,,,,,,,,,,,,,,,,,,,,,,,,,,,,,,,,,,,,,,,,,,2.0,TitanicHydra,TitanicHydra,RedBuff,,,,,,,,,,,,,,,,,2.0,FrozenHeart,LastWhisper,Quicksilver,,,,,,,,,,,,,,,,,,,,,,,,,,,,,,,,,,,,,1.0,ZekesHerald,,,,,,,2.0,Morellonomicon,,,,,,,,,,,,,,,,,,,,,None,None,,,,,,,,,,,,,,,,,,,,,,,,,,,,,,,,,,,,
3,EUW1_5973196212,TFT7_Augment_PandorasBench,TFT6_Augment_LudensEcho1,TFT6_Augment_CyberneticUplink3,,1.0,1.0,1.0,,,,,0.0,,2.0,,,3.0,,2.0,,,,,0.0,1.0,,,,1.0,,0.0,,,,,,,,,,,,,,,,,,,,,1.0,MageEmblemItem,,,,,,,,,,,,,,,,,,,,,,,,,,,,,,,,,,,,,,,,,,,,,,,2.0,,,,3.0,,,,,,,,,,,,,,,,,,,,,,,,,,,,2.0,,,,3.0,StatikkShiv,Zephyr,,,,,,,,,,,,,,,,,,,,,,,,,,,,,,3.0,SpearOfShojin,ArchangelsStaff,UnstableConcoction,,,,,,,,,,,,,,,,,,,,,,,,,,,,,,,,,,,,,2.0,WarmogsArmor,GargoyleStoneplate,,,,,,,,,,,,,,,,,,1.0,TrainerSnax,None,None,,,,,,,,,,,,,2.0,,,,,,,,,,,,,,,,,,,,1.0,SeraphsEmbrace,GuardianAngel,
1,EUW1_5973196212,TFT7_Augment_AssassinEmblem,TFT7_Augment_ScalescornTrait,TFT7_Augment_TomeOfTraits2,2.0,,1.0,1.0,,1.0,,,,0.0,5.0,,,0.0,,0.0,0.0,,3.0,,,,,0.0,,,1.0,,,,,,,,,,,,,,,,,,,,,,1.0,Shroud,,,2.0,TitanicHydra,,,,,,,3.0,FrozenHeart,JeweledGauntlet,RedBuff,,,,,,,,,,,,,,,,,,,,,,,,,,,,,,,,,,,,,,,,,,,,,,,,,,,,,,,,,,,,,2.0,AssassinEmblemItem,StatikkShiv,,,,,,,,,,,,,,,,,,,,,,3.0,InfinityEdge,Bloodthirster,AssassinEmblemItem,,,,,,,,,,,,,,,,,2.0,TitanicHydra,,,,,,,,,,,2.0,GuildEmblemItem,TearOfTheGoddess,,,,,,,,,,,,,,,,,,,,,,,,,,,,,,2.0,ScalescornEmblemItem,UnstableConcoction,Zephyr,,,,,,,,,,,None,None,,,,,1.0,,,,,,,,,,,,,,,,,,,,,,,,,,,,,,,
7,EUW1_5973196212,TFT6_Augment_Ascension,TFT7_Augment_WarriorTrait,TFT7_Augment_BestFriends3,,,,1.0,,,,,,2.0,,0.0,,,1.0,,0.0,,0.0,,,,,,,,2.0,0.0,,,,,,,,,,,,,,,,,,,,,,,,,2.0,,,,,,,,,,,,,,,,,,,,,,,,,,,,,,,,,,,,,,,,,,,,,,,,,,,,,,,,,,,,,,,,,,,,3.0,GiantsBelt,,,,,,,,,,,,,,,,,,,,,,,,,,,2.0,InfinityEdge,Bloodthirster,LastWhisper,,,,,,,,,,,,,,,,,,,,,,,,,,,,,2.0,,,,,,,,,,,,,,,,,,,,,,,,,,,,,,,,,,,,2.0,,,,2.0,,,,,,None,None,,,,,,,,,,,,,,,,,,,,,,,,,,,,,3.0,Quicksilver,GuinsoosRageblade,Bloodthirster,,,,
5,EUW1_5973196212,TFT7_Augment_MageConference,TFT7_Augment_BestFriends1,TFT6_Augment_CyberneticShell3,,1.0,,1.0,,0.0,,,,,1.0,,,3.0,,0.0,,,0.0,,0.0,1.0,,,,0.0,,0.0,,,,,,,,,,,,,,,,,,,,,,,,,,,,,,,,,,,,,,,,,,,,,,,,,,,,,,,,,,,,,,,,,,,,,3.0,StatikkShiv,,,2.0,Shroud,,,,,,,,,,,,,,,,,,,,,,,3.0,Bloodthirster,,,,,,,2.0,Chalice,,,,,,,,,,,,,,,,,,,,,,,,,,,,,,,2.0,SpearOfShojin,,,,,,,,,,,,,,,,,,,,,,,,,,,,,,,,,,,,,,,2.0,TitanicHydra,WarmogsArmor,,,,,,,,,,,,,,,,,,,,None,None,,,,,,,,,,,,,3.0,RedBuff,,,,,,,,,,,,,,,,,,,1.0,NegatronCloak,,
4,EUW1_5973196212,TFT6_Augment_CyberneticUplink2,TFT6_Augment_PandorasItems,TFT6_Augment_HighEndShopping,,,,1.0,,,1.0,,0.0,,1.0,,0.0,2.0,,0.0,,,,,0.0,1.0,,,2.0,1.0,,0.0,,,,,,,,,2.0,ArchangelsStaff,HextechGunblade,MageEmblemItem,,,,,,,,,,,,,,,,,,,,,,,,,,,,,,,,,,,,,,,,,,,,,,,,,,,,,,,,,2.0,StatikkShiv,,,,,,,,,,,,,,,,,,,,,,,,,,,,,,,2.0,Chalice,,,,,,,,,,,,,,,,,,,,,,,2.0,RedBuff,,,,,,,,,,,1.0,ThiefsGloves,RunaansHurricane,SeraphsEmbrace,,,,,,,,,,,,,,,,,,,,,,,,,,,,,,,,,,,,,2.0,TitanicHydra,,,,,,,,,,,,,,,,,,,3.0,TrainerSnax,None,None,,,,,,,,,,,,,,,,,,,,,,,,,,,,,,,,,2.0,GuinsoosRageblade,,
8,EUW1_5973196212,TFT6_Augment_CelestialBlessing2,TFT6_Augment_SecondWind1,TFT7_Augment_BestFriends3,,,,1.0,1.0,,,,1.0,0.0,,,0.0,,,0.0,0.0,1.0,,,,,,,0.0,1.0,0.0,1.0,,,,,,,,,,,,,,,,,,,,,,,,,,,,,2.0,GuinsoosRageblade,RunaansHurricane,,,,,,,,,,,,,,,,,,,,,,,,,,,,,,,,,,,,,,,,,,,,,,,,,,,,,,,,,,,,,,,,,,,,,,2.0,,,,,,,,,,,,,,,,,,,,,,,,2.0,RedBuff,ChainVest,,,,,,,,,,,,,,,,,,,,,,,,,,2.0,,,,,,,,,,,,1.0,,,,,,,,,,,,,,,,,,,,,,,,,,,,1.0,,,,2.0,TrainerSnax,None,None,2.0,WhispersEmblemItem,,,,,,,,,,,,,,,,,,,,,,,,,,,,,,,,,,
6,EUW1_5973196212,TFT6_Augment_TargetDummies,TFT7_Augment_BruiserTrait,TFT7_Augment_BruiserEmblem2,0.0,1.0,1.0,2.0,,,,,0.0,,3.0,,0.0,0.0,,2.0,,,,,,,,1.0,0.0,0.0,,,,,,,,,,,,,,,,,,,,,,,1.0,SpearOfShojin,,,,,,,,,,,,,,,,,,,,,,,,,,,,,,,,,,,,,,,,,,,,,,,,,,,3.0,Redemption,GargoyleStoneplate,WarmogsArmor,,,,,,,,,,,,,,,,,,,,,,,,,2.0,,,,3.0,BruiserEmblemItem,SpearOfShojin,,,,,,,,,,,,,,,,,,1.0,GargoyleStoneplate,,,,,,,,,,,,,,,,,,,,,,,,,,,,,,,,,,,,,,,,,,,,,,,,,,,,,,,,,,,2.0,,,,,,,,,,,,,,None,None,,,,,2.0,,,,3.0,RunaansHurricane,InfinityEdge,GuinsoosRageblade,,,,,,,,,,,,,,,,,,,,,,,,
3,EUW1_5972328108,TFT7_Augment_SwiftshotPressTheAttack,TFT6_Augment_CelestialBlessing3,TFT6_Augment_Diversify2,,1.0,1.0,1.0,,,,,0.0,,2.0,,,1.0,,2.0,,,,,,,,1.0,,1.0,,0.0,,,,,,,,,,,,,,,,,,,,,1.0,,,,,,,,,,,,,,,,,,,,,,,,,,,,,,,,,,,,,,,,,,,,,,,,1.0,,,,3.0,GargoyleStoneplate,RedBuff,,,,,,,,,,,,,,,,,,,,,,,,,,1.0,,,,3.0,PowerGauntlet,,,,,,,,,,,,,,,,,,,,,,,,,,,,,,,,,,,,,,,,,,,,,,,,,,,,,,,,,,,,,,,,,,,,,,,2.0,Shroud,IonicSpark,TitanicHydra,,,,,,,,,,,,,,,,,1.0,TrainerSnax,None,None,,,,,2.0,,,,3.0,MadredsBloodrazor,GuinsoosRageblade,GuardianAngel,,,,,,,,,,,,,,,,,,,,,,,,
5,EUW1_5972328108,TFT6_Augment_ThrillOfTheHunt2,TFT7_Augment_WhispersEmblem2,TFT7_Augment_BigFriend2,1.0,,,2.0,,,1.0,,,,1.0,,0.0,0.0,,,0.0,,0.0,,,,,,1.0,,1.0,2.0,,,,,,,,,,,,,,,,,,,,,,,,,,,,,,,,,,,,,,,,,,,,,,,,,2.0,MadredsBloodrazor,TitansResolve,GuinsoosRageblade,,,,,,,,,,,,,,,,,,,,,,,,,,,,,,,,,,,,,,,,,,,,,,,,,,,,,,,,,,,,,,,,,,,,,2.0,WhispersEmblemItem,Bloodthirster,GuinsoosRageblade,1.0,Morellonomicon,,,,,,,1.0,,,,,,,,,,,,,,,,,,,,2.0,,,,,,,,,,,,,,,,,,,,,,,,2.0,,,,,,,,1.0,PowerGauntlet,GuinsoosRageblade,,,,,,,,,,,,None,None,,,,,,,,,,,,,,,,,,,,,,,,,,,,,,,,,,,,
7,EUW1_5972328108,TFT7_Augment_TempestEmblem,TFT6_Augment_ThriftShop,TFT6_Augment_TomeOfTraits1,,0.0,,1.0,,,,,1.0,,1.0,,0.0,2.0,,1.0,,0.0,,,,,,,1.0,1.0,,0.0,,,,,,,,,,,,,,,,,,,,,,,,,,,,,,,,,,,,,,,,,,,,,,,,,,,,,,,,,,,,,,,,,,,,,2.0,,,,,,,,,,,,,,,,,,,,,,,,,,,,,,,,2.0,,,,2.0,TempestEmblemItem,,,,,,,,,,,,,,,,,,,1.0,,,,,,,,,,,,2.0,SpearOfShojin,MadredsBloodrazor,EvokerEmblemItem,,,,,,,,,,,,,,,,,,,,,,,,,1.0,,,,,,,,,,,,2.0,RedBuff,WarmogsArmor,,,,,,,,,,,,,,,,,,1.0,TrainerSnax,None,None,,,,,,,,,,,,,2.0,,,,,,,,,,,,,,,,,,,,,,,
6,EUW1_5972328108,TFT7_Augment_CannoneerHotShot,TFT6_Augment_CyberneticUplink3,TFT6_Augment_CyberneticUplink2,,,,,1.0,,1.0,,1.0,1.0,,,,,,0.0,,1.0,0.0,,1.0,,,,,1.0,,,,,,,,,,,,,,,,,,,,,,,,,,,2.0,ShimmerscaleHeartOfGold,,,2.0,GuinsoosRageblade,MadredsBloodrazor,Deathblade,,,,,,,,,2.0,BrambleVest,DragonsClaw,WarmogsArmor,,,,,,,,,,,,,,,,,,,,,,,,,,,,,,,,,,,,,,,,,,,,,,,,,,,,,,,,,1.0,,,,,,,,,,,,,,,,,,,,,,,,,,,,,,,,,,,,,,,,,,,,,,,,,,,,,,,,,,,,,,,,2.0,SpearOfShojin,,,,,,,,,,,,,,,,,,,,,,,,,,,,,,,3.0,TrainerSnax,None,None,2.0,TearOfTheGoddess,,,,,,,,,,,,,,,,,,,,,,,,,,,,,,,,,,
4,EUW1_5972328108,TFT6_Augment_LudensEcho2,TFT6_Augment_ForceOfNature,TFT7_Augment_MikaelsGift,,0.0,,1.0,,,1.0,,1.0,,,,0.0,1.0,,1.0,,0.0,,,,,,,2.0,1.0,,0.0,,,,,,,,,1.0,MadredsBloodrazor,HextechGunblade,GuinsoosRageblade,,,,,,,,,,,,,,,,,,,,,,,,,,,,,,,,,,,,,,,,,,,,,,,,,,,,,,,,,2.0,,,,,,,,,,,,,,,,,,,,,,,,,,,,,,,,2.0,LocketOfTheIronSolari,,,3.0,ThiefsGloves,UnstableConcoction,SpearOfShojin,,,,,,,,,,,,,,,,,1.0,,,,,,,,,,,,,,,,,,,,,,,,,,,,,,,,,,,,,,,,1.0,JeweledGauntlet,,,,,,,,,,,2.0,IonicSpark,RedBuff,DragonsClaw,,,,,,,,,,,,,,,,,3.0,TrainerSnax,None,None,,,,,,,,,,,,,2.0,,,,,,,,,,,,,,,,,,,,,,,
1,EUW1_5972328108,TFT6_Augment_CyberneticUplink2,TFT7_Augment_WhispersEmblem2,TFT6_Augment_CyberneticShell2,0.0,,1.0,1.0,,,1.0,0.0,,0.0,1.0,0.0,0.0,,0.0,0.0,,,,1.0,,,,,1.0,,0.0,3.0,,,,,,,,,,,,,,,,,,,,,1.0,StatikkShiv,,,,,,,,,,,,,,,,,,,,,,,,,,,2.0,TitansResolve,TitansResolve,UnstableConcoction,2.0,GuinsoosRageblade,TitansResolve,,,,,,,,,,,,,,,,,,,,,,,,,,,,,,,,,,,,,,,,,,,,,,,,,,,,,,2.0,ThiefsGloves,RapidFireCannon,Bloodthirster,,,,,,,,,,,,,2.0,RedBuff,,,,,,,2.0,WhispersEmblemItem,,,,,,,,,,,,,,,,,,,,,,,,,,,,,,,,,,,,,,,,,,,,,,,,,,,,,,,,,,,2.0,SpearOfShojin,,,,,None,None,,,,,,,,,,,,,,,,,,,,,,,,,1.0,LocketOfTheIronSolari,,,,,,,,,,
8,EUW1_5972328108,TFT6_Augment_SunfireBoard,TFT7_Augment_CursedCrown,TFT7_Augment_DragonAlliance,,,,,,,2.0,,0.0,1.0,,1.0,,,,1.0,,,,0.0,1.0,,,,1.0,0.0,,0.0,,,,,,,,,1.0,JeweledGauntlet,NeedlesslyLargeRod,SpearOfShojin,,,,,,,,,,,,,,,,,,,,,,,,,,,,,1.0,GargoyleStoneplate,,,1.0,BFSword,,,,,,,,,,,,,,,,,,,,,,,,,,,,,,,,,,,,,,,,,,,,,,,,,,,,,,,2.0,ShimmerscaleHeartOfGold,,,,,,,2.0,,,,,,,,,,,,,,,,,,,,,,,,,,,,,,,,,,,,,,,,,,,,,,,,,,,,,,,,,,,,,,,,,,,,,,,,,,,,,,,,,,,,1.0,StatikkShiv,,,,,None,None,,,,,,,,,,,,,,,,,,,,,,,,,,,,,,,,,,,,
2,EUW1_5972328108,TFT7_Augment_GuildEmblem,TFT7_Augment_TomeOfTraits2,TFT7_Augment_MikaelsGift,1.0,,,,,2.0,1.0,,0.0,,5.0,,,0.0,2.0,0.0,,,,,,,,0.0,,0.0,,1.0,,,,,,,,,,,,,,,,,,,,,,,,,,,,,,,,,,,,,2.0,GuildEmblemItem,JeweledGauntlet,GuinsoosRageblade,,,,,,,,,,,,,,,,,,,,,,,,,,,,,,,,,,,,,,,,,,,,,,,,,,,,,,,,,,,,,1.0,,,,,,,,,,,,,,,,1.0,TitanicHydra,,,,,,,,,,,2.0,LocketOfTheIronSolari,UnstableConcoction,CavalierEmblemItem,,,,,2.0,GuardianAngel,StatikkShiv,Redemption,2.0,,,,,,,,,,,,,,,,,,,,,,,,,,,,,,,,,,,,,,,,,,,,2.0,RedBuff,WhispersEmblemItem,IonicSpark,,,,,,,,,,,None,None,,,,,2.0,,,,,,,,,,,,,,,,,,,,,,,,,,,,,,,
5,EUW1_5973004466,TFT6_Augment_ThrillOfTheHunt1,TFT6_Augment_TinyTitans,TFT6_Augment_Diversify3,1.0,1.0,,1.0,,0.0,,,,,3.0,,0.0,0.0,,0.0,,,,,,,,1.0,1.0,,,,,,,,,,,,,,,,,,,,,,,,,,,,,,,,,,,,,,,,,,,,,,,,,,,,,,,,,,,,,,,,,,,,,,,,,,,,3.0,WarmogsArmor,TitanicHydra,Redemption,,,,,,,,,,,,,,,,,,,,,,,,,,,,,3.0,,,,,,,,,,,,,,,,,,,,2.0,NegatronCloak,FrozenHeart,,,,,,2.0,FrozenHeart,,,,,,,1.0,,,,,,,,,,,,,,,,,,,,,,,,,,,,,,,,,,,,,,,,,,,,2.0,ThiefsGloves,TitansResolve,ArchangelsStaff,,,,,,,,,,,None,None,,,,,2.0,,,,3.0,Deathblade,GuinsoosRageblade,RunaansHurricane,,,,,,,,,,,,,,,,,,,,,,,,
8,EUW1_5973004466,TFT7_Augment_ShimmerscaleEmblem,TFT7_Augment_BestFriends1,TFT7_Augment_ThinkFast,1.0,,,,,,1.0,0.0,,0.0,1.0,,0.0,0.0,,,0.0,,,,4.0,1.0,,,,,0.0,0.0,2.0,,,,,,,,,,,,,,,,,,,,,,,,,,,,,,,,,,,,,,,,2.0,ShimmerscaleMogulsMail,RedBuff,,,,,,,,,,,,,,,,,,,,,,,,,,,,,,,,,,,,,,,,,,2.0,ThiefsGloves,RecurveBow,GuinsoosRageblade,,,,,,,,,,,,,,,,,,,,,,,,,,,,,,,,,,,,,,,,,1.0,ShimmerscaleGoldmancersStaff,JeweledGauntlet,ShimmerscaleEmblemItem,,,,,,,,,,,,,,,,,,,,,,,,,,,,,,,,,,,,,,,,,,,,,,,,,,,,,2.0,ShimmerscaleEmblemItem,ShimmerscaleHeartOfGold,JeweledGauntlet,,,,,,,,,,,None,None,,,,,,,,,,,,,,,,,2.0,TitanicHydra,,,,,,,,,,,,,,,1.0,ShimmerscaleCrownOfChampions,ShimmerscaleDiamondHands,StatikkShiv
1,EUW1_5973004466,TFT7_Augment_WarriorTrait,TFT7_Augment_BestFriends1,TFT6_Augment_MaxLevel10,,,,1.0,,1.0,1.0,0.0,,0.0,,0.0,,,4.0,,0.0,,0.0,,0.0,,1.0,,,,3.0,,2.0,,,,,,,,,,,,,,,,,,,,,,,,,,,,,,,,,,,,2.0,Quicksilver,GuinsoosRageblade,,,,,,,,,,,,,,,,,,,,,,,,,,,,,,,,,,,,,,,,,,,,,,,,,,,,,,2.0,Zephyr,,,,,,,,,,,,,,,,,,,,,,,2.0,RedBuff,,,1.0,,,,,,,,,,,,,,,,,,,,,,,,,,,,,,,,2.0,Zephyr,,,,,,,,,,,,,,,2.0,MirageEmblemItem,,,,,,,,,,,,,,,,,,,,,,,,,,,,,None,None,,,,,,,,,,,,,,,,,,,,,,,,,2.0,CavalierEmblemItem,WarmogsArmor,,3.0,Bloodthirster,Quicksilver,InfinityEdge,,,,
7,EUW1_5973004466,TFT7_Augment_BruiserTrait,TFT6_Augment_SecondWind1,TFT7_Augment_BestFriends3,0.0,,,1.0,,1.0,,,,,3.0,,0.0,,,,1.0,,,,,,,1.0,0.0,,0.0,,,,,,,,,,,,,,,,,,,,,,,,,,,,,,,,,,,,,,,,,,,,,,,,,,,,,,,,,,,,,,,,,,1.0,GiantsBelt,,,,,,,,,,,,,,,,,,,,,,,,,,,,,,,,,,,,,,,,,,,,,,,,,,,,,,,,,,,2.0,GargoyleStoneplate,,,,,,,,,,,,,,,2.0,,,,,,,,,,,,2.0,,,,,,,,,,,,,,,,,,,,,,,,,,,,,,,,2.0,InfinityEdge,GuardianAngel,,,,,,,,,,,,None,None,,,,,2.0,,,,,,,,,,,,,,,,1.0,Quicksilver,MadredsBloodrazor,GuinsoosRageblade,,,,,,,,,,,,
4,EUW1_5973004466,TFT7_Augment_JadeEmblem,TFT6_Augment_SecondWind1,TFT6_Augment_BandOfThieves2,,,,,,,1.0,1.0,0.0,,,3.0,0.0,,,0.0,0.0,,,1.0,,,1.0,0.0,,,,,,,,,2.0,DragonmancerEmblemItem,TitanicHydra,,,,,,2.0,Zephyr,,,,,,,,,,,,,,,,,,,,,,,,,,,,,,,2.0,GuardianAngel,UnstableConcoction,InfinityEdge,,,,,,,,,,,,,2.0,ThiefsGloves,RunaansHurricane,ArchangelsStaff,,,,,,,,,,,,,,,,,,,,,,,,,,,,,,,,,,,,,,,,,,,,,2.0,ThiefsGloves,BFSword,Bloodthirster,,,,,,,,,,,,,,,,,,,,,,,,,,,,,,,,,,,,,,,,,,,,,,,,,,,,,,,,,2.0,GuinsoosRageblade,FrozenHeart,DragonsClaw,2.0,GuinsoosRageblade,StatikkShiv,JadeEmblemItem,,,,,,,,,,,,,,,,,,,,,,,None,None,,,,,,,,,,,,,,,,,,,,,,,,,,,,,,,,,,,,
2,EUW1_5973004466,TFT7_Augment_BandOfThieves1,TFT6_Augment_CyberneticUplink1,TFT6_Augment_CyberneticUplink3,,,,,2.0,,1.0,,1.0,1.0,,,,,,0.0,,2.0,,,1.0,,,,,1.0,0.0,0.0,1.0,,,,,,,,,,,,,,,,,,,,,,,,,,,,2.0,LastWhisper,RunaansHurricane,HextechGunblade,,,,,,,,,2.0,GargoyleStoneplate,GargoyleStoneplate,ShimmerscaleDiamondHands,,,,,,,,,,,,,,,,,,,,,,,,,,,,,,,,,2.0,Zephyr,,,,,,,,,,,,,,,,,,,,,,,2.0,ThiefsGloves,RecurveBow,RunaansHurricane,,,,,,,,,,,,,,,,,,,,,,,,,,,,,,,,,,,,,,,,,,,,,,,,,,,,,,,,,,,,,3.0,SpearOfShojin,StatikkShiv,JeweledGauntlet,,,,,,,,,,,,,,,,,,,,,,,,,1.0,LocketOfTheIronSolari,,,4.0,TrainerSnax,None,None,2.0,ThiefsGloves,ZekesHerald,RapidFireCannon,,,,,,,,,,,,,,,,,,,,,,,,,,,,,,,,
3,EUW1_5973004466,TFT6_Augment_Weakspot,TFT6_Augment_Meditation1,TFT6_Augment_Meditation3,0.0,0.0,1.0,0.0,,,,,0.0,,2.0,0.0,,2.0,,2.0,,,,,0.0,1.0,1.0,,,1.0,,1.0,,,,,,,,,,,,,,,,,,,,,2.0,,,,,,,,,,,,,,,,,,,,,,,,,,,,,,,,,,,,,,,,,,,,,,,,2.0,PowerGauntlet,ChainVest,,,,,,,,,,,,,,,,,,,,,,,,,,,,,,2.0,LocketOfTheIronSolari,ArchangelsStaff,SpearOfShojin,3.0,,,,,,,,,,,,,,,,,,,,,,,,2.0,MadredsBloodrazor,Shroud,FrozenHeart,,,,,2.0,,,,,,,,,,,,,,,,,,,,,,,,,,,,,,,,2.0,,,,,,,,2.0,WarmogsArmor,BrambleVest,RedBuff,,,,,,,,,,,,,,,,,4.0,TrainerSnax,None,None,,,,,,,,,,,,,,,,,,,,,,,,,,,,,,,,,2.0,,,
6,EUW1_5973004466,TFT6_Augment_ThrillOfTheHunt1,TFT6_Augment_PandorasItems,TFT7_Augment_ShapeshifterTrait2,,0.0,,,,,1.0,0.0,,,,2.0,,,,0.0,0.0,,,3.0,,,1.0,,,,,0.0,,,,,,,,,,,,,,,,,,,,,,,,,,,,,,,,,,,,,,,,,,,,,1.0,RapidFireCannon,UnstableConcoction,,,,,,1.0,,,,,,,,2.0,,,,,,,,,,,,,,,,,,,,,,,,,,,,,,,,,,,,,,,,,,,,,,,,2.0,RedBuff,Morellonomicon,,3.0,UnstableConcoction,InfinityEdge,GuinsoosRageblade,,,,,,,,,,,,,,,,,,,,,,,,,,,,,,,,,,,,,,,,,,,,,,,,,,,,,1.0,PowerGauntlet,,,1.0,,,,,,,,,,,,,,,,,,,,,,,,,,None,None,,,,,,,,,,,,,,,,,,,,,,,,,,,,,,,,,,,,
6,EUW1_5971002199,TFT6_Augment_LudensEcho1,TFT6_Augment_ItemGrabBag1,TFT6_Augment_ItemGrabBag2,,0.0,1.0,1.0,,,,,,,2.0,0.0,0.0,2.0,,1.0,,,,,0.0,1.0,1.0,,0.0,,,0.0,,,,,,,,,,,,,,,,,,,,,2.0,NeedlesslyLargeRod,MageEmblemItem,,,,,,,,,,,,,,,,,,,,,,,,,,,,,,,,,,,,,,,,,,,,,,,,,,,,,,,,,,,,,,,,,,,,,,,,,,,,,,,,,,3.0,PowerGauntlet,Chalice,,,,,,,,,,,,,,,,,,1.0,,,,,,,,,,,,3.0,MadredsBloodrazor,ArchangelsStaff,SpearOfShojin,,,,,,,,,,,,,,,,,,,,,,,,,,,,,1.0,,,,,,,,2.0,TitansResolve,WarmogsArmor,DragonsClaw,,,,,,,,,,,,,,,,,,,None,None,,,,,,,,,,,,,,,,,,,,,,,,,,,,,,,,,1.0,StatikkShiv,,
8,EUW1_5971002199,TFT6_Augment_CyberneticImplants1,TFT6_Augment_CyberneticShell1,TFT6_Augment_Diversify3,,,1.0,,1.0,,1.0,,0.0,1.0,1.0,,,,,1.0,,0.0,,,1.0,,,,,1.0,,0.0,,,,,,,,,,,,,,,,,,,,,1.0,NegatronCloak,,,,,,,1.0,InfinityEdge,GuinsoosRageblade,Bloodthirster,,,,,,,,,2.0,WarmogsArmor,,,,,,,,,,,,,,,,,,,,,,,,,,,,,,,,,,,,,,,,,,,,,,,,,,,,,,,,,,,2.0,,,,,,,,,,,,,,,,,,,,,,,,,,,,,,,,,,,,,,,,,,,,,,,,,,,,,,,,,,,,,,,,,,,,,,,,,,,,,,,,,,,,,,,,,,,,2.0,,,,3.0,TrainerSnax,None,None,2.0,NeedlesslyLargeRod,ShimmerscaleGoldmancersStaff,,,,,,,,,,,,,,,,,,,,,,,,,,,,,,,,,
4,EUW1_5971002199,TFT6_Augment_Twins1,TFT7_Augment_BestFriends1,TFT7_Augment_BestFriends3,,0.0,,,,,1.0,0.0,,,,0.0,,,,,1.0,,,3.0,,,,,,,,0.0,,,,,,,,,,,,,,,,,,,,,,,,,,,,,,,,,,,,,,,,,,,,,,,,,,,,,2.0,,,,,,,,2.0,GiantsBelt,,,,,,,,,,,,,,,,,,,,,,,,,,,,,,,,,,,,,,,,,,,,,,,2.0,WarmogsArmor,RedBuff,,3.0,GuinsoosRageblade,Deathblade,Quicksilver,,,,,,,,,,,,,,,,,,,,,,,,,,,,,,,,,,,,,,,,,1.0,Redemption,MadredsBloodrazor,DragonsClaw,,,,,,,,,,,,,1.0,,,,,,,,,,,,,,,,,,,,,,,,,,None,None,,,,,,,,,,,,,,,,,,,,,,,,,,,,,,,,,,,,
5,EUW1_5971002199,TFT7_Augment_BruiserTrait,TFT6_Augment_Recombobulator,TFT7_Augment_SwiftshotEmblem2,1.0,,,1.0,,1.0,,,,,3.0,,0.0,,,,1.0,,,,,,,1.0,1.0,,0.0,,,,,,,,,,,,,,,,,,,,,,,,,,,,,,,,,,,,,,,,,,,,,,,,,,,,,,,,,,,,,,,,,,2.0,RedBuff,IonicSpark,Redemption,,,,,,,,,,,,,,,,,,,,,,,,,,,,,,,,,,,,,,,,,,,,,,,,,,,,,,,,,2.0,ThiefsGloves,InfinityEdge,Bloodthirster,,,,,2.0,TearOfTheGoddess,,,,,,,2.0,,,,,,,,,,,,2.0,,,,,,,,,,,,,,,,,,,,,,,,,,,,,,,,2.0,SwiftshotEmblemItem,GuinsoosRageblade,UnstableConcoction,,,,,,,,,,,None,None,,,,,2.0,HextechGunblade,,,,,,,,,,,,,,,2.0,Quicksilver,GuinsoosRageblade,MadredsBloodrazor,,,,,,,,,,,,
7,EUW1_5971002199,TFT6_Augment_SecondWind1,TFT6_Augment_Diversify1,TFT7_Augment_UrfsGrabBag2,1.0,,,1.0,,,1.0,,,0.0,,,,0.0,,,0.0,,0.0,0.0,,,,,,,0.0,3.0,,,,,,,,,,,,,,,,,,,,,,,,,,,,,,,,,2.0,TitansResolve,ZekesHerald,,,,,,,,,,,,,,1.0,InfinityEdge,AssassinEmblemItem,Bloodthirster,2.0,InfinityEdge,JeweledGauntlet,ArchangelsStaff,,,,,,,,,,,,,,,,,,,,,,,,,,,,,,,,,,,,,,,,,,,,,,,,,,,,,,,,,,,,,,,,,,,,,,,,,,,,,,,,,,,,,,,,,,,,,,,,,2.0,,,,,,,,,,,,,,,,,,,,,,,,2.0,ChainVest,,,,,,,,,,,,,,,2.0,,,,,,None,None,,,,,,,,,,,,,,,,,,,,,,,,,,,,,,,,,,,,
1,EUW1_5971002199,TFT7_Augment_JadeEmblem,TFT6_Augment_FirstAidKit,TFT6_Augment_TheGoldenEgg,,,1.0,,,,1.0,1.0,0.0,,1.0,3.0,0.0,,,1.0,,,,0.0,,,1.0,0.0,0.0,,,,,,,,2.0,UnstableConcoction,JeweledGauntlet,SpearOfShojin,,,,,2.0,StatikkShiv,UnstableConcoction,,,,,,2.0,ThiefsGloves,Morellonomicon,GuardianAngel,,,,,,,,,,,,,,,,,,,,,2.0,OrnnInfinityForce,GuardianAngel,Bloodthirster,,,,,,,,,,,,,,,,,,,,,,,,,,,,,,,,,1.0,,,,,,,,2.0,JadeEmblemItem,BrambleVest,LastWhisper,,,,,,,,,,,,,,,,,2.0,OrnnAnimaVisage,OrnnZhonyasParadox,,,,,,,,,,,,,,,,,,,,,,,,,,,,,,,,,,,,,,,,,,,,,,,,,,,,,,,,,,2.0,,,,,,,,,,,,,,,,,,,,,,,,,,,,,,None,None,,,,,,,,,,,,,,,,,,,,,,,,,,,,,,,,,,,,
2,EUW1_5971002199,TFT6_Augment_Electrocharge1,TFT6_Augment_Distancing,TFT7_Augment_UrfsGrabBag2,1.0,1.0,1.0,1.0,,0.0,,,,0.0,4.0,,0.0,0.0,,1.0,,,,,,,,1.0,1.0,,,,,,,,,,,,,,,,,,,,,,,,1.0,GuardianEmblemItem,,,,,,,,,,,,,,,,,,,,,,,,,,,,,,,,,,,,,,,,,,,,,,,,,,,3.0,TitanicHydra,Shroud,GiantsBelt,,,,,,,,,,,,,,,,,,,,,,,,,,,,,3.0,,,,,,,,,,,,,,,,,,,,2.0,Morellonomicon,,,,,,,2.0,FrozenHeart,,,,,,,2.0,ForceOfNature,,,,,,,,,,,,,,,,,,,,,,,,,,,,,,,,,,,,,,,,,,,1.0,Quicksilver,InfinityEdge,FrozenHeart,,,,,,,,,,,None,None,,,,,2.0,,,,3.0,GuinsoosRageblade,Deathblade,RunaansHurricane,,,,,,,,,,,,,,,,,,,,,,,,
3,EUW1_5971002199,TFT6_Augment_Distancing,TFT6_Augment_LudensEcho1,TFT6_Augment_CelestialBlessing3,,,1.0,1.0,1.0,,1.0,,1.0,,1.0,,,0.0,,1.0,,1.0,,,,,,,,1.0,,2.0,,,,,,,,,,,,,,,,,,,,,1.0,Zephyr,,,,,,,2.0,InfinityEdge,SeraphsEmbrace,RunaansHurricane,,,,,,,,,,,,,,,,,2.0,Quicksilver,RedBuff,IonicSpark,,,,,,,,,,,,,,,,,,,,,,,,,,,,,,,,,,,,,,,,,,,,,,,,,2.0,TearOfTheGoddess,,,,,,,,,,,,,,,,,,,,,,,,,,,,,,,,,,,,,,,,,,,,,,,,,,,,,,,,,,,,,,,2.0,,,,,,,,,,,,2.0,TitanicHydra,,,,,,,,,,,,,,,,,,,1.0,TrainerSnax,None,None,1.0,,,,,,,,,,,,,,,,,,,,,,,,,,,,,,,,,,,
5,EUW1_5971007710,TFT7_Augment_RevelPartyTime,TFT6_Augment_CelestialBlessing1,TFT6_Augment_ComponentGrabBag,,,,1.0,1.0,,1.0,,1.0,,,,,0.0,,0.0,,1.0,,,,,,,,1.0,,2.0,,,,,,,,,,,,,,,,,,,,,,,,,,,,,2.0,Quicksilver,LastWhisper,MadredsBloodrazor,,,,,,,,,,,,,,,,,2.0,FrozenHeart,RedBuff,UnstableConcoction,,,,,,,,,,,,,,,,,,,,,,,,,,,,,,,,,,,,,,,,,,,,,,,,,1.0,,,,,,,,,,,,,,,,,,,,,,,,,,,,,,,,,,,,,,,,,,,,,,,,,,,,,,,,,,,,,,,,1.0,GuinsoosRageblade,,,,,,,,,,,2.0,ChainVest,,,,,,,,,,,,,,,,,,,1.0,TrainerSnax,None,None,1.0,RunaansHurricane,,,,,,,,,,,,,,,,,,,,,,,,,,,,,,,,,,
2,EUW1_5971007710,TFT6_Augment_PortableForge,TFT6_Augment_FirstAidKit,TFT6_Augment_SecondWind2,,1.0,,1.0,,,,,0.0,,1.0,,,2.0,,1.0,,,,,,,,,,1.0,,0.0,,,,,,,,,,,,,,,,,,,,,,,,,,,,,,,,,,,,,,,,,,,,,,,,,,,,,,,,,,,,,,,,,,,,,1.0,,,,3.0,BrambleVest,DragonsClaw,Zephyr,,,,,,,,,,,,,,,,,,,,,,,,,2.0,,,,3.0,NeedlesslyLargeRod,PowerGauntlet,,,,,,,,,,,,,,,,,,,,,,,,,,,,,,3.0,ArchangelsStaff,OrnnTheCollector,ArchangelsStaff,,,,,,,,,,,,,,,,,,,,,,,,,,,,,,,,,,,,,2.0,ThiefsGloves,JeweledGauntlet,SeraphsEmbrace,,,,,,,,,,,,,,,,,2.0,TrainerSnax,None,None,,,,,,,,,,,,,2.0,,,,,,,,,,,,,,,,,,,,,,,
7,EUW1_5971007710,TFT6_Augment_ClearMind,TFT6_Augment_Diversify1,TFT7_Augment_UrfsGrabBag1,2.0,,,2.0,,,,,,,1.0,,0.0,0.0,,,0.0,,1.0,,,,,,1.0,,1.0,0.0,,,,,,,,,,,,,,,,,,,,,,,,,,,,,,,,,2.0,IonicSpark,FrozenHeart,MadredsBloodrazor,,,,,,,,,,,,,,,,,,,,,,,,,,,,,,,,,,,,,,,,,,,,,,,,,,,,,,,,,,,,,,,,,,,,,,,,,,,,,,,,,,,,,2.0,AssassinEmblemItem,InfinityEdge,RapidFireCannon,2.0,,,,,,,,2.0,,,,,,,,,,,,,,,,,,,,1.0,,,,,,,,,,,,,,,,,,,,,,,,2.0,,,,,,,,2.0,GuardianAngel,StatikkShiv,,,,,,,,,,,,None,None,,,,,,,,,,,,,,,,,,,,,,,,,,,,,,,,,,,,
8,EUW1_5971007710,TFT7_Augment_RevelPartyTime,TFT6_Augment_ThrillOfTheHunt1,TFT6_Augment_ComponentGrabBag,,,1.0,1.0,2.0,,,,1.0,,1.0,,0.0,,,1.0,,3.0,,,,,,,0.0,1.0,,,,,,,,,,,,,,,,,,,,,,,1.0,,,,,,,,2.0,Quicksilver,GuinsoosRageblade,Deathblade,,,,,,,,,,,,,,,,,,,,,,,,,,,,,,,,,,,,,,,,,,,,,2.0,,,,,,,,,,,,,,,,,,,,,,,,2.0,,,,,,,,,,,,,,,,,,,,,,,,1.0,FrozenHeart,IonicSpark,,,,,,,,,,,,,,,,,,,,,,,,,,,,,,,,,,,,,,2.0,Morellonomicon,SpearOfShojin,HextechGunblade,,,,,,,,,,,,,2.0,,,,,,,,,,,,,,,,2.0,TrainerSnax,None,None,1.0,,,,,,,,,,,,,,,,,,,,,,,,,,,,,,,,,,,
4,EUW1_5971007710,TFT6_Augment_TrueTwos,TFT7_Augment_CavalierTrait,TFT6_Augment_Ascension,,0.0,,0.0,,3.0,,,0.0,,2.0,,,2.0,,1.0,0.0,,0.0,,,,,,,1.0,,0.0,,,,,,,,,,,,,,,,,,,,,,,,,,,,,,,,,,,,,,,,,,,,,,,,,,,,,,,,,,,,,,,,,2.0,DragonsClaw,,,2.0,,,,,,,,,,,,,,,,,,,,,,,,,,,,3.0,Bloodthirster,SeraphsEmbrace,MadredsBloodrazor,2.0,,,,2.0,,,,,,,,,,,,,,,,,,,,,,,,,,,,,,,,2.0,JeweledGauntlet,ArchangelsStaff,,2.0,Zephyr,,,,,,,,,,,,,,,,,,,,,,,,,,,,,,,,,,,2.0,ThiefsGloves,GuinsoosRageblade,Quicksilver,,,,,,,,,,,,,,,,,2.0,TrainerSnax,None,None,,,,,,,,,,,,,,,,,,,,,,,,,,,,,,,,,,,,
1,EUW1_5971007710,TFT6_Augment_CyberneticImplants2,TFT6_Augment_ItemGrabBag1,TFT6_Augment_CelestialBlessing2,0.0,0.0,,0.0,,,1.0,,,1.0,,1.0,,,,,,,,2.0,,,,,,,,3.0,,,,,,,,,,,,,,,,,,,,,,,,,,,,,,,,,,,,,,,,,,,,,,,,,2.0,RedBuff,TitansResolve,HextechGunblade,2.0,NeedlesslyLargeRod,Zephyr,,,,,,2.0,IonicSpark,,,,,,,,,,,,,,,,,,,,,,,,,,,,,,,,,,,,,,,,,,,,,,,1.0,GuardianEmblemItem,WarmogsArmor,,3.0,UnstableConcoction,Quicksilver,Deathblade,,,,,,,,,,,,,1.0,JadeEmblemItem,FrozenHeart,,,,,,,,,,,,,,,,,,,,,,,,,,,,,,,,,,,,,,,,,,,,,,,,,,,,,,,,,,,,,,2.0,,,,,,None,None,,,,,,,,,,,,,,,,,,,,,,,,,,,,,,,,,,,,
3,EUW1_5971007710,TFT6_Augment_SecondWind2,TFT6_Augment_ItemGrabBag1,TFT6_Augment_CyberneticUplink2,,,1.0,0.0,,0.0,1.0,0.0,,,1.0,0.0,,,,0.0,2.0,,,2.0,,,,,,,0.0,,,,,,,,,,,,,,,,,,,,,,2.0,,,,,,,,,,,,,,,,,,,,,,,,,,,,,,,,,,,,,,,,2.0,LocketOfTheIronSolari,ZekesHerald,Chalice,2.0,ArchangelsStaff,,,,,,,,,,,,,,,,,,,,,,,,,,,,,,,,,,,,,,,,,,,2.0,IonicSpark,BrambleVest,RedBuff,,,,,,,,,,,,,,,,,,,,,,,,,,,,,,,,,,,,,,,,,1.0,,,,2.0,ArchangelsStaff,Quicksilver,UnstableConcoction,,,,,,,,,,,,,2.0,,,,,,,,,,,,,,,,,,,,,,,,,,None,None,,,,,,,,,,,,,,,,,,,,,,,,,,,,,,,,,,,,
6,EUW1_5971007710,TFT6_Augment_Twins2,TFT6_Augment_SecondWind1,TFT6_Augment_ThrillOfTheHunt2,,,,,1.0,,1.0,,0.0,1.0,,,,,,0.0,,0.0,0.0,,1.0,,,,,1.0,,,,,,,,,,,,,,,,,,,,,,,,,,,2.0,,,,,,,,,,,,,,,,2.0,ShimmerscaleDiamondHands,WarmogsArmor,WarmogsArmor,,,,,,,,,,,,,,,,,,,,,,,,,,,,,,,,,2.0,,,,,,,,,,,,,,,,,,,,,,,,2.0,StatikkShiv,Quicksilver,,,,,,,,,,,,,,,,,,,,,,,,,,,,,,,,,,,,,,,,,,,,,,,,,,,,,,,,,,,,,,,,,,,,,,,,,,,,,,,,,,,,,,,,,,,,,,3.0,TrainerSnax,None,None,2.0,MadredsBloodrazor,Deathblade,GuinsoosRageblade,,,,,,,,,,,,,,,,,,,,,,,,,,,,,,,,
5,EUW1_5971265084,TFT6_Augment_PortableForge,TFT7_Augment_ThinkFast,TFT6_Augment_CelestialBlessing2,0.0,0.0,,2.0,,,1.0,,,,2.0,,0.0,0.0,,,,,,,,,,0.0,0.0,,,2.0,,,,,,,,,,,,,,,,,,,,,,,,,,,,,,,,,,,,,,,,,,,,,,,,,2.0,FrozenHeart,WarmogsArmor,OrnnEternalWinter,,,,,,,,,,,,,,,,,,,,,1.0,TitanicHydra,Shroud,,,,,,,,,,,,,,,,,,,,,,,,,,,,,,,,,,,,,,,,,,,,,,,,,,1.0,GuardianAngel,,,,,,,,,,,,,,,,,,,,,,,,,,,,,,,,,,,,,,,,,,,,,,,,,,,2.0,,,,,,,,1.0,,,,,,,,,,,,,,None,None,,,,,2.0,,,,,,,,,,,,,,,,,,,,,,,,,,,,,,,
1,EUW1_5971265084,TFT7_Augment_RevelPartyTime,TFT6_Augment_Diversify3,TFT6_Augment_ComponentGrabBag,,,1.0,,3.0,,1.0,0.0,1.0,1.0,1.0,,,,0.0,1.0,,1.0,,,1.0,,,,,1.0,0.0,0.0,,,,,,,,,,,,,,,,,,,,,2.0,CannoneerEmblemItem,,,,,,,2.0,Quicksilver,UnstableConcoction,GuinsoosRageblade,,,,,,,,,2.0,WarmogsArmor,WarmogsArmor,GargoyleStoneplate,,,,,,,,,,,,,,,,,,,,,,,,,,,,,,,,,,,,,,,,,,,,,,,,,,,,,,,,,2.0,,,,,,,,,,,,,,,,,,,,,,,,,,,,,,,,,,,,,,,,,,,,,,,,,,,,,,,,,,,,,,,,2.0,ThiefsGloves,,,,,,,,,,,,,,,,,,,,,,,,,,,2.0,TitanicHydra,,,3.0,TrainerSnax,None,None,1.0,NeedlesslyLargeRod,HextechGunblade,,,,,,,,,,,,,,,,,,,,,,1.0,ZekesHerald,ShimmerscaleHeartOfGold,CannoneerEmblemItem,,,,,,,,
2,EUW1_5971265084,TFT7_Augment_CannoneerHotShot,TFT7_Augment_ThinkFast,TFT7_Augment_RevelPartyTime,,,1.0,,2.0,,1.0,,1.0,1.0,1.0,,,,,1.0,,2.0,,,1.0,,,,,1.0,,0.0,,,,,,,,,,,,,,,,,,,,,2.0,SeraphsEmbrace,,,,,,,2.0,GuardianAngel,GuinsoosRageblade,MadredsBloodrazor,,,,,,,,,2.0,Redemption,GargoyleStoneplate,BrambleVest,,,,,,,,,,,,,,,,,,,,,,,,,,,,,,,,,2.0,,,,,,,,,,,,,,,,,,,,,,,,2.0,LocketOfTheIronSolari,ShimmerscaleHeartOfGold,,,,,,,,,,,,,,,,,,,,,,,,,,,,,,,,,,,,,,,,,,,,,,,,,,,,,,,,,,,,,,2.0,UnstableConcoction,UnstableConcoction,,,,,,,,,,,,,,,,,,,,,,,,,,1.0,RedBuff,,,4.0,TrainerSnax,None,None,2.0,,,,,,,,,,,,,,,,,,,,,,,,,,,,,,,,,,,
4,EUW1_5971265084,TFT6_Augment_TriForce2,TFT6_Augment_RadiantRelics,TFT6_Augment_ComponentGrabBag,,1.0,,1.0,,,,,0.0,,1.0,,,2.0,,1.0,,,,,,,,,,1.0,,0.0,,,,,,,,,,,,,,,,,,,,,,,,,,,,,,,,,,,,,,,,,,,,,,,,,,,,,,,,,,,,,,,,,,,,,2.0,GuardianAngel,,,3.0,ThiefsGloves,RecurveBow,TitanicHydra,,,,,,,,,,,,,,,,,,,,,,,,,2.0,,,,3.0,Quicksilver,GuinsoosRageblade,,,,,,,,,,,,,,,,,,,,,,,,,,,,,,2.0,HextechGunblade,ArchangelsStaff,ArchangelsStaffRadiant,,,,,,,,,,,,,,,,,,,,,,,,,,,,,,,,,,,,,2.0,WarmogsArmor,GargoyleStoneplate,DragonsClaw,,,,,,,,,,,,,,,,,2.0,TrainerSnax,None,None,,,,,,,,,,,,,2.0,LocketOfTheIronSolari,,,,,,,,,,,,,,,,,,,,,,
7,EUW1_5971265084,TFT6_Augment_CelestialBlessing2,TFT6_Augment_CelestialBlessing3,TFT6_Augment_TargetDummies,,1.0,,1.0,,,,,0.0,,1.0,,,2.0,,1.0,,,,,,,,,,1.0,,0.0,,,,,,,,,,,,,,,,,,,,,,,,,,,,,,,,,,,,,,,,,,,,,,,,,,,,,,,,,,,,,,,,,,,,,2.0,,,,2.0,,,,,,,,,,,,,,,,,,,,,,,,,,,,2.0,,,,2.0,,,,,,,,,,,,,,,,,,,,,,,,,,,,,,,,2.0,RabadonsDeathcap,ArchangelsStaff,,,,,,,,,,,,,,,,,,,,,,,,,,,,,,,,,,,,,,2.0,RedBuff,GargoyleStoneplate,GiantsBelt,,,,,,,,,,,,,,,,,1.0,TrainerSnax,None,None,,,,,,,,,,,,,2.0,,,,,,,,,,,,,,,,,,,,,,,
6,EUW1_5971265084,TFT7_Augment_FirstAidKit2,TFT6_Augment_CelestialBlessing3,TFT7_Augment_AstralIntercosmicGifts,0.0,1.0,,1.0,,,,,,,1.0,,0.0,0.0,,0.0,0.0,,,,,,,1.0,1.0,,,,,,,,,,,,,,,,,,,,,,,,,,,,,,,,,,,,,,,,,,,,,,,,,,,,,,,,,,,,,,,,,,,,,,,,,,,,2.0,GargoyleStoneplate,,,,,,,,,,,,,,,,,,,,,,,,,,,,,,,3.0,RabadonsDeathcap,,,,,,,,,,,,,,,,,,,1.0,,,,,,,,2.0,FrozenHeart,,,,,,,,,,,,,,,,,,,,,,,,,,,,,,,,,,,,,,,,,,,,,,,,,,,,,,,,,,,,,,,,,None,None,,,,,2.0,,,,2.0,GuinsoosRageblade,Deathblade,RunaansHurricane,,,,,,,,,2.0,UnstableConcoction,GuinsoosRageblade,,,,,,,,,,,,,
8,EUW1_5971265084,TFT6_Augment_Distancing2,TFT7_Augment_ThinkFast,TFT6_Augment_ComponentGrabBag,2.0,,,1.0,,,1.0,,,,1.0,,0.0,,,,,,0.0,,,,,,1.0,,,2.0,,,,,,,,,,,,,,,,,,,,,,,,,,,,,,,,,2.0,TearOfTheGoddess,,,,,,,,,,,,,,,1.0,,,,,,,,,,,,,,,,,,,,,,,,,,,,,,,,,,,,,,,,,,,,,,,,,,,,,,,,,,,,,,,,,,,,,,,,,,,,1.0,Morellonomicon,GargoyleStoneplate,,1.0,HextechGunblade,,,2.0,,,,,,,,,,,,,,,,,,,,,,,,,,,,,,,,,,,,,,,,,,,,,,,,,,,,2.0,InfinityEdge,GuinsoosRageblade,Quicksilver,,,,,,,,,,,None,None,,,,,,,,,,,,,,,,,,,,,,,,,,,,,,,,,,,,
3,EUW1_5971265084,TFT6_Augment_CyberneticShell2,TFT6_Augment_BandOfThieves2,TFT6_Augment_FuturePeepers,1.0,,1.0,1.0,0.0,,1.0,,1.0,,2.0,,0.0,,,1.0,,0.0,,,,,,,1.0,1.0,,2.0,,,,,,,,,,,,,,,,,,,,,1.0,TempestEmblemItem,,,,,,,,,,,,,,,,,,,,,,,,,,,2.0,TitansResolve,Quicksilver,Bloodthirster,,,,,,,,,,,,,,,,,,,,,,,,,,,,,,,,,,,,,,,,,,,,,,,,,2.0,Zephyr,,,,,,,,,,,,,,,,,,,,,,,2.0,Redemption,RedBuff,Shroud,2.0,ThiefsGloves,Chalice,RabadonsDeathcap,,,,,,,,,,,,,,,,,,,,,,,,,,,,,,,,,2.0,NegatronCloak,RunaansHurricane,,,,,,,,,,,,,,,,,,2.0,ThiefsGloves,SeraphsEmbrace,Morellonomicon,,,,,,,,,4.0,TrainerSnax,None,None,2.0,ThiefsGloves,Zephyr,GuardianAngel,,,,,,,,,,,,,,,,,,,,,,,,,,,,,,,,
4,EUW1_5970925318,TFT6_Augment_TomeOfTraits1,TFT7_Augment_MikaelsGift,TFT7_Augment_AssassinCutthroat,2.0,,,2.0,,,,0.0,,,,,0.0,0.0,1.0,,0.0,,1.0,,,,,,1.0,,2.0,0.0,,,,,,,,,,,,,,,,,,,,,,,,,,,,,,,,,3.0,LocketOfTheIronSolari,RedBuff,LocketOfTheIronSolari,,,,,,,,,,,,,,,,,,,,,,,,,,,,,,,,,,,,,,,,,,,,,,,,,,,,,,,,,,,,,,,,,,,,,,,,,,,,,,,,,,,,,3.0,GuinsoosRageblade,AssassinEmblemItem,Deathblade,2.0,,,,,,,,2.0,,,,,,,,,,,,,,,,,,,,2.0,,,,,,,,,,,,,,,,,,,,,,,,2.0,Zephyr,HextechGunblade,,,,,,,,,,,,,,,,,,,,None,None,,,,,,,,,,,,,,,,,,,,,,,,,1.0,AssassinEmblemItem,GargoyleStoneplate,Redemption,1.0,,,,,,,
5,EUW1_5970925318,TFT7_Augment_EvokerEmblem,TFT7_Augment_UrfsGrabBag1,TFT7_Augment_MageEmblem,,0.0,,1.0,,,1.0,,1.0,,,,,2.0,,1.0,,,,,0.0,1.0,,,1.0,1.0,,0.0,,,,,,,,,1.0,MageEmblemItem,SpearOfShojin,JeweledGauntlet,,,,,,,,,,,,,,,,,,,,,,,,,,,,,,,,,,,,,,,,,,,,,,,,,,,,,,,,,2.0,,,,2.0,GargoyleStoneplate,TitanicHydra,MageEmblemItem,,,,,,,,,,,,,,,,,,,,,,,,,1.0,,,,3.0,EvokerEmblemItem,,,,,,,,,,,,,,,,,,,,,,,,,,,,,,,,,,,,,,,,,,,,,,,,,,,,,,,,,,,,,,,,,,,,,,,1.0,DragonsClaw,WarmogsArmor,TitanicHydra,,,,,,,,,,,,,,,,,2.0,TrainerSnax,None,None,,,,,,,,,,,,,,,,,,,,,,,,,,,,,,,,,1.0,Bloodthirster,EvokerEmblemItem,
6,EUW1_5970925318,TFT7_Augment_AssassinEmblem,TFT7_Augment_BigFriend2,TFT6_Augment_ThrillOfTheHunt2,2.0,,,1.0,,,1.0,,,0.0,,,0.0,0.0,,,0.0,,0.0,,0.0,,,,1.0,,,2.0,,,,,,,,,,,,,,,,,,,,,,,,,,,,,,,,,1.0,IonicSpark,PowerGauntlet,,,,,,,,,,,,,,2.0,InfinityEdge,UnstableConcoction,AssassinEmblemItem,,,,,,,,,,,,,,,,,,,,,,,,,,,,,,,,,2.0,,,,,,,,,,,,,,,,,,,,,,,,,,,,,,,,,,,,,,,,2.0,RedBuff,WarmogsArmor,BrambleVest,,,,,2.0,,,,,,,,,,,,,,,,,,,,,,,,,,,,,,,,,,,,,,,,,,,,2.0,,,,,,,,,,,,,,,,2.0,,,,,,None,None,,,,,,,,,,,,,,,,,,,,,,,,,,,,,,,,,,,,
7,EUW1_5970925318,TFT7_Augment_UrfsGrabBag1,TFT6_Augment_Twins2,TFT7_Augment_DragonHorde,1.0,,,,,0.0,2.0,,,1.0,1.0,,,,3.0,,,,,,1.0,,,,,,,0.0,,,,,,,,,,,,,,,,,,,,,,,,,,,,,,,,,,,,,1.0,HextechGunblade,GuinsoosRageblade,ArchangelsStaff,2.0,RedBuff,GargoyleStoneplate,,,,,,,,,,,,,,,,,,,,,,,,,,,,,,,,,,,,,,,,,,,,,,,,,,2.0,,,,,,,,,,,,,,,,,,,,,,,,2.0,ShimmerscaleHeartOfGold,,,,,,,,,,,1.0,,,,,,,,,,,,,,,,,,,,,,,,,,,,,,,,,,,,,,,,,,,,,,,,,,,,,,,,1.0,MirageEmblemItem,Deathblade,HextechGunblade,,,,,,,,,,,None,None,,,,,,,,,,,,,,,,,,,,,,,,,,,,,,,,,,,,
8,EUW1_5970925318,TFT6_Augment_TrueTwos,TFT7_Augment_SwiftshotEmblem,TFT6_Augment_PortableForge,,1.0,1.0,1.0,,,,,0.0,,2.0,,,1.0,,2.0,,,,,,,,1.0,,0.0,,0.0,,,,,,,,,,,,,,,,,,,,,1.0,Deathblade,RunaansHurricane,,,,,,,,,,,,,,,,,,,,,,,,,,,,,,,,,,,,,,,,,,,,,,,,,,3.0,,,,,,,,,,,,,,,,,,,,,,,,,,,,2.0,,,,3.0,SpearOfShojin,OrnnMuramana,ArchangelsStaff,,,,,,,,,,,,,,,,,,,,,,,,,,,,,2.0,SwiftshotEmblemItem,,,,,,,,,,,,,,,,,,,,,,,,,,,,,,,,,,,,,,,2.0,ChainVest,,,,,,,,,,,,,,,,,,,,,None,None,,,,,,,,,3.0,GuinsoosRageblade,RunaansHurricane,,,,,,,,,,,,,,,,,,,,,,,,,
3,EUW1_5970925318,TFT6_Augment_CalculatedLoss,TFT6_Augment_TradeSectorPlus,TFT6_Augment_JeweledLotus,0.0,,1.0,,,,1.0,,,,3.0,2.0,,,,1.0,,,,1.0,,,1.0,0.0,,,,,,,,,,,,,,,,,,,,,,,,,2.0,,,,,,,,,,,,,,,,,,,,,,,,2.0,Quicksilver,TitansResolve,Bloodthirster,,,,,,,,,,,,,1.0,TitansResolve,,,,,,,,,,,,,,,,,,,,,,,,,,,,,,,,,,,,,,,,,,,,,,,2.0,RedBuff,Redemption,DragonsClaw,,,,,,,,,,,,,,,,,,,,,,,,,,,,,,,,,,,,,,,,,,,,,,,,,,,,,,,,,2.0,ArchangelsStaff,,,,,,,,,,,,,,,2.0,FrozenHeart,Bloodthirster,TitansResolve,,,,,,,,,,,None,None,,,,,1.0,,,,,,,,,,,,,,,,,,,,,,,,,,,,,,,
2,EUW1_5970925318,TFT7_Augment_EvokerEmblem,TFT6_Augment_JeweledLotus,TFT7_Augment_MikaelsGift,,,1.0,1.0,,,1.0,,2.0,,1.0,0.0,0.0,0.0,,1.0,,0.0,,,,,,,2.0,1.0,,0.0,,,,,2.0,Chalice,LocketOfTheIronSolari,Chalice,2.0,EvokerEmblemItem,ArchangelsStaff,HextechGunblade,,,,,,,,,1.0,,,,,,,,,,,,,,,,,,,,,,,,,,,,,,,,,,,,,,,,,,,,,,,,2.0,Shroud,,,,,,,,,,,,,,,,,,,,,,,,,,,,,,,2.0,Shroud,,,,,,,,,,,,,,,,,,,,,,,1.0,ThiefsGloves,DragonsClaw,Deathblade,,,,,,,,,,,,,,,,,,,,,,,,,,,,,,,,,,,,,1.0,SpearOfShojin,ZekesHerald,,,,,,,,,,2.0,TitanicHydra,Shroud,,,,,,,,,,,,,,,,,,4.0,TrainerSnax,None,None,,,,,,,,,,,,,,,,,,,,,,,,,,,,,,,,,,,,
1,EUW1_5970925318,TFT7_Augment_MikaelsGift,TFT6_Augment_Ascension,TFT6_Augment_Diversify2,0.0,,1.0,,1.0,,1.0,,1.0,1.0,1.0,,,,,1.0,,1.0,,,1.0,,,,,1.0,,1.0,,,,,,,,,,,,,,,,,,,,,2.0,LocketOfTheIronSolari,LocketOfTheIronSolari,,,,,,2.0,UnstableConcoction,GuardianAngel,GuinsoosRageblade,,,,,,,,,2.0,RedBuff,GargoyleStoneplate,BrambleVest,,,,,,,,,,,,,,,,,,,,,,,,,,,,,,,,,,,,,,,,,,,,,,,,,,,,,,,,,2.0,,,,,,,,,,,,,,,,,,,,,,,,,,,,1.0,,,,,,,,,,,,,,,,,,,,,,,,,,,,,,,,,,,,2.0,ShimmerscaleHeartOfGold,Quicksilver,,,,,,,,,,,,,,,,,,,,,,,,,,2.0,RedBuff,,,4.0,TrainerSnax,None,None,2.0,Shroud,,,,,,,,,,,,,,,,,,,,,,,,,,,,,,,,,,
3,EUW1_5971322870,TFT7_Augment_AFK,TFT7_Augment_LastStand,TFT6_Augment_CelestialBlessing3,,,,2.0,,,1.0,,,0.0,,0.0,0.0,0.0,,,0.0,,,1.0,,,,,0.0,,0.0,3.0,,,,,,,,,,,,,,,,,,,,,,,,,,,,,,,,,,,,,,,,,,,,,,,,,2.0,MadredsBloodrazor,GuinsoosRageblade,Deathblade,2.0,JeweledGauntlet,InfinityEdge,MadredsBloodrazor,,,,,,,,,,,,,,,,,,,,,,,,,,,,,,,,,,,,,,,,,,,,,,,,,,,,,2.0,FrozenHeart,TitanicHydra,,,,,,,,,,,,,,2.0,,,,,,,,,,,,,,,,,,,,,,,,,,,,2.0,,,,,,,,,,,,,,,,,,,,,,,,2.0,RecurveBow,,,,,,,,,,,,,,,2.0,,,,,,None,None,,,,,,,,,,,,,,,,,,,,,,,,,,,,,,,,,,,,
2,EUW1_5971322870,TFT6_Augment_Twins1,TFT6_Augment_ComponentGrabBag,TFT6_Augment_RadiantRelics,,0.0,,1.0,,,,0.0,,,1.0,,0.0,,0.0,,,,,,,,,2.0,1.0,,0.0,,,,,,,,,,,,,,,,,,,,,,,,,,,,,,,,,,,,,,,,,,,,,,,,,,,,,,,,,,2.0,Zephyr,JeweledGauntlet,,,,,,,,,,,,,,3.0,GargoyleStoneplate,RedBuff,BrambleVestRadiant,,,,,,,,,,,,,,,,,,,,,,,,,,,,,,,,,,,,,,,,,,,,,,,,,1.0,,,,,,,,,,,,,,,,,,,,,,,,,,,,,,,,,,,,,,,,,,,,,,,,,,,,,,,,,,,,,,,,,,,,,,,,,,None,None,,,,,2.0,,,,3.0,MadredsBloodrazor,GuinsoosRageblade,RunaansHurricane,,,,,,,,,,,,,1.0,SwiftshotEmblemItem,,,,,,,,,,
5,EUW1_5971322870,TFT6_Augment_ItemGrabBag1,TFT6_Augment_RichGetRicherPlus,TFT6_Augment_WindfallPlusPlus,,,1.0,,0.0,,1.0,,0.0,,1.0,2.0,,,,2.0,,,,1.0,,,1.0,,,1.0,,,,,,,,,,,,,,,,,,,,,,,1.0,,,,,,,,,,,,,,,,,,,,,,,,2.0,Bloodthirster,GuinsoosRageblade,GuardianAngel,,,,,,,,,,,,,1.0,,,,,,,,,,,,,,,,,,,,,,,,,,,,,,,,,,,,,,,,2.0,Shroud,,,,,,,2.0,FrozenHeart,GargoyleStoneplate,GargoyleStoneplate,,,,,,,,,,,,,,,,,,,,,,,,,,,,,,,,,,,,,,,,,,,,,,,,,,,,,,,,,1.0,,,,,,,,,,,,,,,,,,,,,,,,,,,,1.0,TrainerSnax,None,None,1.0,,,,,,,,,,,,,,,,,,,,,,,,,,,,,,,,,,,
7,EUW1_5971322870,TFT6_Augment_SecondWind1,TFT6_Augment_CelestialBlessing2,TFT7_Augment_ThinkFast,,,,,,,,2.0,,,,1.0,,,,,1.0,,,1.0,,,,1.0,0.0,,,,,,,,,,,,,,,,2.0,,,,,,,,,,,,,,,,,,,,,,,,,,,,,,,,,,,,,,,,,,,,,,,,,,,,,,,,,,,,,,,,,,,,2.0,,,,,,,,2.0,,,,,,,,,,,,,,,,,,,,1.0,GiantsBelt,WarmogsArmor,WarmogsArmor,,,,,,,,,,,,,,,,,,,,,,,,,,,,,,,,,,,,,2.0,,,,,,,,,,,,,,,,,,,,,,,,2.0,GuinsoosRageblade,MadredsBloodrazor,UnstableConcoction,,,,,,,,,,,,,,,,,,,,,,,None,None,,,,,,,,,,,,,,,,,,,,,2.0,DragonmancerEmblemItem,InfinityEdge,,,,,,,,,,,,,
4,EUW1_5971322870,TFT6_Augment_ItemGrabBag1,TFT6_Augment_TargetDummies,TFT7_Augment_BestFriends3,,1.0,1.0,1.0,,,,,1.0,,2.0,,,2.0,,2.0,,,,,,,,,,1.0,,0.0,,,,,,,,,,,,,,,,,,,,,1.0,,,,,,,,,,,,,,,,,,,,,,,,,,,,,,,,,,,,,,,,,,,,,,,,2.0,,,,2.0,WarmogsArmor,RedBuff,DragonsClaw,,,,,,,,,,,,,,,,,,,,,,,,,2.0,,,,2.0,RapidFireCannon,InfinityEdge,EvokerEmblemItem,,,,,,,,,,,,,,,,,,,,,,,,,,,,,2.0,SpearOfShojin,ArchangelsStaff,HextechGunblade,,,,,,,,,,,,,,,,,,,,,,,,,,,,,,,,,,,,,2.0,,,,,,,,,,,,,,,,,,,,2.0,TrainerSnax,None,None,,,,,,,,,,,,,2.0,,,,,,,,,,,,,,,,,,,,,,,
6,EUW1_5971322870,TFT7_Augment_AFK,TFT7_Augment_MikaelsGift,TFT6_Augment_Diversify3,1.0,0.0,,1.0,,0.0,,,,,2.0,,,2.0,,0.0,,,0.0,,0.0,1.0,,,,,,1.0,,,,,,,,,,,,,,,,,,,,,,,,,,,,,,,,,,,,,,,,,,,,,,,,,,,,,,,,,,,,,,,,,,,,,,,,,2.0,ChainVest,,,,,,,,,,,,,,,,,,,,,,,1.0,,,,,,,,2.0,LocketOfTheIronSolari,,,,,,,,,,,,,,,,,,,,,,,1.0,ThiefsGloves,GiantsBelt,Zephyr,,,,,2.0,SpearOfShojin,ArchangelsStaff,,,,,,,,,,,,,,,,,,,,,,,,,,,,,,,,,,,,,,2.0,WarmogsArmor,,,,,,,2.0,RapidFireCannon,MadredsBloodrazor,,,,,,,,,,,,None,None,,,,,,,,,,,,,,,,,,,,,,,,,,,,,,,,,1.0,,,
8,EUW1_5971322870,TFT7_Augment_GuildTrait,TFT6_Augment_SecondWind2,TFT6_Augment_WindfallPlusPlus,1.0,,1.0,,,0.0,1.0,,,,6.0,,,0.0,,0.0,,,,,,,,0.0,2.0,,,,,,,,,,,,1.0,MadredsBloodrazor,GuinsoosRageblade,SpearOfShojin,,,,,,,,,1.0,,,,,,,,,,,,,,,,,,,,,,,,,,,,,,,,,,,,,,,,,,,,,,,,,,,,,,,,,,,,,,,,,,,,,,,,,,,,,,,,,,,,,,,,,,,,,,,,,,,,,,,,,,,,,,,,2.0,ThiefsGloves,GiantsBelt,Redemption,1.0,,,,2.0,IonicSpark,,,,,,,,,,,,,,,,,,,,,,,,,,,,,,,,,,,,,,,,,,,2.0,RedBuff,,,,,,,,,,,,,None,None,,,,,2.0,,,,,,,,,,,,,,,,,,,,,,,,,,,,,,,
1,EUW1_5971322870,TFT6_Augment_Electrocharge1,TFT7_Augment_CannoneerHotShot,TFT7_Augment_BestFriends3,,,1.0,0.0,1.0,,1.0,,1.0,1.0,1.0,0.0,0.0,,,1.0,,1.0,,,1.0,,1.0,,0.0,1.0,,,,,,,,,,,,,,,,,,,,,,,2.0,,,,,,,,2.0,MadredsBloodrazor,Deathblade,GuinsoosRageblade,,,,,,,,,2.0,Shroud,GargoyleStoneplate,ShimmerscaleDiamondHands,,,,,,,,,,,,,,,,,,,,,,,,,,,,,,,,,,,,,,,,,,,,,,,,,,,,,,,,,2.0,SeraphsEmbrace,,,,,,,,,,,,,,,,,,,,,,,2.0,GuardianEmblemItem,FrozenHeart,,,,,,,,,,,,,,,,,,,,,,,,,,,,,,,,,,,,,,2.0,GuinsoosRageblade,GuardianAngel,,2.0,LastWhisper,,,,,,,,,,,,,,,,,,,,,,,,,,,4.0,TrainerSnax,None,None,2.0,,,,,,,,,,,,,,,,,,,,,,,,,,,,,,,,,,,
6,EUW1_5973188908,TFT7_Augment_GuardianTrait,TFT6_Augment_PandorasItems,TFT6_Augment_ThrillOfTheHunt2,,,,,2.0,,1.0,,1.0,1.0,,,,,,0.0,,2.0,,,1.0,,,,,1.0,,,,,,,,,,,,,,,,,,,,,,,,,,,,,,,1.0,MadredsBloodrazor,,,,,,,,,,,2.0,RedBuff,GargoyleStoneplate,Redemption,,,,,,,,,,,,,,,,,,,,,,,,,,,,,,,,,2.0,,,,,,,,,,,,,,,,,,,,,,,,2.0,,,,,,,,,,,,,,,,,,,,,,,,,,,,,,,,,,,,,,,,,,,,,,,,,,,,,,,,,,,,,,,,2.0,StatikkShiv,RabadonsDeathcap,TearOfTheGoddess,,,,,,,,,,,,,,,,,,,,,,,,,,,,,3.0,TrainerSnax,None,None,3.0,ShimmerscaleDravensAxe,MadredsBloodrazor,GuinsoosRageblade,,,,,,,,,,,,,,,,,,,,,,,,,,,,,,,,
2,EUW1_5973188908,TFT6_Augment_ThrillOfTheHunt1,TFT6_Augment_TriForce1,TFT6_Augment_SecondWind2,,1.0,,2.0,,,1.0,,,,1.0,0.0,,0.0,,,,,,0.0,,,,1.0,,,,2.0,,,,,,,,,,,,,,,,,,,,,,,,,,,,,,,,,,,,,,,,,,,,,,,,,2.0,,,,,,,,,,,,,,,,,,,,,,,,3.0,DragonsClaw,RedBuff,LocketOfTheIronSolari,,,,,,,,,,,,,,,,,,,,,,,,,,,,,,,,,2.0,RunaansHurricane,,,,,,,,,,,,,,,,,,,,,,,,,,,,,,,,,,,,,,,,,,,,,,,,,,,3.0,,,,,,,,,,,,,,,,2.0,TitanicHydra,,,,,,,,,,,,,,,,,,,,,None,None,,,,,2.0,PowerGauntlet,Chalice,ZekesHerald,3.0,RunaansHurricane,Deathblade,MadredsBloodrazor,,,,,,,,,,,,,,,,,,,,,,,,
4,EUW1_5973188908,TFT7_Augment_MageTrait,TFT6_Augment_TinyTitans,TFT7_Augment_MageEmblem,,0.0,,1.0,,,,,1.0,,,0.0,,2.0,,1.0,,0.0,,,0.0,1.0,1.0,,,1.0,,0.0,,,,,,,,,,,,,,,,,,,,,,,,,,,,,,,,,,,,,,,,,,,,,,,,,,,,,,,,,,,,,,,,,,,,,1.0,,,,2.0,MageEmblemItem,TitansResolve,,,,,,,,,,,,,,,,,,,,,,,,,,2.0,ZekesHerald,,,3.0,RabadonsDeathcap,,,,,,,,,,,,,,,,,,,,,,,,,,,,,,,,,,,,,,,,,,,,,,,,,,,,,,,,,,,2.0,,,,1.0,,,,,,,,2.0,WarmogsArmor,GargoyleStoneplate,WarmogsArmor,,,,,,,,,,,,,,,,,2.0,TrainerSnax,None,None,,,,,,,,,,,,,,,,,,,,,,,,,,,,,,,,,2.0,GuinsoosRageblade,SpearOfShojin,ArchangelsStaff
5,EUW1_5973188908,TFT6_Augment_CyberneticShell1,TFT6_Augment_TinyTitans,TFT6_Augment_ComponentGrabBag,,0.0,,,,,1.0,,0.0,,,2.0,0.0,,,0.0,,,,2.0,,,,,,,,0.0,,,,,2.0,SpearOfShojin,Morellonomicon,RabadonsDeathcap,,,,,,,,,,,,,,,,,,,,,,,,,,,,,,,,,,,,,2.0,RapidFireCannon,,,,,,,2.0,NegatronCloak,,,,,,,2.0,ThiefsGloves,GuinsoosRageblade,Quicksilver,,,,,,,,,,,,,,,,,,,,,,,,,,,,,,,,,,,,,,,,,,,,,2.0,,,,3.0,MadredsBloodrazor,GuinsoosRageblade,UnstableConcoction,,,,,,,,,,,,,,,,,,,,,,,,,,,,,,,,,,,,,,,,,,,,,,,,,,,,,,,,,,,,,,,,,,,,,,,,,,,,,,,,,,,None,None,,,,,,,,,,,,,,,,,,,,,,,,,,,,,,,,,,,,
3,EUW1_5973188908,TFT7_Augment_ScalescornTrait,TFT6_Augment_ThrillOfTheHunt1,TFT6_Augment_BlueBattery2,,,,1.0,,3.0,,,,1.0,2.0,,,1.0,,,0.0,,2.0,,,,,,,,0.0,1.0,,,,,,,,,,,,,,,,,,,,,,,,,3.0,CavalierEmblemItem,IonicSpark,RedBuff,,,,,,,,,,,,,,,,,,,,,,,,,,,,,,,,,,,,,1.0,FrozenHeart,GuardianEmblemItem,,,,,,,,,,,,,,,,,,,,,,,,,,,,,,3.0,ArchangelsStaff,IonicSpark,MadredsBloodrazor,,,,,,,,,,,,,,,,,,,,,2.0,,,,,,,,,,,,,,,,2.0,ZekesHerald,JeweledGauntlet,,2.0,,,,,,,,,,,,,,,,,,,,,,,,,,,,,,,,,,,,2.0,,,,,,,,,,,,,,,,2.0,,,,,,None,None,,,,,,,,,,,,,,,,,,,,,,,,,,,,,,,,,,,,
1,EUW1_5973188908,TFT7_Augment_ShimmerscaleEmblem,TFT6_Augment_TinyTitans,TFT7_Augment_UrfsGrabBag1,1.0,,1.0,,,0.0,1.0,0.0,,0.0,1.0,,,0.0,0.0,0.0,1.0,,,,4.0,1.0,,0.0,,,1.0,0.0,2.0,,,,,,,,,,,,,,,,,,,,2.0,Zephyr,ShimmerscaleEmblemItem,StatikkShiv,,,,,,,,,,,,,,,,,2.0,ShimmerscaleMogulsMail,ShimmerscaleHeartOfGold,RedBuff,,,,,,,,,,,,,,,,,,,,,2.0,ShimmerscaleEmblemItem,Redemption,TitanicHydra,,,,,,,,,,,,,,,,,1.0,FrozenHeart,,,,,,,,,,,,,,,,,,,,,,,,,,,,,,,,,,,,,,,,,,,2.0,ShimmerscaleEmblemItem,FrozenHeart,IonicSpark,,,,,,,,,,,,,,,,,,,,,,,,,,,,,,,,,,,,,,,,,,,,,,,,,,,,,,,,,,,,,,,,,,,None,None,,,,,,,,,,,,,,,,,,,,,2.0,GuinsoosRageblade,ShimmerscaleDravensAxe,Quicksilver,2.0,RabadonsDeathcap,InfinityEdge,TitansResolve,,,,,2.0,ShimmerscaleGamblersBlade,ShimmerscaleCrownOfChampions,
7,EUW1_5973188908,TFT7_Augment_BestFriends1,TFT6_Augment_Electrocharge1,TFT6_Augment_ComponentGrabBag,1.0,,,1.0,1.0,,,,1.0,,1.0,,0.0,,,0.0,0.0,2.0,,,,,,,1.0,0.0,0.0,,,,,,,,,,,,,,,,,,,,,,,,,,,,,,1.0,UnstableConcoction,Deathblade,InfinityEdge,,,,,,,,,,,,,,,,,,,,,,,,,,,,,,,,,,,,,,,,,,,,,1.0,,,,,,,,,,,,,,,,,,,,,,,,1.0,,,,,,,,,,,,,,,,,,,,,,,,2.0,,,,,,,,2.0,RabadonsDeathcap,,,,,,,,,,,,,,,,,,,2.0,GargoyleStoneplate,GargoyleStoneplate,RedBuff,,,,,,,,,2.0,StatikkShiv,,,,,,,,,,,,,,,,,,,1.0,,,,,,,,,,,,,,None,None,,,,,,,,,,,,,,,,,,,,,,,,,,,,,,,,,,,,
8,EUW1_5973188908,TFT6_Augment_FirstAidKit,TFT6_Augment_Diversify1,TFT7_Augment_PandorasBench,,,,,1.0,,1.0,,1.0,1.0,,,,,,0.0,,1.0,,,1.0,,,,,1.0,,0.0,,,,,,,,,,,,,,,,,,,,,,,,,,,,,2.0,ShimmerscaleDravensAxe,LastWhisper,,,,,,,,,,1.0,GargoyleStoneplate,,,,,,,,,,,,,,,,,,,,,,,,,,,,,,,,,,,,,,,,,,,,,,,,,,,,,,,,,,,2.0,,,,,,,,,,,,,,,,,,,,,,,,,,,,,,,,,,,,,,,,,,,,,,,,,,,,,,,,,,,,,,,,2.0,ArchangelsStaff,SpearOfShojin,,,,,,,,,,,,,,,,,,,,,,,,,,2.0,IonicSpark,FrozenHeart,,1.0,TrainerSnax,None,None,2.0,,,,,,,,,,,,,,,,,,,,,,,,,,,,,,,,,,,
7,EUW1_5972577263,TFT6_Augment_BlueBattery2,TFT6_Augment_LudensEcho1,TFT7_Augment_MageTrait,,0.0,1.0,1.0,,,1.0,,1.0,,1.0,,,1.0,,1.0,,0.0,,,,,,,1.0,1.0,,0.0,,,,,,,,,1.0,SpearOfShojin,HextechGunblade,StatikkShiv,,,,,,,,,1.0,,,,,,,,,,,,,,,,,,,,,,,,,,,,,,,,,,,,,,,,,,,,,,,,2.0,,,,2.0,TitansResolve,Redemption,,,,,,,,,,,,,,,,,,,,,,,,,,2.0,,,,,,,,,,,,,,,,,,,,,,,,,,,,,,,,,,,,,,,,,,,,,,,,,,,,,,,,,,,,,,,,1.0,,,,,,,,,,,,2.0,,,,,,,,,,,,,,,,,,,,2.0,TrainerSnax,None,None,,,,,,,,,,,,,,,,,,,,,,,,,,,,,,,,,,,,
5,EUW1_5972577263,TFT7_Augment_AssassinEmblem,TFT6_Augment_Recombobulator,TFT7_Augment_BandOfThieves1,3.0,,,0.0,,,1.0,,0.0,,1.0,1.0,0.0,,,1.0,,,0.0,,,,,,1.0,0.0,,0.0,,,,,,,,,,,,,,,,,,,,,,,,,,,,,,,,,2.0,FrozenHeart,RabadonsDeathcap,IonicSpark,,,,,,,,,2.0,AssassinEmblemItem,InfinityEdge,GuardianAngel,,,,,,,,,,,,,,,,,,,,,,,,,,,,,,,,,,,,,,,,,,,,,,,,,,,,,2.0,,,,,,,,,,,,,,,,,,,,,,,,1.0,AssassinEmblemItem,FrozenHeart,,1.0,ThiefsGloves,IonicSpark,Deathblade,2.0,,,,,,,,,,,,,,,,,,,,,,,,,,,,,,,,,,,,,,,,,,,,,,,,,,,,1.0,GuardianAngel,DragonsClaw,,,,,,,,,,,,None,None,,,,,,,,,,,,,,,,,,,,,,,,,,,,,,,,,,,,
2,EUW1_5972577263,TFT7_Augment_AssassinEmblem,TFT6_Augment_Weakspot,TFT7_Augment_AssassinTrait,3.0,,1.0,1.0,,,,0.0,,,2.0,,0.0,,0.0,0.0,,,1.0,,,,,,1.0,,1.0,0.0,,,,,,,,,,,,,,,,,,,,,1.0,,,,,,,,,,,,3.0,RedBuff,FrozenHeart,IonicSpark,,,,,,,,,,,,,,,,,,,,,,,,,,,,,,,,,,,,,,,,,,,,,,,,,,,,,,,,,,,,,,,,,,,,,,,,,,,,,,,,,,,,,3.0,RunaansHurricane,AssassinEmblemItem,InfinityEdge,2.0,Shroud,,,2.0,Redemption,IonicSpark,TitanicHydra,3.0,LocketOfTheIronSolari,LocketOfTheIronSolari,StatikkShiv,,,,,,,,,,,,,,,,,,,,,,,,,,,,,,,,,,,,,,,,,,,,,,,,,2.0,Deathblade,,,,,,,,,,,,,None,None,,,,,,,,,,,,,,,,,,,,,,,,,1.0,,,,,,,,,,,
1,EUW1_5972577263,TFT7_Augment_MageConference,TFT6_Augment_PandorasItems,TFT7_Augment_MageTrait,,0.0,1.0,1.0,,1.0,1.0,,,,2.0,,0.0,2.0,,1.0,,,0.0,,0.0,1.0,,,2.0,,,0.0,,,,,,,,,2.0,SpearOfShojin,JeweledGauntlet,Bloodthirster,,,,,,,,,2.0,,,,,,,,,,,,,,,,,,,,,,,,,,,,,,,,,,,,,,,,,,,,,,,,,,,,,,,,,,,,,,,,,,,,,,,,,,,,3.0,IonicSpark,BrambleVest,GargoyleStoneplate,,,,,3.0,ZekesHerald,,,,,,,,,,,,,,,,,,,2.0,,,,,,,,,,,,,,,,2.0,,,,,,,,,,,,,,,,,,,,,,,,,,,,,,,,,,,,2.0,GargoyleStoneplate,,,,,,,,,,,,,,,,,,,,,None,None,,,,,,,,,,,,,,,,,,,,,,,,,,,,,,,,,2.0,StatikkShiv,ArchangelsStaff,Quicksilver
8,EUW1_5972577263,TFT6_Augment_BlueBattery2,TFT6_Augment_PandorasItems,TFT6_Augment_Weakspot,,,,1.0,,,1.0,,1.0,,1.0,,,1.0,,0.0,,0.0,,,0.0,1.0,,0.0,,1.0,,2.0,,,,,,,,,,,,,,,,,,,,,,,,,,,,,,,,,,,,,,,,,,,,,,,,,2.0,Bloodthirster,GuinsoosRageblade,RunaansHurricane,,,,,,,,,,,,,,,,,1.0,,,,,,,,,,,,,,,,,,,,,,,,,,,,,,,,1.0,,,,,,,,,,,,,,,,,,,,,,,,,,,,,,,,,,,,,,,,,,,,,,,,,,,,,,,,,,,,,,,,2.0,,,,,,,,,,,,2.0,GargoyleStoneplate,,,,,,,,,,,,,,,,,,,1.0,TrainerSnax,None,None,,,,,1.0,,,,,,,,,,,,,,,,,,,,,,,,,,,,1.0,SpearOfShojin,ArchangelsStaff,GuinsoosRageblade
3,EUW1_5972577263,TFT7_Augment_BruiserEmblem,TFT7_Augment_ShapeshifterTrait,TFT6_Augment_CelestialBlessing1,,,,1.0,,,1.0,0.0,,,,1.0,,0.0,,,1.0,,,3.0,,,1.0,,,,,1.0,,,,,,,,,,,,,,,,,,,,,,,,,,,,,,,,,,,,,,,,,,,,,,,,,,,,,3.0,Quicksilver,GuinsoosRageblade,MadredsBloodrazor,,,,,2.0,NegatronCloak,,,,,,,,,,,,,,,,,,,,,,,,,,,,,,,,,,,,,,,,,,,,,,,2.0,BruiserEmblemItem,,,,,,,,,,,,,,,,,,,,,,,,,,,,,,,,,,,,,,,,,,,,,,,1.0,FrozenHeart,MadredsBloodrazor,DragonsClaw,,,,,,,,,1.0,SpearOfShojin,,,2.0,GuinsoosRageblade,StatikkShiv,GuardianAngel,2.0,TitanicHydra,,,,,,,,,,,,,,,,,,,,,None,None,,,,,,,,,,,,,,,,,,,,,,,,,,,,,,,,,,,,
4,EUW1_5972577263,TFT6_Augment_CyberneticUplink2,TFT6_Augment_CyberneticShell1,TFT6_Augment_Diversify1,0.0,,,,1.0,,1.0,,1.0,1.0,1.0,,,,,0.0,,1.0,0.0,,1.0,,,,,1.0,,,,,,,,,,,,,,,,,,,,,,,,,,,2.0,,,,2.0,GuinsoosRageblade,HextechGunblade,InfinityEdge,,,,,,,,,1.0,WarmogsArmor,ShimmerscaleMogulsMail,RedBuff,,,,,,,,,,,,,,,,,,,,,,,,,,,,,,,,,,,,,,,,,,,,,,,,,,,,,,,,,2.0,SparringGloves,,,,,,,,,,,,,,,,,,,,,,,,,,,,,,,,,,,,,,,,,,,,,,,,,,,,,,,,,,,,,,,2.0,GuinsoosRageblade,,,,,,,,,,,,,,,,,,,2.0,FrozenHeart,InfinityEdge,GuinsoosRageblade,,,,,,,,,3.0,TrainerSnax,None,None,1.0,RapidFireCannon,,,,,,,,,,,,,,,,,,,,,,,,,,,,,,,,,,
6,EUW1_5972577263,TFT6_Augment_CyberneticShell2,TFT6_Augment_CyberneticUplink1,TFT7_Augment_JadeEmblem,,,,,,,1.0,0.0,0.0,,,2.0,,,,1.0,0.0,,,1.0,,,,1.0,0.0,0.0,,,,,,,,,,,,,,,2.0,RapidFireCannon,Zephyr,,,,,,,,,,,,,,,,,,,,,,,,,,,,,,1.0,BFSword,,,,,,,,,,,,,,,2.0,FrozenHeart,,,,,,,,,,,,,,,,,,,,,,,,,,,1.0,,,,,,,,,,,,2.0,JadeEmblemItem,,,,,,,2.0,WarmogsArmor,DragonsClaw,,,,,,,,,,,,,,,,,,,,,,,,,,,,,,,,,,,,,,,,,,,,,,,,,,,,,,,,,,,,,,,,,,,,,,,,,,,,,,,,,,,,,,,,None,None,,,,,,,,,,,,,,,,,,,,,2.0,GuinsoosRageblade,MadredsBloodrazor,Quicksilver,,,,,,,,,,,,
2,EUW1_5972130284,TFT7_Augment_SwiftshotPressTheAttack,TFT6_Augment_Distancing2,TFT6_Augment_ComponentGrabBag,1.0,1.0,1.0,1.0,,,,,,,3.0,,0.0,0.0,,1.0,,,,,,,,1.0,1.0,,,,,,,,,,,,,,,,,,,,,,,,2.0,,,,,,,,,,,,,,,,,,,,,,,,,,,,,,,,,,,,,,,,,,,,,,,,,,,,3.0,RedBuff,GargoyleStoneplate,BrambleVest,,,,,,,,,,,,,,,,,,,,,,,,,,,,,3.0,SpearOfShojin,,,,,,,,,,,,,,,,,,,2.0,TitanicHydra,,,,,,,2.0,BFSword,JeweledGauntlet,,,,,,,,,,,,,,,,,,,,,,,,,,,,,,,,,,,,,,,,,,,,,,,,,,1.0,Bloodthirster,InfinityEdge,,,,,,,,,,,,None,None,,,,,2.0,StatikkShiv,,,3.0,Deathblade,RunaansHurricane,GuinsoosRageblade,,,,,,,,,,,,,,,,,,,,,,,,
8,EUW1_5972130284,TFT6_Augment_RichGetRicher,TFT7_Augment_BruiserTitanicStrength,TFT7_Augment_BruiserEmblem,1.0,,,3.0,,,1.0,,,,1.0,,0.0,0.0,,,0.0,,0.0,,,,,,1.0,,1.0,2.0,,,,,,,,,,,,,,,,,,,,,,,,,,,,,,,,,,,,,,,,,,,,,,,,,1.0,GuinsoosRageblade,Bloodthirster,UnstableConcoction,,,,,,,,,,,,,,,,,,,,,,,,,,,,,,,,,,,,,,,,,,,,,,,,,,,,,,,,,,,,,,,,,,,,,1.0,,,,1.0,Morellonomicon,,,,,,,2.0,,,,,,,,,,,,,,,,,,,,2.0,,,,,,,,,,,,,,,,,,,,,,,,2.0,,,,,,,,2.0,InfinityEdge,BruiserEmblemItem,MadredsBloodrazor,,,,,,,,,,,None,None,,,,,,,,,,,,,,,,,,,,,,,,,,,,,,,,,,,,
4,EUW1_5972130284,TFT7_Augment_GadgetExpert,TFT7_Augment_DragonHorde,TFT6_Augment_CyberneticShell2,,,,0.0,,,2.0,,,1.0,,1.0,,,,0.0,1.0,,,0.0,1.0,,,,,,,1.0,,,,,,,,,,,,,,,,,,,,,,,,,,,,,,,,,,,,,,,,,2.0,StatikkShiv,WarmogsArmor,,2.0,Redemption,MadredsBloodrazor,GuardianEmblemItem,2.0,GuinsoosRageblade,Quicksilver,UnstableConcoction,,,,,,,,,,,,,,,,,,,,,,,,,,,,,,,,,,,,,,,,,,,,,,,,,,,,,,,,,,,,,,,,,,,,,,,,,,,,,,,,,,,,,,,,,,,,,,,,,,,,,,,,,2.0,ShimmerscaleGoldmancersStaff,Morellonomicon,RecurveBow,,,,,,,,,,,,,,,,,,,,,,,,,,,,,,,,,,,,,,,None,None,,,,,,,,,,,,,,,,,,,,,,,,,,,,,,,,,,,,
5,EUW1_5972130284,TFT7_Augment_GuildEmblem,TFT7_Augment_DragonHorde,TFT6_Augment_SunfireBoard,,,1.0,,,1.0,2.0,,,1.0,4.0,,,,3.0,0.0,,,0.0,,,,,0.0,,,,,,,,,,,,,,,,,,,,,,,,,1.0,MirageEmblemItem,,,2.0,Redemption,,,,,,,,,,,2.0,MadredsBloodrazor,JeweledGauntlet,GuildEmblemItem,,,,,,,,,,,,,,,,,,,,,,,,,,,,,,,,,,,,,,,,,,,,,,,,,,,,,2.0,,,,,,,,,,,,,,,,,,,,,,,,3.0,UnstableConcoction,ArchangelsStaff,Redemption,,,,,,,,,,,,,,,,,,,,,2.0,,,,,,,,,,,,,,,,,,,,,,,,,,,,,,,,,,,,,,,,,,,,,,,,,,,,,,,,,,None,None,,,,,1.0,RunaansHurricane,BFSword,,,,,,,,,,,,,,,,,,,,,,,,,,,,,
6,EUW1_5972130284,TFT7_Augment_MikaelsGift,TFT6_Augment_Diversify2,TFT6_Augment_Ascension,,0.0,,1.0,,,1.0,,1.0,,,,0.0,1.0,,1.0,,0.0,,,,,,,2.0,1.0,,0.0,,,,,,,,,1.0,SpearOfShojin,ArchangelsStaff,,,,,,,,,,,,,,,,,,,,,,,,,,,,,,,,,,,,,,,,,,,,,,,,,,,,,,,,,,2.0,,,,,,,,,,,,,,,,,,,,,,,,,,,,,,,,2.0,,,,3.0,LocketOfTheIronSolari,Chalice,ZekesHerald,,,,,,,,,,,,,,,,,1.0,ThiefsGloves,BFSword,ZekesHerald,,,,,,,,,,,,,,,,,,,,,,,,,,,,,,,,,,,,,2.0,,,,,,,,,,,,2.0,RedBuff,IonicSpark,TitansResolve,,,,,,,,,,,,,,,,,2.0,TrainerSnax,None,None,,,,,,,,,,,,,,,,,,,,,,,,,,,,,,,,,,,,
1,EUW1_5972130284,TFT7_Augment_AssassinEmblem,TFT7_Augment_MikaelsGift,TFT6_Augment_CelestialBlessing2,2.0,,,2.0,,,,,,0.0,1.0,,0.0,0.0,,,0.0,,2.0,,,,,,1.0,,1.0,1.0,,,,,,,,,,,,,,,,,,,,,,,,,2.0,,,,,,,,3.0,FrozenHeart,IonicSpark,GuardianAngel,,,,,,,,,,,,,,,,,,,,,,,,,,,,,,,,,,,,,,,,,,,,,,,,,,,,,,,,,,,,,,,,,,,,,,,,,,,,,,,,,,,,,3.0,InfinityEdge,RapidFireCannon,AssassinEmblemItem,1.0,Morellonomicon,,,1.0,StatikkShiv,,,2.0,LocketOfTheIronSolari,LocketOfTheIronSolari,PowerGauntlet,,,,,,,,,,,,,,,,,2.0,,,,,,,,,,,,,,,,,,,,,,,,2.0,,,,,,,,2.0,ScalescornEmblemItem,RunaansHurricane,ZekesHerald,,,,,,,,,,,None,None,,,,,,,,,,,,,,,,,,,,,,,,,,,,,,,,,,,,
3,EUW1_5972130284,TFT6_Augment_Twins2,TFT7_Augment_Preparation2,TFT7_Augment_GadgetExpert,,,,,,,,0.0,,1.0,,1.0,,,0.0,,,,,0.0,,,,1.0,0.0,,,,,,,,,,,,,,,,2.0,,,,,,,,,,,,,,,,,,,,,,,,,,,,,,,,,,,,,,,,,,,,3.0,JeweledGauntlet,MadredsBloodrazor,StatikkShiv,,,,,,,,,,,,,,,,,,,,,3.0,SeraphsEmbrace,Quicksilver,,,,,,,,,,2.0,GargoyleStoneplate,RedBuff,GargoyleStoneplate,,,,,,,,,,,,,1.0,,,,,,,,,,,,,,,,,,,,,,,,,,,,,,,,,,,,,,,,,,,,,,,,,,,,,,,,,,,,,,,,,,,,,,,,,,,,,,,,3.0,WarmogsArmor,IonicSpark,,,,,,,,None,None,,,,,,,,,,,,,,,,,,,,,,,,,,,,,,,,,,,,
7,EUW1_5972130284,TFT6_Augment_HyperRoll,TFT6_Augment_Twins2,TFT6_Augment_ThrillOfTheHunt2,,0.0,,,,,1.0,,,,,2.0,,,,0.0,,,,2.0,,,1.0,,,,,0.0,,,,,,,,,,,,,,,,,,,,,,,,,,,,,,,,,,,,,,,,,,,,,2.0,InfinityEdge,Bloodthirster,BrambleVest,,,,,2.0,Zephyr,,,,,,,2.0,,,,,,,,,,,,,,,,,,,,,,,,,,,,,,,,,,,,,,,,,,,,,,,,2.0,ThiefsGloves,TearOfTheGoddess,HextechGunblade,3.0,MadredsBloodrazor,Quicksilver,GuinsoosRageblade,,,,,,,,,,,,,,,,,,,,,,,,,,,,,,,,,,,,,,,,,,,,,,,,,,,,,1.0,,,,,,,,,,,,,,,,,,,,,,,,,,,,,,None,None,,,,,,,,,,,,,,,,,,,,,,,,,,,,,,,,,,,,
7,EUW1_5972708564,TFT7_Augment_WhispersTrait,TFT6_Augment_PortableForge,TFT6_Augment_ThrillOfTheHunt2,,,,2.0,,,1.0,,,0.0,,,0.0,0.0,,,0.0,,,0.0,,,,,0.0,,0.0,3.0,,,,,,,,,,,,,,,,,,,,,,,,,,,,,,,,,,,,,,,,,,,,,,,,,1.0,UnstableConcoction,InfinityEdge,,2.0,GuinsoosRageblade,OrnnTheCollector,JeweledGauntlet,,,,,,,,,,,,,,,,,,,,,,,,,,,,,,,,,,,,,,,,,,,,,,,,,,,,,,,,,,,,,,,,,,,,,2.0,,,,,,,,,,,,,,,,,,,,,,,,,,,,2.0,GargoyleStoneplate,,,,,,,,,,,,,,,,,,,,,,,1.0,,,,,,,,,,,,,,,,2.0,StatikkShiv,PowerGauntlet,,,,None,None,,,,,,,,,,,,,,,,,,,,,,,,,,,,,,,,,,,,
5,EUW1_5972708564,TFT6_Augment_Electrocharge1,TFT6_Augment_Twins2,TFT7_Augment_BestFriends2,1.0,,,1.0,,0.0,,,,0.0,,,,0.0,,,0.0,,2.0,,,,,,0.0,,1.0,,,,,,,,,,,,,,,,,,,,,,,,,,2.0,,,,,,,,2.0,FrozenHeart,IonicSpark,RedBuff,,,,,,,,,,,,,,,,,,,,,,,,,,,,,,,,,,,,,,,,,,,,,,,,,,,,,,,,,,,,,1.0,,,,,,,,,,,,,,,,,,,,,,,,2.0,InfinityEdge,RapidFireCannon,MadredsBloodrazor,,,,,,,,,2.0,ThiefsGloves,IonicSpark,StatikkShiv,,,,,,,,,,,,,,,,,2.0,,,,,,,,,,,,,,,,,,,,,,,,,,,,,,,,,,,,,,,,,,,,,,None,None,,,,,,,,,,,,,,,,,,,,,,,,,,,,,,,,,,,,
1,EUW1_5972708564,TFT7_Augment_CavalierTrait,TFT6_Augment_LudensEcho2,TFT7_Augment_CavalierDevastatingCharge,0.0,0.0,1.0,,,4.0,,0.0,,,1.0,0.0,,1.0,1.0,1.0,0.0,,1.0,,0.0,1.0,1.0,,,,0.0,,,,,,,,,,,,,,,,,,,,,,2.0,,,,,,,,,,,,2.0,IonicSpark,,,,,,,,,,,,,,,,,,,,,,,,,,,,,,,2.0,ThiefsGloves,Zephyr,GuardianAngel,,,,,,,,,,,,,,,,,,,,,,,,,,,,,3.0,HextechGunblade,UnstableConcoction,MadredsBloodrazor,,,,,1.0,,,,,,,,,,,,2.0,IonicSpark,RedBuff,,,,,,,,,,,,,,,,,,,,,,,,,,,,,,,,,,,,,,,,,,,,,,,,,,2.0,,,,,,,,,,,,,,,,,,,,,,,,,,,,,,None,None,,,,,,,,,,,,,,,,,,,,,,,,,2.0,CavalierEmblemItem,TitansResolve,Quicksilver,,,,,2.0,ArchangelsStaff,,
2,EUW1_5972708564,TFT6_Augment_PandorasItems,TFT6_Augment_SunfireBoard,TFT6_Augment_ComponentGrabBag,,,,0.0,,0.0,,2.0,,,,1.0,0.0,,0.0,,1.0,,,1.0,,,,0.0,1.0,,0.0,,,,,,,,,,,,,,2.0,ZekesHerald,LocketOfTheIronSolari,,,,,,,,,,,,,,,,,,,,,,,,,,,,,,,,,,,,,,,,,,,,,,,,,,1.0,,,,,,,,,,,,,,,,2.0,,,,,,,,2.0,,,,,,,,,,,,,,,,,,,,2.0,DragonsClaw,BrambleVest,WarmogsArmor,,,,,,,,,,,,,2.0,WarmogsArmor,FrozenHeart,,,,,,,,,,,,,,,,,,,,,,2.0,,,,,,,,,,,,,,,,,,,,,,,,2.0,GuinsoosRageblade,StatikkShiv,Quicksilver,,,,,,,,,,,,,,,,,,,,,,,None,None,,,,,,,,,,,,,,,,,,,,,,,,,2.0,MadredsBloodrazor,SeraphsEmbrace,Bloodthirster,,,,,,,,
8,EUW1_5972708564,TFT6_Augment_MakeshiftArmor1,TFT6_Augment_Electrocharge2,TFT6_Augment_CelestialBlessing2,,0.0,,0.0,,,1.0,0.0,,0.0,,0.0,,,,,0.0,,,2.0,,,,,,,,2.0,,,,,,,,,,,,,,,,,,,,,,,,,,,,,,,,,,,,,,,,,,,,,,,,,1.0,,,,2.0,,,,,,,,1.0,,,,,,,,,,,,,,,,,,,,,,,,,,,,,,,,,,,,,,,,,,,,,,,,,,,,3.0,GuinsoosRageblade,Deathblade,NegatronCloak,,,,,,,,,,,,,,,,,,,,,,,,,,,,,,,,,,,,,,,,,,,,,,,,,,,,,,,,,2.0,Redemption,GiantsBelt,,,,,,,,,,,,,,,,,,2.0,,,,,,None,None,,,,,,,,,,,,,,,,,,,,,,,,,,,,,,,,,,,,
4,EUW1_5972708564,TFT6_Augment_CyberneticShell1,TFT6_Augment_PortableForge,TFT7_Augment_DragonHorde,,,,1.0,,,2.0,,,1.0,,1.0,0.0,,,0.0,,,,,1.0,,,,0.0,,,2.0,,,,,,,,,,,,,,,,,,,,,,,,,,,,,,,,,,,,,,,,,1.0,OrnnRocketPropelledFist,RedBuff,WarmogsArmor,2.0,TitansResolve,TitansResolve,ShimmerscaleGamblersBlade,2.0,Bloodthirster,GuinsoosRageblade,MadredsBloodrazor,,,,,,,,,,,,,,,,,,,,,,,,,,,,,,,,,,,,,,,,,,,,,,,,,,,,,,,,,,,,,,,,,,,,,,,,,1.0,,,,,,,,,,,,,,,,,,,,,,,,,,,,,,,,,,,,,,,,,,,,,,,,,,,,,,,,,,,,,,,,,,,,2.0,ZekesHerald,SparringGloves,ZekesHerald,,,None,None,,,,,,,,,,,,,,,,,,,,,,,,,,,,,,,,,,,,
6,EUW1_5972708564,TFT6_Augment_Meditation1,TFT7_Augment_UrfsGrabBag1,TFT6_Augment_JeweledLotus,,0.0,,1.0,,,1.0,,0.0,,,,0.0,2.0,,1.0,,,,,0.0,1.0,,,2.0,1.0,,0.0,,,,,,,,,1.0,GuinsoosRageblade,SpearOfShojin,MageEmblemItem,,,,,,,,,,,,,,,,,,,,,,,,,,,,,,,,,,,,,,,,,,,,,,,,,,,,,,,,,2.0,,,,,,,,,,,,,,,,,,,,,,,,,,,,,,,,1.0,,,,3.0,SpearOfShojin,MadredsBloodrazor,,,,,,,,,,,,,,,,,,2.0,,,,,,,,,,,,,,,,,,,,,,,,,,,,,,,,,,,,,,,,,,,,,,,,,,,,2.0,RedBuff,GargoyleStoneplate,Redemption,,,,,,,,,,,,,,,,,2.0,TrainerSnax,None,None,,,,,,,,,,,,,,,,,,,,,,,,,,,,,,,,,1.0,,,
3,EUW1_5972708564,TFT7_Augment_BestFriends1,TFT7_Augment_MageEmblem,TFT6_Augment_SalvageBin,,0.0,,1.0,,,1.0,,1.0,,,,0.0,1.0,,1.0,,0.0,,,,,,,2.0,1.0,,0.0,,,,,,,,,2.0,StatikkShiv,JeweledGauntlet,SpearOfShojin,,,,,,,,,,,,,,,,,,,,,,,,,,,,,,,,,,,,,,,,,,,,,,,,,,,,,,,,,2.0,,,,3.0,FrozenHeart,GargoyleStoneplate,GargoyleStoneplate,,,,,,,,,,,,,,,,,,,,,,,,,2.0,Chalice,,,3.0,SpearOfShojin,NeedlesslyLargeRod,,,,,,,,,,,,,,,,,,1.0,Shroud,,,,,,,,,,,,,,,,,,,,,,,,,,,,,,,,,,,,,,,1.0,ForceOfNature,,,,,,,,,,,1.0,Shroud,DragonsClaw,,,,,,,,,,,,,,,,,,4.0,TrainerSnax,None,None,,,,,,,,,,,,,,,,,,,,,,,,,,,,,,,,,,,,
8,EUW1_5972561868,TFT6_Augment_Twins2,TFT6_Augment_PandorasItems,TFT6_Augment_CelestialBlessing2,,1.0,,0.0,,,,,,,,,,1.0,,0.0,,,,1.0,,,,,,,,1.0,,,,,,,,,,,,,,,,,,,,,,,,,,,,,,,,,,,,,,,,,,,,,,,,,,,,,2.0,MadredsBloodrazor,,,,,,,,,,,,,,,,,,,,,,,,,,,,,,,,,,,,,,,,,,,,,,,,,,,3.0,,,,,,,,3.0,Quicksilver,GuinsoosRageblade,Deathblade,,,,,,,,,,,,,,,,,,,,,,,,,,,,,,,,,,,,,,,,,,,,,,,,,,,,,,,,,,,,,2.0,FrozenHeart,RedBuff,,,,,,,,,,,,,,,,,,,,None,None,,,,,,,,,,,,,3.0,,,,,,,,,,,,,,,,,,,,,,,
4,EUW1_5972561868,TFT6_Augment_MetabolicAccelerator,TFT7_Augment_Preparation,TFT7_Augment_MikaelsGift,,1.0,1.0,1.0,,,,,0.0,,2.0,,,1.0,,2.0,,,,,0.0,1.0,,1.0,,0.0,,0.0,,,,,,,,,,,,,,,,,,,,,1.0,,,,,,,,,,,,,,,,,,,,,,,,,,,,,,,,,,,,,,,,,,,,,,,,,,,,3.0,Redemption,Morellonomicon,,,,,,,,,,,,,,,,,,,,,,,,,,2.0,,,,3.0,ThiefsGloves,BFSword,Bloodthirster,,,,,,,,,,,,,,,,,,,,,,,,,,,,,,,,,,,,,,,,,,,,,,,,,,,,,,,,,,,,,,,,,,,,,1.0,,,,,,,,,,,,,,,,,,,,,,None,None,,,,,2.0,ZekesHerald,LocketOfTheIronSolari,Chalice,3.0,InfinityEdge,GuinsoosRageblade,Quicksilver,,,,,,,,,,,,,,,,,,,,,1.0,RapidFireCannon,,
5,EUW1_5972561868,TFT7_Augment_GuildLoot,TFT7_Augment_BestFriends1,TFT7_Augment_BestFriends2,1.0,,,1.0,,2.0,,,,,3.0,,0.0,,,,1.0,,,,,,,1.0,1.0,,0.0,,,,,,,,,,,,,,,,,,,,,,,,,,,,,,,,,,,,,,,,,,,,,,,,,,,,,,,,,,,,,,,,,,2.0,ThiefsGloves,WarmogsArmor,GargoyleStoneplate,,,,,,,,,,,,,,,,,,,,,,,,,,,,,,,,,,,,,,,,,,,,,,,,,,,,,,,,,1.0,CavalierEmblemItem,GargoyleStoneplate,WarmogsArmor,,,,,2.0,ThiefsGloves,RunaansHurricane,SeraphsEmbrace,,,,,2.0,Zephyr,,,,,,,,,,,2.0,Redemption,WarmogsArmor,,,,,,,,,,,,,,,,,,,,,,,,,,,,,,2.0,RapidFireCannon,RecurveBow,,,,,,,,,,,,None,None,,,,,2.0,,,,,,,,,,,,,,,,2.0,Quicksilver,MadredsBloodrazor,GuinsoosRageblade,,,,,,,,,,,,
7,EUW1_5972561868,TFT6_Augment_ThreesCompany,TFT6_Augment_PandorasItems,TFT6_Augment_ThrillOfTheHunt2,,,,1.0,,,1.0,0.0,,,1.0,,0.0,,,,2.0,,,1.0,,,,1.0,1.0,,0.0,,,,,,,,,,,,,,,,,,,,,,,,,,,,,,,,,,,,,,,,,,,,,,,,,,,,,,,,,,,,,,,,,,,,,,,,,,,,,,,,,,,,,,,,,,,,,,,,,,,,,,,,,,,,,,,,,,,,,,,,,,,,,,2.0,GargoyleStoneplate,RedBuff,,,,,,,,,,,,,,,,,,,,,,,,,,2.0,,,,1.0,TempestEmblemItem,JeweledGauntlet,JeweledGauntlet,,,,,,,,,,,,,1.0,,,,,,,,,,,,,,,,,,,,,,,,,,None,None,,,,,1.0,,,,,,,,,,,,,,,,2.0,InfinityEdge,MadredsBloodrazor,GuinsoosRageblade,,,,,,,,,,,,
6,EUW1_5972561868,TFT6_Augment_SunfireBoard,TFT6_Augment_SecondWind1,TFT7_Augment_UrfsGrabBag1,2.0,,,1.0,,,1.0,,,,1.0,0.0,,0.0,,,,,,1.0,,,,,0.0,,,3.0,,,,,,,,,,,,,,,,,,,,,,,,,,,,,,,,,,,,,,,,,,,,,,,,,1.0,AssassinEmblemItem,InfinityEdge,GuinsoosRageblade,1.0,,,,,,,,,,,,,,,,,,,,,,,,,,,,,,,,,,,,,,,,,,,,,,,,,,,,,,,,2.0,GargoyleStoneplate,IonicSpark,PowerGauntlet,,,,,,,,,,,,,,,,,1.0,TitansResolve,,,2.0,,,,,,,,,,,,,,,,,,,,,,,,,,,,,,,,,,,,,,,,,,,,2.0,,,,,,,,1.0,LastWhisper,RecurveBow,,,,,,,,,,,,None,None,,,,,,,,,,,,,,,,,,,,,,,,,,,,,,,,,,,,
2,EUW1_5972561868,TFT7_Augment_ShapeshifterBeastsDen,TFT6_Augment_FirstAidKit,TFT6_Augment_CelestialBlessing2,0.0,,,1.0,,,1.0,0.0,,,,1.0,,0.0,,,0.0,,,2.0,,,1.0,,,,,3.0,,,,,,,,,,,,,,,,,,,,,,,,,,,,,,,,,,,,,,,,,,,,,,,,,2.0,RapidFireCannon,UnstableConcoction,GuinsoosRageblade,3.0,Bloodthirster,GuinsoosRageblade,ArchangelsStaff,,,,,2.0,,,,,,,,,,,,,,,,,,,,,,,,,,,,,,,,,,,,,,,,,,,,,,,,2.0,RedBuff,BrambleVest,Redemption,,,,,,,,,,,,,,,,,2.0,UnstableConcoction,UnstableConcoction,,,,,,,,,,,,,,,,,,,,,,,,,,,,,,,,,,,,,,1.0,TearOfTheGoddess,,,1.0,,,,2.0,,,,,,,,,,,,,,,,,,,,,,None,None,,,,,,,,,,,,,,,,,,,,,,,,,,,,,,,,,,,,
3,EUW1_5972561868,TFT7_Augment_FirstAidKit2,TFT6_Augment_TinyTitans,TFT6_Augment_ThrillOfTheHunt2,,,1.0,1.0,,,1.0,,0.0,,1.0,,0.0,1.0,,1.0,,,,,0.0,1.0,,,2.0,1.0,,0.0,,,,,,,,,1.0,RabadonsDeathcap,ArchangelsStaff,SpearOfShojin,,,,,,,,,1.0,,,,,,,,,,,,,,,,,,,,,,,,,,,,,,,,,,,,,,,,,,,,,,,,2.0,,,,,,,,,,,,,,,,,,,,,,,,,,,,,,,,2.0,,,,,,,,,,,,,,,,,,,,,,,,2.0,ThiefsGloves,Quicksilver,Deathblade,,,,,,,,,,,,,,,,,,,,,,,,,,,,,,,,,,,,,,,,,,,,,,,,,2.0,BrambleVest,RedBuff,WarmogsArmor,,,,,,,,,,,,,,,,,4.0,TrainerSnax,None,None,,,,,,,,,,,,,,,,,,,,,,,,,,,,,,,,,1.0,StatikkShiv,,
1,EUW1_5972561868,TFT6_Augment_CyberneticShell2,TFT6_Augment_LudensEcho1,TFT6_Augment_Ascension,,,1.0,1.0,,,1.0,0.0,0.0,,1.0,,0.0,1.0,0.0,1.0,,,,,0.0,1.0,,,2.0,1.0,0.0,0.0,,,,,,,,,2.0,GuinsoosRageblade,StatikkShiv,ArchangelsStaff,,,,,,,,,2.0,,,,,,,,,,,,,,,,,,,,,,,,,,,,,,,,,,,,,,,,,,,,,,,,2.0,PowerGauntlet,,,,,,,,,,,,,,,,,,,,,,,,,,,,,,,2.0,,,,,,,,,,,,,,,,,,,,,,,,2.0,GargoyleStoneplate,GiantsBelt,,,,,,,,,,,,,,,,,,,,,,,,,,,,,,,,,,,,,,,,,,,,,,,,,,2.0,RedBuff,FrozenHeart,GargoyleStoneplate,,,,,,,,,,,,,,,,,4.0,TrainerSnax,None,None,,,,,,,,,,,,,,,,,,,,,,,,,2.0,MadredsBloodrazor,MadredsBloodrazor,SeraphsEmbrace,,,,,1.0,,,
1,EUW1_5972285575,TFT6_Augment_Electrocharge2,TFT6_Augment_HighEndShopping,TFT7_Augment_BestFriends2,0.0,,1.0,1.0,,,1.0,0.0,,,2.0,,0.0,1.0,0.0,0.0,,,,,0.0,1.0,,,2.0,,0.0,1.0,,,,,,,,,2.0,UnstableConcoction,MadredsBloodrazor,SpearOfShojin,,,,,,,,,2.0,,,,,,,,,,,,,,,,,,,,,,,,,,,,,,,,,,,,,,,,,,,,,,,,,,,,,,,,,,,,,,,,,,,,,,,,,,,,,,,,,,,,,,,,,,,,,,,,,,,,,,,,2.0,GargoyleStoneplate,RedBuff,,2.0,FrozenHeart,LastWhisper,,,,,,1.0,,,,,,,,,,,,,,,,,,,,,,,,,,,,,,,,,,,,,,,,1.0,,,,,,,,,,,,,,,,,,,,,,None,None,,,,,,,,,,,,,,,,,,,,,,,,,2.0,HextechGunblade,LastWhisper,InfinityEdge,,,,,2.0,,,
8,EUW1_5972285575,TFT7_Augment_MirageEmblem,TFT6_Augment_ForceOfNature,TFT7_Augment_CavalierEmblem,0.0,,,1.0,,3.0,,,,0.0,1.0,,,1.0,1.0,,,,2.0,,,,,,,0.0,0.0,0.0,,,,,,,,,,,,,,,,,,,,,,,,,2.0,MirageEmblemItem,,,,,,,1.0,,,,,,,,,,,,,,,,,,,,,,,,,,,,,,,,,,,,1.0,,,,,,,,,,,,,,,,,,,,,,,,,,,,3.0,Bloodthirster,TitansResolve,ArchangelsStaff,,,,,,,,,,,,,,,,,2.0,UnstableConcoction,WarmogsArmor,,2.0,CavalierEmblemItem,,,,,,,,,,,,,,,,,,,1.0,,,,,,,,,,,,,,,,,,,,,,,,,,,,,,,,,,,,2.0,,,,,,,,,,,,,,,,,,,,,,None,None,,,,,,,,,,,,,,,,,,,,,,,,,,,,,,,,,,,,
7,EUW1_5972285575,TFT6_Augment_TradeSector,TFT7_Augment_UrfsGrabBag2,TFT6_Augment_ComponentGrabBag,,1.0,,2.0,,,,,,,1.0,,,1.0,,0.0,0.0,,,,,,,1.0,,,0.0,0.0,,,,,,,,,,,,,,,,,,,,,,,,,,,,,,,,,,,,,,,,,,,,,,,,,,,,,,,,,,,,,,,,,,,,,,,,,3.0,RedBuff,MageEmblemItem,WarmogsArmor,,,,,,,,,,,,,,,,,,,,,,,,,,,,,3.0,ArchangelsStaff,GuinsoosRageblade,ZekesHerald,,,,,,,,,,,,,,,,,,,,,,,,,,,,,,,,,,,,,,,,,,,,,2.0,,,,,,,,2.0,,,,,,,,,,,,,,,,1.0,SpearOfShojin,,,,,,,,,,,,,,,,,,,,,None,None,,,,,2.0,,,,3.0,Deathblade,MadredsBloodrazor,GuinsoosRageblade,,,,,,,,,,,,,,,,,,,,,,,,
5,EUW1_5972285575,TFT7_Augment_CavalierDevastatingCharge,TFT6_Augment_GrandGambler,TFT7_Augment_CavalierEmblem,0.0,,,,,4.0,,,,0.0,1.0,,,0.0,0.0,,0.0,,2.0,,,,,,,,,,,,,,,,,,,,,,,,,,,,,,,,,,2.0,,,,,,,,2.0,CavalierEmblemItem,,,,,,,,,,,,,,,,,,,,,,,,,,,,,,,2.0,,,,,,,,,,,,,,,,,,,,,,,,,,,,,,,,3.0,ArchangelsStaff,Bloodthirster,TitansResolve,,,,,,,,,,,,,,,,,2.0,ScalescornEmblemItem,,,,,,,,,,,,,,,,,,,,,,,3.0,RedBuff,StatikkShiv,BrambleVest,,,,,,,,,,,,,,,,,,,,,,,,,,,,,,,,,,,,,,,,,,,,,,,,,,,,,,,None,None,,,,,,,,,,,,,,,,,,,,,,,,,,,,,,,,,,,,
6,EUW1_5972285575,TFT6_Augment_HyperRoll,TFT6_Augment_ForceOfNature,TFT6_Augment_PortableForge,,,,1.0,2.0,,1.0,,1.0,,,,,0.0,,0.0,,2.0,,,,,,,,2.0,,2.0,,,,,,,,,,,,,,,,,,,,,,,,,,,,,1.0,InfinityEdge,RunaansHurricane,,,,,,,,,,,,,,,,,,1.0,WarmogsArmor,,,,,,,,,,,,,,,,,,,2.0,,,,,,,,2.0,ThiefsGloves,Morellonomicon,GuardianAngel,,,,,,,,,,,,,,,,,,,,,2.0,,,,,,,,,,,,,,,,,,,,,,,,,,,,,,,,,,,,,,,,,,,,,,,,,,,,,,,,,,,,,,,,2.0,,,,,,,,,,,,2.0,OrnnEternalWinter,TitanicHydra,Morellonomicon,,,,,,,,,,,,,,,,,3.0,TrainerSnax,None,None,2.0,ThiefsGloves,Redemption,FrozenHeart,,,,,,,,,,,,,,,,,,,,,,,,,,,,,,,,
2,EUW1_5972285575,TFT6_Augment_CyberneticImplants2,TFT7_Augment_WarriorEmblem2,TFT6_Augment_ThrillOfTheHunt2,1.0,,,2.0,,,1.0,0.0,,,,,0.0,0.0,0.0,,0.0,,,0.0,,,,,1.0,,2.0,3.0,,,,,,,,,,,,,,,,,,,,,,,,,,,,,,,,,,,,,,,,,,,,,,,,,2.0,TitansResolve,Bloodthirster,MadredsBloodrazor,1.0,,,,,,,,,,,,,,,,,,,,,,,,,,,,,,,,,,,,,,,,,,,,,,,,,,,,,,,,,,,,,,,,,,,,,,,,2.0,RedBuff,Zephyr,,2.0,WarriorEmblemItem,FrozenHeart,,1.0,WarriorEmblemItem,,,,,,,,,,,,,,,,,,,2.0,DragonsClaw,,,,,,,,,,,,,,,,,,,,,,,2.0,Redemption,LocketOfTheIronSolari,,,,,,,,,,,,,,,,,,,,None,None,,,,,,,,,,,,,,,,,,,,,,,,,2.0,ChainVest,,,,,,,,,,
4,EUW1_5972285575,TFT6_Augment_Traitless2,TFT6_Augment_RadiantRelics,TFT6_Augment_Ascension,,,1.0,0.0,,0.0,,0.0,0.0,,1.0,0.0,0.0,,0.0,1.0,0.0,,,0.0,,,1.0,0.0,0.0,0.0,0.0,,,,,,,,,,,,,,,,,,,,,,1.0,ZekesHerald,,,,,,,,,,,,,,,,,,,,,,,,,,,,,,,,,,,,,,,,,,,2.0,DragonsClawRadiant,IonicSpark,RedBuff,,,,,,,,,,,,,,,,,,,,,,,,,,,,,,,,,1.0,,,,,,,,1.0,,,,,,,,,,,,,,,,2.0,,,,,,,,,,,,,,,,,,,,,,,,,,,,,,,,,,,,,,,,,,,,1.0,,,,,,,,,,,,,,,,,,,,,,,,,,,,,,None,None,,,,,,,,,,,,,,,,,,,,,2.0,GuinsoosRageblade,StatikkShiv,Quicksilver,1.0,InfinityEdge,UnstableConcoction,TitansResolve,,,,,,,,
3,EUW1_5972285575,TFT6_Augment_Ascension,TFT7_Augment_BestFriends3,TFT6_Augment_ComponentGrabBag,,0.0,,,,,1.0,0.0,,,,0.0,,,0.0,,1.0,,,3.0,,,,,,,0.0,0.0,,,,,,,,,,,,,,,,,,,,,,,,,,,,,,,,,,,,,,,,,,,,,,,,,,,,,2.0,RabadonsDeathcap,GuinsoosRageblade,ArchangelsStaff,,,,,2.0,,,,,,,,,,,,,,,,,,,,,,,,,,,,,,,,,,,,,,,,,,,,,,,,2.0,BrambleVest,TitansResolve,Redemption,3.0,Deathblade,UnstableConcoction,MadredsBloodrazor,,,,,,,,,,,,,,,,,,,,,,,,,,,,,,,,,,,,,,,,,1.0,Chalice,,,,,,,,,,,,,,,1.0,,,,,,,,,,,,,,,,,,,,,,,,,,None,None,,,,,,,,,,,,,,,,,,,,,,,,,1.0,,,,,,,,,,,
3,EUW1_5972743225,TFT7_Augment_BestFriends2,TFT7_Augment_BestFriends1,TFT7_Augment_GuildGearUpgrades,1.0,,,1.0,,1.0,,,,,4.0,,,,,,1.0,,0.0,,,,,1.0,0.0,,1.0,,,,,,,,,,,,,,,,,,,,,,,,,,,,,,,,,,,,,,,,,,,,,,,,,,,,,,,,,,,,,,,,,,2.0,Redemption,Shroud,,,,,,,,,,,,,,,,,,,,,,,,,,,,,,,,,,,,,,,,,,,,,,,,,,,,,,2.0,GuildEmblemItem,,,,,,,,,,,2.0,,,,,,,,2.0,LocketOfTheIronSolari,,,,,,,,,,,2.0,Redemption,DragonsClaw,,,,,,,,,,,,,,,,,,,,,,,,,,,,,,2.0,RedBuff,,,,,,,,,,,,,None,None,,,,,2.0,NeedlesslyLargeRod,,,,,,,,,,,,,,,2.0,GuinsoosRageblade,MadredsBloodrazor,Quicksilver,,,,,,,,,,,,
7,EUW1_5972743225,TFT7_Augment_AstralIntercosmicGifts,TFT6_Augment_PandorasItems,TFT6_Augment_Diversify2,0.0,1.0,1.0,1.0,,,,,,,2.0,,0.0,0.0,,1.0,,,,,,,,1.0,1.0,,,,,,,,,,,,,,,,,,,,,,,,1.0,TearOfTheGoddess,,,,,,,,,,,,,,,,,,,,,,,,,,,,,,,,,,,,,,,,,,,,,,,,,,,2.0,ThiefsGloves,GiantsBelt,RedBuff,,,,,,,,,,,,,,,,,,,,,,,,,,,,,3.0,SpearOfShojin,,,,,,,,,,,,,,,,,,,1.0,Morellonomicon,,,,,,,2.0,FrozenHeart,,,,,,,,,,,,,,,,,,,,,,,,,,,,,,,,,,,,,,,,,,,,,,,,,,,,,,,,,,,,,,,,,None,None,,,,,2.0,,,,3.0,RunaansHurricane,GuinsoosRageblade,Deathblade,,,,,,,,,,,,,,,,,,,,,,,,
1,EUW1_5972743225,TFT6_Augment_RichGetRicher,TFT6_Augment_PandorasItems,TFT6_Augment_CelestialBlessing2,,,1.0,1.0,,,1.0,0.0,0.0,,1.0,0.0,0.0,1.0,0.0,0.0,,0.0,,,0.0,1.0,1.0,,2.0,,0.0,0.0,,,,,,,,,2.0,GuinsoosRageblade,SpearOfShojin,ArchangelsStaff,,,,,,,,,2.0,,,,,,,,,,,,,,,,,,,,,,,,,,,,,,,,,,,,,,,,,,,,,,,,,,,,,,,,,,,,,,,,,,,,,,,,,,,,,,,,,,,,,,,,,,,,,,,,,,,,,,,,2.0,TitanicHydra,DragonsClaw,DragonsClaw,,,,,,,,,,,,,,,,,,,,,,,,,,,,,,,,,,,,,1.0,,,,2.0,,,,,,,,2.0,RedBuff,,,,,,,,,,,,,,,,,,,,,None,None,,,,,,,,,,,,,,,,,,,,,,,,,2.0,MageEmblemItem,,,,,,,2.0,ZekesHerald,StatikkShiv,
2,EUW1_5972743225,TFT6_Augment_LudensEcho2,TFT6_Augment_LudensEcho1,TFT6_Augment_PortableForge,,0.0,,1.0,,,1.0,,0.0,,,,0.0,1.0,,1.0,,,,,0.0,1.0,,,2.0,1.0,,,,,,,,,,,2.0,ArchangelsStaff,SpearOfShojin,GuinsoosRageblade,,,,,,,,,,,,,,,,,,,,,,,,,,,,,,,,,,,,,,,,,,,,,,,,,,,,,,,,,2.0,RedBuff,,,3.0,ThiefsGloves,GiantsBelt,RedBuff,,,,,,,,,,,,,,,,,,,,,,,,,2.0,PowerGauntlet,,,2.0,,,,,,,,,,,,,,,,,,,,2.0,TitanicHydra,DragonsClaw,OrnnEternalWinter,,,,,,,,,,,,,,,,,,,,,,,,,,,,,,,,,,,,,,,,,,,,,,,,,,,,,,,,,,,,,,,,,,,,,3.0,TrainerSnax,None,None,,,,,,,,,,,,,,,,,,,,,,,,,,,,,,,,,2.0,RapidFireCannon,Morellonomicon,
8,EUW1_5972743225,TFT7_Augment_ClutteredMind,TFT6_Augment_ItemGrabBag1,TFT6_Augment_ComponentGrabBag,,,,0.0,,,,2.0,,,,0.0,0.0,,,,1.0,,,0.0,0.0,,,0.0,0.0,,0.0,,,,,,,,,,,,,,2.0,,,,,,,,,,,,,,,,,,,,,,,,,,,,,,,,,,,,,,,,,,,,,,,,,,,,,,,,,,,,,,,,,,,,2.0,,,,,,,,3.0,Bloodthirster,TitansResolve,JeweledGauntlet,,,,,,,,,,,,,,,,,,,,,,,,,,,,,,,,,,,,,,,,,,,,,,,,,,,,,,,,,2.0,,,,1.0,Chalice,Redemption,RedBuff,,,,,,,,,,,,,,,,,2.0,GuinsoosRageblade,Deathblade,,,,,,,,,,,,,,,,,,,,,,,,None,None,,,,,,,,,,,,,,,,,2.0,ThiefsGloves,StatikkShiv,StatikkShiv,,,,,,,,,,,,,,,,
5,EUW1_5972743225,TFT7_Augment_MikaelsGift,TFT7_Augment_BandOfThieves1,TFT7_Augment_DragonAlliance,0.0,,,1.0,,,2.0,,,0.0,,,0.0,,,,,,,,1.0,,,,2.0,,,2.0,,,,,,,,,1.0,ShimmerscaleGoldmancersStaff,ArchangelsStaff,MadredsBloodrazor,,,,,,,,,,,,,,,,,,,,,,,,,,,,,2.0,ThiefsGloves,RunaansHurricane,Quicksilver,,,,,2.0,TitansResolve,Bloodthirster,InfinityEdge,,,,,,,,,,,,,,,,,,,,,,,,,,,,,,,,,,,,,,,,,,,,,,,,,,,,,,,,,,,,,,,,,,,,,,,,,1.0,LocketOfTheIronSolari,DragonsClaw,,1.0,HextechGunblade,RedBuff,,,,,,,,,,,,,,,,,,,,,,,,,,,,,,,,,,,,,,,,,,,,,,,,,,,,,,,,,,,,,,,,,,,,None,None,,,,,,,,,,,,,,,,,,,,,,,,,,,,,,,,,,,,
4,EUW1_5972743225,TFT6_Augment_CelestialBlessing2,TFT7_Augment_BestFriends1,TFT6_Augment_PortableForge,0.0,,,1.0,,1.0,1.0,,,,,0.0,0.0,,0.0,,0.0,,,,,,1.0,,3.0,,0.0,,,,,,,,,,1.0,JeweledGauntlet,HextechGunblade,ArchangelsStaff,,,,,,,,,,,,,,,,,,,,,,,,,,,,,,,,,,,,,,,,,,,,,,,,,,,,,2.0,BrambleVest,TempestEmblemItem,,,,,,,,,,,,,,,,,,,,,,,,,,,,,,,,,,,,,,,,,,,,,,,,,,2.0,OrnnMuramana,RedBuff,Redemption,,,,,2.0,,,,,,,,1.0,,,,,,,,,,,,,,,,,,,,2.0,SparringGloves,,,,,,,,,,,,,,,2.0,ZekesHerald,StatikkShiv,,,,,,,,,,,,,,,,,,,,,,,,,,,,None,None,,,,,,,,,,,,,,,,,,,,,,,,,,,,,,,,,,,,
6,EUW1_5972743225,TFT6_Augment_BlueBattery2,TFT7_Augment_BestFriends1,TFT7_Augment_BestFriends2,,1.0,,1.0,,0.0,,,0.0,,1.0,,,2.0,,2.0,,,0.0,,,,,,,0.0,,0.0,,,,,,,,,,,,,,,,,,,,,,,,,,,,,,,,,,,,,,,,,,,,,,,,,,,,,,,,,,,,,,,,,,,,,,,,,2.0,MysticEmblemItem,,,,,,,,,,,,,,,,,,,,,,,2.0,,,,1.0,,,,3.0,ArchangelsStaff,SpearOfShojin,,,,,,,,,,,,,,,,,,,,,,,,,,,,,,2.0,MadredsBloodrazor,MadredsBloodrazor,MadredsBloodrazor,,,,,,,,,,,,,,,,,,,,,,,,,,,,,,,,,,,,,2.0,FrozenHeart,DragonsClaw,GiantsBelt,,,,,,,,,,,,,,,,,,,None,None,,,,,,,,,,,,,2.0,,,,,,,,,,,,,,,,,,,,,,,
5,EUW1_5973256309,TFT6_Augment_TradeSector,TFT6_Augment_Weakspot,TFT6_Augment_PortableForge,,1.0,,1.0,,,,,1.0,,1.0,,,1.0,,1.0,,0.0,,,,,,1.0,,1.0,,0.0,,,,,,,,,,,,,,,,,,,,,,,,,,,,,,,,,,,,,,,,,,,,,,,,,,,,,,,,,,,,,,,,,,,,,1.0,,,,3.0,OrnnEternalWinter,FrozenHeart,DragonsClaw,,,,,,,,,,,,,,,,,,,,,,,,,2.0,,,,3.0,ThiefsGloves,Zephyr,GuardianAngel,,,,,,,,,,,,,,,,,,,,,,,,,,,,,,,,,,,,,,,,,,,,,,,,,,,,,,,,,2.0,Morellonomicon,,,,,,,,,,,2.0,ThiefsGloves,BrambleVest,TitansResolve,,,,,,,,,,,,,,,,,2.0,TrainerSnax,None,None,,,,,2.0,,,,3.0,MadredsBloodrazor,Deathblade,GuinsoosRageblade,,,,,,,,,,,,,,,,,,,,,,,,
4,EUW1_5973256309,TFT6_Augment_CyberneticUplink2,TFT6_Augment_CyberneticImplants1,TFT7_Augment_PandorasBench,,,,,,2.0,1.0,0.0,,0.0,1.0,,,0.0,3.0,,,,0.0,,,,,,,,0.0,,,,,,,,,,,,,,,,,,,,,,,,,,,,,,,,,,,,,,2.0,JeweledGauntlet,ArchangelsStaff,InfinityEdge,,,,,,,,,,,,,,,,,,,,,,,,,,,,,,,,,,,,,,,,,,,,,,,,,,,,,2.0,,,,2.0,GiantsBelt,,,,,,,,,,,,,,,,,,,3.0,WarmogsArmor,RedBuff,,,,,,,,,,,,,,,,,,,,,,1.0,,,,,,,,,,,,,,,,,,,,,,,,,,,,,,,,,,,,,,,,,,,,,,,,,,,,,,,,,,None,None,,,,,,,,,,,,,,,,,,,,,,,,,1.0,RapidFireCannon,Deathblade,,,,,,,,,
3,EUW1_5973256309,TFT6_Augment_CyberneticUplink2,TFT7_Augment_JadeEmblem,TFT6_Augment_ComponentGrabBag,,,1.0,0.0,,1.0,1.0,0.0,,,2.0,1.0,0.0,,0.0,0.0,0.0,,,0.0,,,1.0,,2.0,,0.0,,,,,,,,,,1.0,SpearOfShojin,ArchangelsStaff,ArchangelsStaff,,,,,,,,,1.0,NeedlesslyLargeRod,,,,,,,,,,,,,,,,,,,,,,,,,,,,,,,,,,,,,,,,,,,1.0,GiantsBelt,,,,,,,,,,,,,,,,,,,,,,,,,,,,,,,,,,,,,,,,,,,2.0,IonicSpark,RedBuff,GargoyleStoneplate,,,,,,,,,,,,,2.0,,,,,,,,,,,,,,,,2.0,,,,,,,,,,,,,,,,,,,,,,,,,,,,2.0,StatikkShiv,,,,,,,,,,,,,,,,,,,,,,,,,,,,,None,None,,,,,,,,,,,,,,,,,,,,,,,,,2.0,TitansResolve,JadeEmblemItem,MadredsBloodrazor,,,,,,,,
7,EUW1_5973256309,TFT6_Augment_ThreesCompany,TFT6_Augment_CelestialBlessing1,TFT6_Augment_Ascension,,0.0,,1.0,,,1.0,,0.0,,,,0.0,1.0,,1.0,,,,,0.0,1.0,,,2.0,1.0,,0.0,,,,,,,,,1.0,SpearOfShojin,RapidFireCannon,MadredsBloodrazor,,,,,,,,,,,,,,,,,,,,,,,,,,,,,,,,,,,,,,,,,,,,,,,,,,,,,,,,,1.0,,,,,,,,,,,,,,,,,,,,,,,,,,,,,,,,2.0,,,,3.0,StatikkShiv,HextechGunblade,,,,,,,,,,,,,,,,,,2.0,,,,,,,,,,,,,,,,,,,,,,,,,,,,,,,,,,,,,,,,,,,,,,,,,,,,2.0,GargoyleStoneplate,WarmogsArmor,DragonsClaw,,,,,,,,,,,,,,,,,2.0,TrainerSnax,None,None,,,,,,,,,,,,,,,,,,,,,,,,,,,,,,,,,1.0,,,
2,EUW1_5973256309,TFT7_Augment_GuildLoot,TFT7_Augment_GuildTrait,TFT7_Augment_GuildEmblem,1.0,,,1.0,,2.0,,,,,5.0,,0.0,,0.0,,1.0,,,,,,,1.0,1.0,,0.0,,,,,,,,,,,,,,,,,,,,,,,,,,,,,,,,,,,,,,,,,,,,,,,,,,,,,,,,,,,,,,,,,,2.0,LocketOfTheIronSolari,Morellonomicon,BrambleVest,,,,,,,,,,,,,,,,,,,,,,,,,,,,,,,,,,,,,,,,,,,,,,,,,1.0,,,,,,,,2.0,ThiefsGloves,IonicSpark,StatikkShiv,,,,,2.0,FrozenHeart,RedBuff,RabadonsDeathcap,,,,,2.0,,,,,,,,,,,,1.0,,,,,,,,,,,,,,,,,,,,,,,,,,,,,,,,2.0,Bloodthirster,UnstableConcoction,FrozenHeart,,,,,,,,,,,None,None,,,,,2.0,,,,,,,,,,,,,,,,2.0,MadredsBloodrazor,GuinsoosRageblade,GuildEmblemItem,,,,,,,,,,,,
1,EUW1_5973256309,TFT7_Augment_ClutteredMind,TFT6_Augment_ItemGrabBag1,TFT7_Augment_CannoneerRicochet,0.0,,1.0,,1.0,,1.0,,1.0,1.0,1.0,,,,,1.0,,1.0,,,1.0,,,,,1.0,,1.0,,,,,,,,,,,,,,,,,,,,,2.0,,,,,,,,3.0,Bloodthirster,MadredsBloodrazor,GuinsoosRageblade,,,,,,,,,2.0,RedBuff,Redemption,GargoyleStoneplate,,,,,,,,,,,,,,,,,,,,,,,,,,,,,,,,,,,,,,,,,,,,,,,,,,,,,,,,,1.0,,,,,,,,,,,,,,,,,,,,,,,,,,,,2.0,BrambleVest,StatikkShiv,,,,,,,,,,,,,,,,,,,,,,,,,,,,,,,,,,2.0,SpearOfShojin,TitansResolve,ShimmerscaleGamblersBlade,,,,,,,,,,,,,,,,,,,,,,,,,2.0,GargoyleStoneplate,,,1.0,TrainerSnax,None,None,1.0,,,,,,,,,,,,,,,,,,,,,,,,,,,,,,,,,,,
8,EUW1_5973256309,TFT6_Augment_Ascension,TFT6_Augment_ThrillOfTheHunt1,TFT7_Augment_DragonHorde,,0.0,,,,,2.0,,,0.0,,2.0,,,,0.0,,,,2.0,,,,,,,,0.0,,,,,,,,,,,,,,,,,,,,,,,,,,,,,,,,,,,,,,,,,,,,,2.0,RapidFireCannon,Quicksilver,,,,,,2.0,SpearOfShojin,,,,,,,2.0,,,,,,,,,,,,,,,,,,,,,,,,,,,,,,,,,,,,,,,,,,,,,,,,1.0,RedBuff,,,3.0,MadredsBloodrazor,RunaansHurricane,Quicksilver,,,,,,,,,,,,,,,,,,,,,,,,,,,,,,,,,,,,,,,,,,,,,,,,,,,,,,,,,,,,,,,,,,,,,,,,,2.0,,,,,,,,,,None,None,,,,,,,,,,,,,,,,,,,,,,,,,,,,,,,,,,,,
6,EUW1_5973256309,TFT6_Augment_ClearMind,TFT6_Augment_SecondWind1,TFT7_Augment_UrfsGrabBag1,,,1.0,1.0,,,1.0,,0.0,,1.0,,0.0,2.0,,1.0,,,,,0.0,1.0,,,2.0,1.0,,0.0,,,,,,,,,1.0,MageEmblemItem,RabadonsDeathcap,SpearOfShojin,,,,,,,,,1.0,,,,,,,,,,,,,,,,,,,,,,,,,,,,,,,,,,,,,,,,,,,,,,,,2.0,,,,,,,,,,,,,,,,,,,,,,,,,,,,,,,,2.0,MageEmblemItem,,,,,,,,,,,,,,,,,,,,,,,1.0,,,,,,,,,,,,,,,,,,,,,,,,,,,,,,,,,,,,,,,,,,,,,,,,,,,,2.0,TitanicHydra,Redemption,GiantsBelt,,,,,,,,,,,,,,,,,4.0,TrainerSnax,None,None,,,,,,,,,,,,,,,,,,,,,,,,,,,,,,,,,2.0,Deathblade,SeraphsEmbrace,
2,EUW1_5973253636,TFT7_Augment_WarriorTiamat,TFT7_Augment_ScalescornEmblem,TFT6_Augment_Diversify2,2.0,,,1.0,,,,0.0,,0.0,1.0,,0.0,,0.0,,0.0,,2.0,,,,,,1.0,,2.0,,,,,,,,,,,,,,,,,,,,,,,,,,2.0,TitanicHydra,,,,,,,3.0,FrozenHeart,UnstableConcoction,ArchangelsStaff,,,,,,,,,,,,,,,,,,,,,,,,,,,,,,,,,,,,,,,,,,,,,,,,,,,,,,,,,,,,,,,,,,,,,,,,,,,,,,,,,,,,,2.0,AssassinEmblemItem,Bloodthirster,InfinityEdge,1.0,WarmogsArmor,,,,,,,2.0,,,,,,,,,,,,,,,,,,,,2.0,,,,,,,,,,,,,,,,,,,,,,,,,,,,,,,,2.0,RedBuff,WarriorEmblemItem,ScalescornEmblemItem,,,,,,,,,,,None,None,,,,,,,,,,,,,,,,,,,,,,,,,1.0,,,,,,,,,,,
6,EUW1_5973253636,TFT7_Augment_AssassinEmblem,TFT6_Augment_Meditation2,TFT6_Augment_ThrillOfTheHunt2,1.0,,,1.0,,0.0,,,,0.0,1.0,,,1.0,,,,,2.0,,,,,,,,0.0,0.0,,,,,,,,,,,,,,,,,,,,,,,,,2.0,Redemption,TearOfTheGoddess,,,,,,2.0,ThiefsGloves,BFSword,Morellonomicon,,,,,,,,,,,,,,,,,,,,,,,,,,,,,,,,,,,,,,,,,,,,,,,,,,,,,,,,,,,,,2.0,ArchangelsStaff,AssassinEmblemItem,Bloodthirster,,,,,,,,,,,,,,,,,,,,,2.0,RapidFireCannon,AssassinEmblemItem,RapidFireCannon,,,,,,,,,,,,,1.0,,,,,,,,,,,,,,,,,,,,,,,,,,,,,,,,,,,,,,,,2.0,,,,,,,,,,,,,,,,,,,,,,None,None,,,,,,,,,,,,,,,,,,,,,,,,,,,,,,,,,,,,
4,EUW1_5973253636,TFT6_Augment_CalculatedLoss,TFT6_Augment_CelestialBlessing2,TFT6_Augment_PortableForge,,0.0,,,,,1.0,,,1.0,,2.0,,,,0.0,,,,2.0,,,,,,,,1.0,,,,,,,,,,,,,,,,,,,,,,,,,,,,,,,,,,,,,,,,,,,,,2.0,InfinityEdge,Bloodthirster,,,,,,2.0,ArchangelsStaff,NeedlesslyLargeRod,,,,,,3.0,PowerGauntlet,,,,,,,,,,,,,,,,,,,,,,,,,,,,,,,,,,,,,,,,,,,,,,,2.0,BrambleVest,GargoyleStoneplate,,3.0,GuinsoosRageblade,OrnnObsidianCleaver,Quicksilver,,,,,,,,,,,,,,,,,,,,,,,,,,,,,,,,,,,,,,,,,,,,,,,,,,,,,,,,,,,,,,,,,,,,,,,,,2.0,,,,2.0,,,,,,None,None,,,,,,,,,,,,,,,,,,,,,,,,,,,,,,,,,,,,
7,EUW1_5973253636,TFT6_Augment_BlueBattery2,TFT6_Augment_Twins2,TFT6_Augment_PortableForge,,0.0,,2.0,,,,,,,,,0.0,0.0,,,0.0,,,,,,,1.0,1.0,,0.0,0.0,,,,,,,,,,,,,,,,,,,,,,,,,,,,,,,,,,,,,,,,,,,,,,,,,,,,,,,,,2.0,ZekesHerald,,,,,,,,,,,,,,,2.0,RedBuff,OrnnDeathsDefiance,WarmogsArmor,,,,,,,,,,,,,,,,,,,,,,,,,,,,,,,,,,,,,,,,,,,,,,,,,1.0,,,,,,,,,,,,,,,,,,,,,,,,,,,,2.0,ChainVest,,,,,,,,,,,,,,,,,,,,,,,2.0,,,,,,,,,,,,,,,,,,,,,,None,None,,,,,,,,,2.0,RunaansHurricane,GuinsoosRageblade,MadredsBloodrazor,,,,,,,,,,,,,,,,,,,,,,,,
1,EUW1_5973253636,TFT7_Augment_MikaelsGift,TFT6_Augment_PortableForge,TFT6_Augment_ThrillOfTheHunt2,0.0,,1.0,1.0,,0.0,,0.0,0.0,,2.0,,0.0,1.0,0.0,1.0,0.0,,,,0.0,1.0,,,0.0,0.0,0.0,1.0,,,,,,,,,,,,,,,,,,,,,1.0,,,,,,,,,,,,,,,,,,,,,,,,,,,,,,,,,,,,,,,,,,,,2.0,DragonsClaw,SeraphsEmbrace,RedBuff,,,,,,,,,,,,,,,,,,,,,,,,,,,,,,,,,2.0,LocketOfTheIronSolari,,,,,,,,,,,,,,,,,,,,,,,1.0,,,,1.0,,,,,,,,2.0,,,,,,,,,,,,,,,,,,,,,,,,,,,,,,,,,,,,,,,,2.0,LocketOfTheIronSolari,LocketOfTheIronSolari,IonicSpark,,,,,,,,,,,,,,,,,,,None,None,,,,,,,,,,,,,,,,,,,,,,,,,2.0,InfinityEdge,DragonsClaw,MadredsBloodrazor,,,,,2.0,SpearOfShojin,OrnnMuramana,ArchangelsStaff
8,EUW1_5973253636,TFT6_Augment_ClearMind,TFT7_Augment_BestFriends2,TFT6_Augment_JeweledLotus,,1.0,1.0,1.0,,,,,,,3.0,,,1.0,,1.0,,,,,,,,1.0,,,,0.0,,,,,,,,,,,,,,,,,,,,,1.0,ChainVest,,,,,,,,,,,,,,,,,,,,,,,,,,,,,,,,,,,,,,,,,,,,,,,,,,,2.0,,,,,,,,,,,,,,,,,,,,,,,,,,,,,,,,3.0,,,,,,,,,,,,,,,,,,,,,,,,,,,,,,,,2.0,,,,,,,,,,,,,,,,,,,,,,,,,,,,,,,,,,,,,,,,1.0,RedBuff,,,,,,,,,,,,,,,,,,,,,None,None,,,,,2.0,,,,2.0,MadredsBloodrazor,GuinsoosRageblade,MadredsBloodrazor,,,,,,,,,,,,,,,,,,,,,,,,
3,EUW1_5973253636,TFT6_Augment_TriForce2,TFT6_Augment_CelestialBlessing2,TFT7_Augment_UrfsGrabBag1,0.0,1.0,1.0,1.0,,,,,,,4.0,,0.0,1.0,,1.0,,,,,,,,1.0,0.0,,,,,,,,,,,,,,,,,,,,,,,,1.0,,,,,,,,,,,,,,,,,,,,,,,,,,,,,,,,,,,,,,,,,,,,,,,,,,,,3.0,BrambleVest,RedBuff,MageEmblemItem,,,,,,,,,,,,,,,,,,,,,,,,,,,,,3.0,,,,,,,,,,,,,,,,,,,,2.0,FrozenHeart,TitanicHydra,,,,,,,,,,2.0,WarmogsArmor,,,,,,,,,,,,,,,,,,,,,,,,,,,,,,,,,,,,,,,,,,,,,,,1.0,RecurveBow,FrozenHeart,,,,,,,,,,,,None,None,,,,,2.0,StatikkShiv,,,3.0,GuinsoosRageblade,MadredsBloodrazor,Quicksilver,,,,,,,,,,,,,,,,,,,,,,,,
5,EUW1_5973253636,TFT7_Augment_AstralIntercosmicGifts,TFT7_Augment_BestFriends2,TFT6_Augment_FuturePeepers,0.0,1.0,,1.0,,,,,0.0,,1.0,,,2.0,,1.0,,,,,,,,,,1.0,,1.0,,,,,,,,,,,,,,,,,,,,,,,,,,,,,,,,,,,,,,,,,,,,,,,,,,,,,,,,,,,,,,,,,,,,,2.0,,,,3.0,Zephyr,,,,,,,,,,,,,,,,,,,,,,,,,,,2.0,,,,3.0,Chalice,,,,,,,,,,,,,,,,,,,,,,,1.0,JeweledGauntlet,InfinityEdge,,,,,,2.0,ArchangelsStaff,Quicksilver,SpearOfShojin,,,,,,,,,,,,,,,,,,,,,,,,,,,,,,,,,,,,,2.0,GargoyleStoneplate,IonicSpark,GargoyleStoneplate,,,,,,,,,,,,,,,,,2.0,TrainerSnax,None,None,,,,,,,,,,,,,2.0,,,,,,,,,,,,,,,,,,,,,,,
6,EUW1_5973161179,TFT7_Augment_BruiserEmblem,TFT6_Augment_Diversify1,TFT7_Augment_ScalescornEmblem,1.0,,,2.0,,,,,,1.0,1.0,,0.0,,,,0.0,,2.0,,,,,,1.0,,1.0,0.0,,,,,,,,,,,,,,,,,,,,,,,,,2.0,,,,,,,,2.0,RedBuff,TitanicHydra,Zephyr,,,,,,,,,,,,,,,,,,,,,,,,,,,,,,,,,,,,,,,,,,,,,,,,,,,,,,,,,,,,,,,,,,,,,,,,,,,,,,,,,,,,,2.0,UnstableConcoction,Quicksilver,GuinsoosRageblade,2.0,,,,,,,,1.0,,,,,,,,,,,,,,,,,,,,2.0,ThiefsGloves,PowerGauntlet,FrozenHeart,,,,,,,,,,,,,,,,,,,,,,,,,,,,,2.0,ScalescornEmblemItem,BruiserEmblemItem,Deathblade,,,,,1.0,,,,,,None,None,,,,,,,,,,,,,,,,,,,,,,,,,,,,,,,,,,,,
5,EUW1_5973161179,TFT6_Augment_CyberneticImplants2,TFT6_Augment_SecondWind1,TFT7_Augment_UrfsGrabBag1,1.0,0.0,,2.0,,,1.0,,,,,,0.0,0.0,,,,,,,,,,1.0,1.0,,,2.0,,,,,,,,,,,,,,,,,,,,,,,,,,,,,,,,,,,,,,,,,,,,,,,,,2.0,AssassinEmblemItem,InfinityEdge,Bloodthirster,,,,,1.0,,,,,,,,,,,,,,,,2.0,ChainVest,,,,,,,,,,,,,,,,,,,,,,,,,,,,,,,,,,,,,,,,,,,,,,,,,,,2.0,,,,1.0,RabadonsDeathcap,,,,,,,,,,,,,,,,,,,,,,,,,,,,,,,,,,,,,,,,,,,,,,,2.0,RedBuff,,,,,,,,,,,,,,,,,,,,,None,None,,,,,,,,,2.0,MadredsBloodrazor,GuinsoosRageblade,RapidFireCannon,,,,,,,,,,,,,,,,,,,,,,,,
7,EUW1_5973161179,TFT6_Augment_SecondWind2,TFT6_Augment_ThrillOfTheHunt1,TFT6_Augment_Meditation2,,1.0,,1.0,,1.0,,,0.0,,2.0,,,2.0,,1.0,,,0.0,,,,,,,0.0,,0.0,,,,,,,,,,,,,,,,,,,,,,,,,,,,,,,,,,,,,,,,,,,,,,,,,,,,,,,,,,,,,,,,,,,,,,,,,2.0,ThiefsGloves,ZekesHerald,RapidFireCannon,,,,,,,,,,,,,,,,,,,,,2.0,,,,1.0,,,,3.0,,,,,,,,,,,,,,,,,,,,,,,,,,,,,,,,2.0,UnstableConcoction,ArchangelsStaff,SpearOfShojin,2.0,,,,,,,,,,,,,,,,,,,,,,,,,,,,,,,,,,,,2.0,RedBuff,WarmogsArmor,Quicksilver,,,,,,,,,,,,,,,,,,,None,None,,,,,,,,,,,,,2.0,,,,,,,,,,,,,,,,,,,,,,,
8,EUW1_5973161179,TFT6_Augment_CalculatedLoss,TFT7_Augment_BruiserTrait,TFT6_Augment_ThrillOfTheHunt2,,1.0,,3.0,,,1.0,,,,,,0.0,0.0,,,,,,,,,,1.0,1.0,,,2.0,,,,,,,,,,,,,,,,,,,,,,,,,,,,,,,,,,,,,,,,,,,,,,,,,2.0,UnstableConcoction,InfinityEdge,,,,,,1.0,BFSword,,,,,,,,,,,,,,,2.0,,,,,,,,,,,,,,,,,,,,,,,,,,,,,,,,,,,,,,,,,,,,,,,,,,,,1.0,ThiefsGloves,GiantsBelt,DragonsClaw,,,,,,,,,,,,,,,,,,,,,,,,,,,,,,,,,1.0,,,,,,,,,,,,,,,,1.0,,,,,,,,,,,,,,,,,,,,,,None,None,,,,,,,,,2.0,GuinsoosRageblade,RunaansHurricane,MadredsBloodrazor,,,,,,,,,,,,,,,,,,,,,,,,
3,EUW1_5973161179,TFT6_Augment_TriForce2,TFT6_Augment_Weakspot,TFT6_Augment_PortableForge,1.0,0.0,,1.0,,,1.0,,,,2.0,,0.0,0.0,,,,,,,,,,1.0,2.0,,,0.0,,,,,,,,,1.0,AssassinEmblemItem,GuinsoosRageblade,Bloodthirster,,,,,,,,,,,,,,,,,,,,,,,,,,,,,,,,,,,,,,,,,,,,,,,,,,,,,,,,,,,,,3.0,Morellonomicon,GargoyleStoneplate,OrnnAnimaVisage,,,,,,,,,,,,,,,,,,,,,,,,,,,,,,,,,,,,,,,,,,,,,,,,,1.0,,,,,,,,,,,,,,,,,,,,,,,,,,,,,,,,,,,,,,,,,,,,,,,,,,,,1.0,,,,,,,,2.0,RunaansHurricane,IonicSpark,,,,,,,,,,,,None,None,,,,,2.0,,,,3.0,GuinsoosRageblade,Deathblade,Deathblade,,,,,,,,,,,,,,,,,,,,,,,,
4,EUW1_5973161179,TFT6_Augment_CalculatedLoss,TFT6_Augment_ItemGrabBag1,TFT6_Augment_ThrillOfTheHunt2,,,,1.0,2.0,,,,1.0,,,,,,,0.0,0.0,3.0,,,,,,,,1.0,0.0,,,,,,,,,,,,,,,,,,,,,,,,,,,,,,2.0,PowerGauntlet,,,,,,,,,,,,,,,,,,,,,,,,,,,,,,,,,,,,,,,,,,,,,,,3.0,ZekesHerald,MadredsBloodrazor,HextechGunblade,,,,,,,,,,,,,,,,,,,,,2.0,,,,,,,,,,,,,,,,,,,,,,,,,,,,,,,,,,,,,,,,,,,,,,,,,,,,3.0,GargoyleStoneplate,RedBuff,IonicSpark,,,,,,,,,2.0,NeedlesslyLargeRod,,,,,,,,,,,,,,,2.0,,,,,,,,,,,,,,,,4.0,TrainerSnax,None,None,3.0,LastWhisper,InfinityEdge,Quicksilver,,,,,,,,,,,,,,,,,,,,,,,,,,,,,,,,
2,EUW1_5973161179,TFT7_Augment_GuildEmblem,TFT6_Augment_CelestialBlessing1,TFT7_Augment_GuildGearUpgrades,1.0,,,1.0,,1.0,,,,,4.0,,0.0,,,,1.0,,,,,,,1.0,1.0,,0.0,,,,,,,,,,,,,,,,,,,,,,,,,,,,,,,,,,,,,,,,,,,,,,,,,,,,,,,,,,,,,,,,,,2.0,GargoyleStoneplate,Redemption,,,,,,,,,,,,,,,,,,,,,,,,,,,,,,,,,,,,,,,,,,,,,,,,,,,,,,,,,,2.0,Shroud,,,,,,,2.0,RedBuff,,,,,,,2.0,,,,,,,,,,,,2.0,BrambleVest,,,,,,,,,,,,,,,,,,,,,,,,,,,,,,,2.0,FrozenHeart,LastWhisper,RunaansHurricane,,,,,,,,,,,None,None,,,,,1.0,,,,,,,,,,,,,,,,2.0,GuinsoosRageblade,MadredsBloodrazor,GuildEmblemItem,,,,,,,,,,,,
1,EUW1_5973161179,TFT6_Augment_CelestialBlessing2,TFT6_Augment_Diversify1,TFT6_Augment_BlueBattery2,1.0,,,1.0,,1.0,,,,0.0,2.0,,,1.0,,,,,2.0,,0.0,1.0,,,,,0.0,0.0,,,,,,,,,,,,,,,,,,,,,,,,,2.0,,,,,,,,3.0,InfinityEdge,RedBuff,Quicksilver,,,,,,,,,,,,,,,,,,,,,,,,,,,,,,,,,,,,,,,,,,,,,,,,,,,,,,,,,,,,,3.0,ArchangelsStaff,IonicSpark,AssassinEmblemItem,,,,,,,,,,,,,,,,,,,,,2.0,,,,,,,,,,,,,,,,1.0,,,,2.0,,,,,,,,,,,,,,,,,,,,,,,,,,,,,,,,,,,,2.0,,,,,,,,,,,,,,,,,,,,,,None,None,,,,,,,,,,,,,,,,,,,,,,,,,,,,,,,,,1.0,RecurveBow,Chalice,ArchangelsStaff
5,EUW1_5973146540,TFT7_Augment_BestFriends1,TFT6_Augment_SecondWind1,TFT7_Augment_RagewingTantrum,1.0,,,1.0,,1.0,,,,,3.0,,0.0,,,,1.0,,,,,,,1.0,1.0,,0.0,,,,,,,,,,,,,,,,,,,,,,,,,,,,,,,,,,,,,,,,,,,,,,,,,,,,,,,,,,,,,,,,,,2.0,,,,,,,,,,,,,,,,,,,,,,,,,,,,,,,,,,,,,,,,,,,,,,,,,,,,,,,,,,,,2.0,RedBuff,GargoyleStoneplate,WarmogsArmor,,,,,2.0,,,,,,,,2.0,,,,,,,,,,,,1.0,GiantsBelt,,,,,,,,,,,,,,,,,,,,,,,,,,,,,,,2.0,InfinityEdge,,,,,,,,,,,,,None,None,,,,,2.0,,,,,,,,,,,,,,,,2.0,InfinityEdge,MadredsBloodrazor,GuinsoosRageblade,,,,,,,,,,,,
6,EUW1_5973146540,TFT7_Augment_MirageTrait,TFT6_Augment_TinyTitans,TFT6_Augment_ComponentGrabBag,0.0,,,,,2.0,1.0,,,0.0,2.0,,,,3.0,,0.0,,,,,,,,,,,,,,,,,,,,,,,,,,,,,,,,,,,,,,,,,,,,,,,,2.0,ArchangelsStaff,ArchangelsStaff,SpearOfShojin,,,,,,,,,,,,,,,,,,,,,,,,,2.0,,,,,,,,,,,,,,,,,,,,,,,,,,,,2.0,Shroud,,,,,,,,,,,,,,,,,,,,,,,2.0,IonicSpark,WarmogsArmor,RedBuff,,,,,,,,,,,,,,,,,,,,,2.0,,,,,,,,,,,,,,,,,,,,,,,,,,,,,,,,,,,,,,,,,,,,2.0,FrozenHeart,Deathblade,,,,,,,,,,,,None,None,,,,,,,,,,,,,,,,,,,,,,,,,,,,,,,,,,,,
3,EUW1_5973146540,TFT6_Augment_CyberneticShell1,TFT6_Augment_Diversify1,TFT6_Augment_Distancing2,,,,1.0,2.0,,,,1.0,,,,0.0,1.0,,0.0,,2.0,,,0.0,1.0,,,0.0,1.0,,0.0,,,,,,,,,,,,,,,,,,,,,,,,,,,,,2.0,LastWhisper,InfinityEdge,GuinsoosRageblade,,,,,,,,,,,,,,,,,,,,,,,,,,,,,,,,,,,,,,,,,,,,,2.0,MadredsBloodrazor,,,,,,,,,,,,,,,,,,,,,,,2.0,,,,,,,,,,,,,,,,,,,,,,,,2.0,Redemption,GargoyleStoneplate,ZekesHerald,,,,,,,,,,,,,,,,,,,,,,,,,,,,,,,,,,,,,2.0,MageEmblemItem,,,,,,,,,,,2.0,IonicSpark,RedBuff,GargoyleStoneplate,,,,,,,,,,,,,,,,,4.0,TrainerSnax,None,None,1.0,,,,,,,,,,,,,,,,,,,,,,,,,,,,,,,,1.0,ArchangelsStaff,,
7,EUW1_5973146540,TFT6_Augment_ThrillOfTheHunt1,TFT6_Augment_Distancing,TFT7_Augment_CavalierEmblem,,,,,,3.0,1.0,0.0,,1.0,1.0,,,,3.0,,0.0,,0.0,,,,,,,,0.0,,,,,,,,,,,,,,,,,,,,,,,,,,2.0,RedBuff,,,,,,,,,,,2.0,InfinityEdge,StatikkShiv,,,,,,,,,,,,,,,,,,,,,,,,,,1.0,,,,,,,,,,,,,,,,,,,,,,,,,,,,2.0,,,,,,,,,,,,,,,,,,,,,,,,2.0,GargoyleStoneplate,IonicSpark,GargoyleStoneplate,,,,,,,,,,,,,,,,,,,,,2.0,,,,,,,,,,,,,,,,,,,,,,,,,,,,,,,,,,,,,,,,,,,,,,,,,,,,,,,,,,None,None,,,,,,,,,,,,,,,,,,,,,,,,,2.0,CavalierEmblemItem,UnstableConcoction,WarmogsArmor,,,,,,,,
1,EUW1_5973146540,TFT6_Augment_CelestialBlessing1,TFT6_Augment_TinyTitans,TFT6_Augment_JeweledLotus,,,,0.0,,4.0,,1.0,0.0,,,1.0,1.0,0.0,0.0,,0.0,,0.0,,0.0,,1.0,0.0,1.0,,,,,,,,3.0,Bloodthirster,JeweledGauntlet,MadredsBloodrazor,,,,,2.0,,,,,,,,,,,,,,,,,,,,,,,,,,,,,,,,,,,,,,,,,,,,,,,,,,,,2.0,,,,,,,,,,,,,,,,,,,,,,,,2.0,CavalierEmblemItem,,,,,,,2.0,,,,,,,,,,,,,,,,,,,,2.0,UnstableConcoction,,,,,,,2.0,GargoyleStoneplate,Morellonomicon,,,,,,,,,,,,,,,,,,,,,,,,,,,,,,,,,,,,,,,,,,1.0,CavalierEmblemItem,,,,,,,,,,,,,,,,,,,,,,,,,,,,,None,None,,,,,,,,,,,,,,,,,3.0,Bloodthirster,GuinsoosRageblade,Quicksilver,,,,,,,,,,,,,,,,
2,EUW1_5973146540,TFT7_Augment_AFK,TFT6_Augment_ThrillOfTheHunt1,TFT6_Augment_SecondWind2,,1.0,1.0,1.0,,,,0.0,,,1.0,,0.0,1.0,0.0,1.0,,,,,0.0,1.0,,1.0,1.0,,0.0,0.0,,,,,,,,,,,,,,,,,,,,,2.0,,,,,,,,,,,,,,,,,,,,,,,,,,,,,,,,,,,,1.0,,,,,,,,,,,,,,,,3.0,GargoyleStoneplate,Shroud,,,,,,,,,,,,,,,,,,,,,,,,,,,,,,3.0,Chalice,RunaansHurricane,,,,,,,,,,,,,,,,,,2.0,,,,,,,,,,,,,,,,,,,,,,,,,,,,,,,,,,,,,,,,,,,,,,,,,,,,2.0,Shroud,,,,,,,,,,,,,,,,,,,,,None,None,,,,,,,,,3.0,GuinsoosRageblade,RunaansHurricane,MadredsBloodrazor,,,,,,,,,,,,,2.0,FrozenHeart,TitansResolve,MadredsBloodrazor,,,,,1.0,,,
4,EUW1_5973146540,TFT7_Augment_AFK,TFT6_Augment_ThrillOfTheHunt1,TFT7_Augment_BestFriends2,0.0,1.0,,1.0,,,,,,,3.0,0.0,,1.0,,0.0,,,,,,,1.0,1.0,,,,0.0,,,,,,,,,,,,,,,,,,,,,,,,,,,,,,,,,,,,,,,,,,,,,,,,,,,,,,,,,,,,,,,,,,,,,,,,,3.0,RedBuff,WarmogsArmor,Quicksilver,,,,,,,,,,,,,,,,,,,,,,,,,,,,,3.0,SeraphsEmbrace,RapidFireCannon,,,,,,,,,,,,,,,,,,,,,,,,,,,,,,2.0,,,,,,,,,,,,,,,,,,,,,,,,,,,,,,,,1.0,,,,,,,,2.0,,,,,,,,1.0,TitanicHydra,NegatronCloak,,,,,,,,,,,,None,None,,,,,2.0,,,,3.0,RunaansHurricane,MadredsBloodrazor,GuinsoosRageblade,,,,,,,,,,,,,,,,,,,,,,,,
8,EUW1_5973146540,TFT7_Augment_CannoneerTrait,TFT6_Augment_PandorasItems,TFT7_Augment_ShimmerscaleTrait,0.0,,,,1.0,,1.0,0.0,1.0,1.0,,,0.0,,,0.0,0.0,1.0,,,3.0,,,,,0.0,,0.0,,,,,,,,,,,,,,,,,,,,,,,,,,,,,1.0,ShimmerscaleGamblersBlade,Deathblade,ShimmerscaleDravensAxe,,,,,,,,,2.0,BrambleVest,RedBuff,WarmogsArmor,,,,,,,,,,,,,,,,,,,,,,,,,,,,,,,,,,,,,,,,,2.0,,,,,,,,,,,,,,,,1.0,ShimmerscaleHeartOfGold,PowerGauntlet,ShimmerscaleGoldmancersStaff,,,,,,,,,,,,,,,,,,,,,,,,,,,,,,,,,,,,,,,,,,,,,,,,,,,,,,,,,,,,,2.0,ThiefsGloves,TearOfTheGoddess,FrozenHeart,,,,,,,,,,,,,,,,,,,,,,,,,1.0,ShimmerscaleEmblemItem,,,,,None,None,,,,,,,,,,,,,,,,,1.0,,,,,,,,,,,,,,,,,,,
1,EUW1_5971804641,TFT7_Augment_ShapeshifterBeastsDen,TFT6_Augment_Twins2,TFT6_Augment_SecondWind2,,0.0,,0.0,,,1.0,0.0,,,,0.0,,,,,1.0,,,3.0,,,,,,,,0.0,,,,,,,,,,,,,,,,,,,,,,,,,,,,,,,,,,,,,,,,,,,,,,,,,,,,,1.0,,,,,,,,2.0,,,,,,,,,,,,3.0,RedBuff,FrozenHeart,,,,,,,,,,,,,,,,,,,,,,,,,,,,,,,,,,2.0,ThiefsGloves,Quicksilver,Deathblade,2.0,ChainVest,RunaansHurricane,RapidFireCannon,,,,,,,,,,,,,,,,,,,,,,,,,,,,,,,,,,,,,,,,,1.0,UnstableConcoction,ArchangelsStaff,RabadonsDeathcap,,,,,,,,,,,,,2.0,,,,,,,,,,,,,,,,,,,,,,,,,,None,None,,,,,,,,,,,,,,,,,,,,,,,,,,,,,,,,,,,,
6,EUW1_5971804641,TFT6_Augment_MetabolicAccelerator,TFT6_Augment_Distancing2,TFT6_Augment_Diversify2,,1.0,,2.0,,,1.0,,,,1.0,,0.0,0.0,,0.0,,,,,,,,1.0,0.0,,,2.0,,,,,,,,,,,,,,,,,,,,,,,,,,,,,,,,,,,,,,,,,,,,,,,,,1.0,InfinityEdge,,,,,,,,,,,,,,,,,,,,,,,2.0,RedBuff,TitanicHydra,LocketOfTheIronSolari,,,,,,,,,,,,,,,,,,,,,,,,,,,,,3.0,,,,,,,,,,,,,,,,,,,,1.0,ThiefsGloves,SparringGloves,Chalice,,,,,,,,,,,,,,,,,,,,,,,,,,,,,,,,,,,,,,,,,,,,,,,,,1.0,,,,,,,,,,,,,,,,,,,,,,None,None,,,,,1.0,InfinityEdge,,,3.0,InfinityEdge,GuinsoosRageblade,RunaansHurricane,,,,,,,,,,,,,,,,,,,,,,,,
3,EUW1_5971804641,TFT7_Augment_BruiserPersonalTraining,TFT6_Augment_Ascension,TFT7_Augment_BruiserTitanicStrength,2.0,0.0,,2.0,,,,,,,1.0,,0.0,,,,0.0,,1.0,,,,,,1.0,,1.0,0.0,,,,,,,,,,,,,,,,,,,,,,,,,,,,,,,,,3.0,MadredsBloodrazor,ArchangelsStaff,GuardianAngel,,,,,,,,,,,,,,,,,,,,,,,,,,,,,,,,,,,,,,,,,,,,,,,,,,,,,,,,,,,,,,,,,,,,,,,,,,,,,,,,,,,,,3.0,Bloodthirster,AssassinEmblemItem,InfinityEdge,2.0,DragonsClaw,GargoyleStoneplate,,1.0,StatikkShiv,,,3.0,,,,,,,,,,,,,,,,,,,,2.0,,,,,,,,2.0,,,,,,,,,,,,,,,,,,,,,,,,2.0,RapidFireCannon,RunaansHurricane,,,,,,,,,,,,None,None,,,,,,,,,,,,,,,,,,,,,,,,,,,,,,,,,,,,
7,EUW1_5971804641,TFT7_Augment_MageConference,TFT6_Augment_JeweledLotus,TFT6_Augment_CyberneticShell2,,0.0,,0.0,,0.0,,,,,1.0,,,2.0,,0.0,,,0.0,,,,,,,0.0,,0.0,,,,,,,,,,,,,,,,,,,,,,,,,,,,,,,,,,,,,,,,,,,,,,,,,,,,,,,,,,,,,,,,,,,,,3.0,ZekesHerald,,,,,,,,,,,,,,,,,,,,,,,,,,,3.0,TitanicHydra,,,,,,,3.0,StatikkShiv,,,,,,,,,,,,,,,,,,,,,,,,,,,,,,,2.0,ArchangelsStaff,HextechGunblade,,,,,,,,,,,,,,,,,,,,,,,,,,,,,,,,,,,,,,2.0,RedBuff,,,,,,,,,,,,,,,,,,,,,None,None,,,,,,,,,,,,,3.0,SparringGloves,,,,,,,,,,,,,,,,,,,,,,
5,EUW1_5971804641,TFT6_Augment_ThreesCompany,TFT7_Augment_ShimmerscaleSpending,TFT6_Augment_PortableForge,1.0,,,,,,1.0,1.0,,0.0,,,0.0,0.0,0.0,,0.0,,,,4.0,1.0,,,0.0,,1.0,,2.0,AssassinEmblemItem,,,,,,,,,,,,,,,,,,,,,,,,,,,,,,,,,,,,,,,2.0,ShimmerscaleHeartOfGold,RedBuff,BrambleVest,,,,,,,,,,,,,,,,,,,,,,,,,,,,,,,,,,,,,,,,,2.0,StatikkShiv,FrozenHeart,,3.0,TitansResolve,OrnnDeathsDefiance,ShimmerscaleEmblemItem,,,,,,,,,,,,,,,,,,,,,,,,,,,,,,,,,,,,,,,,,,,,,,,,,,,,,,,,,,,,,,,,,,,,,,,,,,,,,,,,,,,,,,,,,,,,,,,,,,,,,,,,,,,None,None,,,,,,,,,,,,,,,,,2.0,ShimmerscaleDravensAxe,ShimmerscaleGamblersBlade,RapidFireCannon,,,,,1.0,InfinityEdge,ShimmerscaleEmblemItem,SeraphsEmbrace,,,,,2.0,ShimmerscaleDiamondHands,ShimmerscaleCrownOfChampions,
8,EUW1_5971804641,TFT6_Augment_PortableForge,TFT7_Augment_RevelPartyTime,TFT6_Augment_JeweledLotus,,,1.0,,1.0,,1.0,,1.0,1.0,1.0,,,,,1.0,,1.0,,,1.0,,,,,1.0,,0.0,,,,,,,,,,,,,,,,,,,,,1.0,,,,,,,,2.0,MadredsBloodrazor,InfinityEdge,Quicksilver,,,,,,,,,2.0,RedBuff,OrnnAnimaVisage,,,,,,,,,,,,,,,,,,,,,,,,,,,,,,,,,,,,,,,,,,,,,,,,,,,,,,,,,,1.0,,,,,,,,,,,,,,,,,,,,,,,,,,,,,,,,,,,,,,,,,,,,,,,,,,,,,,,,,,,,,,,,1.0,InfinityEdge,RabadonsDeathcap,Quicksilver,,,,,,,,,,,,,,,,,,,,,,,,,2.0,,,,2.0,TrainerSnax,None,None,2.0,ShimmerscaleHeartOfGold,,,,,,,,,,,,,,,,,,,,,,,,,,,,,,,,,,
2,EUW1_5971804641,TFT7_Augment_GadgetExpert,TFT6_Augment_ComponentGrabBag,TFT6_Augment_SunfireBoard,,,,,2.0,,1.0,0.0,1.0,1.0,,,,,0.0,0.0,,2.0,,,1.0,,,,,1.0,0.0,0.0,,,,,,,,,,,,,,,,,,,,,,,,,,,,,2.0,MadredsBloodrazor,UnstableConcoction,InfinityEdge,,,,,,,,,2.0,GargoyleStoneplate,GargoyleStoneplate,ShimmerscaleHeartOfGold,,,,,,,,,,,,,,,,,,,,,,,,,,,,,,,,,2.0,ThiefsGloves,PowerGauntlet,FrozenHeart,,,,,,,,,,,,,,,,,,,,,2.0,ZekesHerald,,,,,,,,,,,,,,,,,,,,,,,,,,,,,,,,,,,,,,,,,,,,,,,,,,,,,,,,,,,,,,,2.0,NeedlesslyLargeRod,StatikkShiv,,,,,,,,,,,,,,,,,,,,,,,,,,2.0,,,,4.0,TrainerSnax,None,None,2.0,StatikkShiv,InfinityEdge,GuinsoosRageblade,,,,,,,,,,,,,,,,,,,,,2.0,Redemption,MadredsBloodrazor,,,,,,,,,
4,EUW1_5971804641,TFT7_Augment_ClutteredMind,TFT6_Augment_JeweledLotus,TFT7_Augment_RagewingScorch,1.0,,1.0,1.0,,1.0,,,,,4.0,,0.0,,,0.0,1.0,,,,,,,1.0,1.0,,0.0,,,,,,,,,,,,,,,,,,,,,,2.0,SpearOfShojin,,,,,,,,,,,,,,,,,,,,,,,,,,,,,,,,,,,,,,,,,,,2.0,MadredsBloodrazor,,,,,,,,,,,,,,,,,,,,,,,,,,,,,,,,,,,,,,,,,,,,,,,,,,,,,,,,,,,2.0,DragonsClaw,RedBuff,WarmogsArmor,,,,,2.0,,,,,,,,2.0,,,,,,,,,,,,2.0,Chalice,,,,,,,,,,,,,,,,,,,,,,,,,,,,,,,2.0,ThiefsGloves,ZekesHerald,Deathblade,,,,,,,,,,,None,None,,,,,2.0,,,,,,,,,,,,,,,,2.0,GuinsoosRageblade,InfinityEdge,GuardianAngel,,,,,,,,,,,,
5,EUW1_5971820537,TFT7_Augment_ShimmerscaleEmblem,TFT7_Augment_GadgetExpert,TFT7_Augment_TomeOfTraits2,0.0,,,,,,1.0,0.0,,0.0,,,,0.0,0.0,,1.0,,,0.0,3.0,1.0,,0.0,,,1.0,,2.0,ThiefsGloves,RunaansHurricane,MadredsBloodrazor,,,,,,,,,,,,,,,,,,,,,,,,,,,,,,,,,,,,,2.0,GargoyleStoneplate,WarmogsArmor,RedBuff,,,,,,,,,,,,,,,,,,,,,,,,,,,,,,,,,,,,,,,,,2.0,TitanicHydra,,,,,,,,,,,,,,,,,,,,,,,,,,,,,,,,,,,,,,,,,,,,,,,,,,,,,,,,,,,,,,,,,,,,,,,,,,,,,,,,,,,,,,,2.0,ShimmerscaleEmblemItem,StatikkShiv,ShimmerscaleGoldmancersStaff,,,,,,,,,,,,,,,,,,,,,,,None,None,,,,,,,,,,,,,,,,,,,,,2.0,ShimmerscaleGamblersBlade,StatikkShiv,ShimmerscaleDravensAxe,2.0,ShimmerscaleDiamondHands,Quicksilver,MageEmblemItem,,,,,1.0,WarriorEmblemItem,,
3,EUW1_5971820537,TFT6_Augment_SecondWind1,TFT7_Augment_LastStand,TFT6_Augment_GrandGambler,,,,,,3.0,1.0,0.0,,,1.0,0.0,,,3.0,,0.0,,,,,,1.0,,,,1.0,,,,,,,,,,,,,,,,,,,,,,,,,,,,,,,,,,,,,,2.0,MadredsBloodrazor,JeweledGauntlet,ArchangelsStaff,,,,,,,,,,,,,,,,,,,,,,,,,1.0,,,,,,,,,,,,,,,,,,,,,,,,,,,,,,,,,,,,,,,,,,,,,,,,,,,,3.0,RedBuff,IonicSpark,Redemption,,,,,,,,,,,,,,,,,,,,,2.0,,,,,,,,,,,,,,,,,,,,,,,,,,,,2.0,,,,,,,,,,,,,,,,,,,,,,,,,,,,,,None,None,,,,,,,,,,,,,,,,,,,,,,,,,1.0,CavalierEmblemItem,GuardianAngel,,2.0,,,,,,,
2,EUW1_5971820537,TFT7_Augment_AFK,TFT6_Augment_PortableForge,TFT7_Augment_BestFriends3,,0.0,1.0,1.0,,,1.0,,1.0,,1.0,,,1.0,,2.0,,0.0,,,0.0,1.0,,,,1.0,,2.0,,,,,,,,,,,,,,,,,,,,,1.0,,,,,,,,,,,,,,,,,,,,,,,,,,,,2.0,Bloodthirster,MadredsBloodrazor,TitansResolve,,,,,,,,,,,,,,,,,2.0,,,,,,,,,,,,,,,,,,,,,,,,,,,,,,,,2.0,,,,3.0,RabadonsDeathcap,StatikkShiv,HextechGunblade,,,,,,,,,,,,,,,,,,,,,,,,,,,,,,,,,,,,,,,,,,,,,,,,,,,,,,,,,2.0,SeraphsEmbrace,Shroud,FrozenHeart,,,,,,,,,2.0,OrnnRocketPropelledFist,BrambleVest,RedBuff,,,,,,,,,,,,,,,,,4.0,TrainerSnax,None,None,,,,,,,,,,,,,,,,,,,,,,,,,,,,,,,,,1.0,NeedlesslyLargeRod,,
1,EUW1_5971820537,TFT7_Augment_BestFriends1,TFT7_Augment_ScalescornEmblem,TFT7_Augment_BestFriends3,1.0,,,2.0,,,,,,1.0,,0.0,0.0,0.0,,,0.0,,2.0,,,,1.0,,1.0,,1.0,1.0,,,,,,,,,,,,,,,,,,,,,,,,,2.0,,,,,,,,3.0,InfinityEdge,FrozenHeart,UnstableConcoction,,,,,,,,,,,,,,,,,,,,,,,,,,,,,,,,,,,,,,,,,,,,,,,,,,,,,,,,,,,,,,,,,,,,,,,,,,,,,,,,,,,,,3.0,GuinsoosRageblade,Quicksilver,MadredsBloodrazor,2.0,FrozenHeart,,,,,,,2.0,ScalescornEmblemItem,FrozenHeart,,,,,,,,,,,,,,,,,,2.0,ZekesHerald,,,,,,,,,,,,,,,2.0,ArchangelsStaff,,,,,,,2.0,ThiefsGloves,WarmogsArmor,TitanicHydra,,,,,,,,,,,,,1.0,,,,,,None,None,,,,,,,,,,,,,,,,,,,,,,,,,,,,,,,,,,,,
7,EUW1_5971820537,TFT6_Augment_Traitless1,TFT7_Augment_UrfsGrabBag1,TFT6_Augment_FuturePeepers2,2.0,,,2.0,,,1.0,,,,1.0,,0.0,0.0,,,0.0,,0.0,,,,,,1.0,,0.0,2.0,,,,,,,,,,,,,,,,,,,,,,,,,,,,,,,,,1.0,,,,,,,,,,,,,,,,2.0,MadredsBloodrazor,Bloodthirster,AssassinEmblemItem,,,,,,,,,,,,,,,,,,,,,,,,,,,,,,,,,,,,,,,,,,,,,,,,,,,,,,,,,,,,,,,,,,,,,,,,,1.0,GargoyleStoneplate,GargoyleStoneplate,BrambleVest,,,,,2.0,TearOfTheGoddess,,,,,,,,,,,,,,,,,,,1.0,ZephyrRadiant,,,,,,,,,,,,,,,,,,,,,,,2.0,,,,,,,,1.0,RapidFireCannon,,,,,,,,,,,,,None,None,,,,,,,,,,,,,,,,,,,,,,,,,,,,,,,,,,,,
8,EUW1_5971820537,TFT6_Augment_ItemGrabBag1,TFT6_Augment_PortableForge,TFT6_Augment_TheGoldenEgg,,,,0.0,,,,2.0,,,,1.0,,,,,1.0,,,1.0,,,,0.0,0.0,,0.0,,,,,,,,,,,,,,2.0,,,,,,,,,,,,,,,,,,,,,,,,,,,,,,,,,,,,,,,,,,,,,,,,2.0,DragonmancerEmblemItem,,,,,,,,,,,,,,,,,,,2.0,,,,,,,,2.0,,,,,,,,,,,,,,,,,,,,,,,,,,,,,,,,,,,,,,,,,,,,,,,,,,,,,,,,,,,,2.0,IonicSpark,RedBuff,Shroud,1.0,,,,,,,,,,,,,,,,,,,,2.0,OrnnZhonyasParadox,GuinsoosRageblade,RecurveBow,,,,,,,,,,,,,,,,,,,,,,,None,None,,,,,,,,,,,,,,,,,,,,,,,,,,,,,,,,,,,,
6,EUW1_5971820537,TFT7_Augment_AFK,TFT7_Augment_CavalierDevastatingCharge,TFT6_Augment_BinaryAirdrop,,,,,,2.0,1.0,0.0,,,1.0,0.0,,,3.0,,0.0,,,,,,1.0,,,,1.0,,,,,,,,,,,,,,,,,,,,,,,,,,,,,,,,,,,,,,2.0,GuinsoosRageblade,ArchangelsStaff,Chalice,,,,,,,,,,,,,,,,,,,,,,,,,1.0,,,,,,,,,,,,,,,,,,,,,,,,,,,,,,,,,,,,,,,,,,,,,,,,,,,,2.0,RedBuff,Redemption,Morellonomicon,,,,,,,,,,,,,,,,,,,,,2.0,,,,,,,,,,,,,,,,,,,,,,,,,,,,1.0,,,,,,,,,,,,,,,,,,,,,,,,,,,,,,None,None,,,,,,,,,,,,,,,,,,,,,,,,,1.0,SeraphsEmbrace,TitansResolve,BrambleVest,2.0,MadredsBloodrazor,BFSword,Deathblade,,,,
4,EUW1_5971820537,TFT6_Augment_TinyTitans,TFT6_Augment_SalvageBin,TFT6_Augment_RadiantRelics,,0.0,,,,,1.0,,0.0,0.0,,2.0,0.0,,,0.0,,,,2.0,,,,,,,,1.0,,,,,1.0,,,,,,,,,,,,,,,,,,,,,,,,,,,,,,,,,,,,,,,,1.0,TitansResolve,GuardianAngel,UnstableConcoction,,,,,2.0,StatikkShiv,,,,,,,2.0,,,,,,,,,,,,,,,,,,,,,,,,,,,,,,,,,,,,,,,,,,,,,,,,2.0,RedBuff,WarmogsArmor,Quicksilver,3.0,RapidFirecannonRadiant,MadredsBloodrazor,Quicksilver,,,,,,,,,,,,,,,,,,,,,,,,,,,,,,,,,,,,,,,,,,,,,,,,,,,,,,,,,,,,,,,,,,,,,,,,,,,,,2.0,,,,,,None,None,,,,,,,,,,,,,,,,,,,,,,,,,,,,,,,,,,,,
2,EUW1_5971061901,TFT7_Augment_GadgetExpert,TFT6_Augment_SecondWind2,TFT6_Augment_HighEndShopping,,,1.0,1.0,,,1.0,0.0,0.0,,1.0,,0.0,1.0,0.0,1.0,,,,,0.0,1.0,,,2.0,1.0,0.0,0.0,,,,,,,,,2.0,MadredsBloodrazor,SpearOfShojin,RabadonsDeathcap,,,,,,,,,2.0,,,,,,,,,,,,,,,,,,,,,,,,,,,,,,,,,,,,,,,,,,,,,,,,2.0,,,,,,,,,,,,,,,,,,,,,,,,,,,,,,,,2.0,,,,,,,,,,,,,,,,,,,,,,,,2.0,WarmogsArmor,DragonsClaw,IonicSpark,,,,,,,,,,,,,,,,,,,,,,,,,,,,,,,,,,,,,,,,,,,,,,,,,2.0,,,,,,,,,,,,,,,,,,,,3.0,TrainerSnax,None,None,,,,,,,,,,,,,,,,,,,,,,,,,2.0,StatikkShiv,BrambleVest,GuinsoosRageblade,,,,,2.0,InfinityEdge,RecurveBow,
7,EUW1_5971061901,TFT7_Augment_CavalierDevastatingCharge,TFT6_Augment_TomeOfTraits1,TFT6_Augment_BandOfThieves2,,,,0.0,,3.0,,,,0.0,2.0,,,1.0,0.0,,,,1.0,,,,,,,,,0.0,,,,,,,,,,,,,,,,,,,,,,,,,2.0,RedBuff,CavalierEmblemItem,GiantsBelt,,,,,,,,,,,,,,,,,,,,,,,,,,,,,,,,,,,,,,,,,,,,,,,,,,,,,,,,,,,,,,,,,,,,,2.0,ArchangelsStaff,MadredsBloodrazor,Bloodthirster,,,,,,,,,,,,,,,,,2.0,ThiefsGloves,TearOfTheGoddess,Morellonomicon,,,,,,,,,,,,,,,,,1.0,,,,2.0,,,,,,,,,,,,,,,,,,,,,,,,,,,,,,,,,,,,2.0,ThiefsGloves,TearOfTheGoddess,HextechGunblade,,,,,,,,,,,,,,,,,,,None,None,,,,,,,,,,,,,,,,,,,,,,,,,,,,,,,,,,,,
6,EUW1_5971061901,TFT6_Augment_TomeOfTraits1,TFT6_Augment_LudensEcho2,TFT7_Augment_RevelEmblem2,,,,0.0,1.0,0.0,1.0,,0.0,,,,,,2.0,0.0,,4.0,,,,,,,,0.0,,,,,,,,,,,,,,,,,,,,,,,,,,,,,,,1.0,InfinityEdge,,,,,,,2.0,StatikkShiv,RevelEmblemItem,GuinsoosRageblade,,,,,,,,,,,,,,,,,,,,,,,,,,,,,,,,,,,,,2.0,,,,,,,,,,,,,,,,,,,,,,,,2.0,RevelEmblemItem,StatikkShiv,,,,,,,,,,,,,,2.0,GargoyleStoneplate,Redemption,RedBuff,,,,,,,,,,,,,,,,,,,,,,,,,,,,,,,,,,,,,,,,,,,,,,,,,,,,,,,,,,,,,2.0,WarmogsArmor,ArchangelsStaff,,,,,,,,,,,,,,,,None,None,,,,,,,,,,,,,,,,,,,,,,,,,,,,,,,,,,,,
5,EUW1_5971061901,TFT6_Augment_CyberneticUplink2,TFT6_Augment_LudensEcho2,TFT6_Augment_RadiantRelics,,0.0,,1.0,,0.0,,,0.0,,1.0,,,2.0,,1.0,,,0.0,,,,,,,1.0,,0.0,,,,,,,,,,,,,,,,,,,,,,,,,,,,,,,,,,,,,,,,,,,,,,,,,,,,,,,,,,,,,,,,,,,,,1.0,,,,2.0,ThiefsGloves,Chalice,RabadonsDeathcap,,,,,,,,,,,,,,,,,,,,,2.0,,,,2.0,TearOfTheGoddess,,,3.0,PowerGauntlet,,,,,,,,,,,,,,,,,,,,,,,,,,,,,,,2.0,ArchangelsStaff,HextechGunblade,,,,,,,,,,,,,,,,,,,,,,,,,,,,,,,,,,,,,,2.0,SunfireCapeRadiant,WarmogsArmor,BrambleVest,,,,,,,,,,,,,,,,,2.0,TrainerSnax,None,None,,,,,,,,,,,,,,,,,,,,,,,,,,,,,,,,,,,,
3,EUW1_5971061901,TFT6_Augment_SecondWind2,TFT7_Augment_BruiserTitanicStrength,TFT7_Augment_ThinkFast,1.0,,,2.0,,,1.0,0.0,,,1.0,,0.0,0.0,0.0,,0.0,,,,,,,,1.0,,1.0,2.0,,,,,,,,,,,,,,,,,,,,,,,,,,,,,,,,,,,,,,,,,,,,,,,,,2.0,GuinsoosRageblade,UnstableConcoction,Quicksilver,,,,,,,,,,,,,,,,,,,,,,,,,,,,,,,,,,,,,,,,,,,,,,,,,,,,,,,,,,,,,,,,,,,,,,,,,1.0,,,,,,,,2.0,,,,,,,,,,,,,,,,,,,,2.0,ZekesHerald,TearOfTheGoddess,,,,,,,,,,,,,,,,,,,,,,2.0,Redemption,RedBuff,,,,,,2.0,Bloodthirster,,,,,,,,,,,,,None,None,,,,,,,,,,,,,,,,,,,,,,,,,1.0,RapidFireCannon,HextechGunblade,,,,,,,,,
1,EUW1_5971061901,TFT7_Augment_GadgetExpert,TFT7_Augment_DragonAlliance,TFT7_Augment_GuardianEmblem2,0.0,,,0.0,,,2.0,0.0,,0.0,,2.0,,,0.0,0.0,,,,1.0,,,1.0,,,,0.0,2.0,,,,,,,,,,,,,,,,,,,,,,,,,,,,,,,,,,,,,,,,,,,,,2.0,InfinityEdge,Bloodthirster,MadredsBloodrazor,2.0,ThiefsGloves,StatikkShiv,SpearOfShojin,,,,,,,,,2.0,IonicSpark,,,,,,,,,,,,,,,,,,,,,,,,,,,,,,,,,,,,,,,,,,,,,,,2.0,RedBuff,GuardianEmblemItem,GargoyleStoneplate,,,,,,,,,,,,,,,,,2.0,ThiefsGloves,SeraphsEmbrace,Morellonomicon,,,,,,,,,,,,,,,,,,,,,,,,,,,,,,,,,,,,,2.0,StatikkShiv,NegatronCloak,,,,,,,,,,,,,,,,,,,,,,,,,,,,None,None,,,,,,,,,,,,,,,,,,,,,,,,,2.0,Quicksilver,DragonsClaw,MadredsBloodrazor,,,,,,,,
8,EUW1_5971061901,TFT7_Augment_CannoneerHotShot,TFT6_Augment_JeweledLotus,TFT6_Augment_VerdantVeil,,,,,1.0,,1.0,,1.0,1.0,,,,,,0.0,,1.0,0.0,,1.0,,,,,1.0,,,,,,,,,,,,,,,,,,,,,,,,,,,2.0,,,,1.0,MadredsBloodrazor,ShimmerscaleGoldmancersStaff,RecurveBow,,,,,,,,,2.0,Redemption,DragonsClaw,GargoyleStoneplate,,,,,,,,,,,,,,,,,,,,,,,,,,,,,,,,,,,,,,,,,,,,,,,,,,,,,,,,,2.0,,,,,,,,,,,,,,,,,,,,,,,,,,,,,,,,,,,,,,,,,,,,,,,,,,,,,,,,,,,,,,,,2.0,TearOfTheGoddess,,,,,,,,,,,,,,,,,,,,,,,,,,,,,,,2.0,TrainerSnax,None,None,2.0,,,,,,,,,,,,,,,,,,,,,,,,,,,,,,,,,,,
4,EUW1_5971061901,TFT6_Augment_TrueTwos,TFT7_Augment_DragonAlliance,TFT6_Augment_MaxLevel10,1.0,,1.0,1.0,,,2.0,,,1.0,2.0,,0.0,,,0.0,,,,,1.0,,,,0.0,,,2.0,,,,,,,,,,,,,,,,,,,,,1.0,,,,,,,,,,,,,,,,,,,,2.0,GargoyleStoneplate,DragonsClaw,RedBuff,,,,,1.0,MadredsBloodrazor,TitansResolve,UnstableConcoction,,,,,,,,,,,,,,,,,,,,,,,,,,,,,,,,,,,,,,,,,,,,,,,,,,,,,,,,,,,,,,,,,,,,,,,,,2.0,,,,2.0,ShimmerscaleGoldmancersStaff,Morellonomicon,,,,,,,,,,,,,,,,,,,,,,,,,,,,,,,,,,,,,,,,,,,,,,,,,,,,,,2.0,RedBuff,,,,,,,2.0,,,,,,None,None,,,,,,,,,,,,,,,,,,,,,,,,,,,,,,,,,,,,
8,EUW1_5970916789,TFT6_Augment_ForceOfNature,TFT6_Augment_Twins2,TFT6_Augment_Distancing3,,1.0,,1.0,,,,,,,1.0,,0.0,,,,,,,,,,,1.0,1.0,,,,,,,,,,,,,,,,,,,,,,,,,,,,,,,,,,,,,,,,,,,,,,,,,,,,,,,,,,,,2.0,,,,,,,,,,,,,,,,2.0,DragonsClaw,RedBuff,,,,,,,,,,,,,,,,,,,,,,,,,,,,,,,,,,,,,,,,,,,,,,,,,,2.0,,,,,,,,,,,,,,,,,,,,,,,,,,,,,,,,,,,,3.0,,,,,,,,,,,,,,,,,,,,,,,,,,,,,,,,,,,,,,None,None,,,,,2.0,,,,2.0,UnstableConcoction,GuinsoosRageblade,,,,,,,,,,,,,,,,,,,,,,,,,
2,EUW1_5970916789,TFT7_Augment_LivingForge,TFT6_Augment_Diversify2,TFT6_Augment_FuturePeepers2,,1.0,,1.0,,,,,1.0,,2.0,,0.0,1.0,,1.0,,,,,0.0,1.0,,1.0,0.0,0.0,,,,,,,,,,,,,,,,,,,,,,,,,,,,,,,,,,,,,,,,,,,,,,,,,,,,,,,,,,,,,,,,,,,,,,,,,,,3.0,TitansResolve,OrnnAnimaVisage,OrnnEternalWinter,,,,,,,,,,,,,,,,,,,,,,,,,2.0,,,,3.0,ArchangelsStaff,SpearOfShojin,EvokerEmblemItem,,,,,,,,,,,,,,,,,2.0,RedBuff,BrambleVest,IonicSpark,,,,,,,,,2.0,Shroud,,,,,,,,,,,,,,,,,,,,,,,,,,,,,,,,,,,,,,,,,,,,,,,,,,,,,,,,,,,,,None,None,,,,,2.0,StatikkShivRadiant,,,3.0,OrnnObsidianCleaver,GuinsoosRageblade,RunaansHurricane,,,,,,,,,,,,,,,,,,,,,1.0,Shroud,,
7,EUW1_5970916789,TFT6_Augment_CyberneticUplink3,TFT7_Augment_ClutteredMind,TFT6_Augment_RadiantRelics,,2.0,,1.0,,,,,,,1.0,,,1.0,,0.0,,,,1.0,,,,0.0,,,,0.0,,,,,,,,,,,,,,,,,,,,,,,,,,,,,,,,,,,,,,,,,,,,,,,,,,,,,1.0,,,,,,,,,,,,,,,,,,,,2.0,GiantsBelt,,,,,,,,,,,,,,,,,,,,,,,,,,,,,,,3.0,BFSword,,,,,,,3.0,MadredsBloodrazor,QuicksilverRadiant,GuinsoosRageblade,,,,,,,,,,,,,,,,,,,,,2.0,SpearOfShojin,Quicksilver,,,,,,,,,,,,,,,,,,,,,,3.0,ThiefsGloves,TearOfTheGoddess,HextechGunblade,,,,,,,,,,,,,,,,,,,,,,,,,,,,,,,,,,,None,None,,,,,,,,,2.0,,,,3.0,NegatronCloak,,,,,,,,,,,,,,,,,,,,,,
4,EUW1_5970916789,TFT7_Augment_LivingForge,TFT6_Augment_Diversify2,TFT7_Augment_GuildEmblem2,1.0,,1.0,1.0,,0.0,1.0,,,,4.0,0.0,0.0,,,0.0,,,,,,,1.0,,0.0,,,2.0,,,,,,,,,,,,,,,,,,,,,1.0,GuinsoosRageblade,,,,,,,,,,,,,,,,,,,,,,,,,,,2.0,OrnnDeathsDefiance,GuildEmblemItem,OrnnObsidianCleaver,,,,,,,,,,,,,,,,,,,,,,,,,,,,,,,,,,,,,,,,,,,,,,,,,,,,,,,,,,,,,,,,,,,,,,,,,2.0,GargoyleStoneplate,TitansResolve,,1.0,MadredsBloodrazor,UnstableConcoction,GuardianAngel,,,,,,,,,2.0,ThiefsGloves,ZekesHerald,Deathblade,,,,,,,,,,,,,,,,,,,,,,,,,1.0,,,,,,,,,,,,,,,,2.0,UnstableConcoction,InfinityEdge,OrnnInfinityForce,,,,,,,,,,,None,None,,,,,,,,,,,,,,,,,,,,,,,,,,,,,,,,,,,,
5,EUW1_5970916789,TFT6_Augment_SlowAndSteady,TFT7_Augment_DragonmancerEmblem,TFT6_Augment_BandOfThieves2,0.0,,,,,,,2.0,,,,1.0,0.0,,,,1.0,,,1.0,0.0,,,1.0,0.0,,,,,,,,,,,,,,,,2.0,,,,,,,,,,,,,,,,,,,,,,,,,,,,,,,,,,,,,,,,,,,,,,,,,,,,,,,,,,,,,,,,,,,,2.0,,,,1.0,,,,3.0,ThiefsGloves,Shroud,JeweledGauntlet,,,,,,,,,,,,,,,,,2.0,TitanicHydra,DragonmancerEmblemItem,DragonsClaw,,,,,,,,,,,,,,,,,,,,,,,,,,,,,,,,,,,,,,,,,,,,,,,,,,,,,,,,,,,,,3.0,GuinsoosRageblade,ArchangelsStaff,MadredsBloodrazor,,,,,,,,,,,,,,,,,,,,,,,None,None,,,,,,,,,,,,,,,,,2.0,HextechGunblade,IonicSpark,,2.0,ThiefsGloves,StatikkShiv,RabadonsDeathcap,,,,,,,,,,,,
3,EUW1_5970916789,TFT7_Augment_CannoneerEmblem2,TFT6_Augment_SalvageBin,TFT6_Augment_ForceOfNature,,,1.0,,3.0,,1.0,,1.0,1.0,1.0,,,,,1.0,,2.0,,,1.0,,,,,1.0,,0.0,,,,,,,,,,,,,,,,,,,,,2.0,,,,,,,,2.0,ShimmerscaleGamblersBlade,GuinsoosRageblade,MadredsBloodrazor,,,,,,,,,2.0,WarmogsArmor,BrambleVest,DragonsClaw,,,,,,,,,,,,,,,,,,,,,,,,,,,,,,,,,2.0,Shroud,,,,,,,,,,,,,,,,,,,,,,,2.0,,,,,,,,,,,,,,,,,,,,,,,,,,,,,,,,,,,,,,,,,,,,,,,,,,,,,,,,,,,,,,,,2.0,ArchangelsStaff,StatikkShiv,,,,,,,,,,,,,,,,,,,,,,,,,,2.0,CannoneerEmblemItem,RedBuff,GiantsBelt,4.0,TrainerSnax,None,None,3.0,GuinsoosRageblade,RunaansHurricane,MadredsBloodrazor,,,,,,,,,,,,,,,,,,,,,,,,,,,,,,,,
6,EUW1_5970916789,TFT7_Augment_GuildEmblem2,TFT6_Augment_SunfireBoard,TFT6_Augment_Meditation3,,1.0,,1.0,,,,,0.0,,2.0,,,2.0,,1.0,,,,,,,,,,1.0,,0.0,,,,,,,,,,,,,,,,,,,,,,,,,,,,,,,,,,,,,,,,,,,,,,,,,,,,,,,,,,,,,,,,,,,,,2.0,,,,3.0,,,,,,,,,,,,,,,,,,,,,,,,,,,,2.0,,,,2.0,StatikkShiv,SpearOfShojin,PowerGauntlet,,,,,,,,,,,,,,,,,,,,,,,,,,,,,2.0,MadredsBloodrazor,SpearOfShojin,HextechGunblade,,,,,,,,,,,,,,,,,,,,,,,,,,,,,,,,,,,,,2.0,WarmogsArmor,GuildEmblemItem,BrambleVest,,,,,,,,,,,,,,,,,1.0,TrainerSnax,None,None,,,,,,,,,,,,,2.0,,,,,,,,,,,,,,,,,,,,,,,
1,EUW1_5970916789,TFT7_Augment_MirageEmblem2,TFT6_Augment_Distancing2,TFT6_Augment_CyberneticUplink3,,,1.0,,,1.0,1.0,0.0,,1.0,2.0,,,,4.0,0.0,,,0.0,,,,,,,,1.0,,,,,,,,,,,,,,,,,,,,,,2.0,NeedlesslyLargeRod,SpearOfShojin,,2.0,MirageEmblemItem,LocketOfTheIronSolari,BrambleVest,,,,,,,,,2.0,InfinityEdge,UnstableConcoction,JeweledGauntlet,,,,,,,,,,,,,,,,,,,,,,,,,,,,,,,,,,,,,,,,,,,,,,,,,,,,,2.0,BrambleVest,,,,,,,,,,,,,,,,,,,,,,,2.0,RedBuff,IonicSpark,UnstableConcoction,,,,,,,,,,,,,,,,,,,,,1.0,,,,,,,,,,,,,,,,,,,,,,,,,,,,,,,,,,,,,,,,,,,,,,,,,,,,,,,,,,None,None,,,,,,,,,,,,,,,,,,,,,,,,,2.0,ThiefsGloves,WarmogsArmor,InfinityEdge,1.0,,,,,,,
6,EUW1_5973243121,TFT7_Augment_ShimmerscaleEmblem,TFT7_Augment_AssassinEmblem,TFT6_Augment_CyberneticUplink2,2.0,0.0,,,,,1.0,0.0,,0.0,1.0,,,1.0,0.0,,0.0,,,,3.0,1.0,,0.0,0.0,,0.0,,,,,,,,,,,,,,,,,,,,,,,,,,,,,,,,,,,,,,,,,,2.0,ShimmerscaleHeartOfGold,RedBuff,,,,,,,,,,,,,,,,,,,,,,,,,,,,,,,,,,,,,,,,,,2.0,Deathblade,LastWhisper,Quicksilver,,,,,,,,,,,,,,,,,,,,,,,,,,,,,,,,,,,,,,,,,,,,,2.0,PowerGauntlet,ShimmerscaleEmblemItem,,,,,,,,,,,,,,,,,,,,,,,,,,,,,,,,,,,,,,,,,,,,,,,,,,2.0,,,,,,,,,,,,,,None,None,,,,,,,,,,,,,1.0,Spatula,,,,,,,2.0,ShimmerscaleEmblemItem,GuinsoosRageblade,ShimmerscaleDravensAxe,2.0,MageEmblemItem,AssassinEmblemItem,ShimmerscaleDiamondHands,,,,,2.0,ShimmerscaleGoldmancersStaff,RabadonsDeathcap,SpearOfShojin
2,EUW1_5973243121,TFT6_Augment_CyberneticUplink1,TFT6_Augment_CyberneticUplink2,TFT7_Augment_UrfsGrabBag1,,,,1.0,,,1.0,,1.0,,,,0.0,2.0,,0.0,,0.0,,,0.0,1.0,,,2.0,1.0,,0.0,,,,,,,,,1.0,SpearOfShojin,ArchangelsStaff,ArchangelsStaff,,,,,,,,,,,,,,,,,,,,,,,,,,,,,,,,,,,,,,,,,,,,,,,,,,,,,,,,,2.0,ThiefsGloves,ZekesHerald,RapidFireCannon,,,,,,,,,,,,,,,,,,,,,,,,,,,,,2.0,MageEmblemItem,,,,,,,,,,,,,,,,,,,,,,,2.0,,,,,,,,,,,,,,,,,,,,,,,,,,,,,,,,,,,,,,,,2.0,RapidFireCannon,MageEmblemItem,HextechGunblade,,,,,,,,,2.0,GargoyleStoneplate,TitanicHydra,FrozenHeart,,,,,,,,,,,,,,,,,4.0,TrainerSnax,None,None,,,,,,,,,,,,,,,,,,,,,,,,,,,,,,,,,1.0,Bloodthirster,,
3,EUW1_5973243121,TFT6_Augment_LudensEcho1,TFT7_Augment_JadeTrait,TFT7_Augment_FirstAidKit2,,,,,,,1.0,1.0,1.0,,,3.0,0.0,,,1.0,,,,0.0,,,1.0,0.0,,0.0,,,,,,,2.0,ArchangelsStaff,SpearOfShojin,RabadonsDeathcap,,,,,2.0,,,,,,,,,,,,,,,,,,,,,,,,,,,,,,,,2.0,UnstableConcoction,RunaansHurricane,DragonmancerEmblemItem,,,,,,,,,,,,,,,,,,,,,,,,,,,,,,,,,2.0,,,,,,,,,,,,,,,,,,,,2.0,,,,,,,,2.0,GargoyleStoneplate,RedBuff,Morellonomicon,,,,,,,,,,,,,,,,,,,,,,,,,,,,,,,,,,,,,,,,,,,,,,,,,,,,,,,,,1.0,RecurveBow,,,,,,,,,,,,,,,,,,,,,,,,,,,,,None,None,,,,,,,,,,,,,,,,,,,,,,,,,,,,,,,,,,,,
7,EUW1_5973243121,TFT7_Augment_ScalescornTrait,TFT6_Augment_ThrillOfTheHunt2,TFT7_Augment_BruiserTitanicStrength,0.0,,,1.0,,,1.0,,,0.0,,0.0,0.0,0.0,,,,,0.0,1.0,,,,,1.0,,,3.0,,,,,,,,,,,,,,,,,,,,,,,,,,,,,,,,,,,,,,,,,,,,,,,,,2.0,RunaansHurricane,GuinsoosRageblade,Quicksilver,3.0,GuinsoosRageblade,Quicksilver,Bloodthirster,,,,,,,,,,,,,,,,,,,,,,,,,,,,,,,,,,,,,,,,,,,,,,,,,,,,,2.0,WhispersEmblemItem,,,,,,,,,,,,,,,2.0,ThiefsGloves,RecurveBow,UnstableConcoction,,,,,2.0,,,,,,,,,,,,,,,,,,,,,,,,,,,,,,,,,,,,,,,,,,,,2.0,,,,,,,,,,,,,,,,2.0,,,,,,None,None,,,,,,,,,,,,,,,,,,,,,,,,,,,,,,,,,,,,
5,EUW1_5973243121,TFT7_Augment_BruiserTrait,TFT7_Augment_CannoneerHotShot,TFT6_Augment_TomeOfTraits1,,,1.0,0.0,1.0,,1.0,0.0,1.0,1.0,1.0,,,,0.0,1.0,,2.0,0.0,,2.0,,,,,0.0,0.0,,,,,,,,,,,,,,,,,,,,,,1.0,,,,2.0,WarmogsArmor,,,2.0,Deathblade,ShimmerscaleGoldmancersStaff,UnstableConcoction,,,,,,,,,2.0,WarmogsArmor,RedBuff,TitansResolve,,,,,,,,,,,,,,,,,,,,,,,,,,,,,,,,,1.0,ShimmerscaleEmblemItem,,,,,,,,,,,,,,,,,,,,,,,2.0,ZekesHerald,ZekesHerald,,,,,,,,,,,,,,,,,,,,,,,,,,,,,,,,,,,,,,,,,,,,,,,,,,,,,,,,,,,,,,2.0,ShimmerscaleHeartOfGold,ShimmerscaleEmblemItem,NeedlesslyLargeRod,,,,,,,,,,,,,,,,,,,,,,,,,,,,,,,None,None,,,,,,,,,,,,,,,,,,,,,,,,,1.0,,,,,,,,,,,
8,EUW1_5973243121,TFT7_Augment_CavalierTrait,TFT7_Augment_MikaelsGift,TFT6_Augment_ThrillOfTheHunt2,1.0,,,1.0,,3.0,,,,0.0,1.0,,,0.0,,,0.0,,2.0,,,,,,,,1.0,,,,,,,,,,,,,,,,,,,,,,,,,,2.0,NegatronCloak,,,,,,,2.0,FrozenHeart,RabadonsDeathcap,,,,,,,,,,,,,,,,,,,,,,,,,,,,,,2.0,BrambleVest,,,,,,,,,,,,,,,,,,,,,,,,,,,,,,,3.0,AssassinEmblemItem,Bloodthirster,TitansResolve,,,,,,,,,,,,,,,,,,,,,2.0,,,,,,,,,,,,,,,,,,,,2.0,,,,,,,,,,,,2.0,LocketOfTheIronSolari,ZekesHerald,,,,,,,,,,,,,,,,,,,,,,,,,,,,,,,,,,,,,,,,,,,,None,None,,,,,,,,,,,,,,,,,,,,,,,,,,,,,,,,,,,,
1,EUW1_5973243121,TFT7_Augment_AFK,TFT7_Augment_AssassinEmblem,TFT6_Augment_Diversify2,2.0,,,1.0,,1.0,,,,1.0,1.0,,,0.0,,,0.0,,2.0,,,,,,,,1.0,0.0,,,,,,,,,,,,,,,,,,,,,,,,,2.0,Shroud,,,,,,,3.0,ArchangelsStaff,UnstableConcoction,RunaansHurricane,,,,,,,,,,,,,,,,,,,,,,,,,,,,,2.0,GiantsBelt,,,,,,,,,,,,,,,,,,,,,,,,,,,,,,,2.0,AssassinEmblemItem,,,,,,,,,,,,,,,,,,,,,,,2.0,InfinityEdge,AssassinEmblemItem,LastWhisper,,,,,,,,,,,,,,,,,,,,,,,,,,,,,2.0,,,,,,,,,,,,,,,,,,,,,,,,,,,,,,,,2.0,FrozenHeart,ZekesHerald,InfinityEdge,,,,,2.0,,,,,,None,None,,,,,,,,,,,,,,,,,,,,,,,,,,,,,,,,,,,,
4,EUW1_5973243121,TFT6_Augment_CyberneticUplink1,TFT7_Augment_GadgetExpert,TFT7_Augment_FirstAidKit2,,0.0,,1.0,,,,,0.0,,1.0,,,2.0,,1.0,,,,,0.0,1.0,,,,1.0,,0.0,,,,,,,,,,,,,,,,,,,,,,,,,,,,,,,,,,,,,,,,,,,,,,,,,,,,,,,,,,,,,,,,,,,,,1.0,,,,2.0,,,,,,,,,,,,,,,,,,,,,,,,,,,,2.0,Spatula,PowerGauntlet,,3.0,StatikkShiv,Redemption,,,,,,,,,,,,,,,,,,,,,,,,,,,,,,3.0,HextechGunblade,SpearOfShojin,SpearOfShojin,,,,,,,,,,,,,,,,,,,,,,,,,,,,,,,,,,,,,2.0,GargoyleStoneplate,TitanicHydra,TitansResolve,,,,,,,,,,,,,,,,,2.0,TrainerSnax,None,None,,,,,,,,,,,,,,,,,,,,,,,,,,,,,,,,,1.0,Shroud,,
6,EUW1_5973171274,TFT7_Augment_MikaelsGift,TFT6_Augment_CyberneticShell1,TFT7_Augment_RevelPartyFavors,0.0,,1.0,1.0,1.0,,,,1.0,,2.0,,0.0,,,1.0,0.0,1.0,,,,,,,1.0,1.0,0.0,,,,,,,,,,,,,,,,,,,,,,1.0,,,,,,,,2.0,GuinsoosRageblade,InfinityEdge,UnstableConcoction,,,,,,,,,,,,,,,,,,,,,,,,,,,,,,,,,,,,,,,,,,,,,,,,,,,,,,,,,,,,,,,,,,,,,2.0,Chalice,LocketOfTheIronSolari,,,,,,,,,,,,,,,,,,,,,,2.0,WarmogsArmor,,,,,,,,,,,,,,,,,,,,,,,,,,,2.0,RedBuff,,,,,,,,,,,2.0,StatikkShiv,,,,,,,,,,,,,,,,,,,2.0,TempestEmblemItem,,,,,,,,,,,2.0,TrainerSnax,None,None,2.0,,,,,,,,,,,,,,,,,,,,,,,,,,,,,,,,,,,
7,EUW1_5973171274,TFT6_Augment_CyberneticUplink2,TFT6_Augment_CelestialBlessing1,TFT7_Augment_CannoneerEmblem,,,,,3.0,,1.0,,0.0,1.0,,,,,,0.0,,1.0,0.0,,1.0,,,,,1.0,,,,,,,,,,,,,,,,,,,,,,,,,,,2.0,Morellonomicon,,,2.0,GuinsoosRageblade,InfinityEdge,Deathblade,,,,,,,,,1.0,GargoyleStoneplate,RedBuff,,,,,,,,,,,,,,,,,,,,,,,,,,,,,,,,,,2.0,ShimmerscaleGoldmancersStaff,,,,,,,,,,,,,,,,,,,,,,,2.0,CannoneerEmblemItem,,,,,,,,,,,,,,,,,,,,,,,,,,,,,,,,,,,,,,,,,,,,,,,,,,,,,,,,,,,,,,,,,,,,,,,,,,,,,,,,,,,,,,,,,,,,,,,3.0,TrainerSnax,None,None,1.0,RunaansHurricane,,,,,,,,,,,,,,,,,,,,,,,,,,,,,,,,,,
4,EUW1_5973171274,TFT6_Augment_CyberneticImplants2,TFT7_Augment_BestFriends1,TFT7_Augment_BestFriends2,,,,,,3.0,1.0,0.0,,,1.0,,,0.0,3.0,,0.0,,0.0,,,,,,,,1.0,,,,,,,,,,,,,,,,,,,,,,,,,,,,,,,,,,,,,,2.0,GuinsoosRageblade,Quicksilver,MadredsBloodrazor,,,,,,,,,,,,,,,,,,,,,,,,,2.0,SparringGloves,DragonsClaw,,,,,,,,,,,,,,,,,,,,,,,,,,,,,,2.0,Zephyr,,,,,,,,,,,,,,,,,,,2.0,WarmogsArmor,GargoyleStoneplate,GargoyleStoneplate,,,,,,,,,,,,,,,,,,,,,2.0,,,,,,,,,,,,,,,,,,,,,,,,,,,,,,,,,,,,,,,,,,,,,,,,,,,,,,,,,,None,None,,,,,,,,,,,,,,,,,,,,,,,,,1.0,Shroud,,,2.0,,,,,,,
3,EUW1_5973171274,TFT7_Augment_Preparation2,TFT6_Augment_CelestialBlessing1,TFT6_Augment_Diversify2,1.0,0.0,1.0,1.0,,,,,,,3.0,0.0,0.0,,,0.0,,,,,,,1.0,1.0,1.0,,,,,,,,,,,,,,,,,,,,,,,,1.0,,,,,,,,,,,,,,,,,,,,,,,,,,,,,,,,,,,,,,,,,,,,,,,,,,,,3.0,RedBuff,ArchangelsStaff,ArchangelsStaff,,,,,,,,,,,,,,,,,,,,,,,,,,,,,,,,,,,,,,,,,,,,,,,,,2.0,,,,,,,,2.0,,,,,,,,,,,,,,,,,,,,,,,,,,,,,,,,,,,,1.0,,,,,,,,,,,,,,,,2.0,InfinityEdge,LastWhisper,RabadonsDeathcap,,,,,,,,,,,None,None,,,,,2.0,,,,3.0,Deathblade,GuinsoosRageblade,UnstableConcoction,,,,,,,,,,,,,,,,,,,,,,,,
5,EUW1_5973171274,TFT6_Augment_PortableForge,TFT6_Augment_Diversify1,TFT7_Augment_BestFriends2,,,1.0,,1.0,,1.0,,1.0,1.0,1.0,,,,,1.0,,1.0,,,1.0,,,,,1.0,,0.0,,,,,,,,,,,,,,,,,,,,,2.0,,,,,,,,2.0,InfinityEdge,GuinsoosRageblade,UnstableConcoction,,,,,,,,,2.0,WarmogsArmor,Zephyr,NegatronCloak,,,,,,,,,,,,,,,,,,,,,,,,,,,,,,,,,,,,,,,,,,,,,,,,,,,,,,,,,1.0,,,,,,,,,,,,,,,,,,,,,,,,,,,,,,,,,,,,,,,,,,,,,,,,,,,,,,,,,,,,,,,,2.0,PowerGauntlet,LocketOfTheIronSolari,,,,,,,,,,,,,,,,,,,,,,,,,,2.0,,,,1.0,TrainerSnax,None,None,2.0,OrnnTheCollector,ShimmerscaleGoldmancersStaff,StatikkShiv,,,,,,,,,,,,,,,,,,,,,,,,,,,,,,,,
2,EUW1_5973171274,TFT6_Augment_SecondWind2,TFT6_Augment_Weakspot,TFT6_Augment_ComponentGrabBag,,,1.0,1.0,,,1.0,0.0,0.0,,1.0,,0.0,1.0,0.0,1.0,,,,,0.0,1.0,,,2.0,1.0,0.0,0.0,,,,,,,,,2.0,SpearOfShojin,GuinsoosRageblade,ArchangelsStaff,,,,,,,,,2.0,,,,,,,,,,,,,,,,,,,,,,,,,,,,,,,,,,,,,,,,,,,,,,,,2.0,,,,,,,,,,,,,,,,,,,,,,,,,,,,,,,,1.0,Chalice,,,,,,,,,,,,,,,,,,,,,,,1.0,TitanicHydra,,,,,,,,,,,,,,,,,,,,,,,,,,,,,,,,,,,,,,,,,,,,,,,,,,,2.0,GargoyleStoneplate,GargoyleStoneplate,RedBuff,,,,,,,,,,,,,,,,,4.0,TrainerSnax,None,None,,,,,,,,,,,,,,,,,,,,,,,,,1.0,GuardianAngel,SeraphsEmbrace,IonicSpark,,,,,1.0,RecurveBow,,
8,EUW1_5973171274,TFT6_Augment_CyberneticShell2,TFT7_Augment_BandOfThieves1,TFT6_Augment_PortableForge,,0.0,,1.0,1.0,,,,,,,,,2.0,,0.0,,0.0,,,0.0,1.0,,,,1.0,,0.0,,,,,,,,,,,,,,,,,,,,,,,,,,,,,1.0,OrnnObsidianCleaver,UnstableConcoction,,,,,,,,,,,,,,,,,,,,,,,,,,,,,,,,,,,,,,2.0,,,,2.0,ThiefsGloves,NegatronCloak,RapidFireCannon,,,,,,,,,,,,,,,,,,,,,,,,,,,,,3.0,,,,,,,,,,,,,,,,,,,,,,,,,,,,,,,,,,,,,,,,,,,,,,,,,,,,,,,,,,,,,,,,,,,,,,,,2.0,TitanicHydra,TitansResolve,GargoyleStoneplate,,,,,,,,,,,,,,,,,2.0,TrainerSnax,None,None,2.0,MageEmblemItem,,,,,,,,,,,,,,,,,,,,,,,,,,,,,,,1.0,,,
1,EUW1_5973171274,TFT6_Augment_SalvageBin,TFT7_Augment_BandOfThieves1,TFT7_Augment_UrfsGrabBag1,,0.0,1.0,,,,1.0,,,1.0,1.0,2.0,,,,1.0,,,,2.0,,,1.0,,,,,1.0,,,,,,,,,,,,,,,,,,,,,1.0,,,,,,,,,,,,,,,,,,,,,,,,2.0,Deathblade,GuardianAngel,UnstableConcoction,,,,,2.0,ThiefsGloves,LocketOfTheIronSolari,GuinsoosRageblade,,,,,2.0,,,,,,,,,,,,,,,,,,,,,,,,,,,,,,,,,,,,,,,,,,,,,,,,2.0,GuardianEmblemItem,GargoyleStoneplate,DragonsClaw,3.0,GuinsoosRageblade,Quicksilver,UnstableConcoction,,,,,,,,,,,,,,,,,,,,,,,,,,,,,,,,,,,,,,,,,,,,,,,,,,,,,2.0,StatikkShiv,GuinsoosRageblade,ArchangelsStaff,,,,,,,,,,,,,,,,,,,,,2.0,,,,,,None,None,,,,,,,,,,,,,,,,,,,,,,,,,,,,,,,,,,,,
7,EUW1_5973147656,TFT6_Augment_CyberneticImplants1,TFT6_Augment_CyberneticShell2,TFT6_Augment_CelestialBlessing2,,0.0,,3.0,,,1.0,,,,,,0.0,0.0,,,0.0,0.0,,,,,,,0.0,,0.0,2.0,,,,,,,,,,,,,,,,,,,,,,,,,,,,,,,,,,,,,,,,,,,,,,,,,1.0,MadredsBloodrazor,UnstableConcoction,TitansResolve,,,,,,,,,,,,,,,,,,,,,2.0,RedBuff,,,,,,,,,,,,,,,,,,,,,,,,,,,,,,,,,,,,,,,,,,,,,,,,,,,2.0,ZekesHerald,,,,,,,,,,,,,,,,,,,,,,,,,,,2.0,Zephyr,,,,,,,,,,,,,,,,,,,,,,,2.0,NegatronCloak,,,2.0,,,,,,,,,,,,,,,,,,None,None,,,,,,,,,,,,,,,,,,,,,,,,,,,,,,,,,,,,
3,EUW1_5973147656,TFT6_Augment_Twins1,TFT6_Augment_TomeOfTraits1,TFT6_Augment_Diversify2,,,,,,,1.0,1.0,,1.0,,2.0,,,0.0,1.0,,,,,,,,1.0,1.0,,,,,,,,,,,,,,,,2.0,RecurveBow,,,,,,,,,,,,,,,,,,,,,,,,,,,,,,,2.0,GuinsoosRageblade,HextechGunblade,,,,,,,,,,3.0,JeweledGauntlet,SeraphsEmbrace,InfinityEdge,,,,,,,,,,,,,,,,,,,,,3.0,JeweledGauntlet,,,,,,,2.0,,,,3.0,WarmogsArmor,BrambleVest,,,,,,,,,,,,,,,,,,,,,,,,,,,,,,,,,,,,,,,,,,,,,,,,,,,,,,,,,,,,,,,,,,,,,,,,,,,,,,,,,,,,,,,,,,,,,,3.0,MysticEmblemItem,,,,,,,,,None,None,,,,,,,,,,,,,,,,,,,,,,,,,,,,,,,,,,,,
4,EUW1_5973147656,TFT7_Augment_BestFriends1,TFT6_Augment_ComponentGrabBag,TFT6_Augment_BlueBattery2,,0.0,,1.0,0.0,,1.0,,1.0,,,0.0,,1.0,,1.0,,1.0,,,,,1.0,,,1.0,,2.0,,,,,,,,,,,,,,,,,,,,,,,,,,,,,2.0,UnstableConcoction,InfinityEdge,RunaansHurricane,,,,,,,,,,,,,,,,,2.0,FrozenHeart,RedBuff,TitansResolve,,,,,,,,,,,,,,,,,2.0,,,,,,,,,,,,,,,,,,,,,,,,,,,,,,,,2.0,SpearOfShojin,IonicSpark,ArchangelsStaff,1.0,,,,,,,,,,,,,,,,,,,,,,,,,,,,,,,,,,,,,,,,,,,,,,,,,,,,,,,,,,,,2.0,,,,1.0,RunaansHurricane,,,,,,,2.0,,,,,,,,,,,,,,,,,,,,4.0,TrainerSnax,None,None,,,,,,,,,,,,,,,,,,,,,,,,,,,,,,,,,,,,
1,EUW1_5973147656,TFT7_Augment_GuildTrait,TFT7_Augment_BestFriends2,TFT7_Augment_PandorasBench,0.0,,1.0,1.0,,0.0,1.0,,,,5.0,,0.0,1.0,,0.0,,,,,0.0,1.0,,,2.0,,,0.0,,,,,,,,,2.0,MadredsBloodrazor,StatikkShiv,SpearOfShojin,,,,,,,,,2.0,IonicSpark,,,,,,,,,,,,,,,,,,,,,,,,,,,,,,,,,,,,,,,,,,,,,,,,,,,,,,,,,,,,,,,,,,,,,,,,,,,,,,,,,,,,,,,,,,,,,,,,,,,,,,,2.0,WarmogsArmor,LocketOfTheIronSolari,Morellonomicon,,,,,,,,,2.0,,,,2.0,,,,,,,,,,,,,,,,,,,,,,,,,,,,,,,,,,,,2.0,,,,,,,,2.0,GuardianAngel,,,,,,,,,,,,,None,None,,,,,,,,,,,,,,,,,,,,,,,,,,,,,,,,,2.0,ZekesHerald,PowerGauntlet,
6,EUW1_5973147656,TFT6_Augment_Distancing,TFT6_Augment_PortableForge,TFT6_Augment_ComponentGrabBag,1.0,,1.0,1.0,1.0,,,,1.0,,2.0,,0.0,,,1.0,0.0,1.0,,,,,,,1.0,1.0,0.0,,,,,,,,,,,,,,,,,,,,,,1.0,SpearOfShojin,,,,,,,2.0,OrnnInfinityForce,GuinsoosRageblade,MadredsBloodrazor,,,,,,,,,,,,,,,,,,,,,,,,,,,,,,,,,,,,,,,,,,,,,,,,,,,,,,,,,,,,,,,,,,,,,1.0,,,,,,,,,,,,,,,,,,,,,,,,1.0,,,,,,,,2.0,,,,,,,,,,,,,,,,,,,,2.0,WarmogsArmor,DragonsClaw,,,,,,,,,,2.0,SpearOfShojin,SeraphsEmbrace,RabadonsDeathcap,,,,,,,,,,,,,,,,,1.0,InfinityEdge,,,,,,,,,,,1.0,TrainerSnax,None,None,2.0,,,,,,,,,,,,,,,,,,,,,,,,,,,,,,,,,,,
8,EUW1_5973147656,TFT7_Augment_AFK,TFT6_Augment_TargetDummies,TFT6_Augment_Ascension,,1.0,,1.0,,,,,0.0,,1.0,,,1.0,,1.0,,,,,,,,1.0,,1.0,,0.0,,,,,,,,,,,,,,,,,,,,,,,,,,,,,,,,,,,,,,,,,,,,,,,,,,,,,,,,,,,,,,,,,,,,,2.0,,,,3.0,RedBuff,Bloodthirster,Zephyr,,,,,,,,,,,,,,,,,,,,,,,,,2.0,,,,3.0,,,,,,,,,,,,,,,,,,,,,,,,,,,,,,,,,,,,,,,,,,,,,,,,,,,,,,,,,,,,,,,,,,,,,,,,2.0,Quicksilver,,,,,,,,,,,,,,,,,,,1.0,TrainerSnax,None,None,,,,,1.0,,,,3.0,RunaansHurricane,GuinsoosRageblade,MadredsBloodrazor,,,,,,,,,,,,,,,,,,,,,,,,
5,EUW1_5973147656,TFT7_Augment_AFK,TFT6_Augment_Diversify2,TFT6_Augment_SunfireBoard,,,1.0,1.0,,0.0,,0.0,,,2.0,0.0,0.0,,0.0,0.0,1.0,,,,,,1.0,1.0,0.0,,1.0,,,,,,,,,,,,,,,,,,,,,,1.0,PowerGauntlet,LocketOfTheIronSolari,,,,,,,,,,,,,,,,,,,,,,,,,,,,,,,,,,,,,,,,,,2.0,,,,,,,,,,,,,,,,,,,,,,,,,,,,,,,,,,,,,,,,,,,,,,,,,,,,,,,,,,,,2.0,SparringGloves,WarmogsArmor,,,,,,,,,,,,,,,,,,,,,,,,,,1.0,,,,,,,,,,,,,,,,1.0,,,,,,,,,,,,,,,,,,,,,,,,,,,,,,None,None,,,,,2.0,,,,,,,,,,,,,,,,2.0,Quicksilver,GuinsoosRageblade,MadredsBloodrazor,2.0,UnstableConcoction,RabadonsDeathcap,WarmogsArmor,,,,,,,,
2,EUW1_5973147656,TFT6_Augment_PandorasItems,TFT7_Augment_AssassinEmblem,TFT7_Augment_BestFriends2,2.0,0.0,,2.0,,,1.0,,,0.0,1.0,,0.0,0.0,,,,,0.0,,,,,,0.0,,,3.0,,,,,,,,,,,,,,,,,,,,,,,,,,,,,,,,,2.0,FrozenHeart,Shroud,,,,,,,,,,,,,,2.0,InfinityEdge,AssassinEmblemItem,UnstableConcoction,,,,,,,,,,,,,,,,,,,,,,,,,,,,,,,,,,,,,,,,,,,,,,,,,,,,,,,,,,,,,,,,,,,,,,,,,2.0,TearOfTheGoddess,,,2.0,InfinityEdge,,,,,,,,,,,,,,,,,,,,,,,,,,,,,,,1.0,,,,,,,,,,,,,,,,2.0,RedBuff,WarmogsArmor,,,,,,2.0,ZekesHerald,ZekesHerald,,,,,,1.0,ThiefsGloves,WarmogsArmor,GargoyleStoneplate,,,None,None,,,,,,,,,,,,,,,,,,,,,,,,,,,,,,,,,,,,
2,EUW1_5973083534,TFT6_Augment_Ascension,TFT7_Augment_DragonHorde,TFT7_Augment_BigFriend2,,,,1.0,0.0,,2.0,0.0,,0.0,,,0.0,,0.0,,,0.0,,,,,,,3.0,,0.0,2.0,,,,,,,,,2.0,UnstableConcoction,MadredsBloodrazor,GuinsoosRageblade,,,,,,,,,,,,,,,,,1.0,,,,,,,,,,,,,,,,,,,,2.0,WarmogsArmor,TempestEmblemItem,,,,,,,,,,,,,,,,,,,,,,,,,,,,,,,,,,,,,,1.0,,,,,,,,,,,,,,,,,,,,,,,,,,,,,,,,,,,,1.0,Morellonomicon,ZekesHerald,,,,,,,,,,,,,,,,,,,,,,,,,,,,,,,,,,,,,,,,,,,,,,,,,,,,,,,,,,,,,,,,,,2.0,,,,,,None,None,,,,,,,,,,,,,,,,,,,,,,,,,2.0,WarmogsArmor,RedBuff,IonicSpark,,,,,,,,
7,EUW1_5973083534,TFT7_Augment_PandorasBench,TFT6_Augment_Featherweights2,TFT6_Augment_CyberneticImplants2,,0.0,,,,,1.0,0.0,,,,1.0,,,,,1.0,,,3.0,,,1.0,,,,,0.0,,,,,,,,,,,,,,,,,,,,,,,,,,,,,,,,,,,,,,,,,,,,,,,,,,,,,2.0,Quicksilver,ArchangelsStaff,,,,,,2.0,ChainVest,,,,,,,,,,,,,,,,,,,,,,,,,,,,,,,,,,,,,,,,,,,,,,,1.0,Morellonomicon,,,3.0,MadredsBloodrazor,Quicksilver,Bloodthirster,,,,,,,,,,,,,,,,,,,,,,,,,,,,,,,,,,,,,,,,,1.0,,,,,,,,,,,,1.0,,,,2.0,,,,,,,,,,,,,,,,,,,,,,,,,,None,None,,,,,,,,,,,,,,,,,,,,,,,,,,,,,,,,,,,,
8,EUW1_5973083534,TFT7_Augment_CannoneerRicochet,TFT7_Augment_FirstAidKit2,TFT6_Augment_Ascension,,,,,0.0,,1.0,,1.0,,,2.0,0.0,,,0.0,,1.0,,1.0,,,,,,,,,,,,,2.0,,,,,,,,,,,,,,,,,,,,,,,,1.0,StatikkShiv,StatikkShiv,,,,,,,,,,,,,,2.0,TitansResolve,UnstableConcoction,,,,,,,,,,,,,,1.0,,,,,,,,,,,,,,,,,,,,,,,,,,,,,,,,,,,,,,,,,,,,,,,,1.0,RedBuff,,,,,,,,,,,,,,,,,,,,,,,,,,,,,,,,,,,,,,,,,,,,,,,,,,,,,,,1.0,,,,,,,,,,,,,,,,,,,,,,,,,,,,,,,,,,None,None,,,,,,,,,,,,,,,,,,,,,,,,,,,,,,,,,,,,
1,EUW1_5973083534,TFT7_Augment_CannoneerHotShot,TFT6_Augment_CyberneticShell2,TFT6_Augment_CyberneticUplink2,,,1.0,,2.0,,1.0,,1.0,1.0,1.0,,,,,3.0,,2.0,,,1.0,,,,,1.0,,0.0,,,,,,,,,,,,,,,,,,,,,2.0,ChainVest,,,,,,,2.0,MadredsBloodrazor,UnstableConcoction,GuinsoosRageblade,,,,,,,,,2.0,DragonsClaw,TitanicHydra,GargoyleStoneplate,,,,,,,,,,,,,,,,,,,,,,,,,,,,,,,,,2.0,ShimmerscaleDravensAxe,LocketOfTheIronSolari,,,,,,,,,,,,,,,,,,,,,,2.0,Redemption,Chalice,,,,,,,,,,,,,,,,,,,,,,,,,,,,,,,,,,,,,,,,,,,,,,,,,,,,,,,,,,,,,,2.0,MysticEmblemItem,,,,,,,,,,,,,,,,,,,,,,,,,,,1.0,MysticEmblemItem,,,4.0,TrainerSnax,None,None,2.0,NeedlesslyLargeRod,,,,,,,,,,,,,,,,,,,,,,,,,,,,,,,,,,
6,EUW1_5973083534,TFT6_Augment_ThreesCompany,TFT7_Augment_BruiserEmblem,TFT6_Augment_SecondWind2,3.0,,,2.0,,,,,,,1.0,,0.0,,,,0.0,,1.0,,0.0,,,,1.0,,1.0,0.0,,,,,,,,,,,,,,,,,,,,,,,,,,,,,,,,,2.0,LocketOfTheIronSolari,BruiserEmblemItem,RabadonsDeathcap,,,,,,,,,,,,,,,,,,,,,,,,,,,,,,,,,,,,,,,,,,,,,,,,,2.0,,,,,,,,,,,,,,,,,,,,,,,,,,,,,,,,,,,,2.0,AssassinEmblemItem,RapidFireCannon,,1.0,,,,1.0,,,,2.0,,,,,,,,,,,,,,,,,,,,2.0,,,,,,,,,,,,,,,,,,,,,,,,,,,,,,,,2.0,Bloodthirster,InfinityEdge,FrozenHeart,,,,,,,,,,,None,None,,,,,,,,,,,,,,,,,,,,,,,,,,,,,,,,,,,,
5,EUW1_5973083534,TFT6_Augment_CalculatedLoss,TFT6_Augment_Ascension,TFT7_Augment_BestFriends2,,1.0,,1.0,,,,,0.0,,1.0,,,2.0,,1.0,,,,,,,,,,1.0,,0.0,,,,,,,,,,,,,,,,,,,,,,,,,,,,,,,,,,,,,,,,,,,,,,,,,,,,,,,,,,,,,,,,,,,,,2.0,,,,3.0,WarmogsArmor,GargoyleStoneplate,,,,,,,,,,,,,,,,,,,,,,,,,,2.0,,,,3.0,TearOfTheGoddess,,,,,,,,,,,,,,,,,,,,,,,,,,,,,,,3.0,SpearOfShojin,HextechGunblade,RabadonsDeathcap,,,,,,,,,,,,,,,,,,,,,,,,,,,,,,,,,,,,,2.0,TitanicHydra,,,,,,,,,,,,,,,,,,,1.0,TrainerSnax,None,None,,,,,,,,,,,,,3.0,ChainVest,,,,,,,,,,,,,,,,,,,,,,
3,EUW1_5973083534,TFT6_Augment_HyperRoll,TFT7_Augment_GadgetExpert,TFT6_Augment_Diversify2,,,1.0,1.0,2.0,,,0.0,1.0,,1.0,,0.0,,0.0,1.0,0.0,1.0,,,,,,,0.0,1.0,1.0,,,,,,,,,,,,,,,,,,,,,,2.0,,,,,,,,2.0,InfinityEdge,MadredsBloodrazor,GuardianAngel,,,,,,,,,,,,,,,,,,,,,,,,,,,,,,,,,,,,,,,,,,,,,,,,,,,,,,,,,,,,,,,,,,,,,2.0,,,,,,,,,,,,,,,,,,,,,,,,2.0,Shroud,,,,,,,,,,,,,,,,,,,,,,,,,,,2.0,RedBuff,Redemption,GiantsBelt,,,,,,,,,2.0,StatikkShiv,CannoneerEmblemItem,,,,,,,,,,,,,,,,,,,,,,,,,,,,,,4.0,TrainerSnax,None,None,2.0,,,,,,,,,,,,,,,,,,,,,,,,1.0,ThiefsGloves,ArchangelsStaff,HextechGunblade,,,,,,,,
4,EUW1_5973083534,TFT6_Augment_ClearMind,TFT7_Augment_DragonHorde,TFT6_Augment_SecondWind2,,,,0.0,,,2.0,,,0.0,,,,0.0,2.0,,,,,,1.0,1.0,,,1.0,,,1.0,,,,,,,,,1.0,MirageEmblemItem,RabadonsDeathcap,UnstableConcoction,,,,,,,,,,,,,,,,,,,,,,,,,2.0,JeweledGauntlet,RecurveBow,,2.0,GargoyleStoneplate,Redemption,DragonsClaw,,,,,2.0,ShimmerscaleDravensAxe,MadredsBloodrazor,Bloodthirster,,,,,,,,,,,,,,,,,,,,,,,,,,,,,,,,,,,,,,,,,,,,,,,,,,,,,,,,,,,,,,,,,,,,,,,,,,,,,,,,,,,,,,,,,,,,,,,,,,,,,,,,,,,,,,,,,,,,,,,,,,,,,,,,,,,,,,,,,,,,,,,,,,,None,None,,,,,,,,,,,,,,,,,,,,,,,,,,,,,,,,,2.0,,,
8,EUW1_5972123478,TFT6_Augment_Electrocharge1,TFT7_Augment_BestFriends1,TFT6_Augment_Diversify2,1.0,,,1.0,,1.0,,,,,3.0,,0.0,,,,1.0,,,,,,,1.0,1.0,,0.0,,,,,,,,,,,,,,,,,,,,,,,,,,,,,,,,,,,,,,,,,,,,,,,,,,,,,,,,,,,,,,,,,,2.0,,,,,,,,,,,,,,,,,,,,,,,,,,,,,,,,,,,,,,,,,,,,,,,,,,,,,,,,,,,,1.0,,,,,,,,1.0,,,,,,,,2.0,RedBuff,GargoyleStoneplate,,,,,,,,,,1.0,,,,,,,,,,,,,,,,,,,,,,,,,,,,,,,,1.0,Shroud,Bloodthirster,,,,,,,,,,,,None,None,,,,,2.0,,,,,,,,,,,,,,,,2.0,Quicksilver,RapidFireCannon,MadredsBloodrazor,,,,,,,,,,,,
4,EUW1_5972123478,TFT6_Augment_ItemGrabBag1,TFT6_Augment_TinyTitans,TFT7_Augment_BestFriends2,,,,1.0,,1.0,1.0,,,,2.0,,0.0,,,,2.0,,,0.0,,,,1.0,0.0,,0.0,,,,,,,,,,,,,,,,,,,,,,,,,,,,,,,,,,,,,,,,,,,,,,,,,,,,,,,,,,,,,,,,,,2.0,GargoyleStoneplate,,,,,,,,,,,,,,,,,,,,,,,,,,,,,,,,,,,,,,,,,,,,,,,,,,,,,,,,,,,2.0,JeweledGauntlet,,,,,,,,,,,,,,,2.0,,,,,,,,,,,,2.0,RedBuff,Zephyr,,1.0,JeweledGauntlet,TitansResolve,FrozenHeart,,,,,,,,,,,,,,,,,,,,,,,,,,,,,,,,,,,,,,,None,None,,,,,1.0,ZekesHerald,,,,,,,,,,,,,,,2.0,MadredsBloodrazor,GuinsoosRageblade,UnstableConcoction,,,,,,,,,,,,
7,EUW1_5972123478,TFT6_Augment_Traitless1,TFT7_Augment_BandOfThieves1,TFT6_Augment_ThrillOfTheHunt2,0.0,,,0.0,0.0,,,0.0,0.0,0.0,,,,,,0.0,0.0,0.0,0.0,0.0,,,,,0.0,0.0,0.0,0.0,,,,,,,,,,,,,,,,,,,,,,,,,,,,,1.0,RunaansHurricane,,,2.0,FrozenHeart,UnstableConcoction,RabadonsDeathcap,,,,,,,,,,,,,,,,,,,,,,,,,,,,,,,,,,,,,,,,,,,,,,,,,,,,,2.0,TitansResolve,TitansResolve,,,,,,,,,,1.0,,,,,,,,,,,,,,,,,,,,,,,,,,,,,,,,,,,,,,,,,,,,,,,,,,,,2.0,,,,,,,,,,,,,,,,,,,,3.0,GuinsoosRageblade,MadredsBloodrazor,ArchangelsStaff,,,,,,,,,,,,,,,,,2.0,ThiefsGloves,RecurveBow,GuinsoosRageblade,,,None,None,,,,,,,,,,,,,,,,,,,,,,,,,,,,,,,,,,,,
6,EUW1_5972123478,TFT6_Augment_Meditation1,TFT6_Augment_CelestialBlessing1,TFT6_Augment_MakeshiftArmor2,1.0,,,1.0,,1.0,,,,,2.0,0.0,0.0,,,,1.0,,,,,,1.0,1.0,1.0,,0.0,,,,,,,,,,,,,,,,,,,,,,,,,,,,,,,,,,,,,,,,,,,,,,,,,,,,,,,,,,,,,,,,,,2.0,,,,,,,,,,,,,,,,,,,,,,,,,,,,,,,,,,,,,,,,,,,,,,,,,,,,,,,,,,,,2.0,CavalierEmblemItem,SeraphsEmbrace,,,,,,2.0,,,,,,,,,,,,,,,,,,,,2.0,,,,,,,,,,,,,,,,1.0,,,,,,,,,,,,,,,,1.0,FrozenHeart,GuardianAngel,,,,,,,,,,,,None,None,,,,,2.0,ZekesHerald,ChainVest,,,,,,,,,,,,,,2.0,GuinsoosRageblade,Quicksilver,Deathblade,,,,,,,,,,,,
3,EUW1_5972123478,TFT7_Augment_JadeEmblem,TFT6_Augment_ThrillOfTheHunt1,TFT6_Augment_Diversify2,,,1.0,,,,1.0,0.0,1.0,,1.0,2.0,,,0.0,2.0,,0.0,,1.0,,,1.0,,,0.0,0.0,,,,,,,,,,,,,,,,,,,,,,2.0,,,,,,,,,,,,,,,,,,,,,,,,2.0,RunaansHurricane,GuardianAngel,MadredsBloodrazor,,,,,,,,,,,,,2.0,NegatronCloak,,,,,,,,,,,,,,,,,,,,,,,,,,,,,,,,,,,,,,,2.0,JadeEmblemItem,,,,,,,2.0,Redemption,WarmogsArmor,RedBuff,,,,,,,,,,,,,,,,,,,,,,,,,,,,,,,,,,,,,,,,,,,,,,,,,,,,,1.0,,,,2.0,GuinsoosRageblade,Redemption,JeweledGauntlet,,,,,,,,,,,,,,,,,,,,,,,,,,,None,None,,,,,,,,,,,,,,,,,,,,,,,,,1.0,ThiefsGloves,ZekesHerald,RapidFireCannon,,,,,,,,
2,EUW1_5972123478,TFT7_Augment_CavalierTrait,TFT6_Augment_ItemGrabBag1,TFT6_Augment_SecondWind2,0.0,,1.0,,1.0,0.0,1.0,0.0,1.0,0.0,2.0,,,,0.0,1.0,,1.0,,,1.0,,,,,1.0,0.0,,,,,,,,,,,,,,,,,,,,,,2.0,TearOfTheGoddess,,,,,,,2.0,MadredsBloodrazor,InfinityEdge,LastWhisper,,,,,,,,,2.0,RedBuff,DragonsClaw,GargoyleStoneplate,,,,,,,,,,,,,,,,,,,,,,,,,,,,,,,,,,,,,,,,,,,,,,,,,,,,,,,,,2.0,,,,,,,,,,,,,,,,,,,,,,,,,,,,,,,,,,,,,,,,,,,,,,,,,,,,,,,,,,,,,,,,2.0,ArchangelsStaff,Quicksilver,GuinsoosRageblade,,,,,,,,,,,,,,,,,2.0,,,,,,,,,,,,3.0,TrainerSnax,None,None,2.0,,,,,,,,,,,,,,,,,,,,,,,,2.0,BrambleVest,ShimmerscaleMogulsMail,IonicSpark,,,,,,,,
5,EUW1_5972123478,TFT6_Augment_CyberneticShell1,TFT6_Augment_ThrillOfTheHunt1,TFT7_Augment_DragonmancerEmblem,0.0,,,,,1.0,,2.0,,,1.0,0.0,0.0,,1.0,,0.0,,,,0.0,,,1.0,1.0,,0.0,,,,,,,,,,,,,,2.0,ThiefsGloves,TearOfTheGoddess,FrozenHeart,,,,,,,,,,,,,,,,,,,,,,,,,,,,,,,,,,,,,,,,,,,,,,,,,2.0,DragonmancerEmblemItem,DragonsClaw,,,,,,,,,,,,,,,,,,,,,,2.0,SparringGloves,,,,,,,,,,,,,,,,,,,,,,,,,,,2.0,Bloodthirster,IonicSpark,DragonmancerEmblemItem,,,,,,,,,,,,,1.0,,,,,,,,,,,,,,,,,,,,,,,,,,,,,,,,,,,,,,,,,,,,,,,,,,,,,,,,,,,,,,,,,,None,None,,,,,1.0,DragonmancerEmblemItem,,,,,,,,,,,2.0,Chalice,,,,,,,1.0,TitanicHydra,,,,,,,,,,
1,EUW1_5972123478,TFT6_Augment_FirstAidKit,TFT7_Augment_MysticTrait,TFT6_Augment_PortableForge,,1.0,,1.0,,,,,1.0,,1.0,,,2.0,,2.0,0.0,0.0,,,,,,,,1.0,,0.0,,,,,,,,,,,,,,,,,,,,,,,,,,,,,,,,,,,,,,,,,,,,,,,,,,,,,,,,,,,,,,,,,,,,,2.0,,,,3.0,,,,,,,,,,,,,,,,,,,,,,,,,,,,2.0,RagewingEmblemItem,StatikkShiv,,3.0,SpearOfShojin,SparringGloves,RabadonsDeathcap,,,,,,,,,,,,,,,,,,,,,,,,,,,,,3.0,MadredsBloodrazor,ArchangelsStaff,SpearOfShojin,,,,,,,,,,,,,,,,,,,,,,,,,1.0,,,,,,,,,,,,3.0,OrnnEternalWinter,GargoyleStoneplate,TitanicHydra,,,,,,,,,,,,,,,,,4.0,TrainerSnax,None,None,,,,,,,,,,,,,3.0,Shroud,,,,,,,,,,,,,,,,,,,,,,
4,EUW1_5972349335,TFT6_Augment_TriForce2,TFT7_Augment_BruiserTrait,TFT7_Augment_SwiftshotPressTheAttack,1.0,0.0,,2.0,,,,0.0,,,2.0,,0.0,,0.0,,0.0,,,,,,,1.0,1.0,,1.0,,,,,,,,,,,,,,,,,,,,,,,,,,,,,,,,,,,,,,,,,,,,,,,,,,,,,,,,,,,,,,,,,,,,,,,,,,2.0,,,,,,,,,,,,,,,,,,,,,,,,,,,,,,,,,,,,,,,,,,,,,,,,,,,,2.0,DragonsClaw,GargoyleStoneplate,,,,,,2.0,,,,,,,,,,,,,,,,,,,,2.0,,,,,,,,,,,,,,,,,,,,,,,,,,,,,,,,2.0,FrozenHeart,RabadonsDeathcap,HextechGunblade,,,,,,,,,,,None,None,,,,,2.0,PowerGauntlet,,,3.0,GuinsoosRageblade,GuardianAngel,RunaansHurricane,,,,,,,,,,,,,1.0,,,,,,,,,,,
1,EUW1_5972349335,TFT7_Augment_MirageEmblem,TFT6_Augment_Weakspot,TFT7_Augment_MirageHallucinate,0.0,,1.0,,,2.0,1.0,,,,4.0,,,,3.0,0.0,0.0,,,,,,,0.0,,,,,,,,,,,,,,,,,,,,,,,,,1.0,,,,,,,,,,,,,,,,2.0,MadredsBloodrazor,ArchangelsStaff,ArchangelsStaff,,,,,,,,,,,,,,,,,,,,,,,,,1.0,MirageEmblemItem,,,,,,,,,,,,,,,,,,,,,,,,,,,,,,,,,,,,,,,,,,,,,,,,,,,3.0,TitanicHydra,HextechGunblade,Quicksilver,,,,,,,,,,,,,,,,,,,,,1.0,,,,,,,,,,,,,,,,,,,,,,,,,,,,,,,,,,,,,,,,,,,,2.0,MirageEmblemItem,Chalice,GuardianAngel,,,,,,,,,,,None,None,,,,,2.0,ThiefsGloves,RabadonsDeathcap,HextechGunblade,,,,,,,,,,,,,,,,,,,,,,,,,,,,
3,EUW1_5972349335,TFT6_Augment_ThrillOfTheHunt2,TFT6_Augment_Weakspot,TFT7_Augment_ShapeshifterBeastsDen,,0.0,,,,,1.0,0.0,0.0,,,2.0,,,,1.0,0.0,,,2.0,,,1.0,,,0.0,,,,,,,,,,,,,,,,,,,,,,,,,,,,,,,,,,,,,,,,,,,,,,,2.0,Redemption,DragonsClaw,,,,,,,,,,,,,,2.0,FrozenHeart,,,,,,,,,,,,,,,,,,,,,,,,,,,,,,,,,,,,,,,2.0,,,,,,,,1.0,GargoyleStoneplate,Redemption,RedBuff,3.0,Quicksilver,GuinsoosRageblade,Deathblade,,,,,,,,,,,,,,,,,,,,,,,,,,,,,,,,,,,,,,,,,,,,,,,,,,,,,1.0,TearOfTheGoddess,,,2.0,,,,,,,,,,,,,,,,,,,,,,,,,,None,None,,,,,,,,,,,,,,,,,,,,,,,,,,,,,,,,,,,,
6,EUW1_5972349335,TFT6_Augment_SecondWind2,TFT7_Augment_BestFriends1,TFT7_Augment_BestFriends2,0.0,,,1.0,,1.0,,,,,3.0,,0.0,,,,1.0,,,,,,,1.0,0.0,,0.0,,,,,,,,,,,,,,,,,,,,,,,,,,,,,,,,,,,,,,,,,,,,,,,,,,,,,,,,,,,,,,,,,,1.0,ThiefsGloves,Morellonomicon,TitanicHydra,,,,,,,,,,,,,,,,,,,,,,,,,,,,,,,,,,,,,,,,,,,,,,,,,,,,,,,,,1.0,RedBuff,GargoyleStoneplate,DragonsClaw,,,,,,,,,,,,,2.0,,,,,,,,,,,,2.0,,,,,,,,,,,,,,,,,,,,,,,,,,,,,,,,1.0,RecurveBow,FrozenHeart,,,,,,,,,,,,None,None,,,,,2.0,,,,,,,,,,,,,,,,2.0,GuinsoosRageblade,MadredsBloodrazor,Quicksilver,,,,,,,,,,,,
8,EUW1_5972349335,TFT6_Augment_Electrocharge2,TFT7_Augment_BestFriends1,TFT6_Augment_ThrillOfTheHunt2,,,,1.0,1.0,,1.0,,0.0,,,,,1.0,,0.0,,0.0,,,,,,,,2.0,,2.0,,,,,,,,,,,,,,,,,,,,,,,,,,,,,2.0,LastWhisper,MageEmblemItem,GuinsoosRageblade,,,,,,,,,,,,,,,,,1.0,NegatronCloak,,,,,,,,,,,,,,,,,,,2.0,,,,,,,,,,,,,,,,,,,,,,,,,,,,,,,,1.0,,,,,,,,,,,,,,,,,,,,,,,,,,,,,,,,,,,,,,,,,,,,,,,,,,,,,,,,,,,,,,,,,,,,,,,,,,,,2.0,DragonsClaw,RedBuff,IonicSpark,,,,,,,,,,,,,,,,,3.0,TrainerSnax,None,None,2.0,Zephyr,ZekesHerald,,,,,,,,,,,,,,,,,,,,,,,,,,,,,,,,,
7,EUW1_5972349335,TFT6_Augment_BlueBattery2,TFT6_Augment_Meditation1,TFT6_Augment_TargetDummies,,1.0,,0.0,,,1.0,0.0,1.0,,,1.0,,0.0,,0.0,,,,1.0,0.0,1.0,1.0,0.0,,0.0,,0.0,,,,,,,,,,,,,2.0,StatikkShiv,,,1.0,MadredsBloodrazor,HextechGunblade,JeweledGauntlet,,,,,,,,,,,,,,,,,,,,,,,,,,,,,,,,,,,,,,,,,2.0,,,,,,,,,,,,,,,,,,,,,,,,,,,,,,,,,,,,,,,,1.0,,,,,,,,2.0,RedBuff,,,,,,,,,,,,,,,,,,,,,,,,,,,,,,,,,,,,,,,,,,,,,,,,,,,,,,,,,,,1.0,,,,,,,,2.0,LocketOfTheIronSolari,,,,,,,,,,,,,,,,,,,,,None,None,,,,,,,,,,,,,,,,,,,,,,,,,,,,,,,,,1.0,,,
2,EUW1_5972349335,TFT7_Augment_EvokerEmblem,TFT7_Augment_BestFriends1,TFT7_Augment_UrfsGrabBag1,,1.0,,1.0,,,1.0,,2.0,,,,,2.0,,1.0,,0.0,,,0.0,1.0,,,,1.0,,0.0,,,,,,,,,,,,,,,,,1.0,MageEmblemItem,HextechGunblade,ArchangelsStaff,,,,,,,,,,,,,,,,,,,,,,,,,,,,,,,,,,,,,,,,,,,,,,,,,2.0,,,,2.0,,,,,,,,,,,,,,,,,,,,,,,,,,,,2.0,ZekesHerald,ZekesHerald,,3.0,Shroud,EvokerEmblemItem,JeweledGauntlet,,,,,,,,,,,,,,,,,,,,,,,,,,,,,,,,,,,,,,,,,,,,,,,,,,,,,,,,,1.0,,,,,,,,,,,,2.0,TitanicHydra,BrambleVest,WarmogsArmor,,,,,,,,,,,,,,,,,4.0,TrainerSnax,None,None,,,,,,,,,,,,,,,,,,,,,,,,,,,,,,,,,2.0,Quicksilver,,
5,EUW1_5972349335,TFT7_Augment_UrfsGrabBag1,TFT6_Augment_Weakspot,TFT6_Augment_ComponentGrabBag,1.0,,,0.0,,0.0,,1.0,,,1.0,0.0,,,0.0,,1.0,,,,0.0,,,1.0,1.0,,1.0,,,,,,,,,,,,,,1.0,,,,,,,,,,,,,,,,,,,,,,,,,,,,,,,,,,,,,,,,,,,,,,,,,,,,2.0,IonicSpark,TearOfTheGoddess,,,,,,,,,,,,,,,,,,,,,,2.0,,,,,,,,,,,,,,,,,,,,,,,,,,,,,,,,,,,,,,,,,,,,2.0,LocketOfTheIronSolari,IonicSpark,,,,,,,,,,,,,,,,,,2.0,ShimmerscaleEmblemItem,ZekesHerald,,,,,,,,,,,,,,,,,,,,,,,,,,,,,,1.0,ThiefsGloves,RunaansHurricane,SeraphsEmbrace,,,,,,,,,,,None,None,,,,,,,,,,,,,,,,,,,,,2.0,Bloodthirster,MadredsBloodrazor,GuinsoosRageblade,1.0,WarmogsArmor,DragonsClaw,RedBuff,,,,,,,,
6,EUW1_5971717182,TFT7_Augment_UrfsGrabBag1,TFT6_Augment_ComponentGrabBag,TFT6_Augment_Ascension,,0.0,1.0,1.0,,,,,1.0,,2.0,,,2.0,,2.0,,0.0,,,,,,,,1.0,,0.0,,,,,,,,,,,,,,,,,,,,,1.0,LocketOfTheIronSolari,,,,,,,,,,,,,,,,,,,,,,,,,,,,,,,,,,,,,,,,,,,,,,,2.0,,,,2.0,WarmogsArmor,TitanicHydra,,,,,,,,,,,,,,,,,,,,,,,,,,2.0,Chalice,,,3.0,Quicksilver,GuinsoosRageblade,,,,,,,,,,,,,,,,,,,,,,,,,,,,,,2.0,,,,,,,,,,,,,,,,,,,,,,,,,,,,1.0,MageEmblemItem,,,,,,,,,,,2.0,WarmogsArmor,BrambleVest,RedBuff,,,,,,,,,,,,,,,,,2.0,TrainerSnax,None,None,,,,,,,,,,,,,,,,,,,,,,,,,,,,,,,,,,,,
7,EUW1_5971717182,TFT6_Augment_CyberneticShell2,TFT6_Augment_Electrocharge2,TFT7_Augment_FirstAidKit2,,,,,0.0,,1.0,,1.0,,,2.0,,,,1.0,,1.0,,1.0,,,1.0,,,0.0,,,,,,,,,,,,,,,,,,,,,,,,,,,,,,,1.0,,,,,,,,,,,,,,,,2.0,Bloodthirster,InfinityEdge,GuinsoosRageblade,,,,,,,,,,,,,2.0,TitanicHydra,,,,,,,,,,,,,,,,,,,,,,,,,,,,,,,,,,,,,,,2.0,,,,,,,,1.0,GargoyleStoneplate,DragonsClaw,Morellonomicon,,,,,,,,,,,,,,,,,,,,,,,,,,,,,,,,,,,,,,,,,,,,,,,,,,,,,1.0,,,,1.0,,,,,,,,,,,,,,,,,,,,,,,,,,,,,,None,None,,,,,,,,,,,,,,,,,,,,,,,,,,,,,,,,,,,,
1,EUW1_5971717182,TFT6_Augment_CyberneticUplink2,TFT7_Augment_GadgetExpert,TFT6_Augment_JeweledLotus,,,1.0,1.0,,,1.0,0.0,0.0,,1.0,,0.0,1.0,0.0,1.0,,,,,0.0,1.0,,,2.0,1.0,0.0,0.0,,,,,,,,,1.0,SpearOfShojin,InfinityEdge,ArchangelsStaff,,,,,,,,,1.0,,,,,,,,,,,,,,,,,,,,,,,,,,,,,,,,,,,,,,,,,,,,,,,,2.0,Zephyr,,,,,,,,,,,,,,,,,,,,,,,,,,,,,,,2.0,ThiefsGloves,RapidFireCannon,Bloodthirster,,,,,,,,,,,,,,,,,,,,,2.0,LocketOfTheIronSolari,,,,,,,,,,,,,,,,,,,,,,,,,,,,,,,,,,,,,,,,,,,,,,,,,,,2.0,RedBuff,TitanicHydra,GargoyleStoneplate,,,,,,,,,,,,,,,,,3.0,TrainerSnax,None,None,,,,,,,,,,,,,,,,,,,,,,,,,1.0,NeedlesslyLargeRod,Zephyr,,,,,,2.0,StatikkShiv,,
8,EUW1_5971717182,TFT7_Augment_SwiftshotPressTheAttack,TFT7_Augment_BestFriends2,TFT6_Augment_SunfireBoard,1.0,1.0,,1.0,,,,,,,1.0,,0.0,0.0,,0.0,0.0,,,,0.0,,,1.0,1.0,,,,,,,,,,,,,,,,,,,,,,,,,,,,,,,,,,,,,,,,,,,,,,,,,,,,,,,,,,,,,,,,,,,,,,,,,,,,3.0,ThiefsGloves,WarmogsArmor,GargoyleStoneplate,,,,,,,,,1.0,InfinityEdge,,,,,,,,,,,,,,,,,,,2.0,,,,,,,,,,,,,,,,,,,,2.0,GuardianAngel,,,,,,,1.0,,,,,,,,,,,,,,,,,,,,,,,,,,,,,,,,,,,,,,,,,,,,,,,,,,,,,,,,,,,,,,,,,,None,None,,,,,2.0,ThiefsGloves,RedBuff,GargoyleStoneplate,3.0,Deathblade,StatikkShiv,RunaansHurricane,,,,,,,,,,,,,,,,,,,,,,,,
2,EUW1_5971717182,TFT7_Augment_Preparation2,TFT7_Augment_ShapeshifterBeastsDen,TFT6_Augment_SecondWind2,0.0,0.0,,,,,1.0,0.0,,,,2.0,,,,0.0,,,,2.0,,,,0.0,,,,1.0,,,,,,,,,,,,,2.0,ZekesHerald,,,,,,,,,,,,,,,,,,,,,,,,,,,,,,,2.0,GuardianAngel,Redemption,InfinityEdge,,,,,2.0,,,,,,,,2.0,,,,,,,,,,,,,,,,,,,,,,,,,,,,,,,,,,,,,,,,,,,,,,,,2.0,GargoyleStoneplate,RedBuff,TitansResolve,3.0,GuinsoosRageblade,InfinityEdge,Quicksilver,,,,,,,,,,,,,1.0,,,,,,,,,,,,,,,,,,,,,,,,,,,,,,,,,,,,,,,,,,,,,,,,,,,,,,,,,,,,,,,,,,,,,,None,None,,,,,,,,,,,,,,,,,,,,,,,,,,,,,,,,,,,,
4,EUW1_5971717182,TFT6_Augment_HyperRoll,TFT6_Augment_JeweledLotus,TFT6_Augment_PortableForge,1.0,,1.0,,,2.0,1.0,,,,3.0,,,,2.0,0.0,0.0,,,,,,,,,,,0.0,,,,,,,,,,,,,,,,,,,,,1.0,,,,,,,,,,,,,,,,2.0,RabadonsDeathcap,InfinityEdge,MadredsBloodrazor,,,,,,,,,,,,,,,,,,,,,,,,,2.0,,,,,,,,,,,,,,,,,,,,,,,,,,,,,,,,,,,,,,,,,,,,,,,,,,,,2.0,WarmogsArmor,BrambleVest,OrnnDeathsDefiance,,,,,,,,,1.0,RabadonsDeathcap,IonicSpark,HextechGunblade,,,,,,,,,2.0,,,,,,,,,,,,,,,,,,,,,,,,,,,,,,,,,,,,,,,,,,,,2.0,FrozenHeart,UnstableConcoction,,,,,,,,,,,,None,None,,,,,,,,,,,,,,,,,,,,,,,,,,,,,,,,,,,,
5,EUW1_5971717182,TFT7_Augment_Bloodlust1,TFT6_Augment_SalvageBin,TFT7_Augment_MikaelsGift,1.0,,,1.0,,0.0,,,,,2.0,0.0,0.0,,,,1.0,,,,,,1.0,1.0,1.0,,0.0,,,,,,,,,,,,,,,,,,,,,,,,,,,,,,,,,,,,,,,,,,,,,,,,,,,,,,,,,,,,,,,,,,1.0,,,,,,,,,,,,,,,,,,,,,,,,,,,,,,,,,,,,,,,,,,,,,,,,,,,,,,,,,,,,2.0,ThiefsGloves,TearOfTheGoddess,Morellonomicon,,,,,2.0,NeedlesslyLargeRod,,,,,,,,,,,,,,,,,,,2.0,RedBuff,,,,,,,,,,,,,,,1.0,Shroud,,,,,,,,,,,,,,,2.0,FrozenHeart,IonicSpark,UnstableConcoction,,,,,,,,,,,None,None,,,,,2.0,GuinsoosRageblade,,,,,,,,,,,,,,,2.0,MadredsBloodrazor,GuinsoosRageblade,Quicksilver,,,,,,,,,,,,
3,EUW1_5971717182,TFT6_Augment_SecondWind2,TFT7_Augment_DragonHorde,TFT7_Augment_BigFriend2,,1.0,,1.0,,,2.0,,0.0,1.0,,0.0,0.0,,,,,,,,1.0,,1.0,,0.0,,,2.0,,,,,,,,,,,,,,,,,2.0,HextechGunblade,ArchangelsStaff,JeweledGauntlet,,,,,,,,,,,,,,,,,,,,,2.0,ShimmerscaleMogulsMail,DragonsClaw,GargoyleStoneplate,,,,,2.0,Bloodthirster,TitansResolve,GuardianAngel,,,,,,,,,,,,,,,,,,,,,,,,,,,,,,,,,,,,,,,,,,,,,,,,,,,,,,,,,,,,,,,,,,,,,,,,,2.0,RedBuff,,,,,,,,,,,,,,,,,,,,,,,,,,,,,,,,,,,,,,,,,,,1.0,,,,,,,,,,,,,,,,,,,,,,,,2.0,,,,,,None,None,,,,,,,,,,,,,,,,,,,,,,,,,,,,,,,,,,,,
5,EUW1_5971854702,TFT6_Augment_Electrocharge3,TFT6_Augment_MaxLevel10,TFT6_Augment_VerdantVeil,,,,,,2.0,1.0,,,1.0,2.0,,,,2.0,,0.0,,0.0,,,,,0.0,,,,,,,,,,,,,,,,,,,,,,,,,,,,,2.0,IonicSpark,WarmogsArmor,,,,,,,,,,2.0,UnstableConcoction,ArchangelsStaff,MadredsBloodrazor,,,,,,,,,,,,,,,,,,,,,,,,,2.0,Shroud,Morellonomicon,,,,,,,,,,,,,,,,,,,,,,,,,,2.0,,,,,,,,,,,,,,,,,,,,,,,,2.0,,,,,,,,,,,,,,,,,,,,,,,,2.0,,,,,,,,,,,,,,,,,,,,,,,,,,,,,,,,,,,,,,,,,,,,,,,,,,,,,,,,,,None,None,,,,,1.0,,,,,,,,,,,,,,,,,,,,,,,,,,,,,,,
2,EUW1_5971854702,TFT6_Augment_MaxLevel10,TFT7_Augment_MirageEmblem2,TFT6_Augment_RadiantRelics,,,,0.0,,1.0,1.0,1.0,,0.0,,,0.0,,4.0,,0.0,,,0.0,,,,,1.0,,1.0,,,,,,,,,,,,,,,,,,,,,,,,,,,,,,,,,,,,,,2.0,UnstableConcoction,JeweledGauntletRadiant,ArchangelsStaff,,,,,,,,,,,,,,,,,,,,,,,,,2.0,TearOfTheGoddess,TitanicHydra,,,,,,,,,,,,,,,,,,,,,,2.0,MirageEmblemItem,,,2.0,TitanicHydra,,,,,,,,,,,,,,,,,,,,,,,2.0,WarmogsArmor,DragonsClaw,RedBuff,,,,,1.0,,,,,,,,,,,,,,,,,,,,,,,,,,,,,,,,,,,,,,,,,,,,,,,,1.0,,,,,,,,,,,,,,,,,,,,,,,,,,None,None,,,,,,,,,,,,,,,,,,,,,,,,,2.0,StatikkShiv,LastWhisper,UnstableConcoction,2.0,,,,,,,
1,EUW1_5971854702,TFT7_Augment_LivingForge,TFT6_Augment_HighEndShopping,TFT7_Augment_MysticTrait2,,,1.0,,,,1.0,,0.0,,1.0,2.0,,,,3.0,,,,1.0,,,1.0,,,0.0,,,,,,,,,,,,,,,,,,,,,,,2.0,Chalice,,,,,,,,,,,,,,,,,,,,,,,2.0,InfinityEdge,HextechGunblade,GuardianAngel,,,,,,,,,,,,,1.0,Zephyr,,,,,,,,,,,,,,,,,,,,,,,,,,,,,,,,,,,,,,,2.0,RedBuff,,,,,,,1.0,RedBuff,WarmogsArmor,OrnnAnimaVisage,,,,,,,,,,,,,,,,,,,,,,,,,,,,,,,,,,,,,,,,,,,,,,,,,,,,,,,,,3.0,OrnnZhonyasParadox,RabadonsDeathcap,SpearOfShojin,,,,,,,,,,,,,,,,,,,,,,,,,,,None,None,,,,,,,,,,,,,,,,,,,,,,,,,,,,,,,,,,,,
7,EUW1_5971854702,TFT7_Augment_ShapeshifterTrait2,TFT6_Augment_MaxLevel10,TFT6_Augment_RadiantRelics,,,,,,,1.0,1.0,,,,1.0,,,,,2.0,,,3.0,,,,1.0,,,,0.0,,,,,,,,,,,,,2.0,ChaliceOfPowerRadiant,,,,,,,,,,,,,,,,,,,,,,,,,,,,,,,,,,,,,,,2.0,SeraphsEmbrace,,,,,,,1.0,,,,,,,,,,,,,,,,,,,,,,,,,,,,,,,,,,,,,,,,,,,,,,,,2.0,WarmogsArmor,RedBuff,,,,,,,,,,,,,,,,,,,,,,,,,,,,,,,,,,,,,,2.0,,,,,,,,1.0,WarmogsArmor,MadredsBloodrazor,GuinsoosRageblade,,,,,,,,,,,,,2.0,Quicksilver,StatikkShiv,GuinsoosRageblade,,,,,,,,,,,,,,,,,,,,,,,None,None,,,,,,,,,,,,,,,,,,,,,1.0,,,,,,,,,,,,,,,
6,EUW1_5971854702,TFT7_Augment_LivingForge,TFT6_Augment_Diversify3,TFT6_Augment_Distancing3,2.0,0.0,,2.0,,,,,,,1.0,,0.0,,,,0.0,,1.0,,,,,,1.0,,1.0,0.0,,,,,,,,,,,,,,,,,,,,,,,,,,,,,,,,,2.0,FrozenHeart,UnstableConcoction,OrnnObsidianCleaver,,,,,,,,,,,,,,,,,,,,,,,,,,,,,,,,,,,,,1.0,,,,,,,,,,,,,,,,,,,,,,,,,,,,,,,,,,,,,,,,,,,,,,,,2.0,ZekesHerald,,,2.0,PowerGauntlet,,,2.0,InfinityEdge,HextechGunblade,SeraphsEmbrace,2.0,OrnnMuramana,RedBuff,,,,,,,,,,,,,,,,,,1.0,,,,,,,,,,,,,,,,,,,,,,,,,,,,,,,,1.0,,,,,,,,,,,,,,None,None,,,,,,,,,,,,,,,,,,,,,,,,,,,,,,,,,,,,
8,EUW1_5971854702,TFT7_Augment_DragonmancerEmblem2,TFT6_Augment_GrandGambler,TFT7_Augment_ThinkFast,,,,0.0,,,,2.0,,,,1.0,0.0,,,,0.0,,,1.0,0.0,,,0.0,1.0,,,,,,,,,,,,,,,,1.0,,,,,,,,,,,,,,,,,,,,,,,,,,,,,,,,,,,,,,,,,,,,,,,,,,,,,,,,,,,,,,,,,,,,2.0,,,,,,,,2.0,ZekesHerald,UnstableConcoction,,,,,,,,,,,,,,,,,,1.0,BrambleVest,,,,,,,,,,,,,,,2.0,DragonmancerEmblemItem,RedBuff,UnstableConcoction,,,,,,,,,,,,,,,,,,,,,,,,,,,,,,,,,,,,,,,,,,,,,2.0,GuinsoosRageblade,JeweledGauntlet,Quicksilver,,,,,,,,,,,,,,,,,,,,,,,None,None,,,,,,,,,,,,,,,,,2.0,,,,,,,,,,,,,,,,,,,
4,EUW1_5971854702,TFT7_Augment_DragonmancerEmblem2,TFT6_Augment_ThriftShop,TFT7_Augment_TomeOfTraits2,,,,0.0,,,,3.0,,,1.0,1.0,0.0,,0.0,,0.0,,0.0,1.0,0.0,,,0.0,0.0,,1.0,,,,,,,,,,,,,,2.0,,,,,,,,,,,,,,,,,,,,,,,,,,,,,,,,,,,,,,,,,,,,,,,,,,,,,,,,,,,,,,,,,,,,2.0,,,,,,,,1.0,RedBuff,,,,,,,,,,,,,,,,,,,2.0,RedBuff,DragonmancerEmblemItem,IonicSpark,,,,,,,,,1.0,DragonmancerEmblemItem,,,,,,,,,,,,,,,,,,,,,,,,,,,2.0,GuildEmblemItem,Zephyr,,,,,,,,,,,,,,,,,,,,,,2.0,ArchangelsStaff,Quicksilver,GuinsoosRageblade,,,,,,,,,,,,,,,,,,,,,,,None,None,,,,,,,,,,,,,,,,,1.0,,,,,,,,2.0,Bloodthirster,GuardianAngel,UnstableConcoction,,,,,,,,
3,EUW1_5971854702,TFT7_Augment_AssassinEmblem2,TFT6_Augment_CyberneticImplants3,TFT7_Augment_CursedCrown,2.0,,,,,,1.0,,1.0,,1.0,2.0,0.0,,,1.0,,0.0,0.0,1.0,,,,,0.0,0.0,,,,,,,1.0,,,,,,,,,,,,,,,,,,,,,,,,,,,,2.0,RedBuff,FrozenHeart,Redemption,,,,,,,,,2.0,RunaansHurricane,AssassinEmblemItem,InfinityEdge,,,,,,,,,,,,,2.0,NeedlesslyLargeRod,,,,,,,,,,,,,,,,,,,,,,,,,,,,,,,,,,,,,,,2.0,Redemption,,,,,,,1.0,Quicksilver,,,,,,,,,,,,,,,,,,,,,,,2.0,ThiefsGloves,BrambleVest,TitansResolve,,,,,,,,,,,,,,,,,,,,,,,,,,,,,2.0,RecurveBow,,,,,,,,,,,,,,,,,,,2.0,ThiefsGloves,InfinityEdge,MadredsBloodrazor,,,,,,,,,,,None,None,,,,,,,,,,,,,,,,,,,,,,,,,,,,,,,,,,,,
5,EUW1_5971841375,TFT7_Augment_AssassinEmblem,TFT6_Augment_SunfireBoard,TFT7_Augment_BruiserTitanicStrength,2.0,,,2.0,,,,,,,1.0,,0.0,0.0,,,0.0,,1.0,,,,,,0.0,,1.0,0.0,,,,,,,,,,,,,,,,,,,,,,,,,,,,,,,,,2.0,ZekesHerald,TitansResolve,ZekesHerald,,,,,,,,,,,,,,,,,,,,,,,,,,,,,,,,,,,,,,,,,,,,,,,,,,,,,,,,,,,,,,,,,,,,,,,,,,,,,,,,,,,,,3.0,InfinityEdge,Bloodthirster,AssassinEmblemItem,1.0,,,,,,,,,,,,,,,,,,,,,,,,,,,,2.0,AssassinEmblemItem,,,,,,,,,,,,,,,,,,,,,,,2.0,TitanicHydra,,,,,,,2.0,RedBuff,,,,,,,,,,,,,None,None,,,,,,,,,,,,,,,,,,,,,,,,,,,,,,,,,,,,
2,EUW1_5971841375,TFT6_Augment_Twins2,TFT6_Augment_ComponentGrabBag,TFT7_Augment_BigFriend2,,0.0,,1.0,,,1.0,,,,1.0,,0.0,,,,,,,,,,,1.0,2.0,,,,,,,,,,,,1.0,SpearOfShojin,JeweledGauntlet,HextechGunblade,,,,,,,,,,,,,,,,,,,,,,,,,,,,,,,,,,,,,,,,,,,,,,,,,,,,,,,,,,,,,2.0,IonicSpark,DragonsClaw,IonicSpark,,,,,,,,,,,,,,,,,,,,,,,,,,,,,,,,,,,,,,,,,,,,,,,,,2.0,,,,,,,,,,,,,,,,,,,,,,,,,,,,,,,,,,,,,,,,,,,,,,,,,,,,,,,,,,,,,,,,,,,,,,,,,,None,None,,,,,2.0,,,,2.0,InfinityEdge,MadredsBloodrazor,RunaansHurricane,,,,,,,,,,,,,,,,,,,,,,,,
7,EUW1_5971841375,TFT7_Augment_MageConference,TFT6_Augment_JeweledLotus,TFT7_Augment_AxiomArc2,,0.0,,1.0,,,,,0.0,,1.0,,0.0,2.0,,1.0,,,,,0.0,1.0,,,0.0,1.0,,0.0,,,,,,,,,,,,,,,,,,,,,,,,,,,,,,,,,,,,,,,,,,,,,,,,,,,,,,,,,,,,,,,,,,,,,3.0,TearOfTheGoddess,,,,,,,,,,,,,,,,,,,,,,,,,,,,,,,2.0,,,,3.0,ArchangelsStaff,,,,,,,,,,,,,,,,,,,1.0,,,,,,,,,,,,2.0,GuinsoosRageblade,JeweledGauntlet,StatikkShiv,,,,,,,,,,,,,,,,,,,,,,,,,,,,,,,,,,,,,2.0,DragonsClaw,IonicSpark,,,,,,,,,,,,,,,,,,2.0,TrainerSnax,None,None,,,,,,,,,,,,,3.0,,,,,,,,,,,,,,,,,,,,1.0,,,
4,EUW1_5971841375,TFT6_Augment_CalculatedLoss,TFT7_Augment_BestFriends2,TFT7_Augment_MirageEmblem,,,,,,2.0,1.0,0.0,,0.0,1.0,,,,4.0,,0.0,,,,,,,,,,1.0,,,,,,,,,,,,,,,,,,,,,,,,,,,,,,,,,,,,,,2.0,HextechGunblade,Quicksilver,GuinsoosRageblade,,,,,,,,,,,,,,,,,,,,,,,,,1.0,MirageEmblemItem,,,,,,,,,,,,,,,,,,,,,,,,,,,2.0,,,,,,,,,,,,,,,,,,,,,,,,2.0,RedBuff,,,,,,,,,,,,,,,,,,,,,,,2.0,,,,,,,,,,,,,,,,,,,,,,,,,,,,,,,,,,,,,,,,,,,,,,,,,,,,,,,,,,None,None,,,,,,,,,,,,,,,,,,,,,,,,,1.0,Deathblade,,,3.0,GuinsoosRageblade,Quicksilver,Bloodthirster,,,,
1,EUW1_5971841375,TFT6_Augment_TradeSector,TFT6_Augment_Diversify2,TFT7_Augment_MageEmblem,,1.0,1.0,1.0,,,1.0,,,,1.0,,0.0,3.0,,1.0,,,,,0.0,1.0,,,2.0,,,0.0,,,,,,,,,1.0,SpearOfShojin,MageEmblemItem,ArchangelsStaff,,,,,,,,,2.0,Chalice,MageEmblemItem,,,,,,,,,,,,,,,,,,,,,,,,,,,,,,,,,,,,,,,,,,,,,,,,,,2.0,MageEmblemItem,GiantsBelt,,,,,,,,,,,,,,,,,,,,,,,,,,,,,,3.0,StatikkShiv,Morellonomicon,,,,,,,,,,,,,,,,,,1.0,,,,,,,,,,,,,,,,,,,,,,,,,,,,,,,,,,,,,,,,,,,,,,,,,,,,2.0,TitansResolve,DragonsClaw,Shroud,,,,,,,,,,,,,,,,,,,None,None,,,,,,,,,,,,,2.0,,,,,,,,,,,,,,,,,,,,2.0,,,
3,EUW1_5971841375,TFT6_Augment_PortableForge,TFT7_Augment_GadgetExpert,TFT6_Augment_SecondWind2,,,,1.0,0.0,,1.0,,1.0,,,,,1.0,,0.0,,1.0,,,0.0,1.0,,,,1.0,,2.0,,,,,,,,,,,,,,,,,,,,,,,,,,,,,2.0,StatikkShiv,MadredsBloodrazor,GuinsoosRageblade,,,,,,,,,,,,,,,,,2.0,RunaansHurricane,RedBuff,TitansResolve,,,,,,,,,,,,,,,,,2.0,,,,,,,,,,,,,,,,,,,,,,,,,,,,,,,,2.0,OrnnRanduinsSanctum,,,,,,,,,,,,,,,,,,,,,,,,,,,,,,,,,,,,,,,,,,,,,,,,,,,,,,,,,,,,,,,2.0,SpearOfShojin,ArchangelsStaff,JeweledGauntlet,,,,,,,,,2.0,ThiefsGloves,TitansResolve,ArchangelsStaff,,,,,,,,,,,,,,,,,4.0,TrainerSnax,None,None,,,,,,,,,,,,,,,,,,,,,,,,,,,,,,,,,1.0,,,
6,EUW1_5971841375,TFT7_Augment_CavalierEmblem,TFT6_Augment_SecondWind2,TFT6_Augment_PortableForge,,,,0.0,,3.0,,1.0,0.0,,1.0,0.0,1.0,,1.0,,0.0,,,,0.0,,,,1.0,,0.0,,,,,,2.0,,,,,,,,,,,,,,,,,,,,,,,,,,,,,,,,,,,,,,,,,,,,,,,,,,,,,,,,,,,,1.0,,,,,,,,,,,,,,,,,,,,,,,,2.0,,,,,,,,,,,,,,,,,,,,,,,,,,,,2.0,Chalice,ZekesHerald,,,,,,2.0,RedBuff,,,,,,,,,,,,,,,1.0,,,,,,,,,,,,,,,,,,,,,,,,,,,,,,,,,,,,,,,,,,,,,,,,,,,,,,,,,,None,None,,,,,,,,,,,,,,,,,2.0,GuinsoosRageblade,Quicksilver,OrnnDeathsDefiance,,,,,2.0,SeraphsEmbrace,CavalierEmblemItem,HextechGunblade,,,,,,,,
8,EUW1_5971841375,TFT7_Augment_MirageEmblem,TFT6_Augment_Diversify2,TFT6_Augment_BlueBattery2,,,,1.0,,2.0,1.0,,,0.0,,,0.0,0.0,2.0,,0.0,,0.0,,,,,,0.0,,0.0,1.0,,,,,,,,,,,,,,,,,,,,,,,,,,,,,,,,,,,,,,,,,,,,,,,,,2.0,MirageEmblemItem,MadredsBloodrazor,Bloodthirster,,,,,,,,,,,,,1.0,MirageEmblemItem,,,,,,,,,,,,,,,,,,,,,,,,,,,2.0,,,,1.0,,,,,,,,,,,,,,,,,,,,2.0,FrozenHeart,DragonsClaw,,,,,,1.0,,,,,,,,,,,,,,,,,,,,,,,,,,,,,,,,,,,,,,,,,,,,,,,,,,,,,,,,,,,,,,,,,,,,,,,,,,None,None,,,,,,,,,,,,,,,,,,,,,,,,,,,,,2.0,StatikkShiv,TitansResolve,,,,,
4,EUW1_5971772166,TFT7_Augment_ClutteredMind,TFT6_Augment_ComponentGrabBag,TFT7_Augment_GadgetExpert,1.0,,1.0,1.0,0.0,,,0.0,,,2.0,,0.0,1.0,0.0,0.0,,0.0,,,0.0,1.0,,,1.0,0.0,0.0,0.0,,,,,,,,,,,,,,,,,,,,,2.0,,,,,,,,2.0,GuinsoosRageblade,StatikkShiv,Deathblade,,,,,,,,,,,,,,,,,,,,,,,,,,,,,,,,,,,,,2.0,,,,,,,,,,,,,,,,,,,,,,,,,,,,,,,,,,,,,,,,,,,,,,,,,,,,,,,,2.0,WarmogsArmor,Redemption,RedBuff,,,,,1.0,,,,,,,,,,,,,,,,,,,,,,,,,,,,,,,,,,,,,,,,,,,,1.0,ChainVest,,,,,,,2.0,,,,,,,,,,,,,,None,None,,,,,,,,,,,,,,,,,,,,,,,,,2.0,SeraphsEmbrace,LocketOfTheIronSolari,,,,,,2.0,StatikkShiv,Quicksilver,
3,EUW1_5971772166,TFT6_Augment_LudensEcho2,TFT7_Augment_FirstAidKit2,TFT6_Augment_CelestialBlessing2,,0.0,,0.0,,,,,1.0,,1.0,,,3.0,,1.0,,0.0,,,0.0,1.0,,,,1.0,,0.0,,,,,,,,,,,,,,,,,,,,,,,,,,,,,,,,,,,,,,,,,,,,,,,,,,,,,,,,,,,,,,,,,,,,,2.0,,,,,,,,,,,,,,,,,,,,,,,,,,,,,,,,2.0,,,,2.0,,,,,,,,,,,,,,,,,,,,,,,,,,,,,,,,2.0,SpearOfShojin,JeweledGauntlet,MadredsBloodrazor,,,,,,,,,,,,,,,,,,,,,,,,,2.0,MageEmblemItem,,,,,,,,,,,2.0,IonicSpark,WarmogsArmor,TitansResolve,,,,,,,,,,,,,,,,,2.0,TrainerSnax,None,None,,,,,,,,,,,,,2.0,,,,,,,,,,,,,,,,,,,,1.0,SeraphsEmbrace,LastWhisper,
7,EUW1_5971772166,TFT6_Augment_Traitless2,TFT7_Augment_DragonAlliance,TFT6_Augment_SalvageBin,,,,2.0,,,2.0,,,0.0,,,0.0,0.0,1.0,,0.0,,,,,,,,0.0,,0.0,2.0,,,,,,,,,,,,,,,,,,,,,,,,,,,,,,,,,,,,,1.0,GuinsoosRageblade,Quicksilver,UnstableConcoction,,,,,,,,,2.0,UnstableConcoction,WarmogsArmor,WarmogsArmor,,,,,,,,,,,,,,,,,,,,,,,,,,,,,,,,,,,,,,,,,,,,,,,,,,,,,,,,,,,,,,,,,,,,,,,,,1.0,WarmogsArmor,,,,,,,,,,,,,,,,,,,,,,,,,,,1.0,,,,,,,,,,,,,,,,,,,,,,,,1.0,,,,,,,,,,,,,,,,2.0,,,,,,None,None,,,,,,,,,,,,,,,,,,,,,,,,,,,,,,,,,,,,
8,EUW1_5971772166,TFT7_Augment_GuildLoot,TFT6_Augment_SalvageBin,TFT6_Augment_ComponentGrabBag,0.0,,,,,,1.0,1.0,,0.0,,,0.0,,,,1.0,,,0.0,3.0,,,0.0,0.0,,0.0,,2.0,,,,,,,,,,,,,,,,,,,,,,,,,,,,,,,,,,,,,,,,2.0,ShimmerscaleMogulsMail,RedBuff,FrozenHeart,,,,,,,,,,,,,,,,,,,,,,,,,,,,,,,,,,,,,,,,,2.0,ShimmerscaleHeartOfGold,,,2.0,ShimmerscaleEmblemItem,Quicksilver,PowerGauntlet,,,,,,,,,,,,,,,,,,,,,,,,,,,,,,,,,,,,,,,,,,,,,,,,,,,,,,,,,,,,,,,,,,,,,,,,,,,,,,,,,2.0,Quicksilver,ShimmerscaleGoldmancersStaff,GuinsoosRageblade,,,,,,,,,,,,,,,,,,,,,,,None,None,,,,,,,,,,,,,,,,,2.0,Shroud,,,1.0,ShimmerscaleGamblersBlade,GuinsoosRageblade,UnstableConcoction,,,,,,,,,,,,
5,EUW1_5971772166,TFT6_Augment_CyberneticImplants2,TFT6_Augment_ComponentGrabBag,TFT6_Augment_PortableForge,,0.0,,1.0,,,1.0,,0.0,,1.0,,0.0,1.0,,0.0,,,,,,,,,2.0,1.0,,,,,,,,,,,1.0,MadredsBloodrazor,SpearOfShojin,ArchangelsStaff,,,,,,,,,,,,,,,,,,,,,,,,,,,,,,,,,,,,,,,,,,,,,,,,,,,,,,,,,2.0,,,,3.0,RedBuff,GargoyleStoneplate,BrambleVest,,,,,,,,,,,,,,,,,,,,,,,,,2.0,SpearOfShojin,,,,,,,,,,,,,,,,,,,,,,,1.0,GargoyleStoneplate,RedBuff,OrnnEternalWinter,,,,,,,,,2.0,,,,,,,,,,,,,,,,,,,,,,,,,,,,,,,,,,,,,,,,,,,,,,,,,,,,,,,,,,,,2.0,TrainerSnax,None,None,,,,,,,,,,,,,2.0,,,,,,,,,,,,,,,,,,,,,,,
1,EUW1_5971772166,TFT7_Augment_BestFriends2,TFT6_Augment_ComponentGrabBag,TFT6_Augment_SecondWind2,0.0,1.0,1.0,1.0,,,,,,,2.0,,,1.0,,1.0,,,,,0.0,1.0,,1.0,,,,1.0,,,,,,,,,,,,,,,,,,,,,1.0,Redemption,,,,,,,,,,,,,,,,,,,,,,,,,,,,,,,,,,,,,,,,,,,,,,,,,,,3.0,ThiefsGloves,TearOfTheGoddess,Morellonomicon,,,,,,,,,,,,,,,,,,,,,,,,,,,,,3.0,GuinsoosRageblade,,,,,,,,,,,,,,,,,,,,,,,2.0,ThiefsGloves,WarmogsArmor,GargoyleStoneplate,,,,,,,,,,,,,,,,,,,,,,,,,,,,,,,,,,,,,,,,,,,,,2.0,RedBuff,,,,,,,,,,,,,,,,,,,,,None,None,,,,,1.0,,,,3.0,GuinsoosRageblade,RunaansHurricane,Deathblade,,,,,,,,,,,,,,,,,,,,,1.0,ArchangelsStaff,Morellonomicon,JeweledGauntlet
2,EUW1_5971772166,TFT7_Augment_GuildEmblem,TFT6_Augment_CelestialBlessing2,TFT7_Augment_GuildGearUpgrades,0.0,,1.0,1.0,,1.0,,,,,5.0,,0.0,,,0.0,1.0,0.0,,,,,,1.0,0.0,,0.0,,,,,,,,,,,,,,,,,,,,,,1.0,NeedlesslyLargeRod,,,,,,,,,,,,,,,,,,,,,,,,,,,,,,,,,,,,,,,,,,,2.0,Morellonomicon,DragonsClaw,BrambleVest,,,,,,,,,,,,,,,,,,,,,,,,,,,,,,,,,,,,,,,,,,,,,,,,,,,,,,,,,2.0,RevelEmblemItem,,,,,,,,,,,,,,,2.0,NegatronCloak,,,,,,,,,,,2.0,,,,,,,,,,,,,,,,,,,,,,,,,,,,,,,,2.0,UnstableConcoction,TitansResolve,Bloodthirster,,,,,,,,,,,None,None,,,,,2.0,SparringGloves,,,,,,,,,,,,,,,2.0,GuildEmblemItem,GuinsoosRageblade,MadredsBloodrazor,,,,,,,,,,,,
6,EUW1_5971772166,TFT6_Augment_CalculatedLoss,TFT7_Augment_SwiftshotPressTheAttack,TFT7_Augment_SwiftshotEmblem,0.0,,,1.0,,0.0,,0.0,,,2.0,,0.0,,0.0,,1.0,,,,,,,2.0,1.0,,1.0,,,,,,,,,,,,,,,,,,,,,,,,,,,,,,,,,,,,,,,,,,,,,,,,,,,,,,,,,,2.0,,,,,,,,2.0,,,,,,,,,,,,,,,,,,,,,,,,,,,,,,,,,,,,,,,,,,,,,,,,,,,,,,,,,,,,2.0,Morellonomicon,,,,,,,,,,,,,,,,,,,,,,,,,,,2.0,,,,,,,,,,,,,,,,,,,,,,,,,,,,,,,,2.0,SwiftshotEmblemItem,RecurveBow,,,,,,,,,,,,None,None,,,,,2.0,,,,,,,,,,,,,,,,2.0,Deathblade,InfinityEdge,GuinsoosRageblade,1.0,Bloodthirster,,,,,,,,,,
3,EUW1_5971416924,TFT6_Augment_TrueTwos,TFT7_Augment_CannoneerEmblem,TFT7_Augment_BestFriends2,,,1.0,,3.0,,1.0,,1.0,1.0,1.0,,,,,1.0,0.0,1.0,,,1.0,,,,,1.0,,0.0,,,,,,,,,,,,,,,,,,,,,1.0,,,,,,,,2.0,Quicksilver,MadredsBloodrazor,Deathblade,,,,,,,,,2.0,BrambleVest,RedBuff,ShimmerscaleDiamondHands,,,,,,,,,,,,,,,,,,,,,,,,,,,,,,,,,,,,,,,,,,,,,,,,,,,,,,,,,2.0,,,,,,,,,,,,,,,,,,,,,,,,,,,,,,,,,,,,,,,,,,,,3.0,ArchangelsStaff,StatikkShiv,JeweledGauntlet,,,,,,,,,,,,,,,,,2.0,CannoneerEmblemItem,Quicksilver,,,,,,,,,,,,,,,,,,,,,,,,,,2.0,,,,3.0,TrainerSnax,None,None,2.0,,,,,,,,,,,,,,,,,,,,,,,,,,,,,,,,,,,
1,EUW1_5971416924,TFT6_Augment_Distancing2,TFT6_Augment_FuturePeepers,TFT7_Augment_GadgetExpert,1.0,,1.0,1.0,,1.0,,,,,4.0,,0.0,,,0.0,1.0,,,,,,,1.0,1.0,,0.0,,,,,,,,,,,,,,,,,,,,,,1.0,,,,,,,,,,,,,,,,,,,,,,,,,,,,,,,,,,,,,,,,,,,,2.0,Zephyr,Morellonomicon,,,,,,,,,,,,,,,,,,,,,,,,,,,,,,,,,,,,,,,,,,,,,,,,,,,,,,,,,,2.0,RedBuff,BrambleVest,DragonsClaw,,,,,2.0,Shroud,,,,,,,2.0,,,,,,,,,,,,2.0,LocketOfTheIronSolari,SparringGloves,,,,,,,,,,,,,,,,,,,,,,,,,,,,,,2.0,InfinityEdge,,,,,,,,,,,,,None,None,,,,,2.0,StatikkShiv,,,,,,,,,,,,,,,2.0,MadredsBloodrazor,GuinsoosRageblade,Quicksilver,,,,,,,,,,,,
5,EUW1_5971416924,TFT6_Augment_CyberneticUplink2,TFT6_Augment_SalvageBin,TFT6_Augment_CyberneticImplants2,,,1.0,1.0,2.0,,,,1.0,,1.0,,,0.0,,1.0,,3.0,,,,,,,,2.0,,0.0,,,,,,,,,,,,,,,,,,,,,1.0,BFSword,,,,,,,2.0,MadredsBloodrazor,GuinsoosRageblade,InfinityEdge,,,,,,,,,,,,,,,,,,,,,,,,,,,,,,,,,,,,,2.0,,,,,,,,2.0,NegatronCloak,,,,,,,,,,,,,,,,,,,,,,,2.0,NeedlesslyLargeRod,,,,,,,,,,,,,,,,,,,,,,,,,,,,,,,,,,,,,,,,,,,,,,,,,,,,,,,,,,,,,,,1.0,NeedlesslyLargeRod,,,,,,,,,,,2.0,GargoyleStoneplate,RedBuff,,2.0,GiantsBelt,RedBuff,,,,,,,,,,,,,,3.0,TrainerSnax,None,None,2.0,ForceOfNature,,,,,,,,,,,,,,,,,,,,,,,,,,,,,,,,,,
6,EUW1_5971416924,TFT6_Augment_Ascension,TFT6_Augment_BlueBattery2,TFT7_Augment_GadgetExpert,,1.0,1.0,1.0,,,,,,,2.0,,,2.0,,1.0,,,,,,,,,,0.0,,0.0,,,,,,,,,,,,,,,,,,,,,1.0,,,,,,,,,,,,,,,,,,,,,,,,,,,,,,,,,,,,,,,,,,,,,,,,1.0,,,,2.0,,,,,,,,,,,,,,,,,,,,,,,,,,,,,,,,3.0,StatikkShiv,PowerGauntlet,,,,,,,,,,,,,,,,,,,,,,,,,,,,,,2.0,JeweledGauntlet,SpearOfShojin,ArchangelsStaff,,,,,,,,,,,,,,,,,,,,,,,,,,,,,,,,,,,,,2.0,TitanicHydra,BrambleVest,,,,,,,,,,,,,,,,,,,,None,None,,,,,,,,,,,,,2.0,,,,,,,,,,,,,,,,,,,,,,,
4,EUW1_5971416924,TFT6_Augment_SunfireBoard,TFT6_Augment_FuturePeepers,TFT6_Augment_SecondWind2,2.0,,,2.0,,,,,,,,,0.0,0.0,,,0.0,,1.0,,0.0,1.0,,,1.0,,1.0,1.0,,,,,,,,,,,,,,,,,,,,,,,,,,,,,,,,,2.0,ZekesHerald,PowerGauntlet,,,,,,,,,,,,,,,,,,,,,,,,,,,,,,,,,,,,,,,,,,,,,,,,,,,,,,,,,,,,,,,,,,,,,,,,,,,,,,,,,,,,,,3.0,AssassinEmblemItem,GuinsoosRageblade,InfinityEdge,2.0,GargoyleStoneplate,,,2.0,LocketOfTheIronSolari,LocketOfTheIronSolari,,2.0,Zephyr,,,,,,,,,,,,,,,,,,,2.0,TitanicHydra,,,,,,,,,,,,,,,,,,,,,,,2.0,,,,,,,,,,,,,,,,,,,,,,None,None,,,,,,,,,,,,,,,,,,,,,,,,,,,,,,,,,1.0,,,
8,EUW1_5971416924,TFT6_Augment_SunfireBoard,TFT6_Augment_Diversify2,TFT7_Augment_BestFriends2,,,,,2.0,,1.0,,0.0,1.0,,,,,,0.0,,1.0,,,1.0,,,,,1.0,,0.0,,,,,,,,,,,,,,,,,,,,,,,,,,,,,2.0,UnstableConcoction,GuinsoosRageblade,,,,,,,,,,1.0,IonicSpark,NegatronCloak,,,,,,,,,,,,,,,,,,,,,,,,,,,,,,,,,,2.0,,,,,,,,,,,,,,,,,,,,,,,,2.0,,,,,,,,,,,,,,,,,,,,,,,,,,,,,,,,,,,,,,,,,,,,,,,,,,,,,,,,,,,,,,,,,,,,,,,,,,,,,,,,,,,,,,,,,,,,1.0,ShimmerscaleDeterminedInvestor,,,2.0,TrainerSnax,None,None,1.0,,,,,,,,,,,,,,,,,,,,,,,,,,,,,,,,,,,
2,EUW1_5971416924,TFT6_Augment_FuturePeepers,TFT7_Augment_Preparation2,TFT6_Augment_JeweledLotus,,,,,,0.0,,2.0,,,,1.0,,,0.0,,1.0,,,1.0,,,,0.0,0.0,,0.0,,,,,,,,,,,,,,2.0,,,,,,,,,,,,,,,,,,,,,,,,,,,,,,,,,,,,,,,,,,,,,,,,,,,,2.0,Morellonomicon,,,,,,,,,,,,,,,2.0,,,,,,,,2.0,ChainVest,,,,,,,,,,,,,,,,,,,2.0,FrozenHeart,WarmogsArmor,TitanicHydra,,,,,,,,,,,,,,,,,,,,,,,,,,,,,,,,,,,,,2.0,Zephyr,,,,,,,,,,,,,,,,,,,,,,,2.0,GuinsoosRageblade,StatikkShiv,MadredsBloodrazor,,,,,,,,,,,,,,,,,,,,,,,None,None,,,,,,,,,,,,,,,,,,,,,,,,,2.0,SeraphsEmbrace,GuardianAngel,HextechGunblade,,,,,,,,
7,EUW1_5971416924,TFT6_Augment_TomeOfTraits1,TFT6_Augment_Ascension,TFT6_Augment_SecondWind2,,1.0,,1.0,,,,,1.0,,1.0,,,2.0,,1.0,,,,,,,,,,1.0,,0.0,,,,,,,,,,,,,,,,,,,,,,,,,,,,,,,,,,,,,,,,,,,,,,,,,,,,,,,,,,,,,,,,,,,,,2.0,,,,2.0,IonicSpark,RedBuff,,,,,,,,,,,,,,,,,,,,,,,,,,1.0,,,,3.0,RecurveBow,,,,,,,,,,,,,,,,,,,,,,,,,,,,,,,2.0,EvokerEmblemItem,ArchangelsStaff,JeweledGauntlet,,,,,,,,,,,,,,,,,,,,,,,,,,,,,,,,,,,,,2.0,Quicksilver,WarmogsArmor,GargoyleStoneplate,,,,,,,,,,,,,,,,,1.0,TrainerSnax,None,None,,,,,,,,,,,,,2.0,,,,,,,,,,,,,,,,,,,,,,,
1,EUW1_5972844188,TFT6_Augment_TomeOfTraits1,TFT7_Augment_ScalescornEmblem2,TFT6_Augment_PandorasItems,2.0,,,1.0,,1.0,,,,0.0,2.0,,,0.0,,,0.0,,3.0,,,,,,,,1.0,,,,,,,,,,,,,,,,,,,,,,,,,,3.0,Shroud,,,,,,,3.0,FrozenHeart,TitansResolve,IonicSpark,,,,,,,,,,,,,,,,,,,,,,,,,,,,,,,,,,,,,,,,,,,,,,,,,,,,,,,,,,,,,3.0,AssassinEmblemItem,MadredsBloodrazor,Bloodthirster,,,,,,,,,,,,,,,,,,,,,3.0,AssassinEmblemItem,RunaansHurricane,MadredsBloodrazor,,,,,,,,,,,,,,,,,2.0,ScalescornEmblemItem,,,,,,,,,,,2.0,ScalescornEmblemItem,,,,,,,,,,,,,,,,,,,,,,,,,,,,,,,2.0,ThiefsGloves,Quicksilver,RabadonsDeathcap,,,,,,,,,,,None,None,,,,,,,,,,,,,,,,,,,,,,,,,,,,,,,,,,,,
5,EUW1_5972844188,TFT6_Augment_SunfireBoard,TFT6_Augment_Electrocharge3,TFT6_Augment_Weakspot,,,,,2.0,,1.0,,1.0,1.0,,0.0,,,,0.0,,2.0,,,1.0,,1.0,,,1.0,,,,,,,,,,,,,,,,,,,,,,,,,,,,,,,2.0,InfinityEdge,UnstableConcoction,MadredsBloodrazor,,,,,,,,,2.0,WarmogsArmor,Redemption,GargoyleStoneplate,,,,,,,,,,,,,,,,,,,,,,,,,,,,,,,,,2.0,,,,,,,,,,,,,,,,,,,,,,,,2.0,GuardianEmblemItem,,,,,,,,,,,,,,,,,,,,,,,,,,,,,,,,,,,,,,,,,,,,,,,,,,,,,,,,,,,,,,,1.0,,,,1.0,ShimmerscaleGoldmancersStaff,,,,,,,,,,,,,,,,,,,,,,,,,,,2.0,TrainerSnax,None,None,2.0,Bloodthirster,,,,,,,,,,,,,,,,,,,,,,,,,,,,,,,,,,
6,EUW1_5972844188,TFT7_Augment_GadgetExpert,TFT7_Augment_RagewingEmblem2,TFT6_Augment_ThrillOfTheHunt1,,,,,,,,2.0,,,,1.0,0.0,,,,1.0,,,1.0,0.0,,,0.0,0.0,,,,,,,,,,,,,,,,2.0,RagewingEmblemItem,MadredsBloodrazor,ZekesHerald,,,,,,,,,,,,,,,,,,,,,,,,,,,,,,,,,,,,,,,,,,,,,,,,,,,,,,,,,,,,,,,,,2.0,,,,,,,,2.0,ThiefsGloves,RabadonsDeathcap,HextechGunblade,,,,,,,,,,,,,,,,,1.0,RedBuff,GargoyleStoneplate,GargoyleStoneplate,,,,,,,,,,,,,,,,,,,,,,,,,,,,,,,,,,,,,2.0,,,,,,,,,,,,,,,,,,,,,,,,2.0,GuinsoosRageblade,StatikkShiv,Quicksilver,,,,,,,,,,,,,,,,,,,,,,,None,None,,,,,,,,,,,,,,,,,2.0,ThiefsGloves,GiantsBelt,Zephyr,,,,,,,,,,,,,,,,
3,EUW1_5972844188,TFT7_Augment_ClutteredMind,TFT7_Augment_BestFriends3,TFT6_Augment_ThrillOfTheHunt1,1.0,,,1.0,,1.0,,,,,3.0,,0.0,,,,1.0,,,,,,,1.0,1.0,,0.0,,,,,,,,,,,,,,,,,,,,,,,,,,,,,,,,,,,,,,,,,,,,,,,,,,,,,,,,,,,,,,,,,,2.0,TitanicHydra,,,,,,,,,,,,,,,,,,,,,,,,,,,,,,,,,,,,,,,,,,,,,,,,,,,,,,,,,,,2.0,RedBuff,Bloodthirster,,,,,,2.0,,,,,,,,2.0,,,,,,,,,,,,2.0,,,,,,,,,,,,,,,,,,,,,,,,,,,,,,,,2.0,FrozenHeart,InfinityEdge,GuardianAngel,,,,,,,,,,,None,None,,,,,2.0,,,,,,,,,,,,,,,,2.0,Deathblade,GuinsoosRageblade,Quicksilver,,,,,,,,,,,,
2,EUW1_5972844188,TFT7_Augment_AssassinEmblem,TFT7_Augment_BestFriends3,TFT6_Augment_CelestialBlessing1,2.0,,,1.0,,0.0,,,,0.0,1.0,,0.0,0.0,,,0.0,,2.0,,,,,,1.0,,1.0,,,,,,,,,,,,,,,,,,,,,,,,,,2.0,,,,,,,,2.0,RedBuff,IonicSpark,InfinityEdge,,,,,,,,,,,,,,,,,,,,,,,,,,,,,,,,,,,,,,,,,,,,,,,,,,,,,,,,,,,,,2.0,RabadonsDeathcap,RabadonsDeathcap,,,,,,,,,,,,,,,,,,,,,,2.0,AssassinEmblemItem,RunaansHurricane,Quicksilver,2.0,RedBuff,,,,,,,2.0,ZekesHerald,Zephyr,,,,,,,,,,,,,,,,,,2.0,,,,,,,,,,,,,,,,,,,,,,,,,,,,,,,,2.0,,,,,,,,,,,,,,None,None,,,,,,,,,,,,,,,,,,,,,,,,,,,,,,,,,,,,
7,EUW1_5972844188,TFT6_Augment_Meditation2,TFT6_Augment_RadiantRelics,TFT6_Augment_ThrillOfTheHunt1,,,,,,2.0,1.0,,,,1.0,,,1.0,2.0,,0.0,,0.0,,0.0,1.0,,,,,,,,,,,,,,,,,,,,,,,,,,,,,,,,,,,,,,,,,,,2.0,StatikkShiv,GuinsoosRageblade,GuardianAngel,,,,,,,,,,,,,,,,,,,,,,,,,2.0,PowerGauntlet,Chalice,,,,,,,,,,,,,,,,,,,,,,,,,,,,,,2.0,,,,,,,,,,,,,,,,,,,,3.0,RedBuff,WarmogsArmorRadiant,DragonsClaw,,,,,,,,,,,,,,,,,2.0,,,,,,,,,,,,,,,,,,,,,,,,,,,,,,,,,,,,,,,,,,,,,,,,,,,,,,,,,,,,,,None,None,,,,,,,,,,,,,,,,,,,,,,,,,,,,,,,,,1.0,,,
4,EUW1_5972844188,TFT6_Augment_CelestialBlessing2,TFT7_Augment_CursedCrown,TFT7_Augment_MageTrait,,1.0,,1.0,,0.0,,,1.0,,1.0,0.0,,3.0,,1.0,,0.0,0.0,0.0,,,,,,1.0,,0.0,,,,,,,,,,,,,,,,,,,,,,,,,,,,,,,,,,,,,,,,,,,,,,,,,,,,,,,,,,,,,,,,,,,,,2.0,,,,3.0,RecurveBow,FrozenHeart,Quicksilver,,,,,,,,,,,,,,,,,,,,,2.0,,,,1.0,Chalice,,,3.0,,,,1.0,,,,,,,,,,,,,,,,,,,,,,,,,,,,2.0,SpearOfShojin,ArchangelsStaff,JeweledGauntlet,,,,,,,,,,,,,,,,,,,,,,,,,2.0,,,,,,,,,,,,2.0,WarmogsArmor,GargoyleStoneplate,BrambleVest,,,,,,,,,,,,,,,,,1.0,TrainerSnax,None,None,,,,,,,,,,,,,2.0,,,,,,,,,,,,,,,,,,,,,,,
8,EUW1_5972844188,TFT6_Augment_PortableForge,TFT7_Augment_BestFriends3,TFT7_Augment_ShapeshifterTrait,,0.0,,,,,,0.0,,1.0,,1.0,,,,,0.0,,,3.0,,,,,,,,1.0,,,,,,,,,,,,,,,,,,,,,,,,,,,,,,,,,,,,,,,,,,,,,,,,,,,,,2.0,Quicksilver,,,,,,,2.0,Redemption,,,,,,,,,,,,,,,,,,,,,,,,,,,,,,,,,,,,,,,,,,,,,,,1.0,Bloodthirster,WarmogsArmor,FrozenHeart,3.0,Quicksilver,OrnnInfinityForce,GuinsoosRageblade,,,,,,,,,,,,,,,,,,,,,,,,,,,,,,,,,,,,,,,,,,,,,,,,,,,,,,,,,2.0,,,,,,,,,,,,,,,,2.0,,,,2.0,,,,,,None,None,,,,,,,,,,,,,,,,,,,,,,,,,,,,,,,,,,,,
5,EUW1_5972818748,TFT7_Augment_CavalierEmblem,TFT7_Augment_BestFriends2,TFT6_Augment_ComponentGrabBag,,,,1.0,,2.0,1.0,,,,2.0,,0.0,,,,2.0,,,0.0,,,,1.0,0.0,,0.0,,,,,,,,,,,,,,,,,,,,,,,,,,,,,,,,,,,,,,,,,,,,,,,,,,,,,,,,,,,,,,,,,,2.0,GuinsoosRageblade,GuardianAngel,UnstableConcoction,,,,,,,,,,,,,,,,,,,,,,,,,,,,,,,,,,,,,,,,,,,,,,,,,,,,,,,,,1.0,,,,,,,,,,,,,,,,2.0,,,,,,,,,,,,2.0,CavalierEmblemItem,RedBuff,,1.0,UnstableConcoction,Morellonomicon,RabadonsDeathcap,,,,,,,,,,,,,,,,,,,,,,,,,,,,,,,,,,,,,,,None,None,,,,,2.0,,,,,,,,,,,,,,,,2.0,GuinsoosRageblade,Quicksilver,MadredsBloodrazor,,,,,,,,,,,,
6,EUW1_5972818748,TFT7_Augment_GuildEmblem,TFT6_Augment_Electrocharge2,TFT6_Augment_Diversify2,1.0,,,1.0,,1.0,,,,,4.0,,0.0,,,,1.0,,,,0.0,,,1.0,0.0,,0.0,,,,,,,,,,,,,,,,,,,,,,,,,,,,,,,,,,,,,,,,,,,,,,,,,,,,,,,,,,,,,,,,,,1.0,,,,,,,,,,,,,,,,,,,,1.0,,,,,,,,,,,,,,,,,,,,,,,,,,,,,,,,,,,,,,,,2.0,RabadonsDeathcap,,,,,,,,,,,,,,,2.0,,,,,,,,,,,,2.0,TearOfTheGoddess,Shroud,,,,,,,,,,,,,,,,,,,,,,,,,,,,,,1.0,FrozenHeart,IonicSpark,RedBuff,,,,,,,,,,,None,None,,,,,2.0,,,,,,,,,,,,,,,,2.0,GuildEmblemItem,GuinsoosRageblade,Deathblade,,,,,,,,,,,,
2,EUW1_5972818748,TFT7_Augment_BestFriends2,TFT7_Augment_AstralIntercosmicGifts,TFT7_Augment_GadgetExpert,,0.0,,1.0,,,1.0,,0.0,,1.0,,,1.0,,2.0,,,,,0.0,1.0,,1.0,,0.0,,2.0,,,,,,,,,,,,,,,,,,,,,,,,,,,,,,,,,,,,,,,,,,,,,,,,,2.0,UnstableConcoction,Quicksilver,FrozenHeart,,,,,,,,,,,,,,,,,,,,,,,,,,,,,,,,,,,,,,,,,,,,,,,,,2.0,,,,3.0,SeraphsEmbrace,RabadonsDeathcap,,,,,,,,,,,,,,,,,,,,,,,,,,,,,,,,,,,,,,,,,,,,,,,,,,,,,,,,,,,,,,,,,,,,,,2.0,DragonsClaw,RedBuff,Redemption,,,,,,,,,,,,,,,,,,,None,None,,,,,2.0,,,,3.0,StatikkShiv,GuinsoosRageblade,RunaansHurricane,,,,,,,,,,,,,,,,,,,,,1.0,MysticEmblemItem,GiantsBelt,
7,EUW1_5972818748,TFT7_Augment_TempestEmblem,TFT6_Augment_PortableForge,TFT6_Augment_MakeshiftArmor2,0.0,0.0,,2.0,,,1.0,0.0,,,,,0.0,0.0,0.0,,0.0,,,,,,,,3.0,,1.0,0.0,,,,,,,,,1.0,GuinsoosRageblade,UnstableConcoction,GuinsoosRageblade,,,,,,,,,,,,,,,,,,,,,,,,,,,,,,,,,,,,,,,,,,,,,,,,,,,,,,,,,,,,,,,,,,,,,,,,,,,,,,,,,,,,,,,,,,,,,,,,,,,,,,,,,,,,,,,,,1.0,RedBuff,BrambleVest,OrnnRocketPropelledFist,,,,,2.0,ArchangelsStaff,,,,,,,,,,,,,,,,,,,1.0,,,,,,,,2.0,TempestEmblemItem,NegatronCloak,,,,,,,,,,,,,,1.0,,,,,,,,,,,,,,,,,,,,,,None,None,,,,,,,,,,,,,,,,,,,,,,,,,2.0,ThiefsGloves,Morellonomicon,IonicSpark,,,,,,,,
4,EUW1_5972818748,TFT6_Augment_SunfireBoard,TFT6_Augment_ThrillOfTheHunt2,TFT7_Augment_BestFriends2,1.0,,1.0,2.0,,,1.0,,,,2.0,,0.0,0.0,,0.0,0.0,,,,,,,,1.0,,0.0,2.0,,,,,,,,,,,,,,,,,,,,,1.0,,,,,,,,,,,,,,,,,,,,,,,,,,,,2.0,Bloodthirster,GuinsoosRageblade,InfinityEdge,,,,,,,,,,,,,,,,,,,,,,,,,,,,,,,,,,,,,,,,,,,,,,,,,,,,,,,,,,,,,,,,,,,,,,,,,1.0,,,,,,,,2.0,ThiefsGloves,GiantsBelt,Redemption,,,,,,,,,,,,,,,,,2.0,RedBuff,,,,,,,,,,,,,,,,,,,,,,,2.0,,,,,,,,2.0,Bloodthirster,MadredsBloodrazor,LastWhisper,,,,,,,,,,,None,None,,,,,,,,,,,,,,,,,,,,,,,,,,,,,,,,,,,,
1,EUW1_5972818748,TFT6_Augment_PortableForge,TFT6_Augment_LudensEcho2,TFT6_Augment_CelestialBlessing2,,0.0,,1.0,,,,,1.0,,1.0,,,2.0,,1.0,,0.0,,,0.0,1.0,,,,1.0,,0.0,,,,,,,,,,,,,,,,,,,,,,,,,,,,,,,,,,,,,,,,,,,,,,,,,,,,,,,,,,,,,,,,,,,,,2.0,,,,3.0,TitanicHydra,WarmogsArmor,IonicSpark,,,,,,,,,,,,,,,,,,,,,,,,,2.0,TearOfTheGoddess,,,3.0,RabadonsDeathcap,JeweledGauntlet,ArchangelsStaff,,,,,,,,,,,,,,,,,,,,,,,,,,,,,3.0,JeweledGauntlet,StatikkShiv,HextechGunblade,,,,,,,,,,,,,,,,,,,,,,,,,2.0,,,,,,,,,,,,2.0,RedBuff,TitansResolve,OrnnEternalWinter,,,,,,,,,,,,,,,,,3.0,TrainerSnax,None,None,,,,,,,,,,,,,,,,,,,,,,,,,,,,,,,,,1.0,,,
3,EUW1_5972818748,TFT6_Augment_ThrillOfTheHunt2,TFT6_Augment_Diversify2,TFT6_Augment_MakeshiftArmor2,1.0,,,1.0,,2.0,,,,,3.0,,0.0,,,,1.0,,,,,,,1.0,0.0,,0.0,0.0,,,,,,,,,,,,,,,,,,,,,,,,,,,,,,,,,,,,,,,,,,,,,,,,,,,,,,,,,,,,,,,,,2.0,,,,,,,,,,,,,,,,,,,,,,,,,,,,,,,,,,,,,,,,,,,,,,,,,,,,,,,,,,,,2.0,,,,2.0,InfinityEdge,FrozenHeart,Chalice,,,,,,,,,2.0,,,,,,,,,,,,2.0,,,,,,,,,,,,,,,,,,,,,,,,,,,,,,,,2.0,CavalierEmblemItem,InfinityEdge,FrozenHeart,,,,,,,,,,,None,None,,,,,2.0,GuardianAngel,,,,,,,,,,,,,,,2.0,GuinsoosRageblade,Quicksilver,GuinsoosRageblade,,,,,,,,,,,,
8,EUW1_5972818748,TFT7_Augment_MikaelsGift,TFT6_Augment_SecondWind2,TFT6_Augment_CyberneticUplink2,,,1.0,,1.0,,1.0,,1.0,1.0,1.0,,,,,1.0,,1.0,,,1.0,,,,,1.0,,0.0,,,,,,,,,,,,,,,,,,,,,1.0,GiantsBelt,,,,,,,2.0,UnstableConcoction,ShimmerscaleGoldmancersStaff,GuinsoosRageblade,,,,,,,,,2.0,RedBuff,WarmogsArmor,BrambleVest,,,,,,,,,,,,,,,,,,,,,,,,,,,,,,,,,,,,,,,,,,,,,,,,,,,,,,,,,2.0,LocketOfTheIronSolari,,,,,,,,,,,,,,,,,,,,,,,,,,,,,,,,,,,,,,,,,,,,,,,,,,,,,,,,,,,,,,,1.0,,,,,,,,,,,,,,,,,,,,,,,,,,,,1.0,,,,2.0,TrainerSnax,None,None,2.0,Morellonomicon,,,,,,,,,,,,,,,,,,,,,,,,,,,,,,,,,,
1,EUW1_5972718856,TFT7_Augment_PandorasBench,TFT6_Augment_TinyTitans,TFT6_Augment_SalvageBin,,0.0,1.0,1.0,,,1.0,,0.0,,1.0,,0.0,1.0,,2.0,,,,,0.0,1.0,,,2.0,1.0,,0.0,,,,,,,,,2.0,SpearOfShojin,ArchangelsStaff,MadredsBloodrazor,,,,,,,,,2.0,,,,,,,,,,,,,,,,,,,,,,,,,,,,,,,,,,,,,,,,,,,,,,,,2.0,,,,,,,,,,,,,,,,,,,,,,,,,,,,,,,,2.0,StatikkShiv,PowerGauntlet,LocketOfTheIronSolari,3.0,,,,,,,,,,,,,,,,,,,,2.0,TitanicHydra,,,,,,,,,,,,,,,,,,,,,,,,,,,,,,,,,,,,,,,,,,,,,,,,,,,2.0,RedBuff,GargoyleStoneplate,,,,,,,,,,,,,,,,,,4.0,TrainerSnax,None,None,,,,,,,,,,,,,,,,,,,,,,,,,,,,,,,,,2.0,SpearOfShojin,MadredsBloodrazor,MadredsBloodrazor
6,EUW1_5972718856,TFT7_Augment_ShapeshifterBeastsDen,TFT7_Augment_ShapeshifterTrait,TFT6_Augment_JeweledLotus,0.0,,,1.0,,,1.0,0.0,,,,1.0,,0.0,,,,,,2.0,,,,,,,,3.0,,,,,,,,,,,,,,,,,,,,,,,,,,,,,,,,,,,,,,,,,,,,,,,,,1.0,GuinsoosRageblade,UnstableConcoction,MadredsBloodrazor,2.0,GuinsoosRageblade,Bloodthirster,Quicksilver,,,,,2.0,,,,,,,,,,,,,,,,,,,,1.0,,,,,,,,,,,,,,,,,,,,,,,,,,,,2.0,Quicksilver,Morellonomicon,,,,,,,,,,,,,,,,,,1.0,SpearOfShojin,,,,,,,,,,,,,,,,,,,,,,,,,,,,,,,,,,,,,,,,,,,,,,,2.0,,,,,,,,,,,,,,,,,,,,,,None,None,,,,,,,,,,,,,,,,,,,,,,,,,,,,,,,,,,,,
5,EUW1_5972718856,TFT6_Augment_ThrillOfTheHunt2,TFT6_Augment_Electrocharge1,TFT7_Augment_BestFriends2,,0.0,,1.0,,,1.0,,,,,1.0,,,,,,,,2.0,,,1.0,,,,,2.0,,,,,,,,,,,,,,,,,,,,,,,,,,,,,,,,,,,,,,,,,,,,,,,,,1.0,TitansResolve,TitansResolve,InfinityEdge,2.0,JeweledGauntlet,,,,,,,2.0,,,,,,,,,,,,,,,,,,,,,,,,,,,,,,,,,,,,,,,,,,,,,,,,2.0,,,,3.0,Quicksilver,GuinsoosRageblade,MadredsBloodrazor,,,,,,,,,,,,,,,,,,,,,,,,,,,,,,,,,,,,,,,,,,,,,3.0,LocketOfTheIronSolari,LocketOfTheIronSolari,,,,,,1.0,,,,,,,,,,,,,,,,,,,,,,,,,,,,,,None,None,,,,,,,,,,,,,,,,,,,,,,,,,,,,,,,,,,,,
4,EUW1_5972718856,TFT7_Augment_BruiserEmblem,TFT6_Augment_Electrocharge1,TFT7_Augment_BruiserTitanicStrength,1.0,,,3.0,,,1.0,,,,2.0,,0.0,0.0,,,0.0,,0.0,,,,,0.0,1.0,,1.0,2.0,,,,,,,,,,,,,,,,,,,,,,,,,,,,,,,,,,,,,,,,,,,,,,,,,2.0,TitansResolve,UnstableConcoction,GuinsoosRageblade,,,,,,,,,,,,,,,,,,,,,,,,,,,,,,,,,,,,,,,,,,,,,,,,,,,,,,,,,,,,,,,,,,,,,2.0,ZekesHerald,,,2.0,IonicSpark,,,,,,,1.0,,,,,,,,,,,,,,,,,,,,2.0,RedBuff,,,,,,,,,,,,,,,,,,,,,,,2.0,,,,,,,,2.0,BruiserEmblemItem,UnstableConcoction,RunaansHurricane,,,,,,,,,,,None,None,,,,,1.0,,,,,,,,,,,,,,,,,,,,,,,,,,,,,,,
3,EUW1_5972718856,TFT6_Augment_Twins2,TFT6_Augment_ItemGrabBag1,TFT6_Augment_ComponentGrabBag,,,,,,,1.0,,1.0,,,2.0,0.0,,,1.0,,,,0.0,,,1.0,,,0.0,,,,,,,2.0,RabadonsDeathcap,HextechGunblade,JeweledGauntlet,,,,,,,,,,,,,,,,,,,,,,,,,,,,,,,,,,,,,2.0,RunaansHurricane,TitansResolve,UnstableConcoction,,,,,,,,,,,,,,,,,,,,,,,,,,,,,,,,,,,,,,,,,,,,,,,,,,,,,1.0,,,,,,,,2.0,RedBuff,IonicSpark,PowerGauntlet,,,,,,,,,,,,,,,,,,,,,,,,,,,,,,,,,,,,,,,,,,,,,,,,,,,,,,,,,1.0,,,,,,,,,,,,,,,,,,,,,,,,,,,,,,None,None,,,,,,,,,,,,,,,,,,,,,,,,,,,,,,,,,,,,
2,EUW1_5972718856,TFT6_Augment_CyberneticImplants2,TFT7_Augment_BestFriends1,TFT6_Augment_PortableForge,,,1.0,,2.0,,1.0,,1.0,1.0,1.0,,,,,2.0,,2.0,,,1.0,,,,,1.0,,0.0,,,,,,,,,,,,,,,,,,,,,2.0,BFSword,,,,,,,2.0,MadredsBloodrazor,GuinsoosRageblade,HextechGunblade,,,,,,,,,2.0,OrnnEternalWinter,BrambleVest,RedBuff,,,,,,,,,,,,,,,,,,,,,,,,,,,,,,,,,1.0,,,,,,,,,,,,,,,,,,,,,,,,2.0,ZekesHerald,,,,,,,,,,,,,,,,,,,,,,,,,,,,,,,,,,,,,,,,,,,,,,,,,,,,,,,,,,,,,,,2.0,RecurveBow,HextechGunblade,,,,,,,,,,,,,,,,,,,,,,,,,,2.0,MysticEmblemItem,ShimmerscaleDiamondHands,Shroud,4.0,TrainerSnax,None,None,2.0,TearOfTheGoddess,,,,,,,,,,,,,,,,,,,,,,,,,,,,,,,,,,
7,EUW1_5972718856,TFT6_Augment_TriForce2,TFT6_Augment_PandorasItems,TFT6_Augment_MakeshiftArmor2,,,,0.0,,,,2.0,,,,1.0,0.0,,0.0,,1.0,,,1.0,0.0,,,0.0,,,1.0,,,,,,,,,,,,,,2.0,,,,,,,,,,,,,,,,,,,,,,,,,,,,,,,,,,,,,,,,,,,,,,,,1.0,RedBuff,,,,,,,,,,,,,,,,,,,2.0,Shroud,,,,,,,,,,,,,,,,,,,,,,,,,,,,,,,,,,,,,,,,,,,,,,,,,,,,,,,,,,,,,,,,,,,2.0,,,,2.0,,,,,,,,,,,,,,,,,,,,2.0,StatikkShiv,GuinsoosRageblade,Quicksilver,,,,,,,,,,,,,,,,,,,,,,,None,None,,,,,,,,,,,,,,,,,2.0,,,,,,,,1.0,SeraphsEmbrace,ZekesHerald,HextechGunblade,,,,,,,,
8,EUW1_5972718856,TFT7_Augment_GadgetExpert,TFT6_Augment_SecondWind1,TFT7_Augment_MirageHallucinate,,,,,,1.0,1.0,0.0,,,,,,,3.0,,0.0,,,,,,,,,,1.0,,,,,,,,,,,,,,,,,,,,,,,,,,,,,,,,,,,,,,2.0,MadredsBloodrazor,SpearOfShojin,HextechGunblade,,,,,,,,,,,,,,,,,,,,,,,,,2.0,,,,,,,,,,,,,,,,,,,,,,,,,,,,,,,,,,,,,,,,,,,,,,,,,,,,1.0,RedBuff,SparringGloves,,,,,,,,,,,,,,,,,,,,,,,,,,,,,,,,,,,,,,,,,,,,,,,,,,,,,,,,,,,,,,,,,,,,,,,,,,,,,,,,None,None,,,,,,,,,,,,,,,,,,,,,,,,,1.0,StatikkShiv,,,2.0,StatikkShiv,RapidFireCannon,GuinsoosRageblade,,,,
1,EUW1_5972646897,TFT7_Augment_AFK,TFT7_Augment_UrfsGrabBag1,TFT6_Augment_CelestialBlessing3,0.0,,,,,,1.0,0.0,0.0,1.0,,,0.0,0.0,0.0,0.0,0.0,,,,4.0,1.0,,,,0.0,1.0,0.0,2.0,,,,,,,,,,,,,,,,,,,,,,,,,,,,,,,,,,,,,,,,2.0,Redemption,GargoyleStoneplate,RedBuff,,,,,,,,,,,,,,,,,,,,,,,,,,,,,,,,,,,,,,,,,2.0,,,,,,,,,,,,,,,,2.0,ShimmerscaleEmblemItem,StatikkShiv,Chalice,,,,,,,,,,,,,,,,,,,,,,,,,,,,,,,,,,,,,,,,,,,,,,,,,,,,,,,,,,,,,,,,,,,,,,,,,,,,,,,,,,,,,,,,,2.0,ShimmerscaleEmblemItem,,,,,None,None,,,,,,,,,,,,,,,,,2.0,LastWhisper,ShimmerscaleDravensAxe,,,,,,2.0,TitansResolve,ShimmerscaleDiamondHands,MadredsBloodrazor,,,,,2.0,ShimmerscaleGoldmancersStaff,ShimmerscaleCrownOfChampions,ShimmerscaleGamblersBlade
2,EUW1_5972646897,TFT6_Augment_Weakspot,TFT6_Augment_Electrocharge2,TFT7_Augment_BestFriends3,1.0,,1.0,1.0,,0.0,,,,,3.0,,0.0,,,0.0,1.0,,,,,,,1.0,1.0,,0.0,,,,,,,,,,,,,,,,,,,,,,1.0,,,,,,,,,,,,,,,,,,,,,,,,,,,,,,,,,,,,,,,,,,,,2.0,ThiefsGloves,Bloodthirster,DragonsClaw,,,,,,,,,,,,,,,,,,,,,,,,,,,,,,,,,,,,,,,,,,,,,,,,,,,,,,,,,2.0,RedBuff,,,,,,,2.0,,,,,,,,,,,,,,,,,,,,2.0,ZekesHerald,,,,,,,,,,,,,,,,,,,,,,,,,,,,,,,2.0,FrozenHeart,RapidFireCannon,,,,,,,,,,,,None,None,,,,,2.0,,,,,,,,,,,,,,,,2.0,GuinsoosRageblade,InfinityEdge,StatikkShiv,,,,,,,,,,,,
5,EUW1_5972646897,TFT6_Augment_PandorasItems,TFT6_Augment_Ascension,TFT6_Augment_TheGoldenEgg,,1.0,,1.0,,,,,0.0,,1.0,,,2.0,,1.0,,,,,,,,,,1.0,,0.0,,,,,,,,,,,,,,,,,,,,,,,,,,,,,,,,,,,,,,,,,,,,,,,,,,,,,,,,,,,,,,,,,,,,,2.0,,,,3.0,DragonsClaw,,,,,,,,,,,,,,,,,,,,,,,,,,,2.0,,,,3.0,,,,,,,,,,,,,,,,,,,,,,,,,,,,,,,,2.0,SpearOfShojin,RabadonsDeathcap,UnstableConcoction,,,,,,,,,,,,,,,,,,,,,,,,,,,,,,,,,,,,,2.0,WarmogsArmor,GargoyleStoneplate,RedBuff,,,,,,,,,,,,,,,,,2.0,TrainerSnax,None,None,,,,,,,,,,,,,2.0,,,,,,,,,,,,,,,,,,,,,,,
6,EUW1_5972646897,TFT6_Augment_CyberneticUplink1,TFT6_Augment_Ascension,TFT6_Augment_CyberneticImplants3,,,,,2.0,,1.0,,1.0,0.0,,,,,,0.0,,2.0,,,1.0,,,,,1.0,,,,,,,,,,,,,,,,,,,,,,,,,,,,,,,2.0,InfinityEdge,ShimmerscaleGoldmancersStaff,UnstableConcoction,,,,,,,,,2.0,DragonsClaw,FrozenHeart,TitanicHydra,,,,,,,,,,,,,,,,,,,,,,,,,,,,,,,,,2.0,,,,,,,,,,,,,,,,,,,,,,,,2.0,Shroud,,,,,,,,,,,,,,,,,,,,,,,,,,,,,,,,,,,,,,,,,,,,,,,,,,,,,,,,,,,,,,,2.0,Morellonomicon,TearOfTheGoddess,,,,,,,,,,,,,,,,,,,,,,,,,,,,,,3.0,TrainerSnax,None,None,2.0,NeedlesslyLargeRod,,,,,,,,,,,,,,,,,,,,,,,,,,,,,,,,,,
3,EUW1_5972646897,TFT6_Augment_ItemGrabBag1,TFT7_Augment_CavalierEmblem,TFT6_Augment_Diversify3,1.0,,,1.0,,2.0,1.0,,,,2.0,0.0,,0.0,0.0,,,,,,,,1.0,,,,,2.0,,,,,,,,,,,,,,,,,,,,,,,,,,,,,,,,,,,,,,,,,,,,,,,,,1.0,CavalierEmblemItem,,,,,,,,,,,,,,,,,,,,,,,,,,,,,,,,,,,,,,,,,,,,,,,,,,,,,,,,,,,,,,,,,,,2.0,DragonsClaw,WarmogsArmor,GargoyleStoneplate,,,,,,,,,1.0,GuinsoosRageblade,Shroud,FrozenHeart,,,,,,,,,2.0,TitanicHydra,,,,,,,,,,,,,,,,,,,,,,,,,,,2.0,RapidFireCannon,,,,,,,1.0,,,,,,,,2.0,InfinityEdge,GuardianAngel,FrozenHeart,,,,,,,,,,,None,None,,,,,,,,,,,,,,,,,,,,,,,,,,,,,,,,,,,,
7,EUW1_5972646897,TFT6_Augment_MakeshiftArmor1,TFT7_Augment_AstralIntercosmicGifts,TFT7_Augment_TomeOfTraits2,,1.0,1.0,2.0,,,,,,,2.0,,,1.0,,1.0,0.0,,,,,,,1.0,,,0.0,0.0,,,,,,,,,,,,,,,,,,,,,1.0,RunaansHurricane,MageEmblemItem,BruiserEmblemItem,,,,,,,,,,,,,,,,,,,,,,,,,,,,,,,,,,,,,,,,,,,,,,,,,3.0,GargoyleStoneplate,GargoyleStoneplate,,,,,,,,,,,,,,,,,,,,,,,,,,,,,,3.0,ArchangelsStaff,SpearOfShojin,,,,,,,,,,,,,,,,,,,,,,,,,,,,,,,,,,,,,,,,,,,,,,2.0,ThiefsGloves,SparringGloves,Chalice,,,,,,,,,,,,,,,,,,,,,1.0,,,,,,,,,,,,,,,,,,,,,,None,None,,,,,2.0,,,,3.0,Deathblade,RunaansHurricane,GuinsoosRageblade,,,,,,,,,,,,,,,,,,,,,,,,
4,EUW1_5972646897,TFT6_Augment_CyberneticImplants1,TFT6_Augment_CyberneticImplants2,TFT6_Augment_CyberneticShell3,,,,,1.0,,1.0,,1.0,1.0,,,,,0.0,0.0,,1.0,,,1.0,,,,,1.0,0.0,,,,,,,,,,,,,,,,,,,,,,,,,,,,,,2.0,MadredsBloodrazor,Deathblade,GuinsoosRageblade,,,,,,,,,2.0,WarmogsArmor,Redemption,RedBuff,,,,,,,,,,,,,,,,,,,,,,,,,,,,,,,,,,,,,,,,,,,,,,,,,,,,,,,,,2.0,RapidFireCannon,,,,,,,,,,,,,,,,,,,,,,,,,,,,,,,,,,,,,,,,,,,,,,,,,,,,,,,,,,,,,,,2.0,TearOfTheGoddess,ShimmerscaleGoldmancersStaff,,,,,,,,,,,,,,,,,,,,,,,,,,,,,,3.0,TrainerSnax,None,None,2.0,GuardianEmblemItem,,,,,,,,,,,,,,,,,,,,,,,,,,,1.0,NegatronCloak,,,,,,
8,EUW1_5972646897,TFT6_Augment_CyberneticUplink1,TFT7_Augment_JadeTrait,TFT7_Augment_JadeTrait2,,,,,,,1.0,1.0,,,,3.0,,,,0.0,0.0,,,2.0,,,,0.0,,,,0.0,,,,,,,,,,,,,1.0,BFSword,,,,,,,,,,,,,,,,,,,,,,,,,,,,,,,2.0,GuardianAngel,TitansResolve,,,,,,1.0,TearOfTheGoddess,,,,,,,2.0,NeedlesslyLargeRod,,,,,,,,,,,,,,,,,,,1.0,,,,,,,,,,,,,,,,,,,,,,,,,,,,1.0,RedBuff,Redemption,,,,,,,,,,,,,,,,,,,,,,,,,,,,,,,,,,,,,,,,,,,,,,,,,,,,,,,,,,,,,,2.0,Quicksilver,ArchangelsStaff,GuinsoosRageblade,,,,,,,,,,,,,,,,,,,,,,,None,None,,,,,,,,,,,,,,,,,,,,,,,,,,,,,,,,,,,,
5,EUW1_5972671699,TFT7_Augment_AxiomArc2,TFT7_Augment_MageTrait,TFT6_Augment_ThrillOfTheHunt1,,0.0,,0.0,,,1.0,,0.0,1.0,1.0,,,3.0,,1.0,,,,,1.0,1.0,,,,1.0,,1.0,,,,,,,,,,,,,,,,,,,,,,,,,,,,,,,,,,,,,,,,,2.0,MageEmblemItem,TitansResolve,TitansResolve,,,,,,,,,,,,,,,,,,,,,,,,,2.0,,,,,,,,,,,,,,,,,,,,,,,,,,,,,,,,2.0,ShimmerscaleGamblersBlade,,,1.0,,,,,,,,,,,,,,,,,,,,,,,,,,,,,,,,2.0,ArchangelsStaff,SpearOfShojin,JeweledGauntlet,,,,,,,,,,,,,,,,,,,,,,,,,,,,,,,,,,,,,2.0,DragonsClaw,DragonsClaw,,,,,,,,,,,,,,2.0,,,,3.0,TrainerSnax,None,None,,,,,,,,,,,,,,,,,,,,,,,,,,,,,,,,,1.0,Quicksilver,,
3,EUW1_5972671699,TFT6_Augment_Distancing2,TFT6_Augment_PandorasItems,TFT6_Augment_Diversify1,,1.0,1.0,1.0,,,,,,,3.0,,,1.0,,1.0,,,,,0.0,1.0,,1.0,,,,0.0,,,,,,,,,,,,,,,,,,,,,1.0,Zephyr,,,,,,,,,,,,,,,,,,,,,,,,,,,,,,,,,,,,,,,,,,,,,,,,,,,2.0,RedBuff,WarmogsArmor,Redemption,,,,,,,,,,,,,,,,,,,,,,,,,,,,,3.0,GiantsBelt,LastWhisper,,,,,,,,,,,,,,,,,,,,,,,,,,,,,,2.0,JeweledGauntlet,,,,,,,,,,,,,,,,,,,,,,,,,,,,,,,,,,,,,,,2.0,ThiefsGloves,Chalice,RabadonsDeathcap,,,,,,,,,,,,,,,,,,,None,None,,,,,2.0,,,,3.0,RunaansHurricane,GuinsoosRageblade,MadredsBloodrazor,,,,,,,,,,,,,,,,,,,,,1.0,,,
8,EUW1_5972671699,TFT6_Augment_Twins2,TFT6_Augment_SecondWind1,,,1.0,,1.0,,,,,,,,,,0.0,,0.0,0.0,,,,,,,1.0,,,,0.0,,,,,,,,,,,,,,,,,,,,,,,,,,,,,,,,,,,,,,,,,,,,,,,,,,,,,,,,,,,,,,,,,,,,,,,,,2.0,GargoyleStoneplate,Redemption,,,,,,,,,,,,,,,,,,,,,,,,,,,,,,2.0,,,,,,,,,,,,,,,,,,,,,,,,,,,,,,,,,,,,,,,,,,,,,,,,,,,,,,,,,,,,,,,,,,,,,,,,1.0,,,,,,,,,,,,,,,,,,,,,,None,None,,,,,,,,,2.0,GuinsoosRageblade,BFSword,,,,,,,,,,1.0,,,,,,,,,,,,,,,
4,EUW1_5972671699,TFT6_Augment_Meditation2,TFT6_Augment_ThrillOfTheHunt1,TFT7_Augment_BestFriends1,,0.0,1.0,0.0,,,1.0,,0.0,,1.0,,0.0,1.0,,2.0,,,,,0.0,1.0,,,2.0,1.0,,,,,,,,,,,1.0,SpearOfShojin,UnstableConcoction,SeraphsEmbrace,,,,,,,,,1.0,,,,,,,,,,,,,,,,,,,,,,,,,,,,,,,,,,,,,,,,,,,,,,,,2.0,,,,,,,,,,,,,,,,,,,,,,,,,,,,,,,,2.0,PowerGauntlet,InfinityEdge,GuinsoosRageblade,2.0,,,,,,,,,,,,,,,,,,,,2.0,RedBuff,GargoyleStoneplate,DragonsClaw,,,,,,,,,,,,,,,,,,,,,,,,,,,,,,,,,,,,,,,,,,,,,,,,,,,,,,,,,,,,,,,,,,,,,4.0,TrainerSnax,None,None,,,,,,,,,,,,,,,,,,,,,,,,,,,,,,,,,2.0,,,
2,EUW1_5972671699,TFT7_Augment_ClutteredMind,TFT6_Augment_TinyTitans,TFT6_Augment_MakeshiftArmor1,,,1.0,1.0,,0.0,1.0,,,,2.0,0.0,0.0,,,0.0,2.0,,,1.0,,,,1.0,0.0,,0.0,,,,,,,,,,,,,,,,,,,,,,2.0,SeraphsEmbrace,,,,,,,,,,,,,,,,,,,,,,,,,,,,,,,,,,,,,,,,,,,2.0,RapidFireCannon,,,,,,,,,,,,,,,,,,,,,,,,,,,,,,,,,,,,,,,,,,,2.0,,,,,,,,,,,,,,,,2.0,WarmogsArmor,RedBuff,WarmogsArmor,,,,,,,,,,,,,,,,,,,,,,,,,2.0,,,,2.0,ThiefsGloves,RunaansHurricane,RunaansHurricane,,,,,,,,,,,,,,,,,,,,,,,,,,,,,,,,,,,,,,,None,None,,,,,2.0,PowerGauntlet,LocketOfTheIronSolari,,,,,,,,,,,,,,2.0,GuinsoosRageblade,InfinityEdge,UnstableConcoction,,,,,,,,,,,,
7,EUW1_5972671699,TFT7_Augment_BruiserEmblem,TFT6_Augment_Weakspot,TFT6_Augment_SecondWind1,1.0,,,3.0,,,1.0,,,,1.0,,0.0,0.0,,,0.0,,0.0,,,,,,1.0,,1.0,2.0,,,,,,,,,,,,,,,,,,,,,,,,,,,,,,,,,,,,,,,,,,,,,,,,,2.0,TitansResolve,Bloodthirster,InfinityEdge,,,,,,,,,,,,,,,,,,,,,,,,,,,,,,,,,,,,,,,,,,,,,,,,,,,,,,,,,,,,,,,,,,,,,2.0,InfinityEdge,Quicksilver,Bloodthirster,1.0,,,,,,,,1.0,BruiserEmblemItem,,,,,,,,,,,,,,,,,,,2.0,LocketOfTheIronSolari,,,,,,,,,,,,,,,,,,,,,,,2.0,GargoyleStoneplate,,,,,,,1.0,NeedlesslyLargeRod,,,,,,,,,,,,,None,None,,,,,,,,,,,,,,,,,,,,,,,,,,,,,,,,,,,,
6,EUW1_5972671699,TFT6_Augment_RichGetRicher,TFT6_Augment_PandorasItems,TFT6_Augment_Recombobulator,0.0,,,1.0,,,1.0,,0.0,,,0.0,0.0,1.0,,0.0,,,,,0.0,1.0,1.0,,2.0,1.0,,1.0,,,,,,,,,2.0,ArchangelsStaff,MadredsBloodrazor,SpearOfShojin,,,,,,,,,,,,,,,,,,,,,,,,,,,,,,,,,,,,,,,,,,,,,,,,,,,,,,,,,2.0,,,,,,,,,,,,,,,,,,,,,,,,,,,,,,,,1.0,,,,,,,,,,,,,,,,,,,,,,,,1.0,RedBuff,FrozenHeart,WarmogsArmor,1.0,,,,,,,,,,,,,,,,,,,,,,,,,,,,,,,,,,,,,,,,1.0,RecurveBow,Shroud,,,,,,1.0,Redemption,,,,,,,,,,,,,,,,,,,1.0,TrainerSnax,None,None,,,,,,,,,,,,,,,,,,,,,,,,,,,,,,,,,1.0,,,
1,EUW1_5972671699,TFT7_Augment_GuildEmblem,TFT7_Augment_BandOfThieves1,TFT6_Augment_CyberneticShell1,1.0,0.0,1.0,1.0,,,,0.0,,,4.0,0.0,,,1.0,0.0,0.0,,,,,,1.0,1.0,,,1.0,,,,,,,,,,,,,,,,,,,,,,1.0,,,,,,,,,,,,,,,,,,,,,,,,,,,,,,,,,,,,,,,,,,,,,,,,,,,,3.0,ThiefsGloves,Quicksilver,RabadonsDeathcap,,,,,,,,,,,,,,,,,,,,,,,,,,,,,,,,,,,,,,,,,,,,,,,,,,,,,,,,,,,,,,,,,,,,,,,,,,,,,2.0,GuildEmblemItem,Redemption,RedBuff,,,,,,,,,,,,,2.0,,,,,,,,,,,,,,,,2.0,GargoyleStoneplate,MirageEmblemItem,,,,,,,,,,,,None,None,,,,,2.0,,,,3.0,GuinsoosRageblade,UnstableConcoction,Deathblade,,,,,,,,,,,,,2.0,AssassinEmblemItem,UnstableConcoction,LastWhisper,,,,,,,,
3,EUW1_5972753458,TFT6_Augment_CyberneticImplants1,TFT6_Augment_PortableForge,TFT7_Augment_DragonHorde,,,1.0,,,,2.0,,,1.0,1.0,1.0,,,2.0,1.0,,,,,1.0,,,,,,,,,,,,,,,,,,,,,,,,,,,,1.0,SpearOfShojin,StatikkShiv,GuinsoosRageblade,,,,,,,,,,,,,2.0,HextechGunblade,MadredsBloodrazor,JeweledGauntlet,2.0,GargoyleStoneplate,WarmogsArmor,OrnnAnimaVisage,2.0,ThiefsGloves,RecurveBow,UnstableConcoction,,,,,,,,,,,,,,,,,,,,,,,,,,,,,,,,,,,,,,,,,,,,,1.0,Chalice,PowerGauntlet,ShimmerscaleGamblersBlade,,,,,,,,,,,,,,,,,,,,,,,,,,,,,,,,,,,,,,,,,,,,,,,,,,,,,,,,,,,,,,,,,,,,,,,,,,,,,,,,,,,,,,,,,,,,,,,,,,,,,,,None,None,,,,,,,,,,,,,,,,,,,,,,,,,,,,,,,,,,,,
7,EUW1_5972753458,TFT7_Augment_SwiftshotTrait,TFT6_Augment_Twins2,TFT7_Augment_ShimmerscaleTrait,,,,,0.0,1.0,1.0,,,1.0,1.0,,,,,,1.0,,,,1.0,,,1.0,,,,0.0,,,,,,,,,,,,,,,,,,,,,,,,,,,,,,,,,,,,,,,,,2.0,GargoyleStoneplate,TitanicHydra,,,,,,,,,,,,,,,,,,,,,,2.0,ThiefsGloves,GiantsBelt,RedBuff,,,,,,,,,,,,,,,,,,,,,,,,,,,,,,,,,,,,,,,,,,,,,,,,,,,,,,,,,,,,,,,,,,,,,,,,,1.0,,,,1.0,,,,,,,,,,,,,,,,,,,,,,,,,,,,,,,,,,,,,,,,,,,,,,,,2.0,,,,,,None,None,,,,,,,,,,,,,,,,,,,,,2.0,GuinsoosRageblade,UnstableConcoction,MadredsBloodrazor,,,,,,,,,,,,
6,EUW1_5972753458,TFT6_Augment_Electrocharge1,TFT6_Augment_CyberneticUplink2,TFT6_Augment_SecondWind2,,0.0,,1.0,,,1.0,,1.0,,,,,1.0,,1.0,,0.0,,,,,,,1.0,1.0,,0.0,,,,,,,,,1.0,SpearOfShojin,ArchangelsStaff,UnstableConcoction,,,,,,,,,,,,,,,,,,,,,,,,,,,,,,,,,,,,,,,,,,,,,,,,,,,,,,,,,2.0,,,,2.0,RedBuff,IonicSpark,,,,,,,,,,,,,,,,,,,,,,,,,,2.0,GuardianAngel,,,3.0,StatikkShiv,,,,,,,,,,,,,,,,,,,,,,,,,,,,,,,,,,,,,,,,,,,,,,,,,,,,,,,,,,,1.0,,,,,,,,,,,,2.0,ThiefsGloves,GuinsoosRageblade,Quicksilver,,,,,,,,,,,,,,,,,2.0,TrainerSnax,None,None,,,,,,,,,,,,,,,,,,,,,,,,,,,,,,,,,,,,
4,EUW1_5972753458,TFT6_Augment_SecondWind1,TFT7_Augment_BruiserTitanicStrength,TFT6_Augment_PortableForge,,,1.0,1.0,,,1.0,,1.0,,2.0,,,1.0,,1.0,,0.0,,,,,,,,1.0,,2.0,,,,,,,,,,,,,,,,,,,,,2.0,,,,,,,,,,,,,,,,,,,,,,,,,,,,2.0,Quicksilver,Bloodthirster,GuinsoosRageblade,,,,,,,,,,,,,,,,,2.0,,,,,,,,,,,,,,,,,,,,,,,,,,,,,,,,2.0,ZekesHerald,PowerGauntlet,FrozenHeart,,,,,,,,,,,,,,,,,,,,,,,,,,,,,,,,,2.0,OrnnMuramana,Quicksilver,ArchangelsStaff,,,,,,,,,,,,,,,,,,,,,,,,,2.0,RunaansHurricane,,,,,,,,,,,2.0,TitanicHydra,Redemption,GargoyleStoneplate,,,,,,,,,,,,,,,,,3.0,TrainerSnax,None,None,,,,,,,,,,,,,,,,,,,,,,,,,,,,,,,,,,,,
1,EUW1_5972753458,TFT7_Augment_BruiserTrait,TFT6_Augment_SecondWind2,TFT6_Augment_ThrillOfTheHunt2,3.0,,,2.0,,,,0.0,,,1.0,,0.0,,0.0,,0.0,,1.0,,0.0,,,,1.0,,1.0,0.0,,,,,,,,,,,,,,,,,,,,,,,,,,,,,,,,,3.0,FrozenHeart,PowerGauntlet,IonicSpark,,,,,,,,,,,,,,,,,,,,,,,,,,,,,,,,,,,,,,,,,,,,,,,,,1.0,,,,,,,,,,,,,,,,,,,,,,,,,,,,,,,,,,,,3.0,AssassinEmblemItem,RunaansHurricane,InfinityEdge,2.0,GargoyleStoneplate,GargoyleStoneplate,,1.0,,,,2.0,,,,,,,,,,,,,,,,,,,,2.0,,,,,,,,,,,,,,,,,,,,,,,,,,,,,,,,2.0,RunaansHurricane,RapidFireCannon,LastWhisper,,,,,,,,,,,None,None,,,,,,,,,,,,,,,,,,,,,,,,,2.0,,,,,,,,,,,
8,EUW1_5972753458,TFT6_Augment_PandorasItems,TFT7_Augment_GadgetExpert,TFT6_Augment_TomeOfTraits1,,1.0,,1.0,0.0,,,,,,1.0,,,2.0,,0.0,,1.0,,,,,,,,0.0,,0.0,,,,,,,,,,,,,,,,,,,,,,,,,,,,,1.0,,,,,,,,,,,,,,,,,,,,,,,,,,,,,,,,,,,,,,,,1.0,,,,2.0,,,,,,,,,,,,,,,,,,,,,,,,,,,,,,,,3.0,StatikkShiv,RevelEmblemItem,,,,,,,,,,,,,,,,,,,,,,,,,,,,,,2.0,SpearOfShojin,ArchangelsStaff,JeweledGauntlet,,,,,,,,,,,,,,,,,,,,,,,,,,,,,,,,,,,,,2.0,RedBuff,WarmogsArmor,,,,,,,,,,,,,,,,,,,,None,None,,,,,,,,,,,,,1.0,,,,,,,,,,,,,,,,,,,,,,,
2,EUW1_5972753458,TFT7_Augment_AFK,TFT6_Augment_Twins2,TFT6_Augment_CelestialBlessing2,,1.0,1.0,2.0,,,,0.0,,,2.0,,0.0,,0.0,0.0,0.0,,,,,,,1.0,1.0,,1.0,,,,,,,,,,,,,,,,,,,,,,2.0,,,,,,,,,,,,,,,,,,,,,,,,,,,,,,,,,,,,,,,,,,,,,,,,,,,,3.0,RedBuff,BrambleVest,DragonsClaw,,,,,,,,,,,,,,,,,,,,,,,,,,,,,,,,,,,,,,,,,,,,,,,,,2.0,Morellonomicon,BrambleVest,,,,,,,,,,,,,,,,,,,,,,,,,,2.0,TempestEmblemItem,,,,,,,2.0,,,,,,,,,,,,,,,,,,,,,,,,,,,,,,,,,,,,,,None,None,,,,,2.0,,,,3.0,GuinsoosRageblade,Deathblade,GuinsoosRageblade,,,,,,,,,,,,,1.0,MadredsBloodrazor,SeraphsEmbrace,HextechGunblade,,,,,,,,
5,EUW1_5972753458,TFT7_Augment_MirageTrait,TFT6_Augment_ThrillOfTheHunt2,TFT6_Augment_CyberneticImplants2,,,,,,1.0,1.0,0.0,,1.0,,,,,4.0,,0.0,,0.0,,,,,,,,1.0,,,,,,,,,,,,,,,,,,,,,,,,,,2.0,TitanicHydra,NegatronCloak,,,,,,,,,,2.0,GuinsoosRageblade,HextechGunblade,ArchangelsStaff,,,,,,,,,,,,,,,,,,,,,,,,,2.0,Chalice,,,,,,,,,,,,,,,,,,,,,,,,,,,2.0,,,,,,,,,,,,,,,,,,,,,,,,2.0,IonicSpark,Redemption,LocketOfTheIronSolari,,,,,,,,,,,,,,,,,,,,,,,,,,,,,,,,,,,,,,,,,,,,,,,,,,,,,,,,,,,,,,,,,,,,,,,,,,,,,,,None,None,,,,,,,,,,,,,,,,,,,,,,,,,1.0,Bloodthirster,UnstableConcoction,,1.0,Bloodthirster,,,,,,
7,EUW1_5973115186,TFT6_Augment_ThreesCompany,TFT6_Augment_FuturePeepers2,TFT7_Augment_ShimmerscaleSpending,0.0,,,0.0,,,1.0,1.0,,0.0,,,0.0,,1.0,,1.0,,,0.0,3.0,,,,,,2.0,,2.0,WarmogsArmor,ShimmerscaleHeartOfGold,UnstableConcoction,,,,,,,,,,,,,,,,,,,,,,,,,,,,,,,,,,,,,2.0,ShimmerscaleMogulsMail,TitanicHydra,DragonsClaw,,,,,,,,,,,,,,,,,,,,,,,,,,,,,,,,,,,,,,,,,2.0,ZephyrRadiant,,,,,,,,,,,,,,,,,,,,,,,,,,,,,,,,,,,,,,,,,,,,,,,,,,,,,,,,,,,,,,,,,,,2.0,,,,,,,,,,,,,,,,,,,,2.0,,,,,,,,,,,,,,,,,,,,,,,,,,None,None,,,,,,,,,,,,,,,,,2.0,PowerGauntlet,,,,,,,1.0,ShimmerscaleEmblemItem,ShimmerscaleGoldmancersStaff,InfinityEdge,2.0,ShimmerscaleDeterminedInvestor,,,,,,
5,EUW1_5973115186,TFT6_Augment_Meditation2,TFT6_Augment_ForceOfNature,TFT7_Augment_MageEmblem,,1.0,,2.0,,,,,1.0,,1.0,,0.0,2.0,,1.0,,0.0,,,,,,,0.0,1.0,,0.0,,,,,,,,,,,,,,,,,,,,,,,,,,,,,,,,,,,,,,,,,,,,,,,,,,,,,,,,,,,,,,,,,,,,,1.0,,,,2.0,,,,,,,,,,,,,,,,,,,,,,,,,,,,2.0,,,,2.0,,,,,,,,,,,,,,,,,,,,2.0,RedBuff,GargoyleStoneplate,TitanicHydra,,,,,,,,,2.0,GuinsoosRageblade,SpearOfShojin,MadredsBloodrazor,,,,,,,,,,,,,,,,,,,,,2.0,MageEmblemItem,Zephyr,,2.0,,,,,,,,,,,,2.0,,,,,,,,,,,,,,,,,,,,2.0,TrainerSnax,None,None,,,,,,,,,,,,,,,,,,,,,,,,,,,,,,,,,,,,
4,EUW1_5973115186,TFT7_Augment_ScalescornEmblem,TFT7_Augment_CavalierForAllUnits,TFT6_Augment_SecondWind2,0.0,,,,,2.0,,,,1.0,2.0,,,0.0,1.0,,,,2.0,,,,,,,,,,,,,,,,,,,,,,,,,,,,,,,,,,3.0,DragonsClaw,RedBuff,GargoyleStoneplate,,,,,2.0,TitansResolve,UnstableConcoction,Zephyr,,,,,,,,,,,,,,,,,,,,,,,,,,,,,,,,,,,,,,,,,,,,,,,,,,,,,,,,,1.0,,,,3.0,SeraphsEmbrace,MadredsBloodrazor,ArchangelsStaff,,,,,,,,,,,,,,,,,2.0,ZekesHerald,,,,,,,,,,,,,,,,,,,2.0,ScalescornEmblemItem,,,2.0,,,,,,,,,,,,,,,,,,,,,,,,,,,,,,,,,,,,,,,,,,,,,,,,,,,,,,,,,,None,None,,,,,,,,,,,,,,,,,,,,,,,,,,,,,,,,,,,,
8,EUW1_5973115186,TFT6_Augment_CyberneticUplink2,TFT6_Augment_CyberneticImplants3,TFT7_Augment_PandorasBench,,,,,,,1.0,,1.0,,,2.0,0.0,,,1.0,,,,1.0,,,1.0,,,0.0,,,,,,,1.0,ArchangelsStaff,UnstableConcoction,,,,,,,,,,,,,,,,,,,,,,,,,,,,,,,,,,,,,,2.0,Quicksilver,Bloodthirster,GuinsoosRageblade,,,,,,,,,,,,,2.0,,,,,,,,,,,,,,,,,,,,,,,,,,,,,,,,,,,,,,,,2.0,,,,,,,,1.0,RedBuff,WarmogsArmor,,,,,,,,,,,,,,,,,,,,,,,,,,,,,,,,,,,,,,,,,,,,,,,,,,,,,,,,,,1.0,,,,,,,,,,,,,,,,,,,,,,,,,,,,,,None,None,,,,,,,,,,,,,,,,,,,,,,,,,,,,,,,,,,,,
6,EUW1_5973115186,TFT7_Augment_MageConference,TFT7_Augment_UrfsGrabBag2,TFT6_Augment_ComponentGrabBag,,1.0,,1.0,,,,,0.0,,1.0,,,2.0,,1.0,,,,,,,,,,1.0,,0.0,,,,,,,,,,,,,,,,,,,,,,,,,,,,,,,,,,,,,,,,,,,,,,,,,,,,,,,,,,,,,,,,,,,,,3.0,,,,2.0,TitanicHydra,TitanicHydra,Morellonomicon,,,,,,,,,,,,,,,,,,,,,,,,,2.0,MageEmblemItem,,,3.0,,,,,,,,,,,,,,,,,,,,,,,,,,,,,,,,2.0,HextechGunblade,SpearOfShojin,SpearOfShojin,,,,,,,,,,,,,,,,,,,,,,,,,,,,,,,,,,,,,2.0,GargoyleStoneplate,DragonsClaw,WarmogsArmor,,,,,,,,,,,,,,,,,2.0,TrainerSnax,None,None,,,,,,,,,,,,,3.0,StatikkShiv,,,,,,,,,,,,,,,,,,,,,,
1,EUW1_5973115186,TFT6_Augment_CalculatedLoss,TFT6_Augment_CelestialBlessing3,TFT6_Augment_SalvageBin,0.0,0.0,,1.0,,,1.0,,,,,1.0,0.0,,,,,,,2.0,,,1.0,,1.0,,,2.0,,,,,,,,,,,,,,,,,,,,,,,,,,,,,,,,,,,,,,,,,,,,,,,,,2.0,DragonsClaw,GuinsoosRageblade,GuardianAngel,2.0,ArchangelsStaff,IonicSpark,MadredsBloodrazor,,,,,2.0,,,,,,,,,,,,,,,,,,,,,,,,,,,,,,,,,,,,,,,,,,,,,,,,2.0,FrozenHeart,,,3.0,GuinsoosRageblade,Quicksilver,MadredsBloodrazor,,,,,,,,,2.0,,,,,,,,2.0,,,,,,,,,,,,,,,,,,,,,,,,,,,,,,,,,,,,2.0,Shroud,NeedlesslyLargeRod,,,,,,,,,,,,,,,,,,,,,,,,,,,,None,None,,,,,,,,,,,,,,,,,,,,,,,,,,,,,,,,,,,,
3,EUW1_5973115186,TFT6_Augment_CyberneticShell2,TFT7_Augment_UrfsGrabBag2,TFT6_Augment_ComponentGrabBag,0.0,,1.0,1.0,,1.0,,,,,4.0,,0.0,,,0.0,1.0,,,,,,,1.0,0.0,,0.0,,,,,,,,,,,,,,,,,,,,,,1.0,StatikkShiv,,,,,,,,,,,,,,,,,,,,,,,,,,,,,,,,,,,,,,,,,,,2.0,Spatula,,,,,,,,,,,,,,,,,,,,,,,,,,,,,,,,,,,,,,,,,,,,,,,,,,,,,,,,,,,2.0,Morellonomicon,UnstableConcoction,,,,,,,,,,,,,,2.0,NegatronCloak,,,,,,,,,,,2.0,IonicSpark,,,,,,,,,,,,,,,,,,,,,,,,,,,,,,,2.0,UnstableConcoction,RapidFireCannon,InfinityEdge,,,,,,,,,,,None,None,,,,,2.0,Chalice,,,,,,,,,,,,,,,2.0,GuinsoosRageblade,Quicksilver,TitansResolve,,,,,,,,,,,,
2,EUW1_5973115186,TFT7_Augment_GuildEmblem,TFT6_Augment_Twins3,TFT7_Augment_GadgetExpert,0.0,0.0,,1.0,,,,,,,4.0,,,1.0,,,,,,,0.0,1.0,,1.0,,,,0.0,,,,,,,,,,,,,,,,,,,,,,,,,,,,,,,,,,,,,,,,,,,,,,,,,,,,,,,,,,,,,,,,,,,,,,,,,3.0,TitansResolve,GargoyleStoneplate,RedBuff,,,,,,,,,,,,,,,,,,,,,,,,,,,,,,,,,,,,,,,,,,,,,,,,,,,,,,,,,,,,,2.0,,,,,,,,,,,,,,,,,,,,,,,,,,,,,,,,,,,,,,,,2.0,GargoyleStoneplate,,,,,,,1.0,,,,,,,,,,,,,,None,None,,,,,2.0,Deathblade,,,2.0,StatikkShiv,GuardianAngel,GuildEmblemItem,,,,,,,,,,,,,,,,,,,,,1.0,ZekesHerald,,
3,EUW1_5973000091,TFT6_Augment_MakeshiftArmor2,TFT6_Augment_MakeshiftArmor1,TFT7_Augment_BruiserTitanicStrength,1.0,,,2.0,,0.0,,0.0,,0.0,,,0.0,0.0,,,0.0,,2.0,,,,,,1.0,,1.0,0.0,,,,,,,,,,,,,,,,,,,,,,,,,2.0,,,,,,,,2.0,IonicSpark,FrozenHeart,Redemption,,,,,,,,,,,,,,,,,,,,,,,,,,,,,,,,,,,,,,,,,,,,,,,,,,,,,1.0,,,,,,,,2.0,RedBuff,ZekesHerald,ZekesHerald,,,,,,,,,,,,,,,,,,,,,3.0,AssassinEmblemItem,BrambleVest,UnstableConcoction,2.0,,,,,,,,,,,,,,,,,,,,,,,,,,,,2.0,,,,,,,,,,,,,,,,,,,,,,,,1.0,,,,,,,,,,,,,,,,,,,,,,None,None,,,,,,,,,,,,,,,,,,,,,,,,,,,,,,,,,,,,
6,EUW1_5973000091,TFT6_Augment_MakeshiftArmor2,TFT6_Augment_SecondWind1,TFT6_Augment_SunfireBoard,,,1.0,,2.0,,1.0,,1.0,1.0,1.0,,,,,1.0,,1.0,,,1.0,,,,,1.0,,0.0,,,,,,,,,,,,,,,,,,,,,1.0,CannoneerEmblemItem,,,,,,,2.0,UnstableConcoction,MadredsBloodrazor,GuinsoosRageblade,,,,,,,,,2.0,ShimmerscaleMogulsMail,BrambleVest,DragonsClaw,,,,,,,,,,,,,,,,,,,,,,,,,,,,,,,,,,,,,,,,,,,,,,,,,,,,,,,,,2.0,FrozenHeart,,,,,,,,,,,,,,,,,,,,,,,,,,,,,,,,,,,,,,,,,,,,,,,,,,,,,,,,,,,,,,,2.0,HextechGunblade,,,,,,,,,,,,,,,,,,,,,,,,,,,1.0,,,,3.0,TrainerSnax,None,None,2.0,,,,,,,,,,,,,,,,,,,,,,,,,,,,,,,,,,,
5,EUW1_5973000091,TFT6_Augment_Featherweights2,TFT7_Augment_ShapeshifterTrait,TFT7_Augment_ShapeshifterBeastsDen,,0.0,,,,,1.0,0.0,0.0,,,2.0,0.0,,,0.0,0.0,,,3.0,,,,,,,,0.0,,,,,2.0,,,,,,,,,,,,,,,,,,,,,,,,,,,,,,,,,,,,,,,,2.0,UnstableConcoction,GuinsoosRageblade,,,,,,2.0,LocketOfTheIronSolari,,,,,,,2.0,,,,,,,,,,,,,,,,,,,,,,,,,,,,,,,,,,,,,,,,,,,,,,,,2.0,WarmogsArmor,FrozenHeart,WarmogsArmor,3.0,Quicksilver,UnstableConcoction,GuinsoosRageblade,,,,,,,,,,,,,,,,,,,,,,,,,,,,,,,,,,,,,,,,,,,,,,,,,,,,,,,,,2.0,,,,,,,,,,,,,,,,,,,,,,,,,,None,None,,,,,,,,,,,,,,,,,,,,,,,,,,,,,,,,,,,,
4,EUW1_5973000091,TFT7_Augment_GadgetExpert,TFT6_Augment_ThrillOfTheHunt1,TFT7_Augment_MageEmblem,,1.0,,1.0,,,,,,,1.0,0.0,,3.0,,0.0,,,,,0.0,1.0,1.0,,,0.0,,0.0,,,,,,,,,,,,,,,,,,,,,,,,,,,,,,,,,,,,,,,,,,,,,,,,,,,,,,,,,,,,,,,,,,,,,2.0,,,,2.0,MageEmblemItem,,,,,,,,,,,,,,,,,,,,,,,,,,,,,,,3.0,StatikkShiv,Chalice,,,,,,,,,,,,,,,,,,,,,,,,,,,,,,2.0,SpearOfShojin,ArchangelsStaff,UnstableConcoction,,,,,,,,,,,,,,,,,,,,,,,,,,,,,1.0,,,,,,,,2.0,GargoyleStoneplate,RedBuff,Redemption,,,,,,,,,,,,,,,,,,,None,None,,,,,,,,,,,,,3.0,GargoyleStoneplate,FrozenHeart,,,,,,,,,,,,,,,,,,1.0,,,
8,EUW1_5973000091,TFT6_Augment_JeweledLotus,TFT6_Augment_Distancing,TFT6_Augment_Diversify2,2.0,,,1.0,,,1.0,,,,1.0,,0.0,,,,0.0,,,,0.0,,,,1.0,,0.0,1.0,,,,,,,,,,,,,,,,,,,,,,,,,,,,,,,,,,,,,,,,,,,,,,,,,2.0,AssassinEmblemItem,Bloodthirster,InfinityEdge,,,,,,,,,,,,,,,,,,,,,,,,,,,,,,,,,1.0,,,,,,,,,,,,,,,,,,,,,,,,,,,,,,,,,,,,,,,,1.0,TitanicHydra,,,,,,,2.0,,,,,,,,,,,,,,,,,,,,2.0,,,,,,,,,,,,,,,,,,,,,,,,,,,,,,,,2.0,HextechGunblade,RedBuff,UnstableConcoction,,,,,,,,,,,None,None,,,,,,,,,,,,,,,,,,,,,,,,,,,,,,,,,,,,
1,EUW1_5973000091,TFT7_Augment_GadgetExpert,TFT6_Augment_TinyTitans,TFT6_Augment_SalvageBin,,,1.0,1.0,,,1.0,,0.0,,1.0,0.0,0.0,1.0,,1.0,,,,,0.0,1.0,1.0,,2.0,1.0,,0.0,,,,,,,,,2.0,SpearOfShojin,ArchangelsStaff,ArchangelsStaff,,,,,,,,,1.0,,,,,,,,,,,,,,,,,,,,,,,,,,,,,,,,,,,,,,,,,,,,,,,,1.0,Shroud,,,,,,,,,,,,,,,,,,,,,,,,,,,,,,,2.0,,,,,,,,,,,,,,,,,,,,,,,,2.0,TitanicHydra,GargoyleStoneplate,TitanicHydra,,,,,,,,,,,,,,,,,,,,,,,,,,,,,,,,,,,,,,,,,1.0,,,,,,,,2.0,BrambleVest,TitanicHydra,TitanicHydra,,,,,,,,,,,,,,,,,4.0,TrainerSnax,None,None,,,,,,,,,,,,,,,,,,,,,,,,,,,,,,,,,2.0,StatikkShiv,GuinsoosRageblade,RapidFireCannon
2,EUW1_5973000091,TFT6_Augment_Featherweights2,TFT6_Augment_LudensEcho1,TFT6_Augment_BlueBattery2,,0.0,,,,,1.0,1.0,0.0,1.0,,2.0,,0.0,,2.0,,,,,,,,1.0,1.0,0.0,,,,,,,,,,,,,,,3.0,Shroud,,,,,,,,,,,,,,,,,,,,,,,,,,,,,,,2.0,InfinityEdge,IonicSpark,,,,,,,,,,3.0,MadredsBloodrazor,Deathblade,UnstableConcoction,,,,,,,,,,,,,,,,,,,,,3.0,,,,,,,,2.0,GuardianEmblemItem,BFSword,SeraphsEmbrace,,,,,,,,,2.0,,,,1.0,,,,,,,,,,,,,,,,,,,,,,,,,,,,,,,,,,,,,,,,,,,,,,,,,,,,,,,,,,,,,,,,,,,,,,,,,,,,,,,,,,,,3.0,RedBuff,WarmogsArmor,IonicSpark,,,,,,,None,None,,,,,,,,,,,,,,,,,,,,,,,,,,,,,,,,,,,,
7,EUW1_5973000091,TFT7_Augment_CavalierEmblem,TFT6_Augment_LudensEcho1,TFT7_Augment_MageEmblem,,0.0,,1.0,,1.0,,,0.0,,1.0,,,3.0,,1.0,,,0.0,,0.0,1.0,,,,1.0,,0.0,,,,,,,,,,,,,,,,,,,,,,,,,,,,,,,,,,,,,,,,,,,,,,,,,,,,,,,,,,,,,,,,,,,,,2.0,RecurveBow,,,2.0,MageEmblemItem,Morellonomicon,IonicSpark,,,,,,,,,,,,,,,,,,,,,2.0,,,,2.0,,,,2.0,,,,,,,,,,,,,,,,,,,,,,,,,,,,,,,,2.0,ArchangelsStaff,SpearOfShojin,ArchangelsStaff,,,,,,,,,,,,,,,,,,,,,,,,,,,,,,,,,,,,,2.0,DragonsClaw,CavalierEmblemItem,WarmogsArmor,,,,,,,,,,,,,,,,,2.0,TrainerSnax,None,None,,,,,,,,,,,,,,,,,,,,,,,,,,,,,,,,,1.0,,,
7,EUW1_5972636148,TFT6_Augment_TargetDummies,TFT6_Augment_FirstAidKit,TFT7_Augment_BestFriends1,,1.0,,1.0,,,,,0.0,,1.0,,,2.0,,1.0,,,,,,,,,,1.0,,0.0,,,,,,,,,,,,,,,,,,,,,,,,,,,,,,,,,,,,,,,,,,,,,,,,,,,,,,,,,,,,,,,,,,,,,2.0,,,,2.0,ThiefsGloves,SparringGloves,Quicksilver,,,,,,,,,,,,,,,,,,,,,,,,,2.0,TearOfTheGoddess,,,3.0,,,,,,,,,,,,,,,,,,,,,,,,,,,,,,,,2.0,SpearOfShojin,SpearOfShojin,ArchangelsStaff,,,,,,,,,,,,,,,,,,,,,,,,,,,,,,,,,,,,,2.0,RedBuff,IonicSpark,,,,,,,,,,,,,,,,,,1.0,TrainerSnax,None,None,,,,,,,,,,,,,2.0,TitanicHydra,,,,,,,,,,,,,,,,,,,,,,
2,EUW1_5972636148,TFT7_Augment_ClutteredMind,TFT6_Augment_Weakspot,TFT6_Augment_SecondWind1,1.0,,1.0,0.0,,1.0,,0.0,,,4.0,,0.0,,0.0,0.0,0.0,,,,,,,1.0,1.0,,0.0,,,,,,,,,,,,,,,,,,,,,,2.0,ZekesHerald,,,,,,,,,,,,,,,,,,,,,,,,,,,,,,,,,,,,,,,,,,,2.0,Morellonomicon,ArchangelsStaff,,,,,,,,,,,,,,,,,,,,,,,,,,,,,,,,,,,,,,,,,,,,,,,,,,,,,,,,,,2.0,GargoyleStoneplate,Shroud,,,,,,1.0,,,,,,,,2.0,,,,,,,,,,,,,,,,,,,,,,,,,,,,,,,,,,,,,,,,,,,,2.0,FrozenHeart,InfinityEdge,JeweledGauntlet,,,,,,,,,,,None,None,,,,,2.0,,,,,,,,,,,,,,,,2.0,UnstableConcoction,MadredsBloodrazor,RunaansHurricane,2.0,InfinityEdge,HextechGunblade,,,,,,,,,
4,EUW1_5972636148,TFT6_Augment_ThreesCompany,TFT7_Augment_Preparation,TFT6_Augment_ItemGrabBag1,,1.0,1.0,1.0,,,,,0.0,,3.0,,,1.0,,2.0,,,,,,,,1.0,,0.0,,0.0,,,,,,,,,,,,,,,,,,,,,1.0,,,,,,,,,,,,,,,,,,,,,,,,,,,,,,,,,,,,,,,,,,,,,,,,,,,,3.0,GargoyleStoneplate,RedBuff,BrambleVest,,,,,,,,,,,,,,,,,,,,,,,,,2.0,,,,2.0,GuardianAngel,,,,,,,,,,,,,,,,,,,,,,,,,,,,,,,1.0,,,,,,,,,,,,,,,,,,,,,,,,,,,,,,,,,,,,,,,,2.0,WarmogsArmor,Redemption,Redemption,,,,,,,,,,,,,,,,,,,None,None,,,,,2.0,InfinityEdge,UnstableConcoction,,3.0,UnstableConcoction,GuinsoosRageblade,MadredsBloodrazor,,,,,,,,,,,,,,,,,,,,,,,,
3,EUW1_5972636148,TFT7_Augment_ClutteredMind,TFT6_Augment_Distancing,TFT6_Augment_PandorasItems,1.0,,,1.0,,1.0,,,,,3.0,,0.0,,,,1.0,,,,,,,1.0,1.0,,0.0,,,,,,,,,,,,,,,,,,,,,,,,,,,,,,,,,,,,,,,,,,,,,,,,,,,,,,,,,,,,,,,,,,2.0,,,,,,,,,,,,,,,,,,,,,,,,,,,,,,,,,,,,,,,,,,,,,,,,,,,,,,,,,,,,2.0,Bloodthirster,,,,,,,2.0,ArchangelsStaff,InfinityEdge,,,,,,2.0,TitanicHydra,,,,,,,,,,,2.0,,,,,,,,,,,,,,,,,,,,,,,,,,,,,,,,2.0,FrozenHeart,InfinityEdge,RedBuff,,,,,,,,,,,None,None,,,,,1.0,,,,,,,,,,,,,,,,2.0,MadredsBloodrazor,GuinsoosRageblade,Quicksilver,,,,,,,,,,,,
5,EUW1_5972636148,TFT7_Augment_MirageEmblem,TFT7_Augment_GuildTrait,TFT6_Augment_CyberneticUplink1,1.0,,,,,1.0,1.0,,,0.0,3.0,,,,3.0,,,,,,,,,,,,,0.0,,,,,,,,,,,,,,,,,,,,,,,,,,,,,,,,,,,,,2.0,JeweledGauntlet,StatikkShiv,MadredsBloodrazor,,,,,,,,,,,,,,,,,,,,,,,,,,,,,,,,,,,,,,,,,,,,,,,,,,,,,2.0,Redemption,,,,,,,,,,,,,,,,,,,,,,,2.0,DragonsClaw,WarmogsArmor,,,,,,,,,,1.0,FrozenHeart,,,,,,,,,,,2.0,DragonsClaw,,,,,,,,,,,,,,,,,,,,,,,,,,,,,,,,,,,,,,,,,,,2.0,MirageEmblemItem,,,,,,,,,,,,,None,None,,,,,,,,,,,,,,,,,,,,,,,,,,,,,,,,,,,,
8,EUW1_5972636148,TFT6_Augment_ClearMind,TFT6_Augment_SecondWind1,TFT6_Augment_Weakspot,0.0,,1.0,,,1.0,1.0,,,1.0,2.0,,,,3.0,0.0,0.0,,0.0,,,,,,,,,,,,,,,,,,,,,,,,,,,,,,1.0,,,,2.0,TitanicHydra,,,,,,,,,,,2.0,JeweledGauntlet,ArchangelsStaff,,,,,,,,,,,,,,,,,,,,,,,,,,2.0,,,,,,,,,,,,,,,,,,,,,,,,,,,,1.0,,,,,,,,,,,,,,,,,,,,,,,,1.0,,,,,,,,,,,,,,,,,,,,,,,,,,,,,,,,,,,,,,,,,,,,,,,,,,,,,,,,,,,,,,,,,,,,2.0,MirageEmblemItem,,,,,,,,,,,,,None,None,,,,,,,,,,,,,,,,,,,,,,,,,,,,,,,,,,,,
6,EUW1_5972636148,TFT6_Augment_BlueBattery2,TFT6_Augment_Diversify1,TFT7_Augment_MysticTrait,,1.0,,1.0,,,,,0.0,,1.0,,,2.0,,2.0,,,,,,,,,,1.0,,0.0,,,,,,,,,,,,,,,,,,,,,,,,,,,,,,,,,,,,,,,,,,,,,,,,,,,,,,,,,,,,,,,,,,,,,1.0,,,,2.0,IonicSpark,RedBuff,,,,,,,,,,,,,,,,,,,,,,,,,,2.0,,,,2.0,Chalice,StatikkShiv,,,,,,,,,,,,,,,,,,,,,,,,,,,,,,2.0,UnstableConcoction,ArchangelsStaff,Quicksilver,,,,,,,,,,,,,,,,,,,,,,,,,,,,,,,,,,,,,1.0,,,,,,,,,,,,,,,,,,,,3.0,TrainerSnax,None,None,,,,,,,,,,,,,2.0,,,,,,,,,,,,,,,,,,,,,,,
1,EUW1_5972636148,TFT7_Augment_MageConference,TFT6_Augment_SecondWind1,TFT7_Augment_BandOfThieves1,,1.0,,1.0,,0.0,,,,,1.0,,,3.0,,0.0,,,1.0,,0.0,1.0,,,,0.0,,0.0,,,,,,,,,,,,,,,,,,,,,,,,,,,,,,,,,,,,,,,,,,,,,,,,,,,,,,,,,,,,,,,,,,,,,3.0,RunaansHurricane,RunaansHurricane,,3.0,ScalescornEmblemItem,,,,,,,,,,,,,,,,,,,,,,,3.0,ThiefsGloves,StatikkShiv,RabadonsDeathcap,,,,,3.0,ZekesHerald,LocketOfTheIronSolari,,,,,,,,,,,,,,,,,,,,,,,,,,,,,,3.0,SpearOfShojin,SpearOfShojin,UnstableConcoction,,,,,,,,,,,,,,,,,,,,,,,,,,,,,,,,,,,,,3.0,GargoyleStoneplate,RedBuff,Quicksilver,,,,,,,,,,,,,,,,,,,None,None,,,,,,,,,,,,,3.0,ThiefsGloves,,,,,,,,,,,,,,,,,,,2.0,PowerGauntlet,,
7,EUW1_5972107717,TFT6_Augment_ItemGrabBag1,TFT7_Augment_BestFriends2,TFT6_Augment_PortableForge,,0.0,1.0,1.0,,0.0,,,0.0,,2.0,,,2.0,,1.0,,,0.0,,0.0,1.0,,,,1.0,,0.0,,,,,,,,,,,,,,,,,,,,,1.0,,,,,,,,,,,,,,,,,,,,,,,,,,,,,,,,,,,,,,,,,,,,,,,,1.0,,,,2.0,TitanicHydra,,,,,,,,,,,,,,,,,,,,,,,2.0,,,,1.0,Shroud,,,,,,,,,,,,,,,,,,,,,,,,,,,,,,,,,,,2.0,UnstableConcoction,SpearOfShojin,ArchangelsStaff,,,,,,,,,,,,,,,,,,,,,,,,,,,,,,,,,,,,,2.0,OrnnEternalWinter,BrambleVest,BrambleVest,,,,,,,,,,,,,,,,,1.0,TrainerSnax,None,None,,,,,,,,,,,,,,,,,,,,,,,,,,,,,,,,,1.0,GiantsBelt,,
8,EUW1_5972107717,TFT6_Augment_SecondWind1,TFT7_Augment_GuildEmblem,TFT6_Augment_Distancing2,,,,2.0,,0.0,1.0,,,,2.0,,0.0,0.0,,,1.0,,,,,,,1.0,0.0,,0.0,2.0,,,,,,,,,,,,,,,,,,,,,,,,,,,,,,,,,,,,,,,,,,,,,,,,,2.0,Bloodthirster,GuinsoosRageblade,UnstableConcoction,,,,,,,,,,,,,1.0,,,,,,,,,,,,,,,,,,,,,,,,,,,,,,,,,,,,,,,,,,,,,,,,,,,,,,,,,,,,1.0,RedBuff,GiantsBelt,GuildEmblemItem,,,,,,,,,,,,,,,,,,,,,,,,,2.0,FrozenHeart,,,,,,,,,,,,,,,,,,,,,,,1.0,,,,,,,,,,,,,,,,,,,,,,None,None,,,,,2.0,,,,,,,,,,,,,,,,1.0,MadredsBloodrazor,,,,,,,,,,,,,,
1,EUW1_5972107717,TFT6_Augment_Meditation1,TFT6_Augment_BlueBattery2,TFT7_Augment_MikaelsGift,,2.0,1.0,1.0,,,1.0,,1.0,,1.0,,,1.0,,2.0,,,,,0.0,1.0,,,,0.0,,0.0,,,,,,,,,,,,,,,,,2.0,GuardianAngel,JeweledGauntlet,,2.0,Chalice,LocketOfTheIronSolari,LocketOfTheIronSolari,,,,,,,,,,,,,,,,,,,,,,,,,,,,,,,,,,,,,,,,,,,,,,,,,2.0,GargoyleStoneplate,TitanicHydra,GiantsBelt,,,,,,,,,,,,,,,,,,,,,,,,,2.0,,,,3.0,,,,,,,,,,,,,,,,,,,,,,,,,,,,,,,,,,,,,,,,,,,,,,,,,,,,,,,,,,,,,,,,,,,,,,,,2.0,ThiefsGloves,Quicksilver,RabadonsDeathcap,,,,,,,,,,,,,,,,,,,None,None,,,,,,,,,,,,,3.0,RedBuff,IonicSpark,BrambleVest,,,,,,,,,,,,,,,,,2.0,,,
2,EUW1_5972107717,TFT6_Augment_Electrocharge1,TFT7_Augment_RagewingScorch,TFT6_Augment_TargetDummies,0.0,0.0,1.0,1.0,,0.0,,,,,3.0,,0.0,0.0,,1.0,1.0,,,,,,,1.0,0.0,,0.0,,,,,,,,,,,,,,,,,,,,,,1.0,,,,,,,,,,,,,,,,,,,,,,,,,,,,,,,,,,,,,,,,,,,,2.0,Morellonomicon,RapidFireCannon,JeweledGauntlet,,,,,,,,,,,,,,,,,,,,,,,,,,,,,,,,,,,,,1.0,,,,,,,,,,,,,,,,,,,,2.0,GargoyleStoneplate,BrambleVest,DragonsClaw,,,,,,,,,,,,,,,,,,,,,,,,,2.0,,,,,,,,,,,,,,,,,,,,,,,,,,,,,,,,2.0,BFSword,FrozenHeart,Quicksilver,,,,,,,,,,,None,None,,,,,2.0,,,,,,,,,,,,,,,,2.0,InfinityEdge,Quicksilver,GuinsoosRageblade,,,,,,,,,,,,
3,EUW1_5972107717,TFT7_Augment_BestFriends1,TFT6_Augment_SecondWind2,TFT7_Augment_BestFriends2,,,,,2.0,,1.0,,1.0,1.0,,,,,,0.0,,2.0,0.0,,1.0,,,,,1.0,,,,,,,,,,,,,,,,,,,,,,,,,,,2.0,,,,2.0,UnstableConcoction,GuinsoosRageblade,MadredsBloodrazor,,,,,,,,,2.0,DragonsClaw,WarmogsArmor,RedBuff,,,,,,,,,,,,,,,,,,,,,,,,,,,,,,,,,2.0,,,,,,,,,,,,,,,,,,,,,,,,1.0,Redemption,LocketOfTheIronSolari,,,,,,,,,,,,,,,,,,,,,,,,,,,,,,,,,,,,,,,,,,,,,,,,,,,,,,,,,,,,,,2.0,JeweledGauntlet,,,,,,,,,,,,,,,,,,,,,,,,,,,,,,,4.0,TrainerSnax,None,None,2.0,GuinsoosRageblade,ShimmerscaleGoldmancersStaff,MadredsBloodrazor,,,,,,,,,,,,,,,,,,,,,,,,,,,,,,,,
5,EUW1_5972107717,TFT6_Augment_Electrocharge1,TFT7_Augment_UrfsGrabBag1,TFT6_Augment_PortableForge,,,1.0,1.0,0.0,,1.0,,1.0,,1.0,,,1.0,,1.0,,1.0,,,,,,,,1.0,,2.0,,,,,,,,,,,,,,,,,,,,,1.0,,,,,,,,2.0,OrnnZhonyasParadox,UnstableConcoction,MadredsBloodrazor,,,,,,,,,,,,,,,,,1.0,RedBuff,IonicSpark,Quicksilver,,,,,,,,,,,,,,,,,2.0,,,,,,,,,,,,,,,,,,,,,,,,,,,,,,,,2.0,NeedlesslyLargeRod,,,,,,,,,,,,,,,,,,,,,,,,,,,,,,,,,,,,,,,,,,,,,,,,,,,,,,,,,,,,,,,2.0,MageEmblemItem,,,,,,,,,,,2.0,Zephyr,,,,,,,,,,,,,,,,,,,2.0,TrainerSnax,None,None,,,,,,,,,,,,,,,,,,,,,,,,,,,,,,,,,,,,
6,EUW1_5972107717,TFT6_Augment_ItemGrabBag1,TFT6_Augment_TomeOfTraits1,TFT6_Augment_ThrillOfTheHunt2,,,1.0,,,,1.0,,2.0,,1.0,2.0,0.0,,,2.0,,0.0,,1.0,,,,,,0.0,,,,,,,2.0,SpearOfShojin,,,,,,,,,,,,,,,1.0,EvokerEmblemItem,TearOfTheGoddess,,,,,,,,,,,,,,,,,,,,,,2.0,TitansResolve,Bloodthirster,GuinsoosRageblade,,,,,,,,,,,,,2.0,,,,,,,,,,,,,,,,,,,,,,,,,,,,,,,,,,,,,,,,1.0,,,,,,,,2.0,GargoyleStoneplate,RedBuff,,,,,,,,,,,,,,,,,,,,,,,,,,,,,,,,,,,,,,,,,,,,,,,,,,,,,,2.0,,,,,,,,,,,,,,,,,,,,,,,,,,,,,,,,,,None,None,,,,,,,,,,,,,,,,,,,,,,,,,,,,,,,,,,,,
4,EUW1_5972107717,TFT6_Augment_TinyTitans,TFT7_Augment_UrfsGrabBag1,TFT6_Augment_Ascension,1.0,,,1.0,,,1.0,,,,,0.0,0.0,0.0,,,,,,1.0,,,,,1.0,,,3.0,,,,,,,,,,,,,,,,,,,,,,,,,,,,,,,,,,,,,,,,,,,,,,,,,2.0,InfinityEdge,AssassinEmblemItem,Bloodthirster,1.0,,,,,,,,,,,,,,,,,,,,,,,,,,,,,,,,,,,,,,,,,,,,,,,,,,,,,,,,2.0,DragonsClaw,WarmogsArmor,RedBuff,,,,,,,,,,,,,2.0,DragonsClaw,,,1.0,ZekesHerald,Bloodthirster,ZekesHerald,2.0,FrozenHeart,,,,,,,,,,,,,,,,,,,,,,,,,,,,,,,,,,,,,,,,,,,2.0,,,,,,,,,,,,,,,,,,,,,,None,None,,,,,,,,,,,,,,,,,,,,,,,,,,,,,,,,,,,,
5,EUW1_5972661605,TFT7_Augment_BestFriends3,TFT7_Augment_BestFriends1,TFT7_Augment_BruiserTitanicStrength,,,1.0,1.0,,,1.0,0.0,0.0,,1.0,,,1.0,0.0,1.0,,,,,0.0,1.0,,,,1.0,0.0,2.0,,,,,,,,,,,,,,,,,,,,,1.0,,,,,,,,,,,,,,,,,,,,,,,,,,,,1.0,InfinityEdge,UnstableConcoction,Bloodthirster,,,,,,,,,,,,,,,,,2.0,,,,,,,,,,,,,,,,,,,,,,,,,,,,,,,,2.0,StatikkShiv,,,,,,,,,,,,,,,,,,,,,,,,,,,,,,,,,,,,,,,,,,,,,,,,,,,,,,,,,,,,,,,,,,,,,,,,,,,2.0,GargoyleStoneplate,RabadonsDeathcap,,,,,,,,,,,,,,,,,,4.0,TrainerSnax,None,None,,,,,,,,,,,,,,,,,,,,,,,,,1.0,Bloodthirster,RedBuff,,,,,,1.0,ThiefsGloves,TitansResolve,ArchangelsStaff
4,EUW1_5972661605,TFT6_Augment_ForceOfNature,TFT6_Augment_LudensEcho1,TFT7_Augment_BestFriends2,1.0,,,1.0,1.0,,,0.0,1.0,,1.0,,,,,0.0,0.0,2.0,,,,,,,1.0,1.0,0.0,,,,,,,,,,,,,,,,,,,,,,,,,,,,,,2.0,Quicksilver,GuinsoosRageblade,MadredsBloodrazor,,,,,,,,,,,,,,,,,,,,,,,,,,,,,,,,,,,,,,,,,,,,,,,,,,,,,,,,,2.0,,,,,,,,,,,,1.0,,,,,,,,,,,,,,,,,,,,,,,,,,,,,,,,2.0,FrozenHeart,,,,,,,,,,,,,,,,,,,2.0,Redemption,,,,,,,,,,,2.0,Morellonomicon,,,,,,,,,,,,,,,2.0,,,,2.0,FrozenHeart,Deathblade,InfinityEdge,,,,,,,,,1.0,TrainerSnax,None,None,2.0,,,,,,,,,,,,,,,,,,,,,,,,,,,,,,,,,,,
1,EUW1_5972661605,TFT6_Augment_Meditation3,TFT6_Augment_Diversify1,TFT7_Augment_MikaelsGift,,0.0,1.0,1.0,,,,,0.0,,2.0,0.0,,2.0,,2.0,,,,,0.0,1.0,1.0,,,1.0,,0.0,,,,,,,,,,,,,,,,,,,,,2.0,,,,,,,,,,,,,,,,,,,,,,,,,,,,,,,,,,,,,,,,,,,,,,,,2.0,,,,2.0,Morellonomicon,LocketOfTheIronSolari,LocketOfTheIronSolari,,,,,,,,,,,,,,,,,,,,,,,,,2.0,,,,2.0,,,,,,,,,,,,,,,,,,,,,,,,,,,,,,,,3.0,Quicksilver,SeraphsEmbrace,HextechGunblade,,,,,,,,,,,,,,,,,,,,,,,,,,,,,2.0,Chalice,ZekesHerald,Chalice,,,,,2.0,TitansResolve,GargoyleStoneplate,IonicSpark,,,,,,,,,,,,,,,,,3.0,TrainerSnax,None,None,,,,,,,,,,,,,,,,,,,,,,,,,,,,,,,,,2.0,,,
2,EUW1_5972661605,TFT6_Augment_RadiantRelics,TFT6_Augment_SecondWind1,TFT7_Augment_PandorasBench,1.0,,,2.0,,,1.0,,,,,0.0,0.0,0.0,,,,,,1.0,,,,,1.0,,,3.0,,,,,,,,,,,,,,,,,,,,,,,,,,,,,,,,,,,,,,,,,,,,,,,,,2.0,UnstableConcoction,AssassinEmblemItem,IonicSpark,3.0,GuardianAngelRadiant,UnstableConcoction,GuinsoosRageblade,,,,,,,,,,,,,,,,,,,,,,,,,,,,,,,,,,,,,,,,,,,,,,,,,,,,,2.0,Morellonomicon,Zephyr,,,,,,,,,,,,,,2.0,Morellonomicon,,,1.0,IonicSpark,RedBuff,BruiserEmblemItem,1.0,,,,,,,,,,,,,,,,,,,,,,,,,,,,,,,,,,,,,,,,,,,,2.0,,,,,,,,,,,,,,,,,,,,,,None,None,,,,,,,,,,,,,,,,,,,,,,,,,,,,,,,,,,,,
3,EUW1_5972661605,TFT6_Augment_BandOfThieves2,TFT6_Augment_Diversify1,TFT6_Augment_PortableForge,1.0,,,1.0,,1.0,,,,,3.0,,0.0,,,,1.0,,,,,,,1.0,1.0,,0.0,,,,,,,,,,,,,,,,,,,,,,,,,,,,,,,,,,,,,,,,,,,,,,,,,,,,,,,,,,,,,,,,,,2.0,SeraphsEmbrace,TitansResolve,,,,,,,,,,,,,,,,,,,,,,,,,,,,,,,,,,,,,,,,,,,,,,,,,,,,,,,,,,2.0,Redemption,SeraphsEmbrace,RedBuff,,,,,2.0,ThiefsGloves,InfinityEdge,MadredsBloodrazor,,,,,2.0,,,,,,,,,,,,2.0,ThiefsGloves,ZekesHerald,Quicksilver,,,,,,,,,,,,,,,,,,,,,,,,,,,,,2.0,InfinityEdge,TitansResolve,GuardianAngel,,,,,,,,,,,None,None,,,,,2.0,MadredsBloodrazor,,,,,,,,,,,,,,,2.0,GuinsoosRageblade,Quicksilver,OrnnInfinityForce,,,,,,,,,,,,
7,EUW1_5972661605,TFT6_Augment_ItemGrabBag2,TFT6_Augment_PandorasItems,TFT6_Augment_SunfireBoard,0.0,,,1.0,,,1.0,,,1.0,,0.0,,0.0,,,,,,1.0,,,,,0.0,,,3.0,,,,,,,,,,,,,,,,,,,,,,,,,,,,,,,,,,,,,,,,,,,,,,,,,1.0,Bloodthirster,TitansResolve,Deathblade,2.0,GuinsoosRageblade,UnstableConcoction,Quicksilver,,,,,1.0,,,,,,,,,,,,,,,,,,,,,,,,,,,,,,,,,,,,,,,,,,,,,,,,,,,,,,,,,,,,,,,,,,,,,,,,1.0,,,,,,,,,,,,,,,,,,,,,,,,,,,,,,,,,,,,,,,,,,,,2.0,Zephyr,DragonsClaw,Shroud,,,,,,,,,2.0,PowerGauntlet,,,2.0,,,,,,None,None,,,,,,,,,,,,,,,,,,,,,,,,,,,,,,,,,,,,
8,EUW1_5972661605,TFT7_Augment_ShimmerscaleTrait2,TFT7_Augment_BestFriends1,TFT6_Augment_PortableForge,0.0,,,,,0.0,1.0,,,1.0,1.0,0.0,,,,,1.0,,,,2.0,,1.0,1.0,,,,0.0,,,,,,,,,,,,,,,,,,,,,,,,,,,,,,,,,,,,,,,,,1.0,ShimmerscaleMogulsMail,TitansResolve,OrnnRocketPropelledFist,,,,,,,,,,,,,,,,,,,,,2.0,TitanicHydra,,,,,,,,,,,,,,,,,,,2.0,FrozenHeart,RapidFireCannon,,,,,,,,,,,,,,,,,,,,,,,,,,,,,,,,,,,,,,,,,,,,,,,,,,,,,,,,,,,,,,,,,,,,,,,,,,,,,,,,,,2.0,,,,,,,,,,,,,,,,,,,,,,,,2.0,,,,,,None,None,,,,,1.0,,,,,,,,,,,,,,,,2.0,MadredsBloodrazor,ShimmerscaleGamblersBlade,,,,,,,,,,,,,
6,EUW1_5972661605,TFT7_Augment_MageEmblem2,TFT7_Augment_BruiserTrait,TFT6_Augment_Distancing2,,0.0,,1.0,,,1.0,,1.0,,1.0,0.0,0.0,2.0,,1.0,,,,,,,,,2.0,0.0,,0.0,,,,,1.0,,,,1.0,RabadonsDeathcap,MageEmblemItem,StatikkShiv,,,,,,,,,,,,,,,,,,,,,,,,,,,,,,,,,,,,,,,,,,,,,,,,,,,,,,,,,,,,,,,,,,,,,,,,,,,,,,,,,,,,,,,,,2.0,,,,2.0,,,,,,,,,,,,,,,,,,,,,,,,,,,,,,,,2.0,Chalice,SpearOfShojin,TempestEmblemItem,,,,,,,,,,,,,,,,,,,,,,,,,,,,,,,,,,,,,2.0,TitanicHydra,TitanicHydra,DragonsClaw,,,,,,,,,,,,,,,,,,,None,None,,,,,,,,,,,,,2.0,ThiefsGloves,UnstableConcoction,SpearOfShojin,,,,,,,,,,,,,,,,,,,,
2,EUW1_5972632329,TFT6_Augment_CelestialBlessing3,TFT6_Augment_ItemGrabBag2,TFT6_Augment_Distancing2,,,1.0,1.0,,,1.0,0.0,0.0,,1.0,,0.0,1.0,1.0,1.0,,,,,0.0,1.0,,,2.0,1.0,0.0,0.0,,,,,,,,,2.0,HextechGunblade,ArchangelsStaff,SpearOfShojin,,,,,,,,,1.0,,,,,,,,,,,,,,,,,,,,,,,,,,,,,,,,,,,,,,,,,,,,,,,,2.0,,,,,,,,,,,,,,,,,,,,,,,,,,,,,,,,2.0,,,,,,,,,,,,,,,,,,,,,,,,2.0,FrozenHeart,MirageEmblemItem,GargoyleStoneplate,,,,,,,,,,,,,,,,,,,,,,,,,,,,,,,,,,,,,,,,,,,,,,,,,2.0,WarmogsArmor,GargoyleStoneplate,Quicksilver,,,,,,,,,,,,,,,,,4.0,TrainerSnax,None,None,,,,,,,,,,,,,,,,,,,,,,,,,2.0,FrozenHeart,,,,,,,1.0,JeweledGauntlet,StatikkShiv,Chalice
3,EUW1_5972632329,TFT6_Augment_ForceOfNature,TFT6_Augment_HighEndShopping,TFT6_Augment_CyberneticImplants2,2.0,,,1.0,,,1.0,0.0,,0.0,1.0,0.0,0.0,,0.0,,,,0.0,,,,1.0,,0.0,,0.0,2.0,,,,,,,,,,,,,,,,,,,,,,,,,,,,,,,,,1.0,,,,,,,,,,,,,,,,2.0,InfinityEdge,AssassinEmblemItem,UnstableConcoction,,,,,,,,,,,,,,,,,,,,,,,,,,,,,,,,,,,,,,,,,,,,,,,,,,,,,,,,,,,,,,,,,,,,,,,,,2.0,,,,2.0,RedBuff,LastWhisper,ZekesHerald,,,,,,,,,,,,,,,,,,,,,,,,,,,,,,,,,,,,,2.0,,,,,,,,,,,,,,,,2.0,TitansResolve,InfinityEdge,,,,,,1.0,,,,,,None,None,,,,,,,,,,,,,,,,,,,,,,,,,2.0,LocketOfTheIronSolari,LocketOfTheIronSolari,,,,,,,,,
1,EUW1_5972632329,TFT6_Augment_CyberneticUplink3,TFT7_Augment_BestFriends3,TFT6_Augment_CyberneticImplants2,,,1.0,1.0,,,1.0,,1.0,,1.0,,0.0,1.0,,1.0,,0.0,,,0.0,1.0,,,2.0,1.0,,0.0,,,,,,,,,2.0,ArchangelsStaff,SpearOfShojin,ArchangelsStaff,,,,,,,,,1.0,IonicSpark,,,,,,,,,,,,,,,,,,,,,,,,,,,,,,,,,,,,,,,,,,,,,,,2.0,Shroud,,,,,,,,,,,,,,,,,,,,,,,,,,,,,,,2.0,FrozenHeart,,,,,,,,,,,,,,,,,,,,,,,2.0,TitanicHydra,,,,,,,,,,,,,,,,,,,,,,,,,,,,,,,,,,,,,,,2.0,SpearOfShojin,Morellonomicon,GuardianAngel,,,,,,,,,1.0,TitanicHydra,,,,,,,,,,,,,,,,,,,4.0,TrainerSnax,None,None,,,,,,,,,,,,,,,,,,,,,,,,,,,,,,,,,2.0,ThiefsGloves,,
5,EUW1_5972632329,TFT6_Augment_Electrocharge3,TFT7_Augment_ShapeshifterTrait2,TFT6_Augment_ThrillOfTheHunt2,,,,1.0,,,1.0,,0.0,1.0,,1.0,0.0,0.0,,,,,,2.0,,,,,,,,3.0,,,,,1.0,,,,,,,,,,,,,,,,,,,,,,,,,,,,,,,,,,,,,,,,,,,,2.0,RedBuff,WarmogsArmor,BrambleVest,3.0,GuinsoosRageblade,UnstableConcoction,MadredsBloodrazor,,,,,2.0,Zephyr,,,,,,,,,,,,,,,,,,,,,,,,,,,,,,,,,,,,,,,,,,,,,,,2.0,ArchangelsStaff,GuardianEmblemItem,,,,,,,,,,,,,,,,,,,,,,,,,,,,,,,,,,,,,,,,,,,,,,,,,,,,,,,,,,,,,,,,,,2.0,Shroud,Zephyr,,,,,,,,,,,,,,2.0,,,,,,None,None,,,,,,,,,,,,,,,,,,,,,,,,,,,,,,,,,,,,
7,EUW1_5972632329,TFT6_Augment_Traitless3,TFT6_Augment_ForceOfNature,TFT7_Augment_BestFriends2,,,,0.0,0.0,0.0,,,,0.0,,0.0,0.0,,,,0.0,0.0,0.0,0.0,,,,0.0,0.0,,,,,,,,,,,,,,,,,,,,,,,,,,,,2.0,DragonsClaw,WarmogsArmor,,1.0,BFSword,,,,,,,,,,,,,,,,,,,,,,,,,,,,,,,,,,,1.0,,,,,,,,,,,,,,,,,,,,,,,,,,,,,,,,,,,,,,,,,,,,1.0,,,,,,,,,,,,,,,,1.0,,,,,,,,,,,,,,,,,,,,,,,,,,,,,,,,,,,,,,,,,,,,,,,,,,,,,,,,,,,,,,,,,,,,,,,,,,None,None,,,,,,,,,,,,,,,,,,,,,2.0,GuinsoosRageblade,MadredsBloodrazor,,,,,,,,,,,,,
8,EUW1_5972632329,TFT6_Augment_CyberneticImplants3,TFT7_Augment_BestFriends3,TFT6_Augment_JeweledLotus,,,,1.0,,,,1.0,,,,0.0,0.0,,,,1.0,,,1.0,,,,,1.0,,0.0,0.0,,,,,,,,,,,,,,,,,,,,,,,,,,,,,,,,,,,,,,,,,,,,,,,,,,,,,2.0,BFSword,,,,,,,,,,,,,,,,,,,,,,,,,,,,,,,,,,,2.0,,,,,,,,,,,,,,,,,,,,2.0,GargoyleStoneplate,,,,,,,,,,,,,,,2.0,ChainVest,,,,,,,,,,,,,,,,,,,,,,,1.0,,,,2.0,,,,,,,,,,,,,,,,,,,,2.0,GuinsoosRageblade,BFSword,,,,,,,,,,,,,,,,,,,,,,,,None,None,,,,,,,,,,,,,,,,,,,,,,,,,,,,,,,,,,,,
6,EUW1_5972632329,TFT7_Augment_TomeOfTraits2,TFT6_Augment_ItemGrabBag2,TFT7_Augment_CannoneerHotShot,,,,,2.0,,1.0,0.0,1.0,1.0,,,,,0.0,1.0,,1.0,,,1.0,,,,,1.0,0.0,,,,,,,,,,,,,,,,,,,,,,,,,,,,,,1.0,Deathblade,MadredsBloodrazor,GuinsoosRageblade,,,,,,,,,2.0,DragonsClaw,RedBuff,WarmogsArmor,,,,,,,,,,,,,,,,,,,,,,,,,,,,,,,,,,,,,,,,,,,,,,,,,,,,,,,,,2.0,CannoneerEmblemItem,GuardianEmblemItem,,,,,,,,,,,,,,,,,,,,,,,,,,,,,,,,,,,,,,,,,,,,,,,,,,,,,,,,,,,,,,2.0,,,,,,,,,,,,,,,,,,,,,,,,,,,,,,,,3.0,TrainerSnax,None,None,2.0,ShimmerscaleDravensAxe,RunaansHurricane,,,,,,,,,,,,,,,,,,,,,,1.0,MysticEmblemItem,SeraphsEmbrace,,,,,,,,,
4,EUW1_5972632329,TFT7_Augment_ShapeshifterTrait2,TFT7_Augment_BestFriends3,TFT6_Augment_ComponentGrabBag,,0.0,,,,,1.0,0.0,,0.0,,1.0,,,,,1.0,,,3.0,,,1.0,,,,,1.0,,,,,,,,,,,,,,,,,,,,,,,,,,,,,,,,,,,,,,,,,,,,,,,,,,,,,1.0,MadredsBloodrazor,UnstableConcoction,RabadonsDeathcap,,,,,2.0,,,,,,,,,,,,,,,,,,,,,,,,,,,,,,,,,,,,,,,,,,,,,,,,2.0,WarmogsArmor,RedBuff,DragonmancerEmblemItem,3.0,Quicksilver,MadredsBloodrazor,Deathblade,,,,,,,,,,,,,,,,,,,,,,,,,,,,,,,,,,,,,,,,,1.0,IonicSpark,TitansResolve,HextechGunblade,,,,,,,,,1.0,ThiefsGloves,BFSword,LastWhisper,,,,,,,,,,,,,,,,,,,,,1.0,,,,,,None,None,,,,,,,,,,,,,,,,,,,,,,,,,,,,,,,,,,,,
2,EUW1_5971757528,TFT7_Augment_BestFriends1,TFT6_Augment_SunfireBoard,TFT6_Augment_WindfallPlusPlus,1.0,1.0,,1.0,,,,0.0,,,2.0,0.0,0.0,0.0,0.0,0.0,,,,,,,1.0,1.0,1.0,,0.0,,,,,,,,,,,,,,,,,,,,,,,,,,,,,,,,,,,,,,,,,,,,,,,,,,,,,,,,,,,,,,,,,,,,,,,,,,3.0,WarmogsArmor,TitansResolve,WarmogsArmor,,,,,,,,,,,,,,,,,,,,,,,,,,,,,3.0,SpearOfShojin,,,,,,,,,,,,,,,,,,,2.0,,,,,,,,1.0,,,,,,,,,,,,,,,,,,,,,,,,,,,,,,,,,,,,2.0,,,,,,,,,,,,,,,,2.0,Deathblade,FrozenHeart,SparringGloves,,,,,,,,,,,None,None,,,,,2.0,,,,3.0,RunaansHurricane,UnstableConcoction,GuinsoosRageblade,,,,,,,,,,,,,2.0,Bloodthirster,,,,,,,,,,
3,EUW1_5971757528,TFT6_Augment_ThrillOfTheHunt1,TFT7_Augment_BestFriends2,TFT6_Augment_TheGoldenEgg,0.0,,,1.0,,,1.0,1.0,0.0,,,0.0,1.0,,0.0,,0.0,,,,0.0,,,,3.0,,1.0,,,,,,2.0,Zephyr,,,2.0,,,,,,,,,,,,,,,,,,,,,,,,,,,,,,,,,,,,,,,,,,,,,,,,,,,,,,,,,,,,,,,,,,,,,,,,,,,,,,,,2.0,ZekesHerald,DragonsClaw,WarmogsArmor,,,,,,,,,,,,,,,,,,,,,,,,,,,,,,,,,2.0,Redemption,RedBuff,,,,,,2.0,,,,,,,,,,,,,,,,,,,,2.0,GiantsBelt,,,,,,,,,,,,,,,,,,,,,,,,,,,,,,,,,,,,,,,,,,,,,None,None,,,,,,,,,,,,,,,,,3.0,GuinsoosRageblade,Quicksilver,ArchangelsStaff,,,,,2.0,,,,,,,,,,,
8,EUW1_5971757528,TFT6_Augment_ThrillOfTheHunt1,TFT6_Augment_BlueBattery2,TFT6_Augment_ForceOfNature,,0.0,,1.0,,,1.0,,0.0,,1.0,,,2.0,,1.0,,,,,0.0,1.0,,,,1.0,,2.0,,,,,,,,,,,,,,,,,,,,,,,,,,,,,,,,,,,,,,,,,,,,,,,,,2.0,Quicksilver,WarmogsArmor,,,,,,,,,,,,,,,,,,2.0,,,,,,,,,,,,,,,,,,,,,,,,,,,,,,,,2.0,,,,3.0,SpearOfShojin,HextechGunblade,,,,,,,,,,,,,,,,,,,,,,,,,,,,,,2.0,,,,,,,,,,,,,,,,,,,,,,,,,,,,,,,,,,,,,,,,2.0,IonicSpark,ChainVest,,,,,,,,,,,,,,,,,,2.0,TrainerSnax,None,None,,,,,,,,,,,,,,,,,,,,,,,,,,,,,,,,,1.0,,,
6,EUW1_5971757528,TFT7_Augment_BestFriends1,TFT7_Augment_RevelPartyFavors,TFT7_Augment_ThinkFast,,,,,3.0,,,,1.0,1.0,,,,,,0.0,,2.0,0.0,,,,,,,1.0,,0.0,,,,,,,,,,,,,,,,,,,,,,,,,3.0,BrambleVest,WarmogsArmor,RedBuff,1.0,,,,,,,,,,,,,,,,,,,,,,,,,,,,,,,,,,,,,,,,,,,,,,,,3.0,RabadonsDeathcap,RunaansHurricane,Quicksilver,,,,,,,,,,,,,,,,,,,,,2.0,FrozenHeart,TearOfTheGoddess,,,,,,,,,,,,,,,,,,,,,,,,,,,,,,,,,,,,,,,,,,,,,,,,,,,,,,,,,,,,,,1.0,,,,,,,,,,,,,,,,,,,,,,,,,,,,3.0,CannoneerEmblemItem,,,4.0,TrainerSnax,None,None,3.0,GuinsoosRageblade,Deathblade,RunaansHurricane,,,,,,,,,,,,,,,,,,,,,,,,,,,,,,,,
1,EUW1_5971757528,TFT6_Augment_CyberneticShell1,TFT6_Augment_CyberneticShell2,TFT6_Augment_RadiantRelics,,1.0,,1.0,,,,,0.0,,1.0,,,2.0,,1.0,,,,,0.0,1.0,,,,1.0,,0.0,,,,,,,,,,,,,,,,,,,,,,,,,,,,,,,,,,,,,,,,,,,,,,,,,,,,,,,,,,,,,,,,,,,,,2.0,Bloodthirster,,,2.0,ThiefsGloves,GiantsBelt,Zephyr,,,,,,,,,,,,,,,,,,,,,,,,,2.0,StatikkShivRadiant,Chalice,,3.0,JeweledGauntlet,,,,,,,,,,,,,,,,,,,,,,,,,,,,,,,3.0,Quicksilver,SpearOfShojin,ArchangelsStaff,,,,,,,,,,,,,,,,,,,,,,,,,,,,,,,,,,,,,3.0,BrambleVest,FrozenHeart,,,,,,,,,,,,,,,,,,3.0,TrainerSnax,None,None,,,,,,,,,,,,,3.0,ThiefsGloves,ZekesHerald,RapidFireCannon,,,,,,,,,,,,,,,,,1.0,GiantsBelt,,
7,EUW1_5971757528,TFT6_Augment_TinyTitans,TFT7_Augment_GadgetExpert,TFT7_Augment_DragonmancerEmblem2,,,,1.0,,0.0,,2.0,0.0,,,1.0,1.0,,,,0.0,,0.0,0.0,0.0,,,0.0,1.0,,0.0,,,,,,2.0,DragonmancerEmblemItem,ArchangelsStaff,Quicksilver,,,,,2.0,,,,,,,,,,,,,,,,,,,,,,,,,,,,,,,,,,,,,,,,,,,,,,,,,,,,2.0,ThiefsGloves,Shroud,JeweledGauntlet,,,,,,,,,,,,,2.0,,,,,,,,2.0,ThiefsGloves,Morellonomicon,IonicSpark,,,,,,,,,,,,,,,,,,,,,,,,,,,,,1.0,Quicksilver,,,1.0,RedBuff,FrozenHeart,GuardianAngel,,,,,,,,,,,,,,,,,,,,,,,,,,,,,,,,,,,,,,,,,,,,,2.0,,,,,,,,,,,,,,,,,,,,,,,,,,None,None,,,,,,,,,,,,,,,,,2.0,StatikkShiv,UnstableConcoction,GuinsoosRageblade,,,,,,,,,,,,,,,,
4,EUW1_5971757528,TFT6_Augment_CyberneticImplants1,TFT7_Augment_BestFriends2,TFT7_Augment_ThinkFast,1.0,,1.0,1.0,,0.0,,,,0.0,1.0,,0.0,0.0,,0.0,0.0,,2.0,,,,,,1.0,,1.0,,,,,,,,,,,,,,,,,,,,,,1.0,,,,2.0,,,,,,,,2.0,FrozenHeart,UnstableConcoction,,,,,,,,,,,,,,,,,,,,,,,,,,,,,,,,,,,,,,,,,,,,,,,,,,,,,,,,,,,,,,2.0,Quicksilver,,,,,,,,,,,,,,,,,,,,,,,3.0,RapidFireCannon,RunaansHurricane,InfinityEdge,2.0,RedBuff,,,,,,,2.0,NeedlesslyLargeRod,,,,,,,,,,,,,,,,,,,2.0,LocketOfTheIronSolari,,,,,,,,,,,,,,,,,,,,,,,,,,,,,,,,,,,,,,,,,,,,,None,None,,,,,,,,,,,,,,,,,,,,,,,,,,,,,,,,,,,,
5,EUW1_5971757528,TFT6_Augment_CyberneticImplants1,TFT7_Augment_BruiserTitanicStrength,TFT7_Augment_UrfsGrabBag2,2.0,,,2.0,,,1.0,,,,1.0,,0.0,0.0,,,0.0,,,,,,,,1.0,,0.0,2.0,,,,,,,,,,,,,,,,,,,,,,,,,,,,,,,,,,,,,,,,,,,,,,,,,1.0,AssassinEmblemItem,MadredsBloodrazor,UnstableConcoction,,,,,,,,,,,,,,,,,,,,,,,,,,,,,,,,,,,,,,,,,,,,,,,,,,,,,,,,,,,,,,,,,,,,,,,,,2.0,Morellonomicon,,,1.0,IonicSpark,Morellonomicon,,2.0,ThiefsGloves,Quicksilver,Deathblade,,,,,,,,,,,,,,,,,2.0,ZekesHerald,LocketOfTheIronSolari,,,,,,,,,,,,,,,,,,,,,,1.0,,,,,,,,2.0,Bloodthirster,InfinityEdge,,,,,,,,,,,,None,None,,,,,,,,,,,,,,,,,,,,,,,,,,,,,,,,,,,,
1,EUW1_5971938170,TFT6_Augment_Twins2,TFT7_Augment_GadgetExpert,TFT6_Augment_CyberneticUplink2,,1.0,1.0,1.0,,,,0.0,,,1.0,0.0,0.0,0.0,0.0,1.0,,,,,,,1.0,1.0,1.0,,0.0,,,,,,,,,,,,,,,,,,,,,,1.0,,,,,,,,,,,,,,,,,,,,,,,,,,,,,,,,,,,,2.0,StatikkShiv,,,,,,,,,,,,,,,3.0,RedBuff,DragonsClaw,Shroud,,,,,,,,,,,,,,,,,,,,,,,,,,,,,2.0,Spatula,,,,,,,,,,,,,,,,,,,2.0,HextechGunblade,,,,,,,,,,,,,,,,,,,,,,,,,,,,,,,,,,,,,,,,,,,1.0,,,,,,,,,,,,,,,,,,,,,,,,,,,,,,None,None,,,,,,,,,2.0,Deathblade,StatikkShiv,RunaansHurricane,,,,,,,,,,,,,2.0,GuardianAngel,UnstableConcoction,,,,,,,,,
7,EUW1_5971938170,TFT6_Augment_Twins2,TFT6_Augment_PortableForge,TFT7_Augment_FirstAidKit2,,0.0,,,,,1.0,0.0,,,,0.0,,,,,1.0,,,3.0,,,,,,,,0.0,,,,,,,,,,,,,,,,,,,,,,,,,,,,,,,,,,,,,,,,,,,,,,,,,,,,,1.0,,,,,,,,1.0,,,,,,,,,,,,,,,,,,,,,,,,,,,,,,,,,,,,,,,,,,,,,,,,1.0,OrnnAnimaVisage,WarmogsArmor,RedBuff,3.0,Deathblade,GuinsoosRageblade,RunaansHurricane,,,,,,,,,,,,,,,,,,,,,,,,,,,,,,,,,,,,,,,,,1.0,,,,,,,,,,,,,,,,2.0,,,,,,,,,,,,,,,,,,,,,,,,,,None,None,,,,,,,,,,,,,,,,,,,,,,,,,,,,,,,,,,,,
5,EUW1_5971938170,TFT6_Augment_RichGetRicher,TFT6_Augment_PortableForge,TFT6_Augment_Diversify2,1.0,,1.0,0.0,1.0,,,,1.0,,2.0,,0.0,,,1.0,,1.0,,,,,,,1.0,1.0,,,,,,,,,,,,,,,,,,,,,,,1.0,,,,,,,,2.0,MadredsBloodrazor,UnstableConcoction,RapidFireCannon,,,,,,,,,,,,,,,,,,,,,,,,,,,,,,,,,,,,,,,,,,,,,,,,,,,,,,,,,,,,,,,,,,,,,2.0,,,,,,,,,,,,,,,,,,,,,,,,2.0,RedBuff,OrnnEternalWinter,DragonsClaw,,,,,2.0,FrozenHeart,NegatronCloak,,,,,,,,,,,,,,,,,,,,,,,,,,,,,,1.0,,,,,,,,,,,,,,,,,,,,1.0,,,,,,,,,,,,2.0,TrainerSnax,None,None,1.0,ZekesHerald,,,,,,,,,,,,,,,,,,,,,,,,,,,,,,,,,,
2,EUW1_5971938170,TFT7_Augment_EvokerEmblem,TFT7_Augment_GadgetExpert,TFT6_Augment_ComponentGrabBag,,,1.0,1.0,,,1.0,,1.0,,1.0,,0.0,1.0,,1.0,,,,,0.0,1.0,,,2.0,1.0,,0.0,,,,,,,,,2.0,ArchangelsStaff,EvokerEmblemItem,ArchangelsStaff,,,,,,,,,1.0,Shroud,,,,,,,,,,,,,,,,,,,,,,,,,,,,,,,,,,,,,,,,,,,,,,,2.0,Zephyr,,,,,,,,,,,,,,,,,,,,,,,,,,,,,,,2.0,ThiefsGloves,SpearOfShojin,GuardianAngel,,,,,,,,,,,,,,,,,,,,,1.0,Morellonomicon,,,,,,,,,,,,,,,,,,,,,,,,,,,,,,,,,,,,,,,,,,,,,,,,,,,2.0,RedBuff,FrozenHeart,Quicksilver,,,,,,,,,,,,,,,,,4.0,TrainerSnax,None,None,,,,,,,,,,,,,,,,,,,,,,,,,,,,,,,,,1.0,SpearOfShojin,StatikkShiv,SeraphsEmbrace
6,EUW1_5971938170,TFT7_Augment_JadeTrait,TFT7_Augment_DragonAlliance,TFT7_Augment_FirstAidKit2,0.0,,,0.0,,,2.0,,,1.0,,0.0,,,2.0,,,,,,1.0,,,,,,,2.0,,,,,,,,,,,,,,,,,,,,,,,,,,,,,,,,,,,,,2.0,Quicksilver,ArchangelsStaff,,2.0,RedBuff,,,,,,,2.0,TitansResolve,UnstableConcoction,ShimmerscaleDiamondHands,,,,,,,,,,,,,,,,,,,,,,,,,,,,,,,,,,,,,,,,,1.0,,,,,,,,,,,,,,,,,,,,,,,,,,,,,,,,,,,,1.0,ZekesHerald,PowerGauntlet,,,,,,,,,,,,,,,,,,,,,,,,,,,,,,,,,,,,,,,,,,,,,,,,,,,,,,,,,,,,,,,,,,,,None,None,,,,,,,,,,,,,,,,,,,,,,,,,,,,,,,,,,,,
3,EUW1_5971938170,TFT7_Augment_GuardianEmblem,TFT7_Augment_CannoneerHotShot,TFT7_Augment_BestFriends2,,,,,2.0,,,,0.0,2.0,,,,0.0,,0.0,0.0,0.0,0.0,,,,,,,2.0,,0.0,,,,,,,,,,,,,,,,,,,,,,,,,3.0,RedBuff,GargoyleStoneplate,WarmogsArmor,,,,,,,,,,,,,,,,,,,,,,,,,,,,,,,,,,,,,,,,,2.0,,,,,,,,3.0,GuardianEmblemItem,HextechGunblade,,,,,,,,,,,,,,,,,,,,,,2.0,GuardianEmblemItem,SpearOfShojin,NeedlesslyLargeRod,,,,,,,,,,,,,,,,,,,,,,,,,,,,,,,,,,,,,,,,,2.0,,,,,,,,,,,,,,,,,,,,,,,,,,,,,,,,,,,,,,,,,,,,,,,,1.0,,,,4.0,TrainerSnax,None,None,3.0,GuinsoosRageblade,LastWhisper,MadredsBloodrazor,,,,,,,,,,,,,,,,,,,,,,,,,,,,,,,,
4,EUW1_5971938170,TFT7_Augment_GadgetExpert,TFT6_Augment_CelestialBlessing2,TFT6_Augment_Ascension,,,,0.0,,,,2.0,,,,1.0,0.0,,,,1.0,,,1.0,0.0,,,0.0,0.0,,0.0,,,,,,,,,,,,,,2.0,,,,,,,,,,,,,,,,,,,,,,,,,,,,,,,,,,,,,,,,,,,,,,,,,,,,,,,,,,,,,,,,,,,,2.0,,,,,,,,3.0,Chalice,WarmogsArmor,,,,,,,,,,,,,,,,,,2.0,RedBuff,Quicksilver,GargoyleStoneplate,,,,,,,,,,,,,,,,,,,,,,,,,,,,,,,,,,,,,2.0,,,,2.0,Redemption,,,,,,,,,,,,,,,,,,,2.0,GuinsoosRageblade,StatikkShiv,HextechGunblade,,,,,,,,,,,,,,,,,,,,,,,None,None,,,,,,,,,,,,,,,,,1.0,,,,,,,,,,,,,,,,,,,
8,EUW1_5971938170,TFT6_Augment_ThreesCompany,TFT6_Augment_Ascension,TFT6_Augment_ThrillOfTheHunt2,,0.0,,1.0,,,1.0,0.0,,,,0.0,,,,,0.0,,,2.0,,,,,,,,2.0,,,,,,,,,,,,,,,,,,,,,,,,,,,,,,,,,,,,,,,,,,,,,,,,,1.0,,,,1.0,,,,,,,,2.0,,,,,,,,,,,,2.0,Redemption,GargoyleStoneplate,,,,,,,,,,,,,,,,,,,,,,,,,,,,,,,,,,1.0,,,,3.0,GuinsoosRageblade,Deathblade,,,,,,,,,,,,,,,,,,,,,,,,,,,,,,,,,,,,,,,,,,,,,,,,,,,,,,,,,,2.0,,,,,,,,,,,,,,,,,,,,,,,,,,None,None,,,,,,,,,,,,,,,,,,,,,,,,,,,,,,,,,,,,
3,EUW1_5971826448,TFT6_Augment_CyberneticUplink3,TFT6_Augment_CyberneticShell2,TFT6_Augment_RadiantRelics,,0.0,1.0,1.0,,,,,0.0,,2.0,,,2.0,,2.0,,,,,0.0,1.0,,,,1.0,,0.0,,,,,,,,,,,,,,,,,,,,,1.0,NeedlesslyLargeRod,,,,,,,,,,,,,,,,,,,,,,,,,,,,,,,,,,,,,,,,,,,,,,,2.0,NeedlesslyLargeRod,,,3.0,Zephyr,,,,,,,,,,,,,,,,,,,,,,,,,,,2.0,LocketOfTheIronSolari,,,3.0,StatikkShiv,,,,,,,,,,,,,,,,,,,,,,,,,,,,,,,2.0,SpearOfShojin,GuinsoosRagebladeRadiant,HextechGunblade,,,,,,,,,,,,,,,,,,,,,,,,,,,,,,,,,,,,,3.0,TitansResolve,GargoyleStoneplate,GargoyleStoneplate,,,,,,,,,,,,,,,,,2.0,TrainerSnax,None,None,,,,,,,,,,,,,,,,,,,,,,,,,,,,,,,,,1.0,GiantsBelt,,
8,EUW1_5971826448,TFT7_Augment_TomeOfTraits2,TFT7_Augment_PandorasBench,TFT6_Augment_CyberneticShell3,,,,1.0,1.0,0.0,1.0,,0.0,,,,,,2.0,,0.0,4.0,,,0.0,,,,,,0.0,,,,,,,,,,,,,,,,,,,,,,,,,,,,,,1.0,WarmogsArmor,,,,,,,2.0,RevelEmblemItem,GuinsoosRageblade,GuinsoosRageblade,,,,,,,,,,,,,,,,,,,,,,,,,,,,,,,,,,,,,2.0,TitanicHydra,,,,,,,,,,,,,,,,,,,,,,,,,,,,,,,,,,,,,,,2.0,ZekesHerald,,,,,,,,,,,,,,,,,,,,,,,,,,,,,,,,,,,2.0,ShimmerscaleEmblemItem,,,,,,,,,,,2.0,NegatronCloak,,,,,,,,,,,,,,,2.0,LocketOfTheIronSolari,LocketOfTheIronSolari,,,,,,,,,,,,,,,,None,None,,,,,,,,,,,,,,,,,,,,,,,,,,,,,,,,,,,,
6,EUW1_5971826448,TFT6_Augment_SlowAndSteady,TFT7_Augment_GadgetExpert,TFT6_Augment_ForceOfNature,,,,0.0,,,1.0,2.0,,,,1.0,,,0.0,,2.0,,,1.0,,,,0.0,0.0,,1.0,,,,,,,,,,,,,,2.0,BFSword,,,,,,,,,,,,,,,,,,,,,,,,,,,,,,,,,,,,,,,,,,,,,,,,,,,,,,,,,,,,,,,,,,,2.0,,,,,,,,3.0,RedBuff,,,,,,,,,,,,,,,,,,,2.0,Redemption,GargoyleStoneplate,TitansResolve,,,,,,,,,,,,,,,,,,,,,,,,,,,,,,,,,,,,,1.0,,,,2.0,,,,1.0,GargoyleStoneplate,,,,,,,,,,,,,,,3.0,StatikkShiv,StatikkShiv,GuinsoosRageblade,,,,,,,,,,,,,,,,,,,,,,,None,None,,,,,,,,,,,,,,,,,,,,,,,,,1.0,,,,,,,,,,,
2,EUW1_5971826448,TFT6_Augment_CyberneticUplink3,TFT6_Augment_Diversify2,TFT6_Augment_CyberneticShell3,,,1.0,,1.0,,1.0,0.0,1.0,1.0,1.0,,,,0.0,1.0,,1.0,,,1.0,,,,,1.0,0.0,0.0,,,,,,,,,,,,,,,,,,,,,1.0,BrambleVest,,,,,,,2.0,UnstableConcoction,GuinsoosRageblade,MadredsBloodrazor,,,,,,,,,2.0,RedBuff,TitanicHydra,Redemption,,,,,,,,,,,,,,,,,,,,,,,,,,,,,,,,,,,,,,,,,,,,,,,,,,,,,,,,,2.0,PowerGauntlet,,,,,,,,,,,,,,,,,,,,,,,,,,,,,,,,,,,,,,,,,,,,,,,,,,,,,,,,,,,,,,,2.0,JeweledGauntlet,Morellonomicon,,,,,,,,,,,,,,,,,,,,,,,,,,2.0,Redemption,,,4.0,TrainerSnax,None,None,2.0,ShimmerscaleDravensAxe,,,,,,,,,,,,,,,,,,,,,,,2.0,Spatula,,,,,,,,,,
4,EUW1_5971826448,TFT7_Augment_AssassinEmblem2,TFT6_Augment_SalvageBin,TFT7_Augment_WhispersEmblem2,2.0,,,1.0,,,1.0,,,0.0,1.0,,0.0,0.0,,,,,0.0,,,,,,1.0,,,3.0,,,,,,,,,,,,,,,,,,,,,,,,,,,,,,,,,2.0,ZekesHerald,ZekesHerald,ZekesHerald,,,,,,,,,,,,,2.0,AssassinEmblemItem,InfinityEdge,UnstableConcoction,,,,,,,,,,,,,,,,,,,,,,,,,,,,,,,,,,,,,,,,,,,,,,,,,,,,,,,,,,,,,,,,,,,,,,,,,2.0,,,,,,,,2.0,FrozenHeart,LocketOfTheIronSolari,,,,,,,,,,,,,,,,,,,,,,,,,,,,,,,,,,,,,,,,,,2.0,RedBuff,GargoyleStoneplate,,,,,,2.0,WhispersEmblemItem,RapidFireCannon,InfinityEdge,,,,,1.0,RapidFireCannon,NeedlesslyLargeRod,,,,None,None,,,,,,,,,,,,,,,,,,,,,,,,,,,,,,,,,,,,
7,EUW1_5971826448,TFT7_Augment_LivingForge,TFT7_Augment_AxiomArc2,TFT7_Augment_TomeOfTraits2,,0.0,,1.0,,0.0,,,0.0,,1.0,0.0,,2.0,,3.0,,,0.0,,0.0,1.0,1.0,,,0.0,,0.0,,,,,,,,,,,,,,,,,,,,,,,,,,,,,,,,,,,,,,,,,,,,,,,,,,,,,,,,,,,,,,,,,,,,,,,,,2.0,TitanicHydra,MysticEmblemItem,TitanicHydra,,,,,,,,,,,,,,,,,,,,,2.0,MysticEmblemItem,FrozenHeart,GargoyleStoneplate,2.0,,,,3.0,,,,,,,,,,,,,,,,,,,,,,,,,,,,,,,,2.0,OrnnDeathsDefiance,ArchangelsStaff,OrnnZhonyasParadox,,,,,,,,,,,,,,,,,,,,,,,,,,,,,1.0,,,,,,,,2.0,RedBuff,GargoyleStoneplate,TitansResolve,,,,,,,,,,,,,,,,,,,None,None,,,,,,,,,,,,,,,,,,,,,,,,,,,,,,,,,1.0,Quicksilver,OrnnTheCollector,
5,EUW1_5971826448,TFT7_Augment_RevelEmblem2,TFT7_Augment_UrfsGrabBag1,TFT6_Augment_ItemGrabBag2,,,,1.0,1.0,1.0,1.0,0.0,0.0,,,,0.0,,2.0,,0.0,4.0,,,,,,,0.0,,0.0,,,,,,,,,,,,,,,,,,,,,,,,,,,,,,2.0,PowerGauntlet,,,,,,,2.0,StatikkShiv,RevelEmblemItem,GuinsoosRageblade,,,,,,,,,,,,,,,,,,,,,,,,,2.0,ThiefsGloves,ZekesHerald,RapidFireCannon,,,,,,,,,2.0,,,,,,,,,,,,,,,,,,,,,,,,,,,,,,,,,,,,,,,,2.0,GargoyleStoneplate,DragonsClaw,FrozenHeart,,,,,2.0,BrambleVest,GargoyleStoneplate,,,,,,,,,,,,,,,,,,,,,,,,,,,,,,,,,,,,,,2.0,SeraphsEmbrace,HextechGunblade,RabadonsDeathcap,,,,,,,,,,,,,2.0,,,,,,,,,,,,,,,,,,None,None,,,,,,,,,,,,,,,,,,,,,,,,,1.0,,,,,,,,,,,
1,EUW1_5971826448,TFT7_Augment_LivingForge,TFT7_Augment_DragonmancerEmblem,TFT6_Augment_MaxLevel10,,,1.0,1.0,,,1.0,1.0,,,1.0,1.0,0.0,0.0,0.0,0.0,,,,0.0,,,1.0,0.0,2.0,,0.0,0.0,,,,,,,,,2.0,SpearOfShojin,ArchangelsStaff,JeweledGauntlet,2.0,,,,,,,,2.0,RecurveBow,,,,,,,,,,,,,,,,,,,,,,,,,,,,,,,,,,,,,,,,,,,,,,,,,,,,,,,,,,,,,,,,,,,,,,,,,,,,,,,,,,,,,,,2.0,OrnnEternalWinter,OrnnRocketPropelledFist,RedBuff,,,,,,,,,,,,,2.0,Redemption,IonicSpark,HextechGunblade,,,,,,,,,,,,,,,,,,,,,,,,,,,,,,,,,,,,,,,,,2.0,RapidFireCannon,DragonmancerEmblemItem,,,,,,2.0,,,,,,,,,,,,,,,,,,,,,,None,None,,,,,,,,,,,,,,,,,,,,,,,,,2.0,OrnnInfinityForce,RedBuff,Bloodthirster,,,,,,,,
2,EUW1_5971905338,TFT7_Augment_UrfsGrabBag2,TFT6_Augment_LudensEcho1,TFT6_Augment_JeweledLotus,,,1.0,1.0,,,1.0,,0.0,,2.0,,0.0,2.0,,1.0,,,,,0.0,1.0,,,2.0,1.0,,0.0,,,,,,,,,1.0,MageEmblemItem,MadredsBloodrazor,SpearOfShojin,,,,,,,,,2.0,,,,,,,,,,,,,,,,,,,,,,,,,,,,,,,,,,,,,,,,,,,,,,,,2.0,,,,,,,,,,,,,,,,,,,,,,,,,,,,,,,,2.0,PowerGauntlet,Chalice,,,,,,,,,,,,,,,,,,,,,,2.0,,,,,,,,,,,,2.0,GuardianAngel,SpearOfShojin,ArchangelsStaff,,,,,,,,,,,,,,,,,,,,,,,,,,,,,,,,,,,,,2.0,RedBuff,WarmogsArmor,Shroud,,,,,,,,,,,,,,,,,3.0,TrainerSnax,None,None,,,,,,,,,,,,,,,,,,,,,,,,,,,,,,,,,2.0,InfinityEdge,StatikkShiv,
4,EUW1_5971905338,TFT7_Augment_WhispersEmblem2,TFT6_Augment_Electrocharge1,TFT6_Augment_ThrillOfTheHunt2,1.0,,,2.0,,,1.0,0.0,,,,,0.0,0.0,0.0,,0.0,,,,,,,,1.0,,1.0,3.0,,,,,,,,,,,,,,,,,,,,,,,,,,,,,,,,,,,,,,,,,,,,,,,,,2.0,Bloodthirster,TitansResolve,RapidFireCannon,,,,,,,,,,,,,,,,,,,,,,,,,,,,,,,,,,,,,,,,,,,,,,,,,,,,,,,,,,,,,,,,,,,,,,,,,2.0,,,,1.0,FrozenHeart,RedBuff,GuardianAngel,2.0,RecurveBow,,,,,,,,,,,,,,,,,,,2.0,,,,,,,,,,,,,,,,,,,,,,,,2.0,,,,,,,,,,,,,,,,,,,,,,None,None,,,,,,,,,,,,,,,,,,,,,,,,,1.0,ZekesHerald,PowerGauntlet,WhispersEmblemItem,,,,,,,,
7,EUW1_5971905338,TFT6_Augment_SlowAndSteady,TFT6_Augment_Weakspot,TFT6_Augment_PortableForge,,1.0,1.0,1.0,,,,,,,1.0,0.0,,1.0,,1.0,,,,,0.0,1.0,1.0,1.0,0.0,,,0.0,,,,,,,,,,,,,,,,,,,,,1.0,,,,,,,,,,,,,,,,,,,,,,,,,,,,,,,,,,,,1.0,,,,,,,,,,,,,,,,2.0,GargoyleStoneplate,,,,,,,,,,,,,,,,,,,,,,,,,,,,,,,3.0,,,,,,,,,,,,,,,,,,,,,,,,,,,,,,,,,,,,,,,,,,,,,,,,,,,,,,,,,,,,,,,,1.0,,,,,,,,2.0,OrnnAnimaVisage,RedBuff,GargoyleStoneplate,,,,,,,,,,,,,,,,,,,None,None,,,,,,,,,3.0,GuinsoosRageblade,Deathblade,Quicksilver,,,,,,,,,,,,,,,,,,,,,1.0,SpearOfShojin,,
3,EUW1_5971905338,TFT7_Augment_CavalierEmblem2,TFT6_Augment_SecondWind1,TFT6_Augment_Distancing2,,,1.0,,,1.0,1.0,0.0,0.0,,2.0,0.0,,,3.0,1.0,,,,0.0,,,,,,0.0,1.0,,,,,,,,,,,,,,,,,,,,,,1.0,,,,,,,,,,,,,,,,2.0,GuinsoosRageblade,Quicksilver,ArchangelsStaff,,,,,,,,,,,,,,,,,,,,,,,,,,,,,,,,,,,,,,,,,,,,,,,,,,,,,,,,,,,,,2.0,,,,,,,,2.0,ThiefsGloves,TitansResolve,ArchangelsStaff,,,,,2.0,RedBuff,WarmogsArmor,Redemption,,,,,,,,,,,,,,,,,,,,,,,,,,,,,,,,,,,,,,,,,,,,,,,,,,,,,,,,,,,,,,,,,,,,,,,,,,,,,,,None,None,,,,,,,,,,,,,,,,,,,,,,,,,1.0,CavalierEmblemItem,FrozenHeart,GuildEmblemItem,2.0,TitanicHydra,TitanicHydra,,,,,
5,EUW1_5971905338,TFT7_Augment_CavalierEmblem2,TFT6_Augment_Diversify1,TFT6_Augment_CyberneticUplink2,,,,,,3.0,1.0,0.0,,1.0,1.0,,,,3.0,,0.0,,,,,,,,,,0.0,0.0,,,,,,,,,,,,,,,,,,,,,,,,,,,,,,,,,,,,,2.0,HextechGunblade,JeweledGauntlet,InfinityEdge,,,,,,,,,,,,,,,,,,,,,,,,,2.0,PowerGauntlet,,,,,,,,,,,,,,,,,,,,,,,,,,,2.0,,,,,,,,,,,,,,,,,,,,,,,,2.0,RedBuff,WarmogsArmor,,,,,,,,,,,,,,,,,,,,,,2.0,LocketOfTheIronSolari,,,,,,,,,,,,,,,,,,,,,,,,,,,,,,,,,,,,,,,,,,,,,,,,,,,2.0,CavalierEmblemItem,,,,,None,None,,,,,,,,,,,,,,,,,,,,,,,,,1.0,MadredsBloodrazor,TitansResolve,SeraphsEmbrace,,,,,,,,
1,EUW1_5971905338,TFT7_Augment_CannoneerEmblem2,TFT7_Augment_CannoneerTrait,TFT6_Augment_Diversify2,,,1.0,,4.0,,1.0,,1.0,1.0,1.0,,,,,1.0,,3.0,0.0,,1.0,,,,,1.0,,,,,,,,,,,,,,,,,,,,,,,1.0,,,,1.0,,,,2.0,InfinityEdge,Deathblade,RapidFireCannon,,,,,,,,,2.0,RedBuff,GargoyleStoneplate,IonicSpark,,,,,,,,,,,,,,,,,,,,,,,,,,,,,,,,,2.0,,,,,,,,,,,,,,,,,,,,,,,,2.0,RevelEmblemItem,CannoneerEmblemItem,Chalice,,,,,,,,,,,,,,,,,,,,,,,,,,,,,,,,,,,,,,,,,,,,,,,,,,,,,,,,,,,,,2.0,ShimmerscaleGoldmancersStaff,GuinsoosRageblade,Shroud,,,,,,,,,,,,,,,,,,,,,,,,,,,,,4.0,TrainerSnax,None,None,2.0,RunaansHurricane,LastWhisper,Deathblade,,,,,,,,,,,,,,,,,,,,,,,,,,,,,,,,
8,EUW1_5971905338,TFT7_Augment_ScalescornEmblem2,TFT6_Augment_Electrocharge1,TFT7_Augment_GuildGearUpgrades,1.0,,,,,1.0,,,,,3.0,,,,,,1.0,,1.0,,0.0,,,1.0,,,,,,,,,,,,,,,,,,,,,,,,,,,,,,,,,,,,,2.0,IonicSpark,,,,,,,,,,,,,,,,,,,,,,,,,,,,,,,2.0,WarmogsArmor,GargoyleStoneplate,Morellonomicon,,,,,,,,,,,,,,,,,1.0,,,,,,,,,,,,,,,,,,,,,,,,,,,,,,,,,,,,,,,,,,,,,,,,,,,,,,,,1.0,GiantsBelt,,,,,,,,,,,,,,,,,,,,,,,,,,,,,,,,,,,,,,,,,,,1.0,FrozenHeart,,,,,,,,,,,,,None,None,,,,,2.0,BFSword,,,,,,,,,,,,,,,2.0,MadredsBloodrazor,ScalescornEmblemItem,GuinsoosRageblade,,,,,,,,,,,,
6,EUW1_5971905338,TFT7_Augment_SwiftshotEmblem2,TFT7_Augment_SwiftshotTrait,TFT7_Augment_BestFriends2,0.0,1.0,,2.0,,,,,,,1.0,,0.0,,,,0.0,,,,,,,2.0,1.0,,0.0,,,,,,,,,,,,,,,,,,,,,,,,,,,,,,,,,,,,,,,,,,,,,,,,,,,,,,,,,,,,,,,,,,,,,,,,,,3.0,RedBuff,IonicSpark,Redemption,,,,,,,,,,,,,,,,,,,,,,,,,,,,,,,,,,,,,,,,,,,,,,,,,1.0,,,,,,,,1.0,NeedlesslyLargeRod,,,,,,,,,,,,,,,,,,,2.0,,,,,,,,3.0,SwiftshotEmblemItem,GuinsoosRageblade,,,,,,,,,,,,,,,,,,,,,,,,,,,,,,,,,,,,None,None,,,,,2.0,,,,3.0,GuinsoosRageblade,MadredsBloodrazor,UnstableConcoction,,,,,,,,,,,,,,,,,,,,,,,,
8,EUW1_5971412173,TFT7_Augment_AssassinCutthroat,TFT6_Augment_Twins3,TFT7_Augment_AssassinTrait,2.0,,,1.0,,,,,,,,,0.0,,,,0.0,,1.0,,,,,,1.0,,1.0,0.0,,,,,,,,,,,,,,,,,,,,,,,,,,,,,,,,,2.0,FrozenHeart,InfinityEdge,,,,,,,,,,,,,,,,,,,,,,,,,,,,,,,,,,,,,,,,,,,,,,,,,,,,,,,,,,,,,,,,,,,,,,,,,,,,,,,,,,,,,,2.0,InfinityEdge,MadredsBloodrazor,RunaansHurricane,1.0,,,,1.0,GiantsBelt,SeraphsEmbrace,,2.0,,,,,,,,,,,,,,,,,,,,2.0,,,,,,,,,,,,,,,,,,,,,,,,,,,,,,,,,,,,,,,,,,,,,,None,None,,,,,,,,,,,,,,,,,,,,,,,,,,,,,,,,,,,,
2,EUW1_5971412173,TFT7_Augment_MirageEmblem,TFT7_Augment_ThinkFast,TFT6_Augment_PandorasItems,,,,,,3.0,1.0,0.0,,,1.0,,,0.0,4.0,,0.0,,0.0,,,,,,,,1.0,,,,,,,,,,,,,,,,,,,,,,,,,,,,,,,,,,,,,,2.0,RabadonsDeathcap,JeweledGauntlet,ArchangelsStaff,,,,,,,,,,,,,,,,,,,,,,,,,2.0,MirageEmblemItem,FrozenHeart,,,,,,,,,,,,,,,,,,,,,,,,,,,,,,2.0,MirageEmblemItem,,,,,,,,,,,,,,,,,,,3.0,IonicSpark,RedBuff,Bloodthirster,,,,,,,,,,,,,,,,,,,,,2.0,,,,,,,,,,,,,,,,,,,,,,,,,,,,,,,,,,,,,,,,,,,,,,,,,,,,,,,,,,None,None,,,,,,,,,,,,,,,,,,,,,,,,,1.0,,,,3.0,UnstableConcoction,GuinsoosRageblade,RapidFireCannon,,,,
6,EUW1_5971412173,TFT6_Augment_PortableForge,TFT7_Augment_CannoneerEmblem2,TFT6_Augment_SecondWind1,,,,,3.0,,1.0,,1.0,0.0,,0.0,,,,0.0,,2.0,,0.0,1.0,,,,,1.0,,,,,,,,,,,,,,,,,,,,,,,,,,,,,,,2.0,Deathblade,RunaansHurricane,ShimmerscaleDravensAxe,,,,,,,,,1.0,RedBuff,OrnnRocketPropelledFist,WarmogsArmor,,,,,,,,,,,,,,,,,,,,,,,,,,,,,,,,,1.0,,,,,,,,,,,,,,,,,,,,,,,,2.0,CannoneerEmblemItem,,,,,,,2.0,DragonsClaw,WarmogsArmor,Bloodthirster,,,,,,,,,,,,,,,,,,,,,,,,,,,,,,,,,,,,,,,,,,,,,,,,,,,,,2.0,ThiefsGloves,Quicksilver,Deathblade,,,,,,,,,,,,,,,,,,,,,,,,,,,,,3.0,TrainerSnax,None,None,2.0,RunaansHurricane,LastWhisper,Bloodthirster,,,,,,,,,,,,,,,,,,,,,,,,,,,,,,,,
7,EUW1_5971412173,TFT6_Augment_RichGetRicher,TFT7_Augment_BestFriends3,TFT6_Augment_MakeshiftArmor1,,0.0,1.0,1.0,,0.0,1.0,0.0,,0.0,1.0,,0.0,,3.0,0.0,,,,,,,,,0.0,,0.0,,,,,,,,,,,,,,,,,,,,,,2.0,RecurveBow,,,,,,,,,,,,,,,2.0,GuinsoosRageblade,InfinityEdge,UnstableConcoction,,,,,,,,,,,,,,,,,,,,,,,,,,,,,,,,,1.0,,,,,,,,,,,,,,,,,,,,1.0,,,,,,,,,,,,,,,,,,,,,,,,1.0,,,,,,,,2.0,GargoyleStoneplate,DragonsClaw,,,,,,,,,,,,,,,,,,,,,,,,,,,,,,,,,,,,,,,,,,,,,,,,,,,,,,,,,,,,,,,,,,,,,,,,None,None,,,,,,,,,,,,,,,,,,,,,,,,,1.0,TitansResolve,,,,,,,,,,
5,EUW1_5971412173,TFT6_Augment_Distancing2,TFT6_Augment_Diversify3,TFT7_Augment_RevelTrait,1.0,,,0.0,2.0,,,0.0,1.0,,1.0,,0.0,,,0.0,,3.0,,,,,,,1.0,1.0,,,,,,,,,,,,,,,,,,,,,,,,,,,,,,,2.0,UnstableConcoction,GuinsoosRageblade,MadredsBloodrazor,,,,,,,,,,,,,,,,,,,,,,,,,,,,,,,,,,,,,,,,,,,,,2.0,,,,,,,,,,,,2.0,ThiefsGloves,Bloodthirster,HextechGunblade,,,,,,,,,2.0,Zephyr,,,,,,,,,,,,,,,,,,,,,,,2.0,RedBuff,FrozenHeart,GargoyleStoneplate,,,,,,,,,,,,,,,,,,,,,,,,,,,,,,,,,,,,,2.0,,,,,,,,,,,,,,,,,,,,2.0,IonicSpark,FrozenHeart,,,,,,,,,,3.0,TrainerSnax,None,None,1.0,AssassinEmblemItem,,,,,,,,,,,,,,,,,,,,,,,,,,,,,,,,,,
3,EUW1_5971412173,TFT7_Augment_AssassinEmblem,TFT7_Augment_BestFriends3,TFT6_Augment_SecondWind1,2.0,,,2.0,,,,,,,2.0,,0.0,,,,0.0,,1.0,,,,,0.0,1.0,,1.0,,,,,,,,,,,,,,,,,,,,,,,,,,,,,,,,,,2.0,InfinityEdge,BruiserEmblemItem,FrozenHeart,,,,,,,,,,,,,,,,,,,,,,,,,,,,,,,,,,,,,,,,,,,,,,,,,,,,,,,,,,,,,,,,,,,,,,,,,,,,,,,,,,,,,2.0,RunaansHurricane,AssassinEmblemItem,InfinityEdge,2.0,,,,,,,,2.0,IonicSpark,Redemption,UnstableConcoction,,,,,,,,,,,,,,,,,2.0,ZekesHerald,,,,,,,,,,,,,,,,,,,,,,,,,,,,,,,2.0,TitanicHydra,ArchangelsStaff,,,,,,,,,,,,None,None,,,,,1.0,,,,,,,,,,,,,,,,,,,,,,,,,,,,,,,
4,EUW1_5971412173,TFT6_Augment_PortableForge,TFT6_Augment_Electrocharge3,TFT6_Augment_PandorasItems,0.0,,1.0,,,,1.0,,1.0,,2.0,2.0,0.0,,,2.0,,,,1.0,,,,,,0.0,,,,,,,2.0,SpearOfShojin,Morellonomicon,RabadonsDeathcap,,,,,,,,,,,,,1.0,SeraphsEmbrace,,,,,,,,,,,,,,,,,,,,,,,2.0,GuardianAngel,OrnnDeathsDefiance,TitansResolve,,,,,,,,,,,,,2.0,ZekesHerald,,,,,,,,,,,,,,,,,,,,,,,,,,,,,,,,,,,,,,,2.0,,,,,,,,2.0,DragonsClaw,IonicSpark,WarmogsArmor,,,,,,,,,,,,,,,,,,,,,,,,,,,,,,,,,,,,,,,,,,,,,,,,,,,,,,,,,,,,,,,,,,,,,,,,,2.0,,,,,,,,,,,,,,None,None,,,,,,,,,,,,,,,,,,,,,,,,,,,,,,,,,,,,
1,EUW1_5971412173,TFT6_Augment_MetabolicAccelerator,TFT6_Augment_Twins3,TFT6_Augment_CelestialBlessing1,,1.0,,1.0,,,,,0.0,,1.0,0.0,,1.0,,1.0,,,,,,,1.0,1.0,,1.0,,0.0,,,,,,,,,,,,,,,,,,,,,,,,,,,,,,,,,,,,,,,,,,,,,,,,,,,,,,,,,,,,,,,,,,,,,2.0,,,,3.0,LocketOfTheIronSolari,RedBuff,IonicSpark,,,,,,,,,,,,,,,,,,,,,,,,,2.0,,,,3.0,ArchangelsStaff,StatikkShiv,,,,,,,,,,,,,,,,,,,,,,,,,,,,,,,,,,,,,,,,,,,,,,,,,,,,,,,,,,,,,,2.0,,,,,,,,2.0,,,,,,,,,,,,,,,,,,,,3.0,TrainerSnax,None,None,,,,,2.0,,,,3.0,Quicksilver,MadredsBloodrazor,GuinsoosRageblade,,,,,,,,,,,,,,,,,,,,,,,,
8,EUW1_5971377914,TFT7_Augment_MysticTrait,TFT6_Augment_ThrillOfTheHunt1,TFT7_Augment_MageEmblem,,0.0,,1.0,,,,0.0,0.0,,1.0,,,2.0,0.0,2.0,,,,,,,,,,1.0,0.0,0.0,,,,,,,,,,,,,,,,,,,,,,,,,,,,,,,,,,,,,,,,,,,,,,,,,,,,,,,,,,,,,,,,,,,,,1.0,,,,1.0,,,,,,,,,,,,,,,,,,,,,,,,,,,,2.0,,,,3.0,,,,,,,,,,,,,,,,,,,,,,,,,,,,,,,,2.0,SpearOfShojin,RabadonsDeathcap,,,,,,,,,,,,,,,,,,,,,,,,,,,,,,,,,,,,,,1.0,TitansResolve,,,,,,,,,,,,,,,,,,,1.0,TrainerSnax,None,None,,,,,,,,,,,,,,,,,,,,,,,,,1.0,MageEmblemItem,RedBuff,DragonsClaw,,,,,,,,
6,EUW1_5971377914,TFT6_Augment_ThrillOfTheHunt1,TFT6_Augment_Meditation1,TFT7_Augment_GadgetExpert,,,,,,,1.0,1.0,,1.0,,2.0,,,0.0,0.0,,,,,,,,0.0,0.0,,,,,,,,,,,,,,,,2.0,StatikkShiv,,,,,,,,,,,,,,,,,,,,,,,,,,,,,,,1.0,,,,,,,,,,,,,,,,,,,,,,,,,,,,,,,,,,,,3.0,SeraphsEmbrace,MadredsBloodrazor,JeweledGauntlet,,,,,2.0,,,,3.0,WarmogsArmor,GargoyleStoneplate,RedBuff,,,,,,,,,,,,,,,,,,,,,,,,,,,,,,,,,,,,,,,,,,,,,,,,,,,,,,,,,,,,,,,,,,,,,,,,,,,,,,,,,,,,,,,,,,,,,3.0,Redemption,TitansResolve,,,,,,,,None,None,,,,,,,,,,,,,,,,,,,,,,,,,,,,,,,,,,,,
5,EUW1_5971377914,TFT6_Augment_SecondWind1,TFT6_Augment_Meditation1,TFT7_Augment_FirstAidKit2,,0.0,,1.0,,,,,1.0,,1.0,,,2.0,,1.0,,0.0,,,0.0,1.0,,,,1.0,,0.0,,,,,,,,,,,,,,,,,,,,,,,,,,,,,,,,,,,,,,,,,,,,,,,,,,,,,,,,,,,,,,,,,,,,,1.0,,,,2.0,TitanicHydra,Bloodthirster,,,,,,,,,,,,,,,,,,,,,,,,,,1.0,,,,3.0,,,,,,,,,,,,,,,,,,,,,,,,,,,,,,,,2.0,ArchangelsStaff,SpearOfShojin,ArchangelsStaff,,,,,,,,,,,,,,,,,,,,,,,,,1.0,,,,,,,,,,,,2.0,GargoyleStoneplate,DragonsClaw,Redemption,,,,,,,,,,,,,,,,,2.0,TrainerSnax,None,None,,,,,,,,,,,,,,,,,,,,,,,,,,,,,,,,,1.0,,,
1,EUW1_5971377914,TFT6_Augment_CyberneticShell1,TFT7_Augment_BestFriends1,TFT6_Augment_TargetDummies,0.0,0.0,1.0,1.0,,,1.0,,0.0,,1.0,,,1.0,,3.0,,,,,0.0,1.0,,,,1.0,,2.0,,,,,,,,,,,,,,,,,,,,,1.0,,,,,,,,,,,,,,,,,,,,,,,,,,,,2.0,Bloodthirster,Quicksilver,GuinsoosRageblade,,,,,,,,,,,,,,,,,2.0,StatikkShiv,,,,,,,,,,,,,,,,,,,,,,,,,,,,,,,2.0,Zephyr,,,2.0,StatikkShiv,,,,,,,,,,,,,,,,,,,,,,,1.0,StatikkShiv,Deathblade,ArchangelsStaff,,,,,,,,,,,,,,,,,,,,,,,,,,,,,,,,,,,,,,,,,,,,,1.0,RedBuff,IonicSpark,MysticEmblemItem,,,,,,,,,,,,,,,,,4.0,TrainerSnax,None,None,,,,,,,,,,,,,,,,,,,,,,,,,,,,,,,,,1.0,SpearOfShojin,,
4,EUW1_5971377914,TFT6_Augment_CyberneticUplink1,TFT6_Augment_Electrocharge1,TFT6_Augment_Diversify2,,0.0,,1.0,,0.0,,,1.0,,1.0,,,2.0,,1.0,,0.0,0.0,,,,,,,1.0,,0.0,,,,,,,,,,,,,,,,,,,,,,,,,,,,,,,,,,,,,,,,,,,,,,,,,,,,,,,,,,,,,,,,,,,,,2.0,MadredsBloodrazor,,,2.0,,,,,,,,,,,,,,,,,,,,,,,,2.0,ThiefsGloves,LocketOfTheIronSolari,GuinsoosRageblade,2.0,Chalice,,,2.0,StatikkShiv,,,,,,,,,,,,,,,,,,,,,,,,,,,,,,,2.0,SpearOfShojin,JeweledGauntlet,ArchangelsStaff,,,,,,,,,,,,,,,,,,,,,,,,,2.0,SparringGloves,,,,,,,,,,,2.0,DragonsClaw,GargoyleStoneplate,WarmogsArmor,,,,,,,,,,,,,,,,,2.0,TrainerSnax,None,None,,,,,,,,,,,,,,,,,,,,,,,,,,,,,,,,,,,,
2,EUW1_5971377914,TFT7_Augment_AFK,TFT6_Augment_PandorasItems,TFT6_Augment_SecondWind2,,,1.0,1.0,,,1.0,,0.0,,1.0,0.0,,1.0,,1.0,,,,,0.0,1.0,1.0,,,1.0,,2.0,,,,,,,,,,,,,,,,,,,,,1.0,WarmogsArmor,,,,,,,,,,,,,,,,,,,,,,,,,,,2.0,InfinityEdge,Quicksilver,Bloodthirster,,,,,,,,,,,,,,,,,2.0,,,,,,,,,,,,,,,,,,,,,,,,,,,,,,,,1.0,,,,,,,,,,,,,,,,,,,,,,,,,,,,,,,,,,,,,,,,,,,,,,,,,,,,,,,,,,,,,,,,,,,,2.0,Chalice,ArchangelsStaff,Chalice,,,,,2.0,RedBuff,PowerGauntlet,ZekesHerald,,,,,,,,,,,,,,,,,3.0,TrainerSnax,None,None,,,,,,,,,,,,,,,,,,,,,,,,,,,,,,,,,2.0,MadredsBloodrazor,SeraphsEmbrace,WhispersEmblemItem
7,EUW1_5971377914,TFT7_Augment_ShimmerscaleEmblem,TFT6_Augment_ItemGrabBag1,TFT6_Augment_CyberneticImplants2,1.0,,,,,0.0,,0.0,,,2.0,0.0,,0.0,,,1.0,,,1.0,1.0,1.0,,1.0,,,,,,,,,,,,,,,,,,,,,,,,,,,,,,,,,,,,,,,,,,,,,,,,,,,,,,,,,,,,,,,,,,,,,2.0,,,,,,,,,,,,,,,,,,,,2.0,,,,,,,,,,,,,,,,,,,,,,,,2.0,RedBuff,WarmogsArmor,,,,,,,,,,,,,,,,,,,,,,,,,,,,,,,,,,,,,,,,,,,,,,,,,,,,,,,,,,,,,,2.0,ArchangelsStaff,GuinsoosRageblade,ShimmerscaleGoldmancersStaff,,,,,,,,,2.0,ShimmerscaleEmblemItem,Shroud,,,,,,,,,,,,None,None,,,,,2.0,,,,,,,,,,,,,,,,2.0,Quicksilver,GuinsoosRageblade,LastWhisper,,,,,,,,,1.0,,,
3,EUW1_5971377914,TFT6_Augment_SecondWind1,TFT7_Augment_BandOfThieves1,TFT7_Augment_BestFriends2,,,,2.0,,0.0,1.0,,,,,,0.0,0.0,,,1.0,,,,,,,1.0,1.0,,0.0,2.0,,,,,,,,,,,,,,,,,,,,,,,,,,,,,,,,,,,,,,,,,,,,,,,,,2.0,Bloodthirster,Bloodthirster,MadredsBloodrazor,,,,,2.0,,,,,,,,1.0,Morellonomicon,,,,,,,,,,,,,,,,,,,,,,,,,,,,,,,,,,,,,,,,,,,,,,,,,,,,,,,,,,,2.0,ThiefsGloves,PowerGauntlet,Shroud,,,,,,,,,,,,,,,,,,,,,,,,,2.0,RedBuff,,,,,,,,,,,,,,,,,,,,,,,2.0,ArchangelsStaff,HextechGunblade,HextechGunblade,,,,,,,,,,,,,,,,,,,None,None,,,,,,,,,,,,,,,,,,,,,2.0,GuinsoosRageblade,MadredsBloodrazor,GuardianAngel,,,,,,,,,,,,
8,EUW1_5973237575,TFT6_Augment_CyberneticUplink1,TFT7_Augment_BestFriends2,TFT6_Augment_Diversify2,,,,,1.0,,1.0,,1.0,1.0,,,,,0.0,0.0,,1.0,,,1.0,,,,,1.0,,,,,,,,,,,,,,,,,,,,,,,,,,,,,,,2.0,GuinsoosRageblade,UnstableConcoction,,,,,,,,,,2.0,WarmogsArmor,GargoyleStoneplate,,,,,,,,,,,,,,,,,,,,,,,,,,,,,,,,,,,,,,,,,,,,,,,,,,2.0,ShimmerscaleDeterminedInvestor,,,,,,,2.0,,,,,,,,,,,,,,,,,,,,,,,,,,,,,,,,,,,,,,,,,,,,,,,,,,,,,,,,,,,,,,,,1.0,,,,,,,,,,,,,,,,,,,,,,,,,,,,,,,,1.0,TrainerSnax,None,None,2.0,,,,,,,,,,,,,,,,,,,,,,,,,,,,,,,,,,,
7,EUW1_5973237575,TFT6_Augment_Meditation1,TFT6_Augment_Meditation2,TFT6_Augment_CelestialBlessing2,,0.0,,1.0,,,,,0.0,,1.0,,,2.0,,1.0,,,,,0.0,1.0,,,,1.0,,0.0,,,,,,,,,,,,,,,,,,,,,,,,,,,,,,,,,,,,,,,,,,,,,,,,,,,,,,,,,,,,,,,,,,,,,2.0,,,,2.0,,,,,,,,,,,,,,,,,,,,,,,,,,,,2.0,ZekesHerald,,,2.0,,,,,,,,,,,,,,,,,,,,,,,,,,,,,,,,2.0,MadredsBloodrazor,SpearOfShojin,MadredsBloodrazor,,,,,,,,,,,,,,,,,,,,,,,,,,,,,,,,,,,,,1.0,GargoyleStoneplate,TitansResolve,,,,,,,,,,,,,,,,,,2.0,TrainerSnax,None,None,,,,,,,,,,,,,,,,,,,,,,,,,,,,,,,,,1.0,,,
5,EUW1_5973237575,TFT6_Augment_ThrillOfTheHunt1,TFT7_Augment_GadgetExpert,TFT7_Augment_CannoneerRicochet,1.0,,,1.0,1.0,,,,,,1.0,,,1.0,,,0.0,0.0,0.0,,0.0,1.0,,,,1.0,0.0,0.0,,,,,,,,,,,,,,,,,,,,,,,,,,,,,2.0,UnstableConcoction,GuinsoosRageblade,RunaansHurricane,1.0,,,,,,,,,,,,,,,,,,,,,,,,,,,,,,,,,,,,1.0,,,,,,,,,,,,,,,,,,,,,,,,,,,,,,,,,,,,,,,,,,,,,,,,,,,,,,,,,,,,,,,,,,,,,,,,,,,,,,,,,,,,2.0,,,,,,,,,,,,,,,,,,,,,,,,2.0,RedBuff,TitanicHydra,,,,,,2.0,UnstableConcoction,StatikkShiv,LastWhisper,,,,,,,,,2.0,TrainerSnax,None,None,1.0,,,,,,,,,,,,,,,,,,,,,,,,,,,,,,,,1.0,ThiefsGloves,SparringGloves,Quicksilver
3,EUW1_5973237575,TFT7_Augment_AFK,TFT7_Augment_TempestEmblem,TFT7_Augment_GadgetExpert,1.0,,,0.0,,,1.0,,,,1.0,0.0,0.0,,,,1.0,,,1.0,,,1.0,0.0,2.0,,,,,,,,,,,,,,,,,,,,,,,,,,,,,,,,,,,,,,,,,,,,,,,,,,,,,,,,,,,,1.0,,,,,,,,,,,,,,,,,,,,,,,,,,,,,,,,,,,,,,,,,,,,,,,,,,,,2.0,TitansResolve,DragonsClaw,ZekesHerald,,,,,,,,,,,,,2.0,BrambleVest,Shroud,,,,,,2.0,,,,,,,,,,,,,,,,,,,,,,,,1.0,RedBuff,TempestEmblemItem,RabadonsDeathcap,,,,,,,,,1.0,,,,,,,,,,,,,,,,2.0,Quicksilver,MadredsBloodrazor,StatikkShiv,,,,,,,,,,,None,None,,,,,,,,,,,,,,,,,,,,,,,,,,,,,,,,,,,,
6,EUW1_5973237575,TFT6_Augment_TriForce1,TFT6_Augment_Ascension,TFT7_Augment_BruiserEmblem,,1.0,,2.0,,,1.0,,,,1.0,,,0.0,,0.0,,,,,,,,1.0,,,,2.0,,,,,,,,,,,,,,,,,,,,,,,,,,,,,,,,,,,,,,,,,,,,,,,,,2.0,BrambleVest,WarmogsArmor,IonicSpark,,,,,,,,,,,,,,,,,,,,,2.0,,,,,,,,,,,,,,,,,,,,,,,,,,,,,,,,3.0,BruiserEmblemItem,StatikkShiv,,,,,,,,,,,,,,,,,,,,,,,,,,,,,,,,,,,,,,,,,,,,,,,,,,,,,,,,,,,,,,,,,,,,,,2.0,,,,,,,,,,,,,,,,,,,,,,None,None,,,,,2.0,,,,3.0,GuinsoosRageblade,Deathblade,MadredsBloodrazor,,,,,,,,,,,,,,,,,,,,,,,,
1,EUW1_5973237575,TFT6_Augment_TriForce1,TFT6_Augment_TriForce2,TFT6_Augment_ComponentGrabBag,,0.0,,1.0,,,,,1.0,,1.0,,,2.0,,2.0,,0.0,,,0.0,1.0,,,,1.0,,0.0,,,,,,,,,,,,,,,,,,,,,,,,,,,,,,,,,,,,,,,,,,,,,,,,,,,,,,,,,,,,,,,,,,,,,2.0,MysticEmblemItem,,,3.0,ThiefsGloves,GargoyleStoneplate,RedBuff,,,,,,,,,,,,,,,,,,,,,,,,,2.0,ChainVest,,,3.0,StatikkShiv,GuardianAngel,,,,,,,,,,,,,,,,,,,,,,,,,,,,,,2.0,SpearOfShojin,GuinsoosRageblade,Quicksilver,,,,,,,,,,,,,,,,,,,,,,,,,2.0,,,,,,,,,,,,2.0,WarmogsArmor,RedBuff,IonicSpark,,,,,,,,,,,,,,,,,2.0,TrainerSnax,None,None,,,,,,,,,,,,,,,,,,,,,,,,,,,,,,,,,1.0,,,
2,EUW1_5973237575,TFT6_Augment_CelestialBlessing1,TFT6_Augment_Ascension,TFT6_Augment_SecondWind2,,,,1.0,,1.0,1.0,0.0,,,1.0,,,,3.0,,0.0,,0.0,,,,,,,,2.0,,,,,,,,,,,,,,,,,,,,,,,,,,,,,,,,,,,,,,1.0,,,,,,,,,,,,,,,,,,,,,,,,,,,,,,,,,,,,,,,,,,,,,,,,,,,,,,,,,,,,,,,,,,,,,,,,,,,,,,,,2.0,RedBuff,,,2.0,,,,,,,,,,,,,,,,,,,,2.0,,,,,,,,,,,,3.0,Shroud,RedBuff,,,,,,,,,,,,,,,,,,,,,,,,,,,,,,,,,,,,,,,,,,,,None,None,,,,,,,,,,,,,,,,,,,,,,,,,1.0,HextechGunblade,SeraphsEmbrace,MadredsBloodrazor,3.0,Bloodthirster,UnstableConcoction,GuinsoosRageblade,,,,
4,EUW1_5973237575,TFT7_Augment_ScalescornTrait,TFT6_Augment_ComponentGrabBag,TFT7_Augment_MageEmblem,,,,1.0,,,1.0,,1.0,,,,0.0,2.0,,0.0,,0.0,0.0,,0.0,1.0,,,2.0,1.0,,0.0,,,,,,,,,1.0,SpearOfShojin,RabadonsDeathcap,HextechGunblade,,,,,,,,,,,,,,,,,,,,,,,,,,,,,,,,,,,,,,,,,,,,,,,,,,,,,,,,,2.0,,,,,,,,,,,,,,,,,,,,,,,,,,,,,,,,2.0,MageEmblemItem,,,,,,,,,,,,,,,,,,,,,,,1.0,TitanicHydra,,,,,,,,,,,,,,,,,,,,,,,,,,,,,,,,,,,,,,,2.0,MageEmblemItem,MadredsBloodrazor,RunaansHurricane,,,,,,,,,2.0,IonicSpark,DragonsClaw,,,,,,,,,,,,,,,,,,3.0,TrainerSnax,None,None,,,,,,,,,,,,,,,,,,,,,,,,,,,,,,,,,1.0,SpearOfShojin,RecurveBow,
3,EUW1_5971691001,TFT6_Augment_SecondWind2,TFT6_Augment_Electrocharge3,TFT6_Augment_ComponentGrabBag,1.0,,,1.0,,,1.0,0.0,,,1.0,,0.0,0.0,0.0,,,,,0.0,,,,,1.0,,0.0,3.0,,,,,,,,,,,,,,,,,,,,,,,,,,,,,,,,,,,,,,,,,,,,,,,,,2.0,Bloodthirster,GuinsoosRageblade,Quicksilver,1.0,,,,,,,,,,,,,,,,,,,,,,,,,,,,,,,,,,,,,,,,,,,,,,,,,,,,,,,,,,,,,,,,,,,,,,,,2.0,RedBuff,WarmogsArmor,DragonsClaw,1.0,,,,2.0,,,,,,,,,,,,,,,,,,,,,,,,,,,,,,,,,,,,,,,,,,,,2.0,,,,,,,,2.0,ZekesHerald,BFSword,InfinityEdge,,,,,,,,,,,None,None,,,,,,,,,,,,,,,,,,,,,,,,,1.0,Quicksilver,TitansResolve,RapidFireCannon,,,,,,,,
7,EUW1_5971691001,TFT6_Augment_ClearMind,TFT6_Augment_BandOfThieves2,TFT6_Augment_CyberneticUplink2,,,,,0.0,,1.0,,1.0,,,2.0,,,,1.0,,1.0,,1.0,,,1.0,,,0.0,,,,,,,,,,,,,,,,,,,,,,,,,,,,,,,2.0,UnstableConcoction,RunaansHurricane,MadredsBloodrazor,,,,,,,,,,,,,2.0,ThiefsGloves,UnstableConcoction,Zephyr,,,,,,,,,,,,,1.0,ThiefsGloves,JeweledGauntlet,SeraphsEmbrace,,,,,,,,,,,,,,,,,,,,,,,,,,,,,,,,,,,,,1.0,,,,,,,,2.0,GargoyleStoneplate,FrozenHeart,TitansResolve,,,,,,,,,,,,,,,,,,,,,,,,,,,,,,,,,,,,,,,,,,,,,,,,,,,,,1.0,MadredsBloodrazor,,,1.0,,,,,,,,,,,,,,,,,,,,,,,,,,,,,,None,None,,,,,,,,,,,,,,,,,,,,,,,,,,,,,,,,,,,,
2,EUW1_5971691001,TFT7_Augment_EvokerEssenceTheft,TFT6_Augment_RadiantRelics,TFT6_Augment_PortableForge,,,1.0,1.0,,,1.0,,1.0,,1.0,,,1.0,,2.0,,0.0,,,0.0,1.0,,,,1.0,,2.0,,,,,,,,,,,,,,,,,,,,,1.0,,,,,,,,,,,,,,,,,,,,,,,,,,,,2.0,Bloodthirster,GuinsoosRageblade,MadredsBloodrazor,,,,,,,,,,,,,,,,,2.0,,,,,,,,,,,,,,,,,,,,,,,,,,,,,,,,2.0,Redemption,GuinsoosRageblade,Quicksilver,,,,,,,,,,,,,,,,,,,,,,,,,,,,,,,,,,,,,,,,,,,,,,,,,,,,,,,,,,,,,2.0,JeweledGauntlet,MorellonomiconRadiant,RabadonsDeathcap,,,,,,,,,2.0,OrnnZhonyasParadox,RedBuff,MysticEmblemItem,,,,,,,,,,,,,,,,,4.0,TrainerSnax,None,None,,,,,,,,,,,,,,,,,,,,,,,,,,,,,,,,,1.0,ThiefsGloves,Shroud,JeweledGauntlet
1,EUW1_5971691001,TFT7_Augment_BestFriends2,TFT6_Augment_ThriftShop,TFT6_Augment_SalvageBin,,0.0,1.0,1.0,,,,,0.0,,2.0,,,2.0,,2.0,,,,,0.0,1.0,,,,1.0,,0.0,,,,,,,,,,,,,,,,,,,,,2.0,,,,,,,,,,,,,,,,,,,,,,,,,,,,,,,,,,,,,,,,,,,,,,,,2.0,,,,3.0,TitanicHydra,Quicksilver,,,,,,,,,,,,,,,,,,,,,,,,,,2.0,,,,3.0,PowerGauntlet,StatikkShiv,Shroud,,,,,,,,,,,,,,,,,,,,,,,,,,,,,3.0,ArchangelsStaff,UnstableConcoction,ArchangelsStaff,,,,,,,,,,,,,,,,,,,,,,,,,,,,,,,,,,,,,2.0,TitanicHydra,TitanicHydra,RedBuff,,,,,,,,,,,,,,,,,3.0,TrainerSnax,None,None,,,,,,,,,,,,,,,,,,,,,,,,,,,,,,,,,2.0,,,
8,EUW1_5971691001,TFT7_Augment_JadeTrait,TFT6_Augment_MaxLevel10,TFT7_Augment_DragonmancerEmblem,,,,0.0,,1.0,,1.0,0.0,,,1.0,1.0,0.0,,,0.0,,0.0,,0.0,,,0.0,1.0,,,,,,,,2.0,ArchangelsStaff,DragonmancerEmblemItem,StatikkShiv,,,,,2.0,,,,,,,,,,,,,,,,,,,,,,,,,,,,,,,,,,,,,,,,,,,,,,,,,,,,1.0,NegatronCloak,,,,,,,,,,,,,,,,,,,,,,,2.0,,,,,,,,1.0,,,,,,,,,,,,,,,,,,,,,,,,,,,,2.0,TitanicHydra,TitanicHydra,,,,,,,,,,,,,,,,,,,,,,,,,,,,,,,,,,,,,,,,,,,,,,,,,,,,,,,,,,,,,,,,,,,,,,,,None,None,,,,,,,,,,,,,,,,,3.0,Quicksilver,UnstableConcoction,GuinsoosRageblade,,,,,,,,,,,,,,,,
4,EUW1_5971691001,TFT6_Augment_RichGetRicher,TFT7_Augment_ShapeshifterTrait2,TFT7_Augment_ShapeshifterBeastsDen,,0.0,,,,,1.0,0.0,,,,2.0,,,,0.0,0.0,,,3.0,,,,0.0,,,,0.0,,,,,,,,,,,,,1.0,Zephyr,,,,,,,,,,,,,,,,,,,,,,,,,,,,,,,2.0,ThiefsGloves,UnstableConcoction,SpearOfShojin,,,,,2.0,IonicSpark,,,,,,,2.0,,,,,,,,,,,,,,,,,,,,,,,,,,,,,,,,,,,,,,,,,,,,,,,,2.0,GargoyleStoneplate,RedBuff,WarmogsArmor,3.0,GuinsoosRageblade,Quicksilver,MadredsBloodrazor,,,,,,,,,,,,,,,,,,,,,,,,,,,,,,,,,,,,,,,,,,,,,,,,,,,,,,,,,2.0,,,,,,,,,,,,,,,,,,,,,,,,,,None,None,,,,,,,,,,,,,,,,,,,,,,,,,,,,,,,,,,,,
6,EUW1_5971691001,TFT6_Augment_Electrocharge2,TFT6_Augment_RadiantRelics,TFT6_Augment_TargetDummies,,,,1.0,0.0,,1.0,,1.0,,,,,1.0,,0.0,,1.0,,,0.0,1.0,,,,1.0,,2.0,,,,,,,,,,,,,,,,,,,,,,,,,,,,,2.0,StatikkShiv,RapidFireCannon,UnstableConcoction,,,,,,,,,,,,,,,,,1.0,RedBuff,WarmogsArmor,,,,,,,,,,,,,,,,,,2.0,,,,,,,,,,,,,,,,,,,,,,,,,,,,,,,,2.0,,,,,,,,,,,,,,,,,,,,,,,,,,,,,,,,,,,,,,,,,,,,,,,,,,,,,,,,,,,,,,,,1.0,,,,,,,,,,,,1.0,ZzRotPortalRadiant,RedBuff,,,,,,,,,,,,,,,,,,3.0,TrainerSnax,None,None,,,,,,,,,,,,,,,,,,,,,,,,,,,,,,,,,1.0,SpearOfShojin,RabadonsDeathcap,
5,EUW1_5971691001,TFT6_Augment_PortableForge,TFT6_Augment_MaxLevel10,TFT6_Augment_SecondWind2,,,1.0,,2.0,,1.0,,1.0,1.0,1.0,,,,,1.0,,2.0,,,1.0,,,,,1.0,,,,,,,,,,,,,,,,,,,,,,,1.0,,,,,,,,2.0,GuinsoosRageblade,MadredsBloodrazor,MadredsBloodrazor,,,,,,,,,2.0,OrnnRocketPropelledFist,RedBuff,GargoyleStoneplate,,,,,,,,,,,,,,,,,,,,,,,,,,,,,,,,,1.0,,,,,,,,,,,,,,,,,,,,,,,,1.0,GuardianEmblemItem,,,,,,,,,,,,,,,,,,,,,,,,,,,,,,,,,,,,,,,,,,,,,,,,,,,,,,,,,,,,,,,1.0,SpearOfShojin,Morellonomicon,RapidFireCannon,,,,,,,,,,,,,,,,,,,,,,,,,,,,,2.0,TrainerSnax,None,None,2.0,ShimmerscaleDravensAxe,,,,,,,,,,,,,,,,,,,,,,,,,,,,,,,,,,
3,EUW1_5973218990,TFT6_Augment_CyberneticUplink2,TFT6_Augment_Electrocharge2,TFT6_Augment_RadiantRelics,,,,,,,,1.0,,2.0,,1.0,,,0.0,,0.0,,0.0,,,,1.0,0.0,,,,0.0,,,,,,,,,,,,,2.0,HextechGunblade,,,,,,,,,,,2.0,Quicksilver,,,,,,,,,,,,,,,,,,,,,,,,,,,,,,,,,,,,,,,,,,,,,,,,,,,,,,,3.0,SeraphsEmbrace,MadredsBloodrazor,HextechGunbladeRadiant,,,,,,,,,3.0,RedBuff,BrambleVest,IonicSpark,,,,,,,,,,,,,,,,,,,,,,,,,,,,,,,,,,,,,,,,,,,,,,,,,,,,,2.0,,,,,,,,,,,,,,,,,,,,2.0,GuardianAngel,,,,,,,,,,,,,,,,,,,3.0,ArchangelsStaff,,,2.0,,,,,,None,None,,,,,,,,,,,,,,,,,,,,,,,,,,,,,,,,,,,,
2,EUW1_5973218990,TFT7_Augment_GuildEmblem,TFT6_Augment_ComponentGrabBag,TFT6_Augment_CyberneticUplink3,,,1.0,1.0,,,1.0,,1.0,,3.0,,0.0,1.0,,1.0,,0.0,,,,,,,2.0,0.0,,0.0,,,,,,,,,2.0,InfinityEdge,JeweledGauntlet,GuildEmblemItem,,,,,,,,,1.0,Chalice,PowerGauntlet,,,,,,,,,,,,,,,,,,,,,,,,,,,,,,,,,,,,,,,,,,,,,,,,,,,,,,,,,,,,,,,,,,,,,,,,,,,,,,2.0,,,,,,,,,,,,,,,,,,,,,,,,2.0,IonicSpark,Morellonomicon,WarmogsArmor,,,,,,,,,2.0,UnstableConcoction,,,,,,,,,,,,,,,,,,,,,,,,,,,2.0,Morellonomicon,MageEmblemItem,,,,,,,,,,2.0,RedBuff,LocketOfTheIronSolari,,,,,,,,,,,,,,,,,,,,None,None,,,,,,,,,,,,,,,,,,,,,,,,,,,,,,,,,,,,
1,EUW1_5973218990,TFT7_Augment_ShimmerscaleTrait,TFT6_Augment_ThrillOfTheHunt2,TFT7_Augment_ShimmerscaleTrait2,0.0,,1.0,0.0,,,1.0,0.0,,1.0,1.0,,,0.0,0.0,0.0,1.0,,,,4.0,1.0,,0.0,,,1.0,0.0,,,,,,,,,,,,,,,,,,,,,2.0,ShimmerscaleEmblemItem,,,,,,,,,,,,,,,,,,,3.0,FrozenHeart,BrambleVest,GargoyleStoneplate,,,,,,,,,,,,,,,,,,,,,,,,,,,,,,,,,,,,,,,,,2.0,TitansResolve,LocketOfTheIronSolari,,,,,,,,,,,,,,,,,,,,,,,,,,,,,,,,,,,,,,,,,,,,,,,,,,,,,,,,,,,,,,,,,,2.0,ShimmerscaleMogulsMail,,,,,,,,,,,,,,,,,,,,,,,,,,,,,,,,,,,,,,,2.0,ShimmerscaleEmblemItem,Shroud,,,,None,None,,,,,,,,,,,,,,,,,,,,,3.0,ShimmerscaleDravensAxe,GuinsoosRageblade,ShimmerscaleGamblersBlade,2.0,TitansResolve,UnstableConcoction,RapidFireCannon,,,,,2.0,ShimmerscaleGoldmancersStaff,ShimmerscaleCrownOfChampions,Quicksilver
4,EUW1_5973218990,TFT7_Augment_CannoneerEmblem,TFT6_Augment_Featherweights2,TFT7_Augment_CannoneerEmblem2,,,,,4.0,,,,1.0,1.0,,,,,,0.0,,2.0,0.0,,,,,,,1.0,,0.0,,,,,,,,,,,,,,,,,,,,,,,,,3.0,RedBuff,GargoyleStoneplate,,2.0,SeraphsEmbrace,Deathblade,GuardianAngel,,,,,,,,,,,,,,,,,,,,,,,,,,,,,,,,,,,,,,,,,,,,,3.0,,,,,,,,,,,,,,,,,,,,,,,,2.0,CannoneerEmblemItem,Chalice,ZekesHerald,,,,,,,,,,,,,,,,,,,,,,,,,,,,,,,,,,,,,,,,,,,,,,,,,,,,,,,,,,,,,1.0,,,,,,,,,,,,,,,,,,,,,,,,,,,,2.0,CannoneerEmblemItem,,,3.0,TrainerSnax,None,None,3.0,InfinityEdge,RunaansHurricane,LastWhisper,,,,,,,,,,,,,,,,,,,,,,,,,,,,,,,,
5,EUW1_5973218990,TFT7_Augment_SwiftshotPressTheAttack,TFT6_Augment_SecondWind2,TFT7_Augment_SwiftshotEmblem2,,,,0.0,,,1.0,0.0,,,,2.0,0.0,,,0.0,0.0,,,1.0,,,,2.0,1.0,,,,,,,,,,,,,,,,2.0,,,,,,,,,,,,,,,,,,,,,,,,,,,,,,,,2.0,SwiftshotEmblemItem,TitansResolve,Quicksilver,,,,,,,,,1.0,TitanicHydra,,,2.0,,,,,,,,,,,,,,,,,,,,,,,,,,,,,,,,,,,,,,,,,,,,,,,,2.0,RedBuff,TitanicHydra,Redemption,,,,,,,,,,,,,1.0,,,,,,,,,,,,,,,,,,,,,,,,,,,,,,,,,,,,,,,,,,,,,,,,,,,,,,,,,,,,,,,,,,,,,,,,,,None,None,,,,,,,,,,,,,,,,,,,,,2.0,GuinsoosRageblade,MadredsBloodrazor,Quicksilver,,,,,,,,,,,,
7,EUW1_5973218990,TFT7_Augment_AssassinEmblem,TFT7_Augment_BestFriends2,TFT6_Augment_VerdantVeil,2.0,,,2.0,,,1.0,,,,1.0,,0.0,0.0,,,0.0,,0.0,,,,,,1.0,,0.0,2.0,,,,,,,,,,,,,,,,,,,,,,,,,,,,,,,,,2.0,,,,,,,,,,,,,,,,2.0,Bloodthirster,AssassinEmblemItem,InfinityEdge,,,,,,,,,,,,,,,,,,,,,,,,,,,,,,,,,,,,,,,,,,,,,,,,,,,,,,,,,,,,,,,,,,,,,,,,,2.0,TitansResolve,,,,,,,2.0,,,,,,,,,,,,,,,,,,,,2.0,,,,,,,,,,,,,,,,,,,,,,,,2.0,,,,,,,,1.0,Bloodthirster,MadredsBloodrazor,Quicksilver,,,,,,,,,,,None,None,,,,,,,,,,,,,,,,,,,,,,,,,,,,,,,,,,,,
6,EUW1_5973218990,TFT6_Augment_SecondWind2,TFT6_Augment_SalvageBin,TFT7_Augment_CursedCrown,0.0,0.0,1.0,2.0,,,1.0,,,,3.0,,0.0,0.0,,0.0,,,,,,,,1.0,0.0,,,2.0,,,,,,,,,,,,,,,,,,,,,1.0,,,,,,,,,,,,,,,,,,,,,,,,,,,,2.0,RapidFireCannon,Deathblade,InfinityEdge,,,,,,,,,,,,,,,,,,,,,3.0,RedBuff,BrambleVest,,,,,,,,,,,,,,,,,,,,,,,,,,,,,,,,,,,,,,,,,,,,,,,,,,1.0,,,,,,,,,,,,,,,,,,,,,,,,,,,,,,,,,,,,,,,,,,,,,,,,,,,,2.0,,,,,,,,1.0,,,,,,,,,,,,,,None,None,,,,,2.0,,,,3.0,MadredsBloodrazor,GuinsoosRageblade,UnstableConcoction,,,,,,,,,,,,,,,,,,,,,,,,
8,EUW1_5973218990,TFT6_Augment_CalculatedLoss,TFT7_Augment_SwiftshotPressTheAttack,TFT7_Augment_ThinkFast,,0.0,,2.0,,,1.0,,,,1.0,,0.0,0.0,,,,,,,,,,1.0,0.0,,,2.0,,,,,,,,,,,,,,,,,,,,,,,,,,,,,,,,,,,,,,,,,,,,,,,,,2.0,GuinsoosRageblade,UnstableConcoction,,,,,,,,,,,,,,,,,,,,,,3.0,RedBuff,Redemption,,,,,,,,,,,,,,,,,,,,,,,,,,,,,,,,,,,,,,,,,,,,,,,,,,1.0,,,,,,,,,,,,,,,,,,,,,,,,,,,,,,,,,,,,,,,,,,,,,,,,,,,,2.0,,,,,,,,,,,,,,,,,,,,,,None,None,,,,,2.0,,,,3.0,RunaansHurricane,GuinsoosRageblade,MadredsBloodrazor,,,,,,,,,,,,,,,,,,,,,,,,
2,EUW1_5971693931,TFT6_Augment_CyberneticImplants1,TFT7_Augment_BestFriends1,TFT6_Augment_ComponentGrabBag,,,,,1.0,,1.0,,1.0,1.0,,0.0,,,,0.0,,1.0,0.0,,1.0,,1.0,,,1.0,,,,,,,,,,,,,,,,,,,,,,,,,,,2.0,BrambleVest,,,2.0,GuinsoosRageblade,InfinityEdge,LastWhisper,,,,,,,,,2.0,RedBuff,Redemption,TitansResolve,,,,,,,,,,,,,,,,,,,,,,,,,,,,,,,,,,,,,,,,,,,,,,,,,,,,,,,,,2.0,PowerGauntlet,,,,,,,,,,,,,,,,,,,,,,,,,,,,,,,,,,,,,,,,,,,,,,,,,,,,,,,,,,,,,,,2.0,GuinsoosRageblade,JeweledGauntlet,UnstableConcoction,1.0,ZekesHerald,,,,,,,,,,,,,,,,,,,,,,,,,,,4.0,TrainerSnax,None,None,2.0,ShimmerscaleHeartOfGold,,,,,,,,,,,,,,,,,,,,,,,,,,,,,,,,,,
6,EUW1_5971693931,TFT6_Augment_PandorasItems,TFT7_Augment_CannoneerTrait,TFT6_Augment_Ascension,0.0,,,2.0,2.0,,1.0,,0.0,,,,0.0,0.0,,0.0,,1.0,,,,,,,0.0,1.0,,2.0,,,,,,,,,,,,,,,,,,,,,,,,,,,,,2.0,GuinsoosRageblade,MadredsBloodrazor,ArchangelsStaff,,,,,,,,,,,,,,,,,2.0,Bloodthirster,Quicksilver,AssassinEmblemItem,,,,,,,,,,,,,,,,,,,,,,,,,,,,,,,,,,,,,,,,,,,,,,,,,2.0,,,,,,,,,,,,,,,,,,,,,,,,2.0,BrambleVest,WarmogsArmor,RedBuff,,,,,,,,,,,,,,,,,,,,,,,,,,,,,,,,,,,,,,,,,,,,,,,,,1.0,,,,2.0,,,,,,,,,,,,,,,,4.0,TrainerSnax,None,None,2.0,RecurveBow,,,,,,,,,,,,,,,,,,,,,,,,,,,,,,,,,,
8,EUW1_5971693931,TFT7_Augment_MirageTrait,TFT6_Augment_PandorasItems,TFT6_Augment_ThrillOfTheHunt2,1.0,,,2.0,,,1.0,,,,,,0.0,0.0,0.0,,0.0,,0.0,,,,,,1.0,,0.0,2.0,,,,,,,,,,,,,,,,,,,,,,,,,,,,,,,,,2.0,,,,,,,,,,,,,,,,1.0,Quicksilver,RecurveBow,Bloodthirster,,,,,,,,,,,,,,,,,,,,,,,,,,,,,,,,,,,,,,,,,,,,,,,,,,,,,,,,,,,,,,,,,,,,,,,,,1.0,,,,,,,,2.0,,,,,,,,,,,,,,,,,,,,2.0,DragonsClaw,GiantsBelt,,,,,,,,,,,,,,,,,,,,,,2.0,,,,,,,,,,,,,,,,,,,,,,None,None,,,,,,,,,,,,,,,,,,,,,,,,,,,,,,,,,,,,
7,EUW1_5971693931,TFT6_Augment_Meditation1,TFT6_Augment_ItemGrabBag1,TFT7_Augment_AxiomArc2,,0.0,,1.0,,,1.0,,0.0,,,,,2.0,,1.0,,,,,0.0,1.0,,,1.0,1.0,,0.0,,,,,,,,,1.0,MageEmblemItem,RabadonsDeathcap,JeweledGauntlet,,,,,,,,,,,,,,,,,,,,,,,,,,,,,,,,,,,,,,,,,,,,,,,,,,,,,,,,,2.0,,,,2.0,WarmogsArmor,,,,,,,,,,,,,,,,,,,,,,,,,,,2.0,,,,2.0,Shroud,,,,,,,,,,,,,,,,,,,,,,,,,,,,,,,,,,,,,,,,,,,,,,,,,,,,,,,,,,,,,,,,,,,,,,,2.0,DragonsClaw,RedBuff,GargoyleStoneplate,,,,,,,,,,,,,,,,,3.0,TrainerSnax,None,None,,,,,,,,,,,,,,,,,,,,,,,,,,,,,,,,,1.0,StatikkShiv,,
4,EUW1_5971693931,TFT7_Augment_BestFriends1,TFT6_Augment_Weakspot,TFT7_Augment_BestFriends2,1.0,,,1.0,,,1.0,,,0.0,3.0,0.0,0.0,,,,1.0,,,,2.0,,1.0,1.0,0.0,,0.0,,,,,,,,,,,,,,,,,,,,,,,,,,,,,,,,,,,,,,,,,,2.0,WarmogsArmor,GargoyleStoneplate,GargoyleStoneplate,,,,,,,,,,,,,,,,,,,,,,,,,,,,,,,,,,,,,,,,,1.0,NeedlesslyLargeRod,,,,,,,,,,,,,,,,,,,,,,,,,,,,,,,,,,,,,,,2.0,ShimmerscaleHeartOfGold,WarmogsArmor,,,,,,,,,,,,,,,,,,,,,,,,,,2.0,,,,,,,,,,,,,,,,1.0,ThiefsGloves,RecurveBow,RunaansHurricane,,,,,,,,,,,,,2.0,ShimmerscaleGoldmancersStaff,MadredsBloodrazor,StatikkShiv,,,,,,,,,,,None,None,,,,,2.0,ShimmerscaleEmblemItem,,,,,,,,,,,,,,,2.0,UnstableConcoction,GuildEmblemItem,MadredsBloodrazor,,,,,,,,,,,,
5,EUW1_5971693931,TFT6_Augment_TinyTitans,TFT7_Augment_MirageTrait,TFT7_Augment_CavalierEmblem,,,,,,4.0,1.0,,,0.0,1.0,,,0.0,3.0,,0.0,,0.0,,0.0,,,,,,1.0,,2.0,CavalierEmblemItem,SeraphsEmbrace,,,,,,,,,,,,,,,,,,,,,,,,,,,,,,,,,,2.0,ArchangelsStaff,JeweledGauntlet,Quicksilver,,,,,,,,,,,,,,,,,,,,,,,,,2.0,FrozenHeart,Morellonomicon,,,,,,,,,,,,,,,,,,,,,,,,,,2.0,,,,1.0,,,,,,,,,,,,,,,,,,,,2.0,RedBuff,,,,,,,,,,,,,,,,,,,,,,,2.0,,,,,,,,,,,,,,,,,,,,,,,,,,,,,,,,,,,,,,,,,,,,,,,,,,,,,,,,,,None,None,,,,,,,,,,,,,,,,,,,,,,,,,,,,,2.0,RapidFireCannon,MadredsBloodrazor,,,,,
3,EUW1_5971693931,TFT6_Augment_ItemGrabBag1,TFT7_Augment_Preparation,TFT6_Augment_CyberneticImplants2,1.0,1.0,,1.0,,,,0.0,,,2.0,,,1.0,0.0,0.0,,,,,,,,1.0,,,0.0,1.0,,,,,,,,,,,,,,,,,,,,,,,,,,,,,,,,,,,,,,,,,,,,,,,,,,,,,,,,,,,,,,,,,,,,,,,,,3.0,GargoyleStoneplate,Morellonomicon,Zephyr,,,,,,,,,,,,,,,,,,,,,,,,,,,,,3.0,LocketOfTheIronSolari,,,,,,,,,,,,,,,,,,,,,,,1.0,,,,,,,,2.0,LastWhisper,,,,,,,,,,,,,,,,,,,,,,,,,,,,,,,,,,,,,,,2.0,SparringGloves,,,,,,,,,,,,,,,,,,,,,None,None,,,,,2.0,,,,3.0,GuinsoosRageblade,RunaansHurricane,Deathblade,,,,,,,,,,,,,2.0,AssassinEmblemItem,GuardianAngel,,,,,,,,,
1,EUW1_5971693931,TFT7_Augment_MageTrait,TFT7_Augment_BestFriends1,TFT7_Augment_FirstAidKit2,,1.0,,1.0,,,,,0.0,,1.0,0.0,,3.0,,1.0,,,,,0.0,1.0,1.0,,,1.0,,0.0,,,,,,,,,,,,,,,,,,,,,,,,,,,,,,,,,,,,,,,,,,,,,,,,,,,,,,,,,,,,,,,,,,,,,2.0,,,,3.0,ThiefsGloves,LocketOfTheIronSolari,GargoyleStoneplate,,,,,,,,,,,,,,,,,,,,,,,,,2.0,,,,3.0,SpearOfShojin,ArchangelsStaff,GuinsoosRageblade,,,,,,,,,,,,,,,,,,,,,,,,,,,,,2.0,Chalice,,,,,,,,,,,,,,,,,,,,,,,,,,,,,,,1.0,,,,,,,,2.0,WarmogsArmor,Redemption,Quicksilver,,,,,,,,,,,,,,,,,3.0,TrainerSnax,None,None,,,,,,,,,,,,,3.0,SparringGloves,,,,,,,,,,,,,,,,,,,2.0,SpearOfShojin,GuinsoosRageblade,JeweledGauntlet
5,EUW1_5971685091,TFT6_Augment_Weakspot,TFT6_Augment_SecondWind1,TFT6_Augment_PortableForge,1.0,,,1.0,,1.0,,,,,3.0,,0.0,,,,1.0,,,,,,,1.0,1.0,,0.0,,,,,,,,,,,,,,,,,,,,,,,,,,,,,,,,,,,,,,,,,,,,,,,,,,,,,,,,,,,,,,,,,,1.0,,,,,,,,,,,,,,,,,,,,,,,,,,,,,,,,,,,,,,,,,,,,,,,,,,,,,,,,,,,,2.0,WarmogsArmor,RedBuff,OrnnRocketPropelledFist,,,,,2.0,HextechGunblade,JeweledGauntlet,,,,,,2.0,,,,,,,,,,,,2.0,,,,,,,,,,,,,,,,,,,,,,,,,,,,,,,,2.0,Bloodthirster,FrozenHeart,,,,,,,,,,,,None,None,,,,,2.0,,,,,,,,,,,,,,,,2.0,GuinsoosRageblade,MadredsBloodrazor,Quicksilver,,,,,,,,,,,,
8,EUW1_5971685091,TFT6_Augment_Weakspot,TFT6_Augment_Distancing,TFT6_Augment_ThrillOfTheHunt2,,,1.0,,1.0,,1.0,,0.0,1.0,1.0,,,,,1.0,,0.0,,,1.0,,,,,1.0,,0.0,,,,,,,,,,,,,,,,,,,,,1.0,,,,,,,,1.0,MadredsBloodrazor,StatikkShiv,ShimmerscaleDravensAxe,,,,,,,,,2.0,BrambleVest,DragonsClaw,,,,,,,,,,,,,,,,,,,,,,,,,,,,,,,,,,,,,,,,,,,,,,,,,,,,,,,,,,1.0,,,,,,,,,,,,,,,,,,,,,,,,,,,,,,,,,,,,,,,,,,,,,,,,,,,,,,,,,,,,,,,,,,,,,,,,,,,,,,,,,,,,,,,,,,,,2.0,,,,1.0,TrainerSnax,None,None,2.0,,,,,,,,,,,,,,,,,,,,,,,,,,,,,,,,,,,
7,EUW1_5971685091,TFT6_Augment_CyberneticImplants1,TFT6_Augment_TinyTitans,TFT6_Augment_TomeOfTraits1,,0.0,,1.0,,,1.0,,0.0,0.0,,,0.0,1.0,,1.0,,,,,0.0,1.0,,,2.0,0.0,,0.0,,,,,,,,,1.0,JeweledGauntlet,InfinityEdge,SpearOfShojin,,,,,,,,,,,,,,,,,,,,,,,,,,,,,,,,,,,,,,,,,,,,,,,,,,,,,,,,,,,,,2.0,RedBuff,WarmogsArmor,LocketOfTheIronSolari,,,,,,,,,,,,,,,,,,,,,,,,,1.0,,,,1.0,,,,,,,,,,,,,,,,,,,,1.0,,,,,,,,,,,,,,,,,,,,,,,,,,,,,,,,,,,,,,,,,,,,,,,,,,,,1.0,ChainVest,,,,,,,,,,,,,,,,,,,,,None,None,,,,,,,,,,,,,,,,,,,,,,,,,,,,,,,,,1.0,GuardianEmblemItem,,
1,EUW1_5971685091,TFT6_Augment_TriForce1,TFT6_Augment_Electrocharge1,TFT6_Augment_TargetDummies,,1.0,1.0,1.0,,,,,0.0,,2.0,,,1.0,,2.0,,,,,0.0,1.0,,1.0,,0.0,,0.0,,,,,,,,,,,,,,,,,,,,,1.0,MageEmblemItem,,,,,,,,,,,,,,,,,,,,,,,,,,,,,,,,,,,,,,,,,,,,,,,,,,,3.0,Morellonomicon,Redemption,WarmogsArmor,,,,,,,,,,,,,,,,,,,,,,,,,2.0,,,,3.0,,,,,,,,,,,,,,,,,,,,,,,,,,,,,,,,,,,,,,,,,,,,,,,,,,,,,,,,,,,,,,,,,,,,,,,,2.0,Redemption,,,,,,,,,,,,,,,,,,,,,None,None,,,,,2.0,RunaansHurricane,,,3.0,GuinsoosRageblade,RunaansHurricane,MadredsBloodrazor,,,,,,,,,,,,,,,,,,,,,1.0,Redemption,ArchangelsStaff,
2,EUW1_5971685091,TFT6_Augment_ThrillOfTheHunt1,TFT6_Augment_TinyTitans,TFT7_Augment_PandorasBench,,0.0,1.0,1.0,,,1.0,,0.0,0.0,1.0,,0.0,1.0,,2.0,,,,,0.0,1.0,,,2.0,1.0,,0.0,,,,,,,,,2.0,SpearOfShojin,ArchangelsStaff,HextechGunblade,,,,,,,,,2.0,,,,,,,,,,,,,,,,,,,,,,,,,,,,,,,,,,,,,,,,,,,,,,,,2.0,Morellonomicon,,,,,,,,,,,,,,,,,,,,,,,,,,,,,,,2.0,,,,2.0,,,,,,,,,,,,,,,,,,,,1.0,,,,,,,,,,,,,,,,,,,,,,,,,,,,,,,,,,,,,,,,,,,,,,,,,,,,2.0,DragonsClaw,TitansResolve,GuardianEmblemItem,,,,,,,,,,,,,,,,,4.0,TrainerSnax,None,None,,,,,,,,,,,,,,,,,,,,,,,,,,,,,,,,,2.0,Morellonomicon,GuinsoosRageblade,RabadonsDeathcap
6,EUW1_5971685091,TFT6_Augment_Distancing,TFT6_Augment_SecondWind1,TFT6_Augment_Meditation2,,2.0,,1.0,,0.0,1.0,,0.0,,1.0,,,2.0,,0.0,,,0.0,,,,,,,,,0.0,,,,,,,,,,,,,,,,,1.0,,,,,,,,,,,,,,,,,,,,,,,,,,,,,,,,,,,,,,,,,,,,,,,,,,,,,,,,2.0,,,,,,,,,,,,,,,,,,,,,,,,2.0,RedBuff,DragonsClaw,,,,,,3.0,StatikkShiv,ArchangelsStaff,RabadonsDeathcap,,,,,,,,,,,,,,,,,,,,,,,,,,,,,2.0,,,,,,,,,,,,,,,,,,,,,,,,,,,,,,,,,,,,,,,,2.0,WarmogsArmor,RedBuff,GargoyleStoneplate,,,,,,,,,,,,,,,,,,,None,None,,,,,,,,,,,,,2.0,,,,,,,,,,,,,,,,,,,,,,,
3,EUW1_5971685091,TFT6_Augment_MakeshiftArmor1,TFT6_Augment_Electrocharge1,TFT6_Augment_TomeOfTraits1,,0.0,1.0,,,2.0,1.0,0.0,1.0,,1.0,,,0.0,3.0,2.0,0.0,1.0,,,,,,,,0.0,0.0,,,,,,,,,,,,,,,,,,,,,,1.0,,,,,,,,,,,,,,,,2.0,RevelEmblemItem,ArchangelsStaff,MadredsBloodrazor,,,,,,,,,,,,,,,,,,,,,,,,,2.0,MirageEmblemItem,Quicksilver,,,,,,,,,,,,,,,,,,,,,,,,,,,,,,,,,,2.0,,,,1.0,,,,,,,,,,,,2.0,,,,,,,,,,,,,,,,,,,,,,,,,,,,,,,,,,,,,,,,,,,,,,,,2.0,StatikkShiv,PowerGauntlet,GuinsoosRageblade,,,,,,,,,,,,,,,,,,,,,,,,,,,,,,,None,None,,,,,,,,,,,,,,,,,,,,,,,,,1.0,CavalierEmblemItem,TitansResolve,UnstableConcoction,,,,,,,,
4,EUW1_5971685091,TFT6_Augment_LudensEcho1,TFT6_Augment_PandorasItems,TFT6_Augment_PortableForge,,1.0,,1.0,,0.0,,,0.0,,1.0,,,3.0,,1.0,,,0.0,,,,,,,1.0,,0.0,,,,,,,,,,,,,,,,,,,,,,,,,,,,,,,,,,,,,,,,,,,,,,,,,,,,,,,,,,,,,,,,,,,,,2.0,,,,2.0,WarmogsArmor,MageEmblemItem,TitansResolve,,,,,,,,,,,,,,,,,,,,,2.0,,,,2.0,,,,3.0,SpearOfShojin,ArchangelsStaff,StatikkShiv,,,,,,,,,,,,,,,,,,,,,,,,,,,,,2.0,Chalice,MadredsBloodrazor,,,,,,,,,,,,,,,,,,,,,,,,,,,,,,,,,,,,,,2.0,OrnnEternalWinter,GargoyleStoneplate,RedBuff,,,,,,,,,,,,,,,,,4.0,TrainerSnax,None,None,,,,,,,,,,,,,2.0,,,,,,,,,,,,,,,,,,,,,,,
2,EUW1_5971163034,TFT7_Augment_LivingForge,TFT7_Augment_MikaelsGift,TFT6_Augment_JeweledLotus,,,,1.0,,,1.0,0.0,,0.0,,0.0,,0.0,,,0.0,,,2.0,,,,,,,,3.0,,,,,,,,,,,,,,,,,,,,,,,,,,,,,,,,,,,,,,,,,,,,,,,,,2.0,RedBuff,,,3.0,OrnnZhonyasParadox,ArchangelsStaff,Bloodthirster,,,,,2.0,ZekesHerald,LastWhisper,OrnnRanduinsSanctum,,,,,,,,,,,,,,,,,,,,,,,,,,,,,,,,,,,,,,,,,,,,,2.0,OrnnRocketPropelledFist,JeweledGauntlet,,,,,,,,,,,,,,,,,,,,,,,,,,,,,,,,,,,,,,,,,,,,,,,,,,,,,,,,,,,,,,2.0,LocketOfTheIronSolari,LocketOfTheIronSolari,LocketOfTheIronSolari,2.0,,,,,,,,,,,,,,,,2.0,Shroud,,,,,None,None,,,,,,,,,,,,,,,,,,,,,,,,,,,,,,,,,,,,
3,EUW1_5971163034,TFT7_Augment_CavalierEmblem2,TFT6_Augment_TomeOfTraits1,TFT6_Augment_CyberneticUplink2,,,1.0,,,3.0,1.0,0.0,,,3.0,,,,3.0,0.0,0.0,,,,,,,,,,1.0,,,,,,,,,,,,,,,,,,,,,,1.0,RapidFireCannon,,,,,,,,,,,,,,,2.0,InfinityEdge,ArchangelsStaff,JeweledGauntlet,,,,,,,,,,,,,,,,,,,,,,,,,2.0,Zephyr,,,,,,,,,,,,,,,,,,,,,,,,,,,,,,,,,,,,,,,,,,,,,,,,,,,2.0,TitansResolve,RedBuff,WarmogsArmor,,,,,,,,,,,,,,,,,,,,,2.0,,,,,,,,,,,,,,,,,,,,,,,,,,,,,,,,,,,,,,,,,,,,,,,,,,,,,,,,,,None,None,,,,,,,,,,,,,,,,,,,,,,,,,1.0,CavalierEmblemItem,GuildEmblemItem,ZekesHerald,2.0,PowerGauntlet,,,,,,
4,EUW1_5971163034,TFT6_Augment_Twins3,TFT6_Augment_ThrillOfTheHunt2,TFT6_Augment_TargetDummies,,0.0,,0.0,,,1.0,0.0,,,,0.0,,,,,1.0,,,2.0,,,,,,,,,,,,,,,,,,,,,,,,,,,,,,,,,,,,,,,,,,,,,,,,,,,,,,,,,,,,,,,,,,,,,,,,,,,,,,,,,,,,,,,,,,,,,,,,,,,,,,,,,,,,,,,,,,,,,2.0,,,,3.0,Quicksilver,Deathblade,GuinsoosRageblade,,,,,,,,,,,,,,,,,,,,,,,,,,,,,,,,,,,,,,,,,1.0,RedBuff,,,3.0,FrozenHeart,BrambleVest,,,,,,,,,,2.0,Zephyr,,,,,,,,,,,,,,,,,,,,,,,,,None,None,,,,,,,,,,,,,,,,,,,,,,,,,,,,,,,,,,,,
6,EUW1_5971163034,TFT7_Augment_GuildEmblem2,TFT6_Augment_TargetDummies,TFT6_Augment_PortableForge,1.0,,,1.0,,1.0,,,,,4.0,,0.0,,,,1.0,,,,,,,1.0,1.0,,0.0,,,,,,,,,,,,,,,,,,,,,,,,,,,,,,,,,,,,,,,,,,,,,,,,,,,,,,,,,,,,,,,,,,2.0,WarmogsArmor,,,,,,,,,,,,,,,,,,,,,,,,,,,,,,,,,,,,,,,,,,,,,,,,,,,,,,,,,,,2.0,OrnnDeathsDefiance,NegatronCloak,Morellonomicon,,,,,1.0,,,,,,,,2.0,,,,,,,,,,,,2.0,GuildEmblemItem,,,,,,,,,,,,,,,,,,,,,,,,,,,,,,,1.0,InfinityEdge,LastWhisper,,,,,,,,,,,,None,None,,,,,2.0,StatikkShiv,,,,,,,,,,,,,,,2.0,Quicksilver,GuinsoosRageblade,MadredsBloodrazor,,,,,,,,,,,,
7,EUW1_5971163034,TFT7_Augment_RagewingEmblem2,TFT7_Augment_RagewingScorch,TFT7_Augment_BestFriends2,0.0,,,1.0,,1.0,,0.0,,,1.0,,0.0,,,,2.0,,,,0.0,,,1.0,1.0,,0.0,,,,,,,,,,,,,,,,,,,,,,,,,,,,,,,,,,,,,,,,,,,,,,,,,,,,,,,,,,1.0,,,,,,,,2.0,GargoyleStoneplate,WarmogsArmor,DragonsClaw,,,,,,,,,,,,,,,,,2.0,,,,,,,,,,,,,,,,,,,,,,,,,,,,,,,,,,,,,,,,1.0,RagewingEmblemItem,,,,,,,,,,,,,,,1.0,,,,,,,,2.0,,,,2.0,PowerGauntlet,,,,,,,,,,,,,,,,,,,,,,,,,,,,,,,,,,,,,,,,,,,,,None,None,,,,,,,,,,,,,,,,,,,,,2.0,RunaansHurricane,MadredsBloodrazor,GuinsoosRageblade,,,,,,,,,,,,
8,EUW1_5971163034,TFT7_Augment_BestFriends3,TFT7_Augment_LastStand,TFT6_Augment_ComponentGrabBag,,,,,2.0,,1.0,,1.0,1.0,,,,,,0.0,,2.0,0.0,,1.0,,,,,1.0,,,,,,,,,,,,,,,,,,,,,,,,,,,1.0,TitanicHydra,,,1.0,MadredsBloodrazor,GuinsoosRageblade,InfinityEdge,,,,,,,,,1.0,RedBuff,,,,,,,,,,,,,,,,,,,,,,,,,,,,,,,,,,,2.0,,,,,,,,,,,,,,,,,,,,,,,,2.0,,,,,,,,,,,,,,,,,,,,,,,,,,,,,,,,,,,,,,,,,,,,,,,,,,,,,,,,,,,,,,,,2.0,BFSword,ShimmerscaleGamblersBlade,,,,,,,,,,,,,,,,,,,,,,,,,,,,,,2.0,TrainerSnax,None,None,1.0,,,,,,,,,,,,,,,,,,,,,,,,,,,,,,,,,,,
5,EUW1_5971163034,TFT6_Augment_TriForce3,TFT7_Augment_BestFriends2,TFT6_Augment_SunfireBoard,1.0,1.0,,1.0,,,,,,,2.0,,,1.0,,0.0,,,,,0.0,1.0,,1.0,0.0,,,0.0,,,,,,,,,,,,,,,,,,,,,,,,,,,,,,,,,,,,,,,,,,,,,,,,,,,,,,,,,,,,,,,,,,,,,,,,,2.0,,,,,,,,,,,,,,,,,,,,,,,,,,,,,,,,2.0,Zephyr,,,,,,,,,,,,,,,,,,,,,,,,,,,1.0,RecurveBow,,,,,,,,,,,,,,,,,,,,,,,,,,,,,,,,,,,,,,,,,,,2.0,ThiefsGloves,GiantsBelt,Zephyr,,,,,2.0,,,,,,,,,,,,,,None,None,,,,,2.0,,,,2.0,GuinsoosRageblade,InfinityEdge,RunaansHurricane,,,,,,,,,,,,,,,,,,,,,1.0,ArchangelsStaff,ZekesHerald,SeraphsEmbrace
1,EUW1_5971163034,TFT7_Augment_BestFriends3,TFT6_Augment_Electrocharge2,TFT7_Augment_SwiftshotPressTheAttack,,1.0,1.0,1.0,,,,,0.0,,2.0,,,1.0,,2.0,,,,,0.0,1.0,,1.0,,0.0,,0.0,,,,,,,,,,,,,,,,,,,,,1.0,SpearOfShojin,,,,,,,,,,,,,,,,,,,,,,,,,,,,,,,,,,,,,,,,,,,,,,,,,,,3.0,RedBuff,FrozenHeart,GargoyleStoneplate,,,,,,,,,,,,,,,,,,,,,,,,,2.0,PowerGauntlet,,,3.0,ThiefsGloves,,,,,,,,,,,,,,,,,,,,,,,,,,,,,,,,,,,,,,,,,,,,,,,,,,,,,,,,,,,,,,,,,,,,,,,2.0,TitanicHydra,,,,,,,,,,,,,,,,,,,,,None,None,,,,,2.0,,,,3.0,GuinsoosRageblade,RunaansHurricane,Deathblade,,,,,,,,,,,,,,,,,,,,,1.0,,,
6,EUW1_5971013384,TFT6_Augment_SunfireBoard,TFT6_Augment_Electrocharge1,TFT7_Augment_UrfsGrabBag2,1.0,,,1.0,,1.0,,,,,2.0,,0.0,,,,1.0,,,,,,,1.0,1.0,,0.0,,,,,,,,,,,,,,,,,,,,,,,,,,,,,,,,,,,,,,,,,,,,,,,,,,,,,,,,,,,,,,,,,,1.0,TitanicHydra,,,,,,,,,,,,,,,,,,,,,,,,,,,,,,,,,,,,,,,,,,,,,,,,,,,,,,,,,,,1.0,CavalierEmblemItem,UnstableConcoction,,,,,,1.0,,,,,,,,,,,,,,,,,,,,2.0,,,,,,,,,,,,,,,,,,,,,,,,,,,,,,,,2.0,MadredsBloodrazor,InfinityEdge,Deathblade,,,,,,,,,,,None,None,,,,,2.0,,,,,,,,,,,,,,,,2.0,MadredsBloodrazor,GuinsoosRageblade,Quicksilver,,,,,,,,,,,,
4,EUW1_5971013384,TFT7_Augment_SwiftshotEmblem,TFT6_Augment_TriForce1,TFT6_Augment_BandOfThieves2,,1.0,,1.0,,,,,,,2.0,,,1.0,,0.0,,,,,,,,2.0,0.0,,,0.0,,,,,,,,,,,,,,,,,,,,,,,,,,,,,,,,,,,,,,,,,,,,,,,,,,,,,,,,,2.0,ThiefsGloves,ChainVest,LocketOfTheIronSolari,,,,,,,,,,,,,3.0,RedBuff,ChainVest,WarmogsArmor,,,,,,,,,,,,,,,,,,,,,,,,,,,,,3.0,SwiftshotEmblemItem,ArchangelsStaff,ArchangelsStaff,,,,,,,,,,,,,,,,,,,,,,,,,,,,,2.0,,,,,,,,,,,,,,,,,,,,,,,,,,,,,,,,,,,,,,,,2.0,FrozenHeart,,,,,,,,,,,,,,,,,,,,,None,None,,,,,2.0,ThiefsGloves,ChainVest,IonicSpark,3.0,InfinityEdge,GuinsoosRageblade,,,,,,,,,,,,,,,,,,,,,,,,,
2,EUW1_5971013384,TFT6_Augment_ClearMind,TFT6_Augment_ThrillOfTheHunt1,TFT7_Augment_BestFriends3,1.0,,1.0,1.0,,1.0,,,,,4.0,,0.0,,,0.0,1.0,,,,,,,1.0,1.0,,0.0,,,,,,,,,,,,,,,,,,,,,,2.0,,,,,,,,,,,,,,,,,,,,,,,,,,,,,,,,,,,,,,,,,,,,2.0,RabadonsDeathcap,,,,,,,,,,,,,,,,,,,,,,,,,,,,,,,,,,,,,,,,,,,,,,,,,,,,,,,,,,,2.0,ThiefsGloves,RunaansHurricane,TitanicHydra,,,,,2.0,FrozenHeart,IonicSpark,,,,,,2.0,,,,,,,,,,,,2.0,,,,,,,,,,,,,,,,,,,,,,,,,,,,,,,,2.0,InfinityEdge,GuardianAngel,LastWhisper,,,,,,,,,,,None,None,,,,,2.0,,,,,,,,,,,,,,,,2.0,Quicksilver,GuinsoosRageblade,MadredsBloodrazor,,,,,,,,,,,,
1,EUW1_5971013384,TFT6_Augment_RichGetRicher,TFT6_Augment_Weakspot,TFT7_Augment_ThinkFast,,,1.0,,2.0,,1.0,,0.0,1.0,1.0,0.0,,,,1.0,,2.0,,,1.0,,1.0,,,1.0,,0.0,,,,,,,,,,,,,,,,,,,,,1.0,,,,,,,,2.0,MadredsBloodrazor,GuinsoosRageblade,InfinityEdge,,,,,,,,,2.0,GargoyleStoneplate,WarmogsArmor,DragonsClaw,,,,,,,,,,,,,,,,,,,,,,,,,,,,,,,,,2.0,ZekesHerald,,,,,,,,,,,,,,,,,,,,,,,2.0,,,,,,,,,,,,,,,,,,,,,,,,,,,,,,,,,,,,,,,,,,,,,,,,,,,,,,,,,,,,,,,,,,,,2.0,,,,,,,,,,,,,,,,,,,,,,,,2.0,,,,4.0,TrainerSnax,None,None,2.0,RevelEmblemItem,ShimmerscaleGamblersBlade,StatikkShiv,,,,,,,,,,,,,,,,,,,,,,,,,,,,,,,,
5,EUW1_5971013384,TFT7_Augment_JadePenitence,TFT6_Augment_TinyTitans,TFT6_Augment_BinaryAirdrop,,,1.0,,,,1.0,,1.0,,1.0,2.0,0.0,,,2.0,,,,1.0,,,1.0,,,0.0,,,,,,,2.0,Morellonomicon,ArchangelsStaff,GuardianAngel,,,,,,,,,,,,,1.0,,,,,,,,,,,,,,,,,,,,,,,,2.0,Bloodthirster,TitansResolve,LocketOfTheIronSolari,,,,,,,,,,,,,2.0,LocketOfTheIronSolari,SparringGloves,GargoyleStoneplate,,,,,,,,,,,,,,,,,,,,,,,,,,,,,,,,,,,,,2.0,,,,,,,,2.0,DragonsClaw,TitanicHydra,RedBuff,,,,,,,,,,,,,,,,,,,,,,,,,,,,,,,,,,,,,,,,,,,,,,,,,,,,,,,,,1.0,IonicSpark,BFSword,ArchangelsStaff,,,,,,,,,,,,,,,,,,,,,,,,,,,None,None,,,,,,,,,,,,,,,,,,,,,,,,,,,,,,,,,,,,
3,EUW1_5971013384,TFT6_Augment_TargetDummies,TFT7_Augment_CannoneerTrait,TFT6_Augment_VerdantVeil,,,1.0,,3.0,,1.0,,1.0,0.0,1.0,,,,,1.0,,2.0,,,1.0,,,,,1.0,,,,,,,,,,,,,,,,,,,,,,,1.0,Shroud,,,,,,,2.0,InfinityEdge,RunaansHurricane,GuinsoosRageblade,,,,,,,,,2.0,Redemption,RedBuff,Redemption,,,,,,,,,,,,,,,,,,,,,,,,,,,,,,,,,2.0,,,,,,,,,,,,,,,,,,,,,,,,2.0,PowerGauntlet,,,,,,,,,,,,,,,,,,,,,,,,,,,,,,,,,,,,,,,,,,,,,,,,,,,,,,,,,,,,,,,2.0,SpearOfShojin,ShimmerscaleGamblersBlade,,,,,,,,,,,,,,,,,,,,,,,,,,,,,,4.0,TrainerSnax,None,None,2.0,,,,,,,,,,,,,,,,,,,,,,,,,,,,,,,,,,,
8,EUW1_5971013384,TFT6_Augment_TomeOfTraits1,TFT6_Augment_CelestialBlessing1,TFT6_Augment_ForceOfNature,1.0,,,0.0,,1.0,1.0,,0.0,,2.0,,0.0,,2.0,,,1.0,,,,,,,1.0,,,,,,,,,,,,,,,,,,,,,,,,,,,,,,,,,,,,,,,,1.0,RevelEmblemItem,GuinsoosRageblade,RapidFireCannon,,,,,,,,,,,,,,,,,,,,,,,,,,,,,,,,,,,,,,,,,,,,,,,,,,,,,,,,,,,,,,,,,,,,,,,,,,,,,2.0,,,,,,,,1.0,GargoyleStoneplate,,,,,,,2.0,FrozenHeart,,,,,,,2.0,,,,,,,,,,,,,,,,,,,,,,,,2.0,Chalice,,,,,,,,,,,,,,,,,,,2.0,InfinityEdge,BFSword,,,,,,,,,,,,None,None,,,,,,,,,,,,,,,,,,,,,,,,,,,,,,,,,,,,
7,EUW1_5971013384,TFT7_Augment_MikaelsGift,TFT7_Augment_MirageTrait,TFT6_Augment_HighEndShopping,,,,,,2.0,1.0,0.0,,0.0,1.0,,,,4.0,,0.0,,,,,,,,,,1.0,,,,,,,,,,,,,,,,,,,,,,,,,,,,,,,,,,,,,,2.0,MadredsBloodrazor,InfinityEdge,JeweledGauntlet,,,,,,,,,,,,,,,,,,,,,,,,,2.0,TitansResolve,,,,,,,,,,,,,,,,,,,,,,,,,,,2.0,LocketOfTheIronSolari,ZekesHerald,,,,,,,,,,,,,,,,,,,,,,2.0,,,,,,,,,,,,,,,,,,,,,,,,2.0,,,,,,,,,,,,,,,,,,,,,,,,,,,,,,,,,,,,,,,,,,,,,,,,,,,,,,,,,,None,None,,,,,,,,,,,,,,,,,,,,,,,,,2.0,LastWhisper,SeraphsEmbrace,MadredsBloodrazor,2.0,,,,,,,
5,EUW1_5971028720,TFT6_Augment_Meditation1,TFT6_Augment_SecondWind1,TFT6_Augment_BlueBattery2,,1.0,,1.0,,,,,0.0,,1.0,,,2.0,,1.0,,,,,,,,,,1.0,,0.0,,,,,,,,,,,,,,,,,,,,,,,,,,,,,,,,,,,,,,,,,,,,,,,,,,,,,,,,,,,,,,,,,,,,,2.0,RapidFireCannon,,,2.0,ThiefsGloves,GiantsBelt,RedBuff,,,,,,,,,,,,,,,,,,,,,,,,,2.0,,,,3.0,,,,,,,,,,,,,,,,,,,,,,,,,,,,,,,,2.0,ArchangelsStaff,SpearOfShojin,,,,,,,,,,,,,,,,,,,,,,,,,,,,,,,,,,,,,,2.0,GargoyleStoneplate,RedBuff,WarmogsArmor,,,,,,,,,,,,,,,,,1.0,TrainerSnax,None,None,,,,,,,,,,,,,2.0,,,,,,,,,,,,,,,,,,,,,,,
1,EUW1_5971028720,TFT7_Augment_AFK,TFT6_Augment_SecondWind1,TFT6_Augment_Diversify2,,,1.0,,2.0,,1.0,,1.0,0.0,1.0,,,,,1.0,,2.0,,,1.0,,,,,1.0,,,,,,,,,,,,,,,,,,,,,,,1.0,ShimmerscaleHeartOfGold,,,,,,,2.0,GuinsoosRageblade,MadredsBloodrazor,UnstableConcoction,,,,,,,,,2.0,BrambleVest,DragonsClaw,GargoyleStoneplate,,,,,,,,,,,,,,,,,,,,,,,,,,,,,,,,,2.0,Chalice,MadredsBloodrazor,,,,,,,,,,,,,,,,,,,,,,2.0,,,,,,,,,,,,,,,,,,,,,,,,,,,,,,,,,,,,,,,,,,,,,,,,,,,,,,,,,,,,,,,,1.0,,,,,,,,,,,,,,,,,,,,,,,,,,,,,,,,1.0,TrainerSnax,None,None,1.0,,,,,,,,,,,,,,,,,,,,,,,,,,,,,,,,,,,
3,EUW1_5971028720,TFT7_Augment_RevelTrait,TFT6_Augment_Weakspot,TFT7_Augment_UrfsGrabBag1,,,,,2.0,,1.0,,1.0,1.0,,,,,,0.0,,3.0,,,1.0,,,,,1.0,,0.0,,,,,,,,,,,,,,,,,,,,,,,,,,,,,2.0,MadredsBloodrazor,GuinsoosRageblade,,,,,,,,,,1.0,GargoyleStoneplate,RedBuff,IonicSpark,,,,,,,,,,,,,,,,,,,,,,,,,,,,,,,,,2.0,,,,,,,,,,,,,,,,,,,,,,,,1.0,Zephyr,,,,,,,,,,,,,,,,,,,,,,,,,,,,,,,,,,,,,,,,,,,,,,,,,,,,,,,,,,,,,,,2.0,ShimmerscaleHeartOfGold,SpearOfShojin,,,,,,,,,,,,,,,,,,,,,,,,,,1.0,,,,1.0,TrainerSnax,None,None,2.0,,,,,,,,,,,,,,,,,,,,,,,,,,,,,,,,,,,
7,EUW1_5971028720,TFT7_Augment_SwiftshotTrait,TFT6_Augment_TinyTitans,TFT6_Augment_Ascension,1.0,,,1.0,,1.0,,,,,2.0,,0.0,,,,1.0,,,,,,,1.0,1.0,,0.0,,,,,,,,,,,,,,,,,,,,,,,,,,,,,,,,,,,,,,,,,,,,,,,,,,,,,,,,,,,,,,,,,,1.0,,,,,,,,,,,,,,,,,,,,,,,,,,,,,,,,,,,,,,,,,,,,,,,,,,,,,,,,,,,,2.0,FrozenHeart,,,,,,,2.0,,,,,,,,2.0,,,,,,,,,,,,2.0,ChainVest,,,,,,,,,,,,,,,,,,,,,,,,,,,,,,,2.0,Bloodthirster,InfinityEdge,,,,,,,,,,,,None,None,,,,,,,,,,,,,,,,,,,,,1.0,Quicksilver,GuinsoosRageblade,InfinityEdge,,,,,,,,,,,,
6,EUW1_5971028720,TFT7_Augment_BestFriends1,TFT6_Augment_ThrillOfTheHunt1,TFT6_Augment_Meditation2,,,,,2.0,,1.0,,1.0,1.0,,,,,,0.0,,2.0,,,1.0,,,,,1.0,,0.0,,,,,,,,,,,,,,,,,,,,,,,,,,,,,1.0,GuinsoosRageblade,MadredsBloodrazor,Deathblade,,,,,,,,,1.0,ShimmerscaleHeartOfGold,WarmogsArmor,Redemption,,,,,,,,,,,,,,,,,,,,,,,,,,,,,,,,,2.0,SpearOfShojin,MadredsBloodrazor,,,,,,,,,,,,,,,,,,,,,,2.0,,,,,,,,,,,,,,,,,,,,,,,,,,,,,,,,,,,,,,,,,,,,,,,,,,,,,,,,,,,,,,,,1.0,,,,,,,,,,,,,,,,,,,,,,,,,,,,2.0,,,,3.0,TrainerSnax,None,None,2.0,,,,,,,,,,,,,,,,,,,,,,,,,,,,,,,,,,,
2,EUW1_5971028720,TFT6_Augment_ThrillOfTheHunt1,TFT7_Augment_LategameSpecialist,TFT7_Augment_BruiserEmblem,1.0,0.0,,3.0,,,1.0,,,,1.0,,0.0,0.0,,,0.0,,,,,,,,0.0,,0.0,3.0,,,,,,,,,,,,,,,,,,,,,,,,,,,,,,,,,,,,,,,,,,,,,,,,,2.0,MadredsBloodrazor,Bloodthirster,Quicksilver,,,,,,,,,,,,,,,,,,,,,2.0,,,,,,,,,,,,,,,,,,,,,,,,,,,,,,,,,,,,,,,,,,,,,,,,,,,,2.0,TearOfTheGoddess,,,1.0,FrozenHeart,InfinityEdge,SeraphsEmbrace,,,,,,,,,,,,,,,,,,,,,2.0,,,,,,,,,,,,,,,,,,,,,,,,2.0,,,,,,,,2.0,UnstableConcoction,WhispersEmblemItem,BruiserEmblemItem,,,,,,,,,,,None,None,,,,,,,,,,,,,,,,,,,,,,,,,,,,,,,,,,,,
8,EUW1_5971028720,TFT6_Augment_CyberneticUplink1,TFT7_Augment_GuildTrait,TFT7_Augment_AssassinEmblem,1.0,,,1.0,,,1.0,,,0.0,1.0,,0.0,0.0,,,,,,0.0,,,,,1.0,,,3.0,,,,,,,,,,,,,,,,,,,,,,,,,,,,,,,,,,,,,,,,,,,,,,,,,2.0,GuinsoosRageblade,RapidFireCannon,Quicksilver,2.0,Redemption,,,,,,,,,,,,,,,,,,,,,,,,,,,,,,,,,,,,,,,,,,,,,,,,,,,,,,,,,,,,,,,,,,,,,,,1.0,,,,,,,,2.0,,,,,,,,,,,,,,,,,,,,,,,,,,,,,,,,,,,,,,,,,,,,1.0,BrambleVest,AssassinEmblemItem,,,,,,,,,,,,,,1.0,,,,,,None,None,,,,,,,,,,,,,,,,,,,,,,,,,,,,,,,,,,,,
4,EUW1_5971028720,TFT6_Augment_TriForce1,TFT6_Augment_LudensEcho1,TFT6_Augment_TriForce2,,1.0,,1.0,,,,,0.0,,1.0,,,2.0,,1.0,,,,,,,,,,1.0,,0.0,,,,,,,,,,,,,,,,,,,,,,,,,,,,,,,,,,,,,,,,,,,,,,,,,,,,,,,,,,,,,,,,,,,,,1.0,,,,3.0,BrambleVest,Redemption,Zephyr,,,,,,,,,,,,,,,,,,,,,,,,,1.0,,,,3.0,PowerGauntlet,,,,,,,,,,,,,,,,,,,,,,,,,,,,,,,2.0,ArchangelsStaff,UnstableConcoction,SpearOfShojin,,,,,,,,,,,,,,,,,,,,,,,,,,,,,,,,,,,,,2.0,,,,,,,,,,,,,,,,,,,,1.0,TrainerSnax,None,None,,,,,,,,,,,,,2.0,,,,,,,,,,,,,,,,,,,,,,,
8,EUW1_5972106602,TFT7_Augment_GuardianEmblem,TFT6_Augment_CyberneticImplants1,TFT6_Augment_SecondWind1,,,,,0.0,0.0,1.0,0.0,,2.0,,,,,,,1.0,,0.0,0.0,1.0,,,,,,,0.0,,,,,,,,,,,,,,,,,,,,,,,,,2.0,,,,,,,,,,,,,,,,1.0,TitanicHydra,NegatronCloak,,,,,,,,,,,,,,,,,,,,,,2.0,GuardianEmblemItem,,,,,,,,,,,,,,,,,,,,,,,,,,,,,,,,,,,,,,,,,,,,,,,,,,,,,,,,,,,,,,,,,,,,,,,,,,,,,,,2.0,GuinsoosRageblade,Quicksilver,ShimmerscaleGamblersBlade,,,,,,,,,,,,,,,,,,,,,,,,,2.0,GuinsoosRageblade,,,,,,,,,,,,,,,,,,,2.0,,,,,,None,None,,,,,,,,,,,,,,,,,,,,,,,,,,,,,,,,,,,,
7,EUW1_5972106602,TFT7_Augment_AxiomArc2,TFT7_Augment_CannoneerTrait,TFT6_Augment_SecondWind1,,,,,4.0,,1.0,,1.0,0.0,,,,,,0.0,0.0,2.0,,,1.0,,,,,1.0,,,,,,,,,,,,,,,,,,,,,,,,,,,,,,,1.0,UnstableConcoction,InfinityEdge,MadredsBloodrazor,,,,,,,,,2.0,GargoyleStoneplate,GargoyleStoneplate,,,,,,,,,,,,,,,,,,,,,,,,,,,,,,,,,,2.0,,,,,,,,,,,,,,,,,,,,,,,,1.0,,,,,,,,,,,,,,,,,,,,,,,,,,,,,,,,,,,,,,,,,,,,1.0,,,,,,,,,,,,,,,,,,,,2.0,JeweledGauntlet,ShimmerscaleGamblersBlade,GuinsoosRageblade,,,,,,,,,,,,,,,,,,,,,,,,,,,,,3.0,TrainerSnax,None,None,2.0,,,,,,,,,,,,,,,,,,,,,,,,,,,,,,,,,,,
3,EUW1_5972106602,TFT6_Augment_LudensEcho2,TFT6_Augment_LudensEcho1,TFT7_Augment_GuardianTrait,,,1.0,,1.0,,1.0,,1.0,1.0,1.0,,,1.0,,1.0,,1.0,,,1.0,1.0,,,,2.0,,,,,,,,,,,,,,,,,,,,,,,2.0,,,,,,,,2.0,HextechGunblade,StatikkShiv,Bloodthirster,,,,,,,,,2.0,DragonsClaw,RedBuff,GargoyleStoneplate,,,,,,,,,,,,,,,,,,,,,,,,,1.0,,,,,,,,,,,,,,,,,,,,,,,,,,,,,,,,2.0,,,,,,,,,,,,,,,,,,,,,,,,,,,,,,,,,,,,,,,,,,,,,,,,,,,,,,,,,,,,,,,,2.0,Chalice,PowerGauntlet,MageEmblemItem,,,,,,,,,,,,,,,,,,,,,,,,,,,,,4.0,TrainerSnax,None,None,2.0,LastWhisper,,,,,,,,,,,,,,,,,,,,,,,,,,,,,,,2.0,Quicksilver,ShimmerscaleGamblersBlade,
1,EUW1_5972106602,TFT6_Augment_PortableForge,TFT7_Augment_Preparation,TFT6_Augment_ThrillOfTheHunt1,1.0,,,1.0,,2.0,,,,,3.0,,0.0,,,,1.0,,,,,,,1.0,1.0,,0.0,0.0,,,,,,,,,,,,,,,,,,,,,,,,,,,,,,,,,,,,,,,,,,,,,,,,,,,,,,,,,,,,,,,,,2.0,NegatronCloak,Zephyr,,,,,,,,,,,,,,,,,,,,,,,,,,,,,,,,,,,,,,,,,,,,,,,,,,,,,,,,,,2.0,Redemption,RedBuff,,2.0,GuinsoosRageblade,,,2.0,FrozenHeart,,,,,,,2.0,TitanicHydra,,,,,,,,,,,2.0,,,,,,,,,,,,,,,,,,,,,,,,,,,,,,,,2.0,OrnnObsidianCleaver,UnstableConcoction,CavalierEmblemItem,,,,,,,,,,,None,None,,,,,2.0,,,,,,,,,,,,,,,,2.0,Deathblade,Quicksilver,GuinsoosRageblade,,,,,,,,,,,,
2,EUW1_5972106602,TFT6_Augment_CelestialBlessing2,TFT6_Augment_Diversify1,TFT7_Augment_BestFriends1,1.0,,,1.0,,1.0,,,,,3.0,,0.0,,,,1.0,,,,,,,1.0,1.0,,0.0,,,,,,,,,,,,,,,,,,,,,,,,,,,,,,,,,,,,,,,,,,,,,,,,,,,,,,,,,,,,,,,,,,2.0,ArchangelsStaff,IonicSpark,,,,,,,,,,,,,,,,,,,,,,,,,,,,,,,,,,,,,,,,,,,,,,,,,,,,,,,,,,2.0,SpearOfShojin,RedBuff,Redemption,,,,,2.0,,,,,,,,2.0,Shroud,,,,,,,,,,,2.0,,,,,,,,,,,,,,,,,,,,,,,,,,,,,,,,2.0,,,,,,,,,,,,,,None,None,,,,,2.0,StatikkShiv,ZekesHerald,,,,,,,,,,,,,,2.0,MadredsBloodrazor,Quicksilver,GuinsoosRageblade,,,,,,,,,,,,
6,EUW1_5972106602,TFT7_Augment_ClutteredMind,TFT7_Augment_MageTrait,TFT7_Augment_MysticTrait,,1.0,1.0,1.0,,,,,0.0,,2.0,,,2.0,,3.0,,,,,,,,,,1.0,,0.0,,,,,,,,,,,,,,,,,,,,,1.0,,,,,,,,,,,,,,,,,,,,,,,,,,,,,,,,,,,,,,,,,,,,,,,,2.0,,,,2.0,,,,,,,,,,,,,,,,,,,,,,,,,,,,2.0,,,,3.0,StatikkShiv,,,,,,,,,,,,,,,,,,,,,,,,,,,,,,,2.0,SpearOfShojin,ArchangelsStaff,HextechGunblade,,,,,,,,,,,,,,,,,,,,,,,,,,,,,,,,,,,,,2.0,BrambleVest,WarmogsArmor,FrozenHeart,,,,,,,,,,,,,,,,,2.0,TrainerSnax,None,None,,,,,,,,,,,,,2.0,,,,,,,,,,,,,,,,,,,,,,,
4,EUW1_5972106602,TFT6_Augment_CyberneticImplants2,TFT6_Augment_CyberneticImplants1,TFT6_Augment_CyberneticUplink1,,,,,2.0,,1.0,,1.0,1.0,,,,,0.0,0.0,,2.0,,,1.0,,,,,1.0,,,,,,,,,,,,,,,,,,,,,,,,,,,,,,,2.0,GuinsoosRageblade,ShimmerscaleGamblersBlade,MadredsBloodrazor,,,,,,,,,2.0,RedBuff,GargoyleStoneplate,,,,,,,,,,,,,,,,,,,,,,,,,,,,,,,,,,2.0,TearOfTheGoddess,,,,,,,,,,,,,,,2.0,,,,,,,,2.0,ZekesHerald,,,,,,,,,,,,,,,,,,,,,,,,,,,,,,,,,,,,,,,,,,,,,,,,,,,,,,,,,,,,,,,1.0,StatikkShiv,,,,,,,,,,,,,,,,,,,,,,,,,,,,,,,3.0,TrainerSnax,None,None,2.0,LastWhisper,Deathblade,,,,,,,,,,,,,,,,,,,,,,,,,,,,,,,,,
5,EUW1_5972106602,TFT7_Augment_FirstAidKit2,TFT6_Augment_TinyTitans,TFT6_Augment_ItemGrabBag1,,0.0,,1.0,,,1.0,,1.0,,1.0,,,2.0,,1.0,,0.0,,,0.0,1.0,,,,1.0,,2.0,,,,,,,,,,,,,,,,,,,,,,,,,,,,,,,,,,,,,,,,,,,,,,,,,2.0,Deathblade,UnstableConcoction,TitansResolve,,,,,,,,,,,,,,,,,2.0,,,,,,,,,,,,,,,,,,,,,,,,,,,,,,,,2.0,TearOfTheGoddess,Shroud,,2.0,,,,,,,,,,,,,,,,,,,,,,,,,,,,,,,,2.0,RabadonsDeathcap,GuinsoosRageblade,SpearOfShojin,,,,,,,,,,,,,,,,,,,,,,,,,1.0,,,,,,,,,,,,2.0,RedBuff,TitanicHydra,,,,,,,,,,,,,,,,,,4.0,TrainerSnax,None,None,,,,,,,,,,,,,,,,,,,,,,,,,,,,,,,,,1.0,,,
1,EUW1_5973092889,TFT6_Augment_TinyTitans,TFT7_Augment_BruiserTitanicStrength,TFT7_Augment_BestFriends2,0.0,0.0,1.0,3.0,,,1.0,,,,1.0,,0.0,0.0,,0.0,0.0,,0.0,,,,,,1.0,,1.0,2.0,,,,,,,,,,,,,,,,,,,,,2.0,,,,,,,,,,,,,,,,,,,,,,,,,,,,2.0,MadredsBloodrazor,Bloodthirster,TitansResolve,,,,,,,,,,,,,,,,,,,,,2.0,RedBuff,Shroud,TempestEmblemItem,,,,,,,,,,,,,,,,,,,,,,,,,,,,,,,,,,,,,,,,,,,,,2.0,UnstableConcoction,PowerGauntlet,RunaansHurricane,2.0,,,,2.0,Shroud,,,,,,,,,,,,,,,,,,,,,,,2.0,,,,,,,,,,,,,,,,,,,,,,,,2.0,,,,,,,,,,,,,,,,,,,,,,None,None,,,,,,,,,,,,,,,,,,,,,,,,,,,,,,,,,,,,
8,EUW1_5973092889,TFT7_Augment_AssassinTrait,TFT6_Augment_SecondWind2,TFT7_Augment_RagewingTantrum,1.0,,,0.0,,0.0,,0.0,,,2.0,,,,,,2.0,,,0.0,0.0,,,1.0,,,0.0,,,,,,,,,,,,,,,,,,,,,,,,,,,,,,,,,,,,,,,,,,,,,,,,,,,,,,,,,,,,,,,,,,1.0,,,,,,,,,,,,,,,,,,,,2.0,,,,,,,,,,,,,,,,,,,,,,,,,,,,,,,,,,,,,,,,,,,,,,,,,,,,,,,,,,,,,,,,2.0,,,,2.0,RedBuff,GiantsBelt,,,,,,,,,,,,,,,,,,2.0,ZekesHerald,GuinsoosRageblade,,,,,,,,,,2.0,,,,,,,,,,,,,,None,None,,,,,1.0,,,,,,,,,,,,,,,,2.0,MadredsBloodrazor,Quicksilver,GuinsoosRageblade,,,,,,,,,,,,
7,EUW1_5973092889,TFT6_Augment_PandorasItems,TFT6_Augment_SalvageBin,TFT6_Augment_Distancing2,1.0,,,0.0,,0.0,1.0,0.0,,,1.0,0.0,0.0,,2.0,,0.0,,,0.0,,,1.0,,0.0,,0.0,,,,,,,,,,,,,,,,,,,,,,,,,,,,,,,,,,,,,,1.0,,,,,,,,,,,,,,,,,,,,,,,,,,,,1.0,,,,,,,,,,,,,,,,,,,,,,,,,,,,,,,,,,,,,,,,,,,,1.0,Morellonomicon,WarmogsArmor,BrambleVest,,,,,,,,,,,,,2.0,,,,,,,,,,,,,,,,,,,,,,,,,,,,,,,,,,,,,,,,,,,,1.0,SpearOfShojin,,,,,,,,,,,,,,,1.0,,,,,,,,,,,,,,None,None,,,,,,,,,,,,,,,,,,,,,,,,,1.0,TitansResolve,AssassinEmblemItem,InfinityEdge,,,,,,,,
3,EUW1_5973092889,TFT7_Augment_ShapeshifterTrait,TFT6_Augment_ThrillOfTheHunt2,TFT6_Augment_Ascension,,0.0,,1.0,,,1.0,0.0,,,,0.0,,,,,0.0,,,3.0,,,,,,,,2.0,,,,,,,,,,,,,,,,,,,,,,,,,,,,,,,,,,,,,,,,,,,,,,,,,2.0,TitansResolve,MadredsBloodrazor,UnstableConcoction,2.0,,,,,,,,2.0,,,,,,,,,,,,,,,,,,,,,,,,,,,,,,,,,,,,,,,,,,,,,,,,2.0,Morellonomicon,Bloodthirster,GuardianAngel,3.0,GuinsoosRageblade,Quicksilver,Deathblade,,,,,,,,,,,,,,,,,,,,,,,,,,,,,,,,,,,,,,,,,,,,,3.0,TitanicHydra,,,,,,,,,,,2.0,,,,,,,,,,,,,,,,,,,,,,,,,,None,None,,,,,,,,,,,,,,,,,,,,,,,,,,,,,,,,,,,,
4,EUW1_5973092889,TFT6_Augment_LudensEcho1,TFT6_Augment_SunfireBoard,TFT7_Augment_MikaelsGift,,,1.0,1.0,1.0,,,,1.0,,1.0,,0.0,0.0,,1.0,,1.0,,,,,,,0.0,2.0,,0.0,,,,,,,,,,,,,,,,,,,,,1.0,,,,,,,,2.0,SpearOfShojin,InfinityEdge,GuinsoosRageblade,,,,,,,,,,,,,,,,,,,,,,,,,,,,,,,,,,,,,2.0,LocketOfTheIronSolari,Chalice,Chalice,,,,,,,,,,,,,,,,,,,,,,,,,,,,,2.0,,,,,,,,,,,,,,,,,,,,,,,,2.0,TitanicHydra,,,,,,,,,,,,,,,,,,,,,,,,,,,,,,,,,,,,,,,2.0,SeraphsEmbrace,Zephyr,,,,,,,,,,2.0,ThiefsGloves,Redemption,LastWhisper,,,,,,,,,,,,,,,,,4.0,TrainerSnax,None,None,2.0,,,,,,,,,,,,,,,,,,,,,,,,,,,,,,,,,,,
6,EUW1_5973092889,TFT6_Augment_CelestialBlessing1,TFT6_Augment_Electrocharge2,TFT6_Augment_JeweledLotus,2.0,,,,,,1.0,,,2.0,1.0,,,,,,0.0,,0.0,,2.0,,,,0.0,,0.0,1.0,2.0,,,,,,,,,,,,,,,,,,,,,,,,1.0,,,,,,,,,,,,,,,,1.0,RedBuff,GargoyleStoneplate,ShimmerscaleHeartOfGold,,,,,,,,,,,,,,,,,,,,,,,,,,,,,,,,,,,,,,,,,2.0,GuardianEmblemItem,,,,,,,,,,,,,,,,,,,,,,,,,,,,,,,,,,,,,,,,,,,2.0,ShimmerscaleGoldmancersStaff,GuinsoosRageblade,WarmogsArmor,1.0,,,,,,,,,,,,,,,,,,,,,,,,,,,,,,,,,,,,,,,,,,,,,,,,,,,,2.0,FrozenHeart,InfinityEdge,Bloodthirster,,,,,2.0,,,,,,None,None,,,,,,,,,,,,,,,,,,,,,,,,,,,,,,,,,,,,
2,EUW1_5973092889,TFT6_Augment_LudensEcho1,TFT7_Augment_GadgetExpert,TFT6_Augment_CyberneticShell2,,,1.0,,1.0,,1.0,0.0,0.0,1.0,1.0,0.0,,,0.0,1.0,,0.0,,,1.0,,1.0,,,1.0,0.0,0.0,,,,,,,,,,,,,,,,,,,,,2.0,Zephyr,,,,,,,2.0,UnstableConcoction,InfinityEdge,MadredsBloodrazor,,,,,,,,,2.0,RedBuff,GargoyleStoneplate,,,,,,,,,,,,,,,,,,,,,,,,,,,,,,,,,,,,,,,,,,,,,,,,,,,,,,,,,,2.0,ZekesHerald,,,,,,,,,,,,,,,,,,,,,,,,,,,,,,,,,,,,,,,,,,,,,,,,,,,,,,,,,,,,,,,,,,,2.0,,,,,,,,,,,,,,,,,,,,,,,,1.0,ChainVest,Zephyr,,2.0,TrainerSnax,None,None,2.0,StatikkShiv,,,,,,,,,,,,,,,,,,,,,,,2.0,RedBuff,Deathblade,ShimmerscaleGoldmancersStaff,,,,,,,,
5,EUW1_5973092889,TFT7_Augment_AxiomArc1,TFT7_Augment_DragonAlliance,TFT6_Augment_TargetDummies,,,1.0,1.0,,,2.0,,0.0,0.0,1.0,,0.0,0.0,,1.0,1.0,,,0.0,,,,,2.0,0.0,,1.0,,,,,,,,,1.0,ArchangelsStaff,SpearOfShojin,,,,,,,,,,2.0,,,,,,,,,,,,,,,,,,,,,,,,,,,,,,,,,,,,,,,,,,,,,,,,,,,,,,,,,,,,,,,,,,,,,,,,,,,,,,,,2.0,ZekesHerald,,,,,,,,,,,,,,,,,,,,,,,2.0,TitanicHydra,Morellonomicon,,,,,,,,,,,,,,,,,,,,,,,,,,,,,,2.0,IonicSpark,GargoyleStoneplate,,,,,,,,,,,,,,,,,,1.0,Shroud,,,,,,,,,,,,,,,2.0,,,,,,None,None,,,,,,,,,,,,,,,,,,,,,,,,,,,,,,,,,,,,
4,EUW1_5972282528,TFT6_Augment_CyberneticUplink3,TFT7_Augment_UrfsGrabBag2,TFT7_Augment_TomeOfTraits2,,,,1.0,,,0.0,0.0,,1.0,,1.0,0.0,,,,,,,,1.0,,,0.0,1.0,,,,,,,,,,,,1.0,SpearOfShojin,,,2.0,ShimmerscaleHeartOfGold,TempestEmblemItem,,,,,,,,,,,,,,,,,,,,,,,,,,2.0,RedBuff,GargoyleStoneplate,Redemption,,,,,,,,,,,,,,,,,,,,,,,,,,,,,,,,,,,,,3.0,JeweledGauntlet,SeraphsEmbrace,MadredsBloodrazor,,,,,,,,,,,,,,,,,,,,,,,,,,,,,,,,,,,,,,,,,1.0,LocketOfTheIronSolari,TitanicHydra,,,,,,,,,,,,,,,,,,,,,,,,,,,,,,,,,,,,,,,,,,,,,,,,,,,,,,,,,,,,,,3.0,BruiserEmblemItem,BrambleVest,,,,,,,,None,None,,,,,,,,,,,,,,,,,,,,,,,,,,,,,,,,,,,,
3,EUW1_5972282528,TFT6_Augment_Windfall,TFT6_Augment_Featherweights3,TFT7_Augment_TomeOfTraits2,,,,,4.0,,1.0,,0.0,1.0,,,,,,0.0,0.0,2.0,0.0,,1.0,,,,,1.0,,,,,,,,,,,,,,,,,,,,,,,,,,,2.0,GargoyleStoneplate,IonicSpark,BrambleVest,2.0,,,,,,,,,,,,2.0,TitansResolve,Redemption,WarmogsArmor,,,,,,,,,,,,,,,,,,,,,,,,,,,,,,,,,3.0,ZekesHerald,PowerGauntlet,,,,,,,,,,,,,,,,,,,,,,2.0,CannoneerEmblemItem,ShimmerscaleHeartOfGold,,,,,,,,,,,,,,,,,,,,,,,,,,,,,,,,,,,,,,,,,,1.0,,,,,,,,,,,,,,,,,,,,,,,,,,,,,,,,,,,,,,,,,,,,,,,,,,,,4.0,TrainerSnax,None,None,3.0,LastWhisper,MadredsBloodrazor,RevelEmblemItem,,,,,,,,,,,,,,,,,,,,,,,,,,,,,,,,
8,EUW1_5972282528,TFT7_Augment_TempestEmblem2,TFT6_Augment_Distancing3,TFT6_Augment_ForceOfNature,0.0,0.0,,2.0,,,1.0,0.0,,,,,0.0,0.0,,,,,0.0,,,,,0.0,4.0,,0.0,0.0,,,,,,,,,1.0,SpearOfShojin,UnstableConcoction,JeweledGauntlet,,,,,,,,,,,,,,,,,,,,,,,,,,,,,,,,,,,,,,,,,,,,,2.0,,,,,,,,,,,,,,,,2.0,TempestEmblemItem,,,,,,,,,,,,,,,2.0,,,,,,,,,,,,,,,,,,,,,,,,,,,,,,,,1.0,,,,2.0,DragonsClaw,RedBuff,,,,,,2.0,,,,,,,,,,,,,,,,,,,,,,,,,,,,,,,,,,,,,,,,,,,,2.0,,,,,,,,,,,,,,,,,,,,,,None,None,,,,,,,,,,,,,,,,,,,,,,,,,,,,,,,,,,,,
7,EUW1_5972282528,TFT6_Augment_SlowAndSteady,TFT6_Augment_ThriftShop,TFT6_Augment_WindfallPlusPlus,,,1.0,,,,1.0,,1.0,0.0,1.0,2.0,0.0,,,2.0,,,,1.0,,,,,,0.0,,0.0,,,,,3.0,RapidFireCannon,ArchangelsStaff,GuardianAngel,,,,,,,,,,,,,1.0,RecurveBow,Chalice,ZekesHerald,,,,,,,,,,,,,,,,,,,,,2.0,UnstableConcoction,TitansResolve,Bloodthirster,,,,,,,,,,,,,2.0,,,,,,,,,,,,,,,,,,,,,,,,,,,,,,,,,,,,,,,,2.0,,,,,,,,3.0,RedBuff,TitansResolve,,,,,,,,,,,,,,,,,,,,,,,,,,,,,,,,,,,,,,,,,,,,,,,,,,,,,,,,,,,,,,,,,,,,,,,,,,,,,,,,,,1.0,,,,,,None,None,,,,,,,,,,,,,,,,,,,,,,,,,,,,,,,,,,,,
2,EUW1_5972282528,TFT7_Augment_AssassinEmblem2,TFT6_Augment_CelestialBlessing3,TFT7_Augment_TomeOfTraits2,3.0,,,1.0,,0.0,,,,,1.0,,,0.0,,,0.0,,2.0,,,,,,1.0,,1.0,1.0,,,,,,,,,,,,,,,,,,,,,,,,,,,,,,,,,3.0,IonicSpark,UnstableConcoction,RedBuff,,,,,,,,,,,,,,,,,,,,,,,,,,,,,,,,,,,,,,,,,,,,,,,,,,,,,,,,,,,,,2.0,AssassinEmblemItem,RecurveBow,,,,,,,,,,,,,,,,,,,,,,3.0,RapidFireCannon,AssassinEmblemItem,InfinityEdge,,,,,1.0,WarmogsArmor,GuardianAngel,,2.0,,,,,,,,,,,,,,,,,,,,2.0,TempestEmblemItem,,,,,,,,,,,,,,,,,,,,,,,2.0,,,,,,,,2.0,ScalescornEmblemItem,InfinityEdge,Bloodthirster,,,,,,,,,,,None,None,,,,,,,,,,,,,,,,,,,,,,,,,,,,,,,,,,,,
1,EUW1_5972282528,TFT7_Augment_MysticTrait2,TFT7_Augment_MageEmblem2,TFT6_Augment_MaxLevel10,,1.0,,1.0,,,,,0.0,,1.0,0.0,,3.0,,2.0,,,,,0.0,1.0,1.0,,,1.0,,0.0,,,,,,,,,,,,,,,,,,,,,,,,,,,,,,,,,,,,,,,,,,,,,,,,,,,,,,,,,,,,,,,,,,,,,2.0,Chalice,Chalice,PowerGauntlet,2.0,RedBuff,MageEmblemItem,MadredsBloodrazor,,,,,,,,,,,,,,,,,,,,,,,,,1.0,,,,2.0,,,,,,,,,,,,,,,,,,,,,,,,,,,,,,,,2.0,SpearOfShojin,SpearOfShojin,HextechGunblade,,,,,,,,,,,,,,,,,,,,,,,,,,,,,2.0,,,,,,,,2.0,BrambleVest,,,,,,,,,,,,,,,,,,,3.0,TrainerSnax,None,None,,,,,,,,,,,,,2.0,DragonsClaw,,,,,,,,,,,,,,,,,,,2.0,JeweledGauntlet,Quicksilver,
6,EUW1_5972282528,TFT7_Augment_DragonmancerEmblem2,TFT7_Augment_ThinkFast,TFT7_Augment_RagewingEmblem2,,,,1.0,,,,2.0,,,,0.0,0.0,,0.0,,1.0,,,0.0,,,,1.0,1.0,,1.0,,,,,,,,,,,,,,2.0,RagewingEmblemItem,GuinsoosRageblade,,,,,,,,,,,,,,,,,,,,,,,,,,,,,,,,,,,,,,,,,,,,,,,,,,,,,,,,,,,,,,,,,,,,,,,,,,2.0,IonicSpark,RedBuff,UnstableConcoction,,,,,,,,,,,,,,,,,,,,,,,,,,,,,,,,,1.0,ThiefsGloves,SparringGloves,Chalice,,,,,,,,,,,,,,,,,,,,,2.0,,,,2.0,DragonmancerEmblemItem,Redemption,,,,,,,,,,,,,,,,,,3.0,GuinsoosRageblade,ArchangelsStaff,ArchangelsStaff,,,,,,,,,,,,,,,,,,,,,,,None,None,,,,,,,,,,,,,,,,,,,,,1.0,ZekesHerald,,,1.0,,,,,,,,,,,
5,EUW1_5972282528,TFT7_Augment_LivingForge,TFT6_Augment_RadiantRelics,TFT6_Augment_HighEndShopping,0.0,,,1.0,,,1.0,,0.0,,,0.0,0.0,0.0,,,,,,0.0,,,,,0.0,,,3.0,,,,,2.0,SpearOfShojin,MadredsBloodrazor,JeweledGauntlet,,,,,,,,,,,,,,,,,,,,,,,,,,,,,,,,,,,,,,,,,2.0,TitansResolve,Bloodthirster,OrnnDeathsDefiance,2.0,,,,,,,,,,,,,,,,,,,,,,,,,,,,,,,,,,,,,,,,,,,,,,,,,,,,,,,,,,,,,,,,,,,,,,,,2.0,TitansResolve,,,1.0,Shroud,,,,,,,,,,,,,,,,,,,,,,,,,,,,,,,,,,,,,,,,,,,,,,,2.0,RedBuff,FrozenHeartRadiant,OrnnEternalWinter,,,,,,,,,,,,,,,,,,,None,None,,,,,,,,,,,,,,,,,,,,,,,,,,,,,,,,,,,,
6,EUW1_5972861279,TFT7_Augment_EvokerEmblem,TFT7_Augment_BestFriends1,TFT7_Augment_MageEmblem,,0.0,,1.0,,,,,2.0,,1.0,0.0,0.0,2.0,,0.0,,0.0,,,0.0,1.0,,,,1.0,,0.0,,,,,1.0,MageEmblemItem,,,,,,,,,,,,,,,,,,,,,,,,,,,,,,,,,,,,,,,,,,,,,,,,,,,,,,,,,,,,,,,2.0,,,,2.0,,,,,,,,,,,,,,,,,,,,,,,,,,,,2.0,,,,,,,,,,,,,,,,,,,,,,,,,,,,,,,,,,,,2.0,HextechGunblade,EvokerEmblemItem,ArchangelsStaff,,,,,,,,,,,,,,,,,,,,,,,,,1.0,MageEmblemItem,RapidFireCannon,JeweledGauntlet,,,,,,,,,2.0,WarmogsArmor,RedBuff,,,,,,,,,,,,,,,,,,4.0,TrainerSnax,None,None,,,,,,,,,,,,,,,,,,,,,,,,,,,,,,,,,1.0,JeweledGauntlet,,
4,EUW1_5972861279,TFT7_Augment_SwiftshotPressTheAttack,TFT6_Augment_ThrillOfTheHunt1,TFT7_Augment_BestFriends2,0.0,0.0,1.0,1.0,,,,,,,4.0,,0.0,,,0.0,0.0,,,,,,,2.0,1.0,,,,,,,,,,,,,,,,,,,,,,,,2.0,LocketOfTheIronSolari,DragonsClaw,,,,,,,,,,,,,,,,,,,,,,,,,,,,,,,,,,2.0,,,,,,,,,,,,,,,,3.0,IonicSpark,RedBuff,GuildEmblemItem,,,,,,,,,,,,,,,,,,,,,,,,,,,,,,,,,,,,,,,,,,,,,,,,,1.0,,,,,,,,,,,,,,,,,,,,,,,,,,,,,,,,,,,,,,,,,,,,,,,,,,,,,,,,,,,,1.0,NegatronCloak,,,,,,,,,,,,,None,None,,,,,2.0,,,,3.0,GuinsoosRageblade,Deathblade,RunaansHurricane,,,,,,,,,2.0,GuardianAngel,GuinsoosRageblade,RunaansHurricane,,,,,,,,,,,,
7,EUW1_5972861279,TFT6_Augment_HyperRoll,TFT6_Augment_CelestialBlessing1,TFT7_Augment_MirageHallucinate,,,1.0,,,2.0,1.0,0.0,,,2.0,,,,3.0,0.0,0.0,,,,,,,,,,1.0,,,,,,,,,,,,,,,,,,,,,,1.0,,,,,,,,,,,,,,,,2.0,NeedlesslyLargeRod,ArchangelsStaff,,,,,,,,,,,,,,,,,,,,,,,,,,2.0,GargoyleStoneplate,,,,,,,,,,,,,,,,,,,,,,,,,,,,,,,,,,,,,,,,,,,,,,,,,,,2.0,RedBuff,WarmogsArmor,Redemption,,,,,,,,,,,,,,,,,,,,,1.0,,,,,,,,,,,,,,,,,,,,,,,,,,,,,,,,,,,,,,,,,,,,,,,,,,,,,,,,,,None,None,,,,,,,,,,,,,,,,,,,,,,,,,1.0,Bloodthirster,TitansResolve,,2.0,,,,,,,
8,EUW1_5972861279,TFT6_Augment_MetabolicAccelerator,TFT6_Augment_MakeshiftArmor1,TFT6_Augment_Diversify2,,0.0,1.0,,,,1.0,,1.0,,1.0,2.0,0.0,0.0,,3.0,,,,0.0,,,1.0,,,0.0,,,,,,,2.0,RabadonsDeathcap,Deathblade,,,,,,,,,,,,,,1.0,,,,,,,,,,,,,,,,,,,,,,,,1.0,TitansResolve,TitansResolve,Bloodthirster,,,,,,,,,,,,,,,,,,,,,,,,,,,,,,,,,,,,,,,,,,,,,,,,,,,,,2.0,,,,1.0,,,,1.0,RedBuff,WarmogsArmor,,,,,,,,,,,,,,,,,,,,,,,,,,,,,,,,,,,,,,,,,,,,,,,,,,,,,,,,,,1.0,,,,,,,,,,,,,,,,,,,,,,,,,,,,,,None,None,,,,,,,,,,,,,,,,,,,,,,,,,,,,,,,,,,,,
2,EUW1_5972861279,TFT6_Augment_SalvageBin,TFT7_Augment_BestFriends1,TFT7_Augment_CannoneerRicochet,,,,,1.0,,1.0,,1.0,1.0,,0.0,,,,0.0,,1.0,0.0,,1.0,,1.0,,,1.0,,,,,,,,,,,,,,,,,,,,,,,,,,,2.0,GargoyleStoneplate,RedBuff,TitanicHydra,3.0,MadredsBloodrazor,InfinityEdge,GuinsoosRageblade,,,,,,,,,2.0,ShimmerscaleMogulsMail,Redemption,GargoyleStoneplate,,,,,,,,,,,,,,,,,,,,,,,,,,,,,,,,,,,,,,,,,,,,,,,,,,,,,,,,,2.0,Shroud,Redemption,,,,,,,,,,,,,,,,,,,,,,,,,,,,,,,,,,,,,,,,,,,,,,,,,,,,,,,,,,,,,,2.0,TearOfTheGoddess,Morellonomicon,,1.0,,,,,,,,,,,,,,,,,,,,,,,,,,,,4.0,TrainerSnax,None,None,2.0,LastWhisper,,,,,,,,,,,,,,,,,,,,,,,,,,,,,,,,,,
3,EUW1_5972861279,TFT6_Augment_MetabolicAccelerator,TFT6_Augment_TinyTitans,TFT6_Augment_Diversify2,1.0,,1.0,1.0,,2.0,,,,,4.0,,0.0,,,0.0,1.0,,,,,,,1.0,1.0,,0.0,,,,,,,,,,,,,,,,,,,,,,1.0,,,,,,,,,,,,,,,,,,,,,,,,,,,,,,,,,,,,,,,,,,,,2.0,IonicSpark,TitanicHydra,,,,,,,,,,,,,,,,,,,,,,,,,,,,,,,,,,,,,,,,,,,,,,,,,,,,,,,,,,2.0,CavalierEmblemItem,,,,,,,2.0,FrozenHeart,,,,,,,2.0,,,,,,,,,,,,2.0,,,,,,,,,,,,,,,,,,,,,,,,,,,,,,,,2.0,InfinityEdge,HextechGunblade,,,,,,,,,,,,None,None,,,,,2.0,Chalice,ZekesHerald,,,,,,,,,,,,,,2.0,MadredsBloodrazor,GuinsoosRageblade,Quicksilver,,,,,,,,,,,,
1,EUW1_5972861279,TFT7_Augment_ClutteredMind,TFT7_Augment_BestFriends1,TFT7_Augment_UrfsGrabBag1,,0.0,1.0,1.0,,,1.0,,1.0,,1.0,,0.0,2.0,,2.0,,0.0,,,0.0,1.0,,,2.0,1.0,,0.0,,,,,,,,,2.0,MageEmblemItem,HextechGunblade,SpearOfShojin,,,,,,,,,1.0,StatikkShiv,,,,,,,,,,,,,,,,,,,,,,,,,,,,,,,,,,,,,,,,,,,,,,,2.0,,,,,,,,,,,,,,,,,,,,,,,,,,,,,,,,2.0,,,,3.0,,,,,,,,,,,,,,,,,,,,2.0,GiantsBelt,,,,,,,,,,,,,,,,,,,,,,,,,,,,,,,,,,,,,,,2.0,SpearOfShojin,,,,,,,,,,,3.0,DragonsClaw,GargoyleStoneplate,RedBuff,,,,,,,,,,,,,,,,,3.0,TrainerSnax,None,None,,,,,,,,,,,,,,,,,,,,,,,,,,,,,,,,,2.0,GuinsoosRageblade,Chalice,ArchangelsStaff
5,EUW1_5972861279,TFT7_Augment_Bloodlust1,TFT7_Augment_AxiomArc1,TFT6_Augment_SalvageBin,,0.0,,,,,1.0,,,0.0,,2.0,,,,0.0,,,,2.0,,,1.0,,,,,1.0,,,,,,,,,,,,,,,,,,,,,,,,,,,,,,,,,,,,,,,,,,,,,2.0,Bloodthirster,GuardianAngel,,,,,,2.0,ZekesHerald,,,,,,,2.0,TearOfTheGoddess,,,,,,,,,,,,,,,,,,,,,,,,,,,,,,,,,,,,,,,,,,,,,,,2.0,GargoyleStoneplate,RedBuff,,3.0,Quicksilver,Deathblade,GuinsoosRageblade,,,,,,,,,,,,,,,,,,,,,,,,,,,,,,,,,,,,,,,,,,,,,,,,,,,,,1.0,,,,,,,,,,,,,,,,,,,,,,,,2.0,Shroud,,,,,None,None,,,,,,,,,,,,,,,,,,,,,,,,,,,,,,,,,,,,
5,EUW1_5972047413,TFT7_Augment_GuildLoot,TFT6_Augment_Distancing2,TFT7_Augment_AxiomArc2,1.0,,1.0,,,2.0,,,,,5.0,,,0.0,0.0,0.0,0.0,,,,,,,0.0,,,,0.0,,,,,,,,,,,,,,,,,,,,,2.0,,,,,,,,,,,,,,,,,,,,,,,,,,,,,,,,,,,,,,,,,,,,2.0,,,,,,,,,,,,,,,,,,,,,,,,,,,,,,,,,,,,,,,,,,,,,,,,,,,,2.0,RedBuff,GargoyleStoneplate,Redemption,,,,,,,,,1.0,FrozenHeart,UnstableConcoction,HextechGunblade,,,,,2.0,,,,2.0,,,,,,,,,,,,,,,,,,,,,,,,,,,,,,,,,,,,,,,,,,,,2.0,UnstableConcoction,InfinityEdge,MadredsBloodrazor,,,,,,,,,,,None,None,,,,,2.0,,,,,,,,,,,,,,,,,,,,,,,,,,,,,,,
6,EUW1_5972047413,TFT7_Augment_MageEmblem,TFT6_Augment_TradeSectorPlus,TFT7_Augment_GuardianHeroicPresence,,,,,,1.0,1.0,,,3.0,,0.0,,1.0,0.0,,,,0.0,0.0,1.0,,,,,,,1.0,,,,,,,,,,,,,,,,,,,,,,,,,3.0,TitansResolve,RedBuff,GargoyleStoneplate,,,,,,,,,,,,,1.0,DragonsClaw,ShimmerscaleMogulsMail,,,,,,,,,,2.0,StatikkShiv,ZekesHerald,,,,,,,,,,,,,,,,,,,,,,,,,,,,,,,,,,,,,,2.0,LocketOfTheIronSolari,,,3.0,RabadonsDeathcap,ArchangelsStaff,GuardianEmblemItem,,,,,,,,,,,,,,,,,,,,,,,,,,,,,,,,,,,,,,,,,,,,,,,,,,,,,,,,,,,,,,,,,,,,,,,,,,,,,,,,,,,,,,,,,2.0,MageEmblemItem,CavalierEmblemItem,,3.0,GuinsoosRageblade,RapidFireCannon,MageEmblemItem,,,None,None,,,,,,,,,,,,,,,,,,,,,,,,,,,,,,,,,,,,
8,EUW1_5972047413,TFT6_Augment_RichGetRicher,TFT7_Augment_PandorasBench,TFT7_Augment_SwiftshotEmblem,,1.0,,2.0,,,,,,,,0.0,0.0,0.0,,,0.0,,,,,,1.0,2.0,1.0,,,0.0,,,,,,,,,,,,,,,,,,,,,,,,,,,,,,,,,,,,,,,,,,,,,,,,,,,,,,,,,1.0,,,,,,,,,,,,,,,,2.0,,,,,,,,,,,,,,,,,,,,,,,,,,,,,,,,,,,,,,,,,,,,,,,,,,,,2.0,SwiftshotEmblemItem,,,,,,,,,,,,,,,,,,,,,,,,,,,,,,,,,,,2.0,WarmogsArmor,BrambleVest,ChainVest,,,,,1.0,,,,,,,,2.0,,,,,,,,,,,,,,,,,,,,,,None,None,,,,,,,,,2.0,GuinsoosRageblade,RunaansHurricane,BFSword,,,,,,,,,1.0,,,,,,,,,,,,,,,
2,EUW1_5972047413,TFT7_Augment_BruiserTitanicStrength,TFT7_Augment_MikaelsGift,TFT6_Augment_TargetDummies,,0.0,,4.0,,,1.0,,,0.0,,,0.0,0.0,,,0.0,0.0,0.0,,,,,,0.0,,1.0,2.0,,,,,,,,,,,,,,,,,,,,,,,,,,,,,,,,,,,,,,,,,,,,,,,,,2.0,Bloodthirster,TitansResolve,GuinsoosRageblade,,,,,,,,,,,,,,,,,,,,,2.0,,,,,,,,,,,,,,,,,,,,,,,,,,,,,,,,,,,,,,,,,,,,,,,,2.0,GuardianAngel,,,2.0,GuinsoosRageblade,WarmogsArmor,TitanicHydra,,,,,,,,,,,,,,,,,,,,,,,,,2.0,LocketOfTheIronSolari,FrozenHeart,Chalice,,,,,2.0,,,,,,,,,,,,,,,,2.0,GuardianEmblemItem,Redemption,,2.0,,,,,,,,,,,,,,,,,,None,None,,,,,,,,,,,,,,,,,,,,,,,,,,,,,,,,,,,,
1,EUW1_5972047413,TFT7_Augment_BruiserEmblem,TFT7_Augment_ShimmerscaleTrait,TFT7_Augment_RagewingEmblem,0.0,,1.0,0.0,,0.0,1.0,1.0,,0.0,1.0,,0.0,,0.0,0.0,1.0,,,,3.0,,,0.0,,,1.0,,2.0,SpearOfShojin,DragonmancerEmblemItem,FrozenHeart,,,,,,,,,,,,,,,,,2.0,PowerGauntlet,LastWhisper,DragonsClaw,,,,,,,,,,,,,,,,,3.0,ShimmerscaleMogulsMail,GargoyleStoneplate,ShimmerscaleHeartOfGold,,,,,,,,,,,,,,,,,,,,,2.0,BruiserEmblemItem,UnstableConcoction,Zephyr,,,,,,,,,,,,,,,,,2.0,LastWhisper,StatikkShiv,StatikkShiv,,,,,,,,,,,,,,,,,,,,,,,,,,,,,,,,,,,,,,,,,,,,,,,,,,,,,,,,,,,,,,,,,,,,,,,,,,,,,,,,,,,,,,,,,,,,,,,,,,,,,,,,,,,,,,,None,None,,,,,,,,,,,,,,,,,2.0,ThiefsGloves,,,3.0,ShimmerscaleGoldmancersStaff,ShimmerscaleDravensAxe,GuinsoosRageblade,2.0,GuardianAngel,TitansResolve,RagewingEmblemItem,,,,,,,,
3,EUW1_5972047413,TFT7_Augment_SwiftshotPressTheAttack,TFT6_Augment_Ascension,TFT6_Augment_CelestialBlessing2,1.0,1.0,1.0,1.0,,,,0.0,,,3.0,,0.0,0.0,0.0,1.0,,,,,,,,1.0,1.0,,0.0,,,,,,,,,,,,,,,,,,,,,,1.0,,,,,,,,,,,,,,,,,,,,,,,,,,,,,,,,,,,,,,,,,,,,,,,,,,,,3.0,RedBuff,ArchangelsStaff,Shroud,,,,,,,,,,,,,,,,,,,,,,,,,,,,,3.0,,,,,,,,,,,,,,,,,,,,1.0,,,,,,,,2.0,FrozenHeart,Zephyr,,,,,,,,,,,,,,,,,,,,,,,,,,,,,,,,,,,,,,,,,,,,,,,,,,2.0,RunaansHurricane,UnstableConcoction,,,,,,,,,,,,None,None,,,,,2.0,ZekesHerald,,,3.0,Quicksilver,InfinityEdge,GuinsoosRageblade,,,,,,,,,,,,,2.0,TitansResolve,SeraphsEmbrace,GuardianAngel,,,,,,,,
4,EUW1_5972047413,TFT6_Augment_SecondWind2,TFT6_Augment_PortableForge,TFT6_Augment_CelestialBlessing2,,,1.0,1.0,,,1.0,0.0,0.0,,1.0,0.0,0.0,1.0,,1.0,,,,,0.0,1.0,,,2.0,1.0,,0.0,,,,,,,,,2.0,HextechGunblade,OrnnMuramana,SpearOfShojin,,,,,,,,,2.0,,,,,,,,,,,,,,,,,,,,,,,,,,,,,,,,,,,,,,,,,,,,,,,,2.0,ZekesHerald,GuinsoosRageblade,Chalice,,,,,,,,,1.0,,,,,,,,,,,,,,,,,,,,2.0,,,,,,,,,,,,,,,,,,,,,,,,2.0,ThiefsGloves,RapidFireCannon,GuinsoosRageblade,,,,,,,,,,,,,,,,,,,,,,,,,,,,,,,,,,,,,,,,,,,,,,,,,2.0,TitanicHydra,RedBuff,WarmogsArmor,,,,,,,,,,,,,,,,,4.0,TrainerSnax,None,None,,,,,,,,,,,,,,,,,,,,,,,,,,,,,,,,,1.0,ThiefsGloves,Redemption,Redemption
7,EUW1_5972047413,TFT7_Augment_PandorasBench,TFT6_Augment_SunfireBoard,TFT7_Augment_DragonAlliance,,,,0.0,,0.0,2.0,,,,1.0,1.0,,,1.0,0.0,,,,,,,,,,,,1.0,,,,,,,,,,,,,,,,,,,,,,,,,,,,,,,,,,,,,1.0,GuinsoosRageblade,Quicksilver,,,,,,1.0,Bloodthirster,,,1.0,,,,,,,,,,,,,,,,,,,,,,,,,,,,,,,,,,,,,,,,,,,,,,,,,,,,,,,,,,,,,,,,,,,,,,,,,,,,,,,,,,,,,,,,,,,,3.0,RedBuff,BrambleVest,,,,,,,,,,,,,,,,,,,,,,,,,,,,,,,,,,,,,,,,,,,,,,,,,,,,,,,,None,None,,,,,,,,,,,,,,,,,,,,,,,,,,,,,,,,,,,,
6,EUW1_5971994820,TFT7_Augment_GadgetExpert,TFT6_Augment_LudensEcho2,TFT6_Augment_JeweledLotus,,,,1.0,,,1.0,,1.0,,,,0.0,1.0,,0.0,,0.0,,,0.0,1.0,,,2.0,1.0,,0.0,,,,,,,,,1.0,SpearOfShojin,InfinityEdge,ArchangelsStaff,,,,,,,,,,,,,,,,,,,,,,,,,,,,,,,,,,,,,,,,,,,,,,,,,,,,,,,,,2.0,Deathblade,,,,,,,,,,,,,,,,,,,,,,,,,,,,,,,1.0,Chalice,ZekesHerald,,,,,,,,,,,,,,,,,,,,,,2.0,,,,,,,,,,,,,,,,,,,,,,,,,,,,,,,,,,,,,,,,1.0,,,,,,,,,,,,2.0,WarmogsArmor,BrambleVest,,,,,,,,,,,,,,,,,,2.0,TrainerSnax,None,None,,,,,,,,,,,,,,,,,,,,,,,,,,,,,,,,,1.0,StatikkShiv,,
1,EUW1_5971994820,TFT7_Augment_TempestEmblem,TFT7_Augment_MikaelsGift,TFT7_Augment_BruiserEmblem,1.0,,1.0,2.0,,,1.0,,,,3.0,,0.0,1.0,,0.0,,,,,0.0,1.0,,,1.0,,,2.0,,,,,,,,,,,,,,,,,,,,,1.0,,,,,,,,,,,,,,,,,,,,,,,,,,,,2.0,InfinityEdge,Bloodthirster,MadredsBloodrazor,,,,,,,,,,,,,,,,,,,,,,,,,,,,,,,,,,,,,,,,,,,,,,,,,,,,,,,,,,,,,,,,,,,,,,,,,2.0,LocketOfTheIronSolari,ZekesHerald,,2.0,RedBuff,FrozenHeart,,,,,,2.0,,,,,,,,,,,,,,,,,,,,,,,,,,,,,,,,,,,,,,,,2.0,,,,,,,,2.0,RapidFireCannon,StatikkShiv,,,,,,,,,,,,None,None,,,,,,,,,,,,,,,,,,,,,,,,,,,,,,,,,2.0,BruiserEmblemItem,SpearOfShojin,TempestEmblemItem
3,EUW1_5971994820,TFT6_Augment_MetabolicAccelerator,TFT7_Augment_FirstAidKit2,TFT6_Augment_SecondWind2,,1.0,,1.0,,,,,0.0,,1.0,,,1.0,,1.0,,,,,0.0,1.0,,1.0,,0.0,,0.0,,,,,,,,,,,,,,,,,,,,,,,,,,,,,,,,,,,,,,,,,,,,,,,,,,,,,,,,,,,,,,,,,,,,,,,,,2.0,TitansResolve,TitanicHydra,,,,,,,,,,,,,,,,,,,,,,,,,,2.0,,,,3.0,StatikkShiv,SeraphsEmbrace,NeedlesslyLargeRod,,,,,,,,,,,,,,,,,,,,,,,,,,,,,,,,,,,,,,,,,,,,,,,,,,,,,,,,,,,,,,,,,,,,,3.0,IonicSpark,GargoyleStoneplate,RedBuff,,,,,,,,,,,,,,,,,,,None,None,,,,,2.0,,,,3.0,InfinityEdge,GuinsoosRageblade,Quicksilver,,,,,,,,,,,,,,,,,,,,,1.0,,,
7,EUW1_5971994820,TFT6_Augment_CyberneticUplink2,TFT6_Augment_LudensEcho2,TFT6_Augment_ComponentGrabBag,,,1.0,,1.0,,1.0,,1.0,1.0,1.0,,,,,1.0,,1.0,0.0,,1.0,,,,,1.0,,,,,,,,,,,,,,,,,,,,,,,1.0,,,,2.0,Redemption,,,2.0,GuinsoosRageblade,MadredsBloodrazor,StatikkShiv,,,,,,,,,2.0,GargoyleStoneplate,DragonsClaw,ShimmerscaleDiamondHands,,,,,,,,,,,,,,,,,,,,,,,,,,,,,,,,,,,,,,,,,,,,,,,,,,,,,,,,,2.0,LocketOfTheIronSolari,LocketOfTheIronSolari,,,,,,,,,,,,,,,,,,,,,,,,,,,,,,,,,,,,,,,,,,,,,,,,,,,,,,,,,,,,,,2.0,ArchangelsStaff,,,,,,,,,,,,,,,,,,,,,,,,,,,,,,,2.0,TrainerSnax,None,None,2.0,,,,,,,,,,,,,,,,,,,,,,,,,,,,,,,,,,,
5,EUW1_5971994820,TFT7_Augment_BestFriends2,TFT6_Augment_CelestialBlessing2,TFT6_Augment_Ascension,,,,,1.0,,1.0,,1.0,1.0,,0.0,,,,0.0,,1.0,0.0,,1.0,,1.0,,,1.0,,,,,,,,,,,,,,,,,,,,,,,,,,,2.0,RedBuff,,,2.0,GuinsoosRageblade,UnstableConcoction,InfinityEdge,,,,,,,,,2.0,RedBuff,WarmogsArmor,GargoyleStoneplate,,,,,,,,,,,,,,,,,,,,,,,,,,,,,,,,,,,,,,,,,,,,,,,,,,,,,,,,,2.0,StatikkShiv,RabadonsDeathcap,ShimmerscaleDiamondHands,,,,,,,,,,,,,,,,,,,,,,,,,,,,,,,,,,,,,,,,,,,,,,,,,,,,,,,,,,,,,1.0,,,,1.0,,,,,,,,,,,,,,,,,,,,,,,,,,,,2.0,TrainerSnax,None,None,2.0,,,,,,,,,,,,,,,,,,,,,,,,,,,,,,,,,,,
8,EUW1_5971994820,TFT6_Augment_HyperRoll,TFT6_Augment_ComponentGrabBag,TFT7_Augment_GadgetExpert,0.0,,,,,,1.0,1.0,,0.0,,0.0,0.0,,0.0,,1.0,,,1.0,2.0,,,0.0,,,0.0,,,,,,,,,,,,,,,,,,,,,,,,,,,,,,,,,,,,,,,,,,2.0,RedBuff,ShimmerscaleDiamondHands,GargoyleStoneplate,,,,,,,,,,,,,,,,,,,,,,,,,,,,,,,,,,,,,,,,,2.0,,,,,,,,,,,,,,,,,,,,,,,,1.0,,,,,,,,,,,,,,,,,,,,,,,,,,,,,,,,,,,,,,,,,,,,,,,,,,,,,,,,,,,,,,,,2.0,MadredsBloodrazor,GuinsoosRageblade,StatikkShiv,,,,,,,,,,,,,,,,,,,,,,,None,None,,,,,,,,,,,,,,,,,2.0,ThiefsGloves,NeedlesslyLargeRod,ArchangelsStaff,2.0,ZekesHerald,ShimmerscaleHeartOfGold,,1.0,Shroud,Bloodthirster,,,,,,,,,
4,EUW1_5971994820,TFT6_Augment_Twins2,TFT6_Augment_ComponentGrabBag,TFT6_Augment_ThrillOfTheHunt2,,0.0,1.0,1.0,,,,,,,2.0,0.0,0.0,,,0.0,,,,,,,1.0,1.0,0.0,,,,,,,,,,,,,,,,,,,,,,,,1.0,,,,,,,,,,,,,,,,,,,,,,,,,,,,,,,,,,,,,,,,,,,,,,,,,,,,2.0,RedBuff,SeraphsEmbrace,GuinsoosRageblade,,,,,,,,,,,,,,,,,,,,,,,,,,,,,,,,,,,,,,,,,,,,,,,,,2.0,ThiefsGloves,Redemption,LastWhisper,,,,,,,,,,,,,,,,,,,,,,,,,,,,,,,,,,,,,,,,,2.0,,,,,,,,,,,,,,,,,,,,,,,,,,,,,,None,None,,,,,2.0,LastWhisper,,,2.0,UnstableConcoction,RunaansHurricane,StatikkShiv,,,,,,,,,,,,,,,,,,,,,,,,
2,EUW1_5971994820,TFT7_Augment_GadgetExpert,TFT6_Augment_SecondWind2,TFT7_Augment_EvokerEmblem,,,1.0,0.0,,,1.0,,2.0,,1.0,1.0,1.0,,,1.0,,0.0,,1.0,,,,,2.0,0.0,,,,,,,1.0,,,,1.0,EvokerEmblemItem,SpearOfShojin,HextechGunblade,,,,,,,,,1.0,,,,,,,,,,,,,,,,,,,,,,,,,,,,,,,,,,,,,,,,2.0,TitanicHydra,Shroud,,,,,,,,,,,,,,,,,,,,,,,,,,,,,,,,,,,,,,2.0,,,,,,,,2.0,BrambleVest,GargoyleStoneplate,TitansResolve,,,,,,,,,,,,,1.0,Redemption,,,,,,,,,,,,,,,,,,,,,,,,,,,,,,,,,,,,,,,2.0,Morellonomicon,StatikkShiv,LegendEmblemItem,,,,,,,,,,,,,,,,,,,,,,,,,,,,,,,None,None,,,,,,,,,,,,,,,,,,,,,,,,,,,,,,,,,,,,
5,EUW1_5971749746,TFT6_Augment_MetabolicAccelerator,TFT6_Augment_TriForce2,TFT6_Augment_PortableForge,,,,,,,,2.0,,,,1.0,0.0,,,,0.0,,,1.0,0.0,,,0.0,0.0,,,0.0,,,,,,,,,,,,,1.0,,,,,,,,,,,,,,,,,,,,,,,,,,,,,,,,,,,,,,,,2.0,DragonmancerEmblemItem,,,,,,,,,,,,,,,,,,,,,,,,,,,2.0,,,,,,,,2.0,,,,,,,,,,,,,,,,,,,,1.0,WarmogsArmor,BrambleVest,Redemption,,,,,,,,,,,,,,,,,,,,,,,,,,,,,,,,,,,,,,,,,,,,,,,,,,,,,,,,,,,,,2.0,GuinsoosRageblade,StatikkShiv,OrnnInfinityForce,,,,,,,,,,,,,,,,,,,,,,,None,None,,,,,,,,,,,,,,,,,1.0,,,,,,,,,,,,,,,,,,,
8,EUW1_5971749746,TFT6_Augment_ThreesCompany,TFT6_Augment_ThrillOfTheHunt2,TFT7_Augment_BestFriends2,1.0,,,,,,1.0,0.0,,,1.0,0.0,,,,,1.0,,,2.0,,,,,,,,1.0,,,,,,,,,,,,,,,,,,,,,,,,,,,,,,,,,,,,,,,,,,,,,,,,,,,,,2.0,Bloodthirster,GuinsoosRageblade,,,,,,,,,,,,,,,,,,,,,,,,,,,,,,,,,,,,,,,,,,,,,,,,,,,,,,1.0,,,,,,,,,,,,,,,,,,,,1.0,BFSword,,,,,,,,,,,,,,,,,,,,,,,,,,,1.0,GuinsoosRageblade,,,,,,,,,,,,,,,2.0,,,,,,,,,,,,1.0,,,,,,,,,,,,,,None,None,,,,,,,,,,,,,,,,,,,,,,,,,,,,,,,,,,,,
7,EUW1_5971749746,TFT6_Augment_CyberneticImplants2,TFT7_Augment_BigFriend2,TFT7_Augment_ShapeshifterBeastsDen,,0.0,,,,,1.0,,0.0,,,2.0,0.0,,,0.0,,,,2.0,,,,,,,,0.0,,,,,2.0,,,,,,,,,,,,,,,,,,,,,,,,,,,,,,,,,,,,,,,,1.0,BFSword,,,,,,,2.0,Zephyr,,,,,,,2.0,,,,,,,,,,,,,,,,,,,,,,,,,,,,,,,,,,,,,,,,,,,,,,,,1.0,Redemption,FrozenHeart,,3.0,GuinsoosRageblade,Deathblade,Quicksilver,,,,,,,,,,,,,,,,,,,,,,,,,,,,,,,,,,,,,,,,,,,,,,,,,,,,,,,,,,,,,,,,,,,,,,,,,,,,,,,,,,,None,None,,,,,,,,,,,,,,,,,,,,,,,,,,,,,,,,,,,,
2,EUW1_5971749746,TFT6_Augment_SecondWind2,TFT7_Augment_BestFriends2,TFT6_Augment_CyberneticImplants2,2.0,,,2.0,,,1.0,,,,1.0,,0.0,0.0,,,0.0,,,,,,,,1.0,,0.0,2.0,,,,,,,,,,,,,,,,,,,,,,,,,,,,,,,,,,,,,,,,,,,,,,,,,2.0,GuinsoosRageblade,AssassinEmblemItem,MadredsBloodrazor,,,,,,,,,,,,,,,,,,,,,,,,,,,,,,,,,,,,,,,,,,,,,,,,,,,,,,,,,,,,,,,,,,,,,,,,,2.0,RedBuff,GargoyleStoneplate,,1.0,HextechGunblade,InfinityEdge,LastWhisper,1.0,,,,,,,,,,,,,,,,,,,,2.0,Redemption,,,,,,,,,,,,,,,,,,,,,,,2.0,Spatula,BrambleVest,,,,,,2.0,ThiefsGloves,InfinityEdge,RapidFireCannon,,,,,,,,,,,None,None,,,,,,,,,,,,,,,,,,,,,,,,,,,,,,,,,,,,
1,EUW1_5971749746,TFT6_Augment_RichGetRicher,TFT6_Augment_PortableForge,TFT7_Augment_BigFriend2,,1.0,,1.0,,,,,0.0,,2.0,,,1.0,,1.0,,,,,0.0,1.0,,1.0,,0.0,,0.0,,,,,,,,,,,,,,,,,,,,,,,,,,,,,,,,,,,,,,,,,,,,,,,,,,,,,,,,,,,,,,,,,,,,,,,,,3.0,RedBuff,IonicSpark,WarmogsArmor,,,,,,,,,,,,,,,,,,,,,,,,,2.0,,,,3.0,ArchangelsStaff,Deathblade,,,,,,,,,,,,,,,,,,,,,,,,,,,,,,3.0,UnstableConcoction,,,,,,,,,,,,,,,,,,,,,,,,,,,,,,,,,,,,,,,3.0,BrambleVest,OrnnAnimaVisage,DragonsClaw,,,,,,,,,,,,,,,,,,,None,None,,,,,2.0,,,,3.0,Deathblade,RunaansHurricane,Bloodthirster,,,,,,,,,,,,,,,,,,,,,1.0,,,
4,EUW1_5971749746,TFT6_Augment_ThrillOfTheHunt2,TFT6_Augment_TargetDummies,TFT7_Augment_CannoneerHotShot,,,,,2.0,,1.0,,1.0,0.0,1.0,,,,,0.0,,2.0,,,1.0,,,0.0,,1.0,,,,,,,,,,,,,,,,,,,,,,,,,,,,,,,2.0,GuinsoosRageblade,InfinityEdge,Deathblade,,,,,,,,,1.0,DragonsClaw,ShimmerscaleDeterminedInvestor,,,,,,,,,,,,,,,,,,,,,,,,,,,,,,,,,,2.0,GiantsBelt,,,,,,,,,,,,,,,,,,,,,,,2.0,,,,,,,,,,,,,,,,,,,,,,,,,,,,,,,,,,,,,,,,,,,,,,,,,,,,,,,,,,,,,,,,2.0,GuinsoosRageblade,Quicksilver,,,,,,,,,,,,,,,,,,,,,,,,,,,,,,3.0,TrainerSnax,None,None,2.0,ThiefsGloves,ChainVest,BrambleVest,1.0,,,,,,,,,,,,,,,,,,,,,,,,,,,,,,,
3,EUW1_5971749746,TFT6_Augment_Meditation2,TFT7_Augment_ClutteredMind,TFT6_Augment_CelestialBlessing2,,1.0,,1.0,,,1.0,,1.0,,1.0,,,2.0,,1.0,,,,,,,,,,1.0,,0.0,,,,,,,,,,,,,,,,,1.0,MageEmblemItem,,,,,,,,,,,,,,,,,,,,,,,,,,,,,,,,,,,,,,,,,,,,,,,,,,,2.0,,,,2.0,,,,,,,,,,,,,,,,,,,,,,,,,,,,2.0,,,,3.0,SpearOfShojin,StatikkShiv,ArchangelsStaff,,,,,,,,,,,,,,,,,,,,,,,,,,,,,1.0,Shroud,,,,,,,,,,,,,,,,,,,,,,,,,,,,,,,,,,,,,,,2.0,WarmogsArmor,GargoyleStoneplate,Quicksilver,,,,,,,,,,,,,,,,,2.0,TrainerSnax,None,None,,,,,,,,,,,,,,,,,,,,,,,,,,,,,,,,,,,,
6,EUW1_5971749746,TFT7_Augment_GadgetExpert,TFT7_Augment_BestFriends2,TFT7_Augment_DragonmancerEmblem,,,,0.0,,2.0,,1.0,0.0,,1.0,0.0,1.0,,0.0,,0.0,,,,0.0,,,,1.0,,,,,,,,2.0,StatikkShiv,,,,,,,,,,,,,,,,,,,,,,,,,,,,,,,,,,,,,,,,,,,,,,,,,,,,,,,,,,,2.0,TitansResolve,,,,,,,,,,,,,,,,,,,,,,,2.0,,,,,,,,,,,,,,,,,,,,,,,,,,,,2.0,DragonmancerEmblemItem,,,,,,,1.0,TitanicHydra,RedBuff,IonicSpark,,,,,,,,,,,,,2.0,,,,,,,,,,,,,,,,,,,,,,,,,,,,,,,,,,,,,,,,,,,,,,,,,,,,,,,,,,None,None,,,,,,,,,,,,,,,,,2.0,GuinsoosRageblade,Quicksilver,HextechGunblade,,,,,,,,,,,,,,,,
5,EUW1_5971753475,TFT6_Augment_Traitless2,TFT7_Augment_MikaelsGift,TFT6_Augment_PortableForge,0.0,,,,0.0,0.0,1.0,0.0,,1.0,1.0,,,,0.0,,0.0,0.0,0.0,,1.0,,,0.0,,,0.0,,,,,,,,,,,,,,,,,,,,,,,,,,2.0,OrnnRocketPropelledFist,,,2.0,ZekesHerald,ZekesHerald,ZekesHerald,,,,,,,,,1.0,ShimmerscaleMogulsMail,RedBuff,,,,,,,,,,,,,,,,,,,,,,2.0,LocketOfTheIronSolari,,,,,,,,,,,,,,,,,,,,,,,,,,,,,,,,,,,,,,,,,,,,,,,,,,,,,,,,,,,,,,,,,,,,,,,,,,,,,,,,,,,,,,,,,,,,,,,,,,,,,,,,,,,,,,,,,,,,,,,1.0,,,,,,,,,,,,,,None,None,,,,,,,,,,,,,,,,,,,,,2.0,MadredsBloodrazor,Quicksilver,GuinsoosRageblade,1.0,RabadonsDeathcap,,,,,,,,,,
7,EUW1_5971753475,TFT7_Augment_BestFriends2,TFT7_Augment_FirstAidKit2,TFT6_Augment_ComponentGrabBag,,1.0,,1.0,,,,,0.0,,1.0,,,1.0,,1.0,,,,,,,,1.0,,1.0,,0.0,,,,,,,,,,,,,,,,,,,,,,,,,,,,,,,,,,,,,,,,,,,,,,,,,,,,,,,,,,,,,,,,,,,,,2.0,,,,3.0,IonicSpark,ChainVest,,,,,,,,,,,,,,,,,,,,,,,,,,2.0,PowerGauntlet,,,3.0,GuardianAngel,,,,,,,,,,,,,,,,,,,,,,,,,,,,,,,,,,,,,,,,,,,,,,,,,,,,,,,,,,,,,,,,,,,,,,,1.0,RedBuff,TitansResolve,GargoyleStoneplate,,,,,,,,,,,,,,,,,1.0,TrainerSnax,None,None,,,,,2.0,,,,2.0,UnstableConcoction,GuinsoosRageblade,,,,,,,,,,,,,,,,,,,,,,,,,
6,EUW1_5971753475,TFT7_Augment_GuildGearUpgrades,TFT6_Augment_CelestialBlessing2,TFT6_Augment_SecondWind2,0.0,,1.0,1.0,,1.0,,,,,4.0,,0.0,,,0.0,1.0,,,,,,,1.0,0.0,,0.0,,,,,,,,,,,,,,,,,,,,,,1.0,GiantsBelt,,,,,,,,,,,,,,,,,,,,,,,,,,,,,,,,,,,,,,,,,,,2.0,ThiefsGloves,JeweledGauntlet,SeraphsEmbrace,,,,,,,,,,,,,,,,,,,,,,,,,,,,,,,,,,,,,,,,,,,,,,,,,,,,,,,,,1.0,,,,,,,,,,,,,,,,2.0,WarmogsArmor,,,,,,,,,,,2.0,Zephyr,,,,,,,,,,,,,,,,,,,,,,,,,,,,,,,2.0,NegatronCloak,,,,,,,,,,,,,None,None,,,,,2.0,NegatronCloak,,,,,,,,,,,,,,,2.0,Quicksilver,MadredsBloodrazor,MadredsBloodrazor,,,,,,,,,,,,
4,EUW1_5971753475,TFT6_Augment_ClearMind,TFT7_Augment_DragonHorde,TFT6_Augment_ComponentGrabBag,,,,0.0,,,2.0,,,,,2.0,0.0,0.0,,0.0,,,,1.0,0.0,1.0,1.0,,2.0,,,,,,,,,,,,1.0,GuinsoosRageblade,TitansResolve,,,,,,,,,,,,,,,,,,,,,,,,,,,,,,,,,,2.0,Bloodthirster,GuardianAngel,TitansResolve,,,,,,,,,,,,,2.0,TitanicHydra,FrozenHeart,,,,,,,,,,,,,,,,,,,,,,,,,,,,,,,,,,,,,,,,,,,,,,2.0,RedBuff,Redemption,WarmogsArmor,,,,,,,,,,,,,1.0,,,,,,,,,,,,,,,,,,,,,,,,,,,,,,,,,,,,,,,,,,,,2.0,NegatronCloak,,,,,,,,,,,,,,,,,,,,,,,,,,,,,None,None,,,,,,,,,,,,,,,,,,,,,,,,,,,,,,,,,2.0,,,
8,EUW1_5971753475,TFT6_Augment_ThreesCompany,TFT6_Augment_Electrocharge2,TFT6_Augment_SecondWind2,,,,1.0,,,1.0,,,0.0,,2.0,0.0,0.0,,0.0,,,,1.0,,,,,0.0,,,0.0,,,,,,,,,,,,,,,,,,,,,,,,,,,,,,,,,,,,,,,,,,,,,2.0,InfinityEdge,TitansResolve,HextechGunblade,,,,,,,,,,,,,2.0,,,,,,,,,,,,,,,,,,,,,,,,,,,,,,,,,,,,,,,,,,,,,,,,1.0,WarmogsArmor,BrambleVest,JeweledGauntlet,,,,,,,,,,,,,1.0,TearOfTheGoddess,,,,,,,,,,,,,,,,,,,,,,,,,,,,,,,,,,,,,,,,,,,,,,,,,,,2.0,,,,,,,,,,,,1.0,,,,,,,,,,None,None,,,,,,,,,,,,,,,,,,,,,,,,,,,,,,,,,,,,
2,EUW1_5971753475,TFT6_Augment_TriForce2,TFT6_Augment_Twins2,TFT7_Augment_SwiftshotPressTheAttack,,0.0,,2.0,,,1.0,,,,,,0.0,0.0,,,,,,,,,,1.0,1.0,,,2.0,,,,,,,,,,,,,,,,,,,,,,,,,,,,,,,,,,,,,,,,,,,,,,,,,1.0,RunaansHurricane,,,,,,,2.0,LastWhisper,,,,,,,,,,,,,,,2.0,RedBuff,BrambleVest,PowerGauntlet,,,,,,,,,,,,,,,,,,,,,,,,,,,,,,,,,,,,,,,,,,,,,,,,,2.0,,,,,,,,,,,,,,,,,,,,,,,,,,,,,,,,,,,,,,,,,,,,,,,,,,,,2.0,,,,,,,,,,,,,,,,,,,,,,None,None,,,,,,,,,3.0,GuinsoosRageblade,UnstableConcoction,Quicksilver,,,,,,,,,,,,,,,,,,,,,,,,
3,EUW1_5971753475,TFT6_Augment_TomeOfTraits1,TFT7_Augment_AssassinEmblem,TFT6_Augment_ThrillOfTheHunt2,3.0,,,2.0,,,,,,,1.0,,0.0,0.0,,,0.0,,1.0,,,,,,1.0,,1.0,1.0,,,,,,,,,,,,,,,,,,,,,,,,,,,,,,,,,2.0,,,,,,,,,,,,,,,,,,,,,,,,,,,,,,,,,,,,,,,,,,,,,,,,,,,,,,,,,,,,,,,,,,,,,,,,,,,,,,,,,,,,,,,,3.0,AssassinEmblemItem,RunaansHurricane,InfinityEdge,2.0,Morellonomicon,SpearOfShojin,Shroud,1.0,ThiefsGloves,TearOfTheGoddess,SpearOfShojin,2.0,FrozenHeart,,,,,,,,,,,,,,,,,,,2.0,AssassinEmblemItem,RecurveBow,,,,,,,,,,,,,,,,,,,,,,1.0,,,,,,,,2.0,FrozenHeart,RedBuff,,,,,,,,,,,,None,None,,,,,,,,,,,,,,,,,,,,,,,,,,,,,,,,,,,,
1,EUW1_5971753475,TFT7_Augment_MageConference,TFT6_Augment_TradeSectorPlus,TFT7_Augment_MageEmblem,,0.0,,0.0,,0.0,,,,,1.0,,,3.0,,0.0,,,0.0,,0.0,1.0,,,,0.0,,0.0,,,,,,,,,,,,,,,,,,,,,,,,,,,,,,,,,,,,,,,,,,,,,,,,,,,,,,,,,,,,,,,,,,,,,3.0,,,,,,,,,,,,,,,,,,,,,,,,,,,,3.0,DragonsClaw,BrambleVest,,,,,,3.0,StatikkShiv,,,,,,,,,,,,,,,,,,,,,,,,,,,,,,,3.0,MadredsBloodrazor,ArchangelsStaff,SpearOfShojin,,,,,,,,,,,,,,,,,,,,,,,,,,,,,,,,,,,,,3.0,RedBuff,Quicksilver,WarmogsArmor,,,,,,,,,,,,,,,,,,,None,None,,,,,,,,,,,,,3.0,,,,,,,,,,,,,,,,,,,,2.0,UnstableConcoction,GuinsoosRageblade,
1,EUW1_5971780934,TFT6_Augment_CelestialBlessing1,TFT7_Augment_MikaelsGift,TFT6_Augment_ComponentGrabBag,1.0,,,1.0,1.0,,,,1.0,,1.0,,0.0,,,0.0,0.0,1.0,,,,,,,1.0,1.0,0.0,,,,,,,,,,,,,,,,,,,,,,,,,,,,,,2.0,InfinityEdge,HextechGunblade,LastWhisper,,,,,,,,,,,,,,,,,,,,,,,,,,,,,,,,,,,,,,,,,,,,,,,,,,,,,,,,,,,,,,,,,,,,,2.0,PowerGauntlet,,,,,,,,,,,,,,,,,,,,,,,2.0,TitanicHydra,NegatronCloak,,,,,,2.0,,,,,,,,,,,,,,,,,,,,2.0,LocketOfTheIronSolari,LocketOfTheIronSolari,LocketOfTheIronSolari,,,,,,,,,2.0,,,,,,,,,,,,,,,,,,,,2.0,FrozenHeart,RedBuff,,,,,,,,,,4.0,TrainerSnax,None,None,2.0,ZekesHerald,ZekesHerald,ZekesHerald,,,,,,,,,,,,,,,,,,,,,,,,,,,,,,,,
3,EUW1_5971780934,TFT7_Augment_AFK,TFT6_Augment_TriForce2,TFT6_Augment_TargetDummies,,1.0,1.0,1.0,,,,,0.0,,2.0,,,2.0,,2.0,,,,,0.0,1.0,,1.0,,0.0,,0.0,,,,,,,,,,,,,,,,,,,,,1.0,,,,,,,,,,,,,,,,,,,,,,,,,,,,,,,,,,,,,,,,,,,,,,,,,,,,3.0,GargoyleStoneplate,MageEmblemItem,WarmogsArmor,,,,,,,,,,,,,,,,,,,,,,,,,2.0,GiantsBelt,,,3.0,SwiftshotEmblemItem,,,,,,,,,,,,,,,,,,,,,,,,,,,,,,,1.0,,,,,,,,,,,,,,,,,,,,,,,,,,,,,,,,,,,,,,,,2.0,RedBuff,FrozenHeart,,,,,,,,,,,,,,,,,,,,None,None,,,,,,,,,3.0,RunaansHurricane,UnstableConcoction,Deathblade,,,,,,,,,,,,,,,,,,,,,2.0,Morellonomicon,Spatula,
7,EUW1_5971780934,TFT6_Augment_CyberneticUplink1,TFT6_Augment_JeweledLotus,TFT6_Augment_PortableForge,,0.0,,1.0,,0.0,,,0.0,,1.0,,,2.0,,0.0,,0.0,0.0,,,,,,,0.0,,0.0,,,,,,,,,,,,,,,,,,,,,,,,,,,,,,,,,,,,,,,,,,,,,,,,,,,,,,,,,,,,,,,,,,,,,2.0,,,,2.0,ChainVest,,,,,,,,,,,,,,,,,,,,,,,2.0,RecurveBow,,,,,,,2.0,StatikkShiv,,,,,,,,,,,,,,,,,,,,,,,,,,,,,,,2.0,SpearOfShojin,InfinityEdge,,,,,,,,,,,,,,,,,,,,,,,,,,2.0,SparringGloves,,,,,,,,,,,2.0,RedBuff,GargoyleStoneplate,OrnnDeathsDefiance,,,,,,,,,,,,,,,,,,,None,None,,,,,,,,,,,,,,,,,,,,,,,,,,,,,,,,,,,,
8,EUW1_5971780934,TFT7_Augment_AxiomArc1,TFT7_Augment_SwiftshotEmblem,TFT6_Augment_ThrillOfTheHunt2,,,,,,,1.0,0.0,,,1.0,2.0,,,,1.0,0.0,,,1.0,,,,2.0,,,,,,,,,,,,,,,,,2.0,TearOfTheGoddess,,,,,,,,,,,,,,,,,,,,,,,,,,,,,,,2.0,SwiftshotEmblemItem,HextechGunblade,,,,,,,,,,,,,,2.0,,,,,,,,,,,,,,,,,,,,,,,,,,,,,,,,,,,,,,,,,,,,,,,,2.0,RedBuff,DragonsClaw,,,,,,,,,,,,,,,,,,,,,,,,,,,,,,,,,,,,,,,,,,,,,,,,,,,,,,,,,,,,,,,,,,,,,,,,,,,,,,,,,,,,,,,,None,None,,,,,1.0,MysticEmblemItem,,,,,,,,,,,,,,,1.0,GuinsoosRageblade,Quicksilver,MadredsBloodrazor,,,,,,,,,,,,
2,EUW1_5971780934,TFT6_Augment_Electrocharge1,TFT6_Augment_Electrocharge2,TFT6_Augment_ComponentGrabBag,1.0,,,1.0,,0.0,1.0,,,,2.0,,0.0,,,,2.0,,,0.0,,,,1.0,1.0,,0.0,,,,,,,,,,,,,,,,,,,,,,,,,,,,,,,,,,,,,,,,,,,,,,,,,,,,,,,,,,,,,,,,,,2.0,SeraphsEmbrace,RedBuff,,,,,,,,,,,,,,,,,,,,,,,,,,,,,,,,,,,,,,,,,,,,,,,,,,,,,,,,,,2.0,ThiefsGloves,ZekesHerald,Deathblade,,,,,2.0,,,,,,,,,,,,,,,,,,,,2.0,Redemption,,,1.0,,,,,,,,,,,,,,,,,,,,,,,,,,,,2.0,RedBuff,LastWhisper,IonicSpark,,,,,,,,,,,None,None,,,,,2.0,StatikkShiv,,,,,,,,,,,,,,,2.0,Quicksilver,GuinsoosRageblade,RunaansHurricane,,,,,,,,,,,,
5,EUW1_5971780934,TFT7_Augment_AssassinTrait,TFT6_Augment_SalvageBin,TFT7_Augment_BestFriends2,2.0,,,2.0,,,,,,,1.0,,0.0,0.0,,,0.0,,1.0,,,,,,1.0,,1.0,0.0,,,,,,,,,,,,,,,,,,,,,,,,,,,,,,,,,2.0,IonicSpark,FrozenHeart,IonicSpark,,,,,,,,,,,,,,,,,,,,,,,,,,,,,,,,,,,,,,,,,,,,,,,,,,,,,,,,,,,,,,,,,,,,,,,,,,,,,,,,,,,,,2.0,Zephyr,StatikkShiv,,2.0,,,,,,,,2.0,,,,,,,,,,,,,,,,,,,,2.0,RedBuff,,,,,,,,,,,,,,,,,,,,,,,2.0,Shroud,,,,,,,2.0,InfinityEdge,GuinsoosRageblade,UnstableConcoction,,,,,,,,,,,None,None,,,,,,,,,,,,,,,,,,,,,,,,,,,,,,,,,,,,
4,EUW1_5971780934,TFT6_Augment_CyberneticUplink1,TFT6_Augment_SecondWind2,TFT6_Augment_ThrillOfTheHunt2,,,,1.0,0.0,,1.0,,1.0,,,,0.0,1.0,,0.0,,1.0,,,,,,,2.0,1.0,,0.0,,,,,,,,,1.0,GuinsoosRageblade,GuardianAngel,UnstableConcoction,,,,,,,,,,,,,,,,,2.0,Deathblade,,,,,,,,,,,,,,,,,,,,,,,,,,,,,,,,,,,,,,,2.0,,,,,,,,,,,,,,,,,,,,,,,,,,,,,,,,2.0,LocketOfTheIronSolari,,,,,,,,,,,,,,,,,,,,,,,1.0,,,,,,,,,,,,,,,,,,,,,,,,,,,,,,,,,,,,,,,,2.0,SpearOfShojin,MageEmblemItem,Morellonomicon,,,,,,,,,2.0,RedBuff,IonicSpark,,,,,,,,,,,,,,,,,,4.0,TrainerSnax,None,None,,,,,,,,,,,,,,,,,,,,,,,,,,,,,,,,,,,,
6,EUW1_5971780934,TFT6_Augment_FirstAidKit,TFT6_Augment_Ascension,TFT6_Augment_ComponentGrabBag,,1.0,,1.0,,,,,,,1.0,,,1.0,,0.0,,,,,0.0,1.0,,1.0,,,,0.0,,,,,,,,,,,,,,,,,,,,,,,,,,,,,,,,,,,,,,,,,,,,,,,,,,,,,,,,,,,,,,,,,,,,,,,,,2.0,DragonsClaw,,,,,,,,,,,,,,,,,,,,,,,,,,,,,,,3.0,PowerGauntlet,Chalice,LocketOfTheIronSolari,,,,,,,,,,,,,,,,,,,,,,,,,,,,,,,,,,,,,,,,,,,,,,,,,,,,,,,,,,,,,,,,,,,,,2.0,RedBuff,DragonsClaw,,,,,,,,,,,,,,,,,,,,None,None,,,,,2.0,,,,3.0,RunaansHurricane,GuinsoosRageblade,RunaansHurricane,,,,,,,,,,,,,,,,,,,,,1.0,,,
1,EUW1_5971864117,TFT6_Augment_CelestialBlessing2,TFT6_Augment_Weakspot,TFT6_Augment_PandorasItems,2.0,,,2.0,,,1.0,,,,1.0,,0.0,,,,0.0,,0.0,,,,,,1.0,,1.0,2.0,,,,,,,,,,,,,,,,,,,,,,,,,,,,,,,,,,,,,,,,,,,,,,,,,2.0,AssassinEmblemItem,GuinsoosRageblade,InfinityEdge,,,,,,,,,,,,,,,,,,,,,,,,,,,,,,,,,,,,,,,,,,,,,,,,,,,,,,,,,,,,,,,,,,,,,2.0,AssassinEmblemItem,,,2.0,,,,2.0,InfinityEdge,RabadonsDeathcap,FrozenHeart,2.0,,,,,,,,,,,,,,,,,,,,2.0,Zephyr,,,,,,,,,,,,,,,,,,,,,,,,,,,,,,,2.0,ZekesHerald,InfinityEdge,LocketOfTheIronSolari,,,,,,,,,,,None,None,,,,,,,,,,,,,,,,,,,,,,,,,,,,,,,,,,,,
4,EUW1_5971864117,TFT7_Augment_EvokerEmblem,TFT6_Augment_SecondWind1,TFT6_Augment_Diversify1,,0.0,1.0,1.0,,,1.0,,1.0,,1.0,,0.0,1.0,,1.0,,0.0,,,0.0,1.0,,,2.0,,,0.0,,,,,,,,,2.0,MadredsBloodrazor,ArchangelsStaff,EvokerEmblemItem,,,,,,,,,1.0,,,,,,,,,,,,,,,,,,,,,,,,,,,,,,,,,,,,,,,,,,,,,,,,,,,,,,,,,,,,,,,,,,,,,,,,,,,,,,,,,,,,3.0,,,,,,,,,,,,,,,,,,,,2.0,,,,,,,,,,,,,,,,,,,,,,,,,,,,,,,,,,,,,,,,1.0,Quicksilver,,,,,,,,,,,1.0,GargoyleStoneplate,RedBuff,Redemption,,,,,,,,,,,,,,,,,,,None,None,,,,,,,,,,,,,,,,,,,,,,,,,,,,,,,,,1.0,RabadonsDeathcap,HextechGunblade,SpearOfShojin
3,EUW1_5971864117,TFT6_Augment_LudensEcho2,TFT7_Augment_LategameSpecialist,TFT6_Augment_CyberneticShell1,,,1.0,,,,1.0,0.0,0.0,,1.0,1.0,,0.0,0.0,1.0,,,,1.0,0.0,1.0,1.0,,1.0,0.0,0.0,,,,,,,,,,1.0,ArchangelsStaff,SeraphsEmbrace,JeweledGauntlet,,,,,,,,,2.0,,,,,,,,,,,,,,,,,,,,,,,,,,,,,,,,,,,,,,,,1.0,,,,,,,,,,,,,,,,,,,,,,,,,,,,,,,,,,,,,,,,2.0,,,,,,,,2.0,RedBuff,DragonsClaw,WarmogsArmor,,,,,,,,,,,,,,,,,,,,,,,,,,,,,,,,,,,,,,,,,,,,,,,,,,,,,,,,,2.0,,,,,,,,,,,,,,,,,,,,,,,,,,,,,,None,None,,,,,,,,,,,,,,,,,,,,,,,,,2.0,,,,,,,,1.0,PowerGauntlet,ZekesHerald,GuinsoosRageblade
6,EUW1_5971864117,TFT7_Augment_FirstAidKit2,TFT6_Augment_MakeshiftArmor1,TFT7_Augment_BandOfThieves1,,1.0,,1.0,,0.0,,,1.0,,1.0,,,2.0,,1.0,,0.0,0.0,,,,,,,0.0,,0.0,,,,,,,,,,,,,,,,,,,,,,,,,,,,,,,,,,,,,,,,,,,,,,,,,,,,,,,,,,,,,,,,,,,,,,,,,2.0,ThiefsGloves,ZekesHerald,Deathblade,,,,,,,,,,,,,,,,,,,,,1.0,,,,1.0,,,,3.0,ThiefsGloves,TitansResolve,MadredsBloodrazor,,,,,,,,,,,,,,,,,,,,,,,,,,,,,3.0,MadredsBloodrazor,Quicksilver,SpearOfShojin,,,,,,,,,,,,,,,,,,,,,,,,,1.0,,,,,,,,,,,,2.0,TitansResolve,IonicSpark,WarmogsArmor,,,,,,,,,,,,,,,,,,,None,None,,,,,,,,,,,,,2.0,GiantsBelt,,,,,,,,,,,,,,,,,,,,,,
2,EUW1_5971864117,TFT6_Augment_CyberneticUplink2,TFT6_Augment_FirstAidKit,TFT6_Augment_Recombobulator,,,,,,0.0,1.0,1.0,0.0,,,2.0,,,0.0,1.0,1.0,,,1.0,,,,1.0,,0.0,0.0,,,,,,,,,,,,,,1.0,,,,,,,,,,,,,,,,,,,,,,,,,,,,,,,,2.0,,,,,,,,,,,,,,,,,,,,2.0,Zephyr,,,,,,,,,,,,,,,,,,,,,,,,,,,,,,,,,,,3.0,TearOfTheGoddess,RagewingEmblemItem,,,,,,3.0,RabadonsDeathcap,RedBuff,WarmogsArmor,,,,,,,,,,,,,,,,,,,,,,,,,,,,,,,,,,,,,,,,,,,,,,,,,,,,,,,,,,,,,1.0,JadeEmblemItem,,,,,,,,,,,,,,,,,,,,,,,,,None,None,,,,,,,,,,,,,,,,,,,,,2.0,InfinityEdge,GuinsoosRageblade,MadredsBloodrazor,1.0,,,,,,,,,,,
5,EUW1_5971864117,TFT7_Augment_UrfsGrabBag1,TFT6_Augment_Electrocharge1,TFT6_Augment_Diversify1,,,,1.0,0.0,,1.0,,0.0,,,,0.0,1.0,,0.0,,,,,0.0,1.0,,,2.0,2.0,,0.0,,,,,,,,,1.0,MageEmblemItem,SpearOfShojin,ArchangelsStaff,,,,,,,,,,,,,,,,,,,,,,,,,,,,,,,,,,,,,,,,,,,,,,,,,,,,,,,,,2.0,StatikkShiv,,,,,,,,,,,,,,,,,,,,,,,,,,,,,,,2.0,StatikkShiv,Quicksilver,,,,,,,,,,,,,,,,,,,,,,1.0,,,,,,,,,,,,,,,,,,,,,,,,,,,,,,,,,,,,,,,,,,,,,,,,,,,,2.0,RedBuff,DragonsClaw,GuardianAngel,,,,,,,,,,,,,,,,,4.0,TrainerSnax,None,None,1.0,,,,,,,,,,,,,,,,,,,,,,,,,,,,,,,,1.0,MadredsBloodrazor,SeraphsEmbrace,
8,EUW1_5971864117,TFT6_Augment_Traitless2,TFT6_Augment_Electrocharge1,TFT7_Augment_BigFriend,,,,0.0,0.0,0.0,,,0.0,0.0,,0.0,0.0,,0.0,0.0,0.0,0.0,,0.0,,,,0.0,0.0,0.0,0.0,,,,,,,,,,,,,,,,,,,,,,,,,,,,,,2.0,GuinsoosRageblade,SpearOfShojin,Deathblade,,,,,,,,,,,,,,,,,,,,,,,,,,,,,2.0,WarmogsArmor,,,2.0,,,,,,,,,,,,,,,,,,,,,,,,,,,,,,,,,,,,1.0,,,,,,,,,,,,,,,,,,,,,,,,1.0,,,,,,,,,,,,,,,,,,,,,,,,,,,,,,,,,,,,,,,,,,,,,,,,,,,,,,,,,,,,,,,,2.0,,,,,,,,,,None,None,,,,,,,,,,,,,,,,,,,,,2.0,UnstableConcoction,,,,,,,2.0,,,,,,,
7,EUW1_5971864117,TFT7_Augment_CannoneerEmblem,TFT6_Augment_SecondWind1,TFT6_Augment_Diversify1,,,1.0,,2.0,,1.0,,1.0,1.0,1.0,,,,,1.0,,1.0,0.0,,1.0,,,,,1.0,,,,,,,,,,,,,,,,,,,,,,,1.0,,,,1.0,ShimmerscaleDeterminedInvestor,,,1.0,MadredsBloodrazor,GuinsoosRageblade,LastWhisper,,,,,,,,,1.0,GargoyleStoneplate,DragonsClaw,IonicSpark,,,,,,,,,,,,,,,,,,,,,,,,,,,,,,,,,,,,,,,,,,,,,,,,,,,,,,,,,2.0,CannoneerEmblemItem,,,,,,,,,,,,,,,,,,,,,,,,,,,,,,,,,,,,,,,,,,,,,,,,,,,,,,,,,,,,,,,1.0,Morellonomicon,,,,,,,,,,,,,,,,,,,,,,,,,,,,,,,2.0,TrainerSnax,None,None,1.0,,,,,,,,,,,,,,,,,,,,,,,,,,,,,,,,,,,
3,EUW1_5971629604,TFT7_Augment_AFK,TFT7_Augment_GuildEmblem,TFT6_Augment_SunfireBoard,2.0,,,1.0,,0.0,1.0,,,,4.0,0.0,0.0,,,,,,,,,,1.0,0.0,1.0,,,2.0,,,,,,,,,,,,,,,,,,,,,,,,,,,,,,,,,,,,,,,,,,,,,,,,,2.0,GuildEmblemItem,Bloodthirster,AssassinEmblemItem,,,,,,,,,,,,,,,,,,,,,,,,,,,,,,,,,,,,,,,,,,,,,,,,,,,,,,,,,,,,,,,,,,,,,,,,,2.0,WarmogsArmor,TitanicHydra,Redemption,1.0,RabadonsDeathcap,,,2.0,NeedlesslyLargeRod,,,,,,,2.0,TitanicHydra,,,,,,,,,,,,,,,,,,,,,,,,,,,1.0,,,,,,,,,,,,,,,,2.0,FrozenHeart,RunaansHurricane,LastWhisper,,,,,,,,,,,None,None,,,,,1.0,,,,,,,,,,,,,,,,,,,,,,,,,,,,,,,
5,EUW1_5971629604,TFT7_Augment_EvokerTrait,TFT7_Augment_DragonHorde,TFT6_Augment_Ascension,,,1.0,1.0,,,2.0,,1.0,,1.0,,,1.0,,1.0,,0.0,,,0.0,1.0,,,,1.0,,2.0,,,,,,,,,,,,,,,,,,,,,1.0,,,,,,,,,,,,,,,,,,,,,,,,,,,,2.0,Bloodthirster,Quicksilver,GargoyleStoneplate,,,,,,,,,,,,,,,,,2.0,,,,,,,,,,,,,,,,,,,,,,,,,,,,,,,,2.0,,,,,,,,,,,,,,,,,,,,,,,,,,,,,,,,,,,,,,,,,,,,,,,,,,,,,,,,,,,,,,,,1.0,,,,,,,,,,,,2.0,TitanicHydra,SeraphsEmbrace,,,,,,,,,,,,,,,,,,4.0,TrainerSnax,None,None,,,,,,,,,,,,,,,,,,,,,,,,,,,,,,,,,1.0,,,
2,EUW1_5971629604,TFT7_Augment_MysticTrait,TFT6_Augment_SecondWind2,TFT6_Augment_ComponentGrabBag,,1.0,1.0,1.0,,,,,1.0,,3.0,,,1.0,,3.0,,,,,,,,1.0,,0.0,,0.0,,,,,,,,,,,,,,,,,,,,,1.0,Spatula,,,,,,,,,,,,,,,,,,,,,,,,,,,,,,,,,,,,,,,,,,,,,,,,,,,3.0,DragonsClaw,GargoyleStoneplate,WarmogsArmor,,,,,,,,,,,,,,,,,,,,,,,,,2.0,FrozenHeart,,,3.0,ArchangelsStaff,PowerGauntlet,EvokerEmblemItem,,,,,,,,,,,,,,,,,,,,,,,,,,,,,2.0,LastWhisper,,,,,,,,,,,,,,,,,,,,,,,,,,,,,,,,,,,,,,,2.0,IonicSpark,,,,,,,,,,,,,,,,,,,,,None,None,,,,,2.0,,,,3.0,GuinsoosRageblade,UnstableConcoction,InfinityEdge,,,,,,,,,,,,,,,,,,,,,,,,
7,EUW1_5971629604,TFT6_Augment_CyberneticUplink1,TFT6_Augment_Ascension,TFT6_Augment_SecondWind2,,,,1.0,,0.0,,,1.0,,1.0,,0.0,2.0,,0.0,,0.0,0.0,,0.0,1.0,,,0.0,1.0,,0.0,,,,,,,,,,,,,,,,,,,,,,,,,,,,,,,,,,,,,,,,,,,,,,,,,,,,,,,,,,,,,,,,,,,,,2.0,,,,,,,,,,,,,,,,,,,,,,,,,,,,2.0,ThiefsGloves,GiantsBelt,Zephyr,2.0,ChainVest,,,,,,,,,,,,,,,,,,,,,,,2.0,Redemption,FrozenHeart,,,,,,,,,,2.0,ArchangelsStaff,SpearOfShojin,EvokerEmblemItem,,,,,,,,,,,,,,,,,,,,,,,,,2.0,SpearOfShojin,,,,,,,,,,,2.0,RedBuff,,,,,,,,,,,,,,,,,,,1.0,TrainerSnax,None,None,,,,,,,,,,,,,,,,,,,,,,,,,,,,,,,,,1.0,,,
4,EUW1_5971629604,TFT7_Augment_BestFriends1,TFT6_Augment_SecondWind2,TFT6_Augment_ComponentGrabBag,,,,,1.0,,1.0,,1.0,1.0,,0.0,,,,0.0,,1.0,,0.0,1.0,,,,,1.0,,0.0,,,,,,,,,,,,,,,,,,,,,,,,,,,,,2.0,UnstableConcoction,GuinsoosRageblade,MadredsBloodrazor,,,,,,,,,2.0,FrozenHeart,RedBuff,GargoyleStoneplate,,,,,,,,,,,,,,,,,,,,,,,,,,,,,,,,,,,,,,,,,,,,,,,,,,,,,,,,,2.0,PowerGauntlet,,,,,,,2.0,,,,,,,,,,,,,,,,,,,,,,,,,,,,,,,,,,,,,,,,,,,,,,,,,,,,,,,,2.0,SpearOfShojin,ArchangelsStaff,SeraphsEmbrace,,,,,,,,,,,,,,,,,,,,,,,,,2.0,Shroud,,,4.0,TrainerSnax,None,None,2.0,ShimmerscaleDravensAxe,MadredsBloodrazor,Bloodthirster,,,,,,,,,,,,,,,,,,,,,,,,,,,,,,,,
8,EUW1_5971629604,TFT6_Augment_TinyTitans,TFT7_Augment_GadgetExpert,TFT7_Augment_SwiftshotPressTheAttack,,1.0,,1.0,,,,,0.0,,2.0,,,1.0,,1.0,,,,,,,,1.0,,0.0,,0.0,,,,,,,,,,,,,,,,,,,,,,,,,,,,,,,,,,,,,,,,,,,,,,,,,,,,,,,,,,,,,,,,,,,,,,,,,3.0,,,,,,,,,,,,,,,,,,,,,,,,,,,,1.0,,,,3.0,StatikkShiv,ArchangelsStaff,,,,,,,,,,,,,,,,,,,,,,,,,,,,,,2.0,,,,,,,,,,,,,,,,,,,,,,,,,,,,,,,,,,,,,,,,2.0,WarmogsArmor,DragonsClaw,SeraphsEmbrace,,,,,,,,,,,,,,,,,,,None,None,,,,,2.0,,,,3.0,UnstableConcoction,InfinityEdge,GuinsoosRageblade,,,,,,,,,,,,,,,,,,,,,,,,
6,EUW1_5971629604,TFT6_Augment_MakeshiftArmor1,TFT6_Augment_Diversify2,TFT6_Augment_ComponentGrabBag,1.0,,1.0,1.0,,2.0,,,,,4.0,,,,,0.0,1.0,,,,,,,1.0,0.0,,0.0,,,,,,,,,,,,,,,,,,,,,,1.0,Chalice,RabadonsDeathcap,,,,,,,,,,,,,,,,,,,,,,,,,,,,,,,,,,,,,,,,,,2.0,BruiserEmblemItem,DragonsClaw,,,,,,,,,,,,,,,,,,,,,,,,,,,,,,,,,,,,,,,,,,,,,,,,,,,,,,,,,,,,,,,,,,2.0,FrozenHeart,,,,,,,2.0,,,,,,,,,,,,2.0,TearOfTheGoddess,,,,,,,,,,,,,,,,,,,,,,,,,,,,,,,2.0,CavalierEmblemItem,LastWhisper,,,,,,,,,,,,None,None,,,,,1.0,,,,,,,,,,,,,,,,2.0,InfinityEdge,GuinsoosRageblade,MadredsBloodrazor,,,,,,,,,,,,
1,EUW1_5971629604,TFT6_Augment_ItemGrabBag1,TFT6_Augment_TargetDummies,TFT6_Augment_JeweledLotus,,,,0.0,,,,2.0,,,,1.0,,,0.0,,1.0,,,1.0,,,,0.0,0.0,,1.0,,,,,,,,,,,,,,2.0,NeedlesslyLargeRod,,,,,,,,,,,,,,,,,,,,,,,,,,,,,,,,,,,,,,,,,,,,,,,,,,,,,,,,,,,,,,,,,,,1.0,Shroud,,,,,,,3.0,Morellonomicon,Bloodthirster,WarmogsArmor,,,,,,,,,,,,,,,,,2.0,ThiefsGloves,StatikkShiv,StatikkShiv,,,,,,,,,,,,,,,,,,,,,,,,,,,,,,,,,,,,,2.0,,,,2.0,Shroud,RedBuff,,,,,,,,,,,,,,,,,,3.0,StatikkShiv,InfinityEdge,Quicksilver,,,,,,,,,,,,,,,,,,,,,,,None,None,,,,,,,,,,,,,,,,,,,,,,,,,1.0,Bloodthirster,RunaansHurricane,Quicksilver,,,,,,,,
5,EUW1_5971637925,TFT6_Augment_CyberneticImplants2,TFT7_Augment_ClutteredMind,TFT6_Augment_Diversify3,1.0,,,1.0,,0.0,,0.0,,,2.0,,0.0,,0.0,,1.0,,,,,,,1.0,1.0,,1.0,,,,,,,,,,,,,,,,,,,,,,,,,,,,,,,,,,,,,,,,,,,,,,,,,,,,,,,,,,,,,,,,,,2.0,RedBuff,,,,,,,,,,,,,,,,,,,,,,,,,,,,,,,,,,,,,,,,,,,,,,,,,,,,,,,,,,,1.0,NegatronCloak,,,,,,,2.0,,,,,,,,,,,,,,,,,,,,2.0,,,,,,,,,,,,,,,,,,,,,,,,,,,,,,,,2.0,InfinityEdge,RapidFireCannon,LastWhisper,,,,,,,,,,,None,None,,,,,2.0,,,,,,,,,,,,,,,,2.0,GuinsoosRageblade,Quicksilver,InfinityEdge,2.0,GuardianAngel,UnstableConcoction,,,,,,,,,
2,EUW1_5971637925,TFT6_Augment_CyberneticImplants2,TFT6_Augment_CelestialBlessing2,TFT6_Augment_VerdantVeil,,,1.0,,0.0,,1.0,,1.0,,1.0,2.0,0.0,,,2.0,,,,1.0,,,1.0,,,1.0,,,,,,,2.0,MadredsBloodrazor,ArchangelsStaff,HextechGunblade,,,,,,,,,,,,,1.0,TitanicHydra,,,,,,,,,,,,,,,,,,,,,,,2.0,Bloodthirster,TitansResolve,GuardianAngel,,,,,,,,,,,,,2.0,,,,,,,,,,,,,,,,,,,,,,,,,,,,,,,,,,,,,,,,2.0,,,,,,,,2.0,IonicSpark,DragonsClaw,Redemption,,,,,,,,,,,,,,,,,,,,,,,,,,,,,,,,,,,,,,,,,,,,,,,,,,,,,,,,,1.0,,,,,,,,,,,,,,,,,,,,,,,,,,,,2.0,TrainerSnax,None,None,2.0,,,,,,,,,,,,,,,,,,,,,,,,,,,,,,,,,,,
8,EUW1_5971637925,TFT7_Augment_MageEmblem,TFT6_Augment_Diversify2,TFT7_Augment_UrfsGrabBag2,,1.0,1.0,1.0,,,,,,,2.0,,,3.0,,1.0,,,,,,,,,,0.0,,0.0,,,,,,,,,,,,,,,,,,,,,1.0,TearOfTheGoddess,MageEmblemItem,,,,,,,,,,,,,,,,,,,,,,,,,,,,,,,,,,,,,,,,,,,,,,1.0,,,,2.0,TitanicHydra,MageEmblemItem,,,,,,,,,,,,,,,,,,,,,,,,,,,,,,2.0,,,,,,,,,,,,,,,,,,,,,,,,,,,,,,,,1.0,Quicksilver,ArchangelsStaff,,,,,,,,,,,,,,,,,,,,,,,,,,,,,,,,,,,,,,1.0,GargoyleStoneplate,WarmogsArmor,,,,,,,,,,,,,,,,,,,,None,None,,,,,,,,,,,,,3.0,,,,,,,,,,,,,,,,,,,,,,,
6,EUW1_5971637925,TFT6_Augment_Ascension,TFT7_Augment_LastStand,TFT6_Augment_GrandGambler,1.0,,,1.0,,1.0,,,,,3.0,,0.0,,,,1.0,,,,,,,1.0,1.0,,0.0,,,,,,,,,,,,,,,,,,,,,,,,,,,,,,,,,,,,,,,,,,,,,,,,,,,,,,,,,,,,,,,,,,2.0,,,,,,,,,,,,,,,,,,,,,,,,,,,,,,,,,,,,,,,,,,,,,,,,,,,,,,,,,,,,2.0,DragonsClaw,TearOfTheGoddess,,,,,,2.0,,,,,,,,2.0,,,,,,,,,,,,2.0,,,,,,,,,,,,,,,,,,,,,,,,,,,,,,,,1.0,RedBuff,FrozenHeart,InfinityEdge,,,,,,,,,,,None,None,,,,,2.0,,,,,,,,,,,,,,,,2.0,Quicksilver,MadredsBloodrazor,GuinsoosRageblade,,,,,,,,,,,,
7,EUW1_5971637925,TFT7_Augment_MageEmblem,TFT6_Augment_Diversify2,TFT7_Augment_MageEmblem2,,1.0,,1.0,,,,,1.0,,1.0,,,3.0,,1.0,,0.0,,,,,,,,1.0,,0.0,,,,,,,,,,,,,,,,,,,,,,,,,,,,,,,,,,,,,,,,,,,,,,,,,,,,,,,,,,,,,,,,,,,,,1.0,,,,1.0,,,,,,,,,,,,,,,,,,,,,,,,,,,,2.0,MageEmblemItem,BFSword,,2.0,SpearOfShojin,SpearOfShojin,,,,,,,,,,,,,,,,,,,,,,,,,,,,,,2.0,JeweledGauntlet,SpearOfShojin,HextechGunblade,,,,,,,,,,,,,,,,,,,,,,,,,1.0,MageEmblemItem,,,,,,,,,,,2.0,WarmogsArmor,DragonsClaw,,,,,,,,,,,,,,,,,,2.0,TrainerSnax,None,None,,,,,,,,,,,,,2.0,,,,,,,,,,,,,,,,,,,,,,,
1,EUW1_5971637925,TFT6_Augment_LudensEcho2,TFT6_Augment_PortableForge,TFT6_Augment_CyberneticUplink3,,0.0,,1.0,,,1.0,,1.0,,,,,2.0,,1.0,,0.0,,,0.0,1.0,,,,1.0,,2.0,,,,,,,,,,,,,,,,,,,,,,,,,,,,,,,,,,,,,,,,,,,,,,,,,2.0,Bloodthirster,Bloodthirster,,,,,,,,,,,,,,,,,,2.0,Chalice,,,,,,,,,,,,,,,,,,,,,,,,,,,,,,,2.0,NeedlesslyLargeRod,,,2.0,NegatronCloak,,,,,,,,,,,,,,,,,,,,,,,,,,,,,,,,,,,,,,,,,,,,,,,,,,,,,,,,,,,2.0,MageEmblemItem,Zephyr,,,,,,,,,,2.0,RedBuff,IonicSpark,WarmogsArmor,,,,,,,,,,,,,,,,,4.0,TrainerSnax,None,None,,,,,,,,,,,,,,,,,,,,,,,,,,,,,,,,,1.0,OrnnMuramana,JeweledGauntlet,HextechGunblade
4,EUW1_5971637925,TFT7_Augment_PandorasBench,TFT6_Augment_Distancing2,TFT6_Augment_CelestialBlessing3,,1.0,1.0,1.0,,,,,0.0,,2.0,,,2.0,,2.0,,,,,,,,,,1.0,,0.0,,,,,,,,,,,,,,,,,,,,,1.0,SpearOfShojin,RunaansHurricane,,,,,,,,,,,,,,,,,,,,,,,,,,,,,,,,,,,,,,,,,,,,,,2.0,,,,2.0,MageEmblemItem,,,,,,,,,,,,,,,,,,,,,,,,,,,2.0,,,,2.0,,,,,,,,,,,,,,,,,,,,,,,,,,,,,,,,3.0,MadredsBloodrazor,SpearOfShojin,ArchangelsStaff,,,,,,,,,,,,,,,,,,,,,,,,,,,,,,,,,,,,,2.0,GargoyleStoneplate,RedBuff,Bloodthirster,,,,,,,,,,,,,,,,,3.0,TrainerSnax,None,None,,,,,,,,,,,,,2.0,,,,,,,,,,,,,,,,,,,,,,,
3,EUW1_5971637925,TFT6_Augment_CalculatedLoss,TFT6_Augment_MakeshiftArmor2,TFT6_Augment_ForceOfNature,,2.0,,2.0,,,,,,,1.0,,,1.0,,0.0,,,,0.0,0.0,1.0,,1.0,,,,0.0,,,,,,,,,,,,,,,,,,,,,,,,,,,,,,,,,,,,,,,,,,,,,,,,,,,,,,,,,,,,,,,,,,,,,,,,,3.0,,,,,,,,,,,,,,,,,,,,,,,,,,,,,,,,3.0,BruiserEmblemItem,UnstableConcoction,Shroud,,,,,3.0,,,,,,,,,,,,,,,,,,,,,,,,,,,,,,,,,,,,,,,,,,,,,,,,3.0,,,,,,,,,,,,,,,,2.0,,,,,,,,,,,,,,,,,,,,,,None,None,,,,,2.0,ZekesHerald,ZekesHerald,GiantsBelt,3.0,UnstableConcoction,GuinsoosRageblade,RunaansHurricane,3.0,,,,,,,,,,,,,,,,,,,,1.0,,,
4,EUW1_5971247595,TFT6_Augment_CalculatedLoss,TFT6_Augment_ComponentGrabBag,TFT6_Augment_PortableForge,,0.0,1.0,,,,1.0,1.0,,,1.0,2.0,,,0.0,1.0,0.0,,,2.0,,,1.0,,,,0.0,,,,,,,,,,,,,,,,,,,,,,1.0,,,,,,,,,,,,,,,,,,,,,,,,2.0,UnstableConcoction,GuinsoosRageblade,GuardianAngel,,,,,,,,,,,,,2.0,DragonmancerEmblemItem,,,,,,,,,,,,,,,,,,,,,,,,,,,,,,,,,,,,,,,,,,,,,,,2.0,FrozenHeart,OrnnAnimaVisage,IonicSpark,3.0,Deathblade,Quicksilver,GuinsoosRageblade,,,,,,,,,,,,,,,,,,,,,,,,,,,,,,,,,,,,,,,,,,,,,,,,,,,,,2.0,TearOfTheGoddess,,,2.0,,,,,,,,,,,,,,,,,,,,,,,,,,None,None,,,,,,,,,,,,,,,,,,,,,,,,,2.0,HextechGunblade,,,,,,,,,,
5,EUW1_5971247595,TFT7_Augment_MageConference,TFT7_Augment_MageEmblem,TFT6_Augment_TargetDummies,,0.0,,1.0,,,1.0,0.0,0.0,,,,0.0,2.0,0.0,1.0,,,,,,,,,2.0,1.0,0.0,0.0,,,,,,,,,1.0,SpearOfShojin,JeweledGauntlet,MageEmblemItem,,,,,,,,,,,,,,,,,,,,,,,,,,,,,,,,,,,,,,,,,,,,,,,,,,,,,,,,,3.0,,,,,,,,,,,,,,,,,,,,,,,,,,,,,,,,2.0,,,,2.0,MadredsBloodrazor,MadredsBloodrazor,,,,,,,,,,,,,,,,,,2.0,MageEmblemItem,RedBuff,,,,,,,,,,,,,,,,,,,,,,,,,,,,,,,,,,,,,,,,,,,,,,,,,,2.0,,,,,,,,,,,,,,,,,,,,3.0,TrainerSnax,None,None,,,,,,,,,,,,,,,,,,,,,,,,,1.0,ThiefsGloves,TitansResolve,MadredsBloodrazor,,,,,,,,
6,EUW1_5971247595,TFT6_Augment_SecondWind2,TFT6_Augment_Distancing2,TFT6_Augment_JeweledLotus,,1.0,,1.0,,,,,1.0,,1.0,,,2.0,,1.0,,0.0,,,,,,,,1.0,,0.0,,,,,,,,,,,,,,,,,,,,,,,,,,,,,,,,,,,,,,,,,,,,,,,,,,,,,,,,,,,,,,,,,,,,,1.0,,,,2.0,IonicSpark,,,,,,,,,,,,,,,,,,,,,,,,,,,2.0,,,,3.0,InfinityEdge,,,,,,,,,,,,,,,,,,,,,,,,,,,,,,,2.0,SpearOfShojin,ArchangelsStaff,HextechGunblade,,,,,,,,,,,,,,,,,,,,,,,,,1.0,,,,,,,,,,,,2.0,WarmogsArmor,RedBuff,DragonsClaw,,,,,,,,,,,,,,,,,2.0,TrainerSnax,None,None,,,,,,,,,,,,,2.0,,,,,,,,,,,,,,,,,,,,,,,
2,EUW1_5971247595,TFT7_Augment_GuildEmblem,TFT6_Augment_Diversify2,TFT6_Augment_Distancing2,1.0,,1.0,1.0,,1.0,,,,,5.0,,0.0,,,0.0,1.0,,,,,,,1.0,1.0,,0.0,,,,,,,,,,,,,,,,,,,,,,1.0,,,,,,,,,,,,,,,,,,,,,,,,,,,,,,,,,,,,,,,,,,,,2.0,LocketOfTheIronSolari,,,,,,,,,,,,,,,,,,,,,,,,,,,,,,,,,,,,,,,,,,,,,,,,,,,,,,,,,,,2.0,,,,,,,,2.0,,,,,,,,1.0,,,,,,,,,,,,2.0,GargoyleStoneplate,WarmogsArmor,,,,,,,,,,,,,,,,,,,,,,,,,,,,,,1.0,MadredsBloodrazor,UnstableConcoction,,,,,,,,,,,,None,None,,,,,2.0,JeweledGauntlet,,,,,,,,,,,,,,,2.0,GuinsoosRageblade,GuildEmblemItem,MadredsBloodrazor,,,,,,,,,,,,
3,EUW1_5971247595,TFT6_Augment_TradeSector,TFT7_Augment_SwiftshotEmblem,TFT6_Augment_CelestialBlessing2,,1.0,,2.0,,0.0,,,,,1.0,,0.0,,,,1.0,,,,,,,2.0,0.0,,0.0,,,,,,,,,,,,,,,,,,,,,,,,,,,,,,,,,,,,,,,,,,,,,,,,,,,,,,,,,,,,,,,,,,2.0,SwiftshotEmblemItem,Zephyr,InfinityEdge,,,,,3.0,RedBuff,,,,,,,,,,,,,,,,,,,,,,,,,,,,,,,,,,,,,,,,,,,,,,,,,,,2.0,,,,,,,,,,,,,,,,,,,,,,,,,,,,2.0,,,,,,,,3.0,,,,,,,,,,,,,,,,,,,,,,,,,,,,,,,,,,,,,,None,None,,,,,2.0,,,,3.0,Deathblade,GuinsoosRageblade,RunaansHurricane,,,,,,,,,2.0,GuinsoosRageblade,Deathblade,GuinsoosRageblade,,,,,,,,,,,,
1,EUW1_5971247595,TFT6_Augment_HyperRoll,TFT6_Augment_SalvageBin,TFT7_Augment_DragonAlliance,0.0,,,1.0,,,2.0,,,1.0,,0.0,0.0,,,,,,,,1.0,,,,2.0,,,2.0,,,,,,,,,2.0,HextechGunblade,ArchangelsStaff,SpearOfShojin,,,,,,,,,,,,,,,,,,,,,,,,,,,,,2.0,RedBuff,TitanicHydra,GargoyleStoneplate,,,,,2.0,InfinityEdge,MadredsBloodrazor,HextechGunblade,,,,,,,,,,,,,,,,,,,,,,,,,,,,,,,,,,,,,,,,,,,,,,,,,,,,,,,,,,,,,,,,,,,,,,,,,1.0,ShimmerscaleGoldmancersStaff,,,2.0,ThiefsGloves,,,,,,,,,,,,,,,,,,,,,,,,,,,,,,,,,,,,,,,,,,,,,,,,,,,,,,,,,,,2.0,,,,,,,,,,None,None,,,,,,,,,,,,,,,,,,,,,,,,,,,,,,,,,,,,
8,EUW1_5971247595,TFT7_Augment_ClutteredMind,TFT6_Augment_Ascension,TFT6_Augment_PortableForge,,1.0,,1.0,,,,,,,2.0,,,1.0,,0.0,,,,,,,,1.0,,,,0.0,,,,,,,,,,,,,,,,,,,,,,,,,,,,,,,,,,,,,,,,,,,,,,,,,,,,,,,,,,,,,,,,,,,,,,,,,2.0,,,,,,,,,,,,,,,,,,,,,,,,,,,,,,,,3.0,SpearOfShojin,ArchangelsStaff,RabadonsDeathcap,,,,,,,,,,,,,,,,,,,,,,,,,,,,,1.0,,,,,,,,,,,,,,,,,,,,,,,,,,,,,,,,,,,,,,,,2.0,WarmogsArmor,OrnnDeathsDefiance,ChainVest,,,,,,,,,,,,,,,,,,,None,None,,,,,1.0,,,,2.0,,,,,,,,,,,,,,,,,,,,,,,,,,,
7,EUW1_5971247595,TFT7_Augment_RagewingTantrum,TFT7_Augment_GadgetExpert,TFT6_Augment_ComponentGrabBag,0.0,,,0.0,0.0,0.0,,1.0,,,,,,,,,2.0,,,0.0,0.0,,,,0.0,,0.0,,,,,,,,,,,,,,,,,,,,,,,,,,,,,,,,,,,,,,,,,,,,,,,,,,,,,,,,,,,,,,,,,,1.0,,,,,,,,,,,,,,,,,,,,2.0,BFSword,,,2.0,RedBuff,TitanicHydra,,,,,,,,,,,,,,,,,,,,,,,,,,,,,,,,,,,,,,,,,,,,,,,,,,,,,,3.0,ThiefsGloves,RecurveBow,Shroud,2.0,Deathblade,GuinsoosRageblade,Quicksilver,2.0,,,,,,,,,,,,,,,,,,,,2.0,StatikkShiv,GuinsoosRageblade,,,,,,,,,,,,,,,,,,,,,,,,None,None,,,,,,,,,,,,,,,,,,,,,,,,,,,,,,,,,,,,
7,EUW1_5971301955,TFT6_Augment_BlueBattery2,TFT7_Augment_RevelPartyTime,TFT6_Augment_ComponentGrabBag,,,1.0,,1.0,,1.0,,1.0,1.0,1.0,,,,,1.0,,1.0,0.0,,1.0,,,,,1.0,,,,,,,,,,,,,,,,,,,,,,,1.0,,,,2.0,,,,2.0,GuinsoosRageblade,RunaansHurricane,InfinityEdge,,,,,,,,,1.0,RedBuff,ShimmerscaleMogulsMail,WarmogsArmor,,,,,,,,,,,,,,,,,,,,,,,,,,,,,,,,,,,,,,,,,,,,,,,,,,,,,,,,,2.0,,,,,,,,,,,,,,,,,,,,,,,,,,,,,,,,,,,,,,,,,,,,,,,,,,,,,,,,,,,,,,,,2.0,Bloodthirster,,,,,,,,,,,,,,,,,,,,,,,,,,,,,,,3.0,TrainerSnax,None,None,2.0,UnstableConcoction,,,,,,,,,,,,,,,,,,,,,,,,,,,,,,,,,,
1,EUW1_5971301955,TFT6_Augment_SunfireBoard,TFT6_Augment_CelestialBlessing2,TFT7_Augment_BestFriends2,,1.0,1.0,1.0,,,,,0.0,,3.0,,,1.0,,2.0,,,,,,,,1.0,,0.0,,0.0,,,,,,,,,,,,,,,,,,,,,2.0,RabadonsDeathcap,,,,,,,,,,,,,,,,,,,,,,,,,,,,,,,,,,,,,,,,,,,,,,,,,,,3.0,ThiefsGloves,Zephyr,GuardianAngel,,,,,,,,,,,,,,,,,,,,,,,,,2.0,,,,3.0,ArchangelsStaff,HextechGunblade,GuardianAngel,,,,,,,,,,,,,,,,,,,,,,,,,,,,,2.0,,,,,,,,,,,,,,,,,,,,,,,,,,,,,,,,,,,,,,,,2.0,WarmogsArmor,TitansResolve,IonicSpark,,,,,,,,,,,,,,,,,,,None,None,,,,,2.0,,,,3.0,RunaansHurricane,GuinsoosRageblade,InfinityEdge,,,,,,,,,,,,,,,,,,,,,,,,
4,EUW1_5971301955,TFT6_Augment_TomeOfTraits1,TFT6_Augment_PortableForge,TFT6_Augment_MakeshiftArmor2,1.0,,1.0,0.0,,3.0,,,,,5.0,,,1.0,,0.0,0.0,,1.0,,,,,,,,,0.0,,,,,,,,,,,,,,,,,,,,,1.0,,,,,,,,,,,,2.0,CavalierEmblemItem,GuildEmblemItem,RedBuff,,,,,,,,,,,,,,,,,,,,,,,,,,,,,1.0,,,,,,,,,,,,,,,,,,,,,,,,,,,,,,,,2.0,,,,,,,,,,,,,,,,,,,,,,,,,,,,,,,,,,,,,,,,2.0,Bloodthirster,GuinsoosRageblade,GuardianAngel,2.0,GargoyleStoneplate,DragonsClaw,,,,,,,,,,,,,,,,,,,,,,,,,,,,,,,,,,1.0,,,,,,,,2.0,UnstableConcoction,OrnnDeathsDefiance,InfinityEdge,,,,,,,,,,,None,None,,,,,,,,,,,,,,,,,,,,,,,,,,,,,,,,,,,,
3,EUW1_5971301955,TFT7_Augment_GuildEmblem,TFT6_Augment_Electrocharge2,TFT7_Augment_GuildGearUpgrades,,,1.0,,,1.0,,0.0,,,5.0,,,0.0,1.0,0.0,,,,,,,,0.0,,,1.0,,,,,,,,,,,,,,,,,,,,,,1.0,StatikkShiv,,,,,,,,,,,,,,,,,,,,,,,,,,,,,,,,,,,,,,,,,,,,,,,,,,,,,,,,,,,,,,,,,,,,,,,,,,,,,,,,,,,,,,,,,,,,,,,2.0,,,,,,,,,,,,,,,,,,,,2.0,Chalice,,,2.0,GiantsBelt,Redemption,FrozenHeart,,,,,,,,,,,,,,,,,,,,,,,,,,,,,,,,,,,,,,,,,,,,,,,,,,,,,,,None,None,,,,,1.0,,,,,,,,,,,,,,,,,,,,2.0,GuildEmblemItem,UnstableConcoction,InfinityEdge,2.0,,,,,,,
6,EUW1_5971301955,TFT7_Augment_CannoneerHotShot,TFT6_Augment_ComponentGrabBag,TFT6_Augment_SecondWind2,,,,,1.0,,1.0,,1.0,1.0,,0.0,,,,0.0,,1.0,,,1.0,,1.0,,,1.0,,0.0,,,,,,,,,,,,,,,,,,,,,,,,,,,,,1.0,GuinsoosRageblade,MadredsBloodrazor,RunaansHurricane,,,,,,,,,2.0,WarmogsArmor,GargoyleStoneplate,ShimmerscaleMogulsMail,,,,,,,,,,,,,,,,,,,,,,,,,,,,,,,,,,,,,,,,,,,,,,,,,,,,,,,,,2.0,LocketOfTheIronSolari,ZekesHerald,ZekesHerald,,,,,,,,,,,,,,,,,,,,,,,,,,,,,,,,,,,,,,,,,,,,,,,,,,,,,,,,,,,,,2.0,,,,1.0,,,,,,,,,,,,,,,,,,,,,,,,1.0,Shroud,,,3.0,TrainerSnax,None,None,2.0,,,,,,,,,,,,,,,,,,,,,,,,,,,,,,,,,,,
5,EUW1_5971301955,TFT6_Augment_Meditation2,TFT7_Augment_MageEmblem,TFT6_Augment_BlueBattery2,,2.0,1.0,1.0,,,1.0,,0.0,,1.0,,,2.0,,1.0,,,,,,,,,,0.0,,0.0,,,,,,,,,,,,,,,,,1.0,MageEmblemItem,SpearOfShojin,ArchangelsStaff,1.0,,,,,,,,,,,,,,,,,,,,,,,,,,,,,,,,,,,,,,,,,,,,,,,,2.0,,,,2.0,,,,,,,,,,,,,,,,,,,,,,,,,,,,,,,,3.0,HextechGunblade,SpearOfShojin,,,,,,,,,,,,,,,,,,,,,,,,,,,,,,,,,,,,,,,,,,,,,,,,,,,,,,,,,,,,,,,,,,,,,,2.0,GargoyleStoneplate,IonicSpark,RedBuff,,,,,,,,,,,,,,,,,,,None,None,,,,,,,,,,,,,3.0,,,,,,,,,,,,,,,,,,,,,,,
2,EUW1_5971301955,TFT6_Augment_PortableForge,TFT6_Augment_Ascension,TFT7_Augment_BigFriend2,,0.0,,,,,1.0,,,1.0,,2.0,,,,0.0,,,,2.0,,,,,,,,1.0,,,,,,,,,,,,,,,,,,,,,,,,,,,,,,,,,,,,,,,,,,,,,2.0,Bloodthirster,MadredsBloodrazor,MadredsBloodrazor,,,,,2.0,MadredsBloodrazor,UnstableConcoction,,,,,,2.0,,,,,,,,,,,,,,,,,,,,,,,,,,,,,,,,,,,,,,,,,,,,,,,,2.0,WarmogsArmor,FrozenHeart,,3.0,Quicksilver,OrnnInfinityForce,MadredsBloodrazor,,,,,,,,,,,,,,,,,,,,,,,,,,,,,,,,,,,,,,,,,,,,,,,,,,,,,,,,,,,,,,,,,,,,,,,,,2.0,,,,2.0,,,,,,None,None,,,,,,,,,,,,,,,,,,,,,,,,,,,,,,,,,,,,
8,EUW1_5971301955,TFT7_Augment_ShimmerscaleTrait,TFT6_Augment_ComponentGrabBag,TFT6_Augment_SunfireBoard,0.0,,,,,,1.0,0.0,,0.0,1.0,,0.0,0.0,,,0.0,,,,4.0,1.0,,1.0,,,0.0,,2.0,,,,,,,,,,,,,,,,,,,,,,,,,,,,,,,,,,,,,,,,1.0,WarmogsArmor,ShimmerscaleMogulsMail,Redemption,,,,,,,,,,,,,,,,,,,,,,,,,,,,,,,,,,,,,,,,,2.0,ShimmerscaleHeartOfGold,IonicSpark,,,,,,,,,,,,,,,,,,,,,,,,,,,,,,,,,,,,,,,,,,,,,,,,,,,,,,,,,,,,,,,,,,,,,,,,,,,,,,,,,,,,,,,,,,,,,,,,,,,,,,,,,,,,,,,,None,None,,,,,2.0,,,,,,,,,,,,2.0,ShimmerscaleDeterminedInvestor,,,2.0,ShimmerscaleEmblemItem,ShimmerscaleDravensAxe,RecurveBow,,,,,,,,,1.0,SeraphsEmbrace,ShimmerscaleCrownOfChampions,
3,EUW1_5970824946,TFT6_Augment_SalvageBin,TFT6_Augment_SecondWind2,TFT7_Augment_FirstAidKit2,,,1.0,,,,1.0,,1.0,,1.0,2.0,,,,3.0,,0.0,,1.0,,,1.0,,,0.0,,,,,,,,,,,,,,,,,,,,,,,1.0,,,,,,,,,,,,,,,,,,,,,,,,2.0,InfinityEdge,TitansResolve,Bloodthirster,,,,,,,,,,,,,2.0,MysticEmblemItem,Shroud,,,,,,,,,,,,,,,,,,,,,,,,,,,,,,,,,,,,,,2.0,,,,,,,,2.0,WarmogsArmor,IonicSpark,RedBuff,,,,,,,,,,,,,,,,,,,,,,,,,,,,,,,,,,,,,,,,,,,,,,,,,,,,,2.0,SpearOfShojin,SpearOfShojin,ArchangelsStaff,1.0,SeraphsEmbrace,,,,,,,,,,,,,,,,,,,,,,,,,,,,,None,None,,,,,,,,,,,,,,,,,,,,,,,,,,,,,,,,,,,,
4,EUW1_5970824946,TFT7_Augment_MirageHallucinate,TFT6_Augment_Ascension,TFT6_Augment_ThrillOfTheHunt2,,,1.0,0.0,,2.0,1.0,0.0,,,2.0,,0.0,,2.0,0.0,0.0,,,,,,,,1.0,,,,,,,,,,,,,,,,,,,,,,,,1.0,,,,,,,,,,,,,,,,2.0,ArchangelsStaff,UnstableConcoction,GuinsoosRageblade,,,,,,,,,,,,,,,,,,,,,,,,,1.0,,,,,,,,,,,,,,,,,,,,,,,,2.0,PowerGauntlet,,,,,,,,,,,,,,,,,,,,,,,,,,,2.0,Bloodthirster,LocketOfTheIronSolari,LocketOfTheIronSolari,,,,,2.0,RedBuff,Shroud,WarmogsArmor,,,,,,,,,,,,,1.0,Zephyr,,,,,,,,,,,,,,,,,,,,,,,,,,,,,,,,,,,,,,,,,,,,,,,,,,,,,,,,,None,None,,,,,,,,,,,,,,,,,,,,,,,,,,,,,,,,,,,,
6,EUW1_5970824946,TFT6_Augment_TrueTwos,TFT6_Augment_TargetDummies,TFT6_Augment_ThrillOfTheHunt2,,,,0.0,1.0,,1.0,,0.0,1.0,,,,1.0,,,,1.0,,,1.0,1.0,,,,1.0,,0.0,,,,,,,,,,,,,,,,,,,,,,,,,,,,,2.0,MadredsBloodrazor,ShimmerscaleGoldmancersStaff,,,,,,,,,,2.0,GargoyleStoneplate,FrozenHeart,IonicSpark,,,,,,,,,,,,,,,,,,,,,,,,,1.0,,,,,,,,,,,,,,,,,,,,,,,,,,,,,,,,,,,,,,,,,,,,,,,,,,,,,,,,,,,,,,,,,,,,,,,,,,,,,,,,,,,,,,,,,,,,,,,,2.0,,,,,,,,,,,,2.0,GuardianEmblemItem,GiantsBelt,,,,,,,,,,,,,,,,,,3.0,TrainerSnax,None,None,2.0,,,,,,,,,,,,,,,,,,,,,,,,,,,,,,,,2.0,RabadonsDeathcap,Chalice,
2,EUW1_5970824946,TFT6_Augment_TradeSector,TFT6_Augment_Ascension,TFT7_Augment_BestFriends2,,1.0,,1.0,,,,,1.0,,1.0,,,1.0,,1.0,,0.0,,,,,,1.0,,1.0,,0.0,,,,,,,,,,,,,,,,,,,,,,,,,,,,,,,,,,,,,,,,,,,,,,,,,,,,,,,,,,,,,,,,,,,,,2.0,,,,3.0,RedBuff,DragonsClaw,IonicSpark,,,,,,,,,,,,,,,,,,,,,,,,,2.0,,,,3.0,StatikkShiv,GuardianAngel,JeweledGauntlet,,,,,,,,,,,,,,,,,,,,,,,,,,,,,,,,,,,,,,,,,,,,,,,,,,,,,,,,,2.0,ThiefsGloves,TearOfTheGoddess,HextechGunblade,,,,,,,,,2.0,GargoyleStoneplate,DragonsClaw,,,,,,,,,,,,,,,,,,4.0,TrainerSnax,None,None,,,,,2.0,InfinityEdge,,,3.0,Deathblade,GuinsoosRageblade,RunaansHurricane,,,,,,,,,,,,,,,,,,,,,,,,
7,EUW1_5970824946,TFT7_Augment_EvokerEmblem,TFT6_Augment_CelestialBlessing2,TFT6_Augment_BlueBattery2,,0.0,,0.0,,,1.0,,2.0,,,0.0,0.0,1.0,,1.0,,0.0,,,,,,,1.0,1.0,,0.0,,,,,1.0,,,,1.0,EvokerEmblemItem,ArchangelsStaff,RabadonsDeathcap,,,,,,,,,,,,,,,,,,,,,,,,,,,,,,,,,,,,,,,,,,,,,,,,,,,,,,,,,1.0,,,,,,,,,,,,,,,,,,,,,,,,,,,,,,,,2.0,SeraphsEmbrace,TearOfTheGoddess,,2.0,,,,,,,,,,,,,,,,,,,,,,,,,,,,,,,,,,,,,,,,,,,,,,,,,,,,,,,,,,,,1.0,,,,,,,,,,,,1.0,GargoyleStoneplate,WarmogsArmor,Quicksilver,,,,,,,,,,,,,,,,,3.0,TrainerSnax,None,None,,,,,,,,,,,,,,,,,,,,,,,,,,,,,,,,,,,,
1,EUW1_5970824946,TFT7_Augment_MageConference,TFT6_Augment_PortableForge,TFT7_Augment_BestFriends2,,1.0,1.0,1.0,,,,,0.0,,2.0,,,3.0,,2.0,,,,,0.0,1.0,,,,1.0,,0.0,,,,,,,,,,,,,,,,,,,,,2.0,,,,,,,,,,,,,,,,,,,,,,,,,,,,,,,,,,,,,,,,,,,,,,,,2.0,,,,2.0,MageEmblemItem,Morellonomicon,SparringGloves,,,,,,,,,,,,,,,,,,,,,,,,,2.0,ZekesHerald,,,2.0,,,,,,,,,,,,,,,,,,,,,,,,,,,,,,,,2.0,MadredsBloodrazor,ArchangelsStaff,SeraphsEmbrace,,,,,,,,,,,,,,,,,,,,,,,,,,,,,,,,,,,,,3.0,WarmogsArmor,GargoyleStoneplate,RedBuff,,,,,,,,,,,,,,,,,3.0,TrainerSnax,None,None,,,,,,,,,,,,,2.0,BrambleVest,,,,,,,,,,,,,,,,,,,2.0,OrnnZhonyasParadox,SpearOfShojin,GuinsoosRageblade
5,EUW1_5970824946,TFT7_Augment_JadeTrait,TFT6_Augment_LudensEcho2,TFT6_Augment_PortableForge,,,,,,,1.0,1.0,0.0,,,3.0,0.0,,,0.0,,,,1.0,0.0,,,0.0,,,,,,,,,3.0,OrnnZhonyasParadox,HextechGunblade,ArchangelsStaff,,,,,2.0,NeedlesslyLargeRod,,,,,,,,,,,,,,,,,,,,,,,,,,,,,,,2.0,UnstableConcoction,Deathblade,Quicksilver,,,,,,,,,,,,,3.0,,,,,,,,,,,,,,,,,,,,2.0,,,,,,,,,,,,,,,,,,,,,,,,,,,,2.0,Redemption,FrozenHeart,,,,,,,,,,,,,,,,,,,,,,,,,,,,,,,,,,,,,,,,,,,,,,,,,,,,,,,,,,,,,,,,,,,,,,,,,,,,,,,,,,,,,,,,None,None,,,,,,,,,,,,,,,,,1.0,,,,,,,,,,,,,,,,,,,
8,EUW1_5970824946,TFT6_Augment_Ascension,TFT6_Augment_CelestialBlessing2,TFT6_Augment_SunfireBoard,0.0,1.0,,1.0,,,,,,,2.0,,,1.0,,0.0,0.0,,,,,,,1.0,,,0.0,0.0,,,,,,,,,,,,,,,,,,,,,,,,,,,,,,,,,,,,,,,,,,,,,,,,,,,,,,,,,,,,,,,,,,,,,,,,,2.0,BrambleVest,GargoyleStoneplate,,,,,,,,,,,,,,,,,,,,,,,,,,,,,,2.0,,,,,,,,,,,,,,,,,,,,,,,,,,,,,,,,,,,,,,,,,,,,,,,,2.0,,,,,,,,,,,,,,,,,,,,,,,,2.0,Zephyr,,,,,,,1.0,MageEmblemItem,,,,,,,,,,,,,None,None,,,,,2.0,,,,3.0,RunaansHurricane,GuinsoosRageblade,Deathblade,,,,,,,,,,,,,,,,,,,,,,,,
6,EUW1_5971107730,TFT6_Augment_MakeshiftArmor1,TFT6_Augment_Meditation3,TFT6_Augment_SecondWind1,,0.0,1.0,1.0,,0.0,,,0.0,,2.0,,0.0,2.0,,2.0,,,0.0,,,,,,0.0,1.0,,0.0,,,,,,,,,,,,,,,,,,,,,1.0,,,,,,,,,,,,,,,,,,,,,,,,,,,,,,,,,,,,,,,,,,,,,,,,2.0,,,,,,,,,,,,,,,,,,,,,,,,,,,,1.0,,,,2.0,,,,2.0,,,,,,,,,,,,,,,,,,,,1.0,MageEmblemItem,ChainVest,,,,,,,,,,2.0,SpearOfShojin,MadredsBloodrazor,MadredsBloodrazor,,,,,,,,,,,,,,,,,,,,,,,,,,,,,,,,,,,,,2.0,RedBuff,GargoyleStoneplate,TitanicHydra,,,,,,,,,,,,,,,,,3.0,TrainerSnax,None,None,,,,,,,,,,,,,,,,,,,,,,,,,,,,,,,,,,,,
3,EUW1_5971107730,TFT6_Augment_Weakspot,TFT6_Augment_CelestialBlessing3,TFT6_Augment_Diversify1,1.0,,,1.0,,1.0,,,,,3.0,,0.0,,,,1.0,,,,,,,1.0,1.0,,0.0,,,,,,,,,,,,,,,,,,,,,,,,,,,,,,,,,,,,,,,,,,,,,,,,,,,,,,,,,,,,,,,,,,2.0,SeraphsEmbrace,,,,,,,,,,,,,,,,,,,,,,,,,,,,,,,,,,,,,,,,,,,,,,,,,,,,,,,,,,,2.0,GargoyleStoneplate,Shroud,BrambleVest,,,,,2.0,,,,,,,,1.0,Bloodthirster,,,,,,,,,,,2.0,,,,,,,,,,,,,,,,,,,,,,,,,,,,,,,,2.0,UnstableConcoction,,,,,,,,,,,,,None,None,,,,,2.0,,,,,,,,,,,,,,,,2.0,MadredsBloodrazor,GuinsoosRageblade,Quicksilver,,,,,,,,,,,,
1,EUW1_5971107730,TFT6_Augment_ThrillOfTheHunt1,TFT7_Augment_ThinkFast,TFT7_Augment_GuardianTrait,,,,,2.0,,1.0,,1.0,1.0,,,,,,0.0,,2.0,,,1.0,,,,,1.0,,,,,,,,,,,,,,,,,,,,,,,,,,,,,,,2.0,LastWhisper,RunaansHurricane,GuardianAngel,,,,,,,,,3.0,TitansResolve,ShimmerscaleDiamondHands,,,,,,,,,,,,,,,,,,,,,,,,,,,,,,,,,,2.0,,,,,,,,,,,,,,,,,,,,,,,,2.0,ZekesHerald,ZekesHerald,,,,,,,,,,,,,,,,,,,,,,,,,,,,,,,,,,,,,,,,,,,,,,,,,,,,,,,,,,,,,,2.0,,,,,,,,,,,,,,,,,,,,,,,,,,,,,,,,4.0,TrainerSnax,None,None,1.0,,,,,,,,,,,,,,,,,,,,,,,,,,,,,,,,,,,
4,EUW1_5971107730,TFT7_Augment_MageTrait,TFT7_Augment_TomeOfTraits2,TFT6_Augment_ThrillOfTheHunt1,,0.0,,1.0,,,,,1.0,,1.0,,,3.0,,2.0,,0.0,,,0.0,1.0,,,,1.0,,0.0,,,,,,,,,,,,,,,,,,,,,,,,,,,,,,,,,,,,,,,,,,,,,,,,,,,,,,,,,,,,,,,,,,,,,2.0,,,,1.0,MysticEmblemItem,,,,,,,,,,,,,,,,,,,,,,,,,,,2.0,MageEmblemItem,TearOfTheGoddess,PowerGauntlet,3.0,,,,,,,,,,,,,,,,,,,,,,,,,,,,,,,,2.0,ArchangelsStaff,SpearOfShojin,JeweledGauntlet,,,,,,,,,,,,,,,,,,,,,,,,,2.0,,,,,,,,,,,,2.0,GargoyleStoneplate,RedBuff,,,,,,,,,,,,,,,,,,3.0,TrainerSnax,None,None,,,,,,,,,,,,,,,,,,,,,,,,,,,,,,,,,1.0,SpearOfShojin,ArchangelsStaff,GuinsoosRageblade
8,EUW1_5971107730,TFT6_Augment_CyberneticShell1,TFT6_Augment_Electrocharge3,TFT6_Augment_SecondWind1,,1.0,,1.0,,,,,0.0,,1.0,,,1.0,,1.0,,,,,,,,1.0,,1.0,,0.0,,,,,,,,,,,,,,,,,,,,,,,,,,,,,,,,,,,,,,,,,,,,,,,,,,,,,,,,,,,,,,,,,,,,,1.0,,,,2.0,,,,,,,,,,,,,,,,,,,,,,,,,,,,2.0,,,,3.0,ArchangelsStaff,GuinsoosRageblade,GuardianAngel,,,,,,,,,,,,,,,,,,,,,,,,,,,,,,,,,,,,,,,,,,,,,,,,,,,,,,,,,,,,,,,,,,,,,2.0,ThiefsGloves,MadredsBloodrazor,RapidFireCannon,,,,,,,,,,,,,,,,,3.0,TrainerSnax,None,None,,,,,2.0,,,,2.0,GuinsoosRageblade,Deathblade,MadredsBloodrazor,,,,,,,,,,,,,,,,,,,,,,,,
5,EUW1_5971107730,TFT7_Augment_AstralTrait,TFT6_Augment_Twins3,TFT7_Augment_BigFriend,0.0,1.0,,1.0,,,1.0,,,,2.0,,,,,,,,,,,,,1.0,,,,1.0,,,,,,,,,,,,,,,,,,,,,,,,,,,,,,,,,,,,,,,,,,,,,,,,,2.0,WarmogsArmor,,,,,,,,,,,,,,,,,,,,,,,3.0,RedBuff,Shroud,WarmogsArmor,,,,,,,,,,,,,,,,,,,,,,,,,,,,,,,,,,,,,,,,,,,,,,,,,,,,,,,,,,,,,,,,,,,,,,,,,,,,,,,,,,,,,,,,,,,,,,,,,,,,,,,,,,,,,2.0,,,,,,,,,,,,,,None,None,,,,,2.0,,,,2.0,BFSword,InfinityEdge,MadredsBloodrazor,,,,,,,,,,,,,,,,,,,,,,,,
2,EUW1_5971107730,TFT7_Augment_GuildTrait,TFT7_Augment_BestFriends3,TFT7_Augment_WhispersTrait,1.0,,1.0,2.0,,,1.0,,,,3.0,,0.0,0.0,,0.0,0.0,,,,,,,,1.0,,0.0,3.0,,,,,,,,,,,,,,,,,,,,,1.0,,,,,,,,,,,,,,,,,,,,,,,,,,,,2.0,InfinityEdge,UnstableConcoction,Quicksilver,,,,,,,,,,,,,,,,,,,,,,,,,,,,,,,,,,,,,,,,,,,,,,,,,,,,,,,,,,,,,,,,,,,,,,,,,2.0,DragonsClaw,Morellonomicon,BrambleVest,1.0,InfinityEdge,MadredsBloodrazor,,1.0,,,,,,,,,,,,,,,,,,,,2.0,,,,,,,,,,,,,,,,,,,,,,,,2.0,,,,,,,,1.0,RedBuff,FrozenHeart,,,,,,,,,,,,None,None,,,,,,,,,,,,,,,,,,,,,,,,,,,,,,,,,,,,
7,EUW1_5971107730,TFT6_Augment_TinyTitans,TFT7_Augment_UrfsGrabBag2,TFT6_Augment_CyberneticUplink1,,0.0,1.0,0.0,,0.0,,,0.0,,2.0,,,3.0,,2.0,,,0.0,,,,,,,1.0,,0.0,,,,,,,,,,,,,,,,,,,,,1.0,MageEmblemItem,,,,,,,,,,,,,,,,,,,,,,,,,,,,,,,,,,,,,,,,,,,,,,,2.0,,,,,,,,,,,,,,,,,,,,,,,,,,,,1.0,TitanicHydra,ChainVest,,1.0,,,,1.0,,,,,,,,,,,,,,,,,,,,,,,,,,,,,,,,2.0,ArchangelsStaff,SpearOfShojin,HextechGunblade,,,,,,,,,,,,,,,,,,,,,,,,,,,,,,,,,,,,,2.0,Quicksilver,RedBuff,WarmogsArmor,,,,,,,,,,,,,,,,,3.0,TrainerSnax,None,None,,,,,,,,,,,,,2.0,ThiefsGloves,GiantsBelt,GargoyleStoneplate,,,,,,,,,,,,,,,,,,,,
2,EUW1_5971099334,TFT6_Augment_Electrocharge1,TFT6_Augment_SecondWind2,TFT7_Augment_ThinkFast,1.0,,,1.0,,1.0,,0.0,,,3.0,,0.0,,0.0,,1.0,,,,,,,1.0,1.0,,1.0,,,,,,,,,,,,,,,,,,,,,,,,,,,,,,,,,,,,,,,,,,,,,,,,,,,,,,,,,,,,,,,,,,2.0,WarmogsArmor,GargoyleStoneplate,Morellonomicon,,,,,,,,,,,,,,,,,,,,,,,,,,,,,,,,,,,,,,,,,,,,,,,,,,,,,,,,,2.0,GiantsBelt,,,,,,,2.0,,,,,,,,2.0,,,,,,,,,,,,2.0,,,,,,,,,,,,,,,,,,,,,,,,,,,,,,,,2.0,InfinityEdge,Bloodthirster,RunaansHurricane,,,,,,,,,,,None,None,,,,,2.0,ZekesHerald,Chalice,Zephyr,,,,,,,,,,,,,2.0,InfinityEdge,GuinsoosRageblade,Quicksilver,2.0,ThiefsGloves,PowerGauntlet,FrozenHeart,,,,,,,,
5,EUW1_5971099334,TFT6_Augment_CyberneticImplants1,TFT6_Augment_CyberneticImplants2,TFT7_Augment_RevelEmblem2,,,1.0,1.0,1.0,,1.0,,0.0,,1.0,,0.0,,1.0,0.0,0.0,3.0,,,,,,,0.0,,0.0,,,,,,,,,,,,,,,,,,,,,,1.0,NegatronCloak,,,,,,,2.0,GuinsoosRageblade,Quicksilver,InfinityEdge,,,,,2.0,StatikkShiv,Quicksilver,RevelEmblemItem,,,,,,,,,,,,,,,,,,,,,,,,,,,,,,,,,,,,,2.0,SparringGloves,,,,,,,,,,,,,,,,,,,,,,,,,,,,,,,,,,,,,,,,,,,,,,,2.0,RedBuff,Redemption,,,,,,,,,,,,,,,,,,,,,,,,,,2.0,FrozenHeart,,,,,,,,,,,2.0,UnstableConcoction,StatikkShiv,HextechGunblade,,,,,,,,,,,,,,,,,,,,,,,,,,,,,,,None,None,,,,,,,,,,,,,,,,,,,,,,,,,,,,,,,,,,,,
6,EUW1_5971099334,TFT7_Augment_MysticTrait,TFT6_Augment_Meditation2,TFT6_Augment_MakeshiftArmor3,,1.0,,1.0,,,,,1.0,,1.0,,,2.0,,2.0,,0.0,,,,,,,,1.0,,0.0,,,,,,,,,,,,,,,,,,,,,,,,,,,,,,,,,,,,,,,,,,,,,,,,,,,,,,,,,,,,,,,,,,,,,2.0,Shroud,,,2.0,,,,,,,,,,,,,,,,,,,,,,,,,,,,2.0,,,,2.0,,,,,,,,,,,,,,,,,,,,,,,,,,,,,,,,2.0,SpearOfShojin,JeweledGauntlet,ZekesHerald,,,,,,,,,,,,,,,,,,,,,,,,,1.0,,,,,,,,,,,,2.0,RedBuff,DragonsClaw,GargoyleStoneplate,,,,,,,,,,,,,,,,,2.0,TrainerSnax,None,None,,,,,,,,,,,,,3.0,,,,,,,,,,,,,,,,,,,,,,,
4,EUW1_5971099334,TFT7_Augment_BandOfThieves1,TFT6_Augment_Diversify2,TFT7_Augment_BestFriends3,,1.0,,1.0,,0.0,,,0.0,,3.0,,,1.0,,1.0,,,,,,,,1.0,,0.0,,0.0,,,,,,,,,,,,,,,,,,,,,,,,,,,,,,,,,,,,,,,,,,,,,,,,,,,,,,,,,,,,,,,,,,,,,,,,,3.0,GargoyleStoneplate,RedBuff,,,,,,,,,,,,,,,,,,,,,,,,,,2.0,SeraphsEmbrace,PowerGauntlet,,3.0,HextechGunblade,ArchangelsStaff,,,,,,,,,,,,,,,,,,,,,,,,,,,,,,1.0,,,,1.0,,,,,,,,,,,,,,,,,,,,,,,,,,,,,,,,,,,,2.0,TitansResolve,TitansResolve,,,,,,,,,,,,,,,,,,,,None,None,,,,,2.0,ThiefsGloves,RecurveBow,StatikkShiv,3.0,GuinsoosRageblade,RunaansHurricane,InfinityEdge,,,,,,,,,,,,,,,,,,,,,,,,
8,EUW1_5971099334,TFT6_Augment_Distancing,TFT6_Augment_Diversify2,TFT6_Augment_Distancing3,,,,0.0,1.0,1.0,,,,,1.0,0.0,,,,,0.0,1.0,,1.0,,,,,,,0.0,,,,,,,,,,,,,,,,,,,,,,,,,,,,,,2.0,InfinityEdge,GuinsoosRageblade,Deathblade,,,,,,,,,,,,,,,,,,,,,,,,,,,,,1.0,,,,2.0,SparringGloves,,,,,,,,,,,1.0,,,,,,,,,,,,,,,,,,,,,,,,,,,,,,,,2.0,GargoyleStoneplate,,,,,,,,,,,,,,,,,,,,,,,,,,,,,,,2.0,,,,,,,,,,,,2.0,,,,,,,,,,,,,,,,,,,,,,,,,,,,,,,,,,,,,,,,,,,,,,None,None,,,,,,,,,,,,,,,,,,,,,,,,,,,,,,,,,,,,
3,EUW1_5971099334,TFT6_Augment_Featherweights1,TFT7_Augment_Preparation2,TFT6_Augment_BandOfThieves2,,0.0,,,,,1.0,0.0,0.0,,,1.0,0.0,,,,1.0,,,3.0,,,,,,,,0.0,,,,,1.0,,,,,,,,,,,,,,,,,,,,,,,,,,,,,,,,,,,,,,,,,,,,,,,,2.0,ThiefsGloves,RunaansHurricane,ArchangelsStaff,,,,,2.0,GargoyleStoneplate,WarmogsArmor,DragonsClaw,,,,,,,,,,,,,,,,,,,,,,,,,,,,,,,,,,,,,,,,,,,,,2.0,WarmogsArmor,RedBuff,GargoyleStoneplate,3.0,Deathblade,TitansResolve,GuinsoosRageblade,,,,,,,,,,,,,,,,,,,,,,,,,,,,,,,,,,,,,,,,,1.0,ArchangelsStaff,UnstableConcoction,GuardianAngel,,,,,,,,,,,,,2.0,ThiefsGloves,GuinsoosRageblade,Quicksilver,,,,,,,,,,,,,,,,,,,,,,,None,None,,,,,,,,,,,,,,,,,,,,,,,,,,,,,,,,,,,,
7,EUW1_5971099334,TFT7_Augment_GuildTrait,TFT6_Augment_TomeOfTraits1,TFT6_Augment_ItemGrabBag2,2.0,,1.0,1.0,,,1.0,,,,4.0,,0.0,,,0.0,,,,,,,,0.0,1.0,,,2.0,,,,,,,,,,,,,,,,,,,,,1.0,,,,,,,,,,,,,,,,,,,,,,,,,,,,2.0,AssassinEmblemItem,UnstableConcoction,GuinsoosRageblade,,,,,,,,,,,,,,,,,,,,,,,,,,,,,,,,,,,,,,,,,,,,,,,,,,,,,,,,,,,,,,,,,,,,,,,,,1.0,GargoyleStoneplate,Redemption,GargoyleStoneplate,1.0,ZekesHerald,NeedlesslyLargeRod,,2.0,,,,,,,,,,,,,,,,,,,,,,,,,,,,,,,,,,,,,,,,,,,,,,,,,,,,2.0,Quicksilver,RedBuff,InfinityEdge,,,,,,,,,,,None,None,,,,,1.0,,,,,,,,,,,,,,,,,,,,,,,,,,,,,,,
1,EUW1_5971099334,TFT7_Augment_Preparation,TFT6_Augment_LudensEcho2,TFT6_Augment_Distancing3,0.0,1.0,,1.0,,,1.0,,,,2.0,,,1.0,,0.0,,,,,,,,1.0,,,,2.0,,,,,,,,,,,,,,,,,,,,,,,,,,,,,,,,,,,,,,,,,,,,,,,,,2.0,HextechGunblade,BrambleVest,,,,,,,,,,,,,,,,,,,,,,3.0,DragonsClaw,TitanicHydra,,,,,,,,,,,,,,,,,,,,,,,,,,,,,,3.0,Morellonomicon,Zephyr,,,,,,,,,,,,,,,,,,,,,,,,,,,,,,1.0,,,,,,,,,,,,,,,,,,,,,,,,,,,,,,,,,,,,,,,,2.0,RedBuff,WarmogsArmor,Quicksilver,,,,,,,,,,,,,,,,,,,None,None,,,,,2.0,,,,3.0,UnstableConcoction,RunaansHurricane,GuinsoosRageblade,,,,,,,,,,,,,,,,,,,,,,,,
7,EUW1_5972887858,TFT6_Augment_MetabolicAccelerator,TFT6_Augment_RadiantRelics,TFT6_Augment_ComponentGrabBag,,,,0.0,,,,2.0,0.0,,,1.0,1.0,,,,0.0,,,0.0,0.0,,,0.0,1.0,,,,,,,,2.0,,,,,,,,2.0,ThiefsGloves,InfinityEdge,JeweledGauntlet,,,,,,,,,,,,,,,,,,,,,,,,,,,,,,,,,,,,,,,,,,,,,,,,,,,,,,,,,,,,,,,,,2.0,RecurveBow,,,,,,,1.0,WarmogsArmor,,,,,,,,,,,,,,,,,,,,,,,,,,,,,,,,,,,1.0,,,,,,,,,,,,,,,,,,,,,,,,2.0,,,,,,,,,,,,,,,,,,,,,,,,2.0,StatikkShiv,,,,,,,,,,,,,,,,,,,,,,,,,None,None,,,,,,,,,,,,,,,,,1.0,TitansResolveRadiant,BFSword,GuinsoosRageblade,,,,,,,,,,,,,,,,
6,EUW1_5972887858,TFT7_Augment_WarriorTiamat,TFT6_Augment_MaxLevel10,TFT6_Augment_ComponentGrabBag,,,,1.0,,0.0,1.0,,,,1.0,,,,2.0,,0.0,,0.0,,0.0,,,0.0,,,2.0,,2.0,NegatronCloak,,,,,,,,,,,,,,,,,,,,,,,,,,,,,,,,,,,1.0,InfinityEdge,,,,,,,,,,,,,,,,,,,,,,,,,,,,,,,,,,,,,,,,,,,,,,,,,,,,,,,,,,,,,,,,,,,,,,,,,,,,,,,2.0,GargoyleStoneplate,,,1.0,,,,,,,,,,,,,,,,,,,,,,,,,,,,,,,,2.0,Redemption,GargoyleStoneplate,RedBuff,,,,,,,,,,,,,,,,,,,,,,,,,,,,,,,,,,,,,,,,,,,None,None,,,,,2.0,,,,,,,,,,,,,,,,,,,,,,,,2.0,Bloodthirster,InfinityEdge,GuinsoosRageblade,,,,
5,EUW1_5972887858,TFT7_Augment_MirageEmblem,TFT6_Augment_Featherweights3,TFT6_Augment_Distancing2,,,,,,2.0,1.0,0.0,,,,,,0.0,3.0,,0.0,,0.0,,,,,,,,1.0,,,,,,,,,,,,,,,,,,,,,,,,,,,,,,,,,,,,,,2.0,SpearOfShojin,Quicksilver,,,,,,,,,,,,,,,,,,,,,,,,,,1.0,BrambleVest,,,,,,,,,,,,,,,,,,,,,,,,,,,,,,,2.0,MirageEmblemItem,,,,,,,,,,,,,,,,,,,2.0,,,,,,,,,,,,,,,,,,,,,,,,,,,,,,,,,,,,,,,,,,,,,,,,,,,,,,,,,,,,,,,,,,,,,,,,,,,,,,,,,,None,None,,,,,,,,,,,,,,,,,,,,,,,,,1.0,ThiefsGloves,Redemption,LastWhisper,3.0,Bloodthirster,GuinsoosRageblade,RapidFireCannon,,,,
1,EUW1_5972887858,TFT6_Augment_CyberneticUplink2,TFT7_Augment_Preparation3,TFT6_Augment_ComponentGrabBag,,0.0,,1.0,,0.0,1.0,,0.0,,,,0.0,3.0,,1.0,,,0.0,,0.0,1.0,,,2.0,1.0,,0.0,,,,,,,,,1.0,ArchangelsStaff,SpearOfShojin,MadredsBloodrazor,,,,,,,,,,,,,,,,,,,,,,,,,,,,,,,,,,,,,,,,,,,,,,,,,,,,,,,,,2.0,,,,,,,,,,,,,,,,,,,,,,,,,,,,2.0,IonicSpark,,,2.0,MageEmblemItem,GuinsoosRageblade,,2.0,,,,,,,,,,,,,,,,,,,,1.0,MageEmblemItem,GuardianAngel,TitanicHydra,,,,,,,,,,,,,,,,,,,,,,,,,,,,,,,,,,,,,,,,,,,,,,,,,2.0,TitanicHydra,GargoyleStoneplate,GargoyleStoneplate,,,,,,,,,,,,,,,,,4.0,TrainerSnax,None,None,,,,,,,,,,,,,,,,,,,,,,,,,,,,,,,,,1.0,,,
2,EUW1_5972887858,TFT6_Augment_ThreesCompany,TFT6_Augment_ThriftShop,TFT6_Augment_JeweledLotus,,,1.0,,,,,0.0,,,1.0,,,,1.0,0.0,,,,,,,,,,,0.0,,,,,,,,,,,,,,,,,,,,,,2.0,MirageEmblemItem,TearOfTheGoddess,,,,,,,,,,,,,,,,,,,,,,,,,,,,,,,,,,,,,,,,,,,,,,,,,,,,,,,,,,,,,,,,,,,,,,,,,,,,,,,,,,,,,,,,,,,,,,,,,,,,,,,,,,,,,,,,,,,,,,,,,,,,,,,,,,,,,,,,,,,,,,,,,,,,,,,,,,,,,,,,,,,,,,,,,,,,,,,,None,None,,,,,,,,,,,,,,,,,,,,,,,,,1.0,InfinityEdge,JeweledGauntlet,,,,,,,,,
8,EUW1_5972887858,TFT7_Augment_SwiftshotEmblem,TFT7_Augment_UrfsGrabBag2,TFT6_Augment_SecondWind2,,,,,,,,1.0,0.0,,,1.0,0.0,,,,0.0,,,0.0,0.0,,1.0,1.0,0.0,,,,,,,,2.0,SpearOfShojin,NeedlesslyLargeRod,,,,,,2.0,,,,,,,,,,,,,,,,,,,,,,,,,,,,,,,,,,,,,,,,,,,,,,,,,,,,,,,,,,,,,,,,,,,,2.0,,,,,,,,2.0,,,,,,,,,,,,,,,,,,,,,,,,,,,,,,,,,,,,,,,,,,,,,,,,,,,,,,,,,,,,,,,,,,,,,,,,,,,,,,,,1.0,,,,2.0,SwiftshotEmblemItem,,,,,,,,,,,,,,,,,,,,,,,,,None,None,,,,,,,,,,,,,,,,,2.0,Bloodthirster,GuinsoosRageblade,SparringGloves,,,,,,,,,,,,,,,,
4,EUW1_5972887858,TFT6_Augment_CyberneticUplink2,TFT7_Augment_CursedCrown,TFT6_Augment_PortableForge,2.0,,,1.0,,0.0,,,,1.0,1.0,,,0.0,,,0.0,0.0,2.0,,,,,,0.0,,1.0,1.0,,,,,,,,,,,,,,,,,,,,,,,,,2.0,WarmogsArmor,BrambleVest,,,,,,2.0,OrnnMuramana,FrozenHeart,NeedlesslyLargeRod,,,,,,,,,,,,,,,,,,,,,,,,,,,,,,,,,,,,,,,,,,,,,,,,,,,,,,,,,,,,,2.0,TearOfTheGoddess,ArchangelsStaff,,,,,,,,,,,,,,,,,,,,,,2.0,AssassinEmblemItem,InfinityEdge,RunaansHurricane,,,,,1.0,GuardianAngel,BFSword,,2.0,,,,,,,,,,,,,,,,,,,,2.0,,,,,,,,,,,,,,,,,,,,,,,,,,,,2.0,,,,2.0,BFSword,,,,,,,2.0,,,,,,None,None,,,,,,,,,,,,,,,,,,,,,,,,,,,,,,,,,,,,
3,EUW1_5972887858,TFT7_Augment_MikaelsGift,TFT7_Augment_UrfsGrabBag2,TFT7_Augment_AssassinCutthroat,2.0,,,2.0,,,,,,,1.0,,0.0,0.0,,,0.0,,1.0,,,,,,1.0,,1.0,1.0,,,,,,,,,,,,,,,,,,,,,,,,,,,,,,,,,2.0,RedBuff,FrozenHeart,,,,,,,,,,,,,,,,,,,,,,,,,,,,,,,,,,,,,,,,,,,,,,,,,,,,,,,,,,,,,,,,,,,,,,,,,,,,,,,,,,,,,,2.0,AssassinEmblemItem,InfinityEdge,RunaansHurricane,2.0,,,,2.0,FrozenHeart,RedBuff,Chalice,2.0,,,,,,,,,,,,,,,,,,,,2.0,LocketOfTheIronSolari,,,,,,,,,,,,,,,,,,,,,,,3.0,FrozenHeart,,,,,,,2.0,,,,,,,,,,,,,,None,None,,,,,,,,,,,,,,,,,,,,,,,,,,,,,,,,,,,,
8,EUW1_5972632781,TFT6_Augment_Twins1,TFT6_Augment_Ascension,TFT6_Augment_Diversify2,,1.0,,1.0,,,,,,,,,0.0,,,,,,,,,,,1.0,1.0,,,,,,,,,,,,,,,,,,,,,,,,,,,,,,,,,,,,,,,,,,,,,,,,,,,,,,,,,,,,2.0,NeedlesslyLargeRod,,,,,,,,,,,,,,,3.0,FrozenHeart,RedBuff,WarmogsArmor,,,,,,,,,,,,,,,,,,,,,,,,,,,,,,,,,,,,,,,,,,,,,,,,,1.0,,,,,,,,,,,,,,,,,,,,,,,,,,,,,,,,,,,,2.0,,,,,,,,,,,,,,,,,,,,,,,,,,,,,,,,,,,,,,None,None,,,,,,,,,3.0,GuinsoosRageblade,InfinityEdge,RunaansHurricane,,,,,,,,,,,,,,,,,,,,,,,,
4,EUW1_5972632781,TFT6_Augment_Electrocharge1,TFT6_Augment_Diversify2,TFT7_Augment_CannoneerHotShot,,,1.0,0.0,2.0,,1.0,,1.0,,1.0,,,,,1.0,,2.0,,,,,,,,1.0,,1.0,,,,,,,,,,,,,,,,,,,,,1.0,,,,,,,,2.0,InfinityEdge,UnstableConcoction,GuinsoosRageblade,,,,,,,,,,,,,,,,,1.0,GargoyleStoneplate,GargoyleStoneplate,FrozenHeart,,,,,,,,,,,,,,,,,,,,,,,,,2.0,,,,,,,,,,,,,,,,,,,,,,,,2.0,,,,,,,,,,,,,,,,,,,,,,,,,,,,,,,,,,,,,,,,,,,,,,,,,,,,,,,,,,,,,,,,2.0,SpearOfShojin,,,,,,,,,,,,,,,,,,,,,,,,,,,,,,,2.0,TrainerSnax,None,None,2.0,,,,,,,,,,,,,,,,,,,,,,,,,,,,,,,,,,,
2,EUW1_5972632781,TFT6_Augment_CyberneticImplants1,TFT6_Augment_Diversify2,TFT7_Augment_BestFriends2,0.0,,1.0,0.0,0.0,,1.0,0.0,0.0,0.0,2.0,,0.0,0.0,,1.0,,0.0,,,1.0,1.0,,,2.0,0.0,0.0,,2.0,GuardianEmblemItem,Shroud,,,,,,1.0,HextechGunblade,Quicksilver,SpearOfShojin,,,,,,,,,2.0,ZekesHerald,,,,,,,2.0,UnstableConcoction,GuinsoosRageblade,,,,,,,,,,,,,,,,,,,,,,,,,,,,,,,,,,,,,,,,,,,,,,,,,,,,,,,,,,,,,,,,,,,,,,2.0,,,,,,,,,,,,,,,,,,,,,,,,2.0,ShimmerscaleHeartOfGold,RedBuff,GargoyleStoneplate,,,,,,,,,,,,,,,,,,,,,,,,,,,,,,,,,,,,,,,,,,,,,,,,,,,,,,,,,2.0,,,,,,,,,,,,,,None,None,,,,,,,,,,,,,,,,,2.0,NegatronCloak,,,,,,,,,,,,,,,1.0,,,
5,EUW1_5972632781,TFT6_Augment_Featherweights1,TFT7_Augment_CannoneerHotShot,TFT7_Augment_PandorasBench,,,,,3.0,,,,0.0,1.0,,,,,,0.0,0.0,1.0,0.0,,,,,,,1.0,,0.0,,,,,,,,,,,,,,,,,,,,,,,,,2.0,RedBuff,GargoyleStoneplate,Quicksilver,1.0,LastWhisper,,,,,,,,,,,,,,,,,,,,,,,,,,,,,,,,,,,,,,,,,,,,,,,2.0,,,,,,,,,,,,,,,,,,,,,,,,2.0,,,,,,,,,,,,,,,,,,,,,,,,,,,,,,,,,,,,,,,,,,,,2.0,,,,,,,,,,,,,,,,,,,,,,,,,,,,,,,,,,,,,,,,,,,,,,,,3.0,ThiefsGloves,ZekesHerald,Deathblade,2.0,TrainerSnax,None,None,3.0,InfinityEdge,Deathblade,UnstableConcoction,,,,,,,,,,,,,,,,,,,,,,,,,,,,,,,,
6,EUW1_5972632781,TFT6_Augment_Meditation1,TFT7_Augment_MageEmblem,TFT6_Augment_JeweledLotus,,0.0,,1.0,,,1.0,,1.0,,1.0,,,2.0,,1.0,,0.0,,,,,,,,1.0,,2.0,,,,,,,,,,,,,,,,,,,,,,,,,,,,,,,,,,,,,,,,,,,,,,,,,1.0,ThiefsGloves,GiantsBelt,PowerGauntlet,,,,,,,,,,,,,,,,,2.0,,,,,,,,,,,,,,,,,,,,,,,,,,,,,,,,2.0,,,,2.0,,,,,,,,,,,,,,,,,,,,,,,,,,,,,,,,2.0,SpearOfShojin,HextechGunblade,JeweledGauntlet,,,,,,,,,,,,,,,,,,,,,,,,,1.0,MageEmblemItem,Chalice,,,,,,,,,,2.0,RedBuff,IonicSpark,GargoyleStoneplate,,,,,,,,,,,,,,,,,3.0,TrainerSnax,None,None,,,,,,,,,,,,,,,,,,,,,,,,,,,,,,,,,,,,
1,EUW1_5972632781,TFT7_Augment_BandOfThieves1,TFT7_Augment_DragonHorde,TFT7_Augment_UrfsGrabBag1,0.0,,1.0,,,,2.0,0.0,,0.0,1.0,1.0,,,0.0,1.0,,,,,1.0,,1.0,,1.0,,0.0,,,,,,,,,,2.0,MadredsBloodrazor,SpearOfShojin,GuinsoosRageblade,,,,,,,,,1.0,Zephyr,,,,,,,,,,,,,,,,,,,2.0,WarmogsArmor,GargoyleStoneplate,,2.0,Quicksilver,RapidFireCannon,AssassinEmblemItem,,,,,,,,,,,,,,,,,,,,,,,,,,,,,,,,,,,,,,,,,,,,,,,,,,,,,,,,,,,,,,,,,,,,,,,,,,,,,,,,,,,,,,,,,,,,,,,,,,,,,,,,,,,,,,,,,,,,,,,,,2.0,ShimmerscaleHeartOfGold,Zephyr,,,,,,,,,,,,,,,,,,,,,,,,,,,,None,None,,,,,,,,,,,,,,,,,,,,,,,,,2.0,ThiefsGloves,StatikkShiv,RabadonsDeathcap,,,,,,,,
7,EUW1_5972632781,TFT7_Augment_AFK,TFT6_Augment_Ascension,TFT7_Augment_PandorasBench,2.0,,,1.0,,,,,,,1.0,0.0,,,,,0.0,,1.0,0.0,,,,,0.0,,1.0,,,,,,,,,,,,,,,,,,,,,,,,,,,,,,,,,,3.0,Morellonomicon,Bloodthirster,,,,,,,,,,,,,,,,,,,,,,,,,,,,,,,,,,,,,,,,,,,,,,,,,,,,,,,,,,,,,,,,,,,,,,,,,,2.0,,,,,,,,,,,,2.0,Bloodthirster,AssassinEmblemItem,RapidFireCannon,,,,,,,,,2.0,Zephyr,,,,,,,,,,,,,,,,,,,2.0,,,,,,,,,,,,,,,,,,,,,,,,,,,,,,,,2.0,HextechGunblade,,,,,,,,,,,,,None,None,,,,,,,,,,,,,,,,,,,,,,,,,,,,,,,,,,,,
3,EUW1_5972632781,TFT6_Augment_CyberneticShell1,TFT6_Augment_Ascension,TFT7_Augment_SwiftshotPressTheAttack,1.0,,,1.0,,1.0,,,,,3.0,,0.0,,,,1.0,,,,,,,1.0,1.0,,0.0,,,,,,,,,,,,,,,,,,,,,,,,,,,,,,,,,,,,,,,,,,,,,,,,,,,,,,,,,,,,,,,,,,2.0,WarmogsArmor,,,,,,,,,,,,,,,,,,,,,,,,,,,,,,,,,,,,,,,,,,,,,,,,,,,,,,,,,,,2.0,NegatronCloak,RedBuff,,,,,,1.0,ThiefsGloves,UnstableConcoction,Zephyr,,,,,2.0,NeedlesslyLargeRod,,,,,,,,,,,2.0,Redemption,,,,,,,,,,,,,,,,,,,,,,,,,,,,,,,2.0,InfinityEdge,,,,,,,,,,,,,None,None,,,,,1.0,LocketOfTheIronSolari,,,,,,,,,,,,,,,1.0,Quicksilver,GuinsoosRageblade,MadredsBloodrazor,,,,,,,,,,,,
3,EUW1_5972871382,TFT7_Augment_MikaelsGift,TFT6_Augment_ComponentGrabBag,TFT7_Augment_ScalescornEmblem,1.0,,,2.0,,,,,,0.0,,,0.0,0.0,,,0.0,,2.0,,,,,,0.0,,1.0,1.0,,,,,,,,,,,,,,,,,,,,,,,,,3.0,TitanicHydra,,,,,,,2.0,StatikkShiv,Quicksilver,MadredsBloodrazor,,,,,,,,,,,,,,,,,,,,,,,,,,,,,,,,,,,,,,,,,,,,,,,,,,,,,,,,,,,,,,,,,,,,,,,,,,,,,,,,,,,,,3.0,Quicksilver,Bloodthirster,GuinsoosRageblade,2.0,SpearOfShojin,LocketOfTheIronSolari,RedBuff,1.0,FrozenHeart,Bloodthirster,RapidFireCannon,,,,,,,,,,,,,,,,,,,,,2.0,,,,,,,,,,,,,,,,,,,,,,,,3.0,ScalescornEmblemItem,,,,,,,,,,,,,,,,,,,,,None,None,,,,,,,,,,,,,,,,,,,,,,,,,,,,,,,,,,,,
5,EUW1_5972871382,TFT6_Augment_ThrillOfTheHunt2,TFT7_Augment_UrfsGrabBag1,TFT7_Augment_JadeTrait,,,,,,,,2.0,,,,1.0,0.0,,0.0,,0.0,,,1.0,0.0,,,0.0,0.0,,0.0,,,,,,,,,,,,,,2.0,GuinsoosRageblade,Quicksilver,,,,,,,,,,,,,,,,,,,,,,,,,,,,,,,,,,,,,,,,,,,,,,,,,,,,,,,,,,,,,,,,,,2.0,,,,,,,,2.0,,,,,,,,,,,,,,,,,,,,2.0,DragonmancerEmblemItem,WarmogsArmor,IonicSpark,,,,,,,,,,,,,,,,,,,,,,,,,,,,,,,,,,,,,,,,,,,,,,,,,,,,,,,,,,,,,1.0,,,,,,,,,,,,,,,,,,,,,,,,,,None,None,,,,,,,,,,,,,,,,,2.0,GuinsoosRageblade,PowerGauntlet,Bloodthirster,,,,,1.0,,,,,,,,,,,
6,EUW1_5972871382,TFT7_Augment_RevelPartyTime,TFT7_Augment_RagewingTantrum,TFT7_Augment_CannoneerRicochet,,,,0.0,2.0,,1.0,0.0,0.0,,,,,,,,1.0,3.0,,0.0,,,,,,,,,,,,,,,,,,,,,,,,,,,,,,,,,,,,,1.0,,,,,,,,,,,,,,,,,,,,,,,,,,,,,,,,,,,,,,,,,,,,,,,,2.0,,,,,,,,,,,,,,,,,,,,,,,,,,,,,,,,,,,,,,,,,,,,,,,,,,,,,,,,,,,,,,,,,,,,2.0,InfinityEdge,ArchangelsStaff,,3.0,RedBuff,,,,,,,1.0,,,,,,,,1.0,Bloodthirster,RunaansHurricane,,,,,,,,,,,,,,1.0,IonicSpark,,,,,,,,,,,,,,,,,None,None,,,,,,,,,,,,,,,,,,,,,,,,,,,,,,,,,,,,
4,EUW1_5972871382,TFT7_Augment_EvokerEssenceTheft,TFT6_Augment_BlueBattery2,TFT6_Augment_PortableForge,,,,,3.0,,1.0,,0.0,1.0,,,,,,0.0,0.0,1.0,0.0,,1.0,,,,,1.0,,,,,,,,,,,,,,,,,,,,,,,,,,,3.0,RedBuff,WarmogsArmor,,2.0,LastWhisper,RunaansHurricane,,,,,,,,,,2.0,BrambleVest,OrnnZhonyasParadox,GargoyleStoneplate,,,,,,,,,,,,,,,,,,,,,,,,,,,,,,,,,2.0,,,,,,,,,,,,,,,,,,,,,,,,2.0,ShimmerscaleHeartOfGold,,,,,,,,,,,,,,,,,,,,,,,,,,,,,,,,,,,,,,,,,,,2.0,,,,,,,,,,,,,,,,,,,,,,,,,,,,,,,,,,,,,,,,,,,,,,,,,,,,4.0,TrainerSnax,None,None,2.0,Deathblade,GuardianAngel,GuinsoosRageblade,,,,,,,,,,,,,,,,,,,,,,,,,,,,,,,,
2,EUW1_5972871382,TFT7_Augment_GuildGearUpgrades,TFT7_Augment_GuildEmblem,TFT7_Augment_SwiftshotPressTheAttack,0.0,,1.0,,,2.0,,0.0,,,3.0,,,,0.0,0.0,0.0,,,,,,,,,,0.0,,,,,,,,,,,,,,,,,,,,,,1.0,,,,,,,,,,,,,,,,,,,,,,,,,,,,,,,,,,,,,,,,,,,,2.0,HextechGunblade,,,,,,,,,,,,,,,,,,,,,,,,,,,,,,,,,,,,,,,,,,,,,,,,,,,,,,,,,,,,,,,,,,,,,,,,,,,2.0,,,,,,,,,,,,,,,,,,,,,,,,,,,,,,,,,,,,,,,,,,,,2.0,FrozenHeart,SpearOfShojin,RedBuff,,,,,,,,,,,None,None,,,,,,,,,,,,,,,,,,,,,,,,,2.0,GuardianAngel,CavalierEmblemItem,InfinityEdge,,,,,,,,
8,EUW1_5972871382,TFT7_Augment_GuildLoot,TFT6_Augment_RichGetRicherPlus,TFT6_Augment_TomeOfTraits1,,,,1.0,2.0,,,0.0,0.0,,,,0.0,,0.0,,,3.0,,,,,,,0.0,0.0,0.0,,,,,,,,,,,,,,,,,,,,,,,,,,,,,,1.0,SparringGloves,,,,,,,,,,,,,,,,,,,,,,,,,,,,,,,,,,,,,,,,,,,,,,,2.0,,,,,,,,,,,,,,,,,,,,,,,,,,,,,,,,,,,,,,,,,,,,,,,,1.0,NegatronCloak,,,,,,,,,,,,,,,,,,,,,,,,,,,,,,,,,,,,,,,1.0,Morellonomicon,SpearOfShojin,,,,,,,,,,,,,,2.0,,,,,,,,,,,,,,,,,,None,None,1.0,,,,,,,,,,,,,,,,,,,,,,,,1.0,,,,,,,,,,,
1,EUW1_5972871382,TFT6_Augment_Electrocharge2,TFT7_Augment_ShapeshifterBeastsDen,TFT6_Augment_MakeshiftArmor2,,0.0,1.0,,,,1.0,0.0,,,1.0,2.0,,,,1.0,0.0,,,2.0,,,1.0,,,,,,,,,,,,,,,,,,,,,,,,,,1.0,ZekesHerald,Shroud,,,,,,,,,,,,,,,,,,,,,,2.0,RecurveBow,MadredsBloodrazor,,,,,,,,,,,,,,2.0,,,,,,,,,,,,,,,,,,,,,,,,,,,,,,,,,,,,,,,,,,,,,,,,2.0,WarmogsArmor,RedBuff,IonicSpark,3.0,Quicksilver,GuinsoosRageblade,MadredsBloodrazor,,,,,,,,,,,,,,,,,,,,,,,,,,,,,,,,,,,,,,,,,,,,,,,,,,,,,2.0,NegatronCloak,,,2.0,LocketOfTheIronSolari,,,,,,,,,,,,,,,,,,,,,,,,,None,None,,,,,,,,,,,,,,,,,,,,,,,,,,,,,,,,,,,,
7,EUW1_5972871382,TFT6_Augment_SunfireBoard,TFT7_Augment_AxiomArc2,TFT7_Augment_UrfsGrabBag1,,,,0.0,1.0,,1.0,,1.0,1.0,,,,,,0.0,0.0,1.0,,,1.0,,,,,1.0,0.0,0.0,,,,,,,,,,,,,,,,,,,,,,,,,,,,,1.0,InfinityEdge,MadredsBloodrazor,,,,,,,,,,2.0,ShimmerscaleHeartOfGold,,,,,,,,,,,,,,,,,,,,,,,,,,,,,,,,,,,,,,,,,,,,,,,,,,,,,,,,,,,2.0,,,,,,,,,,,,,,,,,,,,,,,,,,,,,,,,,,,,,,,,,,,,,,,,,,,,1.0,,,,,,,,,,,,2.0,SeraphsEmbrace,SpearOfShojin,,,,,,,,,,,,,,,,,,,,,,,,,,2.0,ForceOfNature,,,2.0,TrainerSnax,None,None,2.0,,,,,,,,,,,,,,,,,,,,,,,,,,,,,,,,,,,
7,EUW1_5972732620,TFT6_Augment_LudensEcho2,TFT7_Augment_ClutteredMind,TFT7_Augment_MageEmblem2,,0.0,,1.0,,0.0,1.0,,,,1.0,,,2.0,,,,,0.0,,,,,0.0,2.0,,,0.0,,,,,,,,,1.0,HextechGunblade,JeweledGauntlet,SpearOfShojin,,,,,,,,,,,,,,,,,,,,,,,,,,,,,,,,,,,,,,,,,,,,,1.0,StatikkShiv,,,,,,,,,,,,,,,3.0,MageEmblemItem,RedBuff,GargoyleStoneplate,,,,,,,,,,,,,,,,,,,,,2.0,Chalice,,,,,,,,,,,,,,,,,,,,,,,,,,,,,,,,,,,,,,,1.0,,,,,,,,,,,,,,,,,,,,,,,,,,,,,,,,,,,,,,,,2.0,BrambleVest,NegatronCloak,,,,,,,,,,,,,,,,,,,,None,None,,,,,,,,,,,,,2.0,,,,,,,,,,,,,,,,,,,,,,,
5,EUW1_5972732620,TFT6_Augment_TradeSector,TFT7_Augment_BestFriends2,TFT6_Augment_RadiantRelics,0.0,,1.0,1.0,1.0,,,,1.0,,2.0,,0.0,,,1.0,,2.0,,,,,,,0.0,1.0,,,,,,,,,,,,,,,,,,,,,,,1.0,,,,,,,,2.0,Quicksilver,InfinityEdge,GuinsoosRageblade,,,,,,,,,,,,,,,,,,,,,,,,,,,,,,,,,,,,,,,,,,,,,,,,,,,,,,,,,,,,,,,,,,,,,2.0,ZekesHerald,TearOfTheGoddess,,,,,,,,,,,,,,,,,,,,,,1.0,,,,,,,,,,,,,,,,,,,,,,,,,,,,,,,,,,,,,,,,2.0,,,,,,,,,,,,,,,,2.0,GargoyleStoneplate,Redemption,,1.0,FrozenHeartRadiant,RedBuff,UnstableConcoction,,,,,,,,,3.0,TrainerSnax,None,None,1.0,,,,,,,,,,,,,,,,,,,,,,,,,,,,,,,,,,,
3,EUW1_5972732620,TFT7_Augment_PandorasBench,TFT7_Augment_MageConference,TFT6_Augment_BandOfThieves2,,,1.0,1.0,,,1.0,,0.0,,1.0,,0.0,1.0,,1.0,,,,,0.0,1.0,,,2.0,1.0,,0.0,,,,,,,,,2.0,ArchangelsStaff,HextechGunblade,SpearOfShojin,,,,,,,,,1.0,ThiefsGloves,RedBuff,InfinityEdge,,,,,,,,,,,,,,,,,,,,,,,,,,,,,,,,,,,,,,,,,,,,,2.0,,,,,,,,,,,,,,,,,,,,,,,,,,,,,,,,2.0,StatikkShiv,LocketOfTheIronSolari,,,,,,,,,,,,,,,,,,,,,,2.0,TitanicHydra,,,,,,,,,,,,,,,,,,,,,,,,,,,,,,,,,,,,,,,,,,,,,,,,,,,2.0,RedBuff,GargoyleStoneplate,Quicksilver,,,,,,,,,,,,,,,,,4.0,TrainerSnax,None,None,,,,,,,,,,,,,,,,,,,,,,,,,,,,,,,,,2.0,ThiefsGloves,RedBuff,InfinityEdge
4,EUW1_5972732620,TFT6_Augment_SalvageBin,TFT6_Augment_PortableForge,TFT6_Augment_ForceOfNature,1.0,,,1.0,,1.0,,,,,3.0,,0.0,,,,1.0,,,,,,,1.0,1.0,,0.0,,,,,,,,,,,,,,,,,,,,,,,,,,,,,,,,,,,,,,,,,,,,,,,,,,,,,,,,,,,,,,,,,,2.0,NeedlesslyLargeRod,,,,,,,,,,,,,,,,,,,,,,,,,,,,,,,,,,,,,,,,,,,,,,,,,,,,,,,,,,,2.0,,,,,,,,2.0,RedBuff,FrozenHeart,,,,,,2.0,,,,,,,,,,,,2.0,TitanicHydra,,,,,,,,,,,,,,,,,,,,,,,,,,,,,,,2.0,InfinityEdge,OrnnTheCollector,UnstableConcoction,,,,,,,,,,,None,None,,,,,2.0,,,,,,,,,,,,,,,,2.0,MadredsBloodrazor,GuinsoosRageblade,MadredsBloodrazor,,,,,,,,,,,,
2,EUW1_5972732620,TFT7_Augment_MikaelsGift,TFT6_Augment_SunfireBoard,TFT6_Augment_TheGoldenEgg,,,1.0,,2.0,,1.0,,1.0,1.0,1.0,,,,,1.0,,2.0,,,1.0,,,,,1.0,,0.0,,,,,,,,,,,,,,,,,,,,,1.0,Zephyr,,,,,,,2.0,ThiefsGloves,Chalice,RabadonsDeathcap,,,,,,,,,2.0,ShimmerscaleMogulsMail,GargoyleStoneplate,IonicSpark,,,,,,,,,,,,,,,,,,,,,,,,,,,,,,,,,2.0,LocketOfTheIronSolari,ZekesHerald,Chalice,,,,,,,,,,,,,,,,,,,,,2.0,,,,,,,,,,,,,,,,,,,,,,,,,,,,,,,,,,,,,,,,,,,,,,,,,,,,,,,,,,,,,,,,2.0,ThiefsGlovesRadiant,GuardianAngelRadiant,RapidFirecannonRadiant,,,,,,,,,,,,,,,,,,,,,,,,,2.0,,,,4.0,TrainerSnax,None,None,2.0,Bloodthirster,LocketOfTheIronSolari,Chalice,,,,,,,,,,,,,,,,,,,,,,,,,,,,,,,,
6,EUW1_5972732620,TFT6_Augment_ThreesCompany,TFT7_Augment_BestFriends2,TFT6_Augment_HighEndShopping,0.0,,,,,0.0,1.0,0.0,,1.0,1.0,,,,3.0,,,,0.0,,,,,,,,0.0,,,,,,,,,,,,,,,,,,,,,,,,,,2.0,,,,,,,,,,,,2.0,RapidFireCannon,ArchangelsStaff,ArchangelsStaff,,,,,,,,,,,,,,,,,,,,,,,,,,,,,,,,,,,,,,,,,,,,,,,,,,,,,2.0,,,,,,,,,,,,,,,,,,,,,,,,2.0,ThiefsGloves,TearOfTheGoddess,HextechGunblade,,,,,,,,,,,,,,,,,,,,,,,,,,,,,,,,,,,,,,,,,,,,,,,,,,,,,,,,,,,,,,,,,2.0,,,,,,,,,,,,,,None,None,,,,,,,,,,,,,,,,,,,,,,,,,1.0,TitansResolve,Bloodthirster,ZekesHerald,,,,,,,,
1,EUW1_5972732620,TFT6_Augment_Meditation2,TFT7_Augment_BestFriends2,TFT6_Augment_HighEndShopping,,,1.0,1.0,,,1.0,0.0,0.0,,1.0,,0.0,1.0,0.0,1.0,,,,,0.0,1.0,,,2.0,1.0,0.0,0.0,,,,,,,,,2.0,HextechGunblade,SpearOfShojin,ArchangelsStaff,,,,,,,,,2.0,,,,,,,,,,,,,,,,,,,,,,,,,,,,,,,,,,,,,,,,,,,,,,,,2.0,PowerGauntlet,,,,,,,,,,,,,,,,,,,,,,,,,,,,,,,2.0,,,,,,,,,,,,,,,,,,,,,,,,2.0,,,,,,,,,,,,,,,,,,,,,,,,,,,,,,,,,,,,,,,,,,,,,,,,,,,,2.0,GargoyleStoneplate,TitanicHydra,Shroud,,,,,,,,,,,,,,,,,4.0,TrainerSnax,None,None,,,,,,,,,,,,,,,,,,,,,,,,,2.0,SeraphsEmbrace,JeweledGauntlet,DragonsClaw,,,,,1.0,,,
8,EUW1_5972732620,TFT6_Augment_RichGetRicher,TFT7_Augment_UrfsGrabBag1,TFT7_Augment_UrfsGrabBag2,,0.0,,0.0,,,,,1.0,,1.0,,,3.0,,1.0,,0.0,,,,,,,,1.0,,0.0,,,,,,,,,,,,,,,,,,,,,,,,,,,,,,,,,,,,,,,,,,,,,,,,,,,,,,,,,,,,,,,,,,,,,2.0,,,,,,,,,,,,,,,,,,,,,,,,,,,,,,,,2.0,MageEmblemItem,,,3.0,RabadonsDeathcap,StatikkShiv,,,,,,,,,,,,,,,,,,,,,,,,,,,,,,2.0,ArchangelsStaff,RabadonsDeathcap,,,,,,,,,,,,,,,,,,,,,,,,,,1.0,MageEmblemItem,SeraphsEmbrace,,,,,,,,,,2.0,RedBuff,TitansResolve,Shroud,,,,,,,,,,,,,,,,,1.0,TrainerSnax,None,None,,,,,,,,,,,,,2.0,,,,,,,,,,,,,,,,,,,,,,,
5,EUW1_5972740149,TFT6_Augment_ClearMind,TFT6_Augment_ItemGrabBag1,TFT7_Augment_BruiserEmblem,,,,2.0,2.0,,,,1.0,,,,0.0,,,0.0,0.0,3.0,,,,,,,0.0,1.0,0.0,,,,,,,,,,,,,,,,,,,,,,,,,,,,,,2.0,LastWhisper,InfinityEdge,GuinsoosRageblade,,,,,,,,,,,,,,,,,,,,,,,,,,,,,,,,,,,,,,,,,,,,,1.0,,,,,,,,,,,,,,,,,,,,,,,,2.0,BruiserEmblemItem,,,,,,,,,,,,,,,,,,,,,,,2.0,GargoyleStoneplate,RedBuff,BrambleVest,,,,,,,,,,,,,,,,,,,,,,,,,2.0,,,,,,,,,,,,2.0,HextechGunblade,ZekesHerald,StatikkShiv,,,,,,,,,,,,,2.0,,,,,,,,,,,,,,,,3.0,TrainerSnax,None,None,2.0,RunaansHurricane,,,,,,,,,,,,,,,,,,,,,,,,,,,,,,,,,,
1,EUW1_5972740149,TFT6_Augment_Twins2,TFT6_Augment_Traitless1,TFT7_Augment_GadgetExpert,0.0,0.0,,,,0.0,,0.0,,,,,,,0.0,,0.0,,,0.0,,,,,,,0.0,0.0,,,,,,,,,,,,,,,,,,,,,,,,,,,,,,,,,,,,,,,,,,,,,,,,,,,,,,,,,,,,,,,,,2.0,PowerGauntlet,SeraphsEmbrace,WarmogsArmor,,,,,,,,,,,,,,,,,,,,,,,,,,,,,,,,,,,,,,,,,,,,,3.0,Quicksilver,RunaansHurricane,MadredsBloodrazor,,,,,,,,,,,,,1.0,ThiefsGloves,,,,,,,,,,,,,,,,,,,,,,,,,,,,,,,,,,,,,,,,,,,,,,,,,,,,,,,,,,,,,,,,,,,,,None,None,,,,,,,,,,,,,,,,,,,,,,,,,1.0,JeweledGauntlet,InfinityEdge,UnstableConcoction,,,,,,,,
3,EUW1_5972740149,TFT6_Augment_MetabolicAccelerator,TFT6_Augment_SecondWind1,TFT7_Augment_JadeTrait,,,,,,,1.0,0.0,1.0,,,3.0,0.0,,0.0,1.0,,,,1.0,,,1.0,,,0.0,,,,,,,3.0,ArchangelsStaff,MadredsBloodrazor,StatikkShiv,,,,,,,,,,,,,,,,,,,,,,,,,,,,,,,,,,,,,2.0,Deathblade,TitansResolve,,,,,,,,,,,,,,2.0,FrozenHeart,,,,,,,,,,,,,,,,,,,2.0,,,,,,,,,,,,,,,,,,,,2.0,MirageEmblemItem,,,,,,,2.0,BrambleVest,RedBuff,WarmogsArmor,,,,,,,,,,,,,,,,,,,,,,,,,,,,,,,,,,,,,,,,,,,,,,,,,,,,,,,,,2.0,,,,,,,,,,,,,,,,,,,,,,,,,,,,,,None,None,,,,,,,,,,,,,,,,,,,,,,,,,,,,,,,,,,,,
4,EUW1_5972740149,TFT7_Augment_MageConference,TFT7_Augment_BandOfThieves1,TFT6_Augment_CyberneticUplink2,,0.0,,0.0,,0.0,,,,,1.0,0.0,,3.0,,0.0,,,0.0,,0.0,1.0,1.0,,,0.0,,0.0,,,,,,,,,,,,,,,,,,,,,,,,,,,,,,,,,,,,,,,,,,,,,,,,,,,,,,,,,,,,,,,,,,,,,3.0,,,,,,,,,,,,,,,,,,,,,,,,,,,,3.0,ArchangelsStaff,,,,,,,3.0,ThiefsGloves,SparringGloves,InfinityEdge,,,,,,,,,,,,,,,,,,,,,,,,,,,,,3.0,SpearOfShojin,RabadonsDeathcap,Bloodthirster,,,,,,,,,,,,,,,,,,,,,,,,,,,,,1.0,WarmogsArmor,,,,,,,3.0,BrambleVest,RedBuff,GiantsBelt,,,,,,,,,,,,,,,,,,,None,None,,,,,,,,,,,,,3.0,ThiefsGloves,RapidFireCannon,GuinsoosRageblade,,,,,,,,,,,,,,,,,2.0,ArchangelsStaff,,
6,EUW1_5972740149,TFT7_Augment_BruiserEmblem,TFT6_Augment_Electrocharge1,TFT7_Augment_FirstAidKit2,,,1.0,2.0,,,1.0,0.0,,,1.0,0.0,0.0,0.0,0.0,0.0,,,,1.0,,,,,0.0,,0.0,2.0,,,,,,,,,,,,,,,,,,,,,2.0,RecurveBow,,,,,,,,,,,,,,,,,,,,,,,,,,,2.0,Bloodthirster,Quicksilver,GuinsoosRageblade,2.0,,,,,,,,,,,,,,,,,,,,,,,,,,,,,,,,,,,,,,,,,,,,,,,,,,,,,,,,2.0,RedBuff,BruiserEmblemItem,WarmogsArmor,,,,,,,,,,,,,1.0,ThiefsGloves,WarmogsArmor,GargoyleStoneplate,,,,,,,,,,,,,,,,,,,,,,,,,,,,,,,,,,,,,,,,,,,,,,,,,2.0,LocketOfTheIronSolari,,,,,,,,,,,,,,,,,,,,,None,None,,,,,,,,,,,,,,,,,,,,,,,,,1.0,FrozenHeart,,,,,,,,,,
8,EUW1_5972740149,TFT7_Augment_ShimmerscaleTrait,TFT7_Augment_BandOfThieves1,,0.0,,,1.0,,,1.0,0.0,,,,,0.0,,,,1.0,,,,1.0,,,0.0,,,0.0,1.0,,,,,,,,,,,,,,,,,,,,,,,,,,,,,,,,,,,,,,,,,,,,,,,,,1.0,ThiefsGloves,TearOfTheGoddess,GuardianAngel,,,,,,,,,,,,,,,,,,,,,,,,,,,,,,,,,2.0,FrozenHeart,,,,,,,,,,,,,,,,,,,,,,,,,,,,,,,,,,,,,,,,,,,,,,,,,,,,,,,,,,,,,,,,,,,1.0,GargoyleStoneplate,,,,,,,,,,,,,,,,,,,,,,,,,,,,,,,,,,,,,,,,,,,,,None,None,,,,,,,,,,,,,,,,,2.0,,,,1.0,InfinityEdge,ShimmerscaleGamblersBlade,RecurveBow,,,,,,,,,,,,
2,EUW1_5972740149,TFT7_Augment_MageEmblem,TFT7_Augment_MageTrait,TFT6_Augment_Meditation2,,0.0,1.0,0.0,,,,,0.0,,3.0,0.0,,4.0,,2.0,,,,,0.0,1.0,1.0,,,1.0,,0.0,,,,,,,,,,,,,,,,,,,,,1.0,MageEmblemItem,,,,,,,,,,,,,,,,,,,,,,,,,,,,,,,,,,,,,,,,,,,,,,,2.0,,,,,,,,,,,,,,,,,,,,,,,,,,,,,,,,2.0,GuildEmblemItem,,,3.0,,,,,,,,,,,,,,,,,,,,,,,,,,,,,,,,2.0,ArchangelsStaff,SpearOfShojin,SpearOfShojin,,,,,,,,,,,,,,,,,,,,,,,,,,,,,2.0,Chalice,MageEmblemItem,HextechGunblade,,,,,2.0,IonicSpark,RedBuff,GargoyleStoneplate,,,,,,,,,,,,,,,,,4.0,TrainerSnax,None,None,,,,,,,,,,,,,2.0,Redemption,Zephyr,,,,,,,,,,,,,,,,,,2.0,,,
7,EUW1_5972740149,TFT6_Augment_CelestialBlessing2,TFT7_Augment_BruiserTrait,TFT6_Augment_SunfireBoard,,,,2.0,,,1.0,,,0.0,,0.0,,0.0,,,0.0,,,1.0,,,,,,,0.0,3.0,,,,,,,,,,,,,,,,,,,,,,,,,,,,,,,,,,,,,,,,,,,,,,,,,1.0,ThiefsGloves,TearOfTheGoddess,SeraphsEmbrace,2.0,MadredsBloodrazor,ArchangelsStaff,SparringGloves,,,,,,,,,,,,,,,,,,,,,,,,,,,,,,,,,,,,,,,,,,,,,,,,,,,,,1.0,,,,,,,,,,,,,,,,,,,,,,,,,,,,,,,,,,,,,,,,,,,,2.0,,,,,,,,,,,,,,,,,,,,,,,,2.0,GargoyleStoneplate,,,,,,,,,,,,,,,2.0,,,,,,None,None,,,,,,,,,,,,,,,,,,,,,,,,,,,,,,,,,,,,
8,EUW1_5972706523,TFT7_Augment_ScalescornEmblem,TFT6_Augment_CelestialBlessing3,TFT7_Augment_FirstAidKit2,2.0,,,1.0,,0.0,,,,,,,0.0,0.0,,,0.0,,2.0,,0.0,,,,1.0,,1.0,,,,,,,,,,,,,,,,,,,,,,,,,,,,,,,,,,2.0,RabadonsDeathcap,IonicSpark,TitansResolve,,,,,,,,,,,,,,,,,,,,,,,,,,,,,,,,,,,,,,,,,,,,,,,,,2.0,ScalescornEmblemItem,,,,,,,,,,,2.0,,,,,,,,,,,,,,,,,,,,,,,,2.0,AssassinEmblemItem,InfinityEdge,RunaansHurricane,1.0,Morellonomicon,,,,,,,2.0,,,,,,,,,,,,,,,,,,,,2.0,,,,,,,,,,,,,,,,,,,,,,,,,,,,,,,,,,,,,,,,,,,,,,None,None,,,,,,,,,,,,,,,,,,,,,,,,,,,,,,,,,,,,
6,EUW1_5972706523,TFT6_Augment_MetabolicAccelerator,TFT6_Augment_MaxLevel10,TFT7_Augment_MikaelsGift,,,,2.0,2.0,,1.0,,0.0,,,,0.0,0.0,,,,3.0,,,,,,,0.0,0.0,,2.0,,,,,,,,,,,,,,,,,,,,,,,,,,,,,2.0,MadredsBloodrazor,InfinityEdge,UnstableConcoction,,,,,,,,,,,,,,,,,2.0,GargoyleStoneplate,,,,,,,,,,,,,,,,,,,,,,,,,,,2.0,,,,,,,,,,,,,,,,,,,,,,,,,,,,,,,,,,,,,,,,,,,,,,,,1.0,,,,,,,,,,,,,,,,,,,,,,,,,,,,,,,,,,,,,,,,2.0,LocketOfTheIronSolari,LocketOfTheIronSolari,SpearOfShojin,,,,,,,,,1.0,,,,2.0,,,,,,,,,,,,,,,,,,None,None,2.0,,,,,,,,,,,,,,,,,,,,,,,,,,,,,,,,,,,
2,EUW1_5972706523,TFT6_Augment_Distancing2,TFT7_Augment_UrfsGrabBag2,TFT6_Augment_CelestialBlessing2,3.0,,,2.0,,,1.0,,,,1.0,,0.0,0.0,,,0.0,,0.0,,0.0,,,,1.0,,0.0,2.0,,,,,,,,,,,,,,,,,,,,,,,,,,,,,,,,,2.0,FrozenHeart,HextechGunblade,RabadonsDeathcap,,,,,,,,,,,,,2.0,AssassinEmblemItem,GuinsoosRageblade,RunaansHurricane,,,,,,,,,,,,,,,,,,,,,,,,,,,,,,,,,2.0,Shroud,,,,,,,,,,,,,,,,,,,,,,,,,,,,,,,,,,,,,,,2.0,WarmogsArmor,,,,,,,2.0,RedBuff,,,,,,,,,,,,,,,,,,,2.0,,,,,,,,,,,,,,,,,,,,,,,,1.0,AssassinEmblemItem,,,,,,,2.0,Deathblade,InfinityEdge,GuardianAngel,,,,,,,,,,,None,None,,,,,,,,,,,,,,,,,,,,,,,,,,,,,,,,,,,,
7,EUW1_5972706523,TFT7_Augment_ShimmerscaleTrait,TFT7_Augment_DragonmancerEmblem2,TFT7_Augment_DragonHorde,0.0,,1.0,,,,2.0,1.0,,0.0,1.0,,0.0,0.0,0.0,0.0,0.0,,,,4.0,1.0,,,,,1.0,,2.0,DragonmancerEmblemItem,ShimmerscaleCrownOfChampions,,,,,,,,,,,,,,,,,,1.0,ShimmerscaleEmblemItem,,,,,,,,,,,,,,,,,,,2.0,ShimmerscaleHeartOfGold,ShimmerscaleMogulsMail,RedBuff,,,,,,,,,,,,,,,,,,,,,,,,,,,,,,,,,,,,,,,,,2.0,ShimmerscaleDravensAxe,ShimmerscaleGoldmancersStaff,Shroud,,,,,,,,,,,,,,,,,,,,,,,,,,,,,,,,,,,,,,,,,,,,,,,,,,,,,,,,,,,,,,,,,,,,,,,,,,,,,,,,,,,,,,,,,,,,,,,,,,,,,,,,,,,,,,,None,None,,,,,,,,,,,,,,,,,2.0,,,,,,,,1.0,FrozenHeart,UnstableConcoction,MadredsBloodrazor,,,,,1.0,Quicksilver,GuinsoosRageblade,
5,EUW1_5972706523,TFT6_Augment_Ascension,TFT6_Augment_MaxLevel10,TFT7_Augment_AxiomArc2,,,1.0,0.0,,2.0,1.0,0.0,,,2.0,0.0,0.0,,,0.0,0.0,,,0.0,,,,,3.0,,,,,,,,,,,,1.0,JeweledGauntlet,RabadonsDeathcap,MadredsBloodrazor,,,,,,,,,2.0,ZekesHerald,,,,,,,,,,,,,,,,,,,,,,,,,,,,,,,,,,,,,,,,,,,2.0,WarmogsArmor,GiantsBelt,,,,,,,,,,,,,,,,,,,,,,1.0,,,,,,,,,,,,,,,,,,,,2.0,IonicSpark,CavalierEmblemItem,TempestEmblemItem,,,,,,,,,,,,,2.0,,,,,,,,,,,,,,,,2.0,,,,,,,,,,,,,,,,,,,,,,,,,,,,,,,,,,,,,,,,,,,,,,,,,,,,,,,,,,None,None,,,,,,,,,,,,,,,,,,,,,,,,,,,,,,,,,,,,
1,EUW1_5972706523,TFT7_Augment_MageConference,TFT6_Augment_GrandGambler,TFT6_Augment_Diversify2,,1.0,,1.0,,,,0.0,1.0,,1.0,,,3.0,0.0,1.0,,0.0,,,,,,,,1.0,0.0,0.0,,,,,,,,,,,,,,,,,,,,,,,,,,,,,,,,,,,,,,,,,,,,,,,,,,,,,,,,,,,,,,,,,,,,,2.0,,,,3.0,,,,,,,,,,,,,,,,,,,,,,,,,,,,2.0,MageEmblemItem,,,3.0,,,,,,,,,,,,,,,,,,,,,,,,,,,,,,,,3.0,RapidFireCannon,SpearOfShojin,ArchangelsStaff,,,,,,,,,,,,,,,,,,,,,,,,,2.0,,,,,,,,,,,,3.0,RedBuff,IonicSpark,DragonsClaw,,,,,,,,,,,,,,,,,3.0,TrainerSnax,None,None,,,,,,,,,,,,,2.0,,,,,,,,,,,,2.0,UnstableConcoction,SeraphsEmbrace,MageEmblemItem,,,,,,,,
4,EUW1_5972706523,TFT7_Augment_AssassinEmblem,TFT7_Augment_UrfsGrabBag2,TFT6_Augment_Distancing2,3.0,,,1.0,,,1.0,0.0,,,1.0,,0.0,,0.0,,0.0,,,,,,,,1.0,,1.0,2.0,,,,,,,,,,,,,,,,,,,,,,,,,,,,,,,,,,,,,,,,,,,,,,,,,2.0,AssassinEmblemItem,Bloodthirster,GuinsoosRageblade,,,,,,,,,,,,,,,,,,,,,,,,,,,,,,,,,,,,,,,,,,,,,,,,,,,,,,,,,,,,,,,,,,,,,,,,,2.0,,,,1.0,GuinsoosRageblade,FrozenHeart,,2.0,Shroud,FrozenHeart,,,,,,,,,,,,,,,,,,2.0,AssassinEmblemItem,RedBuff,,,,,,,,,,,,,,,,,,,,,,,,,,,,,,1.0,HextechGunblade,GuardianAngel,,,,,,,,,,,,None,None,,,,,,,,,,,,,,,,,,,,,,,,,1.0,AssassinEmblemItem,,,,,,,,,,
3,EUW1_5972706523,TFT6_Augment_MakeshiftArmor2,TFT6_Augment_RadiantRelics,TFT7_Augment_MikaelsGift,2.0,,,1.0,,1.0,,,,,3.0,,0.0,,,,1.0,,,,,,,1.0,1.0,,0.0,0.0,,,,,,,,,,,,,,,,,,,,,,,,,,,,,,,,,,,,,,,,,,,,,,,,,,,,,,,,,,,,,,,,,2.0,LocketOfTheIronSolari,PowerGauntlet,,,,,,,,,,,,,,,,,,,,,,,,,,,,,,,,,,,,,,,,,,,,,,,,,,,,,,,,,,1.0,AssassinEmblemItem,,,2.0,ArchangelsStaff,IonicSpark,,1.0,,,,,,,,1.0,,,,,,,,,,,,2.0,,,,,,,,,,,,,,,,,,,,,,,,,,,,,,,,2.0,FrozenHeartRadiant,RabadonsDeathcap,Deathblade,,,,,,,,,,,None,None,,,,,2.0,,,,,,,,,,,,,,,,2.0,InfinityEdge,GuinsoosRageblade,Quicksilver,,,,,,,,,,,,
1,EUW1_5972854722,TFT6_Augment_JeweledLotus,TFT7_Augment_LastStand,TFT7_Augment_BestFriends3,1.0,,,1.0,,2.0,1.0,,,,2.0,,0.0,,2.0,,0.0,,,,,,,,1.0,,0.0,,,,,,,,,,,,,,,,,,,,,,,,,,,,,,,,,,,,,,2.0,Quicksilver,InfinityEdge,GuinsoosRageblade,,,,,,,,,,,,,,,,,,,,,,,,,2.0,SeraphsEmbrace,BFSword,,,,,,,,,,,,,,,,,,,,,,,,,,,,,,,,,,,,,,,,,,,,,,,,,,2.0,,,,,,,,2.0,,,,,,,,1.0,FrozenHeart,StatikkShiv,GuardianAngel,,,,,2.0,,,,,,,,,,,,1.0,,,,,,,,,,,,,,,,,,,,,,,,,,,,,,,,2.0,ZekesHerald,ZekesHerald,InfinityEdge,,,,,,,,,,,None,None,,,,,,,,,,,,,,,,,,,,,,,,,,,,,,,,,,,,
2,EUW1_5972854722,TFT7_Augment_BestFriends2,TFT6_Augment_RichGetRicherPlus,TFT6_Augment_ItemGrabBag2,1.0,,1.0,1.0,,1.0,,,,,4.0,,0.0,,,0.0,1.0,,,,,,,1.0,1.0,,0.0,,,,,,,,,,,,,,,,,,,,,,1.0,SpearOfShojin,,,,,,,,,,,,,,,,,,,,,,,,,,,,,,,,,,,,,,,,,,,2.0,,,,,,,,,,,,,,,,,,,,,,,,,,,,,,,,,,,,,,,,,,,,,,,,,,,,,,,,,,,,2.0,TitanicHydra,,,,,,,2.0,,,,,,,,1.0,,,,,,,,,,,,2.0,AssassinEmblemItem,,,,,,,,,,,,,,,,,,,,,,,,,,,,,,,2.0,Bloodthirster,MadredsBloodrazor,TitansResolve,,,,,,,,,,,None,None,,,,,2.0,ZekesHerald,LastWhisper,RapidFireCannon,,,,,,,,,,,,,2.0,GuinsoosRageblade,MadredsBloodrazor,InfinityEdge,,,,,,,,,,,,
3,EUW1_5972854722,TFT6_Augment_TrueTwos,TFT7_Augment_RagewingScorch,TFT7_Augment_GuildEmblem2,0.0,,1.0,0.0,,0.0,1.0,,,,5.0,,0.0,0.0,,0.0,1.0,,,,,,,1.0,2.0,,,,,,,,,,,,1.0,SpearOfShojin,StatikkShiv,HextechGunblade,,,,,,,,,1.0,,,,,,,,,,,,,,,,,,,,,,,,,,,,,,,,,,,,,,,,,,,,2.0,GargoyleStoneplate,Morellonomicon,JeweledGauntlet,,,,,,,,,,,,,,,,,,,,,,,,,,,,,,,,,,,,,,,,,,,,,,,,,,,,,,,,,2.0,,,,,,,,,,,,1.0,,,,,,,,,,,,,,,,,,,,,,,,,,,,,,,,,,,,,,,,,,,,,,,,1.0,FrozenHeart,IonicSpark,,,,,,,,,,,,None,None,,,,,2.0,BFSword,RagewingEmblemItem,,,,,,,,,,,,,,2.0,MadredsBloodrazor,GuildEmblemItem,GuinsoosRageblade,,,,,,,,,,,,
5,EUW1_5972854722,TFT6_Augment_CalculatedLoss,TFT6_Augment_ComponentGrabBag,TFT6_Augment_CyberneticImplants3,,,1.0,,2.0,,,,0.0,1.0,1.0,,,,,1.0,,1.0,0.0,,,,,,,1.0,,0.0,,,,,,,,,,,,,,,,,,,,,1.0,,,,3.0,WarmogsArmor,DragonsClaw,BrambleVest,2.0,UnstableConcoction,RecurveBow,,,,,,,,,,,,,,,,,,,,,,,,,,,,,,,,,,,,,,,,,,,,,,3.0,RabadonsDeathcap,,,,,,,,,,,,,,,,,,,,,,,2.0,FrozenHeart,,,,,,,,,,,,,,,,,,,,,,,,,,,,,,,,,,,,,,,,,,,,,,,,,,,,,,,,,,,,,,,,,,,,,,,,,,,,,,,,,,,,,,,,,,,3.0,ThiefsGloves,RecurveBow,StatikkShiv,4.0,TrainerSnax,None,None,3.0,MadredsBloodrazor,Quicksilver,GuinsoosRageblade,,,,,,,,,,,,,,,,,,,,,,,,,,,,,,,,
7,EUW1_5972854722,TFT6_Augment_HyperRoll,TFT6_Augment_Meditation2,TFT7_Augment_MageEmblem2,,1.0,,1.0,,,,,0.0,,1.0,,,2.0,,1.0,,,,,,,,,,1.0,,0.0,,,,,,,,,,,,,,,,,,,,,,,,,,,,,,,,,,,,,,,,,,,,,,,,,,,,,,,,,,,,,,,,,,,,,1.0,,,,3.0,MageEmblemItem,ChainVest,,,,,,,,,,,,,,,,,,,,,,,,,,2.0,Chalice,,,3.0,StatikkShiv,SpearOfShojin,SpearOfShojin,,,,,,,,,,,,,,,,,,,,,,,,,,,,,2.0,MadredsBloodrazor,JeweledGauntlet,SpearOfShojin,,,,,,,,,,,,,,,,,,,,,,,,,,,,,,,,,,,,,2.0,,,,,,,,,,,,,,,,,,,,1.0,TrainerSnax,None,None,,,,,,,,,,,,,2.0,,,,,,,,,,,,,,,,,,,,,,,
6,EUW1_5972854722,TFT7_Augment_PandorasBench,TFT6_Augment_LudensEcho2,TFT6_Augment_BandOfThieves2,,,,,,,,2.0,,1.0,,1.0,,,1.0,,0.0,,,0.0,,,,0.0,0.0,,0.0,,,,,,,,,,,,,,2.0,Morellonomicon,,,,,,,,,,,,,,,,,,,,,,,,,,,,,,,,,,,,,,,,,,,,,,,,,,,,,,,,,,,,,,,,,,,3.0,SeraphsEmbrace,JeweledGauntlet,MadredsBloodrazor,,,,,2.0,Zephyr,,,3.0,RedBuff,GargoyleStoneplate,,,,,,,,,,,,,,,,,,,,,,,,,,,,,,,,,,,,,,,,,,,,,,,,,,,,,,3.0,ThiefsGloves,PowerGauntlet,Shroud,,,,,,,,,,,,,,,,,,,,,2.0,,,,,,,,,,,,,,,,3.0,ThiefsGloves,Bloodthirster,HextechGunblade,,,,,,,None,None,,,,,,,,,,,,,,,,,,,,,,,,,1.0,RunaansHurricane,UnstableConcoction,,,,,,,,,
8,EUW1_5972854722,TFT7_Augment_CannoneerRicochet,TFT7_Augment_PandorasBench,TFT6_Augment_ItemGrabBag2,,,1.0,,1.0,,1.0,,1.0,1.0,1.0,,,,,1.0,,1.0,,,1.0,,,,,1.0,,0.0,,,,,,,,,,,,,,,,,,,,,1.0,TearOfTheGoddess,,,,,,,1.0,InfinityEdge,LastWhisper,RunaansHurricane,,,,,,,,,2.0,WarmogsArmor,RedBuff,GargoyleStoneplate,,,,,,,,,,,,,,,,,,,,,,,,,,,,,,,,,,,,,,,,,,,,,,,,,,,,,,,,,2.0,,,,,,,,,,,,,,,,,,,,,,,,,,,,,,,,,,,,,,,,,,,,,,,,,,,,,,,,,,,,,,,,2.0,SpearOfShojin,JeweledGauntlet,ShimmerscaleGamblersBlade,,,,,,,,,,,,,,,,,,,,,,,,,2.0,,,,3.0,TrainerSnax,None,None,2.0,,,,,,,,,,,,,,,,,,,,,,,,,,,,,,,,,,,
4,EUW1_5972854722,TFT6_Augment_CyberneticUplink2,TFT6_Augment_LudensEcho2,TFT7_Augment_BestFriends3,,0.0,,1.0,,,,,1.0,,1.0,,,2.0,,1.0,,0.0,,,0.0,1.0,,,,1.0,,0.0,,,,,,,,,,,,,,,,,,,,,,,,,,,,,,,,,,,,,,,,,,,,,,,,,,,,,,,,,,,,,,,,,,,,,2.0,,,,2.0,ChainVest,,,,,,,,,,,,,,,,,,,,,,,,,,,2.0,SparringGloves,,,3.0,SpearOfShojin,ArchangelsStaff,,,,,,,,,,,,,,,,,,,,,,,,,,,,,,2.0,SpearOfShojin,ArchangelsStaff,,,,,,,,,,,,,,,,,,,,,,,,,,2.0,Morellonomicon,,,,,,,,,,,2.0,BrambleVest,GargoyleStoneplate,,,,,,,,,,,,,,,,,,3.0,TrainerSnax,None,None,,,,,,,,,,,,,,,,,,,,,,,,,,,,,,,,,1.0,PowerGauntlet,,
7,EUW1_5973031123,TFT6_Augment_RichGetRicher,TFT7_Augment_BestFriends2,TFT6_Augment_CyberneticImplants2,0.0,1.0,,2.0,,,,,,,2.0,,0.0,,,,0.0,,,,,,,1.0,0.0,,0.0,,,,,,,,,,,,,,,,,,,,,,,,,,,,,,,,,,,,,,,,,,,,,,,,,,,,,,,,,,,,,,,,,,,,,,,,,,3.0,RedBuff,GargoyleStoneplate,Quicksilver,,,,,,,,,,,,,,,,,,,,,,,,,,,,,,,,,,,,,,,,,,,,,,,,,1.0,,,,,,,,,,,,,,,,,,,,,,,,,,,,2.0,NeedlesslyLargeRod,,,,,,,2.0,,,,,,,,,,,,,,,,,,,,,,,,1.0,,,,,,,,,,,,,,None,None,,,,,2.0,PowerGauntlet,,,3.0,GuinsoosRageblade,Deathblade,UnstableConcoction,,,,,,,,,,,,,,,,,,,,,,,,
2,EUW1_5973031123,TFT6_Augment_Meditation2,TFT6_Augment_PortableForge,TFT6_Augment_CelestialBlessing2,1.0,,,1.0,,1.0,,0.0,,,3.0,,0.0,,0.0,,1.0,,,,,,,1.0,1.0,,1.0,,,,,,,,,,,,,,,,,,,,,,,,,,,,,,,,,,,,,,,,,,,,,,,,,,,,,,,,,,,,,,,,,,2.0,,,,,,,,,,,,,,,,,,,,,,,,,,,,,,,,,,,,,,,,,,,,,,,,,,,,,,,,,,,,2.0,OrnnEternalWinter,RedBuff,WarmogsArmor,,,,,1.0,,,,,,,,2.0,,,,,,,,,,,,1.0,,,,,,,,,,,,,,,,,,,,,,,,,,,,,,,,2.0,GuardianAngel,IonicSpark,SpearOfShojin,,,,,,,,,,,None,None,,,,,2.0,,,,,,,,,,,,,,,,2.0,GuinsoosRageblade,Deathblade,Quicksilver,1.0,GuardianAngel,TitansResolve,,,,,,,,,
4,EUW1_5973031123,TFT6_Augment_ClearMind,TFT7_Augment_CavalierEmblem,TFT7_Augment_MirageEmblem,0.0,,,,,4.0,1.0,,,0.0,2.0,,,0.0,3.0,,0.0,,0.0,,,,,,,,,,,,,,,,,,,,,,,,,,,,,,,,,,,,,,,,,,,,,,2.0,Quicksilver,StatikkShiv,MadredsBloodrazor,,,,,,,,,,,,,,,,,,,,,,,,,1.0,TearOfTheGoddess,,,,,,,,,,,,,,,,,,,,,,,,,,,2.0,,,,1.0,,,,,,,,,,,,,,,,,,,,2.0,WarmogsArmor,Redemption,RedBuff,,,,,,,,,,,,,,,,,,,,,1.0,,,,,,,,,,,,,,,,,,,,,,,,,,,,,,,,,,,,,,,,,,,,2.0,MirageEmblemItem,CavalierEmblemItem,Deathblade,,,,,,,,,,,None,None,,,,,,,,,,,,,,,,,,,,,,,,,,,,,,,,,,,,
3,EUW1_5973031123,TFT7_Augment_ShapeshifterBeastsDen,TFT6_Augment_JeweledLotus,TFT7_Augment_GadgetExpert,,,1.0,,,,1.0,1.0,,,1.0,1.0,,,,0.0,1.0,,,2.0,,,,,0.0,,,,,,,,,,,,,,,,,,,,,,,,1.0,TearOfTheGoddess,,,,,,,,,,,,,,,,,,,,,,,,,,,,,,,,,,,,,,,2.0,,,,,,,,,,,,,,,,,,,,2.0,StatikkShiv,,,,,,,2.0,Bloodthirster,UnstableConcoction,,,,,,,,,,,,,,,,,,2.0,WarmogsArmor,IonicSpark,,,,,,,,,,,,,,,,,,,,,,,,,,,,,,,,,,,,,,,,,,,,,,1.0,ThiefsGloves,Quicksilver,Deathblade,,,,,,,,,,,,,2.0,StatikkShiv,Quicksilver,StatikkShiv,,,,,,,,,,,,,,,,,,,,,,,None,None,,,,,,,,,,,,,,,,,,,,,,,,,,,,,,,,,,,,
5,EUW1_5973031123,TFT6_Augment_ThrillOfTheHunt2,TFT7_Augment_PandorasBench,TFT7_Augment_DragonHorde,,,,,,0.0,2.0,0.0,,1.0,,0.0,,,3.0,,,,,,1.0,,1.0,,,,0.0,,,,,,,,,,,,,,,,,,,,,,,,,,,,,,,,,,,,,,2.0,ArchangelsStaff,MadredsBloodrazor,SpearOfShojin,2.0,ShimmerscaleMogulsMail,RedBuff,,,,,,,,,,,,,,,,,,,,,,,,,,,,,,,,,,,,,,,,,,,,,,,,,,1.0,,,,,,,,,,,,,,,,,,,,,,,,2.0,TitanicHydra,,,,,,,,,,,,,,,,,,,,,,,,,,,,,,,,,,,,,,,,,,,,,,,,,,,1.0,Shroud,,,,,,,,,,,,,,,,,,,,,,,,,,,,,None,None,,,,,,,,,,,,,,,,,,,,,,,,,1.0,SpearOfShojin,MadredsBloodrazor,,,,,,,,,
8,EUW1_5973031123,TFT6_Augment_CelestialBlessing2,TFT6_Augment_SecondWind2,TFT7_Augment_BestFriends2,1.0,,,1.0,,2.0,,,,,3.0,,0.0,,,,1.0,,,,,,,1.0,1.0,,0.0,,,,,,,,,,,,,,,,,,,,,,,,,,,,,,,,,,,,,,,,,,,,,,,,,,,,,,,,,,,,,,,,,,1.0,,,,,,,,,,,,,,,,,,,,,,,,,,,,,,,,,,,,,,,,,,,,,,,,,,,,,,,,,,,,1.0,GargoyleStoneplate,CavalierEmblemItem,,,,,,1.0,,,,,,,,2.0,,,,,,,,,,,,2.0,,,,,,,,,,,,,,,,,,,,,,,,,,,,,,,,1.0,InfinityEdge,FrozenHeart,,,,,,,,,,,,None,None,,,,,1.0,RecurveBow,,,,,,,,,,,,,,,1.0,UnstableConcoction,GuinsoosRageblade,InfinityEdge,,,,,,,,,,,,
6,EUW1_5973031123,TFT6_Augment_HyperRoll,TFT6_Augment_ComponentGrabBag,TFT6_Augment_PortableForge,0.0,1.0,,1.0,,,,,,,2.0,,,1.0,,0.0,,,,,,,,1.0,0.0,,,0.0,,,,,,,,,,,,,,,,,,,,,,,,,,,,,,,,,,,,,,,,,,,,,,,,,,,,,,,,,,,,,,,,,,,,,,,,,3.0,GargoyleStoneplate,RedBuff,,,,,,,,,,,,,,,,,,,,,,,,,,,,,,3.0,ThiefsGloves,Bloodthirster,HextechGunblade,,,,,,,,,,,,,,,,,,,,,,,,,2.0,,,,2.0,RabadonsDeathcap,RapidFireCannon,UnstableConcoction,,,,,,,,,,,,,,,,,,,,,,,,,,,,,,,,,,,,,2.0,,,,,,,,,,,,,,,,,,,,,,None,None,,,,,1.0,,,,3.0,GuinsoosRageblade,Deathblade,OrnnInfinityForce,,,,,,,,,,,,,,,,,,,,,,,,
1,EUW1_5973031123,TFT6_Augment_ClearMind,TFT6_Augment_Diversify2,TFT6_Augment_ComponentGrabBag,,,1.0,1.0,,,1.0,0.0,,,2.0,0.0,0.0,1.0,0.0,0.0,,,,,0.0,1.0,1.0,,2.0,,0.0,0.0,,,,,,,,,2.0,SpearOfShojin,GuinsoosRageblade,ArchangelsStaff,,,,,,,,,2.0,,,,,,,,,,,,,,,,,,,,,,,,,,,,,,,,,,,,,,,,,,,,,,,,,,,,,,,,,,,,,,,,,,,,,,,,,,,,,,,,,,,,,,,,,,,,,,,,,,,,,,,,2.0,WarmogsArmor,GargoyleStoneplate,,,,,,,,,,1.0,,,,,,,,,,,,,,,,,,,,,,,,,,,,,,,,2.0,RecurveBow,,,,,,,2.0,,,,,,,,,,,,,,,,,,,,,,None,None,,,,,,,,,,,,,,,,,,,,,,,,,2.0,HextechGunblade,ArchangelsStaff,,,,,,2.0,PowerGauntlet,StatikkShiv,PowerGauntlet
2,EUW1_5972143937,TFT7_Augment_MirageEmblem,TFT7_Augment_WarriorTrait,TFT6_Augment_CelestialBlessing2,,,,1.0,,2.0,1.0,,,,,,,0.0,3.0,,0.0,,0.0,,,,,,,,2.0,,,,,,,,,,,,,,,,,,,,,,,,,,,,,,,,,,,,,,1.0,,,,,,,,,,,,,,,,,,,,,,,,,,,,2.0,SeraphsEmbrace,GargoyleStoneplate,RabadonsDeathcap,,,,,,,,,,,,,,,,,,,,,,,,,,,,,2.0,,,,,,,,,,,,,,,,,,,,2.0,RedBuff,WarmogsArmor,DragonsClaw,3.0,MirageEmblemItem,MadredsBloodrazor,HextechGunblade,,,,,,,,,,,,,,,,,,,,,,,,,,,,,2.0,LocketOfTheIronSolari,,,,,,,,,,,,,,,,,,,,,,,,,,,,,,,,,,,,,,,,,,,,,None,None,,,,,,,,,,,,,,,,,,,,,,,,,,,,,3.0,UnstableConcoction,MadredsBloodrazor,Quicksilver,,,,
6,EUW1_5972143937,TFT6_Augment_MetabolicAccelerator,TFT7_Augment_ShapeshifterTrait,TFT7_Augment_ShapeshifterBeastsDen,,0.0,,,,,1.0,0.0,,,,2.0,,,,0.0,0.0,,,3.0,,,1.0,,,,,0.0,,,,,,,,,,,,,,,,,,,,,,,,,,,,,,,,,,,,,,,,,,,,,2.0,UnstableConcoction,GuardianAngel,UnstableConcoction,,,,,2.0,,,,,,,,2.0,,,,,,,,,,,,,,,,,,,,,,,,,,,,,,,,,,,,,,,,,,,,,,,,1.0,,,,3.0,Quicksilver,Deathblade,UnstableConcoction,,,,,,,,,,,,,,,,,,,,,,,,,,,,,,,,,,,,,,,,,,,,,,,,,,,,,1.0,LastWhisper,RecurveBow,,2.0,,,,,,,,,,,,,,,,,,,,,,,,,,None,None,,,,,,,,,,,,,,,,,,,,,,,,,,,,,,,,,,,,
5,EUW1_5972143937,TFT6_Augment_Meditation2,TFT7_Augment_Preparation,TFT7_Augment_BestFriends2,,,,1.0,,1.0,1.0,,,,2.0,,0.0,1.0,,,0.0,,,,0.0,1.0,,,2.0,,,0.0,,,,,,,,,1.0,SpearOfShojin,ArchangelsStaff,StatikkShiv,,,,,,,,,,,,,,,,,,,,,,,,,,,,,,,,,,,,,,,,,,,,,,,,,,,,,2.0,IonicSpark,RedBuff,TitansResolve,,,,,,,,,,,,,,,,,,,,,,,,,,,,,,,,,,,,,,,,,,,,,,,,,,,,,,,,,1.0,,,,,,,,,,,,2.0,Chalice,PowerGauntlet,SpearOfShojin,2.0,,,,,,,,,,,,,,,,,,,,,,,,,,,,,,,,,,,,2.0,ThiefsGloves,RunaansHurricane,SeraphsEmbrace,,,,,,,,,,,,,,,,,,,None,None,,,,,,,,,,,,,,,,,,,,,,,,,,,,,,,,,1.0,,,
4,EUW1_5972143937,TFT6_Augment_LudensEcho2,TFT6_Augment_Diversify1,TFT7_Augment_GadgetExpert,,1.0,,1.0,,,,,1.0,,1.0,,,2.0,,1.0,,0.0,,,,,,,,1.0,,0.0,,,,,,,,,,,,,,,,,,,,,,,,,,,,,,,,,,,,,,,,,,,,,,,,,,,,,,,,,,,,,,,,,,,,,1.0,,,,3.0,TitansResolve,IonicSpark,GargoyleStoneplate,,,,,,,,,,,,,,,,,,,,,,,,,2.0,,,,3.0,StatikkShiv,ZekesHerald,RunaansHurricane,,,,,,,,,,,,,,,,,,,,,,,,,,,,,2.0,SpearOfShojin,HextechGunblade,RabadonsDeathcap,,,,,,,,,,,,,,,,,,,,,,,,,2.0,,,,,,,,,,,,2.0,BrambleVest,Quicksilver,FrozenHeart,,,,,,,,,,,,,,,,,2.0,TrainerSnax,None,None,,,,,,,,,,,,,2.0,,,,,,,,,,,,,,,,,,,,,,,
8,EUW1_5972143937,TFT6_Augment_RichGetRicher,TFT6_Augment_SecondWind1,TFT7_Augment_BestFriends2,,,,,2.0,,1.0,,1.0,0.0,,,,,,0.0,,2.0,,,1.0,,,,,1.0,,,,,,,,,,,,,,,,,,,,,,,,,,,,,,,2.0,UnstableConcoction,LastWhisper,InfinityEdge,,,,,,,,,1.0,WarmogsArmor,GargoyleStoneplate,ShimmerscaleDiamondHands,,,,,,,,,,,,,,,,,,,,,,,,,,,,,,,,,2.0,,,,,,,,,,,,,,,,,,,,,,,,2.0,,,,,,,,,,,,,,,,,,,,,,,,,,,,,,,,,,,,,,,,,,,,,,,,,,,,,,,,,,,,,,,,1.0,ArchangelsStaff,Quicksilver,ZekesHerald,,,,,,,,,,,,,,,,,,,,,,,,,,,,,3.0,TrainerSnax,None,None,2.0,,,,,,,,,,,,,,,,,,,,,,,,,,,,,,,,,,,
1,EUW1_5972143937,TFT7_Augment_ClutteredMind,TFT6_Augment_Electrocharge1,TFT6_Augment_PortableForge,1.0,,1.0,0.0,,,1.0,0.0,0.0,,1.0,0.0,0.0,0.0,0.0,1.0,,,,0.0,0.0,1.0,,,2.0,0.0,0.0,0.0,,,,,,,,,3.0,HextechGunblade,GuinsoosRageblade,ArchangelsStaff,,,,,,,,,2.0,,,,,,,,,,,,,,,,,,,,,,,,,,,,,,,,,,,,,,,,,,,,,,,,,,,,,,,,,,,,,,,,,,,,,,,,,,,,,,,,2.0,,,,,,,,2.0,ChainVest,,,,,,,,,,,,,,,2.0,WarmogsArmor,,,2.0,FrozenHeart,Bloodthirster,MadredsBloodrazor,,,,,,,,,,,,,,,,,,,,,,,,,,,,,,,,,,,,,,,,,,,,,,,,,,,,,,,,,,,,,,,,,,,None,None,,,,,,,,,,,,,,,,,,,,,,,,,2.0,Bloodthirster,AssassinEmblemItem,InfinityEdge,,,,,2.0,Chalice,OrnnTheCollector,SpearOfShojin
3,EUW1_5972143937,TFT7_Augment_CavalierEmblem,TFT6_Augment_Electrocharge1,TFT7_Augment_BestFriends2,1.0,,,1.0,,3.0,,0.0,,,3.0,,0.0,,,,1.0,,,0.0,,,,1.0,1.0,,0.0,,,,,,,,,,,,,,,,,,,,,,,,,,,,,,,,,,,,,,,,,,,,,,,,,,,,,,,,,,,,,,,,,,2.0,GiantsBelt,GargoyleStoneplate,,,,,,,,,,,,,,,,,,,,,,,,,,,,,,,,,,,,,,,,,,,,,,,,,,,,,,,,,,2.0,CavalierEmblemItem,Zephyr,IonicSpark,,,,,2.0,RedBuff,,,,,,,2.0,,,,,,,,,,,,2.0,,,,,,,,,,,,,,,,,,,,1.0,,,,,,,,,,,,2.0,TitansResolve,LastWhisper,FrozenHeart,,,,,,,,,,,None,None,,,,,2.0,CavalierEmblemItem,GuinsoosRageblade,Deathblade,,,,,,,,,,,,,2.0,Quicksilver,MadredsBloodrazor,GuinsoosRageblade,,,,,,,,,,,,
7,EUW1_5972143937,TFT7_Augment_UrfsGrabBag1,TFT6_Augment_TinyTitans,TFT6_Augment_ThrillOfTheHunt2,,0.0,1.0,0.0,,,,0.0,0.0,,2.0,,,2.0,0.0,2.0,,,,,,,,,,1.0,0.0,0.0,,,,,,,,,,,,,,,,,,,,,1.0,Shroud,,,,,,,,,,,,,,,,,,,,,,,,,,,,,,,,,,,,,,,,,,,,,,,1.0,,,,,,,,,,,,,,,,,,,,,,,,,,,,,,,,2.0,ForceOfNature,,,3.0,StatikkShiv,RecurveBow,,,,,,,,,,,,,,,,,,,,,,,,,,,,,,2.0,ArchangelsStaff,SpearOfShojin,,,,,,,,,,,,,,,,,,,,,,,,,,,,,,,,,,,,,,3.0,WarmogsArmor,GargoyleStoneplate,,,,,,,,,,,,,,,,,,2.0,TrainerSnax,None,None,,,,,,,,,,,,,2.0,,,,,,,,,,,,1.0,ThiefsGloves,RecurveBow,RunaansHurricane,,,,,,,,
1,EUW1_5972638481,TFT7_Augment_UrfsGrabBag1,TFT6_Augment_TargetDummies,TFT6_Augment_Meditation3,,,1.0,1.0,,,1.0,,1.0,,1.0,,0.0,2.0,,1.0,,0.0,,,0.0,1.0,,,2.0,1.0,,0.0,,,,,,,,,1.0,ArchangelsStaff,GuinsoosRageblade,MageEmblemItem,,,,,,,,,1.0,MageEmblemItem,Deathblade,,,,,,,,,,,,,,,,,,,,,,,,,,,,,,,,,,,,,,,,,,,,,,2.0,,,,,,,,,,,,,,,,,,,,,,,,,,,,,,,,2.0,,,,,,,,,,,,,,,,,,,,,,,,1.0,,,,,,,,,,,,,,,,,,,,,,,,,,,,,,,,,,,,,,,,2.0,GuinsoosRageblade,StatikkShiv,FrozenHeart,,,,,,,,,2.0,DragonsClaw,BrambleVest,RedBuff,,,,,,,,,,,,,,,,,4.0,TrainerSnax,None,None,,,,,,,,,,,,,,,,,,,,,,,,,,,,,,,,,2.0,,,
2,EUW1_5972638481,TFT6_Augment_SalvageBin,TFT6_Augment_ComponentGrabBag,TFT6_Augment_CelestialBlessing3,,,,,,0.0,,2.0,,,,1.0,0.0,,,,1.0,,,1.0,0.0,,,0.0,1.0,,,,,,,,,,,,,,,,2.0,StatikkShiv,StatikkShiv,TempestEmblemItem,,,,,,,,,,,,,,,,,,,,,,,,,,,,,,,,,,,,,,,,,,,,,,,,,1.0,,,,,,,,,,,,,,,,2.0,,,,,,,,2.0,HextechGunblade,ZekesHerald,,,,,,,,,,,,,,,,,,2.0,RedBuff,FrozenHeart,GargoyleStoneplate,,,,,,,,,,,,,,,,,,,,,,,,,,,,,,,,,,,,,1.0,,,,,,,,,,,,,,,,,,,,,,,,3.0,ArchangelsStaff,GuinsoosRageblade,StatikkShiv,,,,,,,,,,,,,,,,,,,,,,,None,None,,,,,,,,,,,,,,,,,3.0,ThiefsGloves,Chalice,RabadonsDeathcap,,,,,,,,,,,,,,,,
3,EUW1_5972638481,TFT6_Augment_PortableForge,TFT7_Augment_BruiserTitanicStrength,TFT7_Augment_UrfsGrabBag2,1.0,,,2.0,,,1.0,0.0,,,,,0.0,0.0,0.0,,0.0,,,,,,,,1.0,,1.0,2.0,,,,,,,,,,,,,,,,,,,,,,,,,,,,,,,,,,,,,,,,,,,,,,,,,2.0,UnstableConcoction,Bloodthirster,GuinsoosRageblade,,,,,,,,,,,,,,,,,,,,,,,,,,,,,,,,,,,,,,,,,,,,,,,,,,,,,,,,,,,,,,,,,,,,,,,,,2.0,OrnnRocketPropelledFist,Morellonomicon,SpearOfShojin,1.0,MadredsBloodrazor,Chalice,FrozenHeart,2.0,,,,,,,,,,,,,,,,,,,,2.0,,,,,,,,,,,,,,,,,,,,,,,,2.0,,,,,,,,,,,,,,,,,,,,,,None,None,,,,,,,,,,,,,,,,,,,,,,,,,1.0,Bloodthirster,InfinityEdge,AssassinEmblemItem,,,,,,,,
5,EUW1_5972638481,TFT6_Augment_CyberneticUplink2,TFT6_Augment_JeweledLotus,TFT7_Augment_EvokerEmblem2,,,,,,,1.0,,2.0,,,2.0,0.0,,,1.0,,0.0,,1.0,,,1.0,,,0.0,,,,,,,2.0,SpearOfShojin,GuinsoosRageblade,,,,,,,,,,,,,,,,,,,,,,,,,,,,,,,,,,,,,,2.0,UnstableConcoction,GuardianAngel,UnstableConcoction,,,,,,,,,,,,,1.0,WarmogsArmor,,,,,,,,,,,,,,,,,,,,,,,,,,,,,,,,,,,,,,,2.0,,,,,,,,2.0,GargoyleStoneplate,Redemption,BrambleVest,,,,,,,,,,,,,,,,,,,,,,,,,,,,,,,,,,,,,,,,,,,,,,,,,,,,,2.0,SpearOfShojin,,,1.0,EvokerEmblemItem,,,,,,,,,,,,,,,,,,,,,,,,,,,,,None,None,,,,,,,,,,,,,,,,,,,,,,,,,,,,,,,,,,,,
8,EUW1_5972638481,TFT6_Augment_ThreesCompany,TFT6_Augment_Distancing2,TFT6_Augment_Meditation3,,1.0,,1.0,,,,,1.0,,1.0,,,2.0,,1.0,,0.0,,,,,,,,1.0,,0.0,,,,,,,,,,,,,,,,,,,,,,,,,,,,,,,,,,,,,,,,,,,,,,,,,,,,,,,,,,,,,,,,,,,,,2.0,,,,2.0,,,,,,,,,,,,,,,,,,,,,,,,,,,,1.0,,,,3.0,,,,,,,,,,,,,,,,,,,,,,,,,,,,,,,,2.0,ArchangelsStaff,SpearOfShojin,HextechGunblade,,,,,,,,,,,,,,,,,,,,,,,,,2.0,,,,,,,,,,,,2.0,DragonsClaw,UnstableConcoction,RedBuff,,,,,,,,,,,,,,,,,1.0,TrainerSnax,None,None,,,,,,,,,,,,,2.0,,,,,,,,,,,,,,,,,,,,,,,
4,EUW1_5972638481,TFT7_Augment_ClutteredMind,TFT6_Augment_SunfireBoard,TFT7_Augment_UrfsGrabBag2,1.0,,,1.0,,1.0,,,,,3.0,,0.0,,,,1.0,,,,,,,1.0,1.0,,0.0,,,,,,,,,,,,,,,,,,,,,,,,,,,,,,,,,,,,,,,,,,,,,,,,,,,,,,,,,,,,,,,,,,2.0,,,,,,,,,,,,,,,,,,,,,,,,,,,,,,,,,,,,,,,,,,,,,,,,,,,,,,,,,,,,2.0,GargoyleStoneplate,WarmogsArmor,,,,,,2.0,,,,,,,,2.0,Spatula,,,,,,,,,,,2.0,,,,,,,,,,,,,,,,,,,,,,,,,,,,,,,,2.0,UnstableConcoction,Bloodthirster,GuardianAngel,,,,,,,,,,,None,None,,,,,2.0,,,,,,,,,,,,,,,,2.0,MadredsBloodrazor,MadredsBloodrazor,GuinsoosRageblade,,,,,,,,,,,,
6,EUW1_5972638481,TFT7_Augment_GuildLoot,TFT7_Augment_SwiftshotPressTheAttack,TFT6_Augment_RadiantRelics,1.0,,,1.0,,1.0,,0.0,,,2.0,,0.0,,0.0,,1.0,,,,,,,1.0,1.0,,1.0,,,,,,,,,,,,,,,,,,,,,,,,,,,,,,,,,,,,,,,,,,,,,,,,,,,,,,,,,,,,,,,,,,1.0,,,,,,,,,,,,,,,,,,,,,,,,,,,,,,,,,,,,,,,,,,,,,,,,,,,,,,,,,,,,1.0,LocketOfTheIronSolari,GiantsBelt,,,,,,2.0,RedBuff,,,,,,,,,,,,,,,,,,,2.0,,,,,,,,,,,,,,,,,,,,,,,,,,,,,,,,1.0,InfinityEdge,LastWhisperRadiant,RunaansHurricane,,,,,,,,,,,None,None,,,,,2.0,,,,,,,,,,,,,,,,1.0,GuinsoosRageblade,Quicksilver,GuardianAngel,1.0,CavalierEmblemItem,,,,,,,,,,
7,EUW1_5972638481,TFT6_Augment_CyberneticImplants2,TFT6_Augment_PortableForge,TFT7_Augment_TomeOfTraits2,0.0,,,2.0,,,1.0,0.0,,,,,0.0,1.0,0.0,,0.0,,,,0.0,1.0,,,0.0,,1.0,2.0,,,,,,,,,,,,,,,,,,,,,,,,,,,,,,,,,,,,,,,,,,,,,,,,,2.0,GuinsoosRageblade,Bloodthirster,Quicksilver,,,,,,,,,,,,,,,,,,,,,,,,,,,,,,,,,,,,,,,,,,,,,,,,,,,,,,,,,,,,,,,,,,,,,,,,,1.0,ThiefsGloves,PowerGauntlet,FrozenHeart,1.0,WarriorEmblemItem,OrnnInfinityForce,,,,,,,,,,,,,,,,,,,,,,2.0,,,,,,,,,,,,,,,,,,,,,,,,1.0,Deathblade,,,,,,,,,,,,,,,,,,,,,None,None,,,,,,,,,,,,,,,,,,,,,,,,,1.0,Quicksilver,MageEmblemItem,SeraphsEmbrace,,,,,1.0,Morellonomicon,,
7,EUW1_5971630213,TFT7_Augment_BandOfThieves1,TFT6_Augment_CyberneticImplants2,TFT7_Augment_BestFriends2,0.0,1.0,,1.0,,,,,,,3.0,,,1.0,,0.0,,,,,,,,1.0,,,,0.0,,,,,,,,,,,,,,,,,,,,,,,,,,,,,,,,,,,,,,,,,,,,,,,,,,,,,,,,,,,,,,,,,,,,,,,,,2.0,TitanicHydra,,,,,,,,,,,,,,,,,,,,,,,,,,,,,,,2.0,ThiefsGloves,NeedlesslyLargeRod,ArchangelsStaff,,,,,,,,,,,,,,,,,,,,,,,,,,,,,2.0,,,,,,,,,,,,,,,,,,,,,,,,,,,,,,,,,,,,,,,,2.0,RedBuff,,,,,,,1.0,,,,,,,,,,,,,,None,None,,,,,1.0,,,,2.0,GuinsoosRageblade,UnstableConcoction,MadredsBloodrazor,,,,,,,,,,,,,,,,,,,,,,,,
8,EUW1_5971630213,TFT6_Augment_FirstAidKit,TFT6_Augment_ComponentGrabBag,TFT6_Augment_PortableForge,,,,0.0,,,,1.0,,,1.0,1.0,,,,,1.0,,,1.0,,,,1.0,,,0.0,,,,,,,,,,,,,,2.0,StatikkShiv,,,,,,,,,,,,,,,,,,,,,,,,,,,,,,,,,,,,,,,,,,,,,,,,,,,,,,,,,,,,,,,,,,,2.0,,,,,,,,,,,,,,,,,,,,,,,,,,,,1.0,,,,,,,,,,,,,,,,,,,,,,,,,,,,,,,,,,,,,,,,2.0,,,,2.0,BrambleVest,RedBuff,OrnnEternalWinter,,,,,,,,,,,,,,,,,2.0,GuinsoosRageblade,MadredsBloodrazor,JeweledGauntlet,,,,,,,,,,,,,,,,,,,,,,,None,None,,,,,1.0,,,,,,,,,,,,,,,,,,,,,,,,,,,,,,,
3,EUW1_5971630213,TFT6_Augment_PandorasItems,TFT6_Augment_PortableForge,TFT6_Augment_ComponentGrabBag,,,1.0,,,1.0,1.0,0.0,,,3.0,,,,0.0,0.0,2.0,,,1.0,,,,1.0,,,0.0,,,,,,,,,,,,,,,,,,,,,,1.0,,,,,,,,,,,,,,,,,,,,,,,,,,,,,,,,,,,,,,,,,,,,2.0,GargoyleStoneplate,Redemption,Shroud,,,,,,,,,,,,,,,,,,,,,,,,,,,,,,,,,,,,,,,,,,,,,,,,,,,,,,,,,,,,,,,,,,,,,,,,,2.0,LocketOfTheIronSolari,,,,,,,,,,,,,,,1.0,IonicSpark,WarmogsArmor,RedBuff,,,,,,,,,,,,,1.0,,,,,,,,,,,,,,,,,,,,,,,,,,None,None,,,,,2.0,PowerGauntlet,PowerGauntlet,ZekesHerald,,,,,,,,,,,,,2.0,GuinsoosRageblade,OrnnObsidianCleaver,MadredsBloodrazor,1.0,,,,,,,,,,,
2,EUW1_5971630213,TFT6_Augment_MakeshiftArmor1,TFT6_Augment_SunfireBoard,TFT6_Augment_ThrillOfTheHunt2,1.0,1.0,1.0,1.0,,,,0.0,,,3.0,,0.0,0.0,0.0,1.0,,,,,,,,1.0,1.0,,0.0,,,,,,,,,,,,,,,,,,,,,,1.0,,,,,,,,,,,,,,,,,,,,,,,,,,,,,,,,,,,,,,,,,,,,,,,,,,,,3.0,RedBuff,Zephyr,BrambleVest,,,,,,,,,,,,,,,,,,,,,,,,,,,,,3.0,Zephyr,,,,,,,,,,,,,,,,,,,2.0,,,,,,,,1.0,,,,,,,,,,,,,,,,,,,,,,,,,,,,,,,,,,,,,,,,,,,,,,,,,,,,2.0,UnstableConcoction,InfinityEdge,Morellonomicon,,,,,,,,,,,None,None,,,,,2.0,,,,3.0,MadredsBloodrazor,GuinsoosRageblade,RunaansHurricane,,,,,,,,,,,,,2.0,HextechGunblade,,,,,,,,,,
6,EUW1_5971630213,TFT7_Augment_GuildTrait,TFT6_Augment_SecondWind2,TFT6_Augment_ComponentGrabBag,0.0,,,1.0,,1.0,,,,,3.0,,0.0,,,,1.0,,,,,,,1.0,1.0,,0.0,,,,,,,,,,,,,,,,,,,,,,,,,,,,,,,,,,,,,,,,,,,,,,,,,,,,,,,,,,,,,,,,,,2.0,,,,,,,,,,,,,,,,,,,,,,,,,,,,,,,,,,,,,,,,,,,,,,,,,,,,,,,,,,,,1.0,DragonsClaw,TitanicHydra,BrambleVest,,,,,1.0,Chalice,,,,,,,2.0,,,,,,,,,,,,2.0,,,,,,,,,,,,,,,,,,,,,,,,,,,,,,,,,,,,,,,,,,,,,,None,None,,,,,2.0,,,,,,,,,,,,,,,,2.0,GuinsoosRageblade,Quicksilver,MadredsBloodrazor,,,,,,,,,,,,
1,EUW1_5971630213,TFT6_Augment_MakeshiftArmor1,TFT7_Augment_CannoneerHotShot,TFT6_Augment_SalvageBin,0.0,,1.0,,1.0,,1.0,,1.0,1.0,1.0,,,,,1.0,,1.0,,,1.0,,,,,1.0,,1.0,,,,,,,,,,,,,,,,,,,,,2.0,,,,,,,,2.0,GuinsoosRageblade,Deathblade,UnstableConcoction,,,,,,,,,2.0,ShimmerscaleMogulsMail,WarmogsArmor,GargoyleStoneplate,,,,,,,,,,,,,,,,,,,,,,,,,,,,,,,,,,,,,,,,,,,,,,,,,,,,,,,,,2.0,LocketOfTheIronSolari,LocketOfTheIronSolari,StatikkShiv,,,,,,,,,,,,,,,,,,,,,,,,,2.0,,,,,,,,,,,,,,,,,,,,,,,,,,,,,,,,,,,,2.0,Morellonomicon,ArchangelsStaff,SpearOfShojin,,,,,,,,,,,,,,,,,,,,,,,,,1.0,,,,4.0,TrainerSnax,None,None,2.0,,,,,,,,,,,,,,,,,,,,,,,,,,,,,,,,,,,
4,EUW1_5971630213,TFT7_Augment_BruiserTrait,TFT6_Augment_PortableForge,TFT6_Augment_Ascension,,,,1.0,,,1.0,1.0,,,,1.0,0.0,,0.0,,0.0,,,1.0,,,1.0,,2.0,,0.0,,,,,,,,,,1.0,ArchangelsStaff,GuinsoosRageblade,ArchangelsStaff,,,,,,,,,,,,,,,,,,,,,,,,,,,,,,,,,,,,,,,,,,,,,,,,,1.0,,,,,,,,,,,,,,,,,,,,,,,,,,,,1.0,,,,,,,,,,,,,,,,,,,,2.0,ThiefsGloves,StatikkShiv,StatikkShiv,,,,,,,,,,,,,2.0,WarmogsArmor,OrnnRocketPropelledFist,,,,,,,,,,,,,,,,,,,,,,2.0,PowerGauntlet,ZekesHerald,,,,,,,,,,,,,,,,,,1.0,StatikkShiv,,,,,,,,,,,,,,,,,,,,,,,,,,,,,None,None,,,,,,,,,,,,,,,,,,,,,,,,,1.0,MadredsBloodrazor,,,,,,,,,,
5,EUW1_5971630213,TFT6_Augment_ThrillOfTheHunt1,TFT7_Augment_PandorasBench,TFT7_Augment_GadgetExpert,,1.0,,1.0,,,,,0.0,,1.0,,,2.0,,1.0,,,,,,,,,,1.0,,0.0,,,,,,,,,,,,,,,,,,,,,,,,,,,,,,,,,,,,,,,,,,,,,,,,,,,,,,,,,,,,,,,,,,,,,2.0,,,,2.0,Shroud,,,,,,,,,,,,,,,,,,,,,,,,,,,2.0,StatikkShiv,,,3.0,ThiefsGloves,RecurveBow,IonicSpark,,,,,,,,,,,,,,,,,,,,,,,,,,,,,3.0,HextechGunblade,SpearOfShojin,SpearOfShojin,,,,,,,,,,,,,,,,,,,,,,,,,,,,,,,,,,,,,2.0,GargoyleStoneplate,DragonsClaw,,,,,,,,,,,,,,,,,,2.0,TrainerSnax,None,None,,,,,,,,,,,,,2.0,Zephyr,,,,,,,,,,,,,,,,,,,,,,
7,EUW1_5971020913,TFT7_Augment_MysticTrait,TFT6_Augment_SunfireBoard,TFT6_Augment_PortableForge,,0.0,,1.0,,,,,1.0,,1.0,,,2.0,,2.0,,0.0,,,0.0,1.0,,,,1.0,,0.0,,,,,,,,,,,,,,,,,,,,,,,,,,,,,,,,,,,,,,,,,,,,,,,,,,,,,,,,,,,,,,,,,,,,,2.0,,,,2.0,,,,,,,,,,,,,,,,,,,,,,,,,,,,2.0,,,,2.0,ArchangelsStaff,,,,,,,,,,,,,,,,,,,,,,,,,,,,,,,2.0,ThiefsGloves,MadredsBloodrazor,RedBuff,,,,,,,,,,,,,,,,,,,,,,,,,1.0,,,,,,,,,,,,2.0,BrambleVest,TitansResolve,GargoyleStoneplate,,,,,,,,,,,,,,,,,2.0,TrainerSnax,None,None,,,,,,,,,,,,,,,,,,,,,,,,,,,,,,,,,1.0,TearOfTheGoddess,OrnnMuramana,ArchangelsStaff
2,EUW1_5971020913,TFT6_Augment_ThrillOfTheHunt1,TFT6_Augment_Electrocharge2,TFT7_Augment_JadeTrait,,,,,,,1.0,1.0,1.0,,,3.0,0.0,,0.0,1.0,,,,1.0,,,,0.0,,0.0,0.0,,,,,,2.0,,,,,,,,1.0,,,,,,,,,,,,,,,,,,,,,,,,,,,,,,,,2.0,Bloodthirster,InfinityEdge,TitansResolve,,,,,,,,,,,,,2.0,,,,,,,,,,,,,,,,,,,,2.0,,,,,,,,,,,,,,,,,,,,2.0,,,,,,,,2.0,Shroud,NeedlesslyLargeRod,BrambleVest,,,,,,,,,,,,,,,,,,,,,,,,,,,,,,,,,,,,,,,,,,,,,,,,,,,,,,,,,,,,,,,,,,,,,,,,,,,,,,,,,,,,,,,None,None,,,,,,,,,,,,,,,,,,,,,,,,,1.0,RedBuff,MadredsBloodrazor,StatikkShiv,,,,,,,,
5,EUW1_5971020913,TFT7_Augment_GuardianTrait,TFT6_Augment_MakeshiftArmor2,TFT7_Augment_UrfsGrabBag1,1.0,,,1.0,,0.0,1.0,,,1.0,2.0,,0.0,,,,1.0,,,,1.0,,,1.0,1.0,,0.0,,,,,,,,,,,,,,,,,,,,,,,,,,,,,,,,,,,,,,,,,,2.0,,,,,,,,,,,,,,,,,,,,,,,,2.0,ZekesHerald,RecurveBow,,,,,,,,,,,,,,,,,,,,,,,,,,,,,,,,,,,,,,,,,,,,,,,,,,,,,,,,,,2.0,Morellonomicon,DragonsClaw,ShimmerscaleHeartOfGold,,,,,1.0,,,,,,,,,,,,,,,,,,,,2.0,,,,,,,,,,,,,,,,,,,,,,,,,,,,,,,,2.0,InfinityEdge,IonicSpark,Quicksilver,,,,,,,,,,,None,None,,,,,1.0,,,,,,,,,,,,,,,,2.0,Quicksilver,MadredsBloodrazor,GuinsoosRageblade,,,,,,,,,,,,
3,EUW1_5971020913,TFT7_Augment_MysticTrait,TFT7_Augment_BestFriends2,TFT6_Augment_CyberneticUplink2,,0.0,,1.0,,,,,0.0,,1.0,,0.0,3.0,,2.0,,,,,0.0,1.0,,,0.0,1.0,,0.0,,,,,,,,,,,,,,,,,,,,,,,,,,,,,,,,,,,,,,,,,,,,,,,,,,,,,,,,,,,,,,,,,,,,,2.0,,,,,,,,,,,,,,,,,,,,,,,,,,,,,,,,2.0,ThiefsGloves,Morellonomicon,TitanicHydra,1.0,,,,,,,,,,,,,,,,,,,,2.0,MageEmblemItem,,,,,,,,,,,2.0,ArchangelsStaff,SpearOfShojin,ArchangelsStaff,,,,,,,,,,,,,,,,,,,,,,,,,,,,,,,,,,,,,2.0,RedBuff,ChainVest,IonicSpark,,,,,,,,,,,,,,,,,3.0,TrainerSnax,None,None,,,,,,,,,,,,,2.0,RabadonsDeathcap,,,,,,,,,,,,,,,,,,,1.0,,,
4,EUW1_5971020913,TFT7_Augment_BestFriends1,TFT6_Augment_PortableForge,TFT7_Augment_BestFriends2,,,,2.0,,,1.0,,,1.0,1.0,0.0,0.0,0.0,,,0.0,,,1.0,,,,,0.0,,0.0,3.0,,,,,,,,,,,,,,,,,,,,,,,,,,,,,,,,,,,,,,,,,,,,,,,,,2.0,Bloodthirster,GuinsoosRageblade,TitansResolve,2.0,RabadonsDeathcap,GuildEmblemItem,,,,,,,,,,,,,,,,,,,,,,,,,,,,,,,,,,,,,,,,,,,,,,,,,,,,,,2.0,RedBuff,OrnnAnimaVisage,GuardianEmblemItem,,,,,,,,,,,,,1.0,GargoyleStoneplate,Morellonomicon,,,,,,,,,,,,,,,,,,,,,,,,,,1.0,,,,,,,,,,,,,,,,,,,,,,,,2.0,,,,,,,,,,,,,,,,2.0,,,,,,None,None,,,,,,,,,,,,,,,,,,,,,,,,,,,,,,,,,,,,
8,EUW1_5971020913,TFT6_Augment_TinyTitans,TFT6_Augment_Ascension,TFT6_Augment_SecondWind2,,,,,1.0,,1.0,,0.0,1.0,,,,0.0,,0.0,,0.0,0.0,,1.0,,,,,2.0,,,,,,,,,,,,,,,,,,,,,,,,,,,1.0,,,,2.0,MadredsBloodrazor,GuinsoosRageblade,UnstableConcoction,,,,,,,,,2.0,BrambleVest,GargoyleStoneplate,ShimmerscaleHeartOfGold,,,,,,,,,,,,,,,,,,,,,,,,,2.0,,,,,,,,,,,,,,,,,,,,,,,,,,,,,,,,1.0,,,,,,,,,,,,,,,,,,,,,,,,,,,,,,,,,,,,,,,,,,,,,,,,,,,,,,,,,,,,,,,,,,,,,,,,,,,,,,,,,,,,,,,,,,,,,,,,3.0,TrainerSnax,None,None,2.0,UnstableConcoction,,,,,,,,,,,,,,,,,,,,,,,,,,,,,,,,,,
6,EUW1_5971020913,TFT7_Augment_AstralTrait,TFT6_Augment_BlueBattery2,TFT6_Augment_SecondWind2,,1.0,1.0,1.0,,,1.0,,,,1.0,,0.0,1.0,,1.0,,,,,0.0,1.0,,,2.0,,,0.0,,,,,,,,,1.0,SpearOfShojin,HextechGunblade,JeweledGauntlet,,,,,,,,,1.0,,,,,,,,,,,,,,,,,,,,,,,,,,,,,,,,,,,,,,,,,,,,,,,,,,,,3.0,WarmogsArmor,FrozenHeart,RedBuff,,,,,,,,,,,,,,,,,,,,,,,,,,,,,3.0,MadredsBloodrazor,,,,,,,,,,,,,,,,,,,1.0,,,,,,,,,,,,,,,,,,,,,,,,,,,,,,,,,,,,,,,,,,,,,,,,,,,,2.0,Bloodthirster,RunaansHurricane,,,,,,,,,,,,,,,,,,,,None,None,,,,,,,,,,,,,,,,,,,,,,,,,,,,,,,,,1.0,,,
1,EUW1_5971020913,TFT6_Augment_Distancing,TFT6_Augment_Electrocharge2,TFT7_Augment_UrfsGrabBag1,,,1.0,,2.0,,1.0,,1.0,1.0,1.0,,,,,1.0,,2.0,,,1.0,,,,,1.0,,0.0,,,,,,,,,,,,,,,,,,,,,1.0,,,,,,,,2.0,InfinityEdge,GuinsoosRageblade,UnstableConcoction,,,,,,,,,2.0,Quicksilver,WarmogsArmor,GargoyleStoneplate,,,,,,,,,,,,,,,,,,,,,,,,,,,,,,,,,1.0,,,,,,,,,,,,,,,,,,,,,,,,2.0,,,,,,,,,,,,,,,,,,,,,,,,,,,,,,,,,,,,,,,,,,,,,,,,,,,,,,,,,,,,,,,,2.0,,,,,,,,,,,,,,,,,,,,,,,,,,,,2.0,ShimmerscaleHeartOfGold,,,3.0,TrainerSnax,None,None,2.0,LastWhisper,InfinityEdge,,,,,,,,,,,,,,,,,,,,,,,,,,,,,,,,,
8,EUW1_5971064940,TFT7_Augment_SwiftshotPressTheAttack,TFT6_Augment_TargetDummies,TFT6_Augment_Diversify2,,,,0.0,,0.0,1.0,0.0,,1.0,1.0,,,,1.0,,1.0,,,,1.0,,,1.0,,,1.0,,,,,,,,,,,,,,,,,,,,,,,,,,,,,,,,,,,,,,,,,,2.0,WarmogsArmor,,,,,,,,,,,,,,,,,,,,,,,1.0,,,,,,,,,,,,,,,,,,,,,,,,,,,,1.0,,,,,,,,,,,,,,,,,,,,,,,,,,,,,,,,,,,,,,,,,,,,,,,,,,,,,,,,,,,,2.0,,,,,,,,,,,,,,,,,,,,,,,,,,,,,,,,,,,,,,,,,,,,,,None,None,,,,,1.0,,,,,,,,,,,,,,,,2.0,Quicksilver,GuinsoosRageblade,,2.0,ShimmerscaleDiamondHands,UnstableConcoction,,,,,,,,,
3,EUW1_5971064940,TFT7_Augment_GadgetExpert,TFT6_Augment_TargetDummies,TFT6_Augment_Diversify2,,1.0,,2.0,,,,,,,1.0,,0.0,,,,1.0,,,,,,,2.0,1.0,,0.0,,,,,,,,,,,,,,,,,,,,,,,,,,,,,,,,,,,,,,,,,,,,,,,,,,,,,,,,,,2.0,StatikkShiv,RagewingEmblemItem,,,,,,,,,,,,,,3.0,DragonsClaw,WarmogsArmor,,,,,,,,,,,,,,,,,,,,,,,,,,,,,,,,,,,,,,,,,,,,,,,,,,1.0,Morellonomicon,,,,,,,,,,,,,,,,,,,,,,,,,,,2.0,,,,,,,,3.0,,,,,,,,,,,,,,,,,,,,,,,,,,,,,,,,,,,,,,None,None,,,,,2.0,,,,3.0,InfinityEdge,RunaansHurricane,GuinsoosRageblade,,,,,,,,,2.0,RapidFireCannon,InfinityEdge,Bloodthirster,,,,,,,,,,,,
4,EUW1_5971064940,TFT7_Augment_EvokerEmblem,TFT6_Augment_FuturePeepers,TFT6_Augment_PortableForge,,1.0,,1.0,,,,,1.0,,1.0,,,2.0,,1.0,,,,,,,,,,1.0,,0.0,,,,,,,,,,,,,,,,,,,,,,,,,,,,,,,,,,,,,,,,,,,,,,,,,,,,,,,,,,,,,,,,,,,,,1.0,,,,2.0,Zephyr,,,,,,,,,,,,,,,,,,,,,,,,,,,1.0,,,,3.0,Chalice,PowerGauntlet,TearOfTheGoddess,,,,,,,,,,,,,,,,,,,,,,,,,,,,,2.0,Bloodthirster,EvokerEmblemItem,ArchangelsStaff,,,,,,,,,,,,,,,,,,,,,,,,,,,,,,,,,,,,,2.0,WarmogsArmor,OrnnAnimaVisage,RedBuff,,,,,,,,,,,,,,,,,1.0,TrainerSnax,None,None,,,,,,,,,,,,,2.0,,,,,,,,,,,,,,,,,,,,,,,
6,EUW1_5971064940,TFT7_Augment_TempestEmblem,TFT6_Augment_PortableForge,TFT6_Augment_ComponentGrabBag,0.0,,,0.0,,0.0,1.0,0.0,,0.0,,,0.0,,3.0,,,,,,,,,,2.0,,0.0,,,,,,,,,,,,,,,,,,,,,,,,,,,,,,,,,,,,,,1.0,TempestEmblemItem,StatikkShiv,StatikkShiv,,,,,,,,,,,,,,,,,,,,,,,,,,,,,,,,,,,,,,,,,,,,,,,,,1.0,,,,1.0,SeraphsEmbrace,,,,,,,,,,,,,,,,,,,,,,,1.0,,,,,,,,1.0,RedBuff,,,,,,,1.0,FrozenHeart,OrnnRanduinsSanctum,,,,,,,,,,,,,,,,,,,,,,,,,,,,,,,,,,,,,,,,,,,,,,,,,,,,,,,,,,,,,,,,None,None,,,,,,,,,,,,,,,,,,,,,,,,,,,,,2.0,ThiefsGloves,NeedlesslyLargeRod,JeweledGauntlet,,,,
7,EUW1_5971064940,TFT7_Augment_GuildLoot,TFT6_Augment_SalvageBin,TFT7_Augment_GuildEmblem,1.0,,,1.0,,0.0,,,,,3.0,,0.0,,,,1.0,,,,,,,1.0,1.0,,0.0,,,,,,,,,,,,,,,,,,,,,,,,,,,,,,,,,,,,,,,,,,,,,,,,,,,,,,,,,,,,,,,,,,1.0,,,,,,,,,,,,,,,,,,,,,,,,,,,,,,,,,,,,,,,,,,,,,,,,,,,,,,,,,,,,1.0,RedBuff,,,,,,,2.0,,,,,,,,,,,,,,,,,,,,2.0,,,,,,,,,,,,,,,,,,,,,,,,,,,,,,,,1.0,UnstableConcoction,InfinityEdge,Bloodthirster,,,,,,,,,,,None,None,,,,,2.0,,,,,,,,,,,,,,,,1.0,GuildEmblemItem,GuinsoosRageblade,MadredsBloodrazor,,,,,,,,,,,,
5,EUW1_5971064940,TFT7_Augment_MikaelsGift,TFT6_Augment_Diversify2,TFT7_Augment_CannoneerEmblem,,,,0.0,4.0,,1.0,,1.0,0.0,,,,,,0.0,,3.0,,,1.0,,,,,1.0,,,,,,,,,,,,,,,,,,,,,,,,,,,,,,,1.0,MadredsBloodrazor,GuinsoosRageblade,UnstableConcoction,,,,,,,,,2.0,IonicSpark,GargoyleStoneplate,ShimmerscaleDeterminedInvestor,,,,,,,,,,,,,,,,,,,,,,,,,,,,,,,,,2.0,,,,,,,,,,,,,,,,,,,,,,,,1.0,CannoneerEmblemItem,LocketOfTheIronSolari,LocketOfTheIronSolari,,,,,,,,,,,,,,,,,,,,,,,,,,,,,,,,,,,,,,,,,,,,,,,,,,,,,,,,,,,,,2.0,CannoneerEmblemItem,ZekesHerald,,,,,,,,,,,,,,1.0,,,,,,,,,,,,,,,,2.0,TrainerSnax,None,None,1.0,,,,,,,,,,,,,,,,,,,,,,,,,,,,,,,,,,,
2,EUW1_5971064940,TFT6_Augment_PortableForge,TFT7_Augment_GadgetExpert,TFT6_Augment_CelestialBlessing2,,,1.0,,1.0,,1.0,0.0,1.0,1.0,1.0,,,,0.0,1.0,,1.0,,,1.0,,,,,1.0,0.0,0.0,,,,,,,,,,,,,,,,,,,,,1.0,ThiefsGloves,IonicSpark,Deathblade,,,,,2.0,UnstableConcoction,InfinityEdge,StatikkShiv,,,,,,,,,1.0,GargoyleStoneplate,TitansResolve,,,,,,,,,,,,,,,,,,,,,,,,,,,,,,,,,,,,,,,,,,,,,,,,,,,,,,,,,,2.0,,,,,,,,,,,,,,,,,,,,,,,,,,,,,,,,,,,,,,,,,,,,,,,,,,,,,,,,,,,,,,,,2.0,JeweledGauntlet,RabadonsDeathcap,StatikkShiv,,,,,,,,,,,,,,,,,,,,,,,,,2.0,ZekesHerald,IonicSpark,,3.0,TrainerSnax,None,None,2.0,RunaansHurricane,OrnnRocketPropelledFist,,,,,,,,,,,,,,,,,,,,,,2.0,ShimmerscaleDiamondHands,Deathblade,,,,,,,,,
1,EUW1_5971064940,TFT7_Augment_GadgetExpert,TFT6_Augment_JeweledLotus,TFT6_Augment_SalvageBin,1.0,,1.0,1.0,,2.0,1.0,0.0,,,4.0,,0.0,,0.0,0.0,0.0,,,,,,,,2.0,,1.0,,,,,,,,,,1.0,ArchangelsStaff,Quicksilver,HextechGunblade,,,,,,,,,2.0,,,,,,,,,,,,,,,,,,,,,,,,,,,,,,,,,,,,,,,,,,,,2.0,PowerGauntlet,,,,,,,,,,,,,,,,,,,,,,,,,,,,,,,,,,,,,,,,,,,,,,,,,,,,,,,,,,,2.0,WarmogsArmor,DragonsClaw,BrambleVest,,,,,,,,,,,,,2.0,,,,,,,,,,,,2.0,NeedlesslyLargeRod,,,,,,,,,,,,,,,,,,,,,,,,,,,,,,,2.0,RapidFireCannon,RedBuff,UnstableConcoction,,,,,,,,,,,None,None,,,,,,,,,,,,,,,,,,,,,,,,,2.0,AssassinEmblemItem,GuildEmblemItem,CavalierEmblemItem,,,,,,,,
2,EUW1_5970925747,TFT6_Augment_SecondWind2,TFT6_Augment_Diversify1,TFT7_Augment_PandorasBench,,0.0,1.0,1.0,,,1.0,0.0,,,1.0,,0.0,1.0,0.0,1.0,,,,,0.0,1.0,,,2.0,,0.0,0.0,,,,,,,,,2.0,MadredsBloodrazor,Quicksilver,SpearOfShojin,,,,,,,,,1.0,ZekesHerald,,,,,,,,,,,,,,,,,,,,,,,,,,,,,,,,,,,,,,,,,,,,,,,,,,,,,,,,,,,,,,,,,,,,,,,,,,,,,,,,,,,1.0,,,,,,,,,,,,,,,,,,,,2.0,IonicSpark,TitanicHydra,GiantsBelt,,,,,,,,,,,,,,,,,,,,,,,,,,,,,,,,,,,,,,,,,,,,,,,,,2.0,,,,,,,,,,,,,,,,,,,,,,None,None,,,,,,,,,,,,,,,,,,,,,,,,,1.0,FrozenHeart,,,,,,,2.0,Chalice,SpearOfShojin,
6,EUW1_5970925747,TFT7_Augment_MirageEmblem,TFT6_Augment_ThrillOfTheHunt1,TFT7_Augment_MirageHallucinate,,,,,,2.0,1.0,0.0,,0.0,1.0,,,,4.0,,0.0,,,,,,,,,,1.0,,,,,,,,,,,,,,,,,,,,,,,,,,,,,,,,,,,,,,2.0,GuinsoosRageblade,ArchangelsStaff,MadredsBloodrazor,,,,,,,,,,,,,,,,,,,,,,,,,2.0,MirageEmblemItem,IonicSpark,,,,,,,,,,,,,,,,,,,,,,,,,,2.0,,,,,,,,,,,,,,,,,,,,,,,,3.0,BrambleVest,RedBuff,GargoyleStoneplate,,,,,,,,,,,,,,,,,,,,,2.0,,,,,,,,,,,,,,,,,,,,,,,,,,,,,,,,,,,,,,,,,,,,,,,,,,,,,,,,,,None,None,,,,,,,,,,,,,,,,,,,,,,,,,1.0,Shroud,,,2.0,RecurveBow,,,,,,
8,EUW1_5970925747,TFT6_Augment_Electrocharge2,TFT6_Augment_Recombobulator,TFT6_Augment_TomeOfTraits1,1.0,,,1.0,,,,,,,2.0,,0.0,,,,1.0,,,,0.0,,,1.0,1.0,,0.0,,,,,,,,,,,,,,,,,,,,,,,,,,,,,,,,,,,,,,,,,,,,,,,,,,,,,,,,,,1.0,,,,,,,,,,,,,,,,,,,,,,,,,,,,2.0,,,,,,,,,,,,,,,,,,,,,,,,,,,,,,,,,,,,,,,,2.0,WarmogsArmor,,,,,,,,,,,,,,,,,,,,,,,,,,,2.0,,,,,,,,,,,,,,,,,,,,,,,,,,,,,,,,1.0,,,,,,,,,,,,,,None,None,,,,,2.0,,,,,,,,,,,,,,,,1.0,InfinityEdge,GuinsoosRageblade,MadredsBloodrazor,,,,,,,,,,,,
5,EUW1_5970925747,TFT6_Augment_JeweledLotus,TFT6_Augment_ThrillOfTheHunt1,TFT7_Augment_AxiomArc2,,1.0,,1.0,,,,,1.0,,1.0,,,2.0,,1.0,,0.0,,,,,,,,1.0,,0.0,,,,,,,,,,,,,,,,,,,,,,,,,,,,,,,,,,,,,,,,,,,,,,,,,,,,,,,,,,,,,,,,,,,,,2.0,,,,2.0,Redemption,,,,,,,,,,,,,,,,,,,,,,,,,,,2.0,,,,3.0,,,,,,,,,,,,,,,,,,,,,,,,,,,,,,,,2.0,ArchangelsStaff,UnstableConcoction,SpearOfShojin,,,,,,,,,,,,,,,,,,,,,,,,,1.0,MageEmblemItem,,,,,,,,,,,2.0,RedBuff,GargoyleStoneplate,Quicksilver,,,,,,,,,,,,,,,,,3.0,TrainerSnax,None,None,,,,,,,,,,,,,2.0,,,,,,,,,,,,,,,,,,,,,,,
4,EUW1_5970925747,TFT7_Augment_MikaelsGift,TFT6_Augment_TinyTitans,TFT6_Augment_SecondWind2,1.0,,1.0,2.0,,,1.0,,,,2.0,,0.0,0.0,,0.0,0.0,,,,,,,,1.0,,0.0,2.0,,,,,,,,,,,,,,,,,,,,,1.0,,,,,,,,,,,,,,,,,,,,,,,,,,,,2.0,GuinsoosRageblade,Bloodthirster,GuinsoosRageblade,,,,,,,,,,,,,,,,,,,,,,,,,,,,,,,,,,,,,,,,,,,,,,,,,,,,,,,,,,,,,,,,,,,,,,,,,2.0,Redemption,WarmogsArmor,Chalice,,,,,2.0,,,,,,,,,,,,,,,,,,,,2.0,,,,,,,,,,,,,,,,,,,,,,,,2.0,LocketOfTheIronSolari,,,,,,,1.0,FrozenHeart,UnstableConcoction,,,,,,,,,,,,None,None,,,,,,,,,,,,,,,,,,,,,,,,,,,,,,,,,,,,
1,EUW1_5970925747,TFT7_Augment_BestFriends2,TFT6_Augment_LudensEcho1,TFT6_Augment_Diversify2,,1.0,1.0,1.0,,,,,1.0,,2.0,,,2.0,,2.0,,0.0,,,,,,,,1.0,,0.0,,,,,,,,,,,,,,,,,,,,,2.0,SpearOfShojin,,,,,,,,,,,,,,,,,,,,,,,,,,,,,,,,,,,,,,,,,,,,,,,2.0,,,,2.0,,,,,,,,,,,,,,,,,,,,,,,,,,,,2.0,NegatronCloak,,,3.0,SpearOfShojin,MadredsBloodrazor,StatikkShiv,,,,,,,,,,,,,,,,,,,,,,,,,,,,,2.0,Quicksilver,SpearOfShojin,JeweledGauntlet,,,,,,,,,,,,,,,,,,,,,,,,,2.0,,,,,,,,,,,,2.0,TitanicHydra,RedBuff,WarmogsArmor,,,,,,,,,,,,,,,,,4.0,TrainerSnax,None,None,,,,,,,,,,,,,2.0,,,,,,,,,,,,,,,,,,,,,,,
7,EUW1_5970925747,TFT6_Augment_Ascension,TFT7_Augment_WarriorTrait,TFT7_Augment_WarriorEmblem,0.0,,,1.0,,1.0,,,,,2.0,,0.0,,,,1.0,,,0.0,,,,1.0,1.0,,1.0,1.0,,,,,,,,,,,,,,,,,,,,,,,,,,,,,,,,,,,,,,,,,,,,,,,,,,,,,1.0,Zephyr,,,,,,,,,,,2.0,,,,,,,,,,,,,,,,,,,,,,,,,,,,,,,,,,,,,,,,,,,,,,,,,,,,,,,,,,,,1.0,WarmogsArmor,IonicSpark,,,,,,2.0,,,,,,,,2.0,,,,,,,,,,,,2.0,,,,,,,,,,,,,,,,,,,,,,,,,,,,,,,,,,,,,,,,,,,,,,None,None,,,,,2.0,WhispersEmblemItem,ZekesHerald,,,,,,,,,,,,,,2.0,UnstableConcoction,GuinsoosRageblade,InfinityEdge,,,,,,,,,,,,
3,EUW1_5970925747,TFT6_Augment_ClearMind,TFT7_Augment_LategameSpecialist,TFT6_Augment_Diversify2,,,1.0,,1.0,,1.0,,1.0,1.0,1.0,0.0,,,,1.0,,1.0,,,1.0,,1.0,,,1.0,,0.0,,,,,,,,,,,,,,,,,,,,,1.0,,,,,,,,2.0,GuinsoosRageblade,MadredsBloodrazor,GuardianAngel,,,,,,,,,2.0,RedBuff,GargoyleStoneplate,DragonsClaw,,,,,,,,,,,,,,,,,,,,,,,,,,,,,,,,,,,,,,,,,,,,,,,,,,,,,,,,,2.0,ShimmerscaleHeartOfGold,,,,,,,,,,,,,,,,,,,,,,,,,,,,,,,,,,,,,,,,,,,,,,,,,,,,,,,,,,,,,,,2.0,SpearOfShojin,JeweledGauntlet,,1.0,,,,,,,,,,,,,,,,,,,,,,,,1.0,,,,4.0,TrainerSnax,None,None,2.0,Zephyr,,,,,,,,,,,,,,,,,,,,,,,,,,,,,,,,,,
2,EUW1_5972272567,TFT7_Augment_BestFriends2,TFT6_Augment_Twins3,TFT6_Augment_VerdantVeil,,1.0,1.0,2.0,,,,,,,1.0,,0.0,0.0,,0.0,,,,,,,,1.0,1.0,,,0.0,,,,,,,,,,,,,,,,,,,,,1.0,,,,,,,,,,,,,,,,,,,,,,,,,,,,,,,,,,,,1.0,,,,,,,,,,,,,,,,2.0,Zephyr,Redemption,WarmogsArmor,,,,,,,,,,,,,,,,,,,,,,,,,,,,,,,,,,,,,,,,,,,,,,,,,1.0,IonicSpark,,,,,,,,,,,,,,,,,,,,,,,,,,,,,,,,,,,2.0,,,,,,,,,,,,,,,,2.0,,,,,,,,,,,,,,,,,,,,,,None,None,,,,,,,,,3.0,RunaansHurricane,InfinityEdge,GuinsoosRageblade,,,,,,,,,,,,,,,,,,,,,,,,
4,EUW1_5972272567,TFT7_Augment_SwiftshotPressTheAttack,TFT6_Augment_Twins3,TFT6_Augment_BandOfThieves2,,1.0,,1.0,,,,,,,1.0,,,0.0,,0.0,,,,,,,,1.0,,,,0.0,,,,,,,,,,,,,,,,,,,,,,,,,,,,,,,,,,,,,,,,,,,,,,,,,,,,,,,,,,,,,,,,,,,,,,,,,2.0,ThiefsGloves,TitansResolve,ArchangelsStaff,,,,,,,,,,,,,,,,,,,,,,,,,,,,,3.0,PowerGauntlet,Chalice,LocketOfTheIronSolari,,,,,,,,,,,,,,,,,,,,,,,,,,,,,,,,,,,,,,,,,,,,,,,,,,,,,,,,,,,,,,,,,,,,,2.0,,,,,,,,,,,,,,,,,,,,,,None,None,,,,,2.0,,,,3.0,GuinsoosRageblade,InfinityEdge,UnstableConcoction,,,,,,,,,,,,,,,,,,,,,,,,
3,EUW1_5972272567,TFT7_Augment_ShapeshifterBeastsDen,TFT7_Augment_ShapeshifterTrait2,TFT6_Augment_ForceOfNature,0.0,0.0,1.0,,,,1.0,0.0,,,1.0,1.0,,,0.0,0.0,1.0,,,3.0,,,1.0,,,,0.0,1.0,,,,,,,,,,,,,,,,,,,,,1.0,,,,,,,,,,,,,,,,,,,,,,,,,,,,,,,,2.0,,,,,,,,2.0,LocketOfTheIronSolari,,,,,,,,,,,,,,,,,,,,,,,,,,,,,,,,,,,,,,,,,,,,,,,2.0,Redemption,WarmogsArmor,IonicSpark,3.0,RunaansHurricane,Deathblade,GuinsoosRageblade,,,,,,,,,,,,,1.0,,,,,,,,,,,,,,,,,,,,,,,,,,,,2.0,Quicksilver,RedBuff,GuinsoosRageblade,,,,,,,,,1.0,SpearOfShojin,Chalice,,,,,,,,,,,,,,,,,,,,,,,,,,,,None,None,,,,,,,,,,,,,,,,,,,,,,,,,1.0,,,,,,,,,,,
5,EUW1_5972272567,TFT6_Augment_TradeSector,TFT6_Augment_VerdantVeil,TFT6_Augment_CyberneticShell3,,0.0,,1.0,,,1.0,,0.0,,,,,2.0,,1.0,,,,,0.0,1.0,,,1.0,1.0,,0.0,,,,,,,,,1.0,ArchangelsStaff,SpearOfShojin,MageEmblemItem,,,,,,,,,,,,,,,,,,,,,,,,,,,,,,,,,,,,,,,,,,,,,,,,,,,,,,,,,2.0,,,,2.0,ThiefsGloves,GiantsBelt,Zephyr,,,,,,,,,,,,,,,,,,,,,,,,,2.0,,,,3.0,StatikkShiv,SpearOfShojin,,,,,,,,,,,,,,,,,,,,,,,,,,,,,,,,,,,,,,,,,,,,,,,,,,,,,,,,,,,,,,,,,,,,,,2.0,GiantsBelt,Redemption,,,,,,,,,,,,,,,,,,2.0,TrainerSnax,None,None,,,,,,,,,,,,,,,,,,,,,,,,,,,,,,,,,1.0,,,
8,EUW1_5972272567,TFT6_Augment_CyberneticUplink2,TFT7_Augment_BestFriends3,TFT6_Augment_Diversify3,,0.0,,1.0,,,1.0,,0.0,,1.0,,,1.0,,1.0,,,,,,,,,,1.0,,2.0,,,,,,,,,,,,,,,,,,,,,,,,,,,,,,,,,,,,,,,,,,,,,,,,,2.0,TitansResolve,RedBuff,,,,,,,,,,,,,,,,,,2.0,Chalice,,,,,,,,,,,,,,,,,,,,,,,,,,,,,,,2.0,SparringGloves,,,1.0,NeedlesslyLargeRod,,,,,,,,,,,,,,,,,,,,,,,,,,,,,,,2.0,HextechGunblade,SpearOfShojin,,,,,,,,,,,,,,,,,,,,,,,,,,,,,,,,,,,,,,2.0,DragonsClaw,,,,,,,,,,,,,,,,,,,2.0,TrainerSnax,None,None,,,,,,,,,,,,,,,,,,,,,,,,,,,,,,,,,,,,
7,EUW1_5972272567,TFT6_Augment_ClearMind,TFT6_Augment_BandOfThieves2,TFT7_Augment_TomeOfTraits2,,,,1.0,,,1.0,0.0,,,,0.0,,0.0,,,0.0,,,2.0,,,,,,,,3.0,,,,,,,,,,,,,,,,,,,,,,,,,,,,,,,,,,,,,,,,,,,,,,,,,2.0,ThiefsGloves,RecurveBow,GuinsoosRageblade,3.0,GuinsoosRageblade,UnstableConcoction,Bloodthirster,,,,,2.0,ThiefsGloves,Chalice,RabadonsDeathcap,,,,,,,,,,,,,,,,,,,,,,,,,,,,,,,,,,,,,,,,,,,,,2.0,RedBuff,DragonmancerEmblemItem,WarmogsArmor,,,,,,,,,,,,,,,,,,,,,,,,,,,,,,,,,,,,,,,,,,,,,,,,,,,,,,,,,,,,,1.0,WhispersEmblemItem,GuardianAngel,,1.0,NegatronCloak,,,,,,,,,,,,,,,,,,,,,None,None,,,,,,,,,,,,,,,,,,,,,,,,,,,,,,,,,,,,
6,EUW1_5972272567,TFT6_Augment_CalculatedLoss,TFT6_Augment_RadiantRelics,TFT6_Augment_MaxLevel10,,,,,,,1.0,1.0,,,,1.0,,,0.0,,2.0,,,2.0,,,1.0,0.0,,,0.0,,,,,,,,,,,,,,,,,,,,,,,,,,,,,,,,,,,,,,,,,,,,,,,,,,,,,,,,,,,,,,2.0,,,,,,,,,,,,,,,,,,,,,,,,,,,,,,,,,,,,,,,,,,,,,,,,2.0,RedBuff,,,,,,,,,,,,,,,,,,,,,,,,,,,,,,,,,,,,,,,3.0,GuinsoosRageblade,Deathblade,GuinsoosRagebladeRadiant,,,,,1.0,MadredsBloodrazor,RabadonsDeathcap,HextechGunblade,,,,,,,,,1.0,,,,2.0,,,,,,,,,,,,,,,,,,,,,,,,,,None,None,,,,,,,,,,,,,,,,,,,,,1.0,,,,1.0,,,,,,,,,,,
1,EUW1_5972272567,TFT6_Augment_Meditation2,TFT6_Augment_HighEndShopping,TFT6_Augment_Diversify3,,,1.0,1.0,,,1.0,,0.0,,1.0,0.0,0.0,1.0,,1.0,,,,,0.0,1.0,1.0,,2.0,1.0,,0.0,,,,,,,,,2.0,SpearOfShojin,ArchangelsStaff,HextechGunblade,,,,,,,,,2.0,,,,,,,,,,,,,,,,,,,,,,,,,,,,,,,,,,,,,,,,,,,,,,,,2.0,,,,,,,,,,,,,,,,,,,,,,,,,,,,,,,,2.0,,,,,,,,,,,,,,,,,,,,,,,,2.0,Chalice,PowerGauntlet,TitanicHydra,,,,,,,,,,,,,,,,,,,,,,,,,,,,,,,,,,,,,,,,,2.0,,,,,,,,2.0,GargoyleStoneplate,TitansResolve,Quicksilver,,,,,,,,,,,,,,,,,4.0,TrainerSnax,None,None,,,,,,,,,,,,,,,,,,,,,,,,,,,,,,,,,2.0,,,
6,EUW1_5972691479,TFT6_Augment_Ascension,TFT6_Augment_JeweledLotus,TFT7_Augment_DragonmancerInspire,0.0,,,0.0,0.0,,,1.0,0.0,,,1.0,1.0,,,,0.0,,0.0,0.0,0.0,,,0.0,1.0,,,,,,,,3.0,CannoneerEmblemItem,SpearOfShojin,,,,,,2.0,,,,,,,,,,,,,,,,,,,,1.0,,,,,,,,,,,,,,,,,,,,,,,,,,,,,,,,,,,,,,,,,,,,,,,,2.0,,,,,,,,3.0,,,,,,,,,,,,,,,,,,,,,,,,,,,,,,,,,,,,2.0,WarmogsArmor,Redemption,PowerGauntlet,,,,,,,,,,,,,,,,,,,,,,,,,,,,,,,,,,,,,,,,,,,,,2.0,,,,,,,,,,,,,,,,,,,,,,,,,,None,None,,,,,,,,,,,,,,,,,3.0,Bloodthirster,Quicksilver,GuinsoosRageblade,,,,,,,,,,,,,,,,
5,EUW1_5972691479,TFT6_Augment_TriForce2,TFT6_Augment_SecondWind2,TFT7_Augment_PandorasBench,3.0,,,2.0,,,,,,,1.0,,0.0,,,,0.0,,1.0,,0.0,,,,1.0,,1.0,0.0,,,,,,,,,,,,,,,,,,,,,,,,,,,,,,,,,2.0,RedBuff,FrozenHeart,BruiserEmblemItem,,,,,,,,,,,,,,,,,,,,,,,,,,,,,,,,,,,,,,,,,,,,,,,,,2.0,,,,,,,,,,,,,,,,,,,,,,,,,,,,,,,,,,,,3.0,RunaansHurricane,InfinityEdge,AssassinEmblemItem,1.0,RedBuff,,,2.0,,,,1.0,,,,,,,,,,,,,,,,,,,,2.0,TitanicHydra,ChainVest,,,,,,,,,,,,,,,,,,,,,,,,,,,,,,2.0,InfinityEdge,,,,,,,,,,,,,None,None,,,,,,,,,,,,,,,,,,,,,,,,,,,,,,,,,,,,
7,EUW1_5972691479,TFT6_Augment_PortableForge,TFT7_Augment_MirageHallucinate,TFT6_Augment_ComponentGrabBag,,,,,,3.0,1.0,,,0.0,1.0,,,0.0,4.0,,0.0,,0.0,,,,,,,,0.0,,,,,,,,,,,,,,,,,,,,,,,,,,,,,,,,,,,,,,2.0,Quicksilver,StatikkShiv,GuinsoosRageblade,,,,,,,,,,,,,,,,,,,,,,,,,1.0,,,,,,,,,,,,,,,,,,,,,,,,,,,,2.0,,,,2.0,MirageEmblemItem,,,,,,,,,,,,,,,,,,,2.0,WarmogsArmor,BrambleVest,RedBuff,,,,,,,,,,,,,,,,,,,,,2.0,MirageEmblemItem,,,,,,,,,,,,,,,,,,,,,,,,,,,,,,,,,,,,,,,,,,,,,,,,,,,,,,,,,None,None,,,,,,,,,,,,,,,,,,,,,,,,,,,,,2.0,Quicksilver,OrnnDeathsDefiance,UnstableConcoction,,,,
8,EUW1_5972691479,TFT7_Augment_TempestEyeOfTheStorm,TFT7_Augment_DragonHorde,TFT6_Augment_PortableForge,,,,0.0,,,2.0,,,0.0,,1.0,0.0,,,0.0,1.0,,,0.0,1.0,,,,2.0,,,,,,,,,,,,1.0,ArchangelsStaff,ArchangelsStaff,SpearOfShojin,,,,,,,,,,,,,,,,,,,,,,,,,,,,,1.0,GargoyleStoneplate,WarmogsArmor,DragonsClaw,1.0,,,,,,,,,,,,,,,,,,,,,,,,,,,,,,,,,,,,,,,,,,,,,,,,,,,,,,,,,,,,,,,,,,,,,,,,,,,,,,,,1.0,,,,,,,,,,,,,,,,,,,,,,,,,,,,,,,,2.0,GuardianAngel,OrnnTheCollector,ShimmerscaleGamblersBlade,,,,,,,,,,,,,,,,,,,,,,,,,,,,,,,,,,,,,,,None,None,,,,,,,,,,,,,,,,,,,,,,,,,,,,,,,,,,,,
4,EUW1_5972691479,TFT7_Augment_CannoneerHotShot,TFT7_Augment_MikaelsGift,TFT7_Augment_CannoneerEmblem,,,1.0,,3.0,,1.0,,1.0,0.0,1.0,,,,,1.0,,3.0,,,1.0,,,,,1.0,,,,,,,,,,,,,,,,,,,,,,,1.0,,,,,,,,2.0,GuinsoosRageblade,InfinityEdge,UnstableConcoction,,,,,,,,,2.0,GargoyleStoneplate,RedBuff,WarmogsArmor,,,,,,,,,,,,,,,,,,,,,,,,,,,,,,,,,2.0,Quicksilver,,,,,,,,,,,,,,,,,,,,,,,2.0,CannoneerEmblemItem,LocketOfTheIronSolari,RevelEmblemItem,,,,,,,,,,,,,,,,,,,,,,,,,,,,,,,,,,,,,,,,,,,,,,,,,,,,,,,,,,,,,2.0,ThiefsGloves,Quicksilver,RabadonsDeathcap,,,,,,,,,,,,,,,,,,,,,,,,,,,,,4.0,TrainerSnax,None,None,2.0,RecurveBow,ShimmerscaleGamblersBlade,Zephyr,,,,,,,,,,,,,,,,,,,,,,,,,,,,,,,,
3,EUW1_5972691479,TFT7_Augment_BestFriends2,TFT6_Augment_SunfireBoard,TFT6_Augment_CyberneticImplants2,1.0,1.0,1.0,1.0,,,,,,,4.0,,0.0,0.0,,1.0,,,,,,,,1.0,1.0,,,,,,,,,,,,,,,,,,,,,,,,1.0,StatikkShiv,,,,,,,,,,,,,,,,,,,,,,,,,,,,,,,,,,,,,,,,,,,,,,,,,,,3.0,DragonsClaw,GargoyleStoneplate,LocketOfTheIronSolari,,,,,,,,,,,,,,,,,,,,,,,,,,,,,3.0,ArchangelsStaff,,,,,,,,,,,,,,,,,,,2.0,,,,,,,,2.0,LocketOfTheIronSolari,,,1.0,,,,,,,,,,,,,,,,,,,,,,,,,,,,,,,,,,,,,,,,,,,,,,,,2.0,ThiefsGloves,ZekesHerald,Deathblade,,,,,,,,,,,None,None,,,,,2.0,,,,3.0,GuinsoosRageblade,Deathblade,LastWhisper,,,,,,,,,,,,,,,,,,,,,,,,
2,EUW1_5972691479,TFT7_Augment_RagewingTantrum,TFT6_Augment_CelestialBlessing2,TFT6_Augment_FuturePeepers,1.0,,,1.0,,2.0,,,,,3.0,,0.0,,,,1.0,,,,,,,1.0,1.0,,0.0,,,,,,,,,,,,,,,,,,,,,,,,,,,,,,,,,,,,,,,,,,,,,,,,,,,,,,,,,,,,,,,,,,2.0,RedBuff,Zephyr,,,,,,,,,,,,,,,,,,,,,,,,,,,,,,,,,,,,,,,,,,,,,,,,,,,,,,,,,,2.0,Zephyr,CavalierEmblemItem,,,,,,2.0,Zephyr,SpearOfShojin,,,,,,1.0,,,,,,,,,,,,2.0,,,,,,,,,,,,,,,,,,,,,,,,,,,,,,,,2.0,LastWhisper,Bloodthirster,RedBuff,,,,,,,,,,,None,None,,,,,2.0,LastWhisper,,,,,,,,,,,,,,,3.0,Quicksilver,GuinsoosRageblade,MadredsBloodrazor,,,,,,,,,,,,
1,EUW1_5972691479,TFT7_Augment_BruiserPersonalTraining,TFT7_Augment_UrfsGrabBag1,TFT6_Augment_BlueBattery2,,1.0,,1.0,,,,,1.0,,1.0,,,3.0,,1.0,,0.0,,,0.0,1.0,,,,0.0,,0.0,,,,,,,,,,,,,,,,,,,,,,,,,,,,,,,,,,,,,,,,,,,,,,,,,,,,,,,,,,,,,,,,,,,,,,,,,3.0,MageEmblemItem,GargoyleStoneplate,RedBuff,,,,,,,,,,,,,,,,,,,,,,,,,1.0,,,,3.0,SpearOfShojin,,,,,,,,,,,,,,,,,,,,,,,,,,,,,,,2.0,SpearOfShojin,RabadonsDeathcap,MadredsBloodrazor,,,,,,,,,,,,,,,,,,,,,,,,,1.0,MageEmblemItem,,,,,,,,,,,2.0,RedBuff,,,,,,,,,,,,,,,,,,,,,None,None,,,,,,,,,,,,,2.0,,,,,,,,,,,,,,,,,,,,1.0,ArchangelsStaff,,
5,EUW1_5972557926,TFT7_Augment_CavalierEmblem,TFT6_Augment_Distancing,TFT7_Augment_MirageTrait,,,,,,4.0,1.0,0.0,,,1.0,,,0.0,4.0,,0.0,,0.0,,,,,,,,1.0,,,,,,,,,,,,,,,,,,,,,,,,,,,,,,,,,,,,,,2.0,,,,,,,,,,,,,,,,,,,,,,,,,,,,2.0,MirageEmblemItem,RedBuff,Redemption,,,,,,,,,,,,,,,,,,,,,,,,,,,,,2.0,,,,,,,,,,,,,,,,,,,,3.0,ArchangelsStaff,BrambleVest,WarmogsArmor,,,,,,,,,,,,,,,,,,,,,2.0,,,,,,,,,,,,,,,,,,,,,,,,,,,,,,,,,,,,,,,,,,,,,,,,,,,,,,,,,,None,None,,,,,,,,,,,,,,,,,,,,,,,,,1.0,,,,2.0,MadredsBloodrazor,GuardianAngel,CavalierEmblemItem,,,,
6,EUW1_5972557926,TFT7_Augment_GuildEmblem,TFT6_Augment_PandorasItems,TFT7_Augment_BandOfThieves1,1.0,,,1.0,,1.0,,,,,4.0,,0.0,,,,1.0,,,,,,,1.0,1.0,,0.0,,,,,,,,,,,,,,,,,,,,,,,,,,,,,,,,,,,,,,,,,,,,,,,,,,,,,,,,,,,,,,,,,,1.0,RedBuff,GargoyleStoneplate,GargoyleStoneplate,,,,,,,,,,,,,,,,,,,,,,,,,,,,,,,,,,,,,,,,,,,,,,,,,,,,,,,,,2.0,GargoyleStoneplate,,,,,,,2.0,ThiefsGloves,GiantsBelt,GargoyleStoneplate,,,,,2.0,,,,,,,,,,,,2.0,,,,,,,,,,,,,,,,,,,,,,,,,,,,,,,,2.0,InfinityEdge,UnstableConcoction,,,,,,,,,,,,None,None,,,,,2.0,,,,,,,,,,,,,,,,1.0,GuinsoosRageblade,MadredsBloodrazor,GuildEmblemItem,,,,,,,,,,,,
2,EUW1_5972557926,TFT6_Augment_CyberneticShell2,TFT7_Augment_JadeEmblem,TFT6_Augment_CyberneticImplants1,,,,0.0,,2.0,,1.0,1.0,,1.0,1.0,1.0,,0.0,0.0,,,,,0.0,,1.0,,1.0,0.0,,,,,,,3.0,ArchangelsStaff,SpearOfShojin,Quicksilver,,,,,,,,,,,,,,,,,,,,,,,,,,,,,,,,,,,,,,,,,,,,,,,,,,,,,,,,,,,,,,,,,,,,,,,,,2.0,,,,,,,,2.0,,,,,,,,,,,,2.0,,,,,,,,,,,,,,,,2.0,,,,,,,,2.0,ZekesHerald,CavalierEmblemItem,SparringGloves,,,,,,,,,,,,,2.0,JadeEmblemItem,LocketOfTheIronSolari,,,,,,,,,,,,,,,,,,,,,,,,,,1.0,,,,,,,,,,,,,,,,,,,,,,,,,,,,,,None,None,,,,,,,,,,,,,,,,,3.0,Quicksilver,Bloodthirster,GuinsoosRageblade,,,,,,,,,,,,,,,,
1,EUW1_5972557926,TFT7_Augment_UrfsGrabBag1,TFT6_Augment_CelestialBlessing1,TFT6_Augment_ItemGrabBag1,,0.0,,0.0,,,1.0,,,,,2.0,,0.0,,0.0,,,,2.0,,,1.0,,,,,1.0,,,,,,,,,,,,,,,,,,,,,,,,,,,,,,,,,,,,,,,,,,,,,1.0,Bloodthirster,MadredsBloodrazor,RunaansHurricane,,,,,2.0,SeraphsEmbrace,Chalice,IonicSpark,,,,,2.0,,,,,,,,,,,,,,,,,,,,,,,,,,,,,,,,,,,,,,,,,,,,,,,,2.0,DragonsClaw,WarmogsArmor,Morellonomicon,3.0,Deathblade,GuinsoosRageblade,RapidFireCannon,,,,,,,,,,,,,,,,,,,,,,,,,,,,,,,,,,,,,,,,,,,,,,,,,,,,,1.0,,,,,,,,2.0,,,,,,,,,,,,,,,,,,,,,,None,None,,,,,,,,,,,,,,,,,,,,,,,,,,,,,,,,,,,,
8,EUW1_5972557926,TFT6_Augment_CyberneticUplink2,TFT7_Augment_ShimmerscaleEmblem,TFT6_Augment_ItemGrabBag1,,,,,2.0,,1.0,0.0,0.0,1.0,,,0.0,,,0.0,0.0,0.0,,,2.0,,,,,1.0,,0.0,,,,,,,,,,,,,,,,,,,,,,,,,,,,,,,,,,,,,,,,,1.0,ShimmerscaleHeartOfGold,RedBuff,,,,,,,,,,,,,,,,,,,,,,,,,,,,,,,,,,2.0,PowerGauntlet,ShimmerscaleGamblersBlade,GuinsoosRageblade,,,,,,,,,,,,,,,,,,,,,2.0,,,,,,,,,,,,,,,,,,,,,,,,,,,,,,,,,,,,,,,,,,,,2.0,,,,,,,,,,,,,,,,,,,,,,,,,,,,,,,,,,,,,,,,,,,,,,,,2.0,ShimmerscaleEmblemItem,Redemption,,3.0,TrainerSnax,None,None,3.0,MadredsBloodrazor,GuinsoosRageblade,Quicksilver,,,,,,,,,,,,,1.0,,,,,,,,,,,,,,,,,,,
7,EUW1_5972557926,TFT7_Augment_ScalescornEmblem,TFT6_Augment_ThrillOfTheHunt1,TFT7_Augment_BruiserTrait,,,,0.0,,,,,,,,,,,,,,,,,,,,,,,,,,,,,,,,,,,,,,,,,,,,,,,,,,,,,,,,,,,,,,,,,,,,,,,,,,,,,,,,,,,,,,,,,,,,,,,,,,,,,,,,,,,,,,,,,,,,,,,,,,,,,,,,,,,,,,,,,,,,,,,,,,,,,,,,,,,,,,,,,,,,,,,,,,,,,,,,,,,,,,,,,,,,,,,,,,,,,,,,,,,,,,,,,,,,,,,,,,,,,,,,,,,,,,,,,,,,,,,,,,,,,,,,,,,,,,,,,,,,
3,EUW1_5972557926,TFT6_Augment_JeweledLotus,TFT6_Augment_FirstAidKit,TFT6_Augment_PandorasItems,,,,,,,1.0,1.0,,,,1.0,,,,,2.0,,,2.0,,,,1.0,,,,,,,,,,,,,,,,,2.0,,,,,,,,,,,,,,,,,,,,,,,,,,,,,,,,,,,,,,,,,,,,,,,,2.0,,,,,,,,,,,,,,,,,,,,,,,,,,,,,,,,,,,,,,,,,,,,,,,,2.0,GargoyleStoneplate,WarmogsArmor,WarmogsArmor,,,,,,,,,,,,,,,,,,,,,,,,,,,,,,,,,,,,,1.0,,,,,,,,1.0,ThiefsGloves,,,,,,,,,,,,,,,3.0,GuinsoosRageblade,Quicksilver,StatikkShiv,,,,,,,,,,,,,,,,,,,,,,,None,None,,,,,,,,,,,,,,,,,,,,,2.0,GuinsoosRageblade,ArchangelsStaff,HextechGunblade,,,,,,,,,,,,
4,EUW1_5972557926,TFT7_Augment_BruiserEmblem,TFT7_Augment_BruiserTrait,TFT6_Augment_Weakspot,1.0,0.0,,3.0,,,1.0,,,0.0,,,0.0,0.0,,,,,,,,,,,1.0,,,3.0,,,,,,,,,,,,,,,,,,,,,,,,,,,,,,,,,,,,,,,,,,,,,,,,,2.0,TitansResolve,UnstableConcoction,GuinsoosRageblade,,,,,,,,,,,,,,,,,,,,,2.0,ZekesHerald,,,,,,,,,,,,,,,,,,,,,,,,,,,,,,,,,,,,,,,,,,,,,,,,,,,2.0,RedBuff,,,1.0,RabadonsDeathcap,InfinityEdge,JeweledGauntlet,2.0,GuardianAngel,BruiserEmblemItem,,,,,,,,,,,,,,,,,,,,,,,,,,,,,,,,,,,,,,,,,,2.0,RedBuff,,,,,,,,,,,,,,,2.0,,,,,,None,None,,,,,,,,,,,,,,,,,,,,,,,,,,,,,,,,,,,,
3,EUW1_5971279470,TFT7_Augment_ClutteredMind,TFT6_Augment_ThrillOfTheHunt2,TFT7_Augment_BestFriends2,1.0,,,2.0,,,1.0,,,0.0,,0.0,0.0,0.0,,,0.0,,,,,,1.0,,1.0,,0.0,3.0,,,,,,,,,,,,,,,,,,,,,,,,,,,,,,,,,,,,,,,,,,,,,,,,,2.0,GuinsoosRageblade,Quicksilver,Bloodthirster,,,,,,,,,,,,,,,,,,,,,,,,,,,,,,,,,,,,,,,,,,,,,,,,,,,,,,,,,,,,,,,,,,,,,,,,,2.0,RedBuff,Redemption,NeedlesslyLargeRod,2.0,UnstableConcoction,FrozenHeart,,1.0,FrozenHeart,IonicSpark,RedBuff,,,,,,,,,,,,,,,,,2.0,GiantsBelt,,,,,,,,,,,,,,,2.0,,,,,,,,2.0,,,,,,,,,,,,,,,,1.0,,,,,,None,None,,,,,,,,,,,,,,,,,,,,,,,,,,,,,,,,,,,,
4,EUW1_5971279470,TFT6_Augment_CelestialBlessing2,TFT6_Augment_LudensEcho2,TFT7_Augment_MageEmblem,,2.0,,1.0,,,1.0,,1.0,,1.0,,,2.0,,0.0,,0.0,,,,,,,,,,0.0,,,,,,,,,,,,,,,,,1.0,MageEmblemItem,UnstableConcoction,MadredsBloodrazor,,,,,,,,,,,,,,,,,,,,,,,,,,,,,,,,,,,,,,,,,,,,,,,,,,,,,2.0,,,,,,,,,,,,,,,,,,,,,,,,,,,,,,,,3.0,StatikkShiv,,,,,,,,,,,,,,,,,,,,,,,,,,,,,,,3.0,SpearOfShojin,ArchangelsStaff,HextechGunblade,,,,,,,,,,,,,,,,,,,,,,,,,2.0,,,,,,,,,,,,2.0,RedBuff,Bloodthirster,GargoyleStoneplate,,,,,,,,,,,,,,,,,,,None,None,,,,,,,,,,,,,3.0,DragonsClaw,,,,,,,,,,,,,,,,,,,,,,
5,EUW1_5971279470,TFT6_Augment_ThrillOfTheHunt2,TFT6_Augment_TomeOfTraits1,TFT7_Augment_MikaelsGift,0.0,0.0,,1.0,,2.0,,,,,4.0,,0.0,,,,1.0,,,,,,,1.0,0.0,,0.0,,,,,,,,,,,,,,,,,,,,,,,,,,,,,,,,,,,,,,,,,,,,,,,,,,,,,,,,,,,,,,,,,,2.0,GuildEmblemItem,LocketOfTheIronSolari,Morellonomicon,,,,,,,,,,,,,,,,,,,,,,,,,,,,,,,,,,,,,,,,,,,,,,,,,,,,,,,,,1.0,,,,,,,,,,,,,,,,2.0,,,,,,,,,,,,2.0,,,,,,,,2.0,RedBuff,DragonsClaw,CavalierEmblemItem,,,,,,,,,,,,,,,,,,,,,2.0,Bloodthirster,UnstableConcoction,ZekesHerald,,,,,,,,,,,None,None,,,,,2.0,,,,,,,,,,,,,,,,2.0,Quicksilver,MadredsBloodrazor,GuinsoosRageblade,,,,,,,,,,,,
6,EUW1_5971279470,TFT7_Augment_GuildEmblem,TFT6_Augment_PortableForge,TFT6_Augment_ComponentGrabBag,,1.0,1.0,1.0,,,,,0.0,,2.0,,,2.0,,2.0,,,,,,,,,,1.0,,0.0,,,,,,,,,,,,,,,,,,,,,1.0,,,,,,,,,,,,,,,,,,,,,,,,,,,,,,,,,,,,,,,,,,,,,,,,2.0,,,,3.0,ThiefsGloves,GuinsoosRageblade,Quicksilver,,,,,,,,,,,,,,,,,,,,,,,,,2.0,,,,2.0,ThiefsGloves,TearOfTheGoddess,FrozenHeart,,,,,,,,,,,,,,,,,,,,,,,,,,,,,2.0,SpearOfShojin,ArchangelsStaff,,,,,,,,,,,,,,,,,,,,,,,,,,,,,,,,,,,,,,2.0,RedBuff,OrnnAnimaVisage,GargoyleStoneplate,,,,,,,,,,,,,,,,,3.0,TrainerSnax,None,None,,,,,,,,,,,,,2.0,GargoyleStoneplate,RedBuff,GargoyleStoneplate,,,,,,,,,,,,,,,,,,,,
2,EUW1_5971279470,TFT6_Augment_SunfireBoard,TFT6_Augment_CelestialBlessing2,TFT6_Augment_TomeOfTraits1,,,,1.0,,,1.0,0.0,,0.0,,1.0,,0.0,,,0.0,,,2.0,,,,,,,,3.0,,,,,,,,,,,,,,,,,,,,,,,,,,,,,,,,,,,,,,,,,,,,,,,,,2.0,FrozenHeart,Bloodthirster,BrambleVest,3.0,GuinsoosRageblade,Bloodthirster,MadredsBloodrazor,,,,,2.0,,,,,,,,,,,,,,,,,,,,,,,,,,,,,,,,,,,,,,,,,,,,,,,,2.0,IonicSpark,FrozenHeart,WarmogsArmor,,,,,,,,,,,,,,,,,,,,,,,,,,,,,,,,,,,,,,,,,,,,,,,,,,,,,,,,,,,,,2.0,,,,2.0,IonicSpark,Redemption,,,,,,,,,,,,,,2.0,JadeEmblemItem,Zephyr,,,,None,None,,,,,,,,,,,,,,,,,,,,,,,,,,,,,,,,,,,,
1,EUW1_5971279470,TFT6_Augment_Meditation2,TFT7_Augment_FirstAidKit2,TFT6_Augment_MakeshiftArmor2,,1.0,1.0,1.0,,,,,0.0,,2.0,,,2.0,,2.0,,,,,0.0,1.0,,,,0.0,,0.0,,,,,,,,,,,,,,,,,,,,,2.0,,,,,,,,,,,,,,,,,,,,,,,,,,,,,,,,,,,,,,,,,,,,,,,,,,,,3.0,Zephyr,FrozenHeart,GargoyleStoneplate,,,,,,,,,,,,,,,,,,,,,,,,,2.0,,,,3.0,,,,,,,,,,,,,,,,,,,,,,,,,,,,,,,,2.0,SpearOfShojin,ArchangelsStaff,HextechGunblade,,,,,,,,,,,,,,,,,,,,,,,,,,,,,,,,,,,,,2.0,Redemption,BrambleVest,RedBuff,,,,,,,,,,,,,,,,,,,None,None,,,,,,,,,,,,,3.0,,,,,,,,,,,,,,,,,,,,1.0,,,
7,EUW1_5971279470,TFT7_Augment_CannoneerHotShot,TFT7_Augment_CannoneerEmblem,TFT7_Augment_AxiomArc2,,,,1.0,3.0,,1.0,,1.0,,,,,0.0,,0.0,,2.0,,,,,,,,1.0,,2.0,,,,,,,,,,,,,,,,,,,,,,,,,,,,,2.0,GuinsoosRageblade,Quicksilver,MadredsBloodrazor,,,,,,,,,,,,,,,,,1.0,RedBuff,GuardianAngel,,,,,,,,,,,,,,,,,,,,,,,,,,2.0,ZekesHerald,Chalice,,,,,,,,,,,,,,,,,,,,,,1.0,,,,,,,,,,,,,,,,,,,,,,,,,,,,,,,,,,,,,,,,,,,,,,,,,,,,,,,,,,,,,,,,2.0,CannoneerEmblemItem,,,,,,,,,,,1.0,GiantsBelt,,,,,,,,,,,,,,,,,,,4.0,TrainerSnax,None,None,2.0,,,,,,,,,,,,,,,,,,,,,,,,,,,,,,,,,,,
8,EUW1_5971279470,TFT7_Augment_JadePenitence,TFT7_Augment_JadeTrait,TFT6_Augment_PortableForge,,,,,,,1.0,0.0,1.0,,,3.0,0.0,,,1.0,,,,1.0,,,1.0,0.0,,0.0,,,,,,,2.0,Morellonomicon,,,,,,,2.0,,,,,,,,,,,,,,,,,,,,,,,,,,,,,,,,2.0,OrnnDeathsDefiance,Quicksilver,Bloodthirster,,,,,,,,,,,,,2.0,LocketOfTheIronSolari,,,,,,,,,,,,,,,,,,,,,,,,,,,,,,,,,,,,,,,1.0,,,,,,,,2.0,TitansResolve,WarmogsArmor,,,,,,,,,,,,,,,,,,,,,,,,,,,,,,,,,,,,,,,,,,,,,,,,,,,,,,,,,,1.0,,,,,,,,,,,,,,,,,,,,,,,,,,,,,,None,None,,,,,,,,,,,,,,,,,,,,,,,,,,,,,,,,,,,,
5,EUW1_5971026930,TFT7_Augment_SwiftshotEmblem,TFT6_Augment_JeweledLotus,TFT7_Augment_CavalierEmblem2,,,,,,4.0,1.0,,,0.0,1.0,,,,3.0,,0.0,,,,,,,1.0,,,0.0,,,,,,,,,,,,,,,,,,,,,,,,,,,,,,,,,,,,,,2.0,JeweledGauntlet,UnstableConcoction,StatikkShiv,,,,,,,,,,,,,,,,,,,,,,,,,1.0,FrozenHeart,RedBuff,,,,,,,,,,,,,,,,,,,,,,,,,,1.0,CavalierEmblemItem,RedBuff,,,,,,,,,,,,,,,,,,,,,,2.0,GargoyleStoneplate,RedBuff,,,,,,,,,,,,,,,,,,,,,,2.0,RedBuff,,,,,,,,,,,,,,,,,,,,,,,,,,,,,,,,,,,,,,,,,,,,,,,,,,,,,,,,,None,None,,,,,,,,,,,,,,,,,,,,,1.0,GuinsoosRageblade,MadredsBloodrazor,MadredsBloodrazor,,,,,1.0,GuinsoosRageblade,SwiftshotEmblemItem,CavalierEmblemItem,,,,
6,EUW1_5971026930,TFT7_Augment_CannoneerEmblem,TFT7_Augment_CannoneerRicochet,TFT6_Augment_RadiantRelics,,,,,4.0,,,,,1.0,,0.0,,,,,0.0,1.0,0.0,,,,,,,0.0,,,,,,,,,,,,,,,,,,,,,,,,,,,2.0,,,,2.0,UnstableConcoction,Bloodthirster,,,,,,,,,,,,,,,,,,,,,,,,,,,,,,,,,,,,,,,,,,,,,,3.0,BloodthirsterRadiant,InfinityEdge,GuardianAngel,,,,,,,,,,,,,,,,,,,,,,,,,,,,,,,,,,,,,,,,,,,,,,,,,,,,,,,,,,,,,,,,,3.0,GuinsoosRageblade,Quicksilver,Deathblade,,,,,,,,,,,,,,,,,,,,,,,,,,,,,,,,,,,,,,,,,3.0,CannoneerEmblemItem,ArchangelsStaff,,,,,,,,None,None,3.0,Bloodthirster,GuinsoosRageblade,MadredsBloodrazor,,,,,,,,,,,,,,,,,,,,,,,,,,,,,,,,
3,EUW1_5971026930,TFT7_Augment_MageConference,TFT6_Augment_ComponentGrabBag,TFT6_Augment_FuturePeepers2,,0.0,1.0,,,,1.0,0.0,,,1.0,2.0,,,0.0,1.0,,,,2.0,,,1.0,,,,0.0,0.0,,,,,,,,,,,,,,,,,,,,,1.0,ZephyrRadiant,,,,,,,,,,,,,,,,,,,,,,,2.0,Deathblade,ZekesHerald,RedBuff,,,,,2.0,JeweledGauntlet,,,,,,,2.0,,,,,,,,,,,,,,,,,,,,,,,,,,,,,,,,,,,,,,,,,,,,,,,,2.0,RedBuff,WarmogsArmor,BrambleVest,3.0,Quicksilver,Deathblade,RunaansHurricane,,,,,,,,,,,,,,,,,,,,,,,,,,,,,,,,,,,,,,,,,,,,,,,,,,,,,1.0,NeedlesslyLargeRod,,,,,,,,,,,,,,,,,,,,,,,,,,,,,None,None,,,,,,,,,,,,,,,,,,,,,,,,,2.0,HextechGunblade,SeraphsEmbrace,BrambleVest,,,,,,,,
4,EUW1_5971026930,TFT7_Augment_GadgetExpert,TFT6_Augment_ComponentGrabBag,TFT6_Augment_CyberneticImplants3,,,,0.0,,0.0,1.0,0.0,,1.0,,,,,3.0,,0.0,,0.0,,,,,,,,1.0,0.0,,,,,,,,,,,,,,,,,,,,,,,,,2.0,MirageEmblemItem,FrozenHeart,TitanicHydra,,,,,,,,,2.0,StatikkShiv,StatikkShiv,GuinsoosRageblade,,,,,,,,,,,,,,,,,,,,,,,,,1.0,,,,,,,,,,,,,,,,,,,,,,,,,,,,2.0,RedBuff,FrozenHeart,WarmogsArmor,,,,,,,,,,,,,,,,,,,,,,,,,2.0,LastWhisper,RunaansHurricane,MirageEmblemItem,,,,,,,,,,,,,,,,,,,,,,,,,,,,,,,,,,,,,,,,,,,,,,,,,,,,,,,,,,,,,,,,,,,,,2.0,ArchangelsStaff,,,,,None,None,,,,,,,,,,,,,,,,,,,,,,,,,1.0,GuardianAngel,StatikkShiv,StatikkShiv,,,,,,,,
2,EUW1_5971026930,TFT7_Augment_AssassinEmblem,TFT7_Augment_BestFriends2,TFT6_Augment_CyberneticImplants3,2.0,,,2.0,,,1.0,,,,1.0,,0.0,0.0,,,0.0,,0.0,,,,,,1.0,,0.0,2.0,,,,,,,,,,,,,,,,,,,,,,,,,,,,,,,,,2.0,FrozenHeart,HextechGunblade,,,,,,,,,,,,,,3.0,InfinityEdge,UnstableConcoction,AssassinEmblemItem,,,,,,,,,,,,,,,,,,,,,,,,,,,,,,,,,,,,,,,,,,,,,,,,,,,,,,,,,,,,,,,,,,,,,,,,,2.0,ThiefsGloves,InfinityEdge,MadredsBloodrazor,,,,,2.0,ZekesHerald,,,,,,,,,,,,,,,,,,,2.0,RedBuff,WarmogsArmor,IonicSpark,,,,,,,,,,,,,,,,,,,,,2.0,,,,,,,,2.0,RapidFireCannon,MadredsBloodrazor,RapidFireCannon,,,,,,,,,,,None,None,,,,,,,,,,,,,,,,,,,,,,,,,,,,,,,,,,,,
1,EUW1_5971026930,TFT6_Augment_CelestialBlessing2,TFT6_Augment_LudensEcho2,TFT7_Augment_DragonmancerEmblem2,,,,,,0.0,,2.0,,,,1.0,,,0.0,,1.0,,,1.0,,,1.0,0.0,0.0,,0.0,,,,,,,,,,,,,,2.0,SeraphsEmbrace,ArchangelsStaff,HextechGunblade,,,,,,,,,,,,,,,,,,,,,,,,,,,,,,,,,,,,,,,,,,,,,,,,,2.0,DragonmancerEmblemItem,,,,,,,,,,,,,,,,,,,,,,,3.0,TitansResolve,JeweledGauntlet,FrozenHeart,,,,,,,,,,,,,,,,,2.0,RedBuff,WarmogsArmor,Redemption,,,,,,,,,,,,,,,,,,,,,,,,,,,,,,,,,,,,,2.0,,,,,,,,,,,,,,,,,,,,1.0,,,,3.0,ArchangelsStaff,Quicksilver,GuinsoosRageblade,,,,,,,,,,,,,,,,,,,,,,,None,None,,,,,,,,,,,,,,,,,,,,,,,,,2.0,UnstableConcoction,InfinityEdge,SeraphsEmbrace,,,,,,,,
7,EUW1_5971026930,TFT6_Augment_PortableForge,TFT6_Augment_ThrillOfTheHunt2,TFT6_Augment_HighEndShopping,0.0,,1.0,,,,1.0,,1.0,,2.0,2.0,0.0,0.0,,1.0,,,,0.0,0.0,1.0,1.0,,,,,,,,,,1.0,,,,,,,,,,,,,,,,1.0,,,,,,,,,,,,,,,,,,,,,,,,2.0,MadredsBloodrazor,Bloodthirster,GuinsoosRageblade,,,,,,,,,,,,,,,,,,,,,,,,,,,,,,,,,,,,,,,,,,,,,,,,,,,,,,,,,,,,,2.0,RedBuff,OrnnEternalWinter,BrambleVest,,,,,,,,,,,,,,,,,,,,,,,,,,,,,,,,,,,,,,,,,,,,,,,,,,,,,,,,,1.0,SpearOfShojin,EvokerEmblemItem,,,,,,,,,,,,,,1.0,,,,,,,,,,,,,,None,None,,,,,,,,,,,,,,,,,,,,,,,,,,,,,,,,,2.0,,,
8,EUW1_5971026930,TFT7_Augment_BruiserTitanicStrength,TFT6_Augment_PortableForge,TFT6_Augment_VerdantVeil,,0.0,,3.0,,,1.0,,,,,,0.0,0.0,,,0.0,,0.0,,,,,0.0,0.0,,1.0,2.0,,,,,,,,,,,,,,,,,,,,,,,,,,,,,,,,,,,,,,,,,,,,,,,,,2.0,OrnnDeathsDefiance,GuinsoosRageblade,TitansResolve,,,,,,,,,,,,,,,,,,,,,1.0,,,,,,,,,,,,,,,,,,,,,,,,,,,,,,,,,,,,,,,,,,,,,,,,1.0,,,,2.0,WarmogsArmor,JeweledGauntlet,WarmogsArmor,,,,,,,,,,,,,,,,,,,,,,,,,2.0,ZekesHerald,,,,,,,,,,,,,,,,,,,,,,,2.0,,,,,,,,,,,,,,,,,,,,,,None,None,,,,,,,,,,,,,,,,,,,,,2.0,Bloodthirster,InfinityEdge,UnstableConcoction,,,,,,,,,,,,
4,EUW1_5971253573,TFT6_Augment_RichGetRicher,TFT6_Augment_PortableForge,TFT7_Augment_ThinkFast,1.0,,,,,,1.0,0.0,,0.0,,,0.0,0.0,,,0.0,,,,4.0,1.0,,0.0,,,0.0,0.0,2.0,,,,,,,,,,,,,,,,,,,,,,,,,,,,,,,,,,,,,,,,3.0,OrnnEternalWinter,GargoyleStoneplate,Redemption,,,,,,,,,,,,,,,,,,,,,,,,,,,,,,,,,,,,,,,,,3.0,ShimmerscaleHeartOfGold,,,,,,,,,,,,,,,,,,,,,,,,,,,,,,,,,,,,,,,,,,,2.0,ShimmerscaleEmblemItem,JeweledGauntlet,,,,,,,,,,,,,,,,,,,,,,,,,,,,,,,,,,,,,,,,,,,,,,,,,,,,,,,,,,,,,,,,,,,,None,None,,,,,,,,,,,,,,,,,3.0,ShimmerscaleDiamondHands,Zephyr,RedBuff,2.0,ShimmerscaleDravensAxe,ShimmerscaleGamblersBlade,ShimmerscaleEmblemItem,,,,,,,,,2.0,ShimmerscaleCrownOfChampions,ArchangelsStaff,SpearOfShojin
3,EUW1_5971253573,TFT7_Augment_UrfsGrabBag1,TFT6_Augment_TomeOfTraits1,TFT6_Augment_WindfallPlusPlus,,2.0,1.0,1.0,,,,,,,2.0,,,0.0,,2.0,,,,0.0,,,,1.0,,,,,,,,,,,,,,,,,,,,,,,,,1.0,,,,,,,,,,,,,,,,,,,,,,,,,,,,,,,,,,,,,,,,,,,,,,,,,,,,3.0,RedBuff,IonicSpark,DragonsClaw,,,,,,,,,,,,,,,,,,,,,,,,,,,,,3.0,ThiefsGloves,RecurveBow,UnstableConcoction,,,,,3.0,MysticEmblemItem,JeweledGauntlet,BFSword,,,,,,,,,,,,,,,,,,,,,,,,,,,,,,,,,,,,,,,,,,,,,3.0,GuardianAngel,,,,,,,,,,,,,,,,,,,,,,,,,,,,,,,,,,,,,None,None,,,,,2.0,PowerGauntlet,LastWhisper,,3.0,RapidFireCannon,RunaansHurricane,Deathblade,3.0,,,,,,,,,,,,,,,,,,,,,,,
2,EUW1_5971253573,TFT7_Augment_MikaelsGift,TFT7_Augment_CannoneerEmblem,TFT6_Augment_CelestialBlessing3,,,,,3.0,,1.0,,1.0,1.0,,,,,,0.0,,2.0,0.0,,1.0,,,,,1.0,,,,,,,,,,,,,,,,,,,,,,,,,,,2.0,ThiefsGloves,Zephyr,GuardianAngel,2.0,MadredsBloodrazor,GuinsoosRageblade,UnstableConcoction,,,,,,,,,1.0,GargoyleStoneplate,BrambleVest,GargoyleStoneplate,,,,,,,,,,,,,,,,,,,,,,,,,,,,,,,,,2.0,ShimmerscaleDravensAxe,Quicksilver,,,,,,,,,,,,,,,,,,,,,,2.0,LocketOfTheIronSolari,,,,,,,,,,,,,,,,,,,,,,,,,,,,,,,,,,,,,,,,,,,,,,,,,,,,,,,,,,,,,,,2.0,CannoneerEmblemItem,,,,,,,,,,,,,,,,,,,,,,,,,,,,,,,3.0,TrainerSnax,None,None,2.0,ZekesHerald,ZekesHerald,InfinityEdge,,,,,,,,,,,,,,,,,,,,,,,,,,,,,,,,
1,EUW1_5971253573,TFT7_Augment_BestFriends2,TFT6_Augment_Ascension,TFT7_Augment_BestFriends3,1.0,,,1.0,,1.0,,,,,3.0,,0.0,,,,1.0,,,,,,,1.0,1.0,,0.0,,,,,,,,,,,,,,,,,,,,,,,,,,,,,,,,,,,,,,,,,,,,,,,,,,,,,,,,,,,,,,,,,,2.0,DragonsClaw,RedBuff,,,,,,,,,,,,,,,,,,,,,,,,,,,,,,,,,,,,,,,,,,,,,,,,,,,,,,,,,,2.0,,,,,,,,2.0,FrozenHeart,Zephyr,,,,,,2.0,,,,,,,,,,,,2.0,,,,,,,,,,,,,,,,,,,,,,,,,,,,,,,,3.0,UnstableConcoction,UnstableConcoction,MadredsBloodrazor,,,,,,,,,,,None,None,,,,,2.0,,,,,,,,,,,,,,,,2.0,GuinsoosRageblade,Bloodthirster,StatikkShiv,,,,,,,,,,,,
8,EUW1_5971253573,TFT7_Augment_JadeTrait,TFT6_Augment_TomeOfTraits1,TFT6_Augment_WindfallPlusPlus,,,1.0,,,,1.0,0.0,1.0,,1.0,3.0,0.0,,,2.0,,,,1.0,,,,0.0,,0.0,,,,,,,3.0,SpearOfShojin,Morellonomicon,,,,,,2.0,GuinsoosRageblade,InfinityEdge,LastWhisper,,,,,1.0,JadeEmblemItem,,,,,,,,,,,,,,,,,,,,,,,2.0,,,,,,,,,,,,,,,,2.0,RedBuff,WarmogsArmor,,,,,,,,,,,,,,,,,,,,,,,,,,,,,,,,,,,,,,1.0,,,,,,,,2.0,,,,,,,,,,,,,,,,,,,,,,,,,,,,,,,,,,,,,,,,,,,,,,,,,,,,,,,,,,,,,,,,,,,,,,,,,,,,,,,,,,,,,,,,,,None,None,,,,,,,,,,,,,,,,,,,,,,,,,,,,,,,,,,,,
7,EUW1_5971253573,TFT7_Augment_DragonmancerInspire,TFT7_Augment_AxiomArc2,TFT7_Augment_UrfsGrabBag2,,,,,,,1.0,2.0,,,,1.0,,,0.0,,1.0,,,1.0,,,,0.0,0.0,,0.0,,,,,,,,,,,,,,2.0,,,,,,,,,,,,,,,,,,,,,,,,,,,,,,,,,,,,,,,,,,,,,,,,,,,,,,,,,,,,,,,,,,,,2.0,,,,,,,,2.0,,,,,,,,,,,,,,,,,,,,2.0,DragonmancerEmblemItem,FrozenHeart,,,,,,,,,,,,,,,,,,,,,,,,,,,,,,,,,,,,,,,,,,,,,,1.0,FrozenHeart,HextechGunblade,RabadonsDeathcap,,,,,,,,,,,,,2.0,Quicksilver,GuinsoosRageblade,MadredsBloodrazor,,,,,,,,,,,,,,,,,,,,,,,None,None,,,,,,,,,,,,,,,,,,,,,,,,,1.0,,,,,,,,,,,
6,EUW1_5971253573,TFT6_Augment_RichGetRicher,TFT7_Augment_MageConference,TFT7_Augment_TomeOfTraits2,,0.0,,1.0,,0.0,,,,,1.0,0.0,0.0,3.0,,0.0,,,0.0,0.0,0.0,1.0,,,0.0,,,0.0,,,,,,,,,,,,,,,,,,,,,,,,,,,,,,,,,,,,,,,,,,,,,,,,,,,,,,,,,,,,,,,,,,,,,,,,,,,,,,,,,,,,,,,,,,,,,,,,,2.0,,,,,,,,3.0,HextechGunblade,SpearOfShojin,JeweledGauntlet,1.0,,,,,,,,,,,,,,,,2.0,MageEmblemItem,,,,,,,,,,,3.0,HextechGunblade,ArchangelsStaff,SpearOfShojin,,,,,,,,,,,,,,,,,,,,,,,,,,,,,,,,,,,,,3.0,RedBuff,GargoyleStoneplate,,,,,,,,,,,,,,,,,,,,None,None,,,,,,,,,,,,,2.0,,,,,,,,,,,,,,,,,,,,1.0,Zephyr,,
5,EUW1_5971253573,TFT7_Augment_ClutteredMind,TFT7_Augment_BestFriends2,TFT7_Augment_ThinkFast,,,1.0,1.0,1.0,,1.0,0.0,1.0,,1.0,,,0.0,0.0,1.0,,1.0,,,,,,,,1.0,0.0,2.0,,,,,,,,,,,,,,,,,,,,,2.0,,,,,,,,3.0,MadredsBloodrazor,GuinsoosRageblade,Deathblade,,,,,,,,,,,,,,,,,2.0,TitansResolve,GargoyleStoneplate,UnstableConcoction,,,,,,,,,,,,,,,,,,,,,,,,,,,,,,,,,,,,,,,,,,,,,,,,,2.0,,,,,,,,,,,,,,,,,,,,,,,,,,,,,,,,,,,,,,,,,,,,,,,,,,,,,,,,,,,,,,,,1.0,StatikkShiv,,,,,,,,,,,1.0,,,,,,,,,,,,,,,,,,,,3.0,TrainerSnax,None,None,2.0,,,,,,,,,,,,,,,,,,,,,,,,2.0,RedBuff,WhispersEmblemItem,EvokerEmblemItem,,,,,,,,
4,EUW1_5970821340,TFT7_Augment_BandOfThieves1,TFT6_Augment_ComponentGrabBag,TFT6_Augment_BlueBattery2,,,,,,,1.0,1.0,,1.0,,2.0,,,0.0,0.0,,,,,,,,1.0,1.0,,,,,,,,,,,,,,,,1.0,,,,,,,,,,,,,,,,,,,,,,,,,,,,,,,,2.0,MadredsBloodrazor,Bloodthirster,,,,,,,,,,2.0,SeraphsEmbrace,BFSword,,,,,,,,,,,,,,,,,,,,,,2.0,,,,,,,,2.0,UnstableConcoction,InfinityEdge,,2.0,RedBuff,GargoyleStoneplate,Redemption,,,,,,,,,,,,,,,,,,,,,,,,,,,,,,,,,,,,,,,,,,,,,,,,,,,,,,,,,,,,,,,,,,,,,,,,,,,,,,,,,,,,,,,,,,,,,2.0,ThiefsGloves,BFSword,RapidFireCannon,,,,,,,None,None,,,,,,,,,,,,,,,,,,,,,,,,,,,,,,,,,,,,
1,EUW1_5970821340,TFT7_Augment_AxiomArc1,TFT6_Augment_SunfireBoard,TFT7_Augment_DragonHorde,,,,1.0,,,2.0,,,1.0,,,,0.0,2.0,,,,,,1.0,,,,,,,2.0,,,,,,,,,,,,,,,,,,,,,,,,,,,,,,,,,,,,,2.0,UnstableConcoction,ShimmerscaleGamblersBlade,Quicksilver,2.0,WarmogsArmor,BrambleVest,Redemption,,,,,2.0,InfinityEdge,MadredsBloodrazor,Bloodthirster,,,,,,,,,,,,,,,,,,,,,,,,,,,,,,,,,,,,,,,,,1.0,PowerGauntlet,TitansResolve,,,,,,,,,,,,,,,,,,,,,,,,,,,,,,,,,,,,,,,,,,,,,,,,,,,,,,,,,,,,,,,,,,,,,,,,,,,,,,,,,,2.0,ThiefsGloves,Zephyr,GuardianAngel,,,,,,,,,,,,,,,,,,,None,None,,,,,,,,,,,,,,,,,,,,,,,,,,,,,,,,,,,,
2,EUW1_5970821340,TFT6_Augment_PandorasItems,TFT6_Augment_PortableForge,TFT6_Augment_ComponentGrabBag,0.0,,,2.0,,,1.0,,,,,0.0,0.0,0.0,,,,,0.0,1.0,,,,,1.0,,0.0,3.0,,,,,,,,,,,,,,,,,,,,,,,,,,,,,,,,,,,,,,,,,,,,,,,,,2.0,OrnnInfinityForce,Bloodthirster,TitansResolve,3.0,MadredsBloodrazor,GuinsoosRageblade,PowerGauntlet,,,,,,,,,,,,,,,,,,,,,,,,,,,,,,,,,,,,,,,,,,,,,,,,,,,,,2.0,WarmogsArmor,RedBuff,GargoyleStoneplate,,,,,,,,,1.0,,,,2.0,ThiefsGloves,LocketOfTheIronSolari,TitanicHydra,1.0,JeweledGauntlet,SeraphsEmbrace,Morellonomicon,,,,,,,,,,,,,,,,,,,,,,,,,,,,,,,,,,,,,,,,,,,,,2.0,TempestEmblemItem,,,,,,,,,,,,,,,,,,,,,None,None,,,,,,,,,,,,,,,,,,,,,,,,,,,,,,,,,,,,
8,EUW1_5970821340,TFT6_Augment_ThrillOfTheHunt1,TFT7_Augment_GuardianHeroicPresence,TFT6_Augment_SunfireBoard,,,,,,,,0.0,,1.0,1.0,1.0,,,,,,,,,,,,1.0,0.0,,,0.0,,,,,,,,,,,,,2.0,,,,,,,,,,,,,,,,,,,,,,,,,,,,,,,,,,,,,,,,,,,,3.0,GuinsoosRageblade,Redemption,HextechGunblade,,,,,,,,,,,,,,,,,,,,,2.0,GuardianEmblemItem,,,,,,,,,,,,,,,,,,,,,,,,,,,,,,,,,,,,,,,,,,,,,,,,,,,,,,,,,,,,,,,,,,,,,,,,,,,,,,,,,,,,,,,,,,,,,,,,,,,,,,,,,,,2.0,,,,1.0,ThiefsGloves,RecurveBow,TitansResolve,,,None,None,,,,,1.0,,,,,,,,,,,,,,,,,,,,,,,,,,,,,,,
7,EUW1_5970821340,TFT7_Augment_WarriorTrait,TFT7_Augment_LastStand,TFT6_Augment_ThrillOfTheHunt2,1.0,,,2.0,,,,,,,,,0.0,0.0,0.0,,0.0,,1.0,,,,,,1.0,,2.0,0.0,,,,,,,,,,,,,,,,,,,,,,,,,,,,,,,,,2.0,,,,,,,,,,,,,,,,,,,,,,,,,,,,,,,,,,,,,,,,,,,,,,,,,,,,,,,,,,,,,,,,,,,,,,,,,,,,,,,,,,,,,,,,2.0,GuinsoosRageblade,InfinityEdge,,2.0,TearOfTheGoddess,GargoyleStoneplate,,,,,,1.0,,,,,,,,,,,,,,,,,,,,2.0,,,,,,,,,,,,,,,,,,,,,,,,1.0,,,,,,,,,,,,,,,,,,,,,,None,None,,,,,,,,,,,,,,,,,,,,,,,,,,,,,3.0,Bloodthirster,GuinsoosRageblade,Quicksilver,,,,
6,EUW1_5970821340,TFT6_Augment_CyberneticUplink1,TFT6_Augment_TomeOfTraits1,TFT6_Augment_PortableForge,0.0,,,,0.0,0.0,1.0,0.0,,0.0,,,0.0,0.0,,,1.0,,,0.0,2.0,1.0,,,,,,,,,,,,,,,,,,,,,,,,,,,,,,,,,,,,,,,,,,,,,,,2.0,DragonsClaw,GargoyleStoneplate,OrnnEternalWinter,,,,,,,,,,,,,,,,,,,,,2.0,,,,,,,,,,,,,,,,,,,,2.0,,,,,,,,,,,,,,,,,,,,,,,,,,,,,,,,,,,,,,,,,,,,,,,,,,,,,,,,,,,,2.0,GiantsBelt,,,,,,,,,,,,,,,,,,,,,,,,,,,2.0,ShimmerscaleGamblersBlade,LegendEmblemItem,StatikkShiv,,,,,,,,,,,,,,,,,,,,,,,None,None,,,,,,,,,,,,,,,,,2.0,LocketOfTheIronSolari,ShimmerscaleGoldmancersStaff,RabadonsDeathcap,,,,,,,,,,,,,1.0,JeweledGauntlet,,
5,EUW1_5970821340,TFT6_Augment_ThrillOfTheHunt1,TFT7_Augment_BestFriends2,TFT7_Augment_AssassinCutthroat,2.0,,,1.0,,,,,,,1.0,0.0,0.0,,,,0.0,,1.0,,0.0,,1.0,,1.0,,1.0,,,,,,,,,,,,,,,,,,,,,,,,,,,,,,,,,,2.0,FrozenHeart,HextechGunblade,WarmogsArmor,,,,,,,,,,,,,,,,,,,,,,,,,,,,,,,,,,,,,,,,,,,,,,,,,1.0,,,,,,,,,,,,,,,,,,,,,,,,,,,,,,,,,,,,2.0,RapidFireCannon,InfinityEdge,,2.0,,,,,,,,2.0,,,,,,,,,,,,,,,,,,,,2.0,,,,,,,,,,,,,,,,1.0,,,,,,,,,,,,,,,,2.0,Quicksilver,InfinityEdge,StatikkShiv,,,,,,,,,,,None,None,,,,,,,,,,,,,,,,,,,,,,,,,,,,,,,,,,,,
3,EUW1_5970821340,TFT7_Augment_MirageTrait,TFT6_Augment_ComponentGrabBag,TFT6_Augment_ThrillOfTheHunt2,,,,,,3.0,1.0,0.0,,,1.0,,,0.0,3.0,,0.0,,0.0,,,,,,,,1.0,,,,,,,,,,,,,,,,,,,,,,,,,,,,,,,,,,,,,,2.0,MadredsBloodrazor,GuinsoosRageblade,Quicksilver,,,,,,,,,,,,,,,,,,,,,,,,,2.0,ThiefsGloves,TearOfTheGoddess,SpearOfShojin,,,,,,,,,,,,,,,,,,,,,,,,,,,,,3.0,LocketOfTheIronSolari,StatikkShiv,ZekesHerald,,,,,,,,,,,,,,,,,2.0,WarmogsArmor,GargoyleStoneplate,WarmogsArmor,,,,,,,,,,,,,,,,,,,,,2.0,Redemption,,,,,,,,,,,,,,,,,,,,,,,,,,,,,,,,,,,,,,,,,,,,,,,,,,,,,,,,,None,None,,,,,,,,,,,,,,,,,,,,,,,,,1.0,Deathblade,UnstableConcoction,,2.0,,,,,,,
8,EUW1_5971356070,TFT6_Augment_CyberneticImplants1,TFT6_Augment_Diversify1,TFT6_Augment_SalvageBin,,,,,,,1.0,1.0,,,,0.0,,,0.0,,2.0,,,1.0,,,,0.0,0.0,,0.0,,,,,,,,,,,,,,,,,,,,,,,,,,,,,,,,,,,,,,,,,,,,,,,,,,,,,,,,,,,,,,,,,,,,,,,,,,,,,,,,,,1.0,,,,,,,,2.0,,,,,,,,,,,,,,,,,,,,,,,,,,,,,,,,,,,,,,,,,,,,,,,,,,,,,,,,,,,,2.0,,,,,,,,1.0,,,,,,,,,,,,,,,,2.0,GuinsoosRageblade,GuinsoosRageblade,MadredsBloodrazor,,,,,,,,,,,,,,,,,,,,,,,None,None,,,,,,,,,,,,,,,,,,,,,1.0,GuinsoosRageblade,Deathblade,,1.0,,,,,,,,,,,
7,EUW1_5971356070,TFT7_Augment_BandOfThieves1,TFT6_Augment_Featherweights1,TFT6_Augment_SunfireBoard,,0.0,,,,,1.0,0.0,,,,2.0,,,,0.0,0.0,,,2.0,,,1.0,,,,,0.0,,,,,,,,,,,,,,,,,,,,,,,,,,,,,,,,,,,,,,,,,,,,,2.0,ThiefsGloves,Bloodthirster,DragonsClaw,,,,,1.0,,,,,,,,1.0,,,,,,,,,,,,,,,,,,,,,,,,,,,,,,,,,,,,,,,,,,,,,,,,2.0,FrozenHeart,GargoyleStoneplate,HextechGunblade,3.0,GuinsoosRageblade,Bloodthirster,MadredsBloodrazor,,,,,,,,,,,,,,,,,,,,,,,,,,,,,,,,,,,,,,,,,,,,,,,,,,,,,1.0,,,,2.0,,,,,,,,,,,,,,,,,,,,,,,,,,None,None,,,,,,,,,,,,,,,,,,,,,,,,,,,,,,,,,,,,
2,EUW1_5971356070,TFT6_Augment_PandorasItems,TFT6_Augment_LudensEcho1,TFT6_Augment_PortableForge,,,,,0.0,,1.0,0.0,1.0,,,2.0,0.0,,,1.0,,0.0,,1.0,,,,0.0,,0.0,,,,,,,3.0,SpearOfShojin,RabadonsDeathcap,ArchangelsStaff,,,,,2.0,StatikkShiv,,,,,,,,,,,,,,,2.0,,,,,,,,,,,,,,,,2.0,MadredsBloodrazor,OrnnDeathsDefiance,InfinityEdge,,,,,,,,,,,,,2.0,Shroud,FrozenHeart,WarmogsArmor,,,,,,,,,,,,,,,,,,,,,,,,,,,,,,,,,,,,,2.0,,,,,,,,2.0,Morellonomicon,WarmogsArmor,GargoyleStoneplate,,,,,,,,,,,,,,,,,,,,,,,,,,,,,,,,,,,,,,,,,,,,,,,,,,,,,,,,,,,,,,,,,,,,,,,,,,,,,,,,,,,,,,,None,None,,,,,,,,,,,,,,,,,,,,,,,,,,,,,,,,,,,,
1,EUW1_5971356070,TFT7_Augment_AFK,TFT7_Augment_GuildTrait,TFT6_Augment_CelestialBlessing2,1.0,,1.0,1.0,,1.0,,,,,5.0,,0.0,,,0.0,1.0,,,,,,,1.0,1.0,,0.0,,,,,,,,,,,,,,,,,,,,,,1.0,,,,,,,,,,,,,,,,,,,,,,,,,,,,,,,,,,,,,,,,,,,,2.0,DragonsClaw,BrambleVest,RedBuff,,,,,,,,,,,,,,,,,,,,,,,,,,,,,,,,,,,,,,,,,,,,,,,,,,,,,,,,,2.0,GargoyleStoneplate,,,,,,,2.0,,,,,,,,2.0,,,,,,,,,,,,2.0,,,,,,,,,,,,,,,,,,,,,,,,,,,,,,,,2.0,InfinityEdge,UnstableConcoction,UnstableConcoction,,,,,,,,,,,None,None,,,,,2.0,GuinsoosRageblade,,,,,,,,,,,,,,,2.0,GuinsoosRageblade,MadredsBloodrazor,Quicksilver,,,,,,,,,,,,
6,EUW1_5971356070,TFT7_Augment_AFK,TFT7_Augment_BestFriends1,TFT7_Augment_CannoneerEmblem,,,1.0,1.0,3.0,,1.0,,0.0,,1.0,,0.0,,,0.0,,2.0,,,,,,,0.0,0.0,,1.0,,,,,,,,,,,,,,,,,,,,,1.0,CannoneerEmblemItem,,,,,,,2.0,MadredsBloodrazor,MadredsBloodrazor,UnstableConcoction,,,,,,,,,,,,,,,,,2.0,Redemption,RedBuff,,,,,,,,,,,,,,,,,,,,,,,,,,1.0,Shroud,,,,,,,,,,,,,,,,,,,,,,,,,,,,,,,,,,,,,,,,,,,,,,,2.0,RedBuff,,,,,,,,,,,,,,,,,,,,,,,,,,,,,,,,,,,,,,,2.0,,,,,,,,,,,,,,,,,,,,,,,,,,,,,,,,,,None,None,1.0,,,,,,,,,,,,,,,,,,,,,,,,,,,,,,,,,,,
5,EUW1_5971356070,TFT6_Augment_CyberneticUplink1,TFT7_Augment_BestFriends1,TFT6_Augment_PortableForge,1.0,,,0.0,,,,,,,,,,,,,,,1.0,,,,,,,,0.0,0.0,,,,,,,,,,,,,,,,,,,,,,,,,,,,,,,,,2.0,PowerGauntlet,GargoyleStoneplate,,,,,,,,,,,,,,,,,,,,,,,,,,,,,,,,,,,,,,,,,,,,,,,,,,,,,,,,,,,,,,,,,,,,,,,,,,,,,,,,,,,,,,2.0,GuinsoosRageblade,Quicksilver,Bloodthirster,,,,,1.0,FrozenHeart,OrnnTheCollector,StatikkShiv,,,,,,,,,,,,,,,,,,,,,,,,,,,,,,,,,,,,,,,,,,,,,,,,,,,,,,,,,,,,,,,,,,,None,None,,,,,,,,,,,,,,,,,,,,,,,,,,,,,,,,,,,,
4,EUW1_5971356070,TFT6_Augment_CelestialBlessing1,TFT7_Augment_AxiomArc1,TFT6_Augment_TomeOfTraits1,,,,,,,,,,,,,,,,,,,,,,,,,,,,,,,,,,,,,,,,,,,,,,,,,,,,,,,,,,,,,,,,,,,,,,,,,,,,,,,,,,,,,,,,,,,,,,,,,,,,,,,,,,,,,,,,,,,,,,,,,,,,,,,,,,,,,,,,,,,,,,,,,,,,,,,,,,,,,,,,,,,,,,,,,,,,,,,,,,,,,,,,,,,,,,,,,,,,,,,,,,,,,,,,,,,,,,,,,,,,,,,,,,,,,,,,,,,,,,,,,,,,,,,,,,,,,,,,,,,,,,,,
3,EUW1_5971356070,TFT7_Augment_AFK,TFT6_Augment_SecondWind1,TFT7_Augment_BigFriend2,,,,,,,,,,,,,,,,,,,,,,,,,,,,,,,,,,,,,,,,,,,,,,,,,,,,,,,,,,,,,,,,,,,,,,,,,,,,,,,,,,,,,,,,,,,,,,,,,,,,,,,,,,,,,,,,,,,,,,,,,,,,,,,,,,,,,,,,,,,,,,,,,,,,,,,,,,,,,,,,,,,,,,,,,,,,,,,,,,,,,,,,,,,,,,,,,,,,,,,,,,,,,,,,,,,,,,,,,,,,,,,,,,,,,,,,,,,,,,,,,,,,,,,,,,,,,,,,,,,,,,,,
7,EUW1_5971187918,TFT7_Augment_BruiserTitanicStrength,TFT7_Augment_LategameSpecialist,TFT7_Augment_TempestTrait,,,,2.0,,,1.0,,,0.0,,,0.0,0.0,,,0.0,,,0.0,,,,,1.0,,0.0,3.0,,,,,,,,,,,,,,,,,,,,,,,,,,,,,,,,,,,,,,,,,,,,,,,,,2.0,InfinityEdge,UnstableConcoction,Bloodthirster,1.0,,,,,,,,,,,,,,,,,,,,,,,,,,,,,,,,,,,,,,,,,,,,,,,,,,,,,,,,,,,,,,,,,,,,,,,,2.0,WarmogsArmor,,,,,,,,,,,,,,,,,,,,,,,,,,,1.0,LocketOfTheIronSolari,,,,,,,,,,,,,,,,,,,,,,,2.0,,,,,,,,,,,,,,,,3.0,GuinsoosRageblade,SpearOfShojin,StatikkShiv,,,None,None,,,,,,,,,,,,,,,,,,,,,,,,,,,,,,,,,,,,
8,EUW1_5971187918,TFT6_Augment_JeweledLotus,TFT7_Augment_AxiomArc1,TFT6_Augment_ThrillOfTheHunt1,,0.0,,1.0,,3.0,,,,,2.0,,,2.0,0.0,0.0,0.0,,0.0,,,,,,,,0.0,0.0,,,,,,,,,,,,,,,,,,,,,,,,,,,,,,,,,,,,,,,,,,,,,,,,,,,,,,,,,,,,,,,,,1.0,MageEmblemItem,,,,,,,,,,,,,,,,,,,,,,,,,,,,,,,3.0,HextechGunblade,InfinityEdge,JeweledGauntlet,,,,,2.0,SpearOfShojin,,,,,,,,,,,1.0,,,,,,,,,,,,,,,,,,,,2.0,,,,2.0,,,,,,,,,,,,2.0,,,,,,,,,,,,,,,,,,,,,,,,1.0,WarmogsArmor,,,,,,,,,,,,,,,,,,,,,None,None,,,,,,,,,,,,,,,,,,,,,,,,,,,,,,,,,,,,
2,EUW1_5971187918,TFT6_Augment_Traitless2,TFT7_Augment_Preparation,TFT6_Augment_Traitless1,0.0,0.0,,0.0,0.0,,,0.0,,0.0,,0.0,,0.0,,0.0,0.0,,0.0,0.0,,,,0.0,0.0,0.0,0.0,,,,,,,,,,,,,,3.0,,,,,,,,,,,,3.0,RedBuff,Shroud,GargoyleStoneplate,,,,,,,,,,,,,,,,,,,,,,,,,,,,,,,,,3.0,MadredsBloodrazor,,,,,,,,,,,,,,,,,,,,,,,,,,,,,,,,,,,,,,,,,,,2.0,,,,,,,,,,,,,,,,,,,,,,,,,,,,3.0,ThiefsGloves,,,,,,,,,,,,,,,,,,,3.0,,,,,,,,,,,,,,,,,,,,,,,,,,,,,,,,,,,,,,,,,,,,,,None,None,3.0,GuinsoosRageblade,MadredsBloodrazor,Deathblade,,,,,,,,,,,,,,,,,,,,,,,,,,,,,,,,
1,EUW1_5971187918,TFT7_Augment_MageEmblem,TFT6_Augment_LudensEcho1,TFT6_Augment_PandorasItems,,1.0,,1.0,0.0,,,,1.0,,1.0,,,2.0,,1.0,,0.0,,,,,,,,1.0,,0.0,,,,,,,,,,,,,,,,,,,,,,,,,,,,,,,,,,,,,,,,,,,,,,,,,,,,,,,,,,,,,,,,,,,,,,,,,3.0,RedBuff,,,,,,,,,,,,,,,,,,,,,,,,,,,2.0,,,,3.0,StatikkShiv,SpearOfShojin,RabadonsDeathcap,,,,,,,,,,,,,,,,,,,,,,,,,,,,,2.0,ArchangelsStaff,SpearOfShojin,HextechGunblade,,,,,,,,,,,,,,,,,,,,,,,,,2.0,MageEmblemItem,,,,,,,,,,,2.0,GargoyleStoneplate,,,,,,,,,,,,,,,,,,,1.0,TrainerSnax,None,None,1.0,,,,,,,,,,,,3.0,,,,,,,,,,,,,,,,,,,,,,,
6,EUW1_5971187918,TFT6_Augment_FuturePeepers,TFT6_Augment_PandorasItems,TFT7_Augment_CannoneerTrait,,,,,2.0,,1.0,,1.0,1.0,,,,,,0.0,,3.0,0.0,,1.0,,,,,1.0,,,,,,,,,,,,,,,,,,,,,,,,,,,2.0,,,,2.0,LastWhisper,GuinsoosRageblade,Deathblade,,,,,,,,,2.0,WarmogsArmor,NegatronCloak,,,,,,,,,,,,,,,,,,,,,,,,,,,,,,,,,,,,,,,,,,,,,,,,,,,,,,,,,,2.0,Zephyr,RevelEmblemItem,,,,,,,,,,,,,,,,,,,,,,,,,,,,,,,,,,,,,,,,,,,,,,,,,,,,,,,,,,,,,,1.0,ArchangelsStaff,ShimmerscaleGoldmancersStaff,SpearOfShojin,,,,,,,,,,,,,,,,,,,,,,,,,,,,,2.0,TrainerSnax,None,None,2.0,RevelEmblemItem,,,,,,,,,,,,,,,,,,,,,,,,,,,,,,,,,,
5,EUW1_5971187918,TFT7_Augment_Bloodlust1,TFT6_Augment_CelestialBlessing1,TFT6_Augment_Distancing,1.0,,,,,,,2.0,,,,0.0,0.0,,0.0,,0.0,,,,0.0,,,0.0,1.0,,0.0,0.0,,,,,,,,,,,,,2.0,,,,,,,,,,,,,,,,,,,,,,,,,,,,,,,,,,,,,,,,,,,,,,,,,,,,,,,,,,,,,,,,,,,,2.0,,,,,,,,3.0,UnstableConcoction,JeweledGauntlet,InfinityEdge,,,,,,,,,,,,,,,,,,,,,,,,,,,,,,,,,,,,,1.0,,,,2.0,,,,,,,,,,,,,,,,2.0,,,,,,,,,,,,,,,,,,,,,,,,,,,,,,,,,,,,,,,,,,,,,,,,,,None,None,,,,,,,,,,,,,,,,,2.0,GargoyleStoneplate,NegatronCloak,,,,,,1.0,InfinityEdge,TitansResolve,SpearOfShojin,,,,,,,,
4,EUW1_5971187918,TFT6_Augment_RichGetRicher,TFT6_Augment_ThrillOfTheHunt1,TFT6_Augment_MakeshiftArmor1,1.0,,,,,1.0,1.0,0.0,,,1.0,,,,,,3.0,,,1.0,0.0,,,0.0,,,,,,,,,,,,,,,,,,,,,,,,,,,,,,,,,,,,,,,,,,,,,,,,,,,,,,,,,,,,,,,,,,,,,2.0,Redemption,,,,,,,,,,,,,,,,,,,1.0,,,,,,,,,,,,,,,,,,,,,,,,,,,,,,,,,,,,,,,,,,,,,,,,,,,,,,,,,,,,,,,,2.0,,,,,,,,1.0,Morellonomicon,DragonsClaw,CavalierEmblemItem,,,,,,,,,,,,,2.0,,,,,,,,,,,,2.0,RagewingEmblemItem,,,,,,,,,,,,,None,None,,,,,,,,,,,,,,,,,,,,,2.0,MadredsBloodrazor,GuinsoosRageblade,Quicksilver,,,,,,,,,,,,
3,EUW1_5971187918,TFT7_Augment_ClutteredMind,TFT6_Augment_SecondWind1,TFT6_Augment_Weakspot,2.0,,,2.0,,,,0.0,,,,,0.0,0.0,,,0.0,,1.0,,,,,,1.0,,1.0,1.0,,,,,,,,,,,,,,,,,,,,,,,,,,,,,,,,,3.0,ArchangelsStaff,TitanicHydra,IonicSpark,,,,,,,,,,,,,,,,,,,,,,,,,,,,,,,,,,,,,,,,,,,,,,,,,,,,,2.0,,,,,,,,,,,,,,,,,,,,,,,,,,,,,,,,2.0,InfinityEdge,AssassinEmblemItem,RapidFireCannon,1.0,,,,2.0,GuardianAngel,ZekesHerald,,2.0,,,,,,,,,,,,,,,,,,,,1.0,,,,,,,,,,,,,,,,,,,,,,,,2.0,,,,,,,,,,,,,,,,,,,,,,None,None,,,,,,,,,,,,,,,,,,,,,,,,,,,,,,,,,,,,
2,EUW1_5971132618,TFT6_Augment_Weakspot,TFT7_Augment_ShapeshifterTrait,TFT7_Augment_BigFriend2,,0.0,,,,,1.0,0.0,0.0,,,2.0,0.0,,,0.0,0.0,,,3.0,,,,,,,,0.0,,,,,2.0,,,,,,,,,,,,,,,,,,,,,,,,,,,,,,,,,,,,,,,,2.0,Deathblade,DragonsClaw,,,,,,2.0,,,,,,,,1.0,Zephyr,,,,,,,,,,,,,,,,,,,,,,,,,,,,,,,,,,,,,,,,,,,,,,,2.0,WarmogsArmor,GargoyleStoneplate,Morellonomicon,3.0,GuinsoosRageblade,Quicksilver,MadredsBloodrazor,,,,,,,,,,,,,,,,,,,,,,,,,,,,,,,,,,,,,,,,,,,,,,,,,,,,,,,,,2.0,,,,,,,,,,,,,,,,,,,,,,,,,,None,None,,,,,,,,,,,,,,,,,,,,,,,,,,,,,,,,,,,,
1,EUW1_5971132618,TFT7_Augment_AxiomArc1,TFT6_Augment_SecondWind1,TFT7_Augment_CannoneerHotShot,,,,0.0,2.0,,1.0,,1.0,1.0,,,,0.0,,0.0,,3.0,,,1.0,,,,,2.0,,,,,,,,,,,,,,,,,,,,,,,,,,,,,,,2.0,InfinityEdge,GuinsoosRageblade,GuardianAngel,,,,,,,,,2.0,DragonsClaw,GargoyleStoneplate,TitansResolve,,,,,,,,,,,,,,,,,,,,,,,,,2.0,,,,,,,,1.0,,,,,,,,,,,,,,,,,,,,,,,,2.0,,,,,,,,,,,,,,,,,,,,,,,,,,,,,,,,,,,,,,,,,,,,,,,,,,,,,,,,,,,,,,,,2.0,ShimmerscaleGamblersBlade,HextechGunblade,JeweledGauntlet,,,,,,,,,,,,,1.0,GuardianEmblemItem,,,,,,,,,,,,,,,4.0,TrainerSnax,None,None,2.0,Zephyr,PowerGauntlet,,,,,,,,,,,,,,,,,,,,,,,,,,,,,,,,,
4,EUW1_5971132618,TFT7_Augment_ShimmerscaleEmblem,TFT7_Augment_BandOfThieves1,TFT6_Augment_CyberneticImplants2,1.0,,1.0,2.0,,,1.0,,,,2.0,,0.0,0.0,,0.0,0.0,,,,0.0,,,,1.0,,0.0,2.0,,,,,,,,,,,,,,,,,,,,,1.0,,,,,,,,,,,,,,,,,,,,,,,,,,,,2.0,Bloodthirster,RunaansHurricane,InfinityEdge,,,,,,,,,,,,,,,,,,,,,,,,,,,,,,,,,,,,,,,,,,,,,,,,,,,,,,,,,,,,,,,,,,,,,,,,,2.0,Morellonomicon,SeraphsEmbrace,,,,,,2.0,ShimmerscaleEmblemItem,ArchangelsStaff,,,,,,,,,,,,,,,,,,2.0,,,,,,,,,,,,,,,,,,,,,,,,2.0,ThiefsGloves,Quicksilver,Deathblade,,,,,2.0,UnstableConcoction,RunaansHurricane,MadredsBloodrazor,,,,,,,,,,,None,None,,,,,,,,,,,,,,,,,,,,,,,,,,,,,,,,,,,,
3,EUW1_5971132618,TFT6_Augment_LudensEcho1,TFT6_Augment_CelestialBlessing1,TFT6_Augment_SunfireBoard,1.0,,,1.0,,1.0,,,,,3.0,,0.0,,,,1.0,,,,,,,1.0,1.0,,0.0,,,,,,,,,,,,,,,,,,,,,,,,,,,,,,,,,,,,,,,,,,,,,,,,,,,,,,,,,,,,,,,,,,2.0,WarmogsArmor,Zephyr,,,,,,,,,,,,,,,,,,,,,,,,,,,,,,,,,,,,,,,,,,,,,,,,,,,,,,,,,,1.0,ThiefsGloves,TitansResolve,MadredsBloodrazor,,,,,2.0,,,,,,,,2.0,LocketOfTheIronSolari,,,,,,,,,,,2.0,,,,,,,,,,,,,,,,,,,,,,,,,,,,,,,,2.0,GuinsoosRageblade,InfinityEdge,,,,,,,,,,,,None,None,,,,,2.0,GuinsoosRageblade,,,,,,,,,,,,,,,2.0,MadredsBloodrazor,InfinityEdge,GuinsoosRageblade,,,,,,,,,,,,
5,EUW1_5971132618,TFT6_Augment_LudensEcho1,TFT7_Augment_MageTrait,TFT6_Augment_FuturePeepers,,1.0,,1.0,,,,,0.0,,1.0,,,3.0,,1.0,,,,,0.0,1.0,,,,1.0,,0.0,,,,,,,,,,,,,,,,,,,,,,,,,,,,,,,,,,,,,,,,,,,,,,,,,,,,,,,,,,,,,,,,,,,,,2.0,,,,3.0,,,,,,,,,,,,,,,,,,,,,,,,,,,,2.0,,,,3.0,ArchangelsStaff,GuardianAngel,,,,,,,,,,,,,,,,,,,,,,,,,,,,,,3.0,SpearOfShojin,MadredsBloodrazor,ArchangelsStaff,,,,,,,,,,,,,,,,,,,,,,,,,,,,,,,,,,,,,2.0,BrambleVest,TitanicHydra,,,,,,,,,,,,,,,,,,2.0,TrainerSnax,None,None,,,,,,,,,,,,,2.0,Zephyr,,,,,,,,,,,,,,,,,,,1.0,SpearOfShojin,ArchangelsStaff,MadredsBloodrazor
6,EUW1_5971132618,TFT7_Augment_SwiftshotTrait,TFT6_Augment_PandorasItems,TFT6_Augment_SecondWind2,1.0,,,1.0,,2.0,,,,,3.0,,0.0,,,,1.0,,,,,,,1.0,1.0,,0.0,,,,,,,,,,,,,,,,,,,,,,,,,,,,,,,,,,,,,,,,,,,,,,,,,,,,,,,,,,,,,,,,,,2.0,Shroud,,,,,,,,,,,,,,,,,,,,,,,,,,,,,,,,,,,,,,,,,,,,,,,,,,,,,,,,,,,2.0,CavalierEmblemItem,RedBuff,TitansResolve,,,,,2.0,,,,,,,,2.0,,,,,,,,,,,,2.0,,,,,,,,,,,,,,,,,,,,,,,,,,,,,,,,2.0,RapidFireCannon,,,,,,,,,,,,,None,None,,,,,2.0,,,,,,,,,,,,,,,,2.0,GuinsoosRageblade,Bloodthirster,MadredsBloodrazor,,,,,,,,,,,,
8,EUW1_5971132618,TFT7_Augment_Preparation,TFT7_Augment_WarriorTrait,TFT6_Augment_Ascension,0.0,,,2.0,,,,0.0,,,,,0.0,0.0,1.0,,0.0,,1.0,,0.0,,,,0.0,,3.0,0.0,2.0,,,,,,,,,,,,,,,,,,,,,,,,,,,,,,,,3.0,IonicSpark,FrozenHeart,,,,,,,,,,,,,,,,,,,,,,,,,,,,,,,,,,,,,,,,,,,,,,,,,,,,,,,,,,,,,,,,,,,,,,,,,,,,,,,,,,,,,,2.0,MadredsBloodrazor,UnstableConcoction,InfinityEdge,2.0,,,,,,,,,,,,,,,,,,,,,,,,,,,,2.0,,,,,,,,,,,,,,,,,,,,,,,,2.0,,,,,,,,,,,,,,,,,,,,,,None,None,,,,,,,,,,,,,,,,,,,,,,,,,1.0,SeraphsEmbrace,Bloodthirster,WarmogsArmor,2.0,,,,,,,
7,EUW1_5971132618,TFT6_Augment_CyberneticUplink1,TFT6_Augment_PandorasItems,TFT7_Augment_SwiftshotPressTheAttack,1.0,1.0,,1.0,,,,,,,2.0,,0.0,0.0,,0.0,,,,,,,,1.0,1.0,,,,,,,,,,,,,,,,,,,,,,,,,,,,,,,,,,,,,,,,,,,,,,,,,,,,,,,,,,,,,,,,,,,,,,,,,,,,3.0,RedBuff,,,,,,,,,,,,,,,,,,,,,,,,,,,,,,,3.0,PowerGauntlet,,,,,,,,,,,,,,,,,,,1.0,,,,,,,,2.0,FrozenHeart,,,,,,,,,,,,,,,,,,,,,,,,,,,,,,,,,,,,,,,,,,,,,,,,,,,1.0,InfinityEdge,Bloodthirster,LastWhisper,,,,,,,,,,,None,None,,,,,2.0,,,,3.0,GuinsoosRageblade,Deathblade,RunaansHurricane,,,,,,,,,,,,,,,,,,,,,,,,
8,EUW1_5973168843,TFT7_Augment_CannoneerEmblem,TFT6_Augment_PandorasItems,TFT7_Augment_BestFriends2,,,,,3.0,,,,1.0,1.0,,,,,,0.0,,2.0,0.0,,,,,,,1.0,,0.0,,,,,,,,,,,,,,,,,,,,,,,,,3.0,WarmogsArmor,DragonsClaw,FrozenHeart,1.0,,,,,,,,,,,,,,,,,,,,,,,,,,,,,,,,,,,,,,,,,,,,,,,,3.0,,,,,,,,,,,,,,,,,,,,,,,,1.0,CannoneerEmblemItem,,,,,,,,,,,,,,,,,,,,,,,,,,,,,,,,,,,,,,,,,,,,,,,,,,,,,,,,,,,,,,,1.0,,,,,,,,,,,,,,,,,,,,,,,,,,,,2.0,IonicSpark,,,3.0,TrainerSnax,None,None,2.0,GuinsoosRageblade,MadredsBloodrazor,Quicksilver,,,,,,,,,,,,,,,,,,,,,,,,,,,,,,,,
4,EUW1_5973168843,TFT6_Augment_TradeSector,TFT6_Augment_SecondWind1,TFT7_Augment_FirstAidKit2,,0.0,1.0,1.0,,,,,0.0,,2.0,,,2.0,,2.0,,,,,0.0,1.0,,,,1.0,,0.0,,,,,,,,,,,,,,,,,,,,,2.0,,,,,,,,,,,,,,,,,,,,,,,,,,,,,,,,,,,,,,,,,,,,,,,,2.0,,,,2.0,TitanicHydra,,,,,,,,,,,,,,,,,,,,,,,,,,,2.0,,,,3.0,,,,,,,,,,,,,,,,,,,,,,,,,,,,,,,,2.0,SpearOfShojin,Redemption,,,,,,,,,,,,,,,,,,,,,,,,,,,,,,,,,,,,,,2.0,GargoyleStoneplate,WarmogsArmor,TitansResolve,,,,,,,,,,,,,,,,,2.0,TrainerSnax,None,None,,,,,,,,,,,,,,,,,,,,,,,,,,,,,,,,,2.0,SeraphsEmbrace,SpearOfShojin,JeweledGauntlet
7,EUW1_5973168843,TFT7_Augment_BestFriends2,TFT6_Augment_Meditation1,TFT6_Augment_JeweledLotus,,,1.0,,1.0,,1.0,,1.0,1.0,1.0,,,0.0,,1.0,,1.0,,,1.0,,,,,2.0,,,,,,,,,,,,,,,,,,,,,,,1.0,,,,,,,,2.0,InfinityEdge,ShimmerscaleDravensAxe,,,,,,,,,,1.0,WarmogsArmor,WarmogsArmor,IonicSpark,,,,,,,,,,,,,,,,,,,,,,,,,1.0,,,,,,,,,,,,,,,,,,,,,,,,,,,,,,,,2.0,GuardianEmblemItem,RedBuff,,,,,,,,,,,,,,,,,,,,,,,,,,,,,,,,,,,,,,,,,,,,,,,,,,,,,,,,,,,,,,2.0,,,,,,,,,,,,,,,,,,,,,,,,,,,,,,,,3.0,TrainerSnax,None,None,1.0,,,,,,,,,,,,,,,,,,,,,,,,,,,,,,,,,,,
3,EUW1_5973168843,TFT6_Augment_CalculatedLoss,TFT7_Augment_SwiftshotTrait,TFT6_Augment_TargetDummies,,1.0,,2.0,,,,,,,1.0,,0.0,,,,0.0,,,,,,,3.0,1.0,,0.0,,,,,,,,,,,,,,,,,,,,,,,,,,,,,,,,,,,,,,,,,,,,,,,,,,,,,,,,,,2.0,,,,,,,,,,,,,,,,3.0,WarmogsArmor,WarmogsArmor,GargoyleStoneplate,,,,,,,,,,,,,,,,,,,,,,,,,,,,,,,,,,,,,,,,,,,,,,,,,2.0,SwiftshotEmblemItem,Bloodthirster,,,,,,,,,,,,,,,,,,,,,,,,,,2.0,,,,,,,,2.0,,,,,,,,,,,,,,,,,,,,,,,,,,,,,,,,,,,,,,None,None,,,,,2.0,,,,3.0,GuinsoosRageblade,MadredsBloodrazor,Deathblade,,,,,,,,,2.0,Deathblade,JeweledGauntlet,PowerGauntlet,,,,,,,,,,,,
2,EUW1_5973168843,TFT6_Augment_SecondWind2,TFT6_Augment_Electrocharge1,TFT6_Augment_CyberneticUplink2,,0.0,,1.0,,,,,1.0,,1.0,,,2.0,,1.0,,0.0,,,0.0,1.0,,,,1.0,,0.0,,,,,,,,,,,,,,,,,,,,,,,,,,,,,,,,,,,,,,,,,,,,,,,,,,,,,,,,,,,,,,,,,,,,,2.0,,,,2.0,TitanicHydra,TitanicHydra,,,,,,,,,,,,,,,,,,,,,,,,,,2.0,ThiefsGloves,SparringGloves,InfinityEdge,1.0,,,,,,,,,,,,,,,,,,,,,,,,,,,,,,,,2.0,ArchangelsStaff,TitansResolve,,,,,,,,,,,,,,,,,,,,,,,,,,2.0,TearOfTheGoddess,,,,,,,,,,,2.0,GargoyleStoneplate,DragonsClaw,RedBuff,,,,,,,,,,,,,,,,,4.0,TrainerSnax,None,None,,,,,,,,,,,,,,,,,,,,,,,,,,,,,,,,,1.0,RapidFireCannon,,
5,EUW1_5973168843,TFT6_Augment_FuturePeepers,TFT7_Augment_BestFriends1,TFT6_Augment_TargetDummies,,,1.0,,2.0,,1.0,,1.0,1.0,1.0,,,,,1.0,,2.0,,,1.0,,,,,1.0,,,,,,,,,,,,,,,,,,,,,,,1.0,LocketOfTheIronSolari,,,,,,,1.0,ShimmerscaleDravensAxe,,,,,,,,,,,2.0,RedBuff,GargoyleStoneplate,,,,,,,,,,,,,,,,,,,,,,,,,,,,,,,,,,2.0,,,,,,,,,,,,,,,,,,,,,,,,2.0,GuardianEmblemItem,Zephyr,,,,,,,,,,,,,,,,,,,,,,,,,,,,,,,,,,,,,,,,,,,,,,,,,,,,,,,,,,,,,,1.0,RabadonsDeathcap,,,,,,,,,,,,,,,,,,,,,,,,,,,,,,,4.0,TrainerSnax,None,None,3.0,Deathblade,LastWhisper,InfinityEdge,,,,,,,,,,,,,,,,,,,,,,,,,,,,,,,,
6,EUW1_5973168843,TFT7_Augment_AssassinEmblem,TFT7_Augment_BestFriends1,TFT6_Augment_PortableForge,2.0,,,,,,1.0,0.0,,1.0,1.0,,,,0.0,,,,0.0,,1.0,,,,0.0,,0.0,0.0,,,,,,,,,,,,,,,,,,,,,,,,,,,,,,,,,3.0,OrnnDeathsDefiance,RabadonsDeathcap,FrozenHeart,,,,,2.0,RabadonsDeathcap,GiantsBelt,,,,,,,,,,,,,,,,,,,,,,,,,,,,,,,,,,,,,,,,,,,,,,,,,,,,,,,,,,,,,,,,,,,,,,,,,,,,,,,,,,,,,,,,,,2.0,ZekesHerald,,,,,,,,,,,,,,,,,,,,,,,,,,,,,,,,,,,,,,,,,,,,,,,,,,,2.0,RapidFireCannon,ShimmerscaleDravensAxe,RedBuff,,,,,2.0,,,,,,None,None,,,,,,,,,,,,,,,,,,,,,,,,,1.0,Quicksilver,AssassinEmblemItem,InfinityEdge,,,,,,,,
1,EUW1_5973168843,TFT6_Augment_SecondWind2,TFT6_Augment_ThrillOfTheHunt1,TFT7_Augment_UrfsGrabBag1,,,,1.0,,,1.0,,0.0,,1.0,,0.0,2.0,,0.0,,,,,0.0,1.0,,,2.0,1.0,,0.0,,,,,,,,,1.0,SpearOfShojin,ArchangelsStaff,MageEmblemItem,,,,,,,,,,,,,,,,,,,,,,,,,,,,,,,,,,,,,,,,,,,,,,,,,,,,,,,,,2.0,NeedlesslyLargeRod,,,,,,,,,,,,,,,,,,,,,,,,,,,,,,,2.0,,,,,,,,,,,,,,,,,,,,,,,,2.0,ThiefsGloves,GiantsBelt,GargoyleStoneplate,,,,,,,,,2.0,,,,,,,,,,,,,,,,,,,,,,,,,,,,,,,,,,,,,,,,2.0,GargoyleStoneplate,TitansResolve,Bloodthirster,,,,,,,,,,,,,,,,,2.0,TrainerSnax,None,None,,,,,,,,,,,,,,,,,,,,,,,,,,,,,,,,,1.0,RabadonsDeathcap,MadredsBloodrazor,Chalice
2,EUW1_5972096584,TFT6_Augment_TrueTwos,TFT7_Augment_BandOfThieves1,TFT6_Augment_Diversify2,,,1.0,,2.0,,1.0,,1.0,1.0,1.0,,,,,1.0,,2.0,,,1.0,,,,,1.0,,0.0,,,,,,,,,,,,,,,,,,,,,1.0,LocketOfTheIronSolari,,,,,,,2.0,UnstableConcoction,ShimmerscaleDravensAxe,GuinsoosRageblade,,,,,,,,,2.0,GargoyleStoneplate,DragonsClaw,GargoyleStoneplate,,,,,,,,,,,,,,,,,,,,,,,,,,,,,,,,,2.0,ThiefsGloves,Bloodthirster,DragonsClaw,,,,,,,,,,,,,,,,,,,,,2.0,PowerGauntlet,Shroud,TearOfTheGoddess,,,,,,,,,,,,,,,,,,,,,,,,,,,,,,,,,,,,,,,,,,,,,,,,,,,,,,,,,,,,,2.0,ArchangelsStaff,StatikkShiv,Quicksilver,,,,,,,,,,,,,,,,,,,,,,,,,1.0,GargoyleStoneplate,LocketOfTheIronSolari,LocketOfTheIronSolari,3.0,TrainerSnax,None,None,1.0,GuinsoosRageblade,,,,,,,,,,,,,,,,,,,,,,,,,,,,,,,,,,
1,EUW1_5972096584,TFT7_Augment_MirageHallucinate,TFT7_Augment_CavalierTrait,TFT6_Augment_Distancing2,,,1.0,,,4.0,1.0,0.0,,,2.0,,,,3.0,0.0,0.0,,,,,,,,,,1.0,,,,,,,,,,,,,,,,,,,,,,2.0,InfinityEdge,LastWhisper,,,,,,,,,,,,,,2.0,Bloodthirster,GuinsoosRageblade,ArchangelsStaff,,,,,,,,,,,,,,,,,,,,,,,,,2.0,Morellonomicon,,,,,,,,,,,,,,,,,,,,,,,,,,,,,,,,,,,,,,,,,,,,,,,,,,,2.0,GargoyleStoneplate,RedBuff,,,,,,,,,,,,,,,,,,,,,,2.0,ThiefsGloves,StatikkShiv,StatikkShiv,,,,,,,,,,,,,,,,,,,,,,,,,,,,,,,,,,,,,,,,,,,,,,,,,,,,,,,None,None,,,,,,,,,,,,,,,,,,,,,,,,,2.0,CavalierEmblemItem,InfinityEdge,GuardianAngel,2.0,GuinsoosRageblade,,,,,,
6,EUW1_5972096584,TFT7_Augment_GuardianEmblem,TFT6_Augment_PandorasItems,TFT7_Augment_MikaelsGift,,,,1.0,,,,,,2.0,,,,,1.0,,0.0,,1.0,,0.0,,,,,,2.0,0.0,3.0,RedBuff,GuardianEmblemItem,LocketOfTheIronSolari,,,,,,,,,,,,,,,,,,,,,2.0,WarmogsArmor,,,,,,,,,,,,,,,,,,,,,,,,,,,,,,,,,,,,,,,,,,,,,,,,,,,,,,,,,,,,,,,,,,,2.0,,,,,,,,,,,,,,,,,,,,,,,,,,,,2.0,BFSword,,,,,,,,,,,,,,,,,,,,,,,,,,,,,,,2.0,,,,,,,,,,,,,,,,,,,,,,,,,,,,,,,,,,,,,,,,3.0,ZekesHerald,Chalice,ZekesHerald,,,None,None,,,,,,,,,,,,,,,,,,,,,,,,,,,,,3.0,GuinsoosRageblade,MadredsBloodrazor,Quicksilver,,,,
3,EUW1_5972096584,TFT7_Augment_AssassinEmblem,TFT7_Augment_AssassinTrait,TFT6_Augment_ComponentGrabBag,3.0,,1.0,1.0,,,1.0,,,,2.0,,0.0,,,0.0,,,0.0,,,,,,1.0,,,2.0,,,,,,,,,,,,,,,,,,,,,1.0,TitanicHydra,Zephyr,,,,,,,,,,2.0,,,,,,,,,,,,,,,,2.0,AssassinEmblemItem,Bloodthirster,InfinityEdge,,,,,,,,,,,,,,,,,,,,,,,,,,,,,,,,,,,,,,,,,,,,,,,,,,,,,,,,,,,,,,,,,,,,,,,,,2.0,GargoyleStoneplate,WarmogsArmor,GiantsBelt,2.0,MadredsBloodrazor,FrozenHeart,RapidFireCannon,2.0,,,,,,,,,,,,,,,,,,,,,,,,,,,,,,,,,,,,,,,,,,,,,,,,,,,,2.0,MadredsBloodrazor,FrozenHeart,UnstableConcoction,,,,,,,,,,,None,None,,,,,,,,,,,,,,,,,,,,,,,,,,,,,,,,,,,,
5,EUW1_5972096584,TFT6_Augment_CalculatedLoss,TFT6_Augment_PandorasItems,TFT6_Augment_CelestialBlessing2,,0.0,,1.0,,,1.0,,,,,1.0,,,,,,,,2.0,,,1.0,,,,,2.0,,,,,,,,,,,,,,,,,,,,,,,,,,,,,,,,,,,,,,,,,,,,,,,,,2.0,Zephyr,,,2.0,Zephyr,,,,,,,2.0,,,,,,,,,,,,,,,,,,,,,,,,,,,,,,,,,,,,,,,,,,,,,,,,2.0,FrozenHeart,TitanicHydra,Quicksilver,3.0,Deathblade,RapidFireCannon,Quicksilver,,,,,,,,,,,,,,,,,,,,,,,,,,,,,,,,,,,,,,,,,,,,,3.0,,,,,,,,1.0,,,,,,,,,,,,,,,,,,,,,,,,,,,,,,None,None,,,,,,,,,,,,,,,,,,,,,,,,,,,,,,,,,,,,
7,EUW1_5972096584,TFT6_Augment_TradeSector,TFT6_Augment_SecondWind1,TFT6_Augment_ThrillOfTheHunt2,,,1.0,,2.0,,1.0,,1.0,1.0,1.0,,,,,1.0,,2.0,,,1.0,,,,,1.0,,,,,,,,,,,,,,,,,,,,,,,1.0,GuardianEmblemItem,,,,,,,2.0,MadredsBloodrazor,ShimmerscaleDravensAxe,MadredsBloodrazor,,,,,,,,,1.0,GargoyleStoneplate,RedBuff,IonicSpark,,,,,,,,,,,,,,,,,,,,,,,,,,,,,,,,,1.0,,,,,,,,,,,,,,,,,,,,,,,,2.0,,,,,,,,,,,,,,,,,,,,,,,,,,,,,,,,,,,,,,,,,,,,,,,,,,,,,,,,,,,,,,,,2.0,StatikkShiv,ArchangelsStaff,,,,,,,,,,,,,,,,,,,,,,,,,,,,,,3.0,TrainerSnax,None,None,2.0,,,,,,,,,,,,,,,,,,,,,,,,,,,,,,,,,,,
4,EUW1_5972096584,TFT7_Augment_RagewingTantrum,TFT6_Augment_ItemGrabBag1,TFT6_Augment_PortableForge,0.0,,,0.0,,0.0,1.0,0.0,,,,,,,,,3.0,,,1.0,0.0,,,0.0,,,0.0,,,,,,,,,,,,,,,,,,,,,,,,,,,,,,,,,,,,,,,,,,,,,,,,,,,,,,,,,,,,,,,,,,1.0,Morellonomicon,GuardianAngel,,,,,,,,,,,,,,,,,,2.0,InfinityEdge,,,,,,,,,,,,,,,,,,,,,,,,,,,,,,,,,,,,,,,,,,,,,,,,,,,,,,,,,,,,,,,2.0,,,,2.0,RedBuff,FrozenHeart,,2.0,WarmogsArmor,ArchangelsStaff,OrnnAnimaVisage,,,,,,,,,,,,,1.0,ZekesHerald,JeweledGauntlet,,,,,,,,,,,,,,,,,,,,,,,,None,None,,,,,,,,,,,,,,,,,,,,,2.0,GuinsoosRageblade,MadredsBloodrazor,Quicksilver,,,,,,,,,,,,
8,EUW1_5972096584,TFT7_Augment_MageConference,TFT6_Augment_TinyTitans,TFT6_Augment_ComponentGrabBag,,0.0,,1.0,0.0,0.0,,,,,1.0,,0.0,2.0,,0.0,,,0.0,,,,,,0.0,1.0,,0.0,,,,,,,,,,,,,,,,,,,,,,,,,,,,,,,,,,,,,,,,,,,,,,,,,,,,,,,,,,,,,,,,,,,,,2.0,,,,,,,,,,,,,,,,,,,,,,,,,,,,2.0,,,,,,,,2.0,,,,,,,,,,,,,,,,,,,,2.0,GargoyleStoneplate,RedBuff,IonicSpark,,,,,,,,,2.0,JeweledGauntlet,SpearOfShojin,MadredsBloodrazor,,,,,,,,,,,,,,,,,,,,,,,,,,,,,,,,,,,,,2.0,,,,,,,,,,,,,,,,,,,,2.0,TrainerSnax,None,None,2.0,UnstableConcoction,,,,,,,,,,,,,,,,,,,,,,,,,,,,,,,,,,
8,EUW1_5972768736,TFT6_Augment_RichGetRicher,TFT6_Augment_TinyTitans,TFT6_Augment_Recombobulator,2.0,,,2.0,,,1.0,,,,1.0,,0.0,0.0,,,0.0,,0.0,,,,,,1.0,,0.0,2.0,,,,,,,,,,,,,,,,,,,,,,,,,,,,,,,,,2.0,FrozenHeart,,,,,,,,,,,,,,,1.0,InfinityEdge,AssassinEmblemItem,Bloodthirster,,,,,,,,,,,,,,,,,,,,,,,,,,,,,,,,,,,,,,,,,,,,,,,,,,,,,,,,,,,,,,,,,,,,,,,,,1.0,GargoyleStoneplate,ChainVest,,,,,,2.0,,,,,,,,,,,,,,,,,,,,1.0,,,,,,,,,,,,,,,,,,,,,,,,1.0,,,,,,,,2.0,InfinityEdge,RunaansHurricane,,,,,,,,,,,,None,None,,,,,,,,,,,,,,,,,,,,,,,,,,,,,,,,,,,,
4,EUW1_5972768736,TFT7_Augment_UrfsGrabBag1,TFT6_Augment_PandorasItems,TFT6_Augment_CyberneticImplants1,1.0,,,1.0,,2.0,,,,,2.0,,0.0,,,,1.0,,,,,,,1.0,2.0,,0.0,,,,,,,,,,,,,,,,,,,,,,,,,,,,,,,,,,,,,,,,,,,,,,,,,,,,,,,,,,1.0,,,,,,,,2.0,TempestEmblemItem,,,,,,,,,,,,,,,,,,,,,,,,,,,,,,,,,,,,,,,,,,,,,,,,,,,,,,,,,,,2.0,Redemption,TitansResolve,,,,,,2.0,RedBuff,IonicSpark,,,,,,2.0,,,,,,,,,,,,2.0,,,,,,,,,,,,,,,,,,,,,,,,,,,,,,,,2.0,InfinityEdge,CavalierEmblemItem,UnstableConcoction,,,,,,,,,,,None,None,,,,,,,,,,,,,,,,,,,,,2.0,MadredsBloodrazor,GuinsoosRageblade,Deathblade,,,,,,,,,,,,
6,EUW1_5972768736,TFT7_Augment_GadgetExpert,TFT6_Augment_SecondWind1,TFT7_Augment_BestFriends1,,0.0,,1.0,,,,,0.0,,1.0,,,2.0,,1.0,,,,,0.0,1.0,,,,1.0,,0.0,,,,,,,,,,,,,,,,,,,,,,,,,,,,,,,,,,,,,,,,,,,,,,,,,,,,,,,,,,,,,,,,,,,,,2.0,,,,3.0,ThiefsGloves,RecurveBow,Shroud,,,,,,,,,,,,,,,,,,,,,,,,,2.0,,,,3.0,,,,,,,,,,,,,,,,,,,,,,,,,,,,,,,,2.0,SpearOfShojin,ArchangelsStaff,HextechGunblade,,,,,,,,,,,,,,,,,,,,,,,,,,,,,,,,,,,,,2.0,DragonsClaw,RedBuff,Quicksilver,,,,,,,,,,,,,,,,,2.0,TrainerSnax,None,None,,,,,,,,,,,,,,,,,,,,,,,,,,,,,,,,,1.0,RunaansHurricane,StatikkShiv,
2,EUW1_5972768736,TFT6_Augment_BlueBattery2,TFT6_Augment_FirstAidKit,TFT6_Augment_Meditation1,,,,1.0,,,1.0,0.0,0.0,,,,0.0,1.0,0.0,0.0,,,,,0.0,1.0,,,2.0,1.0,0.0,0.0,,,,,,,,,2.0,ArchangelsStaff,SpearOfShojin,Bloodthirster,,,,,,,,,,,,,,,,,,,,,,,,,,,,,,,,,,,,,,,,,,,,,,,,,,,,,,,,,2.0,,,,,,,,,,,,,,,,,,,,,,,,,,,,,,,,2.0,StatikkShiv,LocketOfTheIronSolari,,,,,,,,,,,,,,,,,,,,,,2.0,ThiefsGloves,WarmogsArmor,BrambleVest,,,,,,,,,,,,,,,,,,,,,,,,,,,,,,,,,,,,,,,,,,,,,,,,,2.0,WarmogsArmor,RedBuff,TitansResolve,,,,,,,,,,,,,,,,,2.0,TrainerSnax,None,None,,,,,,,,,,,,,,,,,,,,,,,,,2.0,,,,,,,,1.0,Shroud,HextechGunblade,
1,EUW1_5972768736,TFT6_Augment_RichGetRicher,TFT7_Augment_BruiserTrait,TFT6_Augment_Recombobulator,1.0,0.0,1.0,1.0,,,1.0,0.0,,,2.0,1.0,0.0,0.0,0.0,2.0,,,,,,,1.0,,1.0,,0.0,,,,,,,,,,,,,,,,,,,,,,2.0,,,,,,,,,,,,,,,,,,,,,,,,2.0,RunaansHurricane,GuinsoosRageblade,NegatronCloak,,,,,,,,,,,,,,,,,,,,,,,,,,,,,,,,,,,,,,,,,1.0,,,,,,,,,,,,,,,,1.0,,,,,,,,,,,,,,,,,,,,2.0,GargoyleStoneplate,Morellonomicon,,,,,,,,,,,,,,,,,,,,,,,,,,,,,,,,,,,,,,,,,,2.0,Zephyr,,,,,,,,,,,,,,,3.0,InfinityEdge,RapidFireCannon,Deathblade,,,,,,,,,,,None,None,,,,,,,,,,,,,,,,,,,,,,,,,2.0,AssassinEmblemItem,Deathblade,Shroud,,,,,,,,
7,EUW1_5972768736,TFT7_Augment_CannoneerHotShot,TFT6_Augment_PandorasItems,TFT7_Augment_BestFriends1,,,,1.0,1.0,,1.0,,1.0,,,,,0.0,,0.0,,1.0,,,,,,,,1.0,,2.0,,,,,,,,,,,,,,,,,,,,,,,,,,,,,1.0,MadredsBloodrazor,GuinsoosRageblade,,,,,,,,,,,,,,,,,,2.0,InfinityEdge,NegatronCloak,,,,,,,,,,,,,,,,,,,,,,,,,,,,,,,,,,,,,,,,,,,,,,,,,,2.0,,,,,,,,,,,,,,,,,,,,,,,,,,,,,,,,,,,,,,,,,,,,,,,,,,,,,,,,,,,,,,,,2.0,,,,,,,,,,,,2.0,WarmogsArmor,GargoyleStoneplate,GargoyleStoneplate,,,,,,,,,,,,,,,,,3.0,TrainerSnax,None,None,2.0,,,,,,,,,,,,,,,,,,,,,,,,,,,,,,,,,,,
5,EUW1_5972768736,TFT7_Augment_MirageEmblem,TFT7_Augment_GuildTrait,TFT6_Augment_CelestialBlessing1,,,1.0,,,3.0,1.0,,,,3.0,,,0.0,3.0,0.0,0.0,,0.0,,,,,,,,0.0,,,,,,,,,,,,,,,,,,,,,,1.0,Chalice,,,,,,,,,,,,,,,2.0,JeweledGauntlet,ArchangelsStaff,Quicksilver,,,,,,,,,,,,,,,,,,,,,,,,,2.0,IonicSpark,,,,,,,,,,,,,,,,,,,,,,,,,,,,,,,2.0,,,,,,,,,,,,,,,,,,,,3.0,GiantsBelt,,,,,,,,,,,,,,,,,,,,,,,2.0,IonicSpark,MirageEmblemItem,RedBuff,,,,,,,,,,,,,,,,,,,,,,,,,,,,,,,,,,,,,,,,,,,,,,,,,,,,,,,None,None,,,,,,,,,,,,,,,,,,,,,,,,,,,,,2.0,,,,,,,
3,EUW1_5972768736,TFT6_Augment_Ascension,TFT7_Augment_JadeEmblem,TFT7_Augment_MysticTrait,,,,,,,1.0,1.0,,,,3.0,,,0.0,1.0,,,,1.0,,,1.0,0.0,,,1.0,,,,,,,,,,,,,,2.0,,,,,,,,,,,,,,,,,,,,,,,,,,,,,,,,2.0,Bloodthirster,InfinityEdge,MadredsBloodrazor,,,,,,,,,,,,,2.0,RedBuff,WarriorEmblemItem,,,,,,,,,,,,,,,,,,2.0,,,,,,,,,,,,,,,,,,,,,,,,,,,,2.0,GargoyleStoneplate,DragonsClaw,WarmogsArmor,,,,,,,,,,,,,,,,,,,,,,,,,,,,,,,,,,,,,,,,,,,,,,,,,,,,,,,,,2.0,,,,,,,,,,,,,,,,,,,,,,,,,,,,,,None,None,,,,,,,,,,,,,,,,,,,,,,,,,1.0,JadeEmblemItem,InfinityEdge,,,,,,,,,
3,EUW1_5972782656,TFT6_Augment_LudensEcho2,TFT7_Augment_CannoneerTrait,TFT7_Augment_BestFriends2,,,,,3.0,,1.0,,1.0,1.0,,,,,,0.0,,2.0,,,1.0,,,,,1.0,,0.0,,,,,,,,,,,,,,,,,,,,,,,,,,,,,2.0,UnstableConcoction,ShimmerscaleGamblersBlade,Deathblade,,,,,,,,,2.0,RedBuff,GargoyleStoneplate,DragonsClaw,,,,,,,,,,,,,,,,,,,,,,,,,,,,,,,,,2.0,,,,,,,,,,,,,,,,,,,,,,,,2.0,,,,,,,,,,,,,,,,,,,,,,,,,,,,,,,,,,,,,,,,,,,,,,,,,,,,,,,,,,,,,,,,1.0,,,,,,,,,,,,,,,,,,,,,,,,,,,,2.0,GiantsBelt,,,4.0,TrainerSnax,None,None,2.0,StatikkShiv,HextechGunblade,LastWhisper,,,,,,,,,,,,,,,,,,,,,,,,,,,,,,,,
1,EUW1_5972782656,TFT6_Augment_CyberneticUplink2,TFT6_Augment_ItemGrabBag1,TFT7_Augment_BestFriends2,,0.0,1.0,1.0,,,1.0,,1.0,,1.0,,0.0,1.0,,2.0,,0.0,,,0.0,1.0,,,2.0,0.0,,0.0,,,,,,,,,2.0,ArchangelsStaff,RapidFireCannon,SpearOfShojin,,,,,,,,,2.0,RecurveBow,,,,,,,,,,,,,,,,,,,,,,,,,,,,,,,,,,,,,,,,,,,,,,,,,,,,,,,,,,,,,,,,,,,,,,,,,,,,,,,2.0,RecurveBow,,,3.0,StatikkShiv,,,,,,,,,,,,,,,,,,,2.0,IonicSpark,,,,,,,,,,,,,,,,,,,,,,,,,,,,,,,,,,,,,,,2.0,Morellonomicon,,,,,,,,,,,2.0,RedBuff,Redemption,,,,,,,,,,,,,,,,,,,,None,None,,,,,,,,,,,,,,,,,,,,,,,,,,,,,,,,,2.0,TearOfTheGoddess,WarmogsArmor,SpearOfShojin
5,EUW1_5972782656,TFT7_Augment_Bloodlust1,TFT6_Augment_TinyTitans,TFT6_Augment_PortableForge,0.0,,1.0,,,,1.0,,1.0,,1.0,2.0,0.0,,,2.0,,,,1.0,,,,,,0.0,,1.0,,,,,2.0,Zephyr,,,,,,,,,,,,,,,1.0,NegatronCloak,,,,,,,,,,,,,,,,,,,,,,,2.0,TitansResolve,OrnnDeathsDefiance,,,,,,,,,,,,,,2.0,WhispersEmblemItem,,,,,,,,,,,,,,,,,,,,,,,,,,,,,,,,,,,,,,,2.0,Chalice,Chalice,,,,,,2.0,RedBuff,DragonsClaw,TitanicHydra,,,,,,,,,,,,,,,,,1.0,IonicSpark,,,,,,,,,,,,,,,,,,,,,,,,,,,,,,,,,,,,,,,,,,,,,,,,,,,,,,,,,,,,,,,,,,,,,None,None,,,,,,,,,,,,,,,,,,,,,,,,,,,,,,,,,,,,
8,EUW1_5972782656,TFT6_Augment_SecondWind2,TFT6_Augment_ItemGrabBag1,TFT7_Augment_FirstAidKit2,,,1.0,,,,1.0,,1.0,,1.0,2.0,0.0,,,2.0,,,,1.0,,,1.0,,,0.0,,,,,,,3.0,GuinsoosRageblade,SpearOfShojin,MadredsBloodrazor,,,,,,,,,,,,,1.0,,,,,,,,,,,,,,,,,,,,,,,,1.0,TitansResolve,,,,,,,,,,,,,,,2.0,,,,,,,,,,,,,,,,,,,,,,,,,,,,,,,,,,,,,,,,1.0,PowerGauntlet,,,,,,,1.0,GargoyleStoneplate,RedBuff,,,,,,,,,,,,,,,,,,,,,,,,,,,,,,,,,,,,,,,,,,,,,,,,,,,,,,,,,,1.0,TearOfTheGoddess,,,,,,,,,,,,,,,,,,,,,,,,,,,,,None,None,,,,,,,,,,,,,,,,,,,,,,,,,,,,,,,,,,,,
6,EUW1_5972782656,TFT7_Augment_PandorasBench,TFT6_Augment_PandorasItems,TFT6_Augment_Ascension,0.0,,,1.0,,1.0,,,,,3.0,,0.0,,,,1.0,,,,,,,1.0,0.0,,0.0,,,,,,,,,,,,,,,,,,,,,,,,,,,,,,,,,,,,,,,,,,,,,,,,,,,,,,,,,,,,,,,,,,2.0,,,,,,,,,,,,,,,,,,,,,,,,,,,,,,,,,,,,,,,,,,,,,,,,,,,,,,,,,,,,2.0,RedBuff,,,,,,,,,,,,,,,2.0,,,,,,,,,,,,2.0,,,,,,,,,,,,,,,,,,,,,,,,,,,,,,,,2.0,MadredsBloodrazor,FrozenHeart,,,,,,,,,,,,None,None,,,,,2.0,,,,,,,,,,,,,,,,2.0,GuinsoosRageblade,Quicksilver,MadredsBloodrazor,,,,,,,,,,,,
7,EUW1_5972782656,TFT6_Augment_TradeSector,TFT7_Augment_CannoneerTrait,TFT6_Augment_ThrillOfTheHunt2,,,,,3.0,,,,0.0,1.0,,,,,,0.0,0.0,0.0,0.0,,,,,,,1.0,,0.0,,,,,,,,,,,,,,,,,,,,,,,,,3.0,GargoyleStoneplate,WarmogsArmor,Redemption,,,,,,,,,,,,,,,,,,,,,,,,,,,,,,,,,,,,,,,,,,,,,,,,,3.0,,,,,,,,,,,,,,,,,,,,,,,,2.0,,,,,,,,,,,,,,,,,,,,,,,,,,,,,,,,,,,,,,,,,,,,2.0,ZekesHerald,,,,,,,,,,,,,,,,,,,,,,,,,,,,,,,,,,,,,,,,,,,,,,,3.0,ChainVest,,,3.0,TrainerSnax,None,None,2.0,MadredsBloodrazor,GuinsoosRageblade,RunaansHurricane,,,,,,,,,,,,,,,,,,,,,,,,,,,,,,,,
4,EUW1_5972782656,TFT7_Augment_BestFriends2,TFT6_Augment_CelestialBlessing1,TFT6_Augment_ComponentGrabBag,0.0,1.0,,1.0,,0.0,,,0.0,,3.0,,0.0,0.0,,1.0,,,,,,,,1.0,0.0,0.0,,,,,,,,,,,,,,,,,,,,,,,,,,,,,,,,,,,,,,,,,,,,,,,,,,,,,,,,,,,,,,,,,,,,,,,,,,,3.0,FrozenHeart,Redemption,MageEmblemItem,,,,,,,,,,,,,,,,,,,,,,,,,2.0,,,,3.0,SeraphsEmbrace,,,,,,,,,,,,,,,,,,,2.0,TitansResolve,,,,,,,,,,,,,,,2.0,,,,,,,,,,,,,,,,,,,,,,,,,,,,,,,,,,,,,,,,,,,,1.0,UnstableConcoction,HextechGunblade,RecurveBow,,,,,,,,,,,None,None,,,,,2.0,,,,3.0,MadredsBloodrazor,GuinsoosRageblade,RunaansHurricane,,,,,,,,,,,,,,,,,,,,,,,,
2,EUW1_5972782656,TFT6_Augment_MetabolicAccelerator,TFT6_Augment_TinyTitans,TFT7_Augment_UrfsGrabBag1,1.0,,1.0,0.0,,2.0,,,0.0,0.0,1.0,,,0.0,0.0,1.0,0.0,,2.0,,,,,,,0.0,0.0,,,,,,,,,,,,,,,,,,,,,,1.0,Zephyr,,,2.0,,,,,,,,3.0,ThiefsGloves,RunaansHurricane,MadredsBloodrazor,,,,,,,,,,,,,,,,,,,,,,,,,,,,,2.0,Shroud,,,,,,,,,,,,,,,,,,,,,,,,,,,,,,,3.0,UnstableConcoction,IonicSpark,JeweledGauntlet,1.0,,,,,,,,,,,,,,,,2.0,RedBuff,LocketOfTheIronSolari,Chalice,3.0,AssassinEmblemItem,UnstableConcoction,InfinityEdge,,,,,,,,,,,,,,,,,,,,,,,,,,,,,,,,,,,,,,,,,,,,,,,,,,,,,,,,,,,,,,,,,,,,,,,,,,,None,None,,,,,,,,,,,,,,,,,,,,,,,,,,,,,,,,,,,,
1,EUW1_5972708429,TFT6_Augment_Twins2,TFT7_Augment_BestFriends1,TFT6_Augment_SecondWind2,,0.0,,1.0,,,,,,,1.0,0.0,0.0,,,,0.0,,,0.0,,,,2.0,1.0,,,,,,,,,,,,,,,,,,,,,,,,,,,,,,,,,,,,,,,,,,,,,,,,,,,,,,,,,,,,2.0,,,,,,,,,,,,,,,,2.0,GiantsBelt,RedBuff,GargoyleStoneplate,,,,,,,,,,,,,,,,,,,,,,,,,,,,,,,,,2.0,,,,,,,,,,,,,,,,2.0,ThiefsGloves,UnstableConcoction,Zephyr,,,,,,,,,,,,,,,,,,,,,,,,,,,,,,,,,,,,,,,,,,,,,,,,,,,,,,,,,,,,,,,,,,,,,,,None,None,,,,,2.0,,,,2.0,RunaansHurricane,LastWhisper,MadredsBloodrazor,,,,,,,,,2.0,UnstableConcoction,,,,,,,,,,,,,,
7,EUW1_5972708429,TFT6_Augment_TradeSector,TFT6_Augment_SecondWind1,TFT6_Augment_TomeOfTraits1,,0.0,,0.0,,0.0,1.0,,0.0,,1.0,,,2.0,,1.0,,,0.0,,,,,,1.0,0.0,,0.0,,,,,,,,,1.0,MageEmblemItem,,,,,,,,,,,,,,,,,,,,,,,,,,,,,,,,,,,,,,,,,,,,,,,,,,,,,,,,,,,,,,,,,,,,,,,,,,,,,,,,,,,,,,,2.0,,,,2.0,,,,3.0,StatikkShiv,ArchangelsStaff,LocketOfTheIronSolari,,,,,,,,,,,,,,,,,,,,,,,,,,,,,2.0,MadredsBloodrazor,MadredsBloodrazor,,,,,,,,,,,,,,,,,,,,,,,,,,,,,,,,,,,,,,2.0,RedBuff,ScalescornEmblemItem,,,,,,,,,,,,,,,,,,,,None,None,,,,,,,,,,,,,2.0,,,,,,,,,,,,,,,,,,,,,,,
2,EUW1_5972708429,TFT6_Augment_TradeSector,TFT7_Augment_ScalescornTrait,TFT7_Augment_GadgetExpert,1.0,,1.0,2.0,,,,0.0,,0.0,1.0,,0.0,0.0,0.0,0.0,0.0,,2.0,,,,,,1.0,,1.0,0.0,,,,,,,,,,,,,,,,,,,,,2.0,,,,2.0,GargoyleStoneplate,,,,,,,2.0,StatikkShiv,RedBuff,MadredsBloodrazor,,,,,,,,,,,,,,,,,,,,,,,,,,,,,,,,,,,,,,,,,,,,,,,,,,,,,,,,,,,,,,,,,,,,,,,,,,,,,,,,,,,,,3.0,RunaansHurricane,UnstableConcoction,InfinityEdge,2.0,ZekesHerald,PowerGauntlet,Chalice,,,,,2.0,Zephyr,,,,,,,,,,,,,,,,,,,2.0,,,,,,,,,,,,,,,,,,,,,,,,1.0,,,,,,,,,,,,,,,,,,,,,,None,None,,,,,,,,,,,,,,,,,,,,,,,,,1.0,Deathblade,,,,,,,,,,
3,EUW1_5972708429,TFT7_Augment_GadgetExpert,TFT6_Augment_Weakspot,TFT6_Augment_Distancing2,1.0,,1.0,1.0,,1.0,,,,,4.0,,0.0,,,0.0,1.0,,,,,,,1.0,1.0,,0.0,,,,,,,,,,,,,,,,,,,,,,,,,,,,,,,,,,,,,,,,,,,,,,,,,,,,,,,,,,,,,,,,,,2.0,GargoyleStoneplate,,,,,,,,,,,,,,,,,,,,,,,,,,,,,,,,,,,,,,,,,,,,,,,,,,,,,,,,,,,2.0,WarmogsArmor,,,,,,,2.0,FrozenHeart,,,,,,,1.0,,,,,,,,,,,,2.0,,,,,,,,,,,,,,,,1.0,,,,,,,,,,,,,,,,2.0,InfinityEdge,FrozenHeart,RunaansHurricane,,,,,,,,,,,None,None,,,,,2.0,StatikkShiv,,,,,,,,,,,,,,,2.0,GuinsoosRageblade,UnstableConcoction,Quicksilver,,,,,,,,,,,,
5,EUW1_5972708429,TFT6_Augment_CalculatedLoss,TFT6_Augment_Diversify1,TFT6_Augment_Ascension,,,1.0,,1.0,,1.0,,1.0,1.0,1.0,,,,,1.0,,1.0,,,1.0,,,,,1.0,,0.0,,,,,,,,,,,,,,,,,,,,,2.0,PowerGauntlet,,,,,,,2.0,LastWhisper,Deathblade,MadredsBloodrazor,,,,,,,,,2.0,GargoyleStoneplate,DragonsClaw,Quicksilver,,,,,,,,,,,,,,,,,,,,,,,,,,,,,,,,,,,,,,,,,,,,,,,,,,,,,,,,,2.0,,,,,,,,,,,,,,,,,,,,,,,,,,,,,,,,,,,,,,,,,,,,,,,,,,,,,,,,,,,,,,,,2.0,ArchangelsStaff,,,,,,,,,,,,,,,,,,,,,,,,,,,2.0,,,,3.0,TrainerSnax,None,None,2.0,ShimmerscaleDravensAxe,,,,,,,,,,,,,,,,,,,,,,,,,,,,,,,,,,
8,EUW1_5972708429,TFT6_Augment_SecondWind2,TFT6_Augment_TinyTitans,TFT6_Augment_PortableForge,,,,,2.0,,1.0,,1.0,1.0,,,,,,0.0,,2.0,,,1.0,,,,,1.0,,0.0,,,,,,,,,,,,,,,,,,,,,,,,,,,,,1.0,InfinityEdge,GuinsoosRageblade,LastWhisper,,,,,,,,,2.0,RedBuff,OrnnAnimaVisage,WarmogsArmor,,,,,,,,,,,,,,,,,,,,,,,,,,,,,,,,,1.0,Zephyr,,,,,,,,,,,,,,,,,,,,,,,2.0,,,,,,,,,,,,,,,,,,,,,,,,,,,,,,,,,,,,,,,,,,,,,,,,,,,,,,,,,,,,,,,,2.0,Chalice,,,,,,,,,,,,,,,,,,,,,,,,,,,1.0,Shroud,,,3.0,TrainerSnax,None,None,2.0,ShimmerscaleDravensAxe,,,,,,,,,,,,,,,,,,,,,,,,,,,,,,,,,,
6,EUW1_5972708429,TFT6_Augment_ThreesCompany,TFT6_Augment_CelestialBlessing1,TFT7_Augment_MageEmblem,,,,1.0,,0.0,1.0,,0.0,,,,0.0,2.0,,0.0,,,0.0,,0.0,1.0,,,2.0,1.0,,0.0,,,,,,,,,1.0,UnstableConcoction,ArchangelsStaff,MageEmblemItem,,,,,,,,,,,,,,,,,,,,,,,,,,,,,,,,,,,,,,,,,,,,,,,,,,,,,,,,,1.0,,,,,,,,,,,,,,,,,,,,,,,,,,,,2.0,FrozenHeart,,,2.0,PowerGauntlet,,,,,,,,,,,,,,,,,,,,,,,1.0,,,,,,,,,,,,,,,,,,,,,,,,,,,,,,,,,,,,,,,,,,,,,,,,,,,,2.0,DragonsClaw,TitansResolve,GargoyleStoneplate,,,,,,,,,,,,,,,,,2.0,TrainerSnax,None,None,,,,,,,,,,,,,,,,,,,,,,,,,,,,,,,,,1.0,,,
4,EUW1_5972708429,TFT7_Augment_MageEmblem,TFT7_Augment_MageTrait,TFT6_Augment_Meditation2,,0.0,,1.0,,,1.0,,1.0,,,,0.0,2.0,,1.0,,0.0,,,,,,,2.0,1.0,,0.0,,,,,,,,,1.0,SpearOfShojin,ArchangelsStaff,MageEmblemItem,,,,,,,,,,,,,,,,,,,,,,,,,,,,,,,,,,,,,,,,,,,,,,,,,,,,,,,,,2.0,,,,,,,,,,,,,,,,,,,,,,,,,,,,,,,,2.0,ZekesHerald,UnstableConcoction,Bloodthirster,3.0,,,,,,,,,,,,,,,,,,,,1.0,,,,,,,,,,,,,,,,,,,,,,,,,,,,,,,,,,,,,,,,1.0,,,,,,,,,,,,2.0,WarmogsArmor,GargoyleStoneplate,RedBuff,,,,,,,,,,,,,,,,,4.0,TrainerSnax,None,None,,,,,,,,,,,,,,,,,,,,,,,,,,,,,,,,,,,,
8,EUW1_5971647222,TFT7_Augment_ClutteredMind,TFT6_Augment_Twins2,TFT7_Augment_BestFriends3,,1.0,,1.0,,,,,,,1.0,,,0.0,,,,,,,,,,1.0,,,,0.0,,,,,,,,,,,,,,,,,,,,,,,,,,,,,,,,,,,,,,,,,,,,,,,,,,,,,,,,,,,,,,,,,,,,,,,,,2.0,GargoyleStoneplate,,,,,,,,,,,,,,,,,,,,,,,,,,,,,,,,,,,,,,,,,,,,,,,,,,,,,,,,,,,,,,,,,,,,,,,,,,,,,,,,,,,,,,,1.0,,,,,,,,,,,,,,,,1.0,,,,,,,,,,,,,,,,,,,,,,None,None,,,,,1.0,,,,2.0,MadredsBloodrazor,GuinsoosRageblade,,,,,,,,,,,,,,,,,,,,,,,,,
2,EUW1_5971647222,TFT6_Augment_TrueTwos,TFT7_Augment_GadgetExpert,TFT6_Augment_CyberneticShell3,,,1.0,,,,1.0,1.0,,,1.0,1.0,,,,0.0,2.0,,,2.0,,,,1.0,,,,,,,,,,,,,,,,,2.0,,,,,,,,1.0,,,,,,,,,,,,,,,,,,,,,,,,,,,,,,,,,,,,,,,,2.0,RecurveBow,Shroud,,,,,,,,,,,,,,,,,,,,,,,,,,,,,,,,,,,,,,,,,,,,,,2.0,IonicSpark,WarmogsArmor,RabadonsDeathcap,,,,,,,,,,,,,,,,,,,,,,,,,,,,,,,,,,,,,1.0,,,,,,,,1.0,GuardianAngel,JeweledGauntlet,ArchangelsStaff,,,,,,,,,,,,,3.0,GuinsoosRageblade,ArchangelsStaff,StatikkShiv,,,,,,,,,,,,,,,,,,,,,,,None,None,,,,,,,,,,,,,,,,,,,,,2.0,PowerGauntlet,,,,,,,,,,,,,,
1,EUW1_5971647222,TFT6_Augment_LudensEcho2,TFT6_Augment_MakeshiftArmor2,TFT6_Augment_HighEndShopping,,,1.0,1.0,,,1.0,,0.0,,1.0,0.0,0.0,1.0,,1.0,,,,,0.0,1.0,1.0,,2.0,1.0,,0.0,,,,,,,,,2.0,ArchangelsStaff,JeweledGauntlet,SpearOfShojin,,,,,,,,,2.0,Zephyr,NegatronCloak,,,,,,,,,,,,,,,,,,,,,,,,,,,,,,,,,,,,,,,,,,,,,,2.0,,,,,,,,,,,,,,,,,,,,,,,,,,,,,,,,2.0,,,,,,,,,,,,,,,,,,,,,,,,2.0,,,,,,,,,,,,,,,,,,,,,,,,,,,,,,,,,,,,,,,,,,,,2.0,ZekesHerald,StatikkShiv,Quicksilver,,,,,2.0,,,,,,,,,,,,,,,,,,,,4.0,TrainerSnax,None,None,,,,,,,,,,,,,,,,,,,,,,,,,,,,,,,,,2.0,RapidFireCannon,UnstableConcoction,HextechGunblade
6,EUW1_5971647222,TFT7_Augment_ShimmerscaleTrait,TFT7_Augment_GuardianEmblem,TFT7_Augment_ThinkFast,1.0,,,,,,1.0,0.0,,1.0,2.0,,0.0,,,,1.0,,,0.0,3.0,,,1.0,,,0.0,,2.0,GuardianEmblemItem,,,,,,,,,,,,,,,,,,,,,,,,,,,,,,,,,,,,,,,2.0,ShimmerscaleMogulsMail,NegatronCloak,,,,,,,,,,,,,,,,,,,,,,,,,,,,,,,,,,,,,,,,,,2.0,,,,,,,,,,,,,,,,,,,,,,,,,,,,,,,,,,,,,,,,,,,,,,,,,,,,,,,,,,,,,,,,,,,,,,,,,,,,,,,,,,,,,,,,2.0,ArchangelsStaff,ShimmerscaleGoldmancersStaff,StatikkShiv,,,,,,,,,2.0,MadredsBloodrazor,ShimmerscaleHeartOfGold,GuardianAngel,,,,,,,,,,,None,None,,,,,1.0,,,,,,,,,,,,2.0,,,,2.0,ShimmerscaleGamblersBlade,MadredsBloodrazor,GuinsoosRageblade,,,,,,,,,,,,
3,EUW1_5971647222,TFT6_Augment_MakeshiftArmor2,TFT7_Augment_FirstAidKit2,TFT6_Augment_Meditation3,,1.0,,1.0,,,,,1.0,,1.0,,,3.0,,1.0,,0.0,,,0.0,1.0,,,,1.0,,0.0,,,,,,,,,,,,,,,,,,,,,,,,,,,,,,,,,,,,,,,,,,,,,,,,,,,,,,,,,,,,,,,,,,,,,1.0,,,,2.0,TitanicHydra,LocketOfTheIronSolari,MageEmblemItem,,,,,,,,,,,,,,,,,,,,,,,,,2.0,,,,3.0,,,,,,,,,,,,,,,,,,,,,,,,,,,,,,,,3.0,ArchangelsStaff,JeweledGauntlet,SpearOfShojin,,,,,,,,,,,,,,,,,,,,,,,,,1.0,,,,,,,,,,,,2.0,IonicSpark,GargoyleStoneplate,Morellonomicon,,,,,,,,,,,,,,,,,2.0,TrainerSnax,None,None,,,,,,,,,,,,,3.0,,,,,,,,,,,,,,,,,,,,1.0,,,
4,EUW1_5971647222,TFT7_Augment_UrfsGrabBag1,TFT6_Augment_MakeshiftArmor2,TFT6_Augment_MakeshiftArmor3,0.0,,,1.0,,1.0,,,,,2.0,,0.0,0.0,,,1.0,,0.0,,,,,1.0,0.0,,0.0,,,,,,,,,,,,,,,,,,,,,,,,,,,,,,,,,,,,,,,,,,,,,,,,,,,,,,,,,,,,,,,,,,2.0,WarmogsArmor,DragonsClaw,TitansResolve,,,,,,,,,,,,,,,,,,,,,,,,,,,,,1.0,,,,,,,,,,,,,,,,,,,,,,,,,,,,2.0,,,,,,,,,,,,,,,,,,,,,,,,,,,,2.0,,,,,,,,,,,,,,,,,,,,,,,,,,,,,,,,2.0,,,,,,,,,,,,,,None,None,,,,,2.0,PowerGauntlet,StatikkShiv,ZekesHerald,,,,,,,,,,,,,2.0,RunaansHurricane,MadredsBloodrazor,GuinsoosRageblade,,,,,,,,,,,,
7,EUW1_5971647222,TFT6_Augment_MetabolicAccelerator,TFT7_Augment_CannoneerRicochet,TFT6_Augment_RadiantRelics,,,1.0,,1.0,,1.0,,1.0,1.0,1.0,,,,,1.0,,1.0,,,1.0,,,,,1.0,,0.0,,,,,,,,,,,,,,,,,,,,,1.0,SeraphsEmbrace,,,,,,,2.0,InfinityEdge,GuinsoosRageblade,ShimmerscaleGamblersBlade,,,,,,,,,2.0,GargoyleStoneplate,WarmogsArmor,,,,,,,,,,,,,,,,,,,,,,,,,,,,,,,,,,,,,,,,,,,,,,,,,,,,,,,,,,2.0,,,,,,,,,,,,,,,,,,,,,,,,,,,,,,,,,,,,,,,,,,,,,,,,,,,,,,,,,,,,,,,,1.0,SpearOfShojin,,,,,,,,,,,,,,,,,,,,,,,,,,,1.0,,,,2.0,TrainerSnax,None,None,2.0,ZekesHeraldRadiant,MadredsBloodrazor,,,,,,,,,,,,,,,,,,,,,,,,,,,,,,,,,
5,EUW1_5971647222,TFT7_Augment_BruiserTitanicStrength,TFT6_Augment_ComponentGrabBag,TFT6_Augment_ForceOfNature,,1.0,,2.0,,,1.0,,0.0,,1.0,,0.0,2.0,,1.0,,,,,,,,,0.0,1.0,,2.0,,,,,,,,,,,,,,,,,,,,,,,,,,,,,,,,,,,,,,,,,,,,,,,,,1.0,TitansResolve,Quicksilver,,,,,,,,,,,,,,,,,,2.0,RecurveBow,,,2.0,RedBuff,Redemption,,,,,,,,,,,,,,,,,,,,,,,,,,1.0,,,,2.0,StatikkShiv,,,,,,,,,,,,,,,,,,,2.0,,,,,,,,,,,,2.0,JeweledGauntlet,SpearOfShojin,,,,,,,,,,,,,,,,,,,,,,,,,,,,,,,,,,,,,,1.0,,,,,,,,,,,,,,,,,,,,1.0,TrainerSnax,None,None,,,,,,,,,,,,,2.0,,,,,,,,,,,,,,,,,,,,,,,
1,EUW1_5973182437,TFT6_Augment_CyberneticUplink1,TFT6_Augment_TinyTitans,TFT6_Augment_RadiantRelics,,,1.0,1.0,,,1.0,,1.0,,1.0,0.0,0.0,1.0,,1.0,,,,,0.0,1.0,1.0,,2.0,1.0,,0.0,,,,,,,,,2.0,HextechGunblade,RabadonsDeathcapRadiant,SpearOfShojin,,,,,,,,,1.0,,,,,,,,,,,,,,,,,,,,,,,,,,,,,,,,,,,,,,,,,,,,,,,,2.0,RecurveBow,,,,,,,,,,,,,,,,,,,,,,,,,,,,,,,2.0,Chalice,,,,,,,,,,,,,,,,,,,,,,,1.0,,,,,,,,,,,,,,,,,,,,,,,,,,,,,,,,,,,,,,,,,,,,2.0,BFSword,,,,,,,2.0,TitansResolve,RedBuff,GargoyleStoneplate,,,,,,,,,,,,,,,,,4.0,TrainerSnax,None,None,,,,,,,,,,,,,,,,,,,,,,,,,,,,,,,,,2.0,EvokerEmblemItem,SpearOfShojin,Quicksilver
6,EUW1_5973182437,TFT6_Augment_SecondWind1,TFT6_Augment_Distancing,TFT6_Augment_RadiantRelics,1.0,,,1.0,,0.0,,,,,2.0,,0.0,,,,1.0,,,,,,,1.0,1.0,,0.0,,,,,,,,,,,,,,,,,,,,,,,,,,,,,,,,,,,,,,,,,,,,,,,,,,,,,,,,,,,,,,,,,,1.0,,,,,,,,,,,,,,,,,,,,,,,,,,,,,,,,,,,,,,,,,,,,,,,,,,,,,,,,,,,,2.0,RedBuff,WarmogsArmor,,,,,,2.0,Chalice,,,,,,,,,,,,,,,,,,,1.0,,,,,,,,,,,,,,,,,,,,,,,,,,,,,,,,2.0,BloodthirsterRadiant,,,,,,,,,,,,,None,None,,,,,2.0,Zephyr,,,,,,,,,,,,,,,2.0,GuinsoosRageblade,Deathblade,Quicksilver,,,,,,,,,,,,
2,EUW1_5973182437,TFT6_Augment_CyberneticShell1,TFT6_Augment_ItemGrabBag1,TFT6_Augment_VerdantVeil,0.0,,,1.0,,1.0,,0.0,,,3.0,,0.0,,0.0,,1.0,,,,,,,1.0,1.0,,1.0,,,,,,,,,,,,,,,,,,,,,,,,,,,,,,,,,,,,,,,,,,,,,,,,,,,,,,,,,,,,,,,,,,2.0,UnstableConcoction,Shroud,,,,,,,,,,,,,,,,,,,,,,,,,,,,,,,,,,,,,,,,,,,,,,,,,,,,,,,,,,2.0,RedBuff,,,,,,,,,,,,,,,1.0,,,,,,,,,,,,1.0,,,,,,,,,,,,,,,,,,,,,,,,,,,,,,,,2.0,FrozenHeart,InfinityEdge,Bloodthirster,,,,,,,,,,,None,None,,,,,2.0,,,,,,,,,,,,,,,,2.0,GuinsoosRageblade,MadredsBloodrazor,UnstableConcoction,2.0,TempestEmblemItem,UnstableConcoction,,,,,,,,,
8,EUW1_5973182437,TFT6_Augment_CyberneticUplink1,TFT6_Augment_ItemGrabBag1,TFT7_Augment_ThinkFast,,1.0,,1.0,,,,,0.0,,1.0,,,2.0,,1.0,,,,,,,,,,1.0,,0.0,,,,,,,,,,,,,,,,,,,,,,,,,,,,,,,,,,,,,,,,,,,,,,,,,,,,,,,,,,,,,,,,,,,,,1.0,SparringGloves,,,3.0,GiantsBelt,,,,,,,,,,,,,,,,,,,,,,,,,,,2.0,,,,3.0,SpearOfShojin,,,,,,,,,,,,,,,,,,,,,,,,,,,,,,,2.0,HextechGunblade,SpearOfShojin,,,,,,,,,,,,,,,,,,,,,,,,,,,,,,,,,,,,,,2.0,GargoyleStoneplate,,,,,,,,,,,,,,,,,,,1.0,TrainerSnax,None,None,,,,,,,,,,,,,2.0,,,,,,,,,,,,,,,,,,,,,,,
4,EUW1_5973182437,TFT6_Augment_Distancing,TFT6_Augment_SecondWind1,TFT6_Augment_Diversify3,0.0,,1.0,,,1.0,1.0,0.0,1.0,,2.0,,,,3.0,1.0,,,,,,,,,,0.0,1.0,,,,,,,,,,,,,,,,,,,,,,1.0,EvokerEmblemItem,NegatronCloak,,,,,,,,,,,,,,2.0,StatikkShiv,GuinsoosRageblade,JeweledGauntlet,,,,,,,,,,,,,,,,,,,,,,,,,,,,,,,,,,,,,,,,,,,,,,,,,,,,,,,,,,,,,1.0,,,,,,,,,,,,,,,,2.0,WarmogsArmor,,,,,,,,,,,,,,,,,,,,,,,,,,,,,,,,,,,,,,,,,,,,,,,,,,,,,,,,,,,,,,,,,,,2.0,Deathblade,,,,,,,,,,,,,None,None,,,,,,,,,,,,,,,,,,,,,,,,,2.0,TitansResolve,WarmogsArmor,CavalierEmblemItem,1.0,,,,,,,
7,EUW1_5973182437,TFT6_Augment_PandorasItems,TFT6_Augment_Recombobulator,TFT6_Augment_VerdantVeil,,,,,2.0,,1.0,,0.0,1.0,,0.0,,,,0.0,,1.0,,,1.0,,1.0,,,1.0,,,,,,,,,,,,,,,,,,,,,,,,,,,,,,,2.0,GuinsoosRageblade,Deathblade,MadredsBloodrazor,,,,,,,,,2.0,WarmogsArmor,GargoyleStoneplate,ShimmerscaleDiamondHands,,,,,,,,,,,,,,,,,,,,,,,,,,,,,,,,,2.0,,,,,,,,,,,,,,,,,,,,,,,,2.0,,,,,,,,,,,,,,,,,,,,,,,,,,,,,,,,,,,,,,,,,,,,,,,,,,,,,,,,,,,,,,,,,,,,2.0,SpearOfShojin,,,,,,,,,,,,,,,,,,,1.0,,,,,,,,1.0,TrainerSnax,None,None,2.0,HextechGunblade,,,,,,,,,,,,,,,,,,,,,,,,,,,,,,,,,,
5,EUW1_5973182437,TFT6_Augment_CyberneticUplink1,TFT6_Augment_Electrocharge1,TFT6_Augment_CyberneticUplink3,,0.0,,1.0,1.0,,1.0,,,,1.0,,,2.0,,0.0,,,,,0.0,1.0,,,,1.0,,2.0,,,,,,,,,,,,,,,,,,,,,,,,,,,,,,,,,,,,,,,,,,,,,,,,,2.0,ThiefsGloves,LocketOfTheIronSolari,GuinsoosRageblade,,,,,,,,,,,,,,,,,2.0,RecurveBow,,,,,,,,,,,,,,,,,,,,,,,,,,,,,,,,,,,3.0,SpearOfShojin,,,,,,,,,,,,,,,,,,,,,,,,,,,,,,,2.0,NeedlesslyLargeRod,,,,,,,,,,,,,,,,,,,,,,,,,,,,,,,,,,,,,,,1.0,RedBuff,GargoyleStoneplate,TitansResolve,,,,,,,,,,,,,,,,,2.0,TrainerSnax,None,None,1.0,StatikkShiv,,,,,,,,,,,,,,,,,,,,,,,,,,,,,,,1.0,CannoneerEmblemItem,,
3,EUW1_5973182437,TFT7_Augment_AFK,TFT7_Augment_AxiomArc1,TFT7_Augment_CursedCrown,1.0,,,1.0,,1.0,,,,1.0,,,,1.0,1.0,,,,2.0,,0.0,1.0,,,,,1.0,1.0,,,,,,,,,,,,,,,,,,,,,,,,,2.0,,,,,,,,2.0,RedBuff,MadredsBloodrazor,InfinityEdge,,,,,,,,,,,,,,,,,,,,,,,,,,,,,,,,,,,,,,,,,,,,,,,,,,,,,,,,,,,,,3.0,ArchangelsStaff,TitansResolve,HextechGunblade,,,,,,,,,,,,,,,,,2.0,,,,3.0,InfinityEdge,AssassinEmblemItem,GuinsoosRageblade,,,,,,,,,,,,,,,,,,,,,,,,,,,,,,,,,,,,,,,,,,,,,,,,,,,,,2.0,,,,,,,,,,,,,,,,2.0,,,,,,None,None,,,,,,,,,,,,,,,,,,,,,,,,,,,,,1.0,,,,1.0,RunaansHurricane,,
3,EUW1_5971682284,TFT7_Augment_ClutteredMind,TFT6_Augment_ComponentGrabBag,TFT6_Augment_JeweledLotus,,0.0,1.0,1.0,,,,,1.0,,2.0,,,2.0,,2.0,,0.0,,,,,,,,1.0,,0.0,,,,,,,,,,,,,,,,,,,,,1.0,,,,,,,,,,,,,,,,,,,,,,,,,,,,,,,,,,,,,,,,,,,,,,,,2.0,,,,2.0,TitanicHydra,TitansResolve,,,,,,,,,,,,,,,,,,,,,,,,,,2.0,,,,3.0,ZekesHerald,Chalice,,,,,,,,,,,,,,,,,,,,,,,,,,,,,,2.0,SpearOfShojin,JeweledGauntlet,,,,,,,,,,,,,,,,,,,,,,,,,,2.0,MageEmblemItem,,,,,,,,,,,2.0,GargoyleStoneplate,RedBuff,IonicSpark,,,,,,,,,,,,,,,,,4.0,TrainerSnax,None,None,,,,,,,,,,,,,,,,,,,,,,,,,,,,,,,,,,,,
2,EUW1_5971682284,TFT7_Augment_GuildEmblem,TFT6_Augment_Ascension,TFT6_Augment_Diversify2,1.0,,1.0,1.0,,1.0,,,,,5.0,,0.0,,,0.0,1.0,,,,,,,1.0,1.0,,0.0,,,,,,,,,,,,,,,,,,,,,,1.0,,,,,,,,,,,,,,,,,,,,,,,,,,,,,,,,,,,,,,,,,,,,2.0,,,,,,,,,,,,,,,,,,,,,,,,,,,,,,,,,,,,,,,,,,,,,,,,,,,,,,,,,,,,2.0,Redemption,GuardianAngel,,,,,,2.0,RedBuff,Chalice,PowerGauntlet,,,,,2.0,,,,,,,,,,,,2.0,Bloodthirster,,,,,,,,,,,,,,,,,,,,,,,,,,,,,,,2.0,UnstableConcoction,FrozenHeart,InfinityEdge,,,,,,,,,,,None,None,,,,,2.0,,,,,,,,,,,,,,,,2.0,GuinsoosRageblade,GuildEmblemItem,MadredsBloodrazor,,,,,,,,,,,,
1,EUW1_5971682284,TFT6_Augment_ThrillOfTheHunt2,TFT6_Augment_ComponentGrabBag,TFT7_Augment_ScalescornEmblem,3.0,,1.0,1.0,,,,,,1.0,2.0,,0.0,,,0.0,,,2.0,,,,,,1.0,,0.0,1.0,,,,,,,,,,,,,,,,,,,,,1.0,,,,2.0,RedBuff,TitanicHydra,,,,,,2.0,TitansResolve,MadredsBloodrazor,RabadonsDeathcap,,,,,,,,,,,,,,,,,,,,,,,,,,,,,,,,,,,,,,,,,,,,,,,,,,,,,,,,,,,,,,,,,,,,,,,,,,,,,,,,,,,,,3.0,InfinityEdge,AssassinEmblemItem,RunaansHurricane,2.0,AssassinEmblemItem,ScalescornEmblemItem,,1.0,Bloodthirster,,,1.0,Zephyr,,,,,,,,,,,,,,,,,,,,,,,,,,,,,,,,,,,,,,,,,,,,,,,,,,,1.0,,,,,,,,2.0,,,,,,None,None,,,,,,,,,,,,,,,,,,,,,,,,,,,,,,,,,,,,
4,EUW1_5971682284,TFT7_Augment_UrfsGrabBag1,TFT6_Augment_JeweledLotus,TFT6_Augment_ComponentGrabBag,,0.0,,1.0,,,1.0,,0.0,,,,0.0,2.0,,1.0,,,,,0.0,1.0,,,2.0,1.0,,0.0,,,,,,,,,1.0,ArchangelsStaff,SpearOfShojin,MageEmblemItem,,,,,,,,,,,,,,,,,,,,,,,,,,,,,,,,,,,,,,,,,,,,,,,,,,,,,,,,,2.0,,,,,,,,,,,,,,,,,,,,,,,,,,,,,,,,2.0,TearOfTheGoddess,,,3.0,ThiefsGloves,ZekesHerald,Deathblade,,,,,,,,,,,,,,,,,1.0,ThiefsGloves,Redemption,BrambleVest,,,,,,,,,,,,,,,,,,,,,,,,,,,,,,,,,,,,,,,,,,,,,,,,,2.0,GargoyleStoneplate,BrambleVest,ArchangelsStaff,,,,,,,,,,,,,,,,,2.0,TrainerSnax,None,None,,,,,,,,,,,,,,,,,,,,,,,,,,,,,,,,,2.0,StatikkShiv,Quicksilver,UnstableConcoction
5,EUW1_5971682284,TFT6_Augment_CelestialBlessing2,TFT7_Augment_GadgetExpert,TFT7_Augment_RevelPartyFavors,,,,1.0,2.0,,1.0,,1.0,,,0.0,,,,0.0,,3.0,,,,,1.0,,,1.0,,1.0,,,,,,,,,,,,,,,,,,,,,,,,,,,,,2.0,Quicksilver,GuinsoosRageblade,StatikkShiv,,,,,,,,,,,,,,,,,1.0,ThiefsGloves,Chalice,GargoyleStoneplate,,,,,,,,,,,,,,,,,,,,,,,,,2.0,,,,,,,,,,,,,,,,,,,,,,,,2.0,Shroud,,,,,,,,,,,,,,,,,,,,,,,,,,,,,,,,,,,,,,,,,,,,,,,,,,,,,,,,,,,,,,,2.0,ArchangelsStaff,Quicksilver,,1.0,,,,,,,,,,,,2.0,WarmogsArmor,GargoyleStoneplate,RedBuff,,,,,,,,,,,,,3.0,TrainerSnax,None,None,1.0,,,,,,,,,,,,,,,,,,,,,,,,,,,,,,,,,,,
6,EUW1_5971682284,TFT7_Augment_FirstAidKit2,TFT7_Augment_LastStand,TFT6_Augment_ComponentGrabBag,,0.0,,,,,1.0,0.0,,,,2.0,,,,0.0,,,,2.0,,,,0.0,,,,0.0,,,,,,,,,,,,,2.0,Shroud,,,,,,,,,,,,,,,,,,,,,,,,,,,,,,,2.0,InfinityEdge,UnstableConcoction,,,,,,2.0,,,,,,,,2.0,,,,,,,,,,,,,,,,,,,,,,,,,,,,,,,,,,,,,,,,,,,,,,,,1.0,RabadonsDeathcap,WarmogsArmor,RedBuff,3.0,UnstableConcoction,MadredsBloodrazor,Quicksilver,,,,,,,,,,,,,,,,,,,,,,,,,,,,,,,,,,,,,,,,,,,,,,,,,,,,,,,,,,,,,,,,,,,,,,,,,,,,,,,,,,,None,None,,,,,,,,,,,,,,,,,,,,,,,,,,,,,,,,,,,,
8,EUW1_5971682284,TFT7_Augment_GuildEmblem,TFT7_Augment_GadgetExpert,TFT6_Augment_SunfireBoard,0.0,1.0,,1.0,,,,,,,4.0,,,1.0,,0.0,,,,,,,,1.0,,,,0.0,,,,,,,,,,,,,,,,,,,,,,,,,,,,,,,,,,,,,,,,,,,,,,,,,,,,,,,,,,,,,,,,,,,,,,,,,2.0,NegatronCloak,,,,,,,,,,,,,,,,,,,,,,,,,,,,,,,2.0,PowerGauntlet,StatikkShiv,,,,,,,,,,,,,,,,,,,,,,,,,,,,,,1.0,,,,,,,,,,,,,,,,,,,,,,,,,,,,,,,,,,,,,,,,2.0,,,,,,,,1.0,FrozenHeart,,,,,,,,,,,,,None,None,,,,,2.0,,,,3.0,GuinsoosRageblade,GuildEmblemItem,MadredsBloodrazor,,,,,,,,,,,,,,,,,,,,,,,,
7,EUW1_5971682284,TFT7_Augment_MageEmblem,TFT7_Augment_Preparation2,TFT6_Augment_Ascension,,,,1.0,,0.0,1.0,,0.0,,1.0,,,2.0,,0.0,,,0.0,,,,,,,1.0,,2.0,,,,,,,,,,,,,,,,,,,,,,,,,,,,,,,,,,,,,,,,,,,,,,,,,2.0,MageEmblemItem,,,,,,,,,,,,,,,,,,,2.0,,,,,,,,,,,,,,,,,,,,,,,,,,,,2.0,TitanicHydra,,,2.0,,,,,,,,,,,,,,,,,,,,,,,,,,,,,,,,,,,,2.0,SpearOfShojin,JeweledGauntlet,SpearOfShojin,,,,,,,,,,,,,,,,,,,,,,,,,,,,,,,,,,,,,1.0,RedBuff,IonicSpark,WarmogsArmor,,,,,,,,,,,,,,,,,3.0,TrainerSnax,None,None,,,,,,,,,,,,,,,,,,,,,,,,,,,,,,,,,,,,
6,EUW1_5973141108,TFT6_Augment_TargetDummies,TFT6_Augment_RadiantRelics,TFT6_Augment_CyberneticUplink2,,,,,,,,2.0,,,,1.0,0.0,,,,1.0,,,1.0,0.0,,,1.0,0.0,,,,,,,,,,,,,,,,2.0,TearOfTheGoddess,,,,,,,,,,,,,,,,,,,,,,,,,,,,,,,,,,,,,,,,,,,,,,,,,,,,,,,,,,,,,,,,,,,1.0,,,,,,,,2.0,ForceOfNature,,,,,,,,,,,,,,,,,,,1.0,RedBuff,,,,,,,,,,,,,,,,,,,,,,,,,,,,,,,,,,,,,,,2.0,NegatronCloak,,,,,,,,,,,,,,,,,,,,,,,3.0,InfinityEdgeRadiant,GuinsoosRageblade,JeweledGauntlet,,,,,,,,,,,,,,,,,,,,,,,None,None,,,,,,,,,,,,,,,,,2.0,BFSword,,,1.0,StatikkShiv,Quicksilver,,,,,,,,,,,,,
4,EUW1_5973141108,TFT7_Augment_TempestEyeOfTheStorm,TFT6_Augment_ItemGrabBag2,TFT7_Augment_DragonAlliance,,,,1.0,,1.0,2.0,0.0,,0.0,,0.0,0.0,,0.0,,0.0,,,,1.0,,1.0,,2.0,,1.0,,,,,,,,,,2.0,ArchangelsStaff,SpearOfShojin,HextechGunblade,,,,,,,,,,,,,,,,,,,,,,,,,,,,,2.0,CavalierEmblemItem,ShimmerscaleMogulsMail,RedBuff,,,,,,,,,,,,,,,,,,,,,2.0,IonicSpark,WarmogsArmor,,,,,,,,,,,,,,,,,,,,,,,,,,,,,,,,,,,,,,,,,,,,,,,,,,,,,,,,,,2.0,PowerGauntlet,ZekesHerald,TitanicHydra,,,,,,,,,,,,,,,,,,,,,,,,,1.0,,,,,,,,,,,,,,,,1.0,,,,,,,,,,,,,,,,,,,,,,,,,,,,,,None,None,,,,,,,,,,,,,,,,,,,,,,,,,2.0,UnstableConcoction,,,,,,,,,,
2,EUW1_5973141108,TFT6_Augment_TomeOfTraits1,TFT6_Augment_ForceOfNature,TFT7_Augment_AssassinCutthroat,3.0,,,1.0,,0.0,,,,0.0,1.0,,0.0,0.0,,,0.0,,3.0,,0.0,,,,1.0,,1.0,0.0,,,,,,,,,,,,,,,,,,,,,,,,,2.0,TitanicHydra,GiantsBelt,,,,,,2.0,FrozenHeart,IonicSpark,RedBuff,,,,,,,,,,,,,,,,,,,,,,,,,,,,,,,,,,,,,,,,,,,,,,,,,1.0,,,,,,,,,,,,1.0,,,,,,,,,,,,,,,,,,,,,,,,3.0,RunaansHurricane,AssassinEmblemItem,InfinityEdge,2.0,,,,1.0,ScalescornEmblemItem,,,2.0,,,,,,,,,,,,,,,,,,,,2.0,,,,,,,,,,,,,,,,,,,,,,,,,,,,,,,,2.0,ScalescornEmblemItem,LastWhisper,GuinsoosRageblade,,,,,,,,,,,None,None,,,,,,,,,,,,,,,,,,,,,,,,,,,,,,,,,,,,
5,EUW1_5973141108,TFT6_Augment_TrueTwos,TFT6_Augment_ThriftShop,TFT6_Augment_TomeOfTraits1,,,,1.0,2.0,,1.0,,1.0,,,,0.0,0.0,1.0,0.0,,3.0,,,,,,,0.0,1.0,,0.0,,,,,,,,,,,,,,,,,,,,,,,,,,,,,2.0,StatikkShiv,LastWhisper,UnstableConcoction,,,,,2.0,RevelEmblemItem,GuinsoosRageblade,Morellonomicon,,,,,,,,,,,,,,,,,,,,,,,,,,,,,,,,,,,,,1.0,Zephyr,,,,,,,,,,,,,,,,,,,,,,,2.0,,,,,,,,,,,,,,,,,,,,,,,,1.0,,,,,,,,,,,,,,,,,,,,,,,,,,,,,,,,,,,,,,,,2.0,,,,,,,,,,,,2.0,GargoyleStoneplate,GargoyleStoneplate,RedBuff,,,,,,,,,,,,,,,,,3.0,TrainerSnax,None,None,2.0,,,,,,,,,,,,,,,,,,,,,,,,,,,,,,,,,,,
7,EUW1_5973141108,TFT7_Augment_GuildLoot,TFT7_Augment_CavalierForAllUnits,TFT7_Augment_BestFriends2,1.0,,1.0,1.0,,1.0,,,,,3.0,,0.0,,,0.0,1.0,,,,,,,1.0,1.0,,0.0,,,,,,,,,,,,,,,,,,,,,,1.0,,,,,,,,,,,,,,,,,,,,,,,,,,,,,,,,,,,,,,,,,,,,1.0,,,,,,,,,,,,,,,,,,,,,,,,,,,,,,,,,,,,,,,,,,,,,,,,,,,,,,,,,,,,1.0,,,,,,,,2.0,,,,,,,,,,,,,,,,,,,,2.0,RedBuff,FrozenHeart,CavalierEmblemItem,,,,,,,,,,,,,,,,,,,,,,,,,,,,,2.0,UnstableConcoction,,,,,,,,,,,,,None,None,,,,,2.0,PowerGauntlet,,,,,,,,,,,,,,,1.0,GuinsoosRageblade,MadredsBloodrazor,UnstableConcoction,,,,,,,,,,,,
1,EUW1_5973141108,TFT6_Augment_MetabolicAccelerator,TFT6_Augment_ThriftShop,TFT7_Augment_AxiomArc2,,1.0,1.0,1.0,,,,,0.0,,2.0,,,3.0,,2.0,,,,,0.0,1.0,,,,1.0,,0.0,,,,,,,,,,,,,,,,,,,,,2.0,MageEmblemItem,RunaansHurricane,,,,,,,,,,,,,,,,,,,,,,,,,,,,,,,,,,,,,,,,,,,,,,2.0,,,,3.0,Redemption,WarmogsArmor,RedBuff,,,,,,,,,,,,,,,,,,,,,,,,,2.0,,,,3.0,StatikkShiv,ZekesHerald,,,,,,,,,,,,,,,,,,,,,,,,,,,,,,3.0,SeraphsEmbrace,Quicksilver,SpearOfShojin,,,,,,,,,,,,,,,,,,,,,,,,,,,,,,,,,,,,,3.0,ThiefsGloves,EmptyBag,EmptyBag,,,,,,,,,,,,,,,,,4.0,TrainerSnax,None,None,,,,,,,,,,,,,2.0,,,,,,,,,,,,,,,,,,,,2.0,,,
8,EUW1_5973141108,TFT6_Augment_Featherweights2,TFT6_Augment_HighEndShopping,TFT6_Augment_ComponentGrabBag,,,,,2.0,,,,0.0,1.0,,,,,,0.0,,1.0,0.0,,,,,,,1.0,,0.0,,,,,,,,,,,,,,,,,,,,,,,,,2.0,ChainVest,,,1.0,UnstableConcoction,,,,,,,,,,,,,,,,,,,,,,,,,,,,,,,,,,,,,,,,,,,,,,,2.0,,,,,,,,,,,,,,,,,,,,,,,,2.0,,,,,,,,,,,,,,,,,,,,,,,,,,,,,,,,,,,,,,,,,,,,,,,,,,,,,,,,,,,,,,,,,,,,,,,,,,,,,,,,,,,,,,,,,,,,2.0,,,,1.0,TrainerSnax,None,None,3.0,RunaansHurricane,Deathblade,MadredsBloodrazor,,,,,,,,,,,,,,,,,,,,,,,,,,,,,,,,
3,EUW1_5973141108,TFT7_Augment_UrfsGrabBag1,TFT6_Augment_MaxLevel10,TFT6_Augment_JeweledLotus,,,,,,,1.0,1.0,1.0,,,3.0,0.0,,0.0,1.0,,,,1.0,,,1.0,0.0,,0.0,0.0,,,,,,2.0,SpearOfShojin,HextechGunblade,JeweledGauntlet,,,,,2.0,,,,,,,,,,,,,,,,,,,,,,,,,,,,,,,,2.0,TitansResolve,Bloodthirster,RunaansHurricane,,,,,,,,,,,,,2.0,,,,,,,,,,,,,,,,,,,,1.0,,,,,,,,,,,,,,,,,,,,2.0,,,,,,,,2.0,GargoyleStoneplate,Zephyr,DragonsClaw,,,,,,,,,,,,,,,,,,,,,,,,,,,,,,,,,,,,,,,,,,,,,,,,,,,,,,,,,2.0,SpearOfShojin,,,,,,,,,,,,,,,,,,,,,,,,,,,,,None,None,,,,,,,,,,,,,,,,,,,,,,,,,2.0,BrambleVest,UnstableConcoction,,,,,,,,,
4,EUW1_5972283927,TFT6_Augment_ThrillOfTheHunt1,TFT6_Augment_TomeOfTraits1,TFT7_Augment_AssassinEmblem,3.0,,,1.0,,,1.0,0.0,,,1.0,0.0,0.0,,0.0,,,,0.0,1.0,,,,,1.0,,0.0,2.0,,,,,,,,,,,,,,,,,,,,,,,,,,,,,,,,,2.0,FrozenHeart,,,,,,,,,,,,,,,2.0,AssassinEmblemItem,RapidFireCannon,UnstableConcoction,1.0,ZekesHerald,,,,,,,,,,,,,,,,,,,,,,,,,,,,,,,,,,,,,,,,,,,,,,,,,,,,,,,2.0,AssassinEmblemItem,,,,,,,,,,,,,,,2.0,AssassinEmblemItem,GargoyleStoneplate,IonicSpark,,,,,2.0,,,,,,,,,,,,,,,,,,,,,,,,,,,,,,,,,,,,,,,,,,,,,,,,,,,,1.0,GuardianAngel,,,,,,,,,,,,,None,None,,,,,,,,,,,,,,,,,,,,,,,,,1.0,,,,,,,,,,,
7,EUW1_5972283927,TFT6_Augment_ThrillOfTheHunt1,TFT7_Augment_BestFriends2,TFT7_Augment_CavalierEmblem,0.0,,,,1.0,3.0,,,1.0,,2.0,0.0,0.0,0.0,,,0.0,1.0,0.0,,,,,,,,,,,,,,2.0,,,,,,,,,,,,,,,,,,,,,,,,2.0,MadredsBloodrazor,Deathblade,InfinityEdge,,,,,,,,,,,,,,,,,,,,,,,,,,,,,,,,,2.0,WarmogsArmor,WarmogsArmor,,,,,,,,,,,,,,,,,,,,,,,,,,,,,,2.0,,,,,,,,,,,,,,,,,,,,,,,,,,,,,,,,,,,,,,,,,,,,2.0,RedBuff,,,1.0,,,,,,,,,,,,,,,,,,,,2.0,ArchangelsStaff,,,,,,,,,,,,,,,,,,,1.0,CavalierEmblemItem,,,,,,,,,,,,,None,None,,,,,,,,,,,,,,,,,,,,,,,,,,,,,,,,,,,,
8,EUW1_5972283927,TFT7_Augment_RevelTrait,TFT7_Augment_RevelPartyTime,TFT6_Augment_BlueBattery2,,,1.0,,1.0,,1.0,,1.0,1.0,1.0,0.0,,,,1.0,,2.0,,,1.0,,,,,1.0,,,,,,,,,,,,,,,,,,,,,,,1.0,,,,,,,,2.0,MadredsBloodrazor,InfinityEdge,GuinsoosRageblade,,,,,,,,,1.0,GiantsBelt,DragonsClaw,ShimmerscaleDeterminedInvestor,,,,,,,,,,,,,,,,,,,,,,,,,,,,,,,,,,,,,,,,,,,,,,,,,,,,,,,,,2.0,,,,,,,,,,,,,,,,,,,,,,,,,,,,,,,,,,,,,,,,,,,,,,,,,,,,,,,,,,,,,,,,2.0,JeweledGauntlet,UnstableConcoction,,,,,,,,,,,,,,,,,,,,,,2.0,,,,,,,,2.0,TrainerSnax,None,None,2.0,,,,,,,,,,,,,,,,,,,,,,,,,,,,,,,,,,,
3,EUW1_5972283927,TFT7_Augment_ShimmerscaleEmblem,TFT7_Augment_BestFriends2,TFT6_Augment_CyberneticImplants2,1.0,,,1.0,,1.0,,,,,3.0,,0.0,,,,1.0,,,,0.0,,,1.0,1.0,,0.0,,,,,,,,,,,,,,,,,,,,,,,,,,,,,,,,,,,,,,,,,,,,,,,,,,,,,,,,,,,,,,,,,,2.0,BrambleVest,,,,,,,,,,,,,,,,,,,,,,,,,,,,,,,,,,,,,,,,,,,,,,,,,,,,,,,,,,,2.0,ThiefsGloves,TearOfTheGoddess,GuardianAngel,,,,,2.0,NegatronCloak,,,,,,,1.0,,,,,,,,,,,,2.0,ShimmerscaleEmblemItem,RedBuff,,,,,,,,,,,,,,,,,,,,,,,,,,,,,,2.0,Shroud,MadredsBloodrazor,,,,,,,,,,,,None,None,,,,,2.0,,,,,,,,,,,,,,,,2.0,GuinsoosRageblade,InfinityEdge,MadredsBloodrazor,,,,,,,,,,,,
5,EUW1_5972283927,TFT6_Augment_Weakspot,TFT7_Augment_CannoneerEmblem,TFT7_Augment_GadgetExpert,,,,1.0,3.0,1.0,,,1.0,,,,0.0,,0.0,0.0,0.0,2.0,,,,,,,0.0,1.0,0.0,,,,,,,,,,,,,,,,,,,,,,,,,,,,,,2.0,Deathblade,RunaansHurricane,MadredsBloodrazor,,,,,,,,,,,,,,,,,,,,,,,,,,,,,,,,,2.0,BrambleVest,GargoyleStoneplate,,,,,,,,,,2.0,,,,,,,,,,,,,,,,,,,,,,,,2.0,PowerGauntlet,,,,,,,,,,,,,,,1.0,ChainVest,,,,,,,2.0,GargoyleStoneplate,Morellonomicon,,,,,,,,,,,,,,,,,,,,,,,,,,2.0,CannoneerEmblemItem,,,,,,,,,,,2.0,,,,,,,,,,,,,,,,,,,,,,,,,,,,,,,,3.0,TrainerSnax,None,None,2.0,StatikkShiv,MadredsBloodrazor,,,,,,,,,,,,,,,,,,,,,,,,,,,,,,,,,
1,EUW1_5972283927,TFT6_Augment_CyberneticImplants1,TFT7_Augment_ScalescornEmblem,TFT7_Augment_BruiserEmblem,2.0,,,2.0,,,,,,0.0,2.0,,,0.0,,,0.0,,2.0,,,,,0.0,,,1.0,1.0,,,,,,,,,,,,,,,,,,,,,,,,,2.0,FrozenHeart,,,,,,,3.0,ArchangelsStaff,BruiserEmblemItem,TitansResolve,,,,,,,,,,,,,,,,,,,,,,,,,,,,,,,,,,,,,,,,,,,,,,,,,,,,,,,,,,,,,,,,,,,,,,,,,,,,,,,,,,,,,3.0,RapidFireCannon,InfinityEdge,AssassinEmblemItem,,,,,1.0,BFSword,FrozenHeart,,,,,,,,,,,,,,,,,,,,,,2.0,LocketOfTheIronSolari,,,,,,,,,,,,,,,,,,,,,,,2.0,ScalescornEmblemItem,RedBuff,,,,,,2.0,ThiefsGloves,GiantsBelt,Redemption,,,,,,,,,,,None,None,,,,,1.0,,,,,,,,,,,,,,,,,,,,,,,,,,,,,,,
2,EUW1_5972283927,TFT6_Augment_ItemGrabBag1,TFT6_Augment_LudensEcho2,TFT6_Augment_ComponentGrabBag,,0.0,,1.0,,,1.0,,0.0,,,,0.0,2.0,,1.0,,,,,0.0,1.0,,,2.0,1.0,,0.0,,,,,,,,,2.0,SpearOfShojin,MageEmblemItem,ArchangelsStaff,,,,,,,,,,,,,,,,,,,,,,,,,,,,,,,,,,,,,,,,,,,,,,,,,,,,,,,,,2.0,,,,,,,,,,,,,,,,,,,,,,,,,,,,,,,,2.0,PowerGauntlet,SpearOfShojin,,3.0,ThiefsGloves,PowerGauntlet,FrozenHeart,,,,,,,,,,,,,,,,,2.0,Shroud,TitanicHydra,,,,,,,,,,,,,,,,,,,,,,,,,,,,,,,,,,,,,,,,,,,,,,,,,,2.0,IonicSpark,GuardianAngel,GargoyleStoneplate,,,,,,,,,,,,,,,,,4.0,TrainerSnax,None,None,,,,,,,,,,,,,,,,,,,,,,,,,,,,,,,,,1.0,Shroud,,
6,EUW1_5972283927,TFT7_Augment_CavalierTrait,TFT7_Augment_CavalierEmblem,TFT6_Augment_SecondWind2,,0.0,1.0,,,4.0,1.0,,0.0,0.0,3.0,,,1.0,,2.0,,,0.0,,1.0,,,,,0.0,,,,,,,,,,,,,,,,,,,,,,,2.0,CavalierEmblemItem,,,,,,,,,,,,,,,,,,,2.0,CavalierEmblemItem,RedBuff,BrambleVest,,,,,,,,,,,,,,,,,,,,,,,,,,,,,,,,,,,,,,,,,,,,,,,,,,,,,2.0,,,,2.0,,,,1.0,Chalice,StatikkShiv,MadredsBloodrazor,,,,,,,,,,,,,,,,,,,,,,,,,,,,,2.0,ArchangelsStaff,SpearOfShojin,ShimmerscaleDiamondHands,2.0,,,,,,,,,,,,,,,,,,,,,,,,,,,,,,,,,,,,,,,,,,,,,,,,,,,,,,,,,,None,None,,,,,,,,,,,,,,,,,,,,,,,,,,,,,,,,,,,,
8,EUW1_5972148177,TFT6_Augment_CyberneticUplink1,TFT7_Augment_BestFriends1,TFT6_Augment_FuturePeepers,,0.0,,1.0,,,1.0,,1.0,,,,,1.0,,1.0,,0.0,,,,,,,,1.0,,2.0,,,,,,,,,,,,,,,,,,,,,,,,,,,,,,,,,,,,,,,,,,,,,,,,,1.0,TitansResolve,Bloodthirster,GuardianAngel,,,,,,,,,,,,,,,,,2.0,TearOfTheGoddess,,,,,,,,,,,,,,,,,,,,,,,,,,,,,,,2.0,TearOfTheGoddess,,,1.0,,,,,,,,,,,,,,,,,,,,,,,,,,,,,,,,,,,,,,,,,,,,,,,,,,,,,,,,,,,,2.0,GuinsoosRageblade,MageEmblemItem,Zephyr,,,,,,,,,2.0,ThiefsGloves,RedBuff,InfinityEdge,,,,,,,,,,,,,,,,,3.0,TrainerSnax,None,None,,,,,,,,,,,,,,,,,,,,,,,,,,,,,,,,,,,,
2,EUW1_5972148177,TFT6_Augment_CyberneticImplants1,TFT7_Augment_BestFriends1,TFT7_Augment_SwiftshotEmblem,0.0,1.0,,2.0,,,,,,,2.0,,0.0,,,,0.0,,,,,,,2.0,1.0,,0.0,,,,,,,,,,,,,,,,,,,,,,,,,,,,,,,,,,,,,,,,,,,,,,,,,,,,,,,,,,2.0,Quicksilver,,,,,,,,,,,,,,,3.0,Quicksilver,WarmogsArmor,Redemption,,,,,,,,,,,,,,,,,,,,,,,,,,,,,,,,,,,,,,,,,,,,,,,,,2.0,NeedlesslyLargeRod,,,,,,,,,,,,,,,,,,,,,,,,,,,2.0,SparringGloves,,,,,,,2.0,SwiftshotEmblemItem,,,,,,,,,,,,,,,,,,,,,,,2.0,FrozenHeart,,,,,,,,,,,,,None,None,,,,,2.0,,,,3.0,GuinsoosRageblade,MadredsBloodrazor,UnstableConcoction,,,,,,,,,,,,,,,,,,,,,,,,
6,EUW1_5972148177,TFT6_Augment_LudensEcho1,TFT7_Augment_LategameSpecialist,TFT7_Augment_UrfsGrabBag1,,0.0,1.0,1.0,,,1.0,,0.0,,2.0,,,2.0,,2.0,,,,,,,,,,1.0,,2.0,,,,,,,,,,,,,,,,,,,,,1.0,GuinsoosRageblade,,,,,,,,,,,,,,,,,,,,,,,,,,,2.0,ThiefsGloves,ChainVest,IonicSpark,,,,,,,,,,,,,,,,,1.0,,,,,,,,,,,,,,,,,,,,,,,,,,,,,,,,2.0,,,,2.0,StatikkShiv,,,,,,,,,,,,,,,,,,,,,,,,,,,,,,,2.0,ArchangelsStaff,Quicksilver,,,,,,,,,,,,,,,,,,,,,,,,,,,,,,,,,,,,,,2.0,GargoyleStoneplate,GargoyleStoneplate,,,,,,,,,,,,,,,,,,1.0,TrainerSnax,None,None,,,,,,,,,,,,,1.0,,,,,,,,,,,,,,,,,,,,,,,
4,EUW1_5972148177,TFT6_Augment_LudensEcho1,TFT6_Augment_ItemGrabBag1,TFT6_Augment_Ascension,,0.0,,1.0,,,1.0,,0.0,,1.0,,,2.0,,1.0,,,,,0.0,1.0,,,,1.0,,2.0,,,,,,,,,,,,,,,,,,,,,,,,,,,,,,,,,,,,,,,,,,,,,,,,,2.0,FrozenHeart,ChainVest,,,,,,,,,,,,,,,,,,2.0,,,,,,,,,,,,,,,,,,,,,,,,,,,,,,,,2.0,,,,2.0,StatikkShiv,,,,,,,,,,,,,,,,,,,,,,,,,,,,,,,2.0,ArchangelsStaff,UnstableConcoction,HextechGunblade,,,,,,,,,,,,,,,,,,,,,,,,,,,,,,,,,,,,,2.0,BrambleVest,RedBuff,GargoyleStoneplate,,,,,,,,,,,,,,,,,3.0,TrainerSnax,None,None,,,,,,,,,,,,,,,,,,,,,,,,,,,,,,,,,1.0,SeraphsEmbrace,,
1,EUW1_5972148177,TFT7_Augment_BandOfThieves1,TFT6_Augment_ThrillOfTheHunt1,TFT6_Augment_ComponentGrabBag,,,1.0,1.0,,1.0,1.0,0.0,,,1.0,,0.0,1.0,0.0,0.0,0.0,,0.0,,0.0,1.0,,,2.0,,0.0,0.0,,,,,,,,,2.0,MadredsBloodrazor,ArchangelsStaff,SpearOfShojin,,,,,,,,,2.0,StatikkShiv,,,,,,,,,,,,,,,,,,,,,,,,,,,,,,,,,,,,,,,,,,,2.0,ThiefsGloves,StatikkShiv,RabadonsDeathcap,,,,,,,,,,,,,,,,,,,,,,,,,,,,,2.0,,,,,,,,,,,,,,,,,,,,,,,,,,,,2.0,TitanicHydra,NegatronCloak,,,,,,,,,,,,,,,,,,,,,,,,,,,,,,,,,,,,,,,,,,,,,,,,,,2.0,,,,,,,,,,,,,,,,,,,,,,None,None,,,,,,,,,,,,,,,,,,,,,,,,,2.0,SeraphsEmbrace,,,,,,,1.0,SpearOfShojin,StatikkShiv,RabadonsDeathcap
7,EUW1_5972148177,TFT7_Augment_CannoneerTrait,TFT7_Augment_RevelTrait,TFT7_Augment_RevelPartyTime,,,,,3.0,,1.0,,1.0,0.0,,,,,,0.0,,3.0,,,1.0,,,,,1.0,,,,,,,,,,,,,,,,,,,,,,,,,,,,,,,2.0,Deathblade,Deathblade,GuinsoosRageblade,,,,,,,,,2.0,DragonsClaw,Redemption,FrozenHeart,,,,,,,,,,,,,,,,,,,,,,,,,,,,,,,,,2.0,,,,,,,,,,,,,,,,,,,,,,,,2.0,,,,,,,,,,,,,,,,,,,,,,,,,,,,,,,,,,,,,,,,,,,,,,,,,,,,,,,,,,,,,,,,2.0,ShimmerscaleHeartOfGold,,,,,,,,,,,,,,,,,,,,,,,,,,,,,,,2.0,TrainerSnax,None,None,2.0,ThiefsGloves,SparringGloves,Chalice,,,,,,,,,,,,,,,,,,,,,,,,,,,,,,,,
5,EUW1_5972148177,TFT7_Augment_MysticTrait,TFT6_Augment_ItemGrabBag1,TFT6_Augment_ComponentGrabBag,,1.0,,1.0,,,,,,,2.0,0.0,,1.0,,1.0,,,,,,,1.0,1.0,,,,0.0,,,,,,,,,,,,,,,,,,,,,,,,,,,,,,,,,,,,,,,,,,,,,,,,,,,,,,,,,,,,,,,,,,,,,,,,,3.0,RedBuff,GargoyleStoneplate,,,,,,,,,,,,,,,,,,,,,,,,,,,,,,3.0,ZekesHerald,StatikkShiv,ArchangelsStaff,,,,,,,,,,,,,,,,,,,,,,,,,,,,,2.0,,,,,,,,,,,,,,,,,,,,,,,,,,,,,,,,1.0,StatikkShiv,,,,,,,2.0,Shroud,,,,,,,,,,,,,,,,,,,,,None,None,,,,,1.0,,,,3.0,MadredsBloodrazor,RunaansHurricane,GuinsoosRageblade,,,,,,,,,,,,,,,,,,,,,,,,
3,EUW1_5972148177,TFT6_Augment_ThrillOfTheHunt1,TFT6_Augment_Diversify1,TFT6_Augment_BlueBattery2,0.0,,,1.0,,,1.0,,,0.0,1.0,0.0,,1.0,,,,,,1.0,,,,,,,,3.0,,,,,,,,,,,,,,,,,,,,,,,,,,,,,,,,,,,,,,,,,,,,,,,,,2.0,ThiefsGloves,UnstableConcoction,SpearOfShojin,3.0,GuardianAngel,Bloodthirster,GuinsoosRageblade,,,,,,,,,,,,,,,,,,,,,,,,,,,,,,,,,,,,,,,,,,,,,,,,,,,,,2.0,GiantsBelt,,,,,,,,,,,,,,,,,,,1.0,MageEmblemItem,Quicksilver,,,,,,1.0,,,,,,,,,,,,,,,,,,,,,,,,,,,,,,,,,,,,,,,,2.0,,,,,,,,,,,,,,,,2.0,,,,,,None,None,,,,,,,,,,,,,,,,,,,,,,,,,,,,,,,,,,,,
7,EUW1_5972812768,TFT6_Augment_LudensEcho1,TFT6_Augment_SalvageBin,TFT6_Augment_CyberneticUplink2,,,,0.0,,1.0,1.0,,,1.0,,,,,3.0,,0.0,,,,,,,,,,1.0,0.0,,,,,,,,,,,,,,,,,,,,,,,,,,,,,,,,,,,,,2.0,ArchangelsStaff,JeweledGauntlet,MadredsBloodrazor,,,,,,,,,,,,,,,,,,,,,,,,,1.0,Morellonomicon,,,,,,,,,,,,,,,,,,,,,,,,,,,2.0,,,,,,,,,,,,,,,,,,,,,,,,1.0,RedBuff,DragonsClaw,,,,,,,,,,,,,,,,,,,,,,,,,,,,,,,,,,1.0,,,,,,,,,,,,,,,,,,,,,,,,,,,,,,,,,,,,,,,,1.0,,,,,,None,None,,,,,,,,,,,,,,,,,,,,,,,,,,,,,1.0,RapidFireCannon,UnstableConcoction,,,,,
3,EUW1_5972812768,TFT7_Augment_SwiftshotTrait,TFT6_Augment_ComponentGrabBag,TFT7_Augment_RagewingTantrum,0.0,,1.0,1.0,,1.0,,,,,4.0,,0.0,,,0.0,1.0,,,,,,,2.0,1.0,,0.0,,,,,,,,,,,,,,,,,,,,,,1.0,,,,,,,,,,,,,,,,,,,,,,,,,,,,,,,,,,,,1.0,,,,,,,,2.0,SeraphsEmbrace,Morellonomicon,DragonsClaw,,,,,,,,,,,,,,,,,,,,,,,,,,,,,,,,,,,,,,,,,,,,,,,,,,,,,,,,,2.0,,,,,,,,,,,,,,,,2.0,,,,,,,,,,,,2.0,,,,,,,,,,,,,,,,,,,,,,,,,,,,,,,,2.0,FrozenHeart,Bloodthirster,,,,,,,,,,,,None,None,,,,,2.0,RunaansHurricane,PowerGauntlet,GuinsoosRageblade,,,,,,,,,,,,,2.0,InfinityEdge,GuinsoosRageblade,LastWhisper,,,,,,,,,,,,
2,EUW1_5972812768,TFT6_Augment_Weakspot,TFT6_Augment_PortableForge,TFT6_Augment_CelestialBlessing2,0.0,0.0,1.0,,,,1.0,,,,2.0,2.0,,,,1.0,,,,2.0,,,1.0,,,,,0.0,,,,,,,,,,,,,,,,,,,,,1.0,,,,,,,,,,,,,,,,,,,,,,,,2.0,InfinityEdge,MadredsBloodrazor,,,,,,2.0,,,,,,,,2.0,TitanicHydra,,,,,,,,,,,,,,,,,,,,,,,,,,,,,,,,,,,,,,,,,,,,,,,2.0,WarmogsArmor,RedBuff,Morellonomicon,3.0,GuinsoosRageblade,OrnnInfinityForce,Quicksilver,,,,,,,,,,,,,,,,,,,,,,,,,,,,,,,,,,,,,,,,,,,,,,,,,,,,,2.0,ArchangelsStaff,SpearOfShojin,,,,,,,,,,,,,,2.0,Deathblade,,,,,,,,,,,,,None,None,,,,,,,,,,,,,,,,,,,,,,,,,,,,,,,,,,,,
5,EUW1_5972812768,TFT6_Augment_TinyTitans,TFT6_Augment_Twins2,TFT6_Augment_Distancing2,,0.0,,1.0,,,,,,,1.0,,0.0,,,,0.0,,,,,,,2.0,1.0,,,,,,,,,,,,,,,,,,,,,,,,,,,,,,,,,,,,,,,,,,,,,,,,,,,,,,,,,,,,2.0,,,,,,,,,,,,,,,,3.0,RabadonsDeathcap,TitanicHydra,DragonsClaw,,,,,,,,,,,,,,,,,,,,,,,,,,,,,,,,,,,,,,,,,,,,,,,,,2.0,TearOfTheGoddess,RedBuff,PowerGauntlet,,,,,,,,,,,,,,,,,,,,,,,,,,,,,,,,,,,,,,,,,,,,,,,,,,,,,,,,,,,,,,,,,,,,,,,None,None,,,,,1.0,,,,3.0,Quicksilver,GuinsoosRageblade,MadredsBloodrazor,,,,,,,,,1.0,,,,,,,,,,,,,,,
6,EUW1_5972812768,TFT6_Augment_PandorasItems,TFT7_Augment_RevelPartyTime,TFT6_Augment_CyberneticShell2,,,,0.0,1.0,,1.0,,1.0,1.0,,,,,,0.0,0.0,1.0,,,1.0,,,,,1.0,0.0,0.0,,,,,,,,,,,,,,,,,,,,,,,,,,,,,2.0,LastWhisper,MadredsBloodrazor,InfinityEdge,,,,,,,,,2.0,GargoyleStoneplate,ShimmerscaleMogulsMail,DragonsClaw,,,,,,,,,,,,,,,,,,,,,,,,,,,,,,,,,,,,,,,,,,,,,,,,,,,,,,,,,1.0,,,,,,,,,,,,,,,,,,,,,,,,,,,,,,,,,,,,,,,,,,,,,,,,,,,,2.0,RedBuff,,,,,,,,,,,1.0,SpearOfShojin,,,,,,,,,,,,,,,,,,,,,,,,,,,2.0,,,,3.0,TrainerSnax,None,None,2.0,StatikkShiv,,,,,,,,,,,,,,,,,,,,,,,,,,,,,,,,,,
1,EUW1_5972812768,TFT6_Augment_Weakspot,TFT6_Augment_Ascension,TFT7_Augment_DragonmancerInspire,,,,0.0,,3.0,,1.0,0.0,,1.0,0.0,1.0,,0.0,,0.0,,,,0.0,,,0.0,1.0,,,,,,,,2.0,ArchangelsStaff,SeraphsEmbrace,,,,,,2.0,,,,,,,,,,,,,,,,,,,,,,,,,,,,,,,,,,,,,,,,,,,,,,,,,,,,2.0,Redemption,,,,,,,,,,,,,,,,,,,,,,,2.0,,,,,,,,,,,,,,,,,,,,,,,,,,,,3.0,Chalice,PowerGauntlet,,,,,,2.0,CavalierEmblemItem,WarmogsArmor,DragonsClaw,,,,,,,,,,,,,2.0,,,,,,,,,,,,,,,,,,,,,,,,,,,,,,,,,,,,,,,,,,,,,,,,,,,,,,,,,,None,None,,,,,,,,,,,,,,,,,3.0,GuinsoosRageblade,Quicksilver,Bloodthirster,,,,,,,,,,,,,,,,
4,EUW1_5972812768,TFT7_Augment_MysticTrait,TFT7_Augment_GadgetExpert,TFT6_Augment_CyberneticUplink2,,0.0,1.0,1.0,,,1.0,,0.0,,1.0,,0.0,1.0,,3.0,,,,,,,,,2.0,1.0,,0.0,,,,,,,,,1.0,HextechGunblade,SpearOfShojin,ArchangelsStaff,,,,,,,,,1.0,SparringGloves,,,,,,,,,,,,,,,,,,,,,,,,,,,,,,,,,,,,,,,,,,,,,,,2.0,,,,,,,,,,,,,,,,,,,,,,,,,,,,,,,,2.0,StatikkShiv,PowerGauntlet,,2.0,SpearOfShojin,,,,,,,,,,,,,,,,,,,1.0,RecurveBow,,,,,,,,,,,,,,,,,,,,,,,,,,,,,,,,,,,,,,,,,,,,,,,,,,,2.0,IonicSpark,WarmogsArmor,TitansResolve,,,,,,,,,,,,,,,,,4.0,TrainerSnax,None,None,,,,,,,,,,,,,,,,,,,,,,,,,,,,,,,,,,,,
8,EUW1_5972812768,TFT7_Augment_ShimmerscaleEmblem,TFT6_Augment_Diversify2,TFT6_Augment_CyberneticImplants2,0.0,,,0.0,0.0,,1.0,0.0,0.0,0.0,,0.0,0.0,,0.0,,0.0,1.0,,,2.0,,1.0,,0.0,,0.0,,,,,,,,,,,,,,,,,,,,,,,,,,,,,,2.0,RabadonsDeathcap,JeweledGauntlet,HextechGunblade,,,,,,,,,2.0,ShimmerscaleMogulsMail,GargoyleStoneplate,RedBuff,,,,,,,,,,,,,,,,,,,,,,,,,,,,,,,,,,,,,,,,,2.0,,,,,,,,,,,,,,,,,,,,,,,,,,,,,,,,,,,,,,,,1.0,,,,,,,,,,,,,,,,,,,,,,,,,,,,,,,,,,,,,,,,2.0,ShimmerscaleEmblemItem,SeraphsEmbrace,JeweledGauntlet,1.0,,,,,,,,,,,,,,,,,,,,,,,,,,,,,,None,None,,,,,,,,,,,,,,,,,,,,,,,,,2.0,SeraphsEmbrace,ShimmerscaleDiamondHands,,,,,,,,,
7,EUW1_5972862840,TFT6_Augment_ThrillOfTheHunt2,TFT7_Augment_MirageHallucinate,TFT7_Augment_MirageEmblem,,,,,,2.0,1.0,0.0,,,1.0,,,,4.0,,0.0,,,,,,,,,,1.0,,,,,,,,,,,,,,,,,,,,,,,,,,,,,,,,,,,,,,2.0,ArchangelsStaff,MadredsBloodrazor,,,,,,,,,,,,,,,,,,,,,,,,,,1.0,MirageEmblemItem,,,,,,,,,,,,,,,,,,,,,,,,,,,,,,,,,,,,,,,,,,,,,,,,,,,2.0,WarmogsArmor,RedBuff,,,,,,,,,,,,,,,,,,,,,,1.0,MirageEmblemItem,,,,,,,,,,,,,,,,,,,,,,,,,,,,,,,,,,,,,,,,,,,,,,,,,,,,,,,,,None,None,,,,,,,,,,,,,,,,,,,,,,,,,1.0,InfinityEdge,UnstableConcoction,,2.0,,,,,,,
1,EUW1_5972862840,TFT7_Augment_BruiserEmblem,TFT7_Augment_DragonHorde,TFT6_Augment_ComponentGrabBag,,,,2.0,,,2.0,0.0,,0.0,1.0,,0.0,0.0,0.0,,,,,,1.0,,,,2.0,,0.0,2.0,,,,,,,,,2.0,ZekesHerald,ArchangelsStaff,ShimmerscaleGoldmancersStaff,,,,,,,,,,,,,,,,,,,,,,,,,,,,,2.0,BruiserEmblemItem,RedBuff,IonicSpark,,,,,2.0,Bloodthirster,Deathblade,MadredsBloodrazor,,,,,,,,,,,,,,,,,,,,,,,,,,,,,,,,,,,,,,,,,,,,,,,,,,,,,,,,,,,,,,,,,,,,,,,,,2.0,BrambleVest,GuildEmblemItem,Zephyr,,,,,,,,,,,,,,,,,,,,,,,,,,,,,,,,,,,,,,,,,,,,,,,,,2.0,Zephyr,,,,,,,,,,,,,,,,,,,,,None,None,,,,,,,,,,,,,,,,,,,,,,,,,2.0,InfinityEdge,,,,,,,,,,
6,EUW1_5972862840,TFT7_Augment_MikaelsGift,TFT7_Augment_RevelPartyFavors,TFT6_Augment_FuturePeepers,,,1.0,1.0,2.0,,,,1.0,,1.0,0.0,,,,1.0,0.0,4.0,,,,,1.0,,,1.0,0.0,,,,,,,,,,,,,,,,,,,,,,1.0,,,,,,,,2.0,MadredsBloodrazor,HextechGunblade,GuinsoosRageblade,,,,,,,,,,,,,,,,,,,,,,,,,,,,,,,,,,,,,,,,,,,,,2.0,LocketOfTheIronSolari,,,,,,,,,,,,,,,,,,,,,,,1.0,,,,,,,,,,,,,,,,,,,,,,,,,,,,,,,,,,,,,,,,,,,,,,,,,,,,2.0,,,,,,,,,,,,2.0,,,,1.0,ForceOfNature,RevelEmblemItem,,,,,,,,,,2.0,RedBuff,Zephyr,DragonsClaw,,,,,,,,,,,,,2.0,TrainerSnax,None,None,2.0,ZekesHerald,StatikkShiv,StatikkShiv,,,,,,,,,,,,,,,,,,,,,,,,,,,,,,,,
5,EUW1_5972862840,TFT6_Augment_CalculatedLoss,TFT6_Augment_Distancing2,TFT7_Augment_AxiomArc2,,1.0,,1.0,,,,,0.0,,1.0,,,3.0,,1.0,,,,,0.0,1.0,,,,1.0,,0.0,,,,,,,,,,,,,,,,,,,,,,,,,,,,,,,,,,,,,,,,,,,,,,,,,,,,,,,,,,,,,,,,,,,,,1.0,,,,2.0,FrozenHeart,MageEmblemItem,Quicksilver,,,,,,,,,,,,,,,,,,,,,,,,,2.0,,,,3.0,StatikkShiv,,,,,,,,,,,,,,,,,,,,,,,,,,,,,,,2.0,SpearOfShojin,MadredsBloodrazor,,,,,,,,,,,,,,,,,,,,,,,,,,,,,,,,,,,,,,2.0,RedBuff,IonicSpark,GargoyleStoneplate,,,,,,,,,,,,,,,,,1.0,TrainerSnax,None,None,,,,,,,,,,,,,2.0,,,,,,,,,,,,,,,,,,,,1.0,,,
8,EUW1_5972862840,TFT6_Augment_ThreesCompany,TFT6_Augment_TomeOfTraits1,TFT6_Augment_FuturePeepers,2.0,,,2.0,,,,,,,1.0,,0.0,0.0,,,0.0,,1.0,,,,,,1.0,,1.0,0.0,,,,,,,,,,,,,,,,,,,,,,,,,,,,,,,,,3.0,ZekesHerald,InfinityEdge,LocketOfTheIronSolari,,,,,,,,,,,,,,,,,,,,,,,,,,,,,,,,,,,,,,,,,,,,,,,,,,,,,,,,,,,,,,,,,,,,,,,,,,,,,,,,,,,,,2.0,AssassinEmblemItem,InfinityEdge,RunaansHurricane,2.0,,,,,,,,2.0,Zephyr,,,,,,,,,,,,,,,,,,,2.0,,,,,,,,,,,,,,,,,,,,,,,,2.0,,,,,,,,2.0,FrozenHeart,Chalice,,,,,,,,,,,,None,None,,,,,,,,,,,,,,,,,,,,,,,,,,,,,,,,,,,,
3,EUW1_5972862840,TFT7_Augment_GadgetExpert,TFT7_Augment_RevelPartyTime,TFT7_Augment_CannoneerHotShot,,,1.0,,1.0,,1.0,,1.0,1.0,1.0,,,,,2.0,,1.0,,,1.0,,,,,1.0,,0.0,,,,,,,,,,,,,,,,,,,,,2.0,,,,,,,,2.0,InfinityEdge,GuinsoosRageblade,StatikkShiv,,,,,,,,,2.0,RedBuff,WarmogsArmor,Quicksilver,,,,,,,,,,,,,,,,,,,,,,,,,,,,,,,,,,,,,,,,,,,,,,,,,,,,,,,,,2.0,LastWhisper,,,,,,,,,,,,,,,,,,,,,,,,,,,,,,,,,,,,,,,,,,,,,,,,,,,,,,,,,,,,,,,2.0,ShimmerscaleGoldmancersStaff,MysticEmblemItem,,,,,,,,,,,,,,,,,,,,,,,,,,2.0,GiantsBelt,,,3.0,TrainerSnax,None,None,2.0,GuinsoosRageblade,StatikkShiv,Deathblade,,,,,,,,,,,,,,,,,,,,,,,,,,,,,,,,
2,EUW1_5972862840,TFT6_Augment_TriForce2,TFT6_Augment_CelestialBlessing2,TFT6_Augment_JeweledLotus,,0.0,,,,,1.0,0.0,0.0,,,1.0,0.0,,,,1.0,,,3.0,,,,,,,,1.0,,,,,2.0,SpearOfShojin,NeedlesslyLargeRod,DragonmancerEmblemItem,,,,,,,,,,,,,,,,,,,,,,,,,,,,,,,,,,,,,,,,,,,,,3.0,InfinityEdge,ArchangelsStaff,Quicksilver,,,,,1.0,Zephyr,,,,,,,,,,,,,,,,,,,,,,,,,,,,,,,,,,,,,,,,,,,,,,,2.0,BrambleVest,RedBuff,DragonsClaw,1.0,,,,,,,,,,,,,,,,,,,,,,,,,,,,,,,,,,,,,,,,,,,,1.0,WhispersEmblemItem,,,,,,,,,,,,,,,2.0,,,,,,,,,,,,,,,,,,,,,,,,,,None,None,,,,,,,,,,,,,,,,,,,,,,,,,,,,,,,,,,,,
4,EUW1_5972862840,TFT7_Augment_EvokerEmblem,TFT6_Augment_LudensEcho2,TFT7_Augment_GadgetExpert,,0.0,,1.0,,,,,1.0,,1.0,0.0,,2.0,,1.0,,,,,0.0,1.0,1.0,,,1.0,,0.0,,,,,,,,,,,,,,,,,,,,,,,,,,,,,,,,,,,,,,,,,,,,,,,,,,,,,,,,,,,,,,,,,,,,,2.0,,,,2.0,WarmogsArmor,Bloodthirster,SparringGloves,,,,,,,,,,,,,,,,,,,,,,,,,2.0,,,,3.0,StatikkShiv,,,,,,,,,,,,,,,,,,,,,,,,,,,,,,,2.0,MadredsBloodrazor,EvokerEmblemItem,ArchangelsStaff,,,,,,,,,,,,,,,,,,,,,,,,,,,,,1.0,,,,,,,,2.0,RedBuff,BrambleVest,FrozenHeart,,,,,,,,,,,,,,,,,4.0,TrainerSnax,None,None,,,,,,,,,,,,,,,,,,,,,,,,,,,,,,,,,1.0,GuardianAngel,,
3,EUW1_5973055161,TFT6_Augment_CyberneticUplink1,TFT6_Augment_Weakspot,TFT6_Augment_SecondWind2,,1.0,,1.0,,,1.0,,0.0,,1.0,,0.0,0.0,,1.0,,,,,,,,1.0,2.0,0.0,,,,,,,,,,,1.0,LastWhisper,UnstableConcoction,,,,,,,,,,,,,,,,,,,,,,,,,,,,,,,,,,,,,,,,,,,,,,,,,,,,,,,,,,,,,,3.0,GargoyleStoneplate,GargoyleStoneplate,,,,,,,,,,,,,,,,,,,,,,,,,,2.0,TearOfTheGoddess,,,3.0,PowerGauntlet,,,,,,,,,,,,,,,,,,,2.0,FrozenHeart,,,,,,,,,,,,,,,,,,,,,,,,,,,,,,,,,,,,,,,,,,,,,,,,,,,,,,,,,,,,,,,,,,,,,,,,,None,None,,,,,2.0,,,,3.0,RunaansHurricane,Deathblade,MadredsBloodrazor,,,,,,,,,,,,,,,,,,,,,,,,
2,EUW1_5973055161,TFT6_Augment_ItemGrabBag1,TFT6_Augment_SecondWind1,TFT6_Augment_CyberneticImplants2,1.0,,,1.0,,1.0,,0.0,,,3.0,,0.0,,0.0,,1.0,,,,,,,1.0,1.0,,1.0,,,,,,,,,,,,,,,,,,,,,,,,,,,,,,,,,,,,,,,,,,,,,,,,,,,,,,,,,,,,,,,,,,2.0,SeraphsEmbrace,,,,,,,,,,,,,,,,,,,,,,,,,,,,,,,,,,,,,,,,,,,,,,,,,,,,,,,,,,,2.0,RedBuff,GargoyleStoneplate,,,,,,2.0,NeedlesslyLargeRod,,,,,,,2.0,,,,,,,,,,,,2.0,IonicSpark,,,,,,,,,,,,,,,,,,,,,,,,,,,,,,,2.0,RunaansHurricane,Deathblade,TitansResolve,,,,,,,,,,,None,None,,,,,2.0,,,,,,,,,,,,,,,,2.0,Quicksilver,MadredsBloodrazor,GuinsoosRageblade,2.0,DragonsClaw,,,,,,,,,,
4,EUW1_5973055161,TFT6_Augment_TinyTitans,TFT6_Augment_SecondWind1,TFT7_Augment_DragonAlliance,,,,1.0,,,2.0,0.0,,0.0,,,0.0,,2.0,,,,,,1.0,,,,0.0,,0.0,1.0,,,,,,,,,,,,,,,,,,,,,,,,,,,,,,,,,,,,,2.0,GuinsoosRageblade,RabadonsDeathcap,HextechGunblade,2.0,GargoyleStoneplate,RedBuff,FrozenHeart,,,,,2.0,Quicksilver,RunaansHurricane,ShimmerscaleGoldmancersStaff,,,,,,,,,,,,,,,,,,,,,,,,,,,,,,,,,,,,,,,,,,,,,,,,,,,,,,,,,,,,,,,,,,,,,,,,,2.0,,,,,,,,,,,,,,,,,,,,,,,,,,,,,,,,,,,,,,,,,,,,,,,,,,,,,,,,,,,,,,,,,,,,,,,,,,None,None,,,,,,,,,,,,,,,,,,,,,,,,,1.0,TitanicHydra,,,,,,,,,,
8,EUW1_5973055161,TFT6_Augment_SecondWind1,TFT6_Augment_Featherweights1,TFT6_Augment_CyberneticImplants2,,,,,1.0,,,,0.0,1.0,,,,0.0,,0.0,,0.0,0.0,,,,,,,2.0,,0.0,,,,,,,,,,,,,,,,,,,,,,,,,3.0,GargoyleStoneplate,RedBuff,,,,,,,,,,,,,,,,,,,,,,,,,,,,,,,,,,,,,,,,,,2.0,,,,,,,,2.0,,,,,,,,,,,,,,,,,,,,,,,,2.0,PowerGauntlet,,,,,,,,,,,,,,,,,,,,,,,,,,,,,,,,,,,,,,,,,,,,,,,,,,,,,,,,,,,,,,,,,,,,,,,,,,,,,,,,,,,,,,,,,,,2.0,,,,3.0,TrainerSnax,None,None,2.0,MadredsBloodrazor,SparringGloves,,,,,,,,,,,,,,,,,,,,,,,,,,,,,,,,,
6,EUW1_5973055161,TFT7_Augment_AFK,TFT6_Augment_Diversify1,TFT6_Augment_Diversify2,,,,,1.0,,1.0,0.0,1.0,1.0,,,,,0.0,0.0,,1.0,,,1.0,,,,,1.0,0.0,0.0,,,,,,,,,,,,,,,,,,,,,,,,,,,,,2.0,UnstableConcoction,LastWhisper,InfinityEdge,,,,,,,,,2.0,WarmogsArmor,GargoyleStoneplate,NegatronCloak,,,,,,,,,,,,,,,,,,,,,,,,,,,,,,,,,,,,,,,,,,,,,,,,,,,,,,,,,2.0,,,,,,,,,,,,,,,,,,,,,,,,,,,,,,,,,,,,,,,,,,,,,,,,,,,,,,,,,,,,,,,,2.0,ShimmerscaleGoldmancersStaff,HextechGunblade,,,,,,,,,,,,,,,,,,,,,,,,,,2.0,,,,2.0,TrainerSnax,None,None,2.0,,,,,,,,,,,,,,,,,,,,,,,,1.0,GuardianAngel,Deathblade,,,,,,,,,
1,EUW1_5973055161,TFT6_Augment_ItemGrabBag1,TFT6_Augment_PandorasItems,TFT6_Augment_Distancing2,1.0,,,1.0,,1.0,,,,,4.0,,0.0,,,,1.0,,,,,,,1.0,1.0,,0.0,,,,,,,,,,,,,,,,,,,,,,,,,,,,,,,,,,,,,,,,,,,,,,,,,,,,,,,,,,,,,,,,,,2.0,TitanicHydra,Shroud,,,,,,,,,,,,,,,,,,,,,,,,,,,,,,,,,,,,,,,,,,,,,,,,,,,,,,,,,,2.0,WarmogsArmor,TearOfTheGoddess,,,,,,2.0,FrozenHeart,GuildEmblemItem,,,,,,2.0,,,,,,,,,,,,1.0,,,,,,,,,,,,,,,,,,,,,,,,,,,,,,,,2.0,FrozenHeart,RedBuff,HextechGunblade,,,,,,,,,,,None,None,,,,,2.0,ZekesHerald,,,,,,,,,,,,,,,2.0,Quicksilver,GuinsoosRageblade,MadredsBloodrazor,,,,,,,,,,,,
5,EUW1_5973055161,TFT6_Augment_LudensEcho1,TFT6_Augment_PandorasItems,TFT6_Augment_MakeshiftArmor2,,0.0,1.0,1.0,,,1.0,,0.0,,1.0,,,1.0,,1.0,,,,,0.0,1.0,,,1.0,1.0,,0.0,,,,,,,,,1.0,SpearOfShojin,ArchangelsStaff,MadredsBloodrazor,,,,,,,,,1.0,StatikkShiv,,,,,,,,,,,,,,,,,,,,,,,,,,,,,,,,,,,,,,,,,,,,,,,2.0,,,,2.0,MageEmblemItem,TitanicHydra,,,,,,,,,,,,,,,,,,,,,,,,,,2.0,,,,,,,,,,,,,,,,,,,,,,,,,,,,,,,,,,,,,,,,,,,,,,,,,,,,,,,,,,,,,,,,,,,,,,,,,,,,2.0,GargoyleStoneplate,RedBuff,,,,,,,,,,,,,,,,,,3.0,TrainerSnax,None,None,,,,,,,,,,,,,,,,,,,,,,,,,,,,,,,,,1.0,ThiefsGloves,GuinsoosRageblade,Quicksilver
7,EUW1_5973055161,TFT6_Augment_TriForce1,TFT7_Augment_MageTrait,TFT6_Augment_CyberneticImplants2,,0.0,,1.0,,,,,1.0,,1.0,,,3.0,,1.0,,0.0,,,0.0,1.0,,,,1.0,,0.0,,,,,,,,,,,,,,,,,,,,,,,,,,,,,,,,,,,,,,,,,,,,,,,,,,,,,,,,,,,,,,,,,,,,,2.0,,,,2.0,MageEmblemItem,RedBuff,,,,,,,,,,,,,,,,,,,,,,,,,,2.0,,,,2.0,,,,,,,,,,,,,,,,,,,,,,,,,,,,,,,,2.0,ArchangelsStaff,InfinityEdge,JeweledGauntlet,,,,,,,,,,,,,,,,,,,,,,,,,1.0,,,,,,,,,,,,2.0,ThiefsGloves,RunaansHurricane,ArchangelsStaff,,,,,,,,,,,,,,,,,2.0,TrainerSnax,None,None,,,,,,,,,,,,,,,,,,,,,,,,,,,,,,,,,1.0,JeweledGauntlet,,
1,EUW1_5972320091,TFT7_Augment_MageTrait,TFT7_Augment_FirstAidKit2,TFT7_Augment_MageEmblem2,,2.0,,1.0,,0.0,1.0,,1.0,,,,,3.0,,1.0,,,0.0,,0.0,1.0,,,,0.0,,0.0,,,,,,,,,,,,,,,,,2.0,MageEmblemItem,SpearOfShojin,GuinsoosRageblade,,,,,,,,,,,,,,,,,,,,,,,,,,,,,,,,,,,,,,,,,,,,,,,,,,,,,2.0,,,,,,,,,,,,,,,,,,,,,,,,2.0,,,,2.0,LastWhisper,,,3.0,PowerGauntlet,,,,,,,,,,,,,,,,,,,,,,,,,,,,,,,,,,,,,,,,,,,,,,,,,,,,,,,,,,,,,,,,,,,,,,,3.0,Redemption,RedBuff,Redemption,,,,,,,,,,,,,,,,,,,None,None,,,,,,,,,,,,,2.0,,,,,,,,,,,,,,,,,,,,2.0,SpearOfShojin,HextechGunblade,GuardianAngel
4,EUW1_5972320091,TFT6_Augment_PandorasItems,TFT6_Augment_Diversify2,TFT6_Augment_CelestialBlessing3,,1.0,,2.0,,0.0,,0.0,,,2.0,,0.0,0.0,,,,,,,,,,1.0,1.0,,,0.0,,,,,,,,,,,,,,,,,,,,,,,,,,,,,,,,,,,,,,,,,,,,,,,,,,,,,,,,,,,,,,,,,,,,,,,,,3.0,DragonsClaw,RedBuff,BrambleVest,,,,,,,,,,,,,2.0,ThiefsGloves,LocketOfTheIronSolari,GuinsoosRageblade,,,,,,,,,,,,,,,,,,,,,,,,,,,,,,,,,2.0,ThiefsGloves,RunaansHurricane,ArchangelsStaff,,,,,,,,,,,,,2.0,,,,,,,,,,,,,,,,,,,,2.0,,,,,,,,,,,,,,,,2.0,IonicSpark,BrambleVest,,,,,,,,,,,,,,,,,,,,None,None,,,,,2.0,,,,3.0,RunaansHurricane,MadredsBloodrazor,GuinsoosRageblade,,,,,,,,,,,,,,,,,,,,,,,,
7,EUW1_5972320091,TFT6_Augment_ThrillOfTheHunt1,TFT6_Augment_TargetDummies,TFT6_Augment_CyberneticImplants3,,,,,,,0.0,,,,,0.0,,,,0.0,,,,,,,,,0.0,,,,,,,,,,,,1.0,InfinityEdge,MadredsBloodrazor,LastWhisper,,,,,,,,,,,,,,,,,,,,,,,,,,,,,,,,,1.0,Redemption,Zephyr,TitansResolve,,,,,,,,,,,,,,,,,,,,,,,,,,,,,,,,,,,,,,,,,,,,,,,,,,,,,,,,,,,,,,,,,,,,,,,,,,,,,,,,,,,,,,,,,,,,,,,,,,,,,,,,,,,,,,,,,,,,,,,,,,,,,,,,,,,,,,,,,,,,,,,,,,,,,,,None,None,,,,,,,,,,,,,,,,,,,,,,,,,,,,,,,,,,,,
5,EUW1_5972320091,TFT7_Augment_ShimmerscaleEmblem,TFT6_Augment_PortableForge,TFT6_Augment_CyberneticShell3,,,,,1.0,,1.0,,1.0,1.0,,,,0.0,,0.0,,1.0,,,2.0,1.0,,,,1.0,,0.0,,,,,,,,,,,,,,,,,,,,,,,,,,,,,2.0,ShimmerscaleGamblersBlade,GuinsoosRageblade,MadredsBloodrazor,,,,,,,,,1.0,RedBuff,WarmogsArmor,ShimmerscaleHeartOfGold,,,,,,,,,,,,,,,,,,,,,,,,,,,,,,,,,,,,,,,,,,,,,,,,,,,,,,,,,2.0,,,,,,,,,,,,,,,,,,,,,,,,,,,,,,,,,,,,,,,,,,,,,,,,,,,,,,,,,,,,,,,,2.0,Morellonomicon,SpearOfShojin,JeweledGauntlet,,,,,,,,,,,,,,,,,,,,,,,,,2.0,ShimmerscaleEmblemItem,,,1.0,TrainerSnax,None,None,2.0,OrnnObsidianCleaver,Zephyr,,,,,,,,,,,,,,,,,,,,,,,,,,,,,,1.0,,,
6,EUW1_5972320091,TFT7_Augment_RevelTrait,TFT6_Augment_Diversify2,TFT7_Augment_BestFriends3,,,,1.0,1.0,,1.0,,1.0,,,,,,,0.0,,3.0,,,,,,,,1.0,,1.0,,,,,,,,,,,,,,,,,,,,,,,,,,,,,2.0,MadredsBloodrazor,InfinityEdge,UnstableConcoction,,,,,,,,,,,,,,,,,2.0,WarmogsArmor,RedBuff,Redemption,,,,,,,,,,,,,,,,,,,,,,,,,,,,,,,,,,,,,,,,,,,,,,,,,2.0,,,,,,,,,,,,,,,,,,,,,,,,,,,,,,,,,,,,,,,,,,,,,,,,,,,,,,,,,,,,,,,,1.0,NeedlesslyLargeRod,,,,,,,,,,,,,,,1.0,,,,,,,,,,,,,,,,2.0,TrainerSnax,None,None,2.0,StatikkShiv,RunaansHurricane,,,,,,,,,,,,,,,,,,,,,,,,,,,,,,,,,
8,EUW1_5972320091,TFT6_Augment_ThrillOfTheHunt1,TFT6_Augment_PortableForge,TFT6_Augment_WindfallPlusPlus,0.0,,,1.0,,0.0,1.0,,,0.0,,,0.0,,,,1.0,,,,1.0,,,0.0,0.0,,0.0,,,,,,,,,,,,,,,,,,,,,,,,,,,,,,,,,,,,,,,,,,1.0,ThiefsGloves,NeedlesslyLargeRod,ArchangelsStaff,,,,,,,,,,,,,,,,,,,,,1.0,,,,,,,,,,,,,,,,,,,,1.0,ZekesHerald,Bloodthirster,,,,,,,,,,,,,,,,,,,,,,,,,,,,,,,,,,,,,,1.0,,,,,,,,,,,,,,,,,,,,,,,,,,,,2.0,,,,,,,,,,,,,,,,,,,,,,,,,,,,,,,,,,,,,,,,,,,,,,None,None,,,,,,,,,,,,,,,,,,,,,1.0,OrnnTheCollector,MadredsBloodrazor,ShimmerscaleGamblersBlade,,,,,,,,,,,,
3,EUW1_5972320091,TFT7_Augment_BandOfThieves1,TFT6_Augment_ThrillOfTheHunt2,TFT6_Augment_MaxLevel10,0.0,,1.0,,1.0,,1.0,0.0,1.0,1.0,1.0,,,,0.0,1.0,,1.0,,,1.0,,,,,1.0,0.0,0.0,,,,,,,,,,,,,,,,,,,,,1.0,,,,,,,,2.0,GuinsoosRageblade,ShimmerscaleGamblersBlade,MadredsBloodrazor,,,,,,,,,2.0,GargoyleStoneplate,DragonsClaw,RedBuff,,,,,,,,,,,,,,,,,,,,,,,,,,,,,,,,,,,,,,,,,,,,,,,,,,,,,,,,,1.0,,,,,,,,,,,,,,,,,,,,,,,,,,,,2.0,ThiefsGloves,LocketOfTheIronSolari,GargoyleStoneplate,,,,,,,,,,,,,,,,,,,,,,,,,,,,,,,,,2.0,SpearOfShojin,,,,,,,,,,,,,,,,,,,,,,,,,,,,,,,2.0,TrainerSnax,None,None,2.0,Shroud,,,,,,,,,,,,,,,,,,,,,,,2.0,Bloodthirster,GuardianAngel,GuardianEmblemItem,,,,,,,,
2,EUW1_5972320091,TFT6_Augment_SecondWind1,TFT6_Augment_CyberneticShell2,TFT7_Augment_UrfsGrabBag2,0.0,,,1.0,,3.0,1.0,,,0.0,1.0,,0.0,,3.0,,0.0,,,,,,,,1.0,,0.0,,,,,,,,,,,,,,,,,,,,,,,,,,,,,,,,,,,,,,2.0,GuinsoosRageblade,UnstableConcoction,ArchangelsStaff,,,,,,,,,,,,,,,,,,,,,,,,,1.0,,,,,,,,,,,,,,,,,,,,,,,,,,,,2.0,BrambleVest,ZekesHerald,,,,,,,,,,,,,,,,,,,,,,2.0,TitanicHydra,TitanicHydra,,,,,,2.0,ThiefsGloves,Quicksilver,RabadonsDeathcap,,,,,2.0,FrozenHeart,CavalierEmblemItem,TitanicHydra,,,,,2.0,MirageEmblemItem,,,,,,,,,,,2.0,RedBuff,,,,,,,,,,,,,,,,,,,,,,,,,,,,,,,,,,,,,,,,,,,,,None,None,,,,,,,,,,,,,,,,,,,,,,,,,,,,,,,,,,,,
8,EUW1_5970840706,TFT7_Augment_GadgetExpert,TFT7_Augment_GuardianEmblem,TFT6_Augment_PortableForge,,,,1.0,1.0,,1.0,,0.0,2.0,,,0.0,,,,,3.0,0.0,,1.0,,,,0.0,,,,,,,,,,,,,,,,,,,,,,,,,,,,2.0,,,,2.0,MadredsBloodrazor,Deathblade,InfinityEdge,,,,,,,,,1.0,OrnnAnimaVisage,GargoyleStoneplate,,,,,,,,,,,,,,,,,,,,,,,,,,,,,,,,,,2.0,StatikkShiv,,,,,,,,,,,,,,,,,,,,,,,,,,,,,,,,,,,,,,,,,,,,,,,1.0,GuardianEmblemItem,,,,,,,,,,,,,,,,,,,,,,,,,,,,,,,,,,,,,,,1.0,HextechGunblade,SpearOfShojin,ShimmerscaleGamblersBlade,,,,,,,,,,,,,2.0,GuardianEmblemItem,,,,,,,,,,,,,,,,,None,None,,,,,,,,,,,,,,,,,,,,,,,,,,,,,,,,,,,,
7,EUW1_5970840706,TFT7_Augment_DragonmancerEmblem,TFT6_Augment_CelestialBlessing2,TFT6_Augment_MakeshiftArmor2,,,,0.0,,,1.0,2.0,,,,0.0,,,,,0.0,,,1.0,,,,,0.0,,,2.0,,,,,,,,,,,,,,,,,,,,,,,,,,,,,,,,,,,,,,,,,,,,,,,,,2.0,DragonmancerEmblemItem,,,3.0,DragonmancerEmblemItem,InfinityEdge,JeweledGauntlet,,,,,,,,,,,,,,,,,,,,,,,,,2.0,,,,,,,,2.0,GargoyleStoneplate,Redemption,,,,,,,,,,,,,,,,,,,,,,,,,,,,,,,,,,,,,,,,,,,,,,,,,,,,,,,,,,2.0,,,,,,,,,,,,,,,,,,,,,,,,3.0,GuinsoosRageblade,RabadonsDeathcap,,,,,,,,,,,,,,,,,,,,,,,,None,None,,,,,,,,,,,,,,,,,,,,,,,,,,,,,,,,,,,,
6,EUW1_5970840706,TFT6_Augment_PortableForge,TFT6_Augment_Ascension,TFT6_Augment_TargetDummies,1.0,,,1.0,,0.0,,0.0,,,2.0,,0.0,,0.0,,1.0,,,,,,,1.0,1.0,,1.0,,,,,,,,,,,,,,,,,,,,,,,,,,,,,,,,,,,,,,,,,,,,,,,,,,,,,,,,,,,,,,,,,,2.0,,,,,,,,,,,,,,,,,,,,,,,,,,,,,,,,,,,,,,,,,,,,,,,,,,,,,,,,,,,,1.0,,,,,,,,1.0,,,,,,,,,,,,,,,,,,,,2.0,OrnnAnimaVisage,RedBuff,,,,,,,,,,,,,,,,,,,,,,,,,,,,,,2.0,InfinityEdge,LastWhisper,Bloodthirster,,,,,,,,,,,None,None,,,,,1.0,,,,,,,,,,,,,,,,2.0,GuinsoosRageblade,InfinityEdge,RunaansHurricane,1.0,ThiefsGloves,RecurveBow,TitanicHydra,,,,,,,,
5,EUW1_5970840706,TFT7_Augment_BruiserTitanicStrength,TFT7_Augment_DragonHorde,TFT7_Augment_PandorasBench,,,,1.0,,,2.0,,,0.0,,1.0,0.0,,,0.0,1.0,,,0.0,,,,,2.0,,,2.0,,,,,,,,,2.0,SpearOfShojin,JeweledGauntlet,ArchangelsStaff,,,,,,,,,,,,,,,,,,,,,,,,,,,,,,,,,1.0,,,,2.0,GuinsoosRageblade,,,,,,,,,,,,,,,,,,,,,,,,,,,,,,,,,,,,,,,,,,,,,,,,,,,,,,,,,,,,,,,,,,,,,,,,,,,2.0,LocketOfTheIronSolari,,,,,,,,,,,,,,,,,,,,,,,,,,,,,,,2.0,IonicSpark,RedBuff,IonicSpark,,,,,,,,,,,,,,,,,,,,,,,,,,,,,,,,,1.0,,,,,,None,None,,,,,,,,,,,,,,,,,,,,,,,,,,,,,,,,,,,,
3,EUW1_5970840706,TFT6_Augment_LudensEcho2,TFT6_Augment_PortableForge,TFT6_Augment_Diversify2,,,1.0,,2.0,,1.0,,1.0,1.0,1.0,0.0,,,,1.0,,2.0,,,1.0,,1.0,,,1.0,,,,,,,,,,,,,,,,,,,,,,,1.0,ThiefsGloves,ZekesHerald,Deathblade,,,,,2.0,ShimmerscaleGamblersBlade,MadredsBloodrazor,GuinsoosRageblade,,,,,,,,,2.0,BrambleVest,OrnnEternalWinter,GargoyleStoneplate,,,,,,,,,,,,,,,,,,,,,,,,,,,,,,,,,2.0,Shroud,,,,,,,,,,,,,,,,,,,,,,,2.0,GuardianEmblemItem,RedBuff,,,,,,,,,,,,,,,,,,,,,,,,,,,,,,,,,,,,,,,,,,,,,,,,,,,,,,,,,,,,,,2.0,TearOfTheGoddess,SpearOfShojin,,2.0,SeraphsEmbrace,,,,,,,,,,,,,,,,,,,,,,,,,,,4.0,TrainerSnax,None,None,2.0,,,,,,,,,,,,,,,,,,,,,,,,,,,,,,,,,,,
4,EUW1_5970840706,TFT7_Augment_UrfsGrabBag1,TFT7_Augment_GuildGearUpgrades,TFT6_Augment_SecondWind2,1.0,,1.0,1.0,,2.0,,,,,4.0,,0.0,,,0.0,1.0,,,,,,,1.0,1.0,,0.0,,,,,,,,,,,,,,,,,,,,,,1.0,,,,,,,,,,,,,,,,,,,,,,,,,,,,,,,,,,,,,,,,,,,,2.0,RedBuff,Redemption,,,,,,,,,,,,,,,,,,,,,,,,,,,,,,,,,,,,,,,,,,,,,,,,,,,,,,,,,,2.0,,,,,,,,2.0,FrozenHeart,,,,,,,2.0,ForceOfNature,,,,,,,,,,,2.0,Redemption,,,,,,,,,,,,,,,,,,,,,,,,,,,,,,,2.0,InfinityEdge,FrozenHeart,CavalierEmblemItem,,,,,,,,,,,None,None,,,,,2.0,GuinsoosRageblade,RunaansHurricane,ZekesHerald,,,,,,,,,,,,,2.0,Quicksilver,MadredsBloodrazor,GuinsoosRageblade,,,,,,,,,,,,
2,EUW1_5970840706,TFT6_Augment_Electrocharge2,TFT7_Augment_BestFriends2,TFT6_Augment_ComponentGrabBag,3.0,,,1.0,,,1.0,,,,1.0,,0.0,,,,0.0,,0.0,,0.0,,,,1.0,,,2.0,,,,,,,,,,,,,,,,,,,,,,,,,,,,,,,,,2.0,HextechGunblade,,,,,,,,,,,,,,,2.0,AssassinEmblemItem,InfinityEdge,UnstableConcoction,,,,,,,,,,,,,,,,,,,,,,,,,,,,,,,,,2.0,LastWhisper,,,,,,,,,,,,,,,,,,,,,,,,,,,,,,,,,,,,,,,2.0,WarmogsArmor,BrambleVest,RedBuff,2.0,FrozenHeart,LastWhisper,GuardianAngel,2.0,,,,,,,,,,,,,,,,,,,,,,,,,,,,,,,,,,,,,,,,,,,,,,,,,,,,2.0,Bloodthirster,MadredsBloodrazor,TitansResolve,,,,,,,,,,,None,None,,,,,,,,,,,,,,,,,,,,,,,,,,,,,,,,,,,,
1,EUW1_5970840706,TFT7_Augment_ClutteredMind,TFT6_Augment_ThrillOfTheHunt2,TFT7_Augment_RevelPartyTime,,,1.0,,1.0,,1.0,,1.0,1.0,1.0,0.0,,0.0,,1.0,,2.0,,,1.0,1.0,1.0,,,1.0,,,,,,,,,,,,,,,,,,,,,,,2.0,,,,,,,,2.0,GuinsoosRageblade,MadredsBloodrazor,MadredsBloodrazor,,,,,,,,,2.0,RedBuff,BrambleVest,GargoyleStoneplate,,,,,,,,,,,,,,,,,,,,,,,,,,,,,,,,,,,,,,,,,,,,,,,,,,,,,,,,,2.0,GuardianEmblemItem,ChainVest,Redemption,,,,,,,,,,,,,,,,,,,,,,,,,,,,,,,,,,,,,,,,,,,,,,,,,,,,,,,,,,,,,3.0,RapidFireCannon,Redemption,RapidFireCannon,2.0,,,,,,,,,,,,,,,,,,,,,,,,,,,,4.0,TrainerSnax,None,None,2.0,RevelEmblemItem,ShimmerscaleGamblersBlade,,,,,,,,,,,,,,,,,,,,,,,,,,,,,,1.0,,,
2,EUW1_5972711582,TFT7_Augment_AFK,TFT7_Augment_ThinkFast,TFT6_Augment_Diversify3,,,1.0,,2.0,,1.0,,1.0,0.0,1.0,,,0.0,,1.0,,3.0,,,1.0,1.0,,,,1.0,,,,,,,,,,,,,,,,,,,,,,,1.0,,,,,,,,2.0,LastWhisper,InfinityEdge,MadredsBloodrazor,,,,,,,,,2.0,ShimmerscaleMogulsMail,TitanicHydra,WarmogsArmor,,,,,,,,,,,,,,,,,,,,,,,,,,,,,,,,,3.0,JeweledGauntlet,,,,,,,,,,,,,,,,,,,,,,,2.0,,,,,,,,,,,,,,,,,,,,,,,,,,,,,,,,,,,,,,,,,,,,,,,,,,,,,,,,,,,,,,,,1.0,Morellonomicon,,,,,,,,,,,,,,,,,,,,,,,,,,,,,,,4.0,TrainerSnax,None,None,2.0,,,,,,,,,,,,,,,,,,,,,,,,,,,,,,,,2.0,RevelEmblemItem,,
1,EUW1_5972711582,TFT6_Augment_Twins1,TFT6_Augment_ThriftShop,TFT7_Augment_BestFriends3,,0.0,,2.0,,,1.0,,,,1.0,,0.0,0.0,,,,,,,,,,1.0,0.0,,,2.0,,,,,,,,,,,,,,,,,,,,,,,,,,,,,,,,,,,,,,,,,,,,,,,,,2.0,InfinityEdge,Quicksilver,,,,,,,,,,,,,,,,,,,,,,3.0,RedBuff,,,,,,,,,,,,,,,,,,,,,,,,,,,,,,,,,,,,,,,,,,,,,,,,,,,2.0,ThiefsGloves,MadredsBloodrazor,RedBuff,,,,,,,,,,,,,,,,,,,,,,,,,,,,,,,,,,,,,,,,,,,,,,,,,2.0,,,,,,,,,,,,,,,,,,,,,,None,None,,,,,2.0,,,,3.0,UnstableConcoction,GuinsoosRageblade,RunaansHurricane,,,,,,,,,,,,,,,,,,,,,,,,
3,EUW1_5972711582,TFT7_Augment_GuildTrait,TFT7_Augment_GuildEmblem2,TFT6_Augment_CyberneticShell3,1.0,,,1.0,,1.0,,,,,5.0,,0.0,,,,1.0,,,,,,,1.0,1.0,,0.0,,,,,,,,,,,,,,,,,,,,,,,,,,,,,,,,,,,,,,,,,,,,,,,,,,,,,,,,,,,,,,,,,,2.0,NegatronCloak,,,,,,,,,,,,,,,,,,,,,,,,,,,,,,,,,,,,,,,,,,,,,,,,,,,,,,,,,,,2.0,Redemption,RedBuff,GargoyleStoneplate,,,,,2.0,,,,,,,,2.0,,,,,,,,,,,,2.0,,,,,,,,,,,,,,,,,,,,,,,,,,,,,,,,2.0,MadredsBloodrazor,UnstableConcoction,FrozenHeart,,,,,,,,,,,None,None,,,,,2.0,,,,,,,,,,,,,,,,1.0,MadredsBloodrazor,GuildEmblemItem,Deathblade,,,,,,,,,,,,
5,EUW1_5972711582,TFT6_Augment_Meditation1,TFT6_Augment_LudensEcho3,TFT6_Augment_WindfallPlusPlus,,0.0,,1.0,,,,,0.0,,1.0,0.0,,2.0,,0.0,,,,,0.0,1.0,1.0,,,1.0,,0.0,,,,,,,,,,,,,,,,,,,,,,,,,,,,,,,,,,,,,,,,,,,,,,,,,,,,,,,,,,,,,,,,,,,,,2.0,,,,2.0,LocketOfTheIronSolari,ChainVest,,,,,,,,,,,,,,,,,,,,,,,,,,2.0,,,,,,,,,,,,,,,,,,,,,,,,,,,,,,,,,,,,2.0,HextechGunblade,Quicksilver,SpearOfShojin,,,,,,,,,,,,,,,,,,,,,,,,,,,,,1.0,,,,,,,,2.0,WarmogsArmor,TitansResolve,RabadonsDeathcap,,,,,,,,,,,,,,,,,2.0,TrainerSnax,None,None,,,,,,,,,,,,,3.0,ThiefsGloves,RecurveBow,RunaansHurricane,,,,,,,,,,,,,,,,,1.0,,,
7,EUW1_5972711582,TFT6_Augment_CelestialBlessing1,TFT7_Augment_ThinkFast,TFT6_Augment_Meditation3,,1.0,,1.0,,,,,0.0,,1.0,,,2.0,,1.0,,,,,,,,,,1.0,,0.0,,,,,,,,,,,,,,,,,,,,,,,,,,,,,,,,,,,,,,,,,,,,,,,,,,,,,,,,,,,,,,,,,,,,,2.0,,,,2.0,,,,,,,,,,,,,,,,,,,,,,,,,,,,2.0,,,,3.0,Chalice,StatikkShiv,JeweledGauntlet,,,,,,,,,,,,,,,,,,,,,,,,,,,,,2.0,,,,,,,,,,,,,,,,,,,,,,,,,,,,,,,,,,,,,,,,2.0,GargoyleStoneplate,TitanicHydra,Shroud,,,,,,,,,,,,,,,,,3.0,TrainerSnax,None,None,,,,,,,,,,,,,2.0,,,,,,,,,,,,,,,,,,,,,,,
8,EUW1_5972711582,TFT6_Augment_PandorasItems,TFT6_Augment_LudensEcho3,TFT7_Augment_TomeOfTraits2,,0.0,,1.0,,,,,0.0,,1.0,,,2.0,,1.0,,,,,0.0,1.0,,,,1.0,,,,,,,,,,,,,,,,,,,,,,,,,,,,,,,,,,,,,,,,,,,,,,,,,,,,,,,,,,,,,,,,,,,,,,,2.0,,,,2.0,MageEmblemItem,GargoyleStoneplate,RedBuff,,,,,,,,,,,,,,,,,,,,,,,,,2.0,,,,3.0,StatikkShiv,,,,,,,,,,,,,,,,,,,,,,,,,,,,,,,2.0,MadredsBloodrazor,,,,,,,,,,,,,,,,,,,,,,,,,,,,,,,,,,,,,,,,,,,,,,,,,,,,,,,,,,,2.0,TrainerSnax,None,None,,,,,,,,,,,,,,,,,,,,,,,,,,,,,,,,,1.0,TearOfTheGoddess,BruiserEmblemItem,
6,EUW1_5972711582,TFT7_Augment_ShimmerscaleEmblem,TFT6_Augment_RadiantRelics,TFT7_Augment_RagewingEmblem2,1.0,,,1.0,,1.0,,,,,3.0,,0.0,,,,1.0,,,,0.0,,,1.0,1.0,,0.0,,,,,,,,,,,,,,,,,,,,,,,,,,,,,,,,,,,,,,,,,,,,,,,,,,,,,,,,,,,,,,,,,,2.0,TrapClawRadiant,,,,,,,,,,,,,,,,,,,,,,,,,,,,,,,,,,,,,,,,,,,,,,,,,,,,,,,,,,,1.0,TitanicHydra,,,,,,,2.0,RagewingEmblemItem,,,,,,,2.0,,,,,,,,,,,,2.0,WarmogsArmor,,,,,,,,,,,,,,,,,,,,,,,,,,,,,,,2.0,FrozenHeart,Deathblade,Bloodthirster,,,,,,,,,,,None,None,,,,,2.0,ShimmerscaleEmblemItem,,,,,,,,,,,,,,,1.0,MadredsBloodrazor,GuinsoosRageblade,ArchangelsStaff,,,,,,,,,,,,
4,EUW1_5972711582,TFT6_Augment_CyberneticUplink1,TFT6_Augment_MaxLevel10,TFT6_Augment_VerdantVeil,,0.0,,,,,1.0,1.0,,,1.0,2.0,,,0.0,0.0,0.0,,,2.0,,,,1.0,,,0.0,,,,,,,,,,,,,,1.0,,,,,,,,,,,,,,,,,,,,,,,,,,,,,,,,2.0,RunaansHurricane,,,,,,,,,,,,,,,2.0,ChainVest,,,,,,,,,,,,,,,,,,,,,,,,,,,,,,,,,,,,,,,,,,,,,,,2.0,RedBuff,FrozenHeart,,3.0,GuinsoosRageblade,Deathblade,MadredsBloodrazor,,,,,,,,,,,,,,,,,,,,,,,,,,,,,,,,,,,,,,,,,,,,,,,,,,,,,,,,,2.0,,,,,,,,,,,,,,,,,,,,,,,,,,None,None,,,,,1.0,,,,,,,,,,,,,,,,,,,,2.0,UnstableConcoction,SeraphsEmbrace,,,,,,,,,
1,EUW1_5972287187,TFT6_Augment_TrueTwos,TFT7_Augment_BandOfThieves1,TFT6_Augment_PortableForge,1.0,,,1.0,,1.0,,0.0,,,3.0,,0.0,,,,1.0,,,,,,,1.0,1.0,,0.0,,,,,,,,,,,,,,,,,,,,,,,,,,,,,,,,,,,,,,,,,,,,,,,,,,,,,,,,,,,,,,,,,,2.0,ThiefsGloves,SparringGloves,InfinityEdge,,,,,,,,,,,,,,,,,,,,,1.0,SeraphsEmbrace,,,,,,,,,,,,,,,,,,,,,,,,,,,,,,,,,,,2.0,GargoyleStoneplate,OrnnAnimaVisage,RedBuff,,,,,2.0,ThiefsGloves,GargoyleStoneplate,RedBuff,,,,,1.0,,,,,,,,,,,,1.0,,,,,,,,,,,,,,,,,,,,,,,,,,,,,,,,3.0,MadredsBloodrazor,FrozenHeart,InfinityEdge,,,,,,,,,,,None,None,,,,,1.0,RapidFireCannon,,,,,,,,,,,,,,,2.0,GuinsoosRageblade,Deathblade,RunaansHurricane,,,,,,,,,,,,
3,EUW1_5972287187,TFT6_Augment_SecondWind2,TFT7_Augment_BestFriends1,TFT7_Augment_RagewingScorch,0.0,,,,,,,2.0,,,,1.0,,,0.0,,1.0,,,1.0,0.0,,,0.0,0.0,,0.0,,,,,,,,,,,,,,2.0,,,,,,,,,,,,,,,,,,,,,,,,,,,,,,,,,,,,,,,,,,,,,,,,,,,,,,,,,,,,,,,,,,,,2.0,,,,2.0,FrozenHeart,,,2.0,Shroud,,,,,,,,,,,,,,,,,,,2.0,WarmogsArmor,GargoyleStoneplate,Morellonomicon,,,,,,,,,,,,,,,,,,,,,,,,,,,,,,,,,,,,,2.0,,,,,,,,,,,,,,,,,,,,,,,,2.0,Quicksilver,ArchangelsStaff,GuinsoosRageblade,,,,,,,,,,,,,,,,,,,,,,,None,None,,,,,,,,,,,,,,,,,,,,,,,,,1.0,GuinsoosRageblade,BFSword,,,,,,,,,
6,EUW1_5972287187,TFT6_Augment_Meditation2,TFT6_Augment_FirstAidKit,TFT6_Augment_MakeshiftArmor2,,0.0,,1.0,0.0,0.0,,,0.0,,1.0,,,2.0,,1.0,,,1.0,,,,,,,2.0,0.0,0.0,,,,,,,,,,,,,,,,,,,,,,,,,,,,,,,,,,,,,,,,,,,,,,,,,,,,,,,,,,,,,,,,,,,,,2.0,,,,,,,,,,,,,,,,,,,,,,,,,,,,3.0,RabadonsDeathcap,JeweledGauntlet,,1.0,,,,1.0,,,,,,,,,,,,,,,,1.0,Chalice,,,,,,,,,,,,,,,2.0,,,,,,,,,,,,,,,,,,,,,,,,,,,,,,,,,,,,,,,,2.0,RedBuff,,,,,,,,,,,,,,,,,,,3.0,TrainerSnax,None,None,2.0,Chalice,Chalice,Chalice,,,,,,,,,,,,,,,,,,,,,,,,,,,,,,,,
4,EUW1_5972287187,TFT7_Augment_PandorasBench,TFT6_Augment_CelestialBlessing1,TFT6_Augment_SecondWind2,,,1.0,,1.0,,1.0,0.0,1.0,1.0,1.0,,,,0.0,1.0,,1.0,,,1.0,,,,,1.0,0.0,0.0,,,,,,,,,,,,,,,,,,,,,2.0,NeedlesslyLargeRod,,,,,,,2.0,UnstableConcoction,InfinityEdge,GuinsoosRageblade,,,,,,,,,2.0,RedBuff,GargoyleStoneplate,WarmogsArmor,,,,,,,,,,,,,,,,,,,,,,,,,,,,,,,,,,,,,,,,,,,,,,,,,,,,,,,,,2.0,,,,,,,,,,,,,,,,,,,,,,,,,,,,,,,,,,,,,,,,,,,,,,,,,,,,,,,,,,,,,,,,2.0,ShimmerscaleGamblersBlade,RabadonsDeathcap,,,,,,,,,,,,,,,,,,,,,,,,,,2.0,Shroud,,,3.0,TrainerSnax,None,None,2.0,,,,,,,,,,,,,,,,,,,,,,,,1.0,,,,,,,,,,,
8,EUW1_5972287187,TFT7_Augment_ShimmerscaleTrait,TFT6_Augment_CyberneticShell1,TFT6_Augment_SecondWind2,1.0,,,,,0.0,1.0,,,0.0,2.0,,,,,,1.0,,,,2.0,,,1.0,,,,,,,,,,,,,,,,,,,,,,,,,,,,,,,,,,,,,,,,,,,,,2.0,RedBuff,Redemption,,,,,,,,,,,,,,,,,,,,,,1.0,ShimmerscaleHeartOfGold,,,,,,,,,,,,,,,,,,,2.0,,,,,,,,,,,,,,,,,,,,,,,,,,,,,,,,,,,,,,,,,,,,,,,,,,,,,,,,,,,,,,,,,,,,,,,,,,,,,,,,,,,,,,,,,,,,,,,,,,,,1.0,ThiefsGloves,DragonsClaw,HextechGunblade,,,,,,,,,,,None,None,,,,,2.0,,,,,,,,,,,,,,,,2.0,MadredsBloodrazor,ShimmerscaleGamblersBlade,,,,,,,,,,,,,
7,EUW1_5972287187,TFT7_Augment_BruiserEmblem,TFT7_Augment_Preparation,TFT7_Augment_BruiserTitanicStrength,,,,3.0,,,1.0,0.0,,,,,0.0,0.0,0.0,,0.0,,0.0,,,,,,0.0,,1.0,2.0,,,,,,,,,,,,,,,,,,,,,,,,,,,,,,,,,,,,,,,,,,,,,,,,,1.0,GuinsoosRageblade,Bloodthirster,Quicksilver,,,,,,,,,,,,,,,,,,,,,,,,,,,,,,,,,,,,,,,,,,,,,,,,,,,,,,,,,,,,,,,,,,,,,2.0,,,,1.0,,,,,,,,,,,,,,,,,,,,,,,,,,,,2.0,ZekesHerald,Shroud,,,,,,,,,,,,,,,,,,,,,,2.0,,,,,,,,,,,,,,,,,,,,,,None,None,,,,,,,,,,,,,,,,,,,,,,,,,1.0,TitansResolve,BruiserEmblemItem,WarmogsArmor,,,,,,,,
2,EUW1_5972287187,TFT6_Augment_ClearMind,TFT6_Augment_ThrillOfTheHunt1,TFT6_Augment_TomeOfTraits1,,,1.0,1.0,,,1.0,0.0,,1.0,1.0,0.0,0.0,,3.0,0.0,0.0,,,,,,1.0,,0.0,,1.0,0.0,,,,,,,,,,,,,,,,,,,,,1.0,StatikkShiv,,,,,,,,,,,,,,,2.0,ArchangelsStaff,StatikkShiv,Deathblade,,,,,,,,,,,,,,,,,,,,,,,,,,,,,,,,,,,,,,,,,,,,,,,,,,,,,2.0,RedBuff,,,,,,,,,,,,,,,,,,,,,,,,,,,,,,,2.0,FrozenHeart,,,,,,,,,,,,,,,,,,,,,,,,,,,2.0,,,,,,,,,,,,,,,,2.0,MirageEmblemItem,GuinsoosRageblade,Quicksilver,,,,,,,,,,,,,,,,,,,,,1.0,,,,,,None,None,,,,,,,,,,,,,,,,,,,,,,,,,2.0,UnstableConcoction,SeraphsEmbrace,GuardianAngel,,,,,,,,
5,EUW1_5972287187,TFT7_Augment_MageConference,TFT7_Augment_BestFriends1,TFT6_Augment_TargetDummies,,,1.0,,1.0,,1.0,,1.0,1.0,1.0,,,0.0,,1.0,,1.0,0.0,,1.0,1.0,,,,1.0,,,,,,,,,,,,,,,,,,,,,,,1.0,ForceOfNature,Zephyr,,2.0,,,,2.0,MadredsBloodrazor,UnstableConcoction,LastWhisper,,,,,,,,,2.0,GargoyleStoneplate,ArchangelsStaff,,,,,,,,,,,,,,,,,,,,,,,,,,,,,,,,,,,,,,,,,,,,,,,,,,,,,,,,,,2.0,,,,,,,,,,,,,,,,,,,,,,,,,,,,,,,,,,,,,,,,,,,,,,,,,,,,,,,,,,,,,,,,2.0,,,,,,,,,,,,,,,,,,,,,,,,,,,,,,,,3.0,TrainerSnax,None,None,2.0,StatikkShiv,ShimmerscaleGamblersBlade,,,,,,,,,,,,,,,,,,,,,,,,,,,,,,1.0,,,
4,EUW1_5972816326,TFT7_Augment_GadgetExpert,TFT6_Augment_ComponentGrabBag,TFT6_Augment_GrandGambler,1.0,,1.0,1.0,,0.0,1.0,0.0,,,3.0,,0.0,,,0.0,0.0,,,,,,,,3.0,,0.0,,,,,,,,,,1.0,SpearOfShojin,HextechGunblade,ArchangelsStaff,,,,,,,,,1.0,PowerGauntlet,ZekesHerald,,,,,,,,,,,,,,,,,,,,,,,,,,,,,,,,,,,,,,,,,,,,,,,,,,,,,,,,,,,,,,,,,,2.0,,,,,,,,,,,,,,,,,,,,,,,,,,,,,,,,,,,,2.0,GiantsBelt,WarmogsArmor,ArchangelsStaff,,,,,2.0,,,,,,,,2.0,GargoyleStoneplate,RedBuff,,,,,,,,,,2.0,,,,,,,,,,,,,,,,,,,,,,,,,,,,,,,,2.0,MadredsBloodrazor,Bloodthirster,,,,,,,,,,,,None,None,,,,,,,,,,,,,,,,,,,,,,,,,,,,,,,,,,,,
8,EUW1_5972816326,TFT6_Augment_JeweledLotus,TFT6_Augment_CelestialBlessing2,TFT6_Augment_ForceOfNature,,,,1.0,,2.0,,,1.0,,,0.0,0.0,1.0,0.0,0.0,0.0,0.0,0.0,,,,1.0,,0.0,1.0,,0.0,,,,,,,,,,,,,,,,,,,,,,,,,,,,,,,,,,,,,,,,,,,,,,,,,,,,,,,,,,,,,,,,,1.0,,,,2.0,,,,,,,,,,,,,,,,,,,,,,,,,,,,2.0,,,,1.0,,,,,,,,,,,,,,,,2.0,TitanicHydra,RedBuff,FrozenHeart,,,,,2.0,,,,,,,,,,,,,,,,,,,,,,,,,,,,,,,,,,,,,,,,2.0,UnstableConcoction,InfinityEdge,SpearOfShojin,1.0,SpearOfShojin,,,,,,,2.0,,,,,,,,,,,,,,,,,,,,3.0,TrainerSnax,None,None,,,,,,,,,,,,,,,,,,,,,,,,,,,,,,,,,,,,
1,EUW1_5972816326,TFT7_Augment_ShimmerscaleTrait,TFT7_Augment_GuardianEmblem,TFT6_Augment_RadiantRelics,0.0,,1.0,0.0,,,1.0,0.0,0.0,1.0,1.0,0.0,0.0,,0.0,1.0,,,,,0.0,,1.0,,2.0,0.0,0.0,1.0,,,,,,,,,2.0,RabadonsDeathcap,SpearOfShojin,,,,,,,,,,2.0,SparringGloves,,,,,,,,,,,,,,,,,,,,,,,,,,,,,,,,,,,,,,,,,,,,,,,,,,,,,,,,,,,,,,,,,,,,,,,,,,,,,,,2.0,,,,,,,,,,,,,,,,,,,,,,,,2.0,GuardianEmblemItem,,,2.0,ZekesHerald,,,,,,,,,,,,,,,,,,,,,,,,,,,,,,,,,,,,,,,2.0,Quicksilver,,,,,,,,,,,,,,,,,,,,,,,2.0,,,,,,None,None,,,,,,,,,,,,,,,,,,,,,,,,,2.0,Bloodthirster,TitansResolve,WarmogsArmorRadiant,,,,,,,,
7,EUW1_5972816326,TFT6_Augment_CelestialBlessing2,TFT6_Augment_MakeshiftArmor2,TFT6_Augment_TheGoldenEgg,,,1.0,,1.0,,1.0,,1.0,1.0,1.0,,,,,1.0,,1.0,,,1.0,,,,,1.0,,0.0,,,,,,,,,,,,,,,,,,,,,1.0,,,,,,,,2.0,Quicksilver,MadredsBloodrazor,Deathblade,,,,,,,,,2.0,RedBuff,GargoyleStoneplate,,,,,,,,,,,,,,,,,,,,,,,,,,,,,,,,,,,,,,,,,,,,,,,,,,,,,,,,,,2.0,Shroud,,,,,,,,,,,,,,,,,,,,,,,,,,,,,,,,,,,,,,,,,,,,,,,,,,,,,,,,,,,,,,,2.0,ShimmerscaleGoldmancersStaff,ArchangelsStaff,,,,,,,,,,,,,,,,,,,,,,,,,,1.0,,,,4.0,TrainerSnax,None,None,2.0,,,,,,,,,,,,,,,,,,,,,,,,,,,,,,,,,,,
2,EUW1_5972816326,TFT6_Augment_LudensEcho2,TFT6_Augment_ComponentGrabBag,TFT6_Augment_MaxLevel10,,0.0,1.0,1.0,,,1.0,,0.0,,1.0,0.0,0.0,1.0,,2.0,,,,0.0,0.0,1.0,,,2.0,0.0,,0.0,,,,,,,,,1.0,GuinsoosRageblade,MadredsBloodrazor,JeweledGauntlet,,,,,,,,,2.0,,,,,,,,,,,,,,,,,,,,,,,,,,,,,,,,,,,,,,,,,,,,,,,,,,,,,,,,,,,,,,,,,,,,,,,,,,,,,,,,1.0,,,,1.0,,,,2.0,GargoyleStoneplate,WarmogsArmor,RedBuff,,,,,,,,,,,,,2.0,Morellonomicon,WarmogsArmor,,,,,,,,,,,,,,,,,,,,,,,,,,,,,,,,,,,,,,,,,,,,,,,,,,2.0,,,,,,,,,,,,,,,,,,,,,,None,None,,,,,,,,,,,,,,,,,,,,,,,,,,,,,,,,,2.0,Quicksilver,GuinsoosRageblade,
5,EUW1_5972816326,TFT7_Augment_EvokerEmblem,TFT6_Augment_TriForce2,TFT6_Augment_GrandGambler,,1.0,,1.0,,,,,1.0,,1.0,,,2.0,,1.0,,,,,0.0,1.0,,,,1.0,,0.0,,,,,,,,,,,,,,,,,,,,,,,,,,,,,,,,,,,,,,,,,,,,,,,,,,,,,,,,,,,,,,,,,,,,,2.0,,,,3.0,RedBuff,GargoyleStoneplate,EvokerEmblemItem,,,,,,,,,,,,,,,,,,,,,,,,,2.0,,,,3.0,Chalice,NeedlesslyLargeRod,HextechGunblade,,,,,,,,,,,,,,,,,,,,,,,,,,,,,3.0,HextechGunblade,SpearOfShojin,Quicksilver,,,,,,,,,,,,,,,,,,,,,,,,,,,,,,,,,,,,,2.0,ThiefsGloves,Zephyr,GuardianAngel,,,,,,,,,,,,,,,,,4.0,TrainerSnax,None,None,,,,,,,,,,,,,2.0,,,,,,,,,,,,,,,,,,,,1.0,,,
6,EUW1_5972816326,TFT6_Augment_PortableForge,TFT6_Augment_TargetDummies,TFT6_Augment_CyberneticImplants3,1.0,,,2.0,,,1.0,0.0,,,,,0.0,0.0,0.0,,0.0,,,,,,,,1.0,,1.0,2.0,,,,,,,,,,,,,,,,,,,,,,,,,,,,,,,,,,,,,,,,,,,,,,,,,2.0,UnstableConcoction,TitansResolve,Bloodthirster,,,,,,,,,,,,,,,,,,,,,,,,,,,,,,,,,,,,,,,,,,,,,,,,,,,,,,,,,,,,,,,,,,,,,,,,,1.0,,,,2.0,RabadonsDeathcap,InfinityEdge,,1.0,,,,,,,,,,,,,,,,,,,,2.0,,,,,,,,,,,,,,,,,,,,,,,,2.0,OrnnRocketPropelledFist,DragonsClaw,BrambleVest,,,,,,,,,,,,,,,,,,,None,None,,,,,,,,,,,,,,,,,,,,,,,,,1.0,TearOfTheGoddess,,,,,,,,,,
3,EUW1_5972816326,TFT7_Augment_RagewingTantrum,TFT7_Augment_BestFriends2,TFT6_Augment_Diversify3,1.0,,,1.0,,1.0,,,,,3.0,,0.0,,,,1.0,,,,,,,1.0,1.0,,0.0,,,,,,,,,,,,,,,,,,,,,,,,,,,,,,,,,,,,,,,,,,,,,,,,,,,,,,,,,,,,,,,,,,2.0,,,,,,,,,,,,,,,,,,,,,,,,,,,,,,,,,,,,,,,,,,,,,,,,,,,,,,,,,,,,2.0,RedBuff,,,,,,,2.0,UnstableConcoction,,,,,,,2.0,,,,,,,,,,,,2.0,,,,,,,,,,,,,,,,,,,,,,,,,,,,,,,,2.0,FrozenHeart,RedBuff,UnstableConcoction,,,,,,,,,,,None,None,,,,,2.0,,,,,,,,,,,,,,,,2.0,GuinsoosRageblade,MadredsBloodrazor,Quicksilver,,,,,,,,,,,,
5,EUW1_5972332406,TFT7_Augment_ShimmerscaleEmblem,TFT6_Augment_ComponentGrabBag,TFT6_Augment_MaxLevel10,1.0,,1.0,1.0,,0.0,1.0,,,0.0,3.0,,0.0,,,0.0,1.0,,,,1.0,,,1.0,0.0,,0.0,0.0,,,,,,,,,,,,,,,,,,,,,2.0,SpearOfShojin,,,,,,,,,,,,,,,,,,,2.0,WarmogsArmor,GargoyleStoneplate,GargoyleStoneplate,,,,,,,,,,,,,,,,,,,,,2.0,ShimmerscaleEmblemItem,GargoyleStoneplate,,,,,,,,,,,,,,,,,,,,,,,,,,,,,,,,,,,,,,,,,,,,,,,,,,,,,,,,,,2.0,,,,2.0,HextechGunblade,HextechGunblade,ShimmerscaleDiamondHands,,,,,,,,,,,,,,,,,,,,,1.0,,,,,,,,,,,,,,,,,,,,,,,,,,,,,,,,2.0,ThiefsGloves,StatikkShiv,SpearOfShojin,,,,,,,,,,,None,None,,,,,1.0,,,,,,,,,,,,,,,,2.0,RapidFireCannon,InfinityEdge,Deathblade,,,,,,,,,,,,
8,EUW1_5972332406,TFT6_Augment_CyberneticImplants1,TFT7_Augment_DragonHorde,TFT6_Augment_HighEndShopping,,,,0.0,,,2.0,0.0,,1.0,,1.0,,,0.0,0.0,,,,,1.0,,,,,,0.0,2.0,,,,,,,,,,,,,,,,,,,,,,,,,,,,,,,,,,,,,,,,,1.0,BrambleVest,ShimmerscaleDeterminedInvestor,,2.0,Bloodthirster,RapidFireCannon,TitansResolve,1.0,NegatronCloak,,,,,,,,,,,,,,,,,,,,,,,,,,,,,,,,,,,,,,,,,,,,,,,,,,,,,,,,,,,,,,,,,,,,,,,,,,,,,,,,,,,,,,,,,,,,,,,,,,,,,,,,,,,,,,,,,,,,,,,,,,,,,,,,,,,,,,,,,,,,,,,1.0,,,,,,None,None,,,,,,,,,,,,,,,,,,,,,,,,,2.0,MadredsBloodrazor,SeraphsEmbrace,,,,,,,,,
1,EUW1_5972332406,TFT6_Augment_CelestialBlessing1,TFT7_Augment_MageEmblem,TFT6_Augment_FuturePeepers2,,0.0,,1.0,,,1.0,,0.0,,1.0,0.0,0.0,3.0,,1.0,,,,,0.0,1.0,,,2.0,1.0,,0.0,,,,,,,,,1.0,SpearOfShojin,MageEmblemItem,UnstableConcoction,,,,,,,,,,,,,,,,,,,,,,,,,,,,,,,,,,,,,,,,,,,,,,,,,,,,,,,,,2.0,,,,,,,,,,,,,,,,,,,,,,,,,,,,,,,,2.0,MageEmblemItem,,,3.0,ZephyrRadiant,RabadonsDeathcap,UnstableConcoction,,,,,,,,,,,,,,,,,2.0,,,,,,,,,,,,2.0,JadeEmblemItem,,,,,,,,,,,,,,,,,,,,,,,,,,,,,,,,,,,,,,,2.0,RedBuff,GargoyleStoneplate,FrozenHeart,,,,,,,,,,,,,,,,,4.0,TrainerSnax,None,None,,,,,,,,,,,,,,,,,,,,,,,,,,,,,,,,,1.0,Bloodthirster,JeweledGauntlet,
4,EUW1_5972332406,TFT7_Augment_BestFriends1,TFT7_Augment_PandorasBench,TFT6_Augment_RadiantRelics,1.0,,,1.0,,,1.0,,,0.0,1.0,0.0,,0.0,,,,,,1.0,,,,,,,,3.0,,,,,,,,,,,,,,,,,,,,,,,,,,,,,,,,,,,,,,,,,,,,,,,,,2.0,InfinityEdge,Bloodthirster,ZekesHeraldRadiant,3.0,AssassinEmblemItem,InfinityEdge,UnstableConcoction,,,,,,,,,,,,,,,,,,,,,,,,,,,,,,,,,,,,,,,,,,,,,,,,,,,,,2.0,TitanicHydra,WarmogsArmor,,,,,,,,,,,,,,,,,,,,,,,,,,,,,,,,,,,,,,,,,,,,,,,,,,,,,,,,,,,,,,,,,,2.0,,,,,,,,2.0,MadredsBloodrazor,FrozenHeart,,,,,,2.0,Zephyr,,,,,None,None,,,,,,,,,,,,,,,,,,,,,,,,,,,,,,,,,,,,
3,EUW1_5972332406,TFT7_Augment_BestFriends1,TFT7_Augment_BestFriends2,TFT6_Augment_Diversify3,,,1.0,1.0,,,1.0,,1.0,,1.0,,,1.0,,1.0,,0.0,,,0.0,1.0,,,,1.0,,2.0,,,,,,,,,,,,,,,,,,,,,1.0,,,,,,,,,,,,,,,,,,,,,,,,,,,,2.0,Quicksilver,TitansResolve,TitansResolve,,,,,,,,,,,,,,,,,2.0,Shroud,,,,,,,,,,,,,,,,,,,,,,,,,,,,,,,2.0,,,,,,,,,,,,,,,,,,,,,,,,,,,,,,,,,,,,,,,,,,,,,,,,,,,,,,,,,,,,,,,,2.0,RabadonsDeathcap,LastWhisper,SpearOfShojin,,,,,,,,,2.0,Redemption,RedBuff,IonicSpark,,,,,,,,,,,,,,,,,2.0,TrainerSnax,None,None,,,,,,,,,,,,,,,,,,,,,,,,,,,,,,,,,1.0,Morellonomicon,,
7,EUW1_5972332406,TFT6_Augment_CyberneticImplants1,TFT7_Augment_CannoneerRicochet,TFT6_Augment_CyberneticImplants3,,,,1.0,1.0,,1.0,,1.0,,,,0.0,,,0.0,,1.0,,,,,,,0.0,1.0,,1.0,,,,,,,,,,,,,,,,,,,,,,,,,,,,,2.0,RunaansHurricane,GuinsoosRageblade,InfinityEdge,,,,,,,,,,,,,,,,,2.0,ThiefsGloves,SparringGloves,InfinityEdge,,,,,,,,,,,,,,,,,,,,,,,,,,,,,,,,,,,,,,,,,,,,,,,,,1.0,,,,,,,,,,,,,,,,,,,,,,,,2.0,RedBuff,FrozenHeart,,,,,,,,,,,,,,,,,,,,,,,,,,,,,,,,,,,,,,2.0,ArchangelsStaff,,,,,,,,,,,,,,,,,,,,,,,,,,,,,,,2.0,TrainerSnax,None,None,2.0,,,,,,,,,,,,,,,,,,,,,,,,,,,,,,,,,,,
2,EUW1_5972332406,TFT6_Augment_ThrillOfTheHunt1,TFT7_Augment_MirageEmblem,TFT6_Augment_ItemGrabBag2,0.0,,1.0,,,2.0,1.0,0.0,,,3.0,,,,3.0,0.0,0.0,,,,,,,,,,0.0,,,,,,,,,,,,,,,,,,,,,,1.0,,,,,,,,,,,,,,,,2.0,UnstableConcoction,ArchangelsStaff,JeweledGauntlet,,,,,,,,,,,,,,,,,,,,,,,,,2.0,TearOfTheGoddess,PowerGauntlet,Chalice,,,,,,,,,,,,,,,,,,,,,,,,,,,,,,,,,,,,,,,,,,,,,,,,,3.0,Bloodthirster,WarmogsArmor,IonicSpark,,,,,,,,,,,,,,,,,,,,,2.0,,,,,,,,,,,,,,,,,,,,,,,,,,,,,,,,,,,,,,,,,,,,2.0,MirageEmblemItem,FrozenHeart,,,,,,,,,,,,None,None,,,,,,,,,,,,,,,,,,,,,,,,,1.0,WarmogsArmor,GargoyleStoneplate,HextechGunblade,,,,,,,,
6,EUW1_5972332406,TFT7_Augment_MageTrait,TFT7_Augment_UrfsGrabBag1,TFT7_Augment_BruiserEmblem2,,0.0,,2.0,,,1.0,,0.0,,1.0,,,2.0,,0.0,,,,,0.0,1.0,,,,1.0,,2.0,,,,,,,,,,,,,,,,,,,,,,,,,,,,,,,,,,,,,,,,,,,,,,,,,2.0,ThiefsGloves,NeedlesslyLargeRod,JeweledGauntlet,,,,,,,,,,,,,,,,,2.0,,,,3.0,MageEmblemItem,TitansResolve,Redemption,,,,,,,,,,,,,,,,,,,,,,,,,2.0,BruiserEmblemItem,TearOfTheGoddess,,,,,,,,,,,,,,,,,,,,,,,,,,,,,,,,,,2.0,RabadonsDeathcap,HextechGunblade,SpearOfShojin,,,,,,,,,,,,,,,,,,,,,,,,,,,,,,,,,,,,,1.0,,,,,,,,,,,,,,,,,,,,3.0,TrainerSnax,None,None,,,,,,,,,,,,,,,,,,,,,,,,,,,,,,,,,1.0,Zephyr,StatikkShiv,
6,EUW1_5972872184,TFT6_Augment_TradeSector,TFT6_Augment_ItemGrabBag1,TFT6_Augment_PortableForge,,1.0,,1.0,,,,,0.0,,1.0,,,1.0,,1.0,,,,,0.0,1.0,,1.0,,0.0,,0.0,,,,,,,,,,,,,,,,,,,,,,,,,,,,,,,,,,,,,,,,,,,,,,,,,,,,,,,,,,,,,,,,,,,,,,,,,3.0,IonicSpark,FrozenHeart,GargoyleStoneplate,,,,,,,,,,,,,,,,,,,,,,,,,2.0,,,,3.0,LocketOfTheIronSolari,RapidFireCannon,,,,,,,,,,,,,,,,,,,,,,,,,,,,,,,,,,,,,,,,,,,,,,,,,,,,,,,,,,,,,,,,,,,,,,1.0,RedBuff,ChainVest,,,,,,,,,,,,,,,,,,,,None,None,,,,,2.0,,,,3.0,GuinsoosRageblade,OrnnInfinityForce,Deathblade,,,,,,,,,,,,,,,,,,,,,1.0,Deathblade,,
8,EUW1_5972872184,TFT7_Augment_AxiomArc2,TFT6_Augment_Electrocharge1,TFT6_Augment_ComponentGrabBag,,,,1.0,,0.0,1.0,0.0,,,,,0.0,,3.0,,0.0,,,,,,,,0.0,,1.0,,,,,,,,,,,,,,,,,,,,,,,,,,,,,,,,,,,,,,1.0,ArchangelsStaff,Quicksilver,GuinsoosRageblade,,,,,,,,,,,,,,,,,,,,,,,,,,,,,,,,,,,,,,,,,,,,,,,,,,,,,,,,,,,,,,,,,,,,,,,,,,,,,2.0,WarmogsArmor,,,,,,,1.0,ThiefsGloves,GiantsBelt,PowerGauntlet,,,,,,,,,,,,,,,,,,,,,,,,,2.0,,,,,,,,,,,,,,,,,,,,,,,,,,,,,,,,,,,,,,,,,,,,,,None,None,,,,,,,,,,,,,,,,,,,,,,,,,1.0,SeraphsEmbrace,Bloodthirster,GuardianAngel,2.0,SparringGloves,,,,,,
1,EUW1_5972872184,TFT6_Augment_TargetDummies,TFT6_Augment_TinyTitans,TFT7_Augment_MageEmblem,,0.0,1.0,1.0,,,1.0,,0.0,,1.0,,0.0,2.0,,2.0,,,,,0.0,1.0,,,2.0,1.0,,0.0,,,,,,,,,2.0,MageEmblemItem,SpearOfShojin,ArchangelsStaff,,,,,,,,,1.0,,,,,,,,,,,,,,,,,,,,,,,,,,,,,,,,,,,,,,,,,,,,,,,,2.0,,,,,,,,,,,,,,,,,,,,,,,,,,,,,,,,2.0,ZekesHerald,,,2.0,,,,,,,,,,,,,,,,,,,,2.0,ShimmerscaleEmblemItem,DragonsClaw,,,,,,,,,,,,,,,,,,,,,,,,,,,,,,,,,,,,,,,,,,,,,,,,,,2.0,WarmogsArmor,GargoyleStoneplate,Redemption,,,,,,,,,,,,,,,,,4.0,TrainerSnax,None,None,,,,,,,,,,,,,,,,,,,,,,,,,,,,,,,,,1.0,SpearOfShojin,RabadonsDeathcap,GuinsoosRageblade
4,EUW1_5972872184,TFT7_Augment_RagewingScorch,TFT6_Augment_Weakspot,TFT6_Augment_CyberneticImplants2,1.0,,,1.0,,1.0,,,,,3.0,0.0,0.0,,,,1.0,,,,,,1.0,1.0,1.0,,0.0,,,,,,,,,,,,,,,,,,,,,,,,,,,,,,,,,,,,,,,,,,,,,,,,,,,,,,,,,,,,,,,,,,2.0,NeedlesslyLargeRod,,,,,,,,,,,,,,,,,,,,,,,,,,,,,,,,,,,,,,,,,,,,,,,,,,,,,,,,,,,2.0,Redemption,PowerGauntlet,Morellonomicon,,,,,1.0,,,,,,,,1.0,,,,,,,,,,,,2.0,,,,,,,,,,,,,,,,1.0,,,,,,,,,,,,,,,,1.0,UnstableConcoction,UnstableConcoction,Zephyr,,,,,,,,,,,None,None,,,,,1.0,PowerGauntlet,,,,,,,,,,,,,,,2.0,Quicksilver,MadredsBloodrazor,GuinsoosRageblade,,,,,,,,,,,,
3,EUW1_5972872184,TFT6_Augment_CyberneticImplants2,TFT7_Augment_BestFriends1,TFT6_Augment_Diversify2,1.0,,1.0,0.0,,0.0,,0.0,,,4.0,,,,0.0,0.0,1.0,,,,,,,1.0,0.0,,1.0,,,,,,,,,,,,,,,,,,,,,,2.0,PowerGauntlet,,,,,,,,,,,,,,,,,,,,,,,,,,,,,,,,,,,,,,,,,,,2.0,,,,,,,,,,,,,,,,,,,,,,,,,,,,,,,,,,,,,,,,,,,,,,,,,,,,,,,,,,,,,,,,,,,,2.0,Shroud,,,,,,,,,,,,,,,,,,,1.0,,,,,,,,,,,,,,,,,,,,,,,,,,,,,,,,2.0,InfinityEdge,UnstableConcoction,Deathblade,,,,,,,,,,,None,None,,,,,2.0,,,,,,,,,,,,,,,,2.0,MadredsBloodrazor,GuinsoosRageblade,GuildEmblemItem,2.0,UnstableConcoction,TitansResolve,,,,,,,,,
2,EUW1_5972872184,TFT6_Augment_CalculatedLoss,TFT6_Augment_Electrocharge1,TFT6_Augment_CelestialBlessing2,1.0,1.0,,2.0,,,,,,,3.0,,0.0,0.0,,,,,,,,,,1.0,1.0,,,0.0,,,,,,,,,,,,,,,,,,,,,,,,,,,,,,,,,,,,,,,,,,,,,,,,,,,,,,,,,,,,,,,,,,,,,,,,,3.0,RedBuff,,,,,,,,,,,,,,,,,,,,,,,,,,,,,,,,,,,,,,,,,,,,,,,,,,,2.0,,,,,,,,2.0,RecurveBow,,,1.0,,,,,,,,,,,,,,,,,,,,,,,,3.0,ThiefsGloves,SparringGloves,Chalice,,,,,,,,,,,,,2.0,,,,,,,,2.0,InfinityEdge,GuinsoosRageblade,FrozenHeart,,,,,,,,,,,None,None,,,,,2.0,PowerGauntlet,ZekesHerald,,3.0,RunaansHurricane,Deathblade,GuinsoosRageblade,,,,,,,,,,,,,,,,,,,,,,,,
5,EUW1_5972872184,TFT7_Augment_GuildEmblem,TFT6_Augment_FirstAidKit,TFT6_Augment_CelestialBlessing2,1.0,,,1.0,,1.0,,,,,4.0,,0.0,,,,1.0,,,,,,,1.0,1.0,,0.0,,,,,,,,,,,,,,,,,,,,,,,,,,,,,,,,,,,,,,,,,,,,,,,,,,,,,,,,,,,,,,,,,,2.0,,,,,,,,,,,,,,,,,,,,,,,,,,,,,,,,,,,,,,,,,,,,,,,,,,,,,,,,,,,,2.0,UnstableConcoction,,,,,,,2.0,SpearOfShojin,,,,,,,2.0,,,,,,,,,,,,2.0,,,,,,,,,,,,,,,,,,,,,,,,,,,,,,,,1.0,RedBuff,Quicksilver,FrozenHeart,,,,,,,,,,,None,None,,,,,2.0,GuinsoosRageblade,,,,,,,,,,,,,,,2.0,MadredsBloodrazor,GuinsoosRageblade,GuildEmblemItem,,,,,,,,,,,,
7,EUW1_5972872184,TFT6_Augment_CalculatedLoss,TFT6_Augment_CelestialBlessing1,TFT6_Augment_Ascension,,0.0,,,,,1.0,0.0,,0.0,,1.0,,,,,1.0,,,3.0,,,1.0,,,,,1.0,,,,,,,,,,,,,,,,,,,,,,,,,,,,,,,,,,,,,,,,,,,,,,,,,,,,,2.0,,,,,,,,2.0,TearOfTheGoddess,,,,,,,,,,,,,,,,,,,,,,,,,,,,,,,,,,,,,,,,,,,,,,,1.0,RedBuff,WarmogsArmor,,3.0,InfinityEdge,GuinsoosRageblade,Quicksilver,,,,,,,,,,,,,,,,,,,,,,,,,,,,,,,,,,,,,,,,,1.0,RunaansHurricane,JeweledGauntlet,,,,,,,,,,1.0,,,,1.0,,,,,,,,,,,,,,,,,,,,2.0,,,,,,None,None,,,,,,,,,,,,,,,,,,,,,,,,,,,,,,,,,,,,
8,EUW1_5972982462,TFT6_Augment_CyberneticShell1,TFT6_Augment_PortableForge,TFT7_Augment_CannoneerHotShot,,,,,1.0,,1.0,,1.0,1.0,,,,,0.0,0.0,,1.0,,,1.0,,,,,1.0,,,,,,,,,,,,,,,,,,,,,,,,,,,,,,,2.0,OrnnObsidianCleaver,InfinityEdge,Deathblade,,,,,,,,,1.0,BrambleVest,GargoyleStoneplate,DragonsClaw,,,,,,,,,,,,,,,,,,,,,,,,,,,,,,,,,,,,,,,,,,,,,,,,,2.0,NegatronCloak,ShimmerscaleDeterminedInvestor,,,,,,2.0,RabadonsDeathcap,,,,,,,,,,,,,,,,,,,,,,,,,,,,,,,,,,,,,,,,,,,,,,,,,,,,,,,,,,,,,,,2.0,,,,,,,,,,,,,,,,,,,,,,,,,,,,,,,,1.0,TrainerSnax,None,None,1.0,,,,,,,,,,,,,,,,,,,,,,,,,,,,,,,,,,,
5,EUW1_5972982462,TFT6_Augment_Twins1,TFT7_Augment_BestFriends2,TFT6_Augment_MakeshiftArmor2,,0.0,,1.0,,,1.0,,,,1.0,,,0.0,,,,,,0.0,,,,1.0,,,,3.0,,,,,,,,,,,,,,,,,,,,,,,,,,,,,,,,,,,,,,,,,,,,,,,,,2.0,ThiefsGloves,TearOfTheGoddess,HextechGunblade,2.0,,,,,,,,,,,,,,,,,,,,3.0,,,,,,,,,,,,,,,,,,,,,,,,,,,,,,,,,,,,,,,,,,,,,,,,,,,,,,,,,,,,,,,,,,,,,,,,,,,,,,,,,,,,,,,,,,,,,,,,,,,,,,,,2.0,Zephyr,NeedlesslyLargeRod,,,,,,,,,,,,,,,,,,,,None,None,,,,,1.0,,,,2.0,Deathblade,WhispersEmblemItem,Redemption,,,,,,,,,,,,,,,,,,,,,,,,
4,EUW1_5972982462,TFT6_Augment_CyberneticUplink1,TFT6_Augment_SalvageBin,TFT6_Augment_TargetDummies,,0.0,,1.0,,,,,1.0,,1.0,,,2.0,,1.0,,0.0,,,0.0,1.0,,,,1.0,,0.0,,,,,,,,,,,,,,,,,,,,,,,,,,,,,,,,,,,,,,,,,,,,,,,,,,,,,,,,,,,,,,,,,,,,,1.0,,,,2.0,RedBuff,WarmogsArmor,,,,,,,,,,,,,,,,,,,,,,,,,,2.0,ThiefsGloves,StatikkShiv,SpearOfShojin,3.0,ArchangelsStaff,Chalice,,,,,,,,,,,,,,,,,,,,,,,,,,,,,,2.0,MadredsBloodrazor,SpearOfShojin,HextechGunblade,,,,,,,,,,,,,,,,,,,,,,,,,2.0,RabadonsDeathcap,,,,,,,,,,,2.0,BFSword,,,,,,,,,,,,,,,,,,,3.0,TrainerSnax,None,None,,,,,,,,,,,,,,,,,,,,,,,,,,,,,,,,,2.0,SpearOfShojin,,
7,EUW1_5972982462,TFT6_Augment_PandorasItems,TFT6_Augment_TomeOfTraits1,TFT7_Augment_RagewingTantrum,,,,0.0,,2.0,,1.0,,,,1.0,,,,,1.0,,,1.0,,,,0.0,0.0,,0.0,,,,,,,,,,,,,,1.0,,,,,,,,,,,,,,,,,,,,,,,,,,,,,,,,,,,,,,,,,,,,,,,,2.0,DragonmancerEmblemItem,,,1.0,TearOfTheGoddess,,,,,,,,,,,,,,,,,,,,,,,1.0,,,,,,,,,,,,,,,,,,,,1.0,RedBuff,IonicSpark,CavalierEmblemItem,,,,,,,,,,,,,,,,,,,,,,,,,,,,,,,,,,,,,1.0,,,,2.0,CavalierEmblemItem,,,,,,,,,,,,,,,,,,,3.0,UnstableConcoction,Quicksilver,GuinsoosRageblade,,,,,,,,,,,,,,,,,,,,,,,None,None,,,,,,,,,,,,,,,,,,,,,,,,,,,,,,,,,,,,
2,EUW1_5972982462,TFT6_Augment_PandorasItems,TFT6_Augment_Diversify2,TFT6_Augment_ThrillOfTheHunt2,,,1.0,,2.0,,1.0,,1.0,1.0,1.0,,,,,2.0,,2.0,,,1.0,,,,,1.0,,0.0,,,,,,,,,,,,,,,,,,,,,1.0,SeraphsEmbrace,,,,,,,2.0,Deathblade,MadredsBloodrazor,GuinsoosRageblade,,,,,,,,,2.0,ShimmerscaleDiamondHands,RedBuff,WarmogsArmor,,,,,,,,,,,,,,,,,,,,,,,,,,,,,,,,,2.0,,,,,,,,,,,,,,,,,,,,,,,,2.0,LocketOfTheIronSolari,,,,,,,,,,,,,,,,,,,,,,,,,,,,,,,,,,,,,,,,,,,,,,,,,,,,,,,,,,,,,,,2.0,ThiefsGloves,UnstableConcoction,Zephyr,,,,,,,,,,,,,,,,,,,,,,,,,2.0,MysticEmblemItem,GiantsBelt,,3.0,TrainerSnax,None,None,2.0,ThiefsGloves,ZekesHerald,Quicksilver,,,,,,,,,,,,,,,,,,,,,,,,,,,,,,,,
1,EUW1_5972982462,TFT6_Augment_MakeshiftArmor1,TFT6_Augment_CelestialBlessing2,TFT7_Augment_RagewingScorch,1.0,,,1.0,,0.0,1.0,,,,2.0,,0.0,,,,2.0,,,0.0,,,,1.0,1.0,,0.0,,,,,,,,,,,,,,,,,,,,,,,,,,,,,,,,,,,,,,,,,,,,,,,,,,,,,,,,,,,,,,,,,,2.0,Morellonomicon,SeraphsEmbrace,,,,,,,,,,,,,,,,,,,,,,,,,,,,,,,,,,,,,,,,,,,,,,,,,,,,,,,,,,2.0,,,,,,,,2.0,FrozenHeart,,,,,,,,,,,,,,,,,,,2.0,,,,2.0,SeraphsEmbrace,RedBuff,Redemption,,,,,,,,,,,,,,,,,,,,,,,,,2.0,ThiefsGloves,GuardianAngel,Redemption,,,,,,,,,,,None,None,,,,,2.0,,,,,,,,,,,,,,,,2.0,GuinsoosRageblade,MadredsBloodrazor,MadredsBloodrazor,,,,,,,,,,,,
3,EUW1_5972982462,TFT7_Augment_BruiserTrait,TFT6_Augment_Ascension,TFT6_Augment_Diversify2,,0.0,,2.0,,,,,0.0,,1.0,,0.0,2.0,,1.0,,,,,0.0,1.0,,,0.0,1.0,,0.0,,,,,,,,,,,,,,,,,,,,,,,,,,,,,,,,,,,,,,,,,,,,,,,,,,,,,,,,,,,,,,,,,,,,,2.0,,,,3.0,TitanicHydra,TitanicHydra,RedBuff,,,,,,,,,,,,,,,,,,,,,,,,,2.0,ZekesHerald,,,3.0,ArchangelsStaff,StatikkShiv,,,,,,,,,,,,,,,,,,2.0,,,,,,,,,,,,2.0,HextechGunblade,SpearOfShojin,,,,,,,,,,,,,,,,,,,,,,,,,,,,,,,,,,,,,,2.0,Redemption,,,,,,,,,,,,,,,,,,,3.0,TrainerSnax,None,None,,,,,,,,,,,,,,,,,,,,,,,,,,,,,,,,,1.0,,,
6,EUW1_5972982462,TFT6_Augment_Weakspot,TFT6_Augment_Featherweights2,TFT6_Augment_CelestialBlessing2,,0.0,,,,,1.0,,0.0,,,2.0,0.0,,,0.0,,,,2.0,,,,,,,,0.0,,,,,1.0,,,,,,,,,,,,,,,,,,,,,,,,,,,,,,,,,,,,,,,,2.0,TitansResolve,GuardianAngel,,,,,,2.0,,,,,,,,2.0,,,,,,,,,,,,,,,,,,,,,,,,,,,,,,,,,,,,,,,,,,,,,,,,2.0,GargoyleStoneplate,Quicksilver,,3.0,Quicksilver,GuinsoosRageblade,MadredsBloodrazor,,,,,,,,,,,,,,,,,,,,,,,,,,,,,,,,,,,,,,,,,,,,,,,,,,,,,,,,,,,,,,,,,,,,,,,,,,,,,,,,,,,None,None,,,,,,,,,,,,,,,,,,,,,,,,,,,,,,,,,,,,
4,EUW1_5972812088,TFT6_Augment_Meditation1,TFT7_Augment_GadgetExpert,TFT7_Augment_RevelPartyTime,,,,,2.0,,1.0,,1.0,1.0,,,,,,0.0,,2.0,0.0,,1.0,,,,,1.0,,,,,,,,,,,,,,,,,,,,,,,,,,,1.0,PowerGauntlet,,,2.0,LastWhisper,StatikkShiv,UnstableConcoction,,,,,,,,,2.0,RedBuff,BrambleVest,GargoyleStoneplate,,,,,,,,,,,,,,,,,,,,,,,,,,,,,,,,,2.0,,,,,,,,,,,,,,,,,,,,,,,,2.0,,,,,,,,,,,,,,,,,,,,,,,,,,,,,,,,,,,,,,,,,,,,,,,,,,,,,,,,,,,,,,,,2.0,SeraphsEmbrace,ShimmerscaleHeartOfGold,SpearOfShojin,,,,,,,,,,,,,,,,,,,,,,,,,,,,,4.0,TrainerSnax,None,None,2.0,,,,,,,,,,,,,,,,,,,,,,,,,,,,,,,,,,,
5,EUW1_5972812088,TFT7_Augment_BandOfThieves1,TFT6_Augment_SecondWind2,TFT7_Augment_DragonHorde,,,,0.0,,,2.0,,,1.0,,1.0,,,,0.0,,,,0.0,1.0,,,,,,,2.0,,,,,,,,,,,,,,,,,,,,,,,,,,,,,,,,,,,,,,,,,2.0,ThiefsGloves,InfinityEdge,JeweledGauntlet,2.0,GuardianAngel,FrozenHeart,GuinsoosRageblade,2.0,MadredsBloodrazor,Bloodthirster,Quicksilver,,,,,,,,,,,,,,,,,,,,,,,,,,,,,,,,,,,,,,,,,,,,,,,,,,,,,,,,,2.0,WarmogsArmor,RedBuff,ShimmerscaleHeartOfGold,,,,,,,,,,,,,,,,,,,,,,,,,,,,,,,,,,,,,,,,,,,,,,,,,,,,,,,,,,,,,,,,,,,,,,,,,,,,,,,,,2.0,GuardianAngel,,,,,None,None,,,,,,,,,,,,,,,,,,,,,,,,,,,,,,,,,,,,
2,EUW1_5972812088,TFT7_Augment_AFK,TFT6_Augment_PortableForge,TFT7_Augment_BigFriend2,0.0,0.0,1.0,2.0,,,1.0,,,,3.0,,0.0,0.0,,0.0,,,,,,,,1.0,1.0,,,2.0,,,,,,,,,,,,,,,,,,,,,1.0,,,,,,,,,,,,,,,,,,,,,,,,,,,,2.0,ThiefsGloves,RapidFireCannon,SpearOfShojin,,,,,2.0,,,,,,,,,,,,,,,,3.0,OrnnEternalWinter,RedBuff,GargoyleStoneplate,,,,,,,,,,,,,,,,,,,,,,,,,,,,,,,,,,,,,,,,,,,,,,,,,2.0,RabadonsDeathcap,Chalice,GuildEmblemItem,,,,,,,,,,,,,,,,,,,,,,,,,,,,,,,,,,,,,,,,,,,,,,,,,2.0,,,,,,,,2.0,FrozenHeart,,,,,,,,,,,,,None,None,,,,,,,,,3.0,GuinsoosRageblade,Deathblade,InfinityEdge,,,,,,,,,,,,,,,,,,,,,,,,
8,EUW1_5972812088,TFT6_Augment_CyberneticShell1,TFT6_Augment_SalvageBin,TFT6_Augment_ThrillOfTheHunt2,1.0,,,1.0,,0.0,,,,,3.0,,0.0,,,,0.0,,,,,,,1.0,1.0,,0.0,,,,,,,,,,,,,,,,,,,,,,,,,,,,,,,,,,,,,,,,,,,,,,,,,,,,,,,,,,,,,,,,,,,,,,,,,,,,,,,,,,,,,,,,,,,,,,,,,,,,,,,,,,,,,,,,,,,,,,,,,,,,,,1.0,DragonsClaw,,,,,,,1.0,NeedlesslyLargeRod,,,,,,,2.0,Redemption,,,,,,,,,,,1.0,,,,,,,,,,,,,,,,,,,,,,,,,,,,,,,,2.0,RedBuff,,,,,,,,,,,,,None,None,,,,,2.0,ZekesHerald,,,,,,,,,,,,,,,2.0,Quicksilver,GuinsoosRageblade,InfinityEdge,,,,,,,,,,,,
1,EUW1_5972812088,TFT6_Augment_SecondWind1,TFT6_Augment_CelestialBlessing2,TFT7_Augment_DragonAlliance,,,,,,,2.0,,,1.0,,2.0,,,,0.0,,,,0.0,1.0,,1.0,,1.0,,,,,,,,,,,,2.0,UnstableConcoction,RabadonsDeathcap,JeweledGauntlet,,,,,,,,,,,,,,,,,,,,,,,,,,,,,2.0,RedBuff,WarmogsArmor,BrambleVest,2.0,TitansResolve,UnstableConcoction,Deathblade,,,,,,,,,,,,,,,,,,,,,,,,,,,,,,,,,,,,,,,,,,,,,,,,,,,,,,,,,,,,,2.0,,,,,,,,,,,,,,,,,,,,,,,,,,,,,,,,,,,,,,,,,,,,,,,,,,,,,,,,,,,,1.0,ShimmerscaleHeartOfGold,,,,,,,,,,,,,,,,,,,2.0,SparringGloves,LocketOfTheIronSolari,,,,,,,,None,None,,,,,,,,,,,,,,,,,,,,,,,,,,,,,,,,,,,,
7,EUW1_5972812088,TFT6_Augment_Weakspot,TFT6_Augment_SecondWind2,TFT6_Augment_CelestialBlessing2,1.0,,,2.0,,,1.0,,,0.0,1.0,,0.0,0.0,,,0.0,,,,,,,,0.0,,0.0,3.0,,,,,,,,,,,,,,,,,,,,,,,,,,,,,,,,,,,,,,,,,,,,,,,,,2.0,InfinityEdge,GuinsoosRageblade,GuardianAngel,,,,,,,,,,,,,,,,,,,,,,,,,,,,,,,,,,,,,,,,,,,,,,,,,,,,,,,,,,,,,,,,,,,,,,,,,1.0,Redemption,,,1.0,RedBuff,SeraphsEmbrace,,,,,,,,,,,,,,,,,,,,,,1.0,,,,,,,,,,,,,,,,,,,,,,,,2.0,Redemption,,,,,,,2.0,,,,,,,,1.0,,,,,,None,None,,,,,,,,,,,,,,,,,,,,,,,,,,,,,,,,,,,,
3,EUW1_5972812088,TFT7_Augment_BandOfThieves1,TFT6_Augment_TradeSectorPlus,TFT6_Augment_TomeOfTraits1,0.0,1.0,,1.0,,0.0,,,,,5.0,,,1.0,,0.0,,,,,,,,1.0,,,,0.0,,,,,,,,,,,,,,,,,,,,,,,,,,,,,,,,,,,,,,,,,,,,,,,,,,,,,,,,,,,,,,,,,,,,,,,,,3.0,WarmogsArmor,TitansResolve,DragonsClaw,,,,,,,,,,,,,,,,,,,,,,,,,,,,,3.0,GuildEmblemItem,,,,,,,,,,,,,,,,,,,,,,,,,,,,,,,2.0,,,,1.0,,,,,,,,,,,,,,,,,,,,,,,,,,,,,,,,,,,,2.0,ThiefsGloves,ChainVest,BrambleVest,,,,,1.0,InfinityEdge,,,,,,,,,,,,,None,None,,,,,2.0,RunaansHurricane,UnstableConcoction,,3.0,GuinsoosRageblade,MadredsBloodrazor,Quicksilver,,,,,,,,,,,,,,,,,,,,,,,,
6,EUW1_5972812088,TFT6_Augment_Electrocharge1,TFT7_Augment_BruiserEmblem,TFT6_Augment_SunfireBoard,1.0,1.0,,2.0,,,1.0,,0.0,,1.0,,0.0,1.0,,0.0,0.0,,,,,,,,1.0,,0.0,0.0,,,,,,,,,,,,,,,,,1.0,MageEmblemItem,GuinsoosRageblade,MadredsBloodrazor,,,,,,,,,,,,,,,,,,,,,,,,,,,,,,,,,,,,,,,,,,,,,,,,,,,,,,,,,,,,,,,,,,,,,,,,,,,,,,,,,,,,,2.0,,,,,,,,,,,,,,,,,,,,2.0,,,,,,,,2.0,,,,,,,,,,,,,,,,,,,,2.0,WarmogsArmor,IonicSpark,GargoyleStoneplate,,,,,,,,,,,,,,,,,,,,,2.0,ThiefsGloves,GiantsBelt,Zephyr,,,,,2.0,BruiserEmblemItem,BFSword,,,,,,,,,,,,None,None,,,,,,,,,,,,,,,,,,,,,,,,,,,,,,,,,,,,
5,EUW1_5972099025,TFT7_Augment_GuildEmblem,TFT7_Augment_CursedCrown,TFT7_Augment_GuildTrait,1.0,,,1.0,,1.0,,,,,6.0,,0.0,0.0,,,1.0,,,,,,,1.0,1.0,,0.0,,,,,,,,,,,,,,,,,,,,,,,,,,,,,,,,,,,,,,,,,,,,,,,,,,,,,,,,,,,,,,,,,,1.0,,,,,,,,,,,,,,,,,,,,,,,,,,,,,,,,,,,,,,,,,,,,,,,,,,,,,,,,,,,,1.0,,,,,,,,1.0,Shroud,,,2.0,ZekesHerald,,,2.0,,,,,,,,,,,,2.0,,,,,,,,,,,,,,,,,,,,,,,,,,,,,,,,1.0,RedBuff,InfinityEdge,Bloodthirster,,,,,,,,,,,None,None,,,,,2.0,,,,,,,,,,,,,,,,1.0,MadredsBloodrazor,GuildEmblemItem,GuinsoosRageblade,,,,,,,,,,,,
3,EUW1_5972099025,TFT6_Augment_Distancing2,TFT6_Augment_Electrocharge3,TFT7_Augment_MirageTrait,,,,,,2.0,1.0,0.0,,1.0,,,,0.0,4.0,,0.0,,0.0,,,,,,,,0.0,,,,,,,,,,,,,,,,,,,,,,,,,,2.0,TitanicHydra,,,,,,,,,,,2.0,GuinsoosRageblade,MadredsBloodrazor,ArchangelsStaff,,,,,,,,,,,,,,,,,,,,,,,,,1.0,,,,,,,,,,,,,,,,,,,,,,,,,,,,2.0,TitanicHydra,,,2.0,MirageEmblemItem,,,,,,,,,,,,,,,,,,,2.0,RedBuff,GargoyleStoneplate,Quicksilver,,,,,,,,,,,,,,,,,,,,,,,,,,,,,,,,,,,,,,,,,,,,,,,,,,,,,,,,,,,,,,,,,,,,,,,,,,,,,,,None,None,,,,,,,,,,,,,,,,,,,,,,,,,1.0,Chalice,,,,,,,,,,
8,EUW1_5972099025,TFT6_Augment_TomeOfTraits1,TFT6_Augment_MaxLevel10,TFT7_Augment_BestFriends1,0.0,,1.0,1.0,,2.0,,,,,3.0,,0.0,,,0.0,1.0,,,,,,,1.0,1.0,,0.0,,,,,,,,,,,,,,,,,,,,,,1.0,CavalierEmblemItem,,,,,,,,,,,,,,,,,,,,,,,,,,,,,,,,,,,,,,,,,,,1.0,,,,,,,,,,,,,,,,,,,,,,,,,,,,,,,,,,,,,,,,,,,,,,,,,,,,,,,,,,,,2.0,,,,,,,,1.0,,,,,,,,1.0,,,,,,,,,,,,1.0,,,,,,,,,,,,,,,,,,,,,,,,,,,,,,,,,,,,,,,,,,,,,,None,None,,,,,2.0,,,,,,,,,,,,,,,,2.0,GuinsoosRageblade,MadredsBloodrazor,Quicksilver,,,,,,,,,,,,
1,EUW1_5972099025,TFT7_Augment_SwiftshotPressTheAttack,TFT7_Augment_BestFriends3,TFT7_Augment_BestFriends1,1.0,,1.0,1.0,,1.0,,,,,4.0,,0.0,,,0.0,1.0,,,,,,,1.0,1.0,,0.0,,,,,,,,,,,,,,,,,,,,,,2.0,,,,,,,,,,,,,,,,,,,,,,,,,,,,,,,,,,,,,,,,,,,,2.0,,,,,,,,,,,,,,,,,,,,,,,,,,,,,,,,,,,,,,,,,,,,,,,,,,,,,,,,,,,,2.0,RedBuff,GargoyleStoneplate,,,,,,2.0,RedBuff,,,,,,,2.0,Zephyr,,,,,,,,,,,2.0,Shroud,,,,,,,,,,,,,,,,,,,,,,,,,,,,,,,2.0,LastWhisper,UnstableConcoction,FrozenHeart,,,,,,,,,,,None,None,,,,,2.0,,,,,,,,,,,,,,,,2.0,MadredsBloodrazor,StatikkShiv,GuinsoosRageblade,,,,,,,,,,,,
7,EUW1_5972099025,TFT6_Augment_PortableForge,TFT6_Augment_HighEndShopping,TFT6_Augment_PandorasItems,,,,1.0,,,1.0,0.0,,,1.0,,0.0,,0.0,,2.0,,,1.0,,,,1.0,0.0,,1.0,,,,,,,,,,,,,,,,,,,,,,,,,,,,,,,,,,,,,,,,,,,,,,,,,,,,,,,,,,,,,,,,,,,,,,,,,,,,,,,,,,,,,,,,,,,,,,,,,,,,,,,,,,,,,,,,,,,,,,,,,,,,,,2.0,FrozenHeart,,,,,,,,,,,,,,,,,,,,,,,,,,,1.0,,,,1.0,OrnnAnimaVisage,RedBuff,FrozenHeart,,,,,,,,,,,,,1.0,,,,,,,,,,,,,,,,,,,,,,,,,,None,None,,,,,1.0,,,,,,,,,,,,,,,,2.0,Quicksilver,MadredsBloodrazor,GuinsoosRageblade,1.0,ThiefsGloves,Quicksilver,Deathblade,,,,,,,,
4,EUW1_5972099025,TFT7_Augment_AssassinEmblem,TFT6_Augment_RadiantRelics,TFT7_Augment_BruiserTrait,2.0,,,2.0,,,1.0,,,,1.0,,0.0,0.0,,,,,,0.0,,,,,1.0,,,3.0,,,,,,,,,,,,,,,,,,,,,,,,,,,,,,,,,,,,,,,,,,,,,,,,,2.0,InfinityEdge,AssassinEmblemItem,Bloodthirster,1.0,,,,,,,,,,,,,,,,,,,,,,,,,,,,,,,,,,,,,,,,,,,,,,,,,,,,,,,,,,,,,,,,,,,,,,,,1.0,SunfireCapeRadiant,GargoyleStoneplate,WarmogsArmor,1.0,SpearOfShojin,,,2.0,ZekesHerald,,,,,,,,,,,,,,,,,,,,,,,,,,,,,,,,,,,,,,,,,,,2.0,,,,,,,,2.0,InfinityEdge,GuinsoosRageblade,RunaansHurricane,,,,,,,,,,,None,None,,,,,,,,,,,,,,,,,,,,,,,,,,,,,,,,,,,,
6,EUW1_5972099025,TFT6_Augment_CyberneticUplink2,TFT6_Augment_RadiantRelics,TFT6_Augment_CyberneticUplink1,1.0,,,1.0,,,1.0,,,0.0,,,,0.0,,,0.0,,,,,,,,0.0,,0.0,3.0,,,,,,,,,,,,,,,,,,,,,,,,,,,,,,,,,,,,,,,,,,,,,,,,,1.0,InfinityEdge,Quicksilver,Bloodthirster,,,,,,,,,,,,,,,,,,,,,,,,,,,,,,,,,,,,,,,,,,,,,,,,,,,,,,,,,,,,,,,,,,,,,,,,,,,,,1.0,ThiefsGlovesRadiant,GargoyleStoneplateRadiant,SpearOfShojinRadiant,2.0,FrozenHeart,,,,,,,,,,,,,,,,,,,2.0,BrambleVest,,,,,,,,,,,,,,,,,,,,,,,2.0,Redemption,,,,,,,,,,,,,,,1.0,TitanicHydra,,,,,None,None,,,,,,,,,,,,,,,,,,,,,,,,,,,,,,,,,,,,
2,EUW1_5972099025,TFT6_Augment_Traitless2,TFT6_Augment_Traitless3,TFT6_Augment_Traitless1,,,1.0,0.0,0.0,0.0,,0.0,0.0,,1.0,0.0,0.0,,0.0,1.0,0.0,0.0,,0.0,,,,0.0,0.0,0.0,0.0,,,,,,,,,,,,,,,,,,,,,,1.0,,,,,,,,2.0,InfinityEdge,,,,,,,,,,,,,,,,,,,,,,,,,,,,,,,,,,,2.0,,,,,,,,,,,,,,,,,,,,,,,,,,,,,,,,,,,,2.0,LocketOfTheIronSolari,,,,,,,2.0,GargoyleStoneplate,DragonsClaw,RedBuff,,,,,,,,,,,,,2.0,,,,,,,,,,,,,,,,,,,,,,,,,,,,,,,,,,,,,,,,,,,,,,,,,,,,,,,,,,,,,,,,,,,,,,,,,,None,None,,,,,,,,,,,,,,,,,,,,,2.0,UnstableConcoction,MadredsBloodrazor,GuinsoosRageblade,1.0,UnstableConcoction,GuardianAngel,TitansResolve,,,,,,,,
3,EUW1_5972741434,TFT6_Augment_PortableForge,TFT7_Augment_BestFriends1,TFT6_Augment_Weakspot,,,,1.0,,,1.0,1.0,,,,0.0,0.0,,,,2.0,,,1.0,,,,,1.0,,0.0,,,,,,,,,,,,,,,,,,,,,,,,,,,,,,,,,,,,,,,,,,,,,,,,,,,,,,,,,,,,,,,,,,,,,,,,,,,,,,,,,,,,,,,,,,2.0,RapidFireCannon,,,,,,,,,,,,,,,,,,,2.0,WarmogsArmor,DragonsClaw,OrnnAnimaVisage,,,,,,,,,,,,,2.0,FrozenHeart,,,,,,,,,,,,,,,,,,,,,,,2.0,,,,2.0,,,,1.0,FrozenHeart,IonicSpark,GuardianAngel,,,,,,,,,,,,,2.0,RapidFireCannon,GuinsoosRageblade,JeweledGauntlet,,,,,,,,,,,,,,,,,,,,,,,None,None,,,,,,,,,,,,,,,,,,,,,,,,,,,,,,,,,,,,
2,EUW1_5972741434,TFT6_Augment_CyberneticUplink2,TFT6_Augment_PandorasItems,TFT6_Augment_Diversify1,,,,,,4.0,1.0,0.0,,1.0,1.0,,,,4.0,,0.0,,,,,,,,,,1.0,0.0,,,,,,,,,,,,,,,,,,,,,,,,,,,,,,,,,,,,,2.0,GuinsoosRageblade,RapidFireCannon,,,,,,,,,,,,,,,,,,,,,,,,,,2.0,MirageEmblemItem,Redemption,,,,,,,,,,,,,,,,,,,,,,,,,,1.0,ZekesHerald,WarmogsArmor,,,,,,,,,,,,,,,,,,,,,,2.0,ThiefsGloves,RunaansHurricane,SeraphsEmbrace,,,,,,,,,,,,,,,,,,,,,2.0,RedBuff,,,,,,,,,,,,,,,,,,,,,,,,,,,,,,,,,,,,,,,,,,,,,,,,,,,1.0,TearOfTheGoddess,,,,,None,None,,,,,,,,,,,,,,,,,,,,,,,,,2.0,FrozenHeart,BrambleVest,CavalierEmblemItem,2.0,CavalierEmblemItem,,,,,,
6,EUW1_5972741434,TFT6_Augment_ThrillOfTheHunt2,TFT7_Augment_BandOfThieves1,TFT7_Augment_WhispersTrait,,,,1.0,,,1.0,0.0,,,,0.0,,0.0,,,0.0,,,2.0,,,,,,,,3.0,,,,,,,,,,,,,,,,,,,,,,,,,,,,,,,,,,,,,,,,,,,,,,,,,1.0,TitansResolve,Bloodthirster,TitansResolve,3.0,Quicksilver,GuinsoosRageblade,ArchangelsStaff,,,,,2.0,,,,,,,,,,,,,,,,,,,,,,,,,,,,,,,,,,,,,,,,,,,,,,,,1.0,,,,,,,,,,,,,,,,,,,,,,,,,,,,,,,,,,,,,,,,,,,,,,,,,,,,,,,,,,,,,,,,2.0,RecurveBow,,,2.0,ThiefsGloves,TearOfTheGoddess,SpearOfShojin,,,,,,,,,,,,,,,,,,,None,None,,,,,,,,,,,,,,,,,,,,,,,,,,,,,,,,,,,,
4,EUW1_5972741434,TFT6_Augment_PortableForge,TFT6_Augment_ThrillOfTheHunt1,TFT7_Augment_BestFriends1,0.0,,,,,2.0,1.0,0.0,,,2.0,,,,3.0,,0.0,,,,,,,,,,1.0,,,,,,,,,,,,,,,,,,,,,,,,,,,,,,,,,,,,,,1.0,Quicksilver,GuinsoosRageblade,StatikkShiv,,,,,,,,,,,,,,,,,,,,,,,,,1.0,,,,,,,,,,,,,,,,,,,,,,,,,,,,,,,,,,,,,,,,,,,,,,,,,,,,3.0,Redemption,DragonsClaw,RedBuff,,,,,,,,,,,,,,,,,,,,,2.0,OrnnRocketPropelledFist,Redemption,,,,,,,,,,,,,,,,,,,,,,,,,,,,,,,,,,,,,,,,,,2.0,DragonsClaw,Redemption,,,,,,,,,,,,None,None,,,,,,,,,,,,,,,,,,,,,,,,,1.0,GuardianAngel,RunaansHurricane,TitansResolve,1.0,,,,,,,
1,EUW1_5972741434,TFT7_Augment_GuildEmblem,TFT6_Augment_Diversify1,TFT7_Augment_BandOfThieves1,,,1.0,1.0,,1.0,1.0,0.0,,,3.0,,0.0,1.0,1.0,0.0,,,0.0,,0.0,1.0,,,2.0,,0.0,0.0,,,,,,,,,2.0,SpearOfShojin,HextechGunblade,ArchangelsStaff,,,,,,,,,1.0,ZekesHerald,,,,,,,,,,,,,,,,,,,,,,,,,,,,,,,,,,,,,,,,,,,,,,,,,,,,,,,,,,,,,,,,,,,,,,,,,,,2.0,GuildEmblemItem,RedBuff,Shroud,,,,,,,,,,,,,,,,,,,,,,,,,2.0,ThiefsGloves,GuinsoosRageblade,MadredsBloodrazor,,,,,,,,,,,,,2.0,TitanicHydra,,,,,,,,,,,,,,,,,,,,,,,,,,,,,,,,,,,2.0,ThiefsGloves,Quicksilver,RabadonsDeathcap,,,,,,,,,,,,,,,,,,,None,None,,,,,,,,,,,,,,,,,,,,,,,,,1.0,RedBuff,GargoyleStoneplate,Bloodthirster,,,,,1.0,MirageEmblemItem,,
5,EUW1_5972741434,TFT7_Augment_GadgetExpert,TFT6_Augment_Diversify1,TFT6_Augment_Meditation1,,,1.0,,1.0,,1.0,,1.0,1.0,1.0,,,,,1.0,,2.0,,,1.0,,,,,0.0,,0.0,,,,,,,,,,,,,,,,,,,,,2.0,,,,,,,,2.0,StatikkShiv,Quicksilver,StatikkShiv,,,,,,,,,2.0,ShimmerscaleMogulsMail,GargoyleStoneplate,RedBuff,,,,,,,,,,,,,,,,,,,,,,,,,,,,,,,,,1.0,ZekesHerald,ZekesHerald,,,,,,,,,,,,,,,,,,,,,,2.0,,,,,,,,,,,,,,,,,,,,,,,,,,,,,,,,,,,,,,,,,,,,,,,,,,,,,,,,,,,,,,,,1.0,SeraphsEmbrace,Morellonomicon,NeedlesslyLargeRod,,,,,,,,,,,,,,,,,,,,,,,,,2.0,Zephyr,Bloodthirster,,,,None,None,,,,,,,,,,,,,,,,,,,,,,,,,,,,,,,,,,,,
8,EUW1_5972741434,TFT7_Augment_CannoneerRicochet,TFT6_Augment_Distancing,TFT6_Augment_Weakspot,,,,,2.0,,1.0,,1.0,1.0,,,,,,0.0,,2.0,0.0,,1.0,,,,,1.0,,,,,,,,,,,,,,,,,,,,,,,,,,,1.0,TitanicHydra,,,1.0,GuinsoosRageblade,SpearOfShojin,HextechGunblade,,,,,,,,,1.0,ShimmerscaleMogulsMail,DragonsClaw,,,,,,,,,,,,,,,,,,,,,,,,,,,,,,,,,,2.0,,,,,,,,,,,,,,,,,,,,,,,,2.0,,,,,,,,,,,,,,,,,,,,,,,,,,,,,,,,,,,,,,,,,,,,,,,,,,,,,,,,,,,,,,,,1.0,,,,,,,,,,,,,,,,,,,,,,,,,,,,,,,,3.0,TrainerSnax,None,None,2.0,,,,,,,,,,,,,,,,,,,,,,,,,,,,,,,,,,,
7,EUW1_5972741434,TFT6_Augment_TriForce2,TFT7_Augment_ShimmerscaleEmblem,TFT7_Augment_BandOfThieves1,1.0,,,,,,1.0,1.0,,0.0,,,0.0,,,,0.0,,,0.0,3.0,,,,0.0,,0.0,0.0,1.0,,,,,,,,,,,,,,,,,,,,,,,,,,,,,,,,,,,,,,,,1.0,ShimmerscaleMogulsMail,BrambleVest,,,,,,,,,,,,,,,,,,,,,,,,,,,,,,,,,,,,,,,,,,2.0,ThiefsGloves,RecurveBow,Chalice,2.0,ShimmerscaleEmblemItem,ShimmerscaleGoldmancersStaff,ShimmerscaleHeartOfGold,,,,,,,,,,,,,,,,,,,,,,,,,,,,,,,,,,,,,1.0,,,,,,,,,,,,,,,,,,,,,,,,,,,,,,,,,,,,,,,,,,,,2.0,ThiefsGloves,NegatronCloak,DragonsClaw,,,,,,,,,,,,,,,,,,,,,,,None,None,,,,,,,,,,,,,,,,,2.0,Bloodthirster,Quicksilver,GuinsoosRageblade,,,,,,,,,,,,,,,,
7,EUW1_5972586918,TFT7_Augment_BandOfThieves1,TFT6_Augment_Diversify1,TFT7_Augment_BruiserEmblem,1.0,0.0,,2.0,,,,,,,2.0,,0.0,,,,0.0,,0.0,,,,,1.0,1.0,,1.0,,,,,,,,,,,,,,,,,,,,,,,,,,,,,,,,,,,,,,,,,,,,,,,,,,,,,,,,,,,,,,,,,,,,,,,,,,,,,,,,,,,,,,,,,,,,,,,,,,,,,,,,,,,,,,,,,,,,,,,,,,2.0,ThiefsGloves,ChainVest,IonicSpark,1.0,ThiefsGloves,LocketOfTheIronSolari,TitanicHydra,,,,,2.0,,,,,,,,,,,,,,,,,,,,2.0,ChainVest,,,,,,,,,,,,,,,,,,,,,,,,,,,,,,,2.0,RedBuff,BruiserEmblemItem,,,,,,,,,,,,None,None,,,,,2.0,PowerGauntlet,,,2.0,MadredsBloodrazor,GuinsoosRageblade,UnstableConcoction,,,,,,,,,,,,,,,,,,,,,,,,
2,EUW1_5972586918,TFT7_Augment_MysticTrait,TFT7_Augment_BestFriends1,TFT6_Augment_SalvageBin,1.0,0.0,,1.0,,0.0,,,,,2.0,,0.0,0.0,,1.0,1.0,,,,,,,1.0,1.0,,0.0,,,,,,,,,,,,,,,,,,,,,,,,,,,,,,,,,,,,,,,,,,,,,,,,,,,,,,,,,,,,,,,,,,2.0,,,,,,,,,,,,,,,,,,,,,,,,,,,,,,,,,,,,,,,,3.0,,,,,,,,,,,,,,,,,,,,2.0,ThiefsGloves,StatikkShiv,StatikkShiv,,,,,2.0,HextechGunblade,,,,,,,,,,,,,,,,,,,2.0,RedBuff,Zephyr,,,,,,,,,,,,,,,,,,,,,,,,,,,,,,2.0,TitansResolve,BrambleVest,LastWhisper,,,,,,,,,,,None,None,,,,,2.0,,,,,,,,,,,,,,,,2.0,GuinsoosRageblade,InfinityEdge,MadredsBloodrazor,,,,,,,,,,,,
6,EUW1_5972586918,TFT6_Augment_CelestialBlessing1,TFT6_Augment_Electrocharge1,TFT6_Augment_BlueBattery2,,,,,3.0,,,,0.0,1.0,,,,,,0.0,0.0,1.0,0.0,,,,,,,1.0,,0.0,,,,,,,,,,,,,,,,,,,,,,,,,3.0,WarmogsArmor,FrozenHeart,WarmogsArmor,1.0,,,,,,,,,,,,,,,,,,,,,,,,,,,,,,,,,,,,,,,,,,,,,,,,3.0,RabadonsDeathcap,,,,,,,,,,,,,,,,,,,,,,,2.0,,,,,,,,,,,,,,,,,,,,,,,,,,,,,,,,,,,,,,,,,,,,1.0,,,,,,,,,,,,,,,,,,,,,,,,,,,,,,,,,,,,,,,,,,,,,,,,2.0,Shroud,,,4.0,TrainerSnax,None,None,3.0,GuinsoosRageblade,MadredsBloodrazor,GuardianAngel,,,,,,,,,,,,,,,,,,,,,,,,,,,,,,,,
4,EUW1_5972586918,TFT7_Augment_MirageTrait,TFT6_Augment_Diversify1,TFT7_Augment_GadgetExpert,,,1.0,,,2.0,1.0,0.0,,,2.0,,,,3.0,0.0,0.0,,,,,,,,,,1.0,,,,,,,,,,,,,,,,,,,,,,1.0,ZekesHerald,Chalice,,,,,,,,,,,,,,2.0,JeweledGauntlet,StatikkShiv,StatikkShiv,,,,,,,,,,,,,,,,,,,,,,,,,2.0,,,,,,,,,,,,,,,,,,,,,,,,,,,,,,,,,,,,,,,,,,,,,,,,,,,,2.0,DragonsClaw,RedBuff,Redemption,,,,,,,,,,,,,,,,,,,,,1.0,,,,,,,,,,,,,,,,,,,,,,,,,,,,,,,,,,,,,,,,,,,,,,,,,,,,,,,,,,None,None,,,,,,,,,,,,,,,,,,,,,,,,,1.0,RapidFireCannon,,,2.0,RapidFireCannon,,,,,,
1,EUW1_5972586918,TFT7_Augment_BruiserTrait,TFT6_Augment_LudensEcho1,TFT7_Augment_BestFriends2,,,,3.0,,,1.0,,,,1.0,,0.0,1.0,,,0.0,,0.0,,0.0,1.0,,,2.0,,1.0,0.0,,,,,,,,,1.0,SpearOfShojin,ArchangelsStaff,RabadonsDeathcap,,,,,,,,,,,,,,,,,,,,,,,,,,,,,,,,,,,,,,,,,,,,,,,,,,,,,,,,,,,,,,,,,,,,,,,,,,,,,,,,,,,,,,,,,,,,,,,,,,,,,,,,,,,,,2.0,,,,2.0,,,,,,,,,,,,2.0,,,,,,,,,,,,,,,,2.0,,,,,,,,,,,,,,,,,,,,,,,,2.0,DragonsClaw,BrambleVest,RedBuff,,,,,,,,,,,,,,,,,,,None,None,,,,,,,,,,,,,,,,,,,,,,,,,,,,,,,,,2.0,SpearOfShojin,RunaansHurricane,BruiserEmblemItem
5,EUW1_5972586918,TFT7_Augment_AstralTrait,TFT6_Augment_FirstAidKit,TFT7_Augment_BigFriend2,,3.0,,1.0,,,1.0,,0.0,,1.0,,,1.0,,0.0,,,,,,,,1.0,,,,,,,,,,,,,,,,,,,,,1.0,MageEmblemItem,Quicksilver,NeedlesslyLargeRod,,,,,,,,,,,,,,,,,,,,,,,,,,,,,,,,,,,,,,,,,,,,,,,,,,,,,3.0,Redemption,RedBuff,,,,,,,,,,,,,,,,,,,,,,,,,,,,,,3.0,SpearOfShojin,,,,,,,,,,,,,,,,,,,,,,,,,,,,,,,,,,,,,,,,,,,,,,,,,,,,,,,3.0,,,,,,,,,,,,,,,,,,,,,,,,,,,,,,,,,,,,,,None,None,,,,,1.0,,,,3.0,GuinsoosRageblade,MadredsBloodrazor,MadredsBloodrazor,3.0,,,,,,,,,,,,,,,,,,,,,,,
3,EUW1_5972586918,TFT7_Augment_MysticTrait,TFT6_Augment_Diversify1,TFT6_Augment_ComponentGrabBag,0.0,,1.0,,,,1.0,0.0,1.0,1.0,1.0,,,,1.0,2.0,0.0,0.0,,,2.0,,,,,0.0,1.0,,1.0,ThiefsGloves,Quicksilver,Deathblade,,,,,,,,,,,,,,,,,1.0,ShimmerscaleHeartOfGold,,,,,,,,,,,,,,,,,,,2.0,DragonsClaw,ShimmerscaleMogulsMail,RedBuff,,,,,,,,,,,,,,,,,,,,,,,,,,,,,,,,,,,,,,,,,2.0,FrozenHeart,,,,,,,1.0,FrozenHeart,,,,,,,1.0,,,,,,,,,,,,,,,,,,,,,,,,,,,,,,,,,,,,,,,,,,,,,,,,,,,,,,,,,,,,,,,,2.0,Morellonomicon,StatikkShiv,UnstableConcoction,,,,,,,,,,,,,,,,,,,,,,,,,,,,,,,None,None,,,,,,,,,,,,,,,,,,,,,,,,,2.0,SeraphsEmbrace,RabadonsDeathcap,Bloodthirster,,,,,,,,
8,EUW1_5972586918,TFT7_Augment_AFK,TFT6_Augment_Weakspot,TFT6_Augment_Diversify2,,,,0.0,,1.0,1.0,,,0.0,2.0,,,,3.0,,0.0,,,,,,,,,,1.0,,,,,,,,,,,,,,,,,,,,,,,,,,,,,,,,,,,,,,1.0,SpearOfShojin,GuinsoosRageblade,RabadonsDeathcap,,,,,,,,,,,,,,,,,,,,,,,,,,,,,,,,,,,,,,,,,,,,,,,,,,,,,2.0,,,,,,,,,,,,,,,,,,,,,,,,2.0,,,,,,,,,,,,,,,,,,,,,,,,2.0,,,,,,,,,,,,2.0,GargoyleStoneplate,GuildEmblemItem,,,,,,,,,,,,,,,,,,,,,,,,,,,,,,,,,,,,,,,,,,,,None,None,,,,,,,,,,,,,,,,,,,,,,,,,,,,,3.0,UnstableConcoction,InfinityEdge,JeweledGauntlet,,,,
7,EUW1_5972591539,TFT7_Augment_AssassinEmblem,TFT6_Augment_HighEndShopping,TFT6_Augment_TomeOfTraits1,2.0,,,1.0,,,1.0,,,,2.0,,0.0,,,,0.0,,0.0,,,,,,1.0,,0.0,1.0,,,,,,,,,,,,,,,,,,,,,,,,,,,,,,,,,2.0,GuildEmblemItem,NeedlesslyLargeRod,,,,,,,,,,,,,,1.0,InfinityEdge,AssassinEmblemItem,UnstableConcoction,,,,,,,,,,,,,,,,,,,,,,,,,,,,,,,,,,,,,,,,,,,,,,,,,,,,,,,,,,,,,,,,,,,,,,,,,2.0,,,,,,,,1.0,,,,,,,,,,,,,,,,,,,,2.0,,,,,,,,,,,,,,,,,,,,,,,,,,,,,,,,1.0,RedBuff,IonicSpark,,,,,,,,,,,,None,None,,,,,,,,,,,,,,,,,,,,,,,,,,,,,,,,,,,,
1,EUW1_5972591539,TFT7_Augment_EvokerEssenceTheft,TFT7_Augment_CursedCrown,TFT7_Augment_MageEmblem,,0.0,,1.0,,0.0,1.0,,0.0,,1.0,,0.0,3.0,,1.0,,,0.0,,0.0,1.0,,,2.0,1.0,,0.0,,,,,,,,,2.0,SpearOfShojin,MageEmblemItem,GuardianAngel,,,,,,,,,,,,,,,,,,,,,,,,,,,,,,,,,,,,,,,,,,,,,,,,,,,,,,,,,1.0,,,,,,,,,,,,,,,,,,,,,,,,,,,,2.0,TitanicHydra,,,2.0,,,,3.0,ThiefsGloves,WarmogsArmor,GargoyleStoneplate,,,,,,,,,,,,,,,,,2.0,RedBuff,,,,,,,,,,,2.0,JeweledGauntlet,,,,,,,,,,,,,,,,,,,,,,,,,,,,,,,,,,,,,,,2.0,WarmogsArmor,IonicSpark,Bloodthirster,,,,,,,,,,,,,,,,,4.0,TrainerSnax,None,None,,,,,,,,,,,,,,,,,,,,,,,,,,,,,,,,,1.0,,,
5,EUW1_5972591539,TFT6_Augment_ThreesCompany,TFT6_Augment_ThriftShop,TFT7_Augment_BigFriend2,1.0,,,1.0,,,1.0,,,0.0,1.0,0.0,,0.0,,,,,,1.0,,,,,0.0,,,3.0,,,,,,,,,,,,,,,,,,,,,,,,,,,,,,,,,,,,,,,,,,,,,,,,,2.0,MadredsBloodrazor,Bloodthirster,Quicksilver,2.0,UnstableConcoction,NeedlesslyLargeRod,,,,,,,,,,,,,,,,,,,,,,,,,,,,,,,,,,,,,,,,,,,,,,,,,,,,,,2.0,GargoyleStoneplate,,,,,,,,,,,,,,,,,,,,,,,1.0,,,,,,,,,,,,,,,,,,,,,,,,,,,,,,,,,,,,,,,,,,,,2.0,,,,,,,,1.0,FrozenHeart,,,,,,,2.0,,,,,,None,None,,,,,,,,,,,,,,,,,,,,,,,,,,,,,,,,,,,,
2,EUW1_5972591539,TFT7_Augment_GadgetExpert,TFT6_Augment_ForceOfNature,TFT7_Augment_BestFriends2,,0.0,,,1.0,,1.0,,1.0,0.0,,,,1.0,,1.0,,1.0,,,1.0,,,,,2.0,,,,,,,,,,,,,,,,,,,,,,,,,,,,,,,2.0,HextechGunblade,InfinityEdge,GuinsoosRageblade,,,,,,,,,2.0,GargoyleStoneplate,DragonsClaw,FrozenHeart,,,,,,,,,,,,,,,,,,,,,,,,,2.0,,,,,,,,,,,,,,,,,,,,,,,,,,,,,,,,2.0,,,,1.0,,,,,,,,,,,,,,,,,,,,,,,,,,,,,,,,,,,,,,,,,,,,,,,,,,,,,,,,,,,,2.0,MageEmblemItem,StatikkShiv,UnstableConcoction,,,,,,,,,,,,,,,,,,,,,,,,,,,,,4.0,TrainerSnax,None,None,2.0,StatikkShiv,ShimmerscaleGoldmancersStaff,,,,,,,,,,,,,,,,,,,,,,,,,,,,,,,,,
3,EUW1_5972591539,TFT7_Augment_GadgetExpert,TFT6_Augment_MakeshiftArmor3,TFT6_Augment_SunfireBoard,,0.0,,2.0,,,1.0,,,,1.0,,0.0,1.0,,,0.0,,,,0.0,1.0,,,2.0,,0.0,0.0,,,,,,,,,1.0,SpearOfShojin,ArchangelsStaff,HextechGunblade,,,,,,,,,,,,,,,,,,,,,,,,,,,,,,,,,,,,,,,,,,,,,,,,,,,,,,,,,,,,,2.0,,,,,,,,,,,,,,,,,,,,,,,,,,,,,,,,,,,,,,,,,,,,,,,,,,,,2.0,BrambleVest,,,,,,,,,,,2.0,Chalice,InfinityEdge,,,,,,,,,,,,,,2.0,,,,,,,,,,,,,,,,,,,,,,,,1.0,,,,,,,,,,,,,,,,,,,,,,None,None,,,,,,,,,,,,,,,,,,,,,,,,,,,,,,,,,2.0,SpearOfShojin,GuinsoosRageblade,StatikkShiv
8,EUW1_5972591539,TFT7_Augment_ClutteredMind,TFT7_Augment_CursedCrown,TFT6_Augment_ComponentGrabBag,,,,0.0,,4.0,1.0,,,0.0,2.0,,,1.0,3.0,,0.0,,0.0,,,,,,,,0.0,0.0,,,,,,,,,,,,,,,,,,,,,,,,,,,,,,,,,,,,,1.0,SpearOfShojin,HextechGunblade,ArchangelsStaff,,,,,,,,,,,,,,,,,,,,,,,,,1.0,ZekesHerald,,,,,,,,,,,,,,,,,,,,,,,,,,,1.0,,,,2.0,HextechGunblade,,,,,,,,,,,,,,,,,,,2.0,,,,,,,,,,,,,,,,,,,,2.0,,,,2.0,,,,,,,,,,,,,,,,,,,,,,,,,,,,,,,,,,,,1.0,RedBuff,CavalierEmblemItem,NegatronCloak,,,,,,,,,,,,,,,,,,,None,None,,,,,,,,,,,,,,,,,,,,,,,,,,,,,1.0,,,,,,,
4,EUW1_5972591539,TFT6_Augment_TargetDummies,TFT6_Augment_GrandGambler,TFT6_Augment_ComponentGrabBag,,,,,,0.0,1.0,1.0,,,,1.0,,,,,2.0,,,2.0,,,,0.0,,,,,,,,,,,,,,,,,2.0,SpearOfShojin,ZekesHerald,,,,,,,,,,,,,,,,,,,,,,,,,,,,,,,,,,,,,,,,,,,,,,2.0,,,,2.0,,,,,,,,,,,,,,,,,,,,,,,,,,,,,,,,,,,,,,,,,,,,2.0,FrozenHeart,RedBuff,,,,,,,,,,,,,,,,,,,,,,,,,,,,,,,,,,,,,,2.0,,,,,,,,1.0,RabadonsDeathcap,GuardianAngel,,,,,,,,,,,,,,3.0,StatikkShiv,RapidFireCannon,MadredsBloodrazor,,,,,,,,,,,,,,,,,,,,,,,None,None,,,,,,,,,,,,,,,,,,,,,,,,,,,,,,,,,,,,
6,EUW1_5972591539,TFT7_Augment_GuildEmblem,TFT6_Augment_GrandGambler,TFT7_Augment_BigFriend2,0.0,,1.0,0.0,,0.0,1.0,,,0.0,6.0,,,0.0,,0.0,,,,,,,,0.0,,,,2.0,,,,,,,,,,,,,,,,,,,,,1.0,,,,,,,,,,,,,,,,,,,,,,,,,,,,2.0,GuildEmblemItem,TitansResolve,Bloodthirster,,,,,,,,,,,,,,,,,,,,,,,,,,,,,,,,,,,,,,,,,,,,,,,,,,,,,,,,,,,,,,,,,,,,,,,,,,,,,,,,,,,,,2.0,,,,2.0,,,,,,,,,,,,,,,,,,,,,,,,,,,,,,,,,,,,,,,,,,,,2.0,UnstableConcoction,InfinityEdge,Deathblade,,,,,2.0,FrozenHeart,WarmogsArmor,,,,None,None,,,,,2.0,,,,,,,,,,,,,,,,,,,,,,,,,,,,,,,
8,EUW1_5972716383,TFT6_Augment_PortableForge,TFT7_Augment_TempestEmblem,TFT6_Augment_SecondWind2,0.0,0.0,,1.0,,,,0.0,,,2.0,,0.0,1.0,0.0,0.0,,,,,,,,1.0,2.0,,0.0,0.0,,,,,,,,,,,,,,,,,,,,,,,,,,,,,,,,,,,,,,,,,,,,,,,,,,,,,,,,,2.0,HextechGunblade,SpearOfShojin,NeedlesslyLargeRod,,,,,,,,,,,,,,,,,,,,,,,,,,,,,,,,,,,,,,,,,,,,,2.0,,,,,,,,,,,,,,,,,,,,1.0,GargoyleStoneplate,,,,,,,2.0,,,,1.0,,,,,,,,,,,,,,,,,,,,,,,,,,,,,,,,,,,,,,,,2.0,GargoyleStoneplate,OrnnEternalWinter,TempestEmblemItem,,,,,,,,,,,,,,,,,,,None,None,,,,,1.0,,,,,,,,,,,,,,,,,,,,1.0,,,,,,,,,,,
3,EUW1_5972716383,TFT6_Augment_Twins2,TFT7_Augment_BruiserEmblem,TFT6_Augment_Distancing2,1.0,,,2.0,,,,,,,,,0.0,,,,0.0,,1.0,,,,,,1.0,,1.0,,,,,,,,,,,,,,,,,,,,,,,,,,,,,,,,,,2.0,RedBuff,BruiserEmblemItem,GargoyleStoneplate,,,,,,,,,,,,,,,,,,,,,,,,,,,,,,,,,,,,,,,,,,,,,,,,,,,,,,,,,,,,,,,,,,,,,,,,,,,,,,,,,,,,,3.0,Quicksilver,InfinityEdge,RunaansHurricane,1.0,,,,,,,,1.0,,,,,,,,,,,,,,,,,,,,2.0,GiantsBelt,,,,,,,,,,,,,,,,,,,,,,,,,,,,,,,,,,,,,,,,,,,,,None,None,,,,,,,,,,,,,,,,,,,,,,,,,,,,,,,,,,,,
1,EUW1_5972716383,TFT6_Augment_SalvageBin,TFT7_Augment_RagewingScorch,TFT7_Augment_CavalierEmblem,1.0,,,1.0,,1.0,1.0,,,,2.0,,0.0,,,,2.0,,,0.0,,,,0.0,1.0,,0.0,,,,,,,,,,,,,,,,,,,,,,,,,,,,,,,,,,,,,,,,,,,,,,,,,,,,,,,,,,,,,,,,,,2.0,,,,,,,,,,,,,,,,,,,,,,,,,,,,,,,,,,,,,,,,,,,,,,,,,,,,,,,,,,,,2.0,DragonsClaw,,,,,,,2.0,Zephyr,,,,,,,2.0,TitanicHydra,,,,,,,,,,,2.0,,,,1.0,DragonsClaw,IonicSpark,RedBuff,,,,,,,,,,,,,,,,,,,,,,,,,2.0,FrozenHeart,Shroud,,,,,,,,,,,,None,None,,,,,,,,,,,,,,,,,,,,,2.0,Deathblade,MadredsBloodrazor,GuinsoosRageblade,,,,,,,,,,,,
7,EUW1_5972716383,TFT6_Augment_RichGetRicher,TFT7_Augment_ClutteredMind,TFT6_Augment_Ascension,,0.0,1.0,,,,1.0,,,,1.0,2.0,,,,1.0,,,,2.0,,,1.0,,,,,0.0,,,,,,,,,,,,,,,,,,,,,1.0,,,,,,,,,,,,,,,,,,,,,,,,2.0,UnstableConcoction,Bloodthirster,RunaansHurricane,,,,,2.0,,,,,,,,2.0,GuardianAngel,,,,,,,,,,,,,,,,,,,,,,,,,,,,,,,,,,,,,,,,,,,,,,,2.0,GiantsBelt,,,3.0,GuinsoosRageblade,MadredsBloodrazor,Quicksilver,,,,,,,,,,,,,,,,,,,,,,,,,,,,,,,,,,,,,,,,,,,,,,,,,,,,,1.0,,,,,,,,,,,,,,,,,,,,,,,,,,,,,,None,None,,,,,,,,,,,,,,,,,,,,,,,,,,,,,,,,,,,,
2,EUW1_5972716383,TFT6_Augment_Electrocharge2,TFT7_Augment_GuildEmblem,TFT6_Augment_JeweledLotus,0.0,0.0,1.0,,,3.0,,0.0,,,5.0,,,1.0,1.0,1.0,0.0,,,,0.0,1.0,,,,,0.0,,,,,,,,,,,,,,,,,,,,,,2.0,,,,,,,,,,,,,,,,,,,,,,,,,,,,,,,,,,,,,,,,,,,,2.0,Morellonomicon,DragonsClaw,IonicSpark,,,,,,,,,,,,,,,,,,,,,,,,,,,,,,,,,,,,,2.0,,,,,,,,,,,,2.0,,,,,,,,,,,,,,,,,,,,2.0,,,,2.0,SparringGloves,,,,,,,,,,,,,,,,,,,,,,,,,,,,,,,,,,,,,,,,,,,2.0,CavalierEmblemItem,IonicSpark,,,,,,,,,,,,None,None,,,,,,,,,,,,,,,,,,,,,,,,,1.0,TitansResolve,GuildEmblemItem,SeraphsEmbrace,,,,,1.0,StatikkShiv,,
6,EUW1_5972716383,TFT6_Augment_CyberneticUplink2,TFT7_Augment_GadgetExpert,TFT6_Augment_PortableForge,0.0,,,,,1.0,1.0,0.0,,,3.0,,,,,,2.0,,,1.0,,,,1.0,,,,,,,,,,,,,,,,,,,,,,,,,,,,,,,,,,,,,,,,,,,,,,,,,,,,,,,,,,,,,,,,,,,,,2.0,ThiefsGloves,RecurveBow,GuinsoosRageblade,,,,,,,,,,,,,,,,,,,,,,,,,,,,,,,,,,,,,,,,,,,,,,,,,,,,,,,,,,,,,,,,,,,,,,,,,2.0,,,,,,,,,,,,,,,,1.0,OrnnZhonyasParadox,JeweledGauntlet,RabadonsDeathcap,,,,,,,,,,,,,2.0,ZekesHerald,,,,,,,,,,,1.0,StatikkShiv,,,,,,,,,,,,,None,None,,,,,2.0,BFSword,,,,,,,,,,,,,,,2.0,RunaansHurricane,Deathblade,GuinsoosRageblade,,,,,,,,,,,,
4,EUW1_5972716383,TFT6_Augment_Meditation2,TFT6_Augment_PortableForge,TFT7_Augment_BestFriends2,,,1.0,1.0,2.0,,,,1.0,,1.0,,0.0,,,1.0,,3.0,,,,,,,0.0,1.0,,,,,,,,,,,,,,,,,,,,,,,1.0,,,,,,,,2.0,OrnnInfinityForce,UnstableConcoction,InfinityEdge,,,,,,,,,,,,,,,,,,,,,,,,,,,,,,,,,,,,,,,,,,,,,2.0,,,,,,,,,,,,,,,,,,,,,,,,2.0,,,,,,,,,,,,,,,,,,,,,,,,2.0,ThiefsGloves,PowerGauntlet,Shroud,,,,,,,,,,,,,,,,,,,,,,,,,,,,,,,,,,,,,2.0,,,,,,,,,,,,,,,,2.0,RedBuff,GargoyleStoneplate,WarmogsArmor,,,,,,,,,,,,,4.0,TrainerSnax,None,None,2.0,GuinsoosRageblade,RecurveBow,Chalice,,,,,,,,,,,,,,,,,,,,,,,,,,,,,,,,
5,EUW1_5972716383,TFT6_Augment_TradeSector,TFT6_Augment_ComponentGrabBag,TFT6_Augment_Meditation2,,1.0,,1.0,,,,,1.0,,2.0,0.0,,1.0,,1.0,,0.0,,,,,1.0,1.0,,0.0,,0.0,,,,,,,,,,,,,,,,,,,,,,,,,,,,,,,,,,,,,,,,,,,,,,,,,,,,,,,,,,,,,,,,,,,,,,,,,3.0,ThiefsGloves,Bloodthirster,DragonsClaw,,,,,,,,,,,,,,,,,,,,,,,,,2.0,,,,3.0,,,,,,,,,,,,,,,,,,,,,,,,,,,,,,,,1.0,,,,,,,,,,,,,,,,,,,,,,,,,,,,1.0,,,,1.0,,,,,,,,2.0,WarmogsArmor,GargoyleStoneplate,RedBuff,,,,,,,,,,,,,,,,,,,None,None,,,,,1.0,,,,3.0,InfinityEdge,GuinsoosRageblade,Deathblade,,,,,,,,,,,,,,,,,,,,,,,,
3,EUW1_5971390121,TFT7_Augment_JadeTrait,TFT7_Augment_BandOfThieves1,TFT6_Augment_ComponentGrabBag,1.0,,,1.0,,,1.0,0.0,,,1.0,1.0,,0.0,,,0.0,,,2.0,,,,,,,,3.0,,,,,,,,,,,,,,,,,,,,,,,,,,,,,,,,,,,,,,,,,,,,,,,,,2.0,Bloodthirster,MadredsBloodrazor,InfinityEdge,2.0,GuinsoosRageblade,Quicksilver,ArchangelsStaff,,,,,2.0,,,,,,,,,,,,,,,,,,,,,,,,,,,,,,,,,,,,,,,,,,,,,,,,1.0,GargoyleStoneplate,ZekesHerald,,,,,,,,,,,,,,,,,,2.0,GuardianAngel,BFSword,,,,,,,,,,,,,,,,,,,,,,,,,,,,,,,,,,,,,,,,,,2.0,StatikkShiv,,,2.0,ThiefsGloves,TitansResolve,MadredsBloodrazor,,,,,1.0,,,,,,,,,,,,,,None,None,,,,,,,,,,,,,,,,,,,,,,,,,,,,,,,,,,,,
6,EUW1_5971390121,TFT6_Augment_RichGetRicher,TFT6_Augment_PandorasItems,TFT6_Augment_ThrillOfTheHunt2,,0.0,1.0,1.0,,,1.0,,0.0,,1.0,,0.0,1.0,,2.0,,,,,0.0,1.0,,,2.0,0.0,,0.0,,,,,,,,,1.0,ArchangelsStaff,SpearOfShojin,HextechGunblade,,,,,,,,,1.0,,,,,,,,,,,,,,,,,,,,,,,,,,,,,,,,,,,,,,,,,,,,,,,,,,,,,,,,,,,,,,,,,,,,,,,,,,,,,,,,2.0,,,,2.0,,,,,,,,,,,,,,,,,,,,2.0,TitanicHydra,GiantsBelt,,,,,,,,,,,,,,,,,,,,,,,,,,,,,,,,,,,,,,,,,,,,,,,,,,2.0,WarmogsArmor,DragonsClaw,,,,,,,,,,,,,,,,,,,,None,None,,,,,,,,,,,,,,,,,,,,,,,,,,,,,,,,,1.0,SeraphsEmbrace,PowerGauntlet,
5,EUW1_5971390121,TFT6_Augment_Electrocharge2,TFT7_Augment_CannoneerTrait,TFT7_Augment_CannoneerRicochet,,,,,3.0,,1.0,,1.0,1.0,,,,,,0.0,,2.0,0.0,,1.0,,,,,1.0,,,,,,,,,,,,,,,,,,,,,,,,,,,2.0,WarmogsArmor,NegatronCloak,,2.0,MadredsBloodrazor,UnstableConcoction,GuinsoosRageblade,,,,,,,,,2.0,GargoyleStoneplate,Redemption,WarmogsArmor,,,,,,,,,,,,,,,,,,,,,,,,,,,,,,,,,1.0,,,,,,,,,,,,,,,,,,,,,,,,2.0,ShimmerscaleHeartOfGold,,,,,,,,,,,,,,,,,,,,,,,,,,,,,,,,,,,,,,,,,,,,,,,,,,,,,,,,,,,,,,,2.0,,,,,,,,,,,,,,,,,,,,,,,,,,,,,,,,2.0,TrainerSnax,None,None,2.0,,,,,,,,,,,,,,,,,,,,,,,,,,,,,,,,,,,
7,EUW1_5971390121,TFT7_Augment_BestFriends2,TFT6_Augment_TinyTitans,TFT6_Augment_Ascension,1.0,,,1.0,,2.0,,,,,3.0,,0.0,,,,1.0,,,,,,,1.0,1.0,,0.0,,,,,,,,,,,,,,,,,,,,,,,,,,,,,,,,,,,,,,,,,,,,,,,,,,,,,,,,,,,,,,,,,,2.0,,,,,,,,,,,,,,,,,,,,,,,,,,,,,,,,,,,,,,,,,,,,,,,,,,,,,,,,,,,,1.0,CavalierEmblemItem,WarmogsArmor,,,,,,2.0,,,,,,,,1.0,,,,,,,,,,,,2.0,,,,,,,,,,,,,,,,,,,,,,,,,,,,,,,,2.0,InfinityEdge,RedBuff,,,,,,,,,,,,None,None,,,,,2.0,,,,,,,,,,,,,,,,1.0,GuinsoosRageblade,Quicksilver,MadredsBloodrazor,,,,,,,,,,,,
1,EUW1_5971390121,TFT7_Augment_Preparation2,TFT6_Augment_ItemGrabBag1,TFT6_Augment_CyberneticShell2,1.0,,1.0,,,1.0,1.0,0.0,,,4.0,,,,,0.0,2.0,,,1.0,,,,1.0,,,,,,,,,,,,,,,,,,,,,,,,,2.0,TearOfTheGoddess,,,,,,,,,,,,,,,,,,,,,,,,,,,,,,,,,,,,,,,,,,,2.0,Chalice,GargoyleStoneplate,AssassinEmblemItem,,,,,,,,,,,,,,,,,,,,,,,,,,,,,,,,,,,,,,,,,,,,,,,,,,,,,,,,,,,,,,,,,,,,,,,,,1.0,Zephyr,,,,,,,,,,,,,,,2.0,TitansResolve,TitansResolve,Shroud,,,,,,,,,,,,,2.0,Spatula,,,,,,,,,,,2.0,ZekesHerald,MadredsBloodrazor,MadredsBloodrazor,,,,,,,,,,,None,None,,,,,1.0,,,,,,,,,,,,,,,,2.0,GuinsoosRageblade,InfinityEdge,MadredsBloodrazor,,,,,,,,,,,,
8,EUW1_5971390121,TFT7_Augment_GuildLoot,TFT6_Augment_Electrocharge1,TFT6_Augment_SecondWind2,0.0,,,1.0,,2.0,,,,,2.0,,0.0,0.0,,,1.0,,0.0,,,,,1.0,1.0,,0.0,,,,,,,,,,,,,,,,,,,,,,,,,,,,,,,,,,,,,,,,,,,,,,,,,,,,,,,,,,,,,,,,,,1.0,,,,,,,,,,,,,,,,,,,,,,,,,,,,,,,,2.0,,,,,,,,,,,,,,,,,,,,,,,,,,,,1.0,SparringGloves,,,,,,,2.0,FrozenHeart,,,,,,,2.0,,,,,,,,,,,,1.0,,,,,,,,,,,,,,,,,,,,,,,,,,,,,,,,,,,,,,,,,,,,,,None,None,,,,,2.0,,,,,,,,,,,,,,,,2.0,GuinsoosRageblade,InfinityEdge,Deathblade,,,,,,,,,,,,
2,EUW1_5971390121,TFT6_Augment_Twins2,TFT6_Augment_Weakspot,TFT6_Augment_CyberneticImplants2,0.0,0.0,1.0,1.0,,,,,,,3.0,,0.0,,,0.0,,,,,,,,1.0,0.0,,,,,,,,,,,,,,,,,,,,,,,,1.0,ZekesHerald,,,,,,,,,,,,,,,,,,,,,,,,,,,,,,,,,,,,,,,,,,,,,,,,,,,3.0,Morellonomicon,Quicksilver,,,,,,,,,,,,,,,,,,,,,,,,,,,,,,,,,,,,,,,,,,,,,,,,,,2.0,NeedlesslyLargeRod,,,,,,,,,,,,,,,,,,,,,,,,,,,,,,,,,,,,,,,,,,,,,,,,,,,,,,,,,,,2.0,LastWhisper,,,,,,,,,,,,,None,None,,,,,2.0,PowerGauntlet,LastWhisper,,2.0,ThiefsGloves,RecurveBow,Shroud,,,,,,,,,,,,,,,,,,,,,,,,
4,EUW1_5971390121,TFT7_Augment_MageEmblem,TFT6_Augment_Diversify1,TFT6_Augment_CyberneticUplink2,,0.0,,0.0,,0.0,,,1.0,,1.0,,,3.0,,1.0,,0.0,0.0,,,,,,,1.0,,0.0,,,,,,,,,,,,,,,,,,,,,,,,,,,,,,,,,,,,,,,,,,,,,,,,,,,,,,,,,,,,,,,,,,,,,2.0,Zephyr,,,,,,,,,,,,,,,,,,,,,,,,,,,1.0,,,,2.0,,,,3.0,ArchangelsStaff,SpearOfShojin,StatikkShiv,,,,,,,,,,,,,,,,,,,,,,,,,,,,,2.0,JeweledGauntlet,MadredsBloodrazor,,,,,,,,,,,,,,,,,,,,,,,,,,1.0,MageEmblemItem,,,,,,,,,,,2.0,GargoyleStoneplate,WarmogsArmor,TitansResolve,,,,,,,,,,,,,,,,,3.0,TrainerSnax,None,None,,,,,,,,,,,,,2.0,,,,,,,,,,,,,,,,,,,,,,,
4,EUW1_5970936144,TFT7_Augment_AFK,TFT7_Augment_JadeEternalProtection,TFT7_Augment_JadeTrait2,,,,,,,1.0,0.0,1.0,,,3.0,0.0,,,1.0,,,,1.0,,,1.0,0.0,,0.0,,,,,,,2.0,ThiefsGloves,GiantsBelt,RedBuff,,,,,2.0,StatikkShiv,,,,,,,,,,,,,,,,,,,,,,,,,,,,,,,2.0,TitansResolve,UnstableConcoction,MadredsBloodrazor,,,,,,,,,,,,,2.0,GargoyleStoneplate,,,,,,,,,,,,,,,,,,,,,,,,,,,,,,,,,,,,,,,1.0,,,,,,,,2.0,BrambleVest,WarmogsArmor,DragonsClaw,,,,,,,,,,,,,,,,,,,,,,,,,,,,,,,,,,,,,,,,,,,,,,,,,,,,,,,,,1.0,RecurveBow,,,,,,,,,,,,,,,,,,,,,,,,,,,,,None,None,,,,,,,,,,,,,,,,,,,,,,,,,,,,,,,,,,,,
2,EUW1_5970936144,TFT6_Augment_ItemGrabBag1,TFT6_Augment_ThrillOfTheHunt2,TFT6_Augment_MakeshiftArmor3,,,1.0,,2.0,,1.0,,1.0,1.0,1.0,,,,,1.0,,2.0,,,1.0,,,,,1.0,,,,,,,,,,,,,,,,,,,,,,,1.0,,,,,,,,3.0,ShimmerscaleDravensAxe,GuinsoosRageblade,MadredsBloodrazor,,,,,,,,,2.0,RedBuff,GargoyleStoneplate,WarmogsArmor,,,,,,,,,,,,,,,,,,,,,,,,,,,,,,,,,2.0,,,,,,,,,,,,,,,,,,,,,,,,2.0,PowerGauntlet,PowerGauntlet,FrozenHeart,,,,,,,,,,,,,,,,,,,,,,,,,,,,,,,,,,,,,,,,,,,,,,,,,,,,,,,,,,,,,2.0,SpearOfShojin,JeweledGauntlet,,,,,,,,,,,,,,,,,,,,,,,,,,,,,,3.0,TrainerSnax,None,None,2.0,GuardianEmblemItem,Redemption,LastWhisper,,,,,,,,,,,,,,,,,,,,,,,,,,,,,,,,
5,EUW1_5970936144,TFT7_Augment_MageTrait,TFT6_Augment_BlueBattery2,TFT6_Augment_CelestialBlessing3,,1.0,,1.0,,0.0,,,1.0,,1.0,,,3.0,,1.0,,0.0,0.0,,,,,,,0.0,,0.0,,,,,,,,,,,,,,,,,,,,,,,,,,,,,,,,,,,,,,,,,,,,,,,,,,,,,,,,,,,,,,,,,,,,,,,,,2.0,TitanicHydra,MageEmblemItem,BrambleVest,,,,,,,,,,,,,,,,,,,,,2.0,ThiefsGloves,Bloodthirster,DragonsClaw,2.0,Quicksilver,,,3.0,Chalice,,,,,,,,,,,,,,,,,,,,,,,,,,,,,,,2.0,SpearOfShojin,HextechGunblade,ArchangelsStaff,,,,,,,,,,,,,,,,,,,,,,,,,1.0,,,,,,,,,,,,2.0,,,,,,,,,,,,,,,,,,,,,,None,None,,,,,,,,,,,,,2.0,,,,,,,,,,,,,,,,,,,,,,,
3,EUW1_5970936144,TFT7_Augment_Preparation,TFT7_Augment_FirstAidKit2,TFT7_Augment_RevelEmblem2,,,,1.0,1.0,,1.0,,1.0,,,,0.0,,1.0,0.0,,4.0,,,,,,,0.0,0.0,,,,,,,,,,,,,,,,,,,,,,,,,,,,,,,2.0,StatikkShiv,SpearOfShojin,ZekesHerald,,,,,2.0,RevelEmblemItem,GuinsoosRageblade,StatikkShiv,,,,,,,,,,,,,,,,,,,,,,,,,,,,,,,,,,,,,2.0,,,,,,,,,,,,,,,,,,,,,,,,2.0,,,,,,,,,,,,,,,,,,,,,,,,2.0,WarmogsArmor,IonicSpark,DragonsClaw,,,,,,,,,,,,,,,,,,,,,,,,,,,,,,,,,,,,,2.0,LocketOfTheIronSolari,LastWhisper,,,,,,,,,,,,,,2.0,,,,,,,,,,,,,,,,,,None,None,,,,,,,,,,,,,,,,,,,,,,,,,,,,,,,,,,,,
1,EUW1_5970936144,TFT7_Augment_AFK,TFT7_Augment_MikaelsGift,TFT6_Augment_CelestialBlessing3,1.0,,1.0,1.0,,,1.0,0.0,,,2.0,,0.0,1.0,0.0,0.0,,,,,0.0,1.0,,,2.0,,0.0,1.0,,,,,,,,,2.0,MadredsBloodrazor,GuinsoosRageblade,TearOfTheGoddess,,,,,,,,,1.0,,,,,,,,,,,,,,,,,,,,,,,,,,,,,,,,,,,,,,,,,,,,,,,,,,,,,,,,,,,,,,,,,,,,,,,,,,,,,,,,,,,,,,,,,,,,,,,,,,,,,,,,2.0,ThiefsGloves,RedBuff,InfinityEdge,2.0,ThiefsGloves,,,,,,,,,,,,,,,,,,,,,,,,,,,,,,,,,,,,,,,,,,,,,,,2.0,DragonsClaw,BrambleVest,,,,,,2.0,FrozenHeart,ZekesHerald,,,,,,,,,,,,None,None,,,,,,,,,,,,,,,,,,,,,,,,,1.0,MageEmblemItem,TitansResolve,Zephyr,,,,,2.0,LocketOfTheIronSolari,StatikkShiv,
6,EUW1_5970936144,TFT6_Augment_PandorasItems,TFT7_Augment_RagewingScorch,TFT7_Augment_DragonmancerEmblem2,,,,,,0.0,,2.0,,,,1.0,,,,,1.0,,,1.0,,,,0.0,0.0,,,,,,,,,,,,,,,,2.0,Chalice,,,,,,,,,,,,,,,,,,,,,,,,,,,,,,,,,,,,,,,,,,,,,,,,,,,2.0,Zephyr,FrozenHeart,,,,,,,,,,,,,,2.0,,,,,,,,2.0,ThiefsGloves,TearOfTheGoddess,SpearOfShojin,,,,,,,,,,,,,,,,,2.0,RedBuff,FrozenHeart,DragonmancerEmblemItem,,,,,,,,,,,,,,,,,,,,,,,,,,,,,,,,,,,,,2.0,,,,,,,,,,,,,,,,,,,,,,,,2.0,MadredsBloodrazor,GuinsoosRageblade,Quicksilver,,,,,,,,,,,,,,,,,,,,,,,None,None,,,,,,,,,,,,,,,,,,,,,,,,,,,,,,,,,,,,
7,EUW1_5970936144,TFT6_Augment_TinyTitans,TFT6_Augment_Diversify2,TFT6_Augment_ItemGrabBag2,,,,1.0,,,1.0,0.0,,,,1.0,0.0,,,,,,,1.0,,,1.0,,1.0,,,2.0,,,,,,,,,,,,,,,,,,,,,,,,,,,,,,,,,,,,,,,,,,,,,,,,,2.0,Quicksilver,GuardianAngel,InfinityEdge,1.0,,,,,,,,2.0,,,,,,,,,,,,,,,,,,,,,,,,,,,,2.0,,,,,,,,,,,,,,,,,,,,1.0,,,,,,,,,,,,,,,,2.0,FrozenHeart,RedBuff,DragonsClaw,,,,,,,,,,,,,,,,,,,,,,,,,,,,,,,,,,,,,,,,,1.0,NeedlesslyLargeRod,,,,,,,,,,,,,,,,,,,,,,,,,,,,,None,None,,,,,,,,,,,,,,,,,,,,,,,,,,,,,,,,,,,,
8,EUW1_5970936144,TFT7_Augment_GuardianTrait,TFT6_Augment_PortableForge,TFT7_Augment_TomeOfTraits2,,,,0.0,,,1.0,,,3.0,,0.0,,0.0,0.0,,,,,,1.0,,,,,,,1.0,,,,,,,,,,,,,,,,,,,,,,,,,,,,,,,,,,,,,,,,,2.0,OrnnEternalWinter,ArchangelsStaff,ArchangelsStaff,,,,,,,,,,,,,,,,,,,,,,,,,,,,,,,,,,,,,,,,,,,,,,,,,2.0,,,,,,,,,,,,,,,,,,,,,,,,,,,,,,,,,,,,,,,,,,,,,,,,,,,,,,,,,,,,,,,,,,,,,,,,,,,,,,,,,,,,1.0,GuardianEmblemItem,,,,,,,,,,,2.0,,,,2.0,JeweledGauntlet,ShimmerscaleDravensAxe,,,,None,None,,,,,,,,,,,,,,,,,,,,,,,,,,,,,,,,,,,,
1,EUW1_5971072063,TFT7_Augment_ScalescornTrait,TFT6_Augment_TradeSectorPlus,TFT6_Augment_TomeOfTraits1,3.0,,,1.0,,,,0.0,,1.0,1.0,,0.0,,0.0,,0.0,,2.0,,0.0,,,,0.0,,1.0,1.0,,,,,,,,,,,,,,,,,,,,,,,,,3.0,ChainVest,,,,,,,3.0,FrozenHeart,InfinityEdge,ArchangelsStaff,,,,,,,,,,,,,,,,,,,,,,,,,,,,,,,,,,,,,,,,,,,,,,,,,2.0,PowerGauntlet,,,,,,,,,,,,,,,,,,,,,,,,,,,,,,,,,,,3.0,AssassinEmblemItem,Bloodthirster,Quicksilver,1.0,,,,1.0,ThiefsGloves,IonicSpark,Deathblade,,,,,,,,,,,,,,,,,,,,,,,,,,,,,,,,,,,,,,,,,,,,,,,,,,,,,2.0,RapidFireCannon,,,,,,,2.0,,,,,,None,None,,,,,,,,,,,,,,,,,,,,,,,,,2.0,AssassinEmblemItem,StatikkShiv,,,,,,,,,
3,EUW1_5971072063,TFT7_Augment_AstralTrait,TFT6_Augment_PortableForge,TFT7_Augment_MageEmblem,,3.0,,1.0,,,1.0,,0.0,,,,,2.0,,0.0,,,,,,,,0.0,,,,0.0,,,,,,,,,,,,,,,,,2.0,HextechGunblade,OrnnMuramana,MageEmblemItem,,,,,,,,,,,,,,,,,,,,,,,,,,,,,,,,,,,,,,,,,,,,,,,,,,,,,3.0,GargoyleStoneplate,WarmogsArmor,IonicSpark,,,,,,,,,,,,,,,,,,,,,,,,,,,,,3.0,PowerGauntlet,ZekesHerald,LocketOfTheIronSolari,,,,,,,,,,,,,,,,,,,,,,,,,,,,,,,,,,,,,,,,,,,,,,,,,,,,,2.0,,,,,,,,,,,,,,,,2.0,IonicSpark,FrozenHeart,ZekesHerald,,,,,,,,,,,,,,,,,,,None,None,,,,,,,,,3.0,MadredsBloodrazor,MageEmblemItem,StatikkShiv,3.0,,,,,,,,,,,,,,,,,,,,,,,
8,EUW1_5971072063,TFT7_Augment_JadeEmblem,TFT6_Augment_TomeOfTraits1,TFT7_Augment_JadePenitence,,,,,,,1.0,0.0,0.0,,,2.0,0.0,,,1.0,,,,0.0,,,1.0,0.0,0.0,,,,,,,,1.0,TearOfTheGoddess,Morellonomicon,MysticEmblemItem,,,,,2.0,,,,,,,,,,,,,,,,,,,,,,,,,,,,,,,,1.0,,,,,,,,,,,,,,,,1.0,,,,,,,,,,,,,,,,,,,,,,,,,,,,2.0,JadeEmblemItem,RecurveBow,,,,,,,,,,,,,,,,,,,,,,,,,,,,,,,,,,,,,,,,,,,,,,,,,,,,,,,,,,,,,,,,,,,,,,,,,,,,,,1.0,ThiefsGloves,TearOfTheGoddess,GuardianAngel,,,,,,,,,,,,,,,,,,,,,,,,,,,None,None,,,,,,,,,,,,,,,,,,,,,,,,,,,,,,,,,,,,
4,EUW1_5971072063,TFT6_Augment_CelestialBlessing1,TFT7_Augment_CannoneerHotShot,TFT7_Augment_UrfsGrabBag1,,,,,1.0,,1.0,,1.0,0.0,,,,1.0,,0.0,,2.0,,,1.0,1.0,,,,1.0,,,,,,,,,,,,,,,,,,,,,,,,,,,,,,,2.0,ShimmerscaleGoldmancersStaff,MadredsBloodrazor,GuinsoosRageblade,,,,,,,,,2.0,DragonsClaw,RedBuff,GargoyleStoneplate,,,,,,,,,,,,,,,,,,,,,,,,,2.0,,,,,,,,2.0,ThiefsGloves,TitansResolve,ArchangelsStaff,,,,,,,,,,,,,,,,,,,,,2.0,,,,,,,,,,,,,,,,,,,,,,,,,,,,,,,,,,,,,,,,,,,,,,,,,,,,,,,,,,,,,,,,2.0,MageEmblemItem,Shroud,,,,,,,,,,,,,,,,,,,,,,,,,,,,,,3.0,TrainerSnax,None,None,,,,,,,,,,,,,,,,,,,,,,,,,,,,,,,,,1.0,SeraphsEmbrace,SpearOfShojin,
2,EUW1_5971072063,TFT6_Augment_Distancing,TFT6_Augment_Ascension,TFT7_Augment_GuildGearUpgrades,1.0,,1.0,1.0,,1.0,,,,,4.0,,0.0,,,0.0,1.0,,,,,,,1.0,1.0,,0.0,,,,,,,,,,,,,,,,,,,,,,1.0,StatikkShiv,,,,,,,,,,,,,,,,,,,,,,,,,,,,,,,,,,,,,,,,,,,2.0,ArchangelsStaff,Morellonomicon,,,,,,,,,,,,,,,,,,,,,,,,,,,,,,,,,,,,,,,,,,,,,,,,,,,,,,,,,,2.0,,,,,,,,2.0,,,,,,,,2.0,RedBuff,,,,,,,,,,,2.0,,,,,,,,,,,,,,,,,,,,,,,,,,,,,,,,2.0,HextechGunblade,InfinityEdge,RunaansHurricane,,,,,,,,,,,None,None,,,,,2.0,ZekesHerald,,,,,,,,,,,,,,,2.0,MadredsBloodrazor,GuinsoosRageblade,Quicksilver,,,,,,,,,,,,
7,EUW1_5971072063,TFT7_Augment_ShimmerscaleEmblem,TFT6_Augment_SecondWind2,TFT6_Augment_CyberneticImplants2,0.0,,,,,,1.0,0.0,0.0,1.0,,,0.0,0.0,,,0.0,0.0,,,4.0,1.0,,,,,0.0,0.0,2.0,RecurveBow,,,,,,,,,,,,,,,,,,,,,,,,,,,,,,,,,,,,,,,2.0,ShimmerscaleHeartOfGold,RedBuff,Redemption,,,,,,,,,,,,,,,,,,,,,,,,,,,,,,,,,,,,,,,,,2.0,ShimmerscaleDravensAxe,MadredsBloodrazor,,,,,,,,,,,,,,,,,,,,,,,,,,,,,,,,,,,,,,,,,,,,,,,,,,,,,,,,,,,,,,,,,,,,,,,,,,,,,,2.0,ShimmerscaleEmblemItem,ArchangelsStaff,Chalice,,,,,,,,,,,,,,,,,,,,,,,,,2.0,ShimmerscaleEmblemItem,BFSword,ShimmerscaleGamblersBlade,,,None,None,,,,,,,,,,,,,,,,,2.0,,,,,,,,,,,,,,,,1.0,GuinsoosRageblade,ShimmerscaleCrownOfChampions,ShimmerscaleGoldmancersStaff
5,EUW1_5971072063,TFT7_Augment_BruiserTrait,TFT6_Augment_CyberneticUplink2,TFT6_Augment_ComponentGrabBag,,,1.0,2.0,,0.0,1.0,,,,3.0,,0.0,1.0,,0.0,0.0,,,,,,,,2.0,0.0,0.0,0.0,,,,,,,,,1.0,StatikkShiv,SpearOfShojin,Morellonomicon,,,,,,,,,2.0,ZekesHerald,,,,,,,,,,,,,,,,,,,,,,,,,,,,,,,,,,,,,,,,,,,,,,,2.0,SpearOfShojin,,,,,,,,,,,,,,,,,,,,,,,,,,,,,,,,,,,,,,,,,,,,,,,,,,,,,,,2.0,DragonsClaw,GargoyleStoneplate,,,,,,,,,,1.0,,,,1.0,,,,,,,,,,,,1.0,Shroud,,,,,,,,,,,,,,,,,,,,,,,1.0,ThiefsGloves,LocketOfTheIronSolari,TitanicHydra,,,,,,,,,,,,,,,,,,,None,None,,,,,,,,,,,,,,,,,,,,,,,,,,,,,,,,,,,,
6,EUW1_5971072063,TFT6_Augment_Electrocharge1,TFT7_Augment_RevelPartyFavors,TFT6_Augment_CelestialBlessing2,,,,,0.0,,1.0,0.0,1.0,,,2.0,,,,1.0,,1.0,,1.0,,,,0.0,,0.0,,,,,,,,,,,,,,,1.0,,,,,,,,,,,,,,,,1.0,InfinityEdge,UnstableConcoction,GuinsoosRageblade,,,,,,,,,,,,,1.0,ThiefsGloves,Bloodthirster,UnstableConcoction,,,,,,,,,,,,,2.0,,,,,,,,,,,,,,,,,,,,,,,,,,,,,,,,,,,,,,,,2.0,,,,,,,,2.0,RedBuff,BrambleVest,,,,,,,,,,,,,,,,,,,,,,,,,,,,,,,,,,,,,,,,,,,,,,,,,,,,,,2.0,RecurveBow,,,,,,,,,,,,,,,,,,,,,,,,,,,,,,,,,None,None,,,,,,,,,,,,,,,,,,,,,,,,,,,,,,,,,,,,
1,EUW1_5972347657,TFT6_Augment_Distancing2,TFT6_Augment_SecondWind1,TFT7_Augment_DragonHorde,,,,1.0,,,2.0,0.0,,1.0,,,0.0,,0.0,,,,,,1.0,,,,2.0,,0.0,2.0,,,,,,,,,1.0,StatikkShiv,ArchangelsStaff,HextechGunblade,,,,,,,,,,,,,,,,,,,,,,,,,,,,,2.0,RedBuff,BrambleVest,ShimmerscaleMogulsMail,,,,,2.0,RapidFireCannon,GuinsoosRageblade,UnstableConcoction,,,,,,,,,,,,,,,,,,,,,,,,,,,,,,,,,,,,,,,,,,,,,,,,,,,,,,,,,,,,,,,,,,,,,,,,,2.0,,,,,,,,,,,,,,,,,,,,,,,,,,,,,,,,,,,,,,,,,,,,,,,,,,,,,,,,,,,,,,,,,,,,2.0,,,,,,None,None,,,,,,,,,,,,,,,,,,,,,,,,,2.0,UnstableConcoction,TitansResolve,,,,,,,,,
6,EUW1_5972347657,TFT6_Augment_SalvageBin,TFT6_Augment_SecondWind1,TFT7_Augment_MageEmblem,,0.0,,1.0,,,1.0,,0.0,,,,0.0,2.0,,1.0,,,,,,,,,2.0,1.0,,0.0,,,,,,,,,1.0,SpearOfShojin,ArchangelsStaff,HextechGunblade,,,,,,,,,,,,,,,,,,,,,,,,,,,,,,,,,,,,,,,,,,,,,,,,,,,,,,,,,2.0,,,,,,,,,,,,,,,,,,,,,,,,,,,,,,,,2.0,MageEmblemItem,,,3.0,ThiefsGloves,UnstableConcoction,Zephyr,,,,,,,,,,,,,,,,,1.0,,,,,,,,,,,,,,,,,,,,,,,,,,,,,,,,,,,,,,,,,,,,,,,,,,,,2.0,TitansResolve,IonicSpark,WarmogsArmor,,,,,,,,,,,,,,,,,2.0,TrainerSnax,None,None,,,,,,,,,,,,,2.0,TitanicHydra,,,,,,,,,,,,,,,,,,,,,,
5,EUW1_5972347657,TFT6_Augment_Twins2,TFT6_Augment_CelestialBlessing1,TFT6_Augment_ComponentGrabBag,0.0,0.0,,1.0,,,,,,,2.0,,,0.0,,,,,,,,,,1.0,,,,0.0,,,,,,,,,,,,,,,,,,,,,,,,,,,,,,,,,,,,,,,,,,,,,,,,,,,,,,,,,,,,,,,,,,,,,,,,,2.0,FrozenHeart,GargoyleStoneplate,TitanicHydra,,,,,,,,,,,,,,,,,,,,,,,,,,,,,,,,,,,,,,,,,,,,,,,,,,,,,,,,,,,,,,,,,,,,,,,,,,,,,,,,,,,,,,,,,,,,,,,,,,,,,1.0,,,,,,,,2.0,RunaansHurricane,,,,,,,,,,,,,None,None,,,,,2.0,,,,2.0,GuinsoosRageblade,RunaansHurricane,LastWhisper,,,,,,,,,,,,,,,,,,,,,,,,
8,EUW1_5972347657,TFT6_Augment_SecondWind2,TFT6_Augment_Recombobulator,TFT6_Augment_CyberneticImplants2,,,1.0,,1.0,,1.0,0.0,1.0,0.0,1.0,,,,0.0,1.0,,1.0,,,1.0,,,,,1.0,0.0,,,,,,,,,,,,,,,,,,,,,,1.0,ThiefsGloves,SparringGloves,Quicksilver,,,,,2.0,MadredsBloodrazor,,,,,,,,,,,1.0,ShimmerscaleMogulsMail,RedBuff,GargoyleStoneplate,,,,,,,,,,,,,,,,,,,,,,,,,,,,,,,,,,,,,,,,,,,,,,,,,,,,,,,,,2.0,,,,,,,,,,,,,,,,,,,,,,,,,,,,,,,,,,,,,,,,,,,,,,,,,,,,,,,,,,,,,,,,1.0,,,,,,,,,,,,,,,,,,,,,,,,,,,,,,,,1.0,TrainerSnax,None,None,1.0,RecurveBow,,,,,,,,,,,,,,,,,,,,,,,1.0,Bloodthirster,SeraphsEmbrace,,,,,,,,,
2,EUW1_5972347657,TFT6_Augment_SalvageBin,TFT6_Augment_TinyTitans,TFT6_Augment_Distancing2,1.0,,1.0,2.0,,,1.0,,,0.0,2.0,,0.0,0.0,,0.0,0.0,,,,,,,,0.0,,0.0,3.0,,,,,,,,,,,,,,,,,,,,,1.0,,,,,,,,,,,,,,,,,,,,,,,,,,,,2.0,Quicksilver,Bloodthirster,TitansResolve,,,,,,,,,,,,,,,,,,,,,,,,,,,,,,,,,,,,,,,,,,,,,,,,,,,,,,,,,,,,,,,,,,,,,,,,,2.0,Morellonomicon,Shroud,,2.0,HextechGunblade,RabadonsDeathcap,UnstableConcoction,,,,,,,,,,,,,,,,,,,,,2.0,,,,,,,,,,,,,,,,,,,,,,,,1.0,,,,,,,,2.0,GuardianAngel,LastWhisper,HextechGunblade,,,,,2.0,,,,,,None,None,,,,,,,,,,,,,,,,,,,,,,,,,,,,,,,,,,,,
4,EUW1_5972347657,TFT7_Augment_SwiftshotPressTheAttack,TFT7_Augment_BestFriends1,TFT6_Augment_SecondWind2,,1.0,,2.0,,,,0.0,,,1.0,0.0,0.0,,,,0.0,,,,,,,2.0,1.0,,0.0,,,,,,,,,,,,,,2.0,,,,,,,,,,,,,,,,,,,,,,,,,,,,,,,,,,,,,,,,,,,,2.0,Shroud,,,,,,,,,,,,,,,2.0,GargoyleStoneplate,RedBuff,,,,,,,,,,,,,,,,,,,,,,,,,,,,,,,,,,,,,,,,,,,,,,,,,,1.0,WarmogsArmor,SpearOfShojin,JeweledGauntlet,,,,,,,,,,,,,,,,,,,,,,,,,1.0,,,,,,,,2.0,,,,,,,,,,,,,,,,,,,,,,,,,,,,,,,,,,,,,,None,None,,,,,2.0,,,,3.0,InfinityEdge,Deathblade,GuinsoosRageblade,,,,,,,,,,,,,,,,,,,,,,,,
3,EUW1_5972347657,TFT6_Augment_Twins2,TFT6_Augment_Featherweights1,TFT6_Augment_PortableForge,,0.0,,,,,1.0,,,,,2.0,,,,0.0,,,,2.0,,,1.0,,,,,0.0,,,,,,,,,,,,,,,,,,,,,,,,,,,,,,,,,,,,,,,,,,,,,2.0,MadredsBloodrazor,OrnnDeathsDefiance,Quicksilver,,,,,2.0,,,,,,,,2.0,,,,,,,,,,,,,,,,,,,,,,,,,,,,,,,,,,,,,,,,,,,,,,,,2.0,WarmogsArmor,Morellonomicon,PowerGauntlet,2.0,InfinityEdge,ZekesHerald,GuinsoosRageblade,,,,,,,,,,,,,,,,,,,,,,,,,,,,,,,,,,,,,,,,,,,,,,,,,,,,,1.0,,,,,,,,,,,,,,,,,,,,,,,,,,,,,,None,None,,,,,,,,,,,,,,,,,,,,,,,,,,,,,,,,,,,,
7,EUW1_5972347657,TFT6_Augment_SunfireBoard,TFT7_Augment_MageTrait,TFT6_Augment_Diversify2,,1.0,,1.0,,,1.0,,1.0,,1.0,,,2.0,,1.0,,,,,0.0,1.0,,,,0.0,,0.0,,,,,,,,,,,,,,,,,1.0,ArchangelsStaff,,,,,,,,,,,,,,,,,,,,,,,,,,,,,,,,,,,,,,,,,,,,,,,,,,,,,,,2.0,,,,,,,,,,,,,,,,,,,,,,,,,,,,2.0,,,,2.0,,,,,,,,,,,,,,,,,,,,,,,,,,,,,,,,2.0,SpearOfShojin,UnstableConcoction,JeweledGauntlet,,,,,,,,,,,,,,,,,,,,,,,,,,,,,,,,,,,,,2.0,GargoyleStoneplate,GargoyleStoneplate,IonicSpark,,,,,,,,,,,,,,,,,,,None,None,,,,,,,,,,,,,,,,,,,,,,,,,,,,,,,,,1.0,,,
3,EUW1_5971803532,TFT6_Augment_PortableForge,TFT6_Augment_ComponentGrabBag,TFT6_Augment_BandOfThieves2,1.0,,,1.0,,1.0,,,,,3.0,,0.0,,,,1.0,,,,,,,1.0,1.0,,0.0,,,,,,,,,,,,,,,,,,,,,,,,,,,,,,,,,,,,,,,,,,,,,,,,,,,,,,,,,,,,,,,,,,2.0,RedBuff,TitansResolve,,,,,,,,,,,,,,,,,,,,,,,,,,,,,,,,,,,,,,,,,,,,,,,,,,,,,,,,,,2.0,Redemption,Morellonomicon,OrnnEternalWinter,,,,,2.0,Bloodthirster,LocketOfTheIronSolari,,,,,,2.0,ThiefsGloves,JeweledGauntlet,SeraphsEmbrace,,,,,,,,,2.0,ThiefsGloves,GiantsBelt,GargoyleStoneplate,,,,,,,,,,,,,,,,,,,,,,,,,,,,,1.0,ThiefsGloves,RedBuff,GargoyleStoneplate,,,,,,,,,,,None,None,,,,,2.0,,,,,,,,,,,,,,,,2.0,GuinsoosRageblade,LastWhisper,UnstableConcoction,,,,,,,,,,,,
5,EUW1_5971803532,TFT7_Augment_AssassinEmblem,TFT6_Augment_SecondWind2,TFT7_Augment_TomeOfTraits2,3.0,,,1.0,,,1.0,,,,1.0,,,0.0,,,0.0,,,,0.0,,,,0.0,,,3.0,,,,,,,,,,,,,,,,,,,,,,,,,,,,,,,,,,,,,,,,,,,,,,,,,2.0,AssassinEmblemItem,InfinityEdge,Bloodthirster,,,,,,,,,,,,,,,,,,,,,,,,,,,,,,,,,2.0,,,,,,,,,,,,,,,,,,,,,,,,,,,,,,,,,,,,,,,,,,,,1.0,TitansResolve,IonicSpark,RabadonsDeathcap,2.0,WhispersEmblemItem,LocketOfTheIronSolari,LocketOfTheIronSolari,,,,,,,,,,,,,,,,,,,,,,,,,,,,,,,,,,,,,,,,,2.0,AssassinEmblemItem,,,,,,,2.0,RapidFireCannon,,,,,,,,,,,,,None,None,,,,,,,,,,,,,,,,,,,,,,,,,,,,,,,,,,,,
2,EUW1_5971803532,TFT6_Augment_CalculatedLoss,TFT6_Augment_Diversify2,TFT6_Augment_Diversify3,1.0,1.0,1.0,1.0,,,,,,,3.0,,0.0,0.0,,1.0,,,,,,,,1.0,1.0,,,,,,,,,,,,,,,,,,,,,,,,2.0,LocketOfTheIronSolari,,,,,,,,,,,,,,,,,,,,,,,,,,,,,,,,,,,,,,,,,,,,,,,,,,,3.0,GargoyleStoneplate,BrambleVest,RedBuff,,,,,,,,,,,,,,,,,,,,,,,,,,,,,3.0,Shroud,,,,,,,,,,,,,,,,,,,2.0,Zephyr,,,,,,,2.0,,,,,,,,,,,,,,,,,,,,,,,,,,,,,,,,,,,,,,,,,,,,,,,,,,,,2.0,FrozenHeart,,,,,,,,,,,,,None,None,,,,,2.0,,,,3.0,RunaansHurricane,Deathblade,GuinsoosRageblade,,,,,,,,,,,,,,,,,,,,,,,,
6,EUW1_5971803532,TFT7_Augment_UrfsGrabBag1,TFT6_Augment_Diversify2,TFT6_Augment_HighEndShopping,0.0,,1.0,,0.0,,1.0,0.0,1.0,0.0,2.0,0.0,,,0.0,1.0,,1.0,,,1.0,,1.0,,,0.0,0.0,,,,,,,,,,,,,,,,,,,,,,2.0,,,,,,,,2.0,Deathblade,,,,,,,,,,,2.0,GargoyleStoneplate,RedBuff,WarmogsArmor,,,,,,,,,,,,,,,,,,,,,,,,,,,,,,,,,,,,,,,,,,,,,,,,,,,,,,,,,2.0,,,,,,,,,,,,,,,,,,,,,,,,,,,,,,,,,,,,,,,,,,,,,,,,,,,,,,,,,,,,,,,,2.0,SpearOfShojin,,,2.0,RecurveBow,,,,,,,,,,,,,,,2.0,,,,,,,,,,,,,,None,None,,,,,,,,,,,,,,,,,,,,,,,,,2.0,UnstableConcoction,MadredsBloodrazor,ShimmerscaleDiamondHands,,,,,,,,
4,EUW1_5971803532,TFT7_Augment_EvokerEmblem,TFT6_Augment_LudensEcho2,TFT7_Augment_MageEmblem2,,0.0,1.0,0.0,,,,,1.0,,2.0,,,3.0,,2.0,,,,,0.0,1.0,,,,1.0,,0.0,,,,,,,,,,,,,,,,,,,,,1.0,,,,,,,,,,,,,,,,,,,,,,,,,,,,,,,,,,,,,,,,,,,,,,,,2.0,,,,,,,,,,,,,,,,,,,,,,,,,,,,,,,,2.0,MageEmblemItem,,,3.0,EvokerEmblemItem,UnstableConcoction,,,,,,,,,,,,,,,,,,,,,,,,,,,,,,2.0,SeraphsEmbrace,MadredsBloodrazor,,,,,,,,,,,,,,,,,,,,,,,,,,,,,,,,,,,,,,2.0,IonicSpark,BrambleVest,Quicksilver,,,,,,,,,,,,,,,,,4.0,TrainerSnax,None,None,,,,,,,,,,,,,2.0,TitanicHydra,,,,,,,,,,,,,,,,,,,2.0,JeweledGauntlet,HextechGunblade,SpearOfShojin
7,EUW1_5971803532,TFT6_Augment_CyberneticImplants2,TFT6_Augment_PortableForge,TFT6_Augment_Diversify3,,,,1.0,,0.0,1.0,,1.0,,1.0,,,2.0,,0.0,,0.0,0.0,,,,,,,1.0,,2.0,,,,,,,,,,,,,,,,,,,,,,,,,,,,,,,,,,,,,,,,,,,,,,,,,2.0,Bloodthirster,MadredsBloodrazor,UnstableConcoction,,,,,,,,,,,,,,,,,2.0,Shroud,,,,,,,,,,,,,,,,,,,,,,,,,,,1.0,TitanicHydra,,,1.0,,,,,,,,,,,,,,,,,,,,,,,,,,,,,,,,,,,,2.0,,,,,,,,,,,,,,,,,,,,,,,,,,,,1.0,MageEmblemItem,,,,,,,,,,,2.0,RedBuff,OrnnEternalWinter,WarmogsArmor,,,,,,,,,,,,,,,,,2.0,TrainerSnax,None,None,,,,,,,,,,,,,,,,,,,,,,,,,,,,,,,,,,,,
1,EUW1_5971803532,TFT6_Augment_SecondWind2,TFT6_Augment_Diversify2,TFT7_Augment_WhispersEmblem2,1.0,,1.0,1.0,,,1.0,0.0,,,2.0,,0.0,0.0,0.0,0.0,,,,,,,,,0.0,,0.0,3.0,,,,,,,,,,,,,,,,,,,,,1.0,,,,,,,,,,,,,,,,,,,,,,,,,,,,2.0,Bloodthirster,TitansResolve,Quicksilver,,,,,,,,,,,,,,,,,,,,,,,,,,,,,,,,,,,,,,,,,,,,,,,,,,,,,,,,,,,,,,,,,,,,,,,,,2.0,,,,1.0,FrozenHeart,ArchangelsStaff,JeweledGauntlet,,,,,,,,,,,,,,,,,,,,,,,,,,,,,,,,,,,,,,,,,,,,,2.0,,,,,,,,2.0,RedBuff,WhispersEmblemItem,InfinityEdge,,,,,,,,,,,None,None,,,,,,,,,,,,,,,,,,,,,,,,,1.0,InfinityEdge,GuardianAngel,TitansResolve,,,,,,,,
8,EUW1_5971803532,TFT7_Augment_PandorasBench,TFT6_Augment_CelestialBlessing2,TFT7_Augment_RagewingEmblem2,,,,,,,,2.0,,,,1.0,0.0,,,,1.0,,,1.0,0.0,,,0.0,0.0,,,,,,,,,,,,,,,,2.0,RagewingEmblemItem,GuinsoosRageblade,ZekesHerald,,,,,,,,,,,,,,,,,,,,,,,,,,,,,,,,,,,,,,,,,,,,,,,,,,,,,,,,,,,,,,,,,2.0,,,,,,,,2.0,SparringGloves,,,,,,,,,,,,,,,,,,,2.0,RedBuff,Quicksilver,,,,,,,,,,,,,,,,,,,,,,,,,,,,,,,,,,,,,,2.0,,,,,,,,,,,,,,,,,,,,,,,,3.0,ArchangelsStaff,GuinsoosRageblade,Quicksilver,,,,,,,,,,,,,,,,,,,,,,,None,None,,,,,,,,,,,,,,,,,2.0,,,,,,,,,,,,,,,,,,,
8,EUW1_5971139881,TFT7_Augment_BestFriends2,TFT6_Augment_FirstAidKit,TFT7_Augment_UrfsGrabBag1,,0.0,,1.0,,,1.0,,0.0,,1.0,,,2.0,,1.0,,,,,,,,,,1.0,,2.0,,,,,,,,,,,,,,,,,,,,,,,,,,,,,,,,,,,,,,,,,,,,,,,,,2.0,GargoyleStoneplate,GiantsBelt,MageEmblemItem,,,,,,,,,,,,,,,,,2.0,,,,,,,,,,,,,,,,,,,,,,,,,,,,,,,,2.0,,,,3.0,,,,,,,,,,,,,,,,,,,,,,,,,,,,,,,,2.0,ArchangelsStaff,NeedlesslyLargeRod,SpearOfShojin,,,,,,,,,,,,,,,,,,,,,,,,,,,,,,,,,,,,,1.0,,,,,,,,,,,,,,,,,,,,1.0,TrainerSnax,None,None,,,,,,,,,,,,,,,,,,,,,,,,,,,,,,,,,,,,
7,EUW1_5971139881,TFT6_Augment_TrueTwos,TFT6_Augment_Meditation1,TFT6_Augment_ComponentGrabBag,,1.0,,1.0,,,,,0.0,,1.0,,,2.0,,1.0,,,,,,,,,,1.0,,0.0,,,,,,,,,,,,,,,,,,,,,,,,,,,,,,,,,,,,,,,,,,,,,,,,,,,,,,,,,,,,,,,,,,,,,2.0,,,,3.0,,,,,,,,,,,,,,,,,,,,,,,,,,,,2.0,,,,3.0,,,,,,,,,,,,,,,,,,,,,,,,,,,,,,,,2.0,StatikkShiv,GuinsoosRageblade,RapidFireCannon,,,,,,,,,,,,,,,,,,,,,,,,,,,,,,,,,,,,,3.0,TitansResolve,RedBuff,TitansResolve,,,,,,,,,,,,,,,,,2.0,TrainerSnax,None,None,,,,,,,,,,,,,3.0,,,,,,,,,,,,,,,,,,,,,,,
5,EUW1_5971139881,TFT7_Augment_CavalierEmblem,TFT6_Augment_Electrocharge1,TFT7_Augment_RagewingScorch,1.0,,,1.0,,2.0,,,,,3.0,,0.0,,,,1.0,,,,,,,1.0,1.0,,0.0,,,,,,,,,,,,,,,,,,,,,,,,,,,,,,,,,,,,,,,,,,,,,,,,,,,,,,,,,,,,,,,,,,2.0,,,,,,,,,,,,,,,,,,,,,,,,,,,,,,,,,,,,,,,,,,,,,,,,,,,,,,,,,,,,2.0,CavalierEmblemItem,Quicksilver,,,,,,1.0,,,,,,,,2.0,,,,,,,,,,,,1.0,,,,,,,,,,,,,,,,,,,,,,,,,,,,,,,,2.0,InfinityEdge,,,,,,,,,,,,,None,None,,,,,1.0,ZekesHerald,PowerGauntlet,,,,,,,,,,,,,,2.0,MadredsBloodrazor,GuinsoosRageblade,UnstableConcoction,,,,,,,,,,,,
2,EUW1_5971139881,TFT7_Augment_ShapeshifterBeastsDen,TFT6_Augment_ItemGrabBag1,TFT6_Augment_CyberneticImplants2,,0.0,,,,,1.0,,,0.0,,2.0,,,,0.0,,,,2.0,,,1.0,,0.0,,,1.0,,,,,,,,,,,,,,,,,,,,,,,,,,,,,,,,,,,,,,,,,,,,,2.0,UnstableConcoction,LastWhisper,,,,,,2.0,FrozenHeart,,,,,,,2.0,TempestEmblemItem,LastWhisper,,,,,,,,,,,,,,,,,,,,,,,,,,,,,,,,,,,,,,,,,,,,,,2.0,RedBuff,,,3.0,RunaansHurricane,Deathblade,Quicksilver,,,,,,,,,,,,,,,,,,,,,,,,,,,,,,,,,,,,,,,,,,,,,,,,,,,,,1.0,ZekesHerald,,,,,,,,,,,,,,,,,,,,,,,1.0,ChainVest,,,,,None,None,,,,,,,,,,,,,,,,,,,,,,,,,,,,,,,,,,,,
4,EUW1_5971139881,TFT7_Augment_MikaelsGift,TFT7_Augment_ShapeshifterTrait,TFT6_Augment_Ascension,1.0,,1.0,,,,,0.0,,,3.0,1.0,,0.0,0.0,0.0,,,,2.0,,,1.0,,,,0.0,1.0,,,,,,,,,,,,,,,,,,,,,1.0,,,,,,,,,,,,,,,,,,,,,,,,,,,,,,,,3.0,Quicksilver,MadredsBloodrazor,GuinsoosRageblade,,,,,1.0,,,,,,,,,,,,,,,,,,,,,,,,,,,,,,,,,,,,,,,,,,,,,,,,2.0,TitansResolve,UnstableConcoction,RedBuff,,,,,,,,,,,,,,,,,2.0,RabadonsDeathcap,LocketOfTheIronSolari,LocketOfTheIronSolari,,,,,1.0,,,,,,,,,,,,,,,,,,,,,,,,,,,,,,,,1.0,,,,,,,,,,,,,,,,2.0,MadredsBloodrazor,,,,,,,,,,,,,None,None,,,,,,,,,,,,,,,,,,,,,,,,,1.0,,,,,,,,,,,
1,EUW1_5971139881,TFT7_Augment_BruiserEmblem,TFT7_Augment_MirageTrait,TFT6_Augment_CelestialBlessing2,1.0,,,2.0,,1.0,,,,0.0,,,0.0,0.0,0.0,,0.0,,2.0,,,,,,1.0,,1.0,,,,,,,,,,,,,,,,,,,,,,,,,,2.0,,,,,,,,3.0,IonicSpark,RabadonsDeathcap,BruiserEmblemItem,,,,,,,,,,,,,,,,,,,,,,,,,,,,,2.0,,,,,,,,,,,,,,,,,,,,,,,,,,,,,,,,2.0,,,,,,,,,,,,,,,,,,,,,,,,3.0,Quicksilver,Bloodthirster,RunaansHurricane,2.0,,,,,,,,2.0,RedBuff,UnstableConcoction,,,,,,,,,,,,,,,,,,3.0,ZekesHerald,Chalice,TearOfTheGoddess,,,,,,,,,,,,,,,,,,,,,,,,,,,,,,,,,,,,,,,,,,,None,None,,,,,,,,,,,,,,,,,,,,,,,,,,,,,,,,,,,,
6,EUW1_5971139881,TFT7_Augment_EvokerEssenceTheft,TFT6_Augment_ItemGrabBag1,TFT7_Augment_GadgetExpert,,,,1.0,2.0,,1.0,,1.0,,,,,0.0,,0.0,,2.0,,,,,,,,1.0,,2.0,,,,,,,,,,,,,,,,,,,,,,,,,,,,,2.0,GuinsoosRageblade,Deathblade,StatikkShiv,,,,,,,,,,,,,,,,,2.0,Redemption,UnstableConcoction,DragonsClaw,,,,,,,,,,,,,,,,,,,,,,,,,2.0,ZekesHerald,,,,,,,,,,,,,,,,,,,,,,,2.0,,,,,,,,,,,,,,,,,,,,,,,,,,,,,,,,,,,,,,,,,,,,,,,,,,,,,,,,,,,,,,,,2.0,Morellonomicon,GuinsoosRageblade,,,,,,,,,,1.0,ChainVest,,,,,,,,,,,,,,,,,,,3.0,TrainerSnax,None,None,2.0,,,,,,,,,,,,,,,,,,,,,,,,,,,,,,,,,,,
3,EUW1_5971139881,TFT6_Augment_SecondWind2,TFT6_Augment_Weakspot,TFT7_Augment_FirstAidKit2,,,,0.0,,,1.0,0.0,,,,1.0,,,,,2.0,,,2.0,,,,1.0,,,0.0,,,,,,,,,,,,,,2.0,,,,,,,,,,,,,,,,,,,,,,,,,,,,,,,,,,,,,,,,,,,,,,,,1.0,,,,,,,,,,,,,,,,,,,,,,,,,,,,,,,,,,,,,,,,,,,,,,,,2.0,GargoyleStoneplate,WarmogsArmor,IonicSpark,,,,,,,,,,,,,,,,,,,,,,,,,,,,,,,,,,,,,,,,,2.0,,,,1.0,ThiefsGloves,WarmogsArmor,DragonsClaw,,,,,,,,,,,,,2.0,StatikkShiv,ArchangelsStaff,,,,,,,,,,,,,,,,,,,,,,,,None,None,,,,,,,,,,,,,,,,,,,,,2.0,MadredsBloodrazor,GuinsoosRageblade,RunaansHurricane,,,,,,,,,,,,
6,EUW1_5971049202,TFT6_Augment_Windfall,TFT6_Augment_ForceOfNature,TFT6_Augment_CelestialBlessing3,,0.0,1.0,2.0,,,1.0,,0.0,,1.0,,0.0,0.0,,1.0,0.0,,,,,,,,2.0,1.0,0.0,0.0,,,,,,,,,2.0,GuinsoosRageblade,SpearOfShojin,UnstableConcoction,,,,,,,,,1.0,Shroud,,,,,,,,,,,,,,,,,,,,,,,,,,,,,,,,,,,,,,,,,,,,,,,2.0,,,,1.0,,,,,,,,,,,,,,,,,,,,,,,,,,,,2.0,Chalice,ZekesHerald,,,,,,,,,,,,,,,,,,,,,,1.0,Morellonomicon,,,,,,,,,,,,,,,,,,,,,,,,,,,1.0,,,,,,,,,,,,,,,,,,,,,,,,2.0,TitanicHydra,,,,,,,,,,,,,,,,,,,3.0,TrainerSnax,None,None,,,,,,,,,,,,,,,,,,,,,,,,,,,,,,,,,,,,
3,EUW1_5971049202,TFT6_Augment_RadiantRelics,TFT6_Augment_CyberneticImplants3,TFT7_Augment_GuildEmblem2,1.0,,,1.0,,2.0,,,,,4.0,,0.0,,,,1.0,,,,,,,1.0,1.0,,0.0,,,,,,,,,,,,,,,,,,,,,,,,,,,,,,,,,,,,,,,,,,,,,,,,,,,,,,,,,,,,,,,,,,2.0,GuildEmblemItem,,,,,,,,,,,,,,,,,,,,,,,,,,,,,,,,,,,,,,,,,,,,,,,,,,,,,,,,,,,2.0,ThiefsGloves,WarmogsArmor,IonicSpark,,,,,2.0,ZekesHerald,ZekesHerald,,,,,,2.0,,,,,,,,,,,,2.0,MadredsBloodrazor,,,,,,,,,,,,,,,,,,,,,,,,,,,,,,,1.0,StatikkShivRadiant,InfinityEdge,CavalierEmblemItem,,,,,,,,,,,None,None,,,,,2.0,StatikkShiv,,,,,,,,,,,,,,,2.0,MadredsBloodrazor,MadredsBloodrazor,GuinsoosRageblade,,,,,,,,,,,,
1,EUW1_5971049202,TFT6_Augment_TriForce3,TFT7_Augment_Preparation3,TFT7_Augment_UrfsGrabBag2,2.0,,,1.0,,0.0,,0.0,,0.0,1.0,,,0.0,0.0,,0.0,,2.0,,0.0,,,,0.0,,2.0,,,,,,,,,,,,,,,,,,,,,,,,,,2.0,,,,,,,,3.0,UnstableConcoction,UnstableConcoction,RabadonsDeathcap,,,,,,,,,,,,,,,,,,,,,,,,,,,,,,,,,,,,,,,,,,,,,,,,,1.0,WarriorEmblemItem,,,,,,,,,,,2.0,,,,,,,,,,,,,,,,,,,,,,,,3.0,InfinityEdge,AssassinEmblemItem,RapidFireCannon,,,,,,,,,,,,,,,,,,,,,,,,,,,,,2.0,WarmogsArmor,,,,,,,,,,,,,,,,,,,,,,,,,,,,,,,2.0,RunaansHurricane,TempestEmblemItem,Bloodthirster,,,,,,,,,,,None,None,,,,,,,,,,,,,,,,,,,,,,,,,1.0,SeraphsEmbrace,,,,,,,,,,
5,EUW1_5971049202,TFT6_Augment_SlowAndSteady,TFT6_Augment_RadiantRelics,TFT6_Augment_ForceOfNature,1.0,1.0,,1.0,,,,,,,2.0,1.0,0.0,0.0,,0.0,,,,0.0,,,1.0,1.0,1.0,,,,,,,,,,,,,,,,,,,,,,,,,,,,,,,,,,,,,,,,,,,,,,,,,,,,,,,,,,,,,,,,,,,,,,,,,,,,3.0,JadeEmblemItem,,,,,,,,,,,,,,,,,,,,,,,,,,,,,,,2.0,,,,2.0,BrambleVest,Morellonomicon,WarmogsArmor,,,,,,,,,,,,,1.0,,,,,,,,2.0,,,,,,,,,,,,,,,,,,,,,,,,,,,,,,,,,,,,1.0,SpearOfShojin,,,,,,,,,,,,,,,2.0,TitansResolve,,,,,,,,,,,,,None,None,,,,,2.0,ZekesHerald,,,3.0,HandOfJusticeRadiant,GuinsoosRageblade,MadredsBloodrazor,,,,,,,,,,,,,,,,,,,,,,,,
4,EUW1_5971049202,TFT6_Augment_CyberneticUplink3,TFT6_Augment_CyberneticImplants3,TFT7_Augment_RevelEmblem2,,,,1.0,1.0,,1.0,,1.0,,,,,,1.0,0.0,0.0,3.0,,,,,,,,1.0,0.0,,,,,,,,,,,,,,,,,,,,,,,,,,,,,,2.0,InfinityEdge,UnstableConcoction,Quicksilver,,,,,2.0,Quicksilver,RevelEmblemItem,StatikkShiv,,,,,,,,,,,,,,,,,,,,,,,,,,,,,,,,,,,,,,,,,,,,,,,,,,,,,,,,,,,,,2.0,SparringGloves,,,,,,,,,,,,,,,,,,,,,,,,,,,,,,,,,,,,,,,,,,,,,,,,,,,2.0,RedBuff,,,,,,,,,,,2.0,RapidFireCannon,NeedlesslyLargeRod,,,,,,,,,,,,,,2.0,DragonsClaw,RedBuff,,,,,,,,,,,,,,2.0,TrainerSnax,None,None,1.0,,,,,,,,,,,,,,,,,,,,,,,,,,,,,,,,,,,
7,EUW1_5971049202,TFT7_Augment_LivingForge,TFT6_Augment_ForceOfNature,TFT7_Augment_BestFriends3,0.0,,,1.0,,1.0,,0.0,,,2.0,,0.0,,0.0,,1.0,,,,,,,1.0,1.0,,1.0,,,,,,,,,,,,,,,,,,,,,,,,,,,,,,,,,,,,,,,,,,,,,,,,,,,,,,,,,,2.0,Zephyr,,,,,,,2.0,IonicSpark,,,,,,,,,,,,,,,,,,,,,,,,,,,,,,,,,,,,,,,,,,,,,,,,,,,,,,,,,,,1.0,GargoyleStoneplate,OrnnAnimaVisage,Morellonomicon,,,,,,,,,,,,,1.0,,,,,,,,,,,,1.0,,,,,,,,,,,,,,,,,,,,,,,,,,,,,,,,2.0,,,,,,,,,,,,,,None,None,,,,,,,,,,,,,,,,,,,,,1.0,MadredsBloodrazor,GuinsoosRageblade,,1.0,UnstableConcoction,OrnnDeathsDefiance,,,,,,,,,
2,EUW1_5971049202,TFT6_Augment_LudensEcho3,TFT7_Augment_BestFriends3,TFT6_Augment_CyberneticUplink3,,0.0,1.0,1.0,,,,,0.0,,2.0,,,2.0,,2.0,,,,,0.0,1.0,,,,1.0,,0.0,,,,,,,,,,,,,,,,,,,,,1.0,,,,,,,,,,,,,,,,,,,,,,,,,,,,,,,,,,,,,,,,,,,,,,,,2.0,TitansResolve,,,3.0,IonicSpark,GargoyleStoneplate,,,,,,,,,,,,,,,,,,,,,,,,,,2.0,ChainVest,,,3.0,RecurveBow,,,,,,,,,,,,,,,,,,,,,,,,,,,,,,,2.0,MadredsBloodrazor,RabadonsDeathcap,SpearOfShojin,,,,,,,,,,,,,,,,,,,,,,,,,,,,,,,,,,,,,2.0,WarmogsArmor,RedBuff,RabadonsDeathcap,,,,,,,,,,,,,,,,,4.0,TrainerSnax,None,None,,,,,,,,,,,,,,,,,,,,,,,,,,,,,,,,,1.0,GuardianAngel,,
8,EUW1_5971049202,TFT6_Augment_ForceOfNature,TFT6_Augment_Electrocharge3,TFT6_Augment_FuturePeepers2,,1.0,,2.0,,,,,,,2.0,,0.0,1.0,,0.0,,,,,,,,1.0,0.0,,,0.0,,,,,,,,,,,,,,,,,,,,,,,,,,,,,,,,,,,,,,,,,,,,,,,,,,,,,,,,,,,,,,,,,,,,,,,,,1.0,,,,,,,,,,,,,,,,,,,,,,,,,,,,,,,,2.0,,,,,,,,,,,,,,,,,,,,1.0,,,,,,,,,,,,2.0,SpearOfShojin,GuinsoosRageblade,ZephyrRadiant,,,,,,,,,,,,,,,,,,,,,2.0,,,,,,,,,,,,,,,,2.0,ChainVest,BrambleVest,RedBuff,,,,,,,,,,,,,,,,,,,None,None,,,,,2.0,,,,3.0,Deathblade,RunaansHurricane,GuinsoosRageblade,,,,,,,,,,,,,,,,,,,,,,,,
8,EUW1_5970750367,TFT6_Augment_SecondWind2,TFT7_Augment_MysticTrait,TFT6_Augment_Diversify1,,0.0,1.0,1.0,,,1.0,,0.0,,2.0,,,2.0,,3.0,,,,,,,,,,1.0,,2.0,,,,,,,,,,,,,,,,,,,,,1.0,,,,,,,,,,,,,,,,,,,,,,,,,,,,2.0,MageEmblemItem,InfinityEdge,MadredsBloodrazor,,,,,,,,,,,,,,,,,1.0,,,,,,,,,,,,,,,,,,,,,,,,,,,,,,,,2.0,,,,2.0,,,,,,,,,,,,,,,,,,,,,,,,,,,,,,,,2.0,SpearOfShojin,,,,,,,,,,,,,,,,,,,,,,,,,,,,,,,,,,,,,,,2.0,RedBuff,Shroud,TitanicHydra,,,,,,,,,,,,,,,,,1.0,TrainerSnax,None,None,,,,,,,,,,,,,,,,,,,,,,,,,,,,,,,,,,,,
5,EUW1_5970750367,TFT7_Augment_BruiserTitanicStrength,TFT6_Augment_TinyTitans,TFT6_Augment_Distancing,1.0,,,2.0,,,1.0,,,,1.0,0.0,0.0,0.0,,,0.0,,,,,,1.0,,1.0,,0.0,2.0,,,,,,,,,,,,,,,,,,,,,,,,,,,,,,,,,,,,,,,,,,,,,,,,,2.0,Bloodthirster,GuinsoosRageblade,TitansResolve,,,,,,,,,,,,,,,,,,,,,,,,,,,,,,,,,,,,,,,,,,,,,,,,,,,,,,,,,,,,,,,,,,,,,,,,,2.0,RedBuff,Redemption,,,,,,2.0,ArchangelsStaff,TearOfTheGoddess,,,,,,,,,,,,,,,,,,2.0,,,,,,,,,,,,,,,,1.0,StatikkShiv,,,,,,,2.0,,,,,,,,2.0,MadredsBloodrazor,HextechGunblade,PowerGauntlet,,,,,,,,,,,None,None,,,,,,,,,,,,,,,,,,,,,,,,,,,,,,,,,,,,
4,EUW1_5970750367,TFT6_Augment_PortableForge,TFT6_Augment_Featherweights1,TFT6_Augment_ThrillOfTheHunt1,0.0,0.0,,,,,1.0,,,1.0,1.0,2.0,,,,0.0,,,,2.0,,,,,,,,1.0,,,,,,,,,,,,,,,,,,,,,,,,,,,,,,,,,,,,,,,,,,,,,2.0,ThiefsGloves,Redemption,BrambleVest,,,,,1.0,,,,,,,,2.0,ZekesHerald,ZekesHerald,PowerGauntlet,,,,,,,,,,,,,,,,,,,,,,,,,,,,,,,,,,,,,,,,,,,,,2.0,RedBuff,TitanicHydra,Morellonomicon,3.0,OrnnDeathsDefiance,Quicksilver,GuinsoosRageblade,,,,,,,,,,,,,,,,,,,,,,,,,,,,,,,,,,,,,,,,,,,,,,,,,,,,,,,,,,,,,,,,,,,,,2.0,,,,2.0,Redemption,,,2.0,,,,,,None,None,,,,,,,,,,,,,,,,,,,,,,,,,,,,,,,,,,,,
1,EUW1_5970750367,TFT7_Augment_GuildEmblem,TFT7_Augment_BestFriends1,TFT7_Augment_CavalierTrait,0.0,,1.0,,,2.0,,0.0,,,6.0,,,1.0,0.0,0.0,0.0,,0.0,,0.0,1.0,,1.0,,,0.0,,,,,,,,,,,,,,,,,,,,,,2.0,StatikkShiv,,,,,,,,,,,,,,,,,,,,,,,,,,,,,,,,,,,,,,,,,,,,,,,,,,,,,,,,,,,,,,,,,,,,,,,,,,,2.0,Shroud,,,,,,,,,,,,,,,,,,,,,,,,,,,,,,,,,,,,,,,2.0,,,,2.0,,,,,,,,,,,,,,,,,,,,,,,,,,,,,,,,,,,,,,,,,,,,2.0,InfinityEdge,MadredsBloodrazor,TitansResolve,,,,,,,,,,,None,None,,,,,2.0,PowerGauntlet,,,,,,,,,,,,,,,2.0,GuildEmblemItem,UnstableConcoction,GuinsoosRageblade,2.0,RedBuff,DragonsClaw,GiantsBelt,,,,,2.0,,,
3,EUW1_5970750367,TFT7_Augment_AstralIntercosmicGifts,TFT6_Augment_Distancing,TFT6_Augment_FirstAidKit,0.0,1.0,,1.0,,,,,1.0,,2.0,,,1.0,,1.0,,0.0,,,,,,1.0,,0.0,,1.0,,,,,,,,,,,,,,,,,,,,,,,,,,,,,,,,,,,,,,,,,,,,,,,,,,,,,,,,,,,,,,,,,,,,,,,,,3.0,Redemption,BrambleVest,FrozenHeart,,,,,,,,,,,,,,,,,,,,,,,,,2.0,TearOfTheGoddess,Chalice,LocketOfTheIronSolari,3.0,,,,,,,,,,,,,,,,,,,,,,,,2.0,,,,,,,,2.0,,,,,,,,,,,,,,,,,,,,,,,,,,,,1.0,,,,,,,,,,,,2.0,RedBuff,GargoyleStoneplate,BrambleVest,,,,,,,,,,,,,,,,,,,None,None,,,,,1.0,,,,3.0,Deathblade,GuinsoosRageblade,RunaansHurricane,,,,,,,,,,,,,,,,,,,,,,,,
7,EUW1_5970750367,TFT6_Augment_TargetDummies,TFT6_Augment_Recombobulator,TFT7_Augment_BestFriends1,0.0,,1.0,1.0,,2.0,,0.0,,,3.0,,0.0,,0.0,0.0,1.0,,,,,,,1.0,1.0,,1.0,,,,,,,,,,,,,,,,,,,,,,1.0,,,,,,,,,,,,,,,,,,,,,,,,,,,,,,,,,,,,,,,,,,,,2.0,,,,,,,,,,,,,,,,,,,,,,,,,,,,,,,,,,,,,,,,,,,,,,,,,,,,,,,,,,,,2.0,GargoyleStoneplate,,,,,,,2.0,FrozenHeart,BFSword,,,,,,2.0,,,,,,,,,,,,2.0,,,,,,,,,,,,,,,,,,,,,,,,,,,,,,,,,,,,,,,,,,,,,,None,None,,,,,2.0,,,,,,,,,,,,,,,,2.0,MadredsBloodrazor,GuinsoosRageblade,Quicksilver,1.0,CavalierEmblemItem,Redemption,IonicSpark,,,,,,,,
6,EUW1_5970750367,TFT6_Augment_TradeSector,TFT6_Augment_Distancing,TFT6_Augment_ThrillOfTheHunt1,1.0,1.0,1.0,1.0,,,,,,,3.0,,0.0,0.0,,1.0,,,,,,,,1.0,1.0,,,,,,,,,,,,,,,,,,,,,,,,1.0,,,,,,,,,,,,,,,,,,,,,,,,,,,,,,,,,,,,,,,,,,,,,,,,,,,,3.0,DragonsClaw,WarmogsArmor,GargoyleStoneplate,,,,,,,,,,,,,,,,,,,,,,,,,,,,,3.0,,,,,,,,,,,,,,,,,,,,2.0,SeraphsEmbrace,Zephyr,,,,,,2.0,,,,,,,,,,,,,,,,,,,,,,,,,,,,,,,,,,,,,,,,,,,,,,,,,,,,2.0,,,,,,,,,,,,,,None,None,,,,,2.0,,,,3.0,RunaansHurricane,LastWhisper,InfinityEdge,,,,,,,,,,,,,,,,,,,,,,,,
2,EUW1_5970750367,TFT6_Augment_TargetDummies,TFT6_Augment_Electrocharge1,TFT6_Augment_SecondWind1,,,1.0,,,,1.0,0.0,1.0,,1.0,2.0,0.0,,0.0,2.0,,,,1.0,,,1.0,,,0.0,0.0,,,,,,2.0,StatikkShiv,JeweledGauntlet,RabadonsDeathcap,,,,,,,,,,,,,1.0,,,,,,,,,,,,,,,,,,,,,,,,2.0,ThiefsGloves,IonicSpark,StatikkShiv,,,,,,,,,,,,,2.0,NegatronCloak,,,,,,,,,,,,,,,,,,,,,,,,,,,,,,,,,,,,,,,2.0,,,,,,,,2.0,RedBuff,GargoyleStoneplate,Zephyr,,,,,,,,,,,,,,,,,,,,,,,,,,,,,,,,,,,,,,,,,,,,,,,,,,,,,,,,,2.0,GuinsoosRageblade,GuardianAngel,,,,,,,,,,,,,,,,,,,,,,,,,,,,None,None,,,,,,,,,,,,,,,,,,,,,,,,,1.0,TitansResolve,RedBuff,,,,,,,,,
2,EUW1_5972715341,TFT7_Augment_SwiftshotPressTheAttack,TFT6_Augment_Twins3,TFT7_Augment_GadgetExpert,,1.0,,1.0,,,,,,,2.0,,,1.0,,0.0,,,,,,,,1.0,,,,0.0,,,,,,,,,,,,,,,,,,,,,,,,,,,,,,,,,,,,,,,,,,,,,,,,,,,,,,,,,,,,,,,,,,,,,,,,,3.0,IonicSpark,DragonsClaw,RedBuff,,,,,,,,,,,,,,,,,,,,,,,,,,,,,3.0,StatikkShiv,,,,,,,,,,,,,,,,,,,,,,,,,,,,,,,1.0,,,,,,,,,,,,,,,,,,,,,,,,,,,,,,,,,,,,,,,,1.0,,,,,,,,,,,,,,,,,,,,,,None,None,,,,,2.0,,,,3.0,UnstableConcoction,GuinsoosRageblade,RunaansHurricane,,,,,,,,,,,,,,,,,,,,,,,,
8,EUW1_5972715341,TFT6_Augment_TriForce2,TFT6_Augment_MaxLevel10,TFT7_Augment_RagewingTantrum,0.0,,,,,,1.0,1.0,,0.0,,0.0,0.0,,,,1.0,,,1.0,2.0,,1.0,,,,,,,,,,,,,,,,,,,,,,,,,,,,,,,,,,,,,,,,,,,,,,1.0,,,,,,,,,,,,,,,,,,,,,,,,,,,,,,,,,,,,,,,,,,,,2.0,,,,,,,,,,,,,,,,,,,,,,,,1.0,WarmogsArmor,Morellonomicon,ShimmerscaleDeterminedInvestor,,,,,,,,,,,,,,,,,,,,,,,,,,,,,,,,,,,,,2.0,,,,,,,,,,,,,,,,,,,,1.0,,,,2.0,Quicksilver,GuinsoosRageblade,ShimmerscaleGoldmancersStaff,,,,,,,,,,,,,,,,,,,,,,,None,None,,,,,,,,,,,,,,,,,2.0,,,,,,,,,,,,,,,,,,,
7,EUW1_5972715341,TFT6_Augment_ThreesCompany,TFT7_Augment_JadeTrait2,TFT7_Augment_JadeEternalProtection,,,,,,,1.0,0.0,1.0,0.0,,3.0,0.0,,,1.0,,,,1.0,,,,0.0,,0.0,,,,,,,2.0,JeweledGauntlet,StatikkShiv,ArchangelsStaff,,,,,2.0,SpearOfShojin,,,,,,,,,,,,,,,,,,,,,,,,,,,,,,,1.0,GuardianAngel,TitansResolve,MadredsBloodrazor,,,,,,,,,,,,,2.0,,,,,,,,,,,,,,,,,,,,,,,,,,,,,,,,,,,,,,,,1.0,,,,,,,,2.0,RedBuff,,,,,,,,,,,,,,,,,,,,,,,,,,,,,,,,,,,,,,,,,,,,,,,,,,,,,,,,,,,,,,,,,,,,,,,,,,,,,,,2.0,,,,,,,,,,None,None,,,,,,,,,,,,,,,,,,,,,,,,,,,,,,,,,,,,
4,EUW1_5972715341,TFT6_Augment_PortableForge,TFT6_Augment_BandOfThieves2,TFT6_Augment_Diversify2,,1.0,1.0,1.0,,,,,0.0,,2.0,,0.0,2.0,,2.0,,,,,,,,,0.0,1.0,,0.0,,,,,,,,,,,,,,,,,,,,,1.0,,,,,,,,,,,,,,,,,,,,,,,,,,,,,,,,,,,,,,,,,,,,,,,,1.0,,,,2.0,ThiefsGloves,GiantsBelt,PowerGauntlet,,,,,,,,,,,,,,,,,,,,,,,,,2.0,Chalice,,,2.0,,,,,,,,,,,,,,,,,,,,2.0,DragonsClaw,Quicksilver,FrozenHeart,,,,,,,,,2.0,MadredsBloodrazor,SpearOfShojin,HextechGunblade,,,,,,,,,,,,,,,,,,,,,,,,,,,,,,,,,,,,,2.0,OrnnEternalWinter,RedBuff,Quicksilver,,,,,,,,,,,,,,,,,3.0,TrainerSnax,None,None,,,,,,,,,,,,,2.0,ThiefsGloves,Quicksilver,DragonsClaw,,,,,,,,,,,,,,,,,,,,
1,EUW1_5972715341,TFT6_Augment_CalculatedLoss,TFT6_Augment_MaxLevel10,TFT6_Augment_Diversify2,1.0,,1.0,1.0,,,1.0,,0.0,,4.0,,0.0,1.0,,1.0,,,,,0.0,1.0,,,2.0,1.0,,1.0,,,,,,,,,2.0,GuardianAngel,ArchangelsStaff,JeweledGauntlet,,,,,,,,,2.0,,,,,,,,,,,,,,,,,,,,,,,,,,,,,,,,,,,,,,,,,,,,,,,,2.0,,,,,,,,,,,,,,,,,,,,,,,,,,,,,,,,2.0,,,,,,,,,,,,,,,,,,,,,,,,2.0,GuildEmblemItem,SparringGloves,IonicSpark,1.0,,,,,,,,,,,,,,,,,,,,,,,,,,,,,,,,,,,,,,,,,,,,,,,,2.0,RedBuff,GargoyleStoneplate,TitanicHydra,,,,,1.0,,,,,,,,,,,,4.0,TrainerSnax,None,None,,,,,,,,,,,,,,,,,,,,,,,,,,,,,,,,,2.0,GuinsoosRageblade,StatikkShiv,GuildEmblemItem
3,EUW1_5972715341,TFT7_Augment_MikaelsGift,TFT6_Augment_MaxLevel10,TFT6_Augment_Diversify2,,,1.0,,2.0,,1.0,,1.0,1.0,1.0,,,,,2.0,,2.0,0.0,,1.0,,,,,1.0,,,,,,,,,,,,,,,,,,,,,,,1.0,,,,1.0,ChainVest,,,2.0,LastWhisper,InfinityEdge,UnstableConcoction,,,,,,,,,2.0,GargoyleStoneplate,FrozenHeart,,,,,,,,,,,,,,,,,,,,,,,,,,,,,,,,,,2.0,LocketOfTheIronSolari,LocketOfTheIronSolari,,,,,,,,,,,,,,,,,,,,,,2.0,ZekesHerald,,,,,,,,,,,,,,,,,,,,,,,,,,,,,,,,,,,,,,,,,,,,,,,,,,,,,,,,,,,,,,,2.0,ShimmerscaleGoldmancersStaff,MysticEmblemItem,,,,,,,,,,,,,,,,,,,,,,,,,,,,,,2.0,TrainerSnax,None,None,2.0,LastWhisper,,,,,,,,,,,,,,,,,,,,,,,,,,,,,,,,,,
6,EUW1_5972715341,TFT7_Augment_MageConference,TFT6_Augment_VerdantVeil,TFT6_Augment_Meditation2,,1.0,,1.0,,,,,0.0,,1.0,,,2.0,,1.0,,,,,,,,,,1.0,,0.0,,,,,,,,,,,,,,,,,,,,,,,,,,,,,,,,,,,,,,,,,,,,,,,,,,,,,,,,,,,,,,,,,,,,,3.0,,,,2.0,DragonsClaw,RedBuff,,,,,,,,,,,,,,,,,,,,,,,,,,2.0,,,,2.0,,,,,,,,,,,,,,,,,,,,,,,,,,,,,,,,2.0,SpearOfShojin,ArchangelsStaff,MadredsBloodrazor,,,,,,,,,,,,,,,,,,,,,,,,,,,,,,,,,,,,,2.0,IonicSpark,TitansResolve,GiantsBelt,,,,,,,,,,,,,,,,,3.0,TrainerSnax,None,None,,,,,,,,,,,,,3.0,,,,,,,,,,,,,,,,,,,,,,,
5,EUW1_5972715341,TFT7_Augment_BestFriends2,TFT6_Augment_RadiantRelics,TFT7_Augment_SwiftshotPressTheAttack,,,,,,0.0,1.0,0.0,,,1.0,0.0,,,0.0,,2.0,,,1.0,,,,1.0,,,0.0,,,,,,,,,,,,,,,,,,,,,,,,,,,,,,,,,,,,,,,,,,,,,,,,,,,,,,,,,,,,,,,,,,2.0,FrozenHeart,,,,,,,,,,,,,,,,,,,,,,,,,,,,,,,,,,,,,,,,,,,2.0,TitanicHydra,RedBuff,,,,,,,,,,,,,,,,,,,,,,,,,,,,,,,,,,,,,,,,,,,,,,2.0,SunfireCapeRadiant,Redemption,ArchangelsStaff,,,,,,,,,,,,,2.0,,,,,,,,,,,,,,,,,,,,,,,,,,None,None,,,,,1.0,,,,,,,,,,,,,,,,2.0,Quicksilver,Bloodthirster,GuinsoosRageblade,1.0,ZekesHerald,,,,,,,,,,
1,EUW1_5971857401,TFT7_Augment_MysticTrait,TFT6_Augment_LudensEcho1,TFT6_Augment_ThrillOfTheHunt2,0.0,0.0,1.0,1.0,,,1.0,,,,1.0,,0.0,1.0,,2.0,,,,,0.0,1.0,,,2.0,,,1.0,,,,,,,,,2.0,SpearOfShojin,GuinsoosRageblade,ArchangelsStaff,,,,,,,,,1.0,LastWhisper,,,,,,,,,,,,,,,,,,,,,,,,,,,,,,,,,,,,,,,,,,,,,,,,,,,,,,,,,,,,,,,,,,,,,,,,,,,,,,,,,,,3.0,PowerGauntlet,Chalice,,,,,,,,,,,,,,,,,,2.0,Redemption,,,2.0,,,,,,,,,,,,,,,,,,,,,,,,,,,,,,,,,,,,,,,,,,,,,,,,2.0,WarmogsArmor,GargoyleStoneplate,DragonsClaw,,,,,,,,,,,,,,,,,,,None,None,,,,,,,,,,,,,,,,,,,,,,,,,,,,,,,,,2.0,ThiefsGloves,,
6,EUW1_5971857401,TFT6_Augment_Meditation1,TFT6_Augment_TinyTitans,TFT6_Augment_JeweledLotus,,0.0,1.0,1.0,,,1.0,,0.0,,1.0,,0.0,1.0,,2.0,,,,,,,,,2.0,1.0,,0.0,,,,,,,,,1.0,SpearOfShojin,UnstableConcoction,StatikkShiv,,,,,,,,,1.0,,,,,,,,,,,,,,,,,,,,,,,,,,,,,,,,,,,,,,,,,,,,,,,,2.0,,,,,,,,,,,,,,,,,,,,,,,,,,,,,,,,2.0,DragonsClaw,PowerGauntlet,StatikkShiv,2.0,,,,,,,,,,,,,,,,,,,,1.0,,,,,,,,,,,,,,,,,,,,,,,,,,,,,,,,,,,,,,,,,,,,,,,,,,,,2.0,RedBuff,GargoyleStoneplate,TitansResolve,,,,,,,,,,,,,,,,,4.0,TrainerSnax,None,None,,,,,,,,,,,,,,,,,,,,,,,,,,,,,,,,,,,,
2,EUW1_5971857401,TFT6_Augment_TriForce1,TFT6_Augment_TinyTitans,TFT6_Augment_CelestialBlessing2,,1.0,1.0,1.0,,,,,0.0,,2.0,0.0,,1.0,,2.0,,,,,0.0,1.0,1.0,1.0,,0.0,,0.0,,,,,,,,,,,,,,,,,,,,,1.0,,,,,,,,,,,,,,,,,,,,,,,,,,,,,,,,,,,,,,,,,,,,,,,,,,,,3.0,RedBuff,GargoyleStoneplate,Redemption,,,,,,,,,,,,,,,,,,,,,,,,,2.0,,,,3.0,UnstableConcoction,StatikkShiv,,,,,,,,,,,,,,,,,,,,,,,,,,,,,,,,,,,,,,,,,,,,,,,,,,,,,,,,,,,,,,2.0,,,,,,,,2.0,,,,,,,,,,,,,,,,,,,,,,None,None,,,,,2.0,,,,3.0,RunaansHurricane,Deathblade,GuinsoosRageblade,,,,,,,,,,,,,,,,,,,,,1.0,StatikkShiv,GuardianAngel,UnstableConcoction
7,EUW1_5971857401,TFT7_Augment_AFK,TFT7_Augment_GuardianTrait,TFT6_Augment_CyberneticUplink2,,,1.0,,2.0,,1.0,,1.0,1.0,1.0,,,,,1.0,,2.0,,,1.0,,,,,1.0,,,,,,,,,,,,,,,,,,,,,,,1.0,NegatronCloak,,,,,,,2.0,GuinsoosRageblade,UnstableConcoction,MadredsBloodrazor,,,,,,,,,2.0,RedBuff,ShimmerscaleMogulsMail,GargoyleStoneplate,,,,,,,,,,,,,,,,,,,,,,,,,,,,,,,,,2.0,,,,,,,,,,,,,,,,,,,,,,,,2.0,Redemption,,,,,,,,,,,,,,,,,,,,,,,,,,,,,,,,,,,,,,,,,,,,,,,,,,,,,,,,,,,,,,,2.0,ThiefsGloves,TearOfTheGoddess,GuardianAngel,,,,,,,,,,,,,,,,,,,,,,,,,,,,,2.0,TrainerSnax,None,None,2.0,ZekesHerald,,,,,,,,,,,,,,,,,,,,,,,,,,,,,,,,,,
5,EUW1_5971857401,TFT6_Augment_ThrillOfTheHunt1,TFT6_Augment_Meditation1,TFT7_Augment_MageEmblem,,0.0,,0.0,,0.0,,,1.0,,1.0,,,3.0,,1.0,,0.0,0.0,,0.0,1.0,,,,1.0,,0.0,,,,,,,,,,,,,,,,,,,,,,,,,,,,,,,,,,,,,,,,,,,,,,,,,,,,,,,,,,,,,,,,,,,,,2.0,,,,,,,,,,,,,,,,,,,,,,,,,,,,2.0,TitanicHydra,,,2.0,,,,1.0,,,,,,,,,,,,,,,,,,,,,,,,,,,,,,,,2.0,HextechGunblade,SpearOfShojin,JeweledGauntlet,,,,,,,,,,,,,,,,,,,,,,,,,2.0,SeraphsEmbrace,MageEmblemItem,Morellonomicon,,,,,,,,,2.0,IonicSpark,WarmogsArmor,FrozenHeart,,,,,,,,,,,,,,,,,4.0,TrainerSnax,None,None,,,,,,,,,,,,,,,,,,,,,,,,,,,,,,,,,1.0,,,
3,EUW1_5971857401,TFT6_Augment_Electrocharge1,TFT7_Augment_BestFriends1,TFT6_Augment_TargetDummies,1.0,,1.0,1.0,,1.0,,,,,3.0,,0.0,,,0.0,1.0,,,,,,,1.0,1.0,,0.0,,,,,,,,,,,,,,,,,,,,,,1.0,,,,,,,,,,,,,,,,,,,,,,,,,,,,,,,,,,,,,,,,,,,,2.0,Chalice,WarmogsArmor,,,,,,,,,,,,,,,,,,,,,,,,,,,,,,,,,,,,,,,,,,,,,,,,,,,,,,,,,,2.0,CavalierEmblemItem,,,,,,,2.0,,,,,,,,,,,,,,,,,,,,2.0,,,,,,,,,,,,,,,,,,,,,,,,,,,,,,,,2.0,RedBuff,FrozenHeart,IonicSpark,,,,,,,,,,,None,None,,,,,2.0,PowerGauntlet,,,,,,,,,,,,,,,2.0,HextechGunblade,MadredsBloodrazor,MadredsBloodrazor,,,,,,,,,,,,
8,EUW1_5971857401,TFT6_Augment_CyberneticImplants1,TFT6_Augment_Diversify1,TFT7_Augment_GadgetExpert,,,,0.0,1.0,,1.0,0.0,1.0,1.0,,,,,1.0,0.0,0.0,1.0,,,1.0,,,,,1.0,1.0,,,,,,,,,,,,,,,,,,,,,,,,,,,,,,2.0,MadredsBloodrazor,GuinsoosRageblade,,,,,,,,,,1.0,ShimmerscaleMogulsMail,RedBuff,,,,,,,,,,,,,,,,,,,,,,,,,,,,,,,,,,,,,,,,,,,,,,,,,,1.0,,,,,,,,1.0,,,,,,,,,,,,,,,,,,,,,,,,,,,,,,,,,,,,,,,,,,,,,,,,,,,,2.0,ForceOfNature,FrozenHeart,,,,,,,,,,1.0,StatikkShiv,,,,,,,,,,,,,,,,,,,,,,,,,,,,,,,2.0,TrainerSnax,None,None,1.0,StatikkShiv,,,,,,,,,,,,,,,,,,,,,,,1.0,HextechGunblade,RedBuff,,,,,,,,,
4,EUW1_5971857401,TFT7_Augment_AssassinTrait,TFT6_Augment_ItemGrabBag1,TFT7_Augment_RagewingScorch,1.0,,,1.0,,1.0,,,,,3.0,0.0,0.0,,,,1.0,,,,,,1.0,1.0,0.0,,0.0,,,,,,,,,,,,,,,,,,,,,,,,,,,,,,,,,,,,,,,,,,,,,,,,,,,,,,,,,,,,,,,,,,2.0,,,,,,,,,,,,,,,,,,,,,,,,,,,,,,,,,,,,,,,,,,,,,,,,,,,,,,,,,,,,1.0,,,,,,,,,,,,,,,,2.0,,,,,,,,,,,,2.0,RedBuff,DragonsClaw,,,,,,,,,,,,,,1.0,NeedlesslyLargeRod,JeweledGauntlet,,,,,,,,,,,,,,2.0,FrozenHeart,InfinityEdge,UnstableConcoction,,,,,,,,,,,None,None,,,,,2.0,RunaansHurricane,,,,,,,,,,,,,,,2.0,GuinsoosRageblade,Quicksilver,RunaansHurricane,,,,,,,,,,,,
1,EUW1_5971260287,TFT7_Augment_MikaelsGift,TFT6_Augment_CelestialBlessing2,TFT6_Augment_JeweledLotus,,,,1.0,,,1.0,0.0,1.0,,,,0.0,1.0,,0.0,,0.0,,,0.0,1.0,,,3.0,1.0,,0.0,,,,,,,,,2.0,SpearOfShojin,ArchangelsStaff,GuinsoosRageblade,,,,,,,,,,,,,,,,,,,,,,,,,,,,,,,,,,,,,,,,,,,,,,,,,,,,,,,,,2.0,LocketOfTheIronSolari,RunaansHurricane,,,,,,,,,,,,,,,,,,1.0,NegatronCloak,,,,,,,,,,,1.0,,,,,,,,,,,,,,,,,,,,,,,,2.0,,,,,,,,,,,,,,,,,,,,,,,,,,,,,,,,,,,,,,,,2.0,TempestEmblemItem,GuinsoosRageblade,,,,,,,,,,2.0,,,,,,,,,,,,,,,,,,,,4.0,TrainerSnax,None,None,,,,,,,,,,,,,,,,,,,,,,,,,,,,,,,,,2.0,Chalice,Chalice,LocketOfTheIronSolari
4,EUW1_5971260287,TFT7_Augment_JadeTrait,TFT6_Augment_TomeOfTraits1,TFT7_Augment_TempestEyeOfTheStorm,,,,1.0,,1.0,1.0,0.0,0.0,,1.0,1.0,1.0,,0.0,,1.0,,,1.0,,,,,1.0,,,,,,,,2.0,BFSword,,,,,,,,,,,,,,,,,,,,,,,,,,,,,,,,,,,,,,,,,,,,,,,,,,,,,,,,,,,,,,,,,,,,,,,,,,,,,,,,,,,2.0,,,,,,,,,,,,,,,,,,,,2.0,BruiserEmblemItem,,,,,,,2.0,Chalice,Chalice,Chalice,,,,,2.0,HextechGunblade,,,,,,,,,,,,,,,2.0,,,,,,,,,,,,,,,,1.0,Bloodthirster,RabadonsDeathcap,LegendEmblemItem,,,,,,,,,,,,,,,,,,,,,,,,,,,,,,,,,,,,,,,None,None,,,,,,,,,,,,,,,,,,,,,,,,,,,,,,,,,,,,
8,EUW1_5971260287,TFT6_Augment_CyberneticUplink2,TFT6_Augment_Ascension,TFT6_Augment_SecondWind2,,0.0,,1.0,,,,,0.0,,1.0,,,2.0,,1.0,,,,,0.0,1.0,,,,1.0,,0.0,,,,,,,,,,,,,,,,,,,,,,,,,,,,,,,,,,,,,,,,,,,,,,,,,,,,,,,,,,,,,,,,,,,,,2.0,,,,1.0,,,,,,,,,,,,,,,,,,,,,,,,,,,,1.0,,,,3.0,,,,,,,,,,,,,,,,,,,,,,,,,,,,,,,,2.0,MadredsBloodrazor,SpearOfShojin,RabadonsDeathcap,,,,,,,,,,,,,,,,,,,,,,,,,,,,,,,,,,,,,2.0,RedBuff,TitansResolve,WarmogsArmor,,,,,,,,,,,,,,,,,2.0,TrainerSnax,None,None,,,,,,,,,,,,,,,,,,,,,,,,,,,,,,,,,1.0,TearOfTheGoddess,,
6,EUW1_5971260287,TFT6_Augment_Meditation2,TFT6_Augment_Ascension,TFT7_Augment_MageEmblem,,1.0,1.0,,,1.0,1.0,,1.0,,2.0,,,1.0,,1.0,,,0.0,,0.0,1.0,,,,1.0,,,,,,,,,,,,,,,,,,,1.0,JeweledGauntlet,ArchangelsStaff,MageEmblemItem,1.0,,,,,,,,,,,,,,,,,,,,,,,,,,,,,,,,,,,,,,,,,,,,,,,,2.0,,,,,,,,,,,,,,,,,,,,,,,,,,,,2.0,TitanicHydra,TitansResolve,IonicSpark,2.0,ThiefsGloves,RedBuff,GargoyleStoneplate,,,,,,,,,,,,,,,,,,,,,,,,,,,,,,,,,,,,,2.0,BrambleVest,,,,,,,,,,,,,,,,,,,,,,,,,,,,,,,,,,,,,,,,,,,,,,,,,,,,,,,3.0,TrainerSnax,None,None,,,,,,,,,,,,,,,,,,,,,,,,,,,,,,,,,2.0,RapidFireCannon,,
7,EUW1_5971260287,TFT6_Augment_CyberneticShell2,TFT6_Augment_PortableForge,TFT7_Augment_MageEmblem,,1.0,,1.0,,,,,0.0,,1.0,,,1.0,,1.0,,,,,,,,1.0,,0.0,,0.0,,,,,,,,,,,,,,,,,,,,,,,,,,,,,,,,,,,,,,,,,,,,,,,,,,,,,,,,,,,,,,,,,,,,,,,,,3.0,MageEmblemItem,WarmogsArmor,,,,,,,,,,,,,,,,,,,,,,,,,,1.0,,,,3.0,ArchangelsStaff,RapidFireCannon,SeraphsEmbrace,,,,,,,,,,,,,,,,,,,,,,,,,,,,,,,,,,,,,,,,,,,,,,,,,,,,,,,,,,,,,,,,,,,,,2.0,RedBuff,,,,,,,,,,,,,,,,,,,,,None,None,,,,,1.0,,,,3.0,OrnnInfinityForce,MadredsBloodrazor,Quicksilver,2.0,,,,,,,,,,,,,,,,,,,,,,,
5,EUW1_5971260287,TFT7_Augment_BestFriends2,TFT6_Augment_Ascension,TFT6_Augment_CelestialBlessing2,,,1.0,,1.0,,1.0,,1.0,1.0,1.0,,,,,1.0,,1.0,,,1.0,,,,,1.0,,0.0,,,,,,,,,,,,,,,,,,,,,1.0,,,,,,,,2.0,MadredsBloodrazor,InfinityEdge,UnstableConcoction,,,,,,,,,2.0,RedBuff,WarmogsArmor,WarmogsArmor,,,,,,,,,,,,,,,,,,,,,,,,,,,,,,,,,,,,,,,,,,,,,,,,,,,,,,,,,2.0,,,,,,,,,,,,,,,,,,,,,,,,,,,,,,,,,,,,,,,,,,,,,,,,,,,,,,,,,,,,,,,,1.0,Redemption,,,,,,,,,,,,,,,,,,,,,,,,,,,2.0,,,,3.0,TrainerSnax,None,None,2.0,LastWhisper,ShimmerscaleGoldmancersStaff,HextechGunblade,,,,,,,,,,,,,,,,,,,,,,,,,,,,,,,,
2,EUW1_5971260287,TFT6_Augment_CalculatedLoss,TFT7_Augment_DragonAlliance,TFT7_Augment_TempestEmblem,,1.0,1.0,,,,2.0,,1.0,1.0,1.0,1.0,,,,2.0,,,,,1.0,,,,0.0,0.0,,0.0,,,,,,,,,,,,,,,,,2.0,ShimmerscaleGoldmancersStaff,JeweledGauntlet,SpearOfShojin,2.0,,,,,,,,,,,,,,,,,,,,2.0,RedBuff,WarmogsArmor,IonicSpark,2.0,RapidFireCannon,UnstableConcoction,TempestEmblemItem,,,,,,,,,,,,,,,,,,,,,,,,,,,,,,,,,,,,,,,,,,,,,,,,,,,,,2.0,SeraphsEmbrace,ArchangelsStaff,PowerGauntlet,,,,,,,,,,,,,,,,,,,,,,,,,,,,,,,,,,,,,,,,,,,,,,,,,,,,,,,,,,,,,,,,,,,,,,,,,,,,,,,,,,,,,,,,,2.0,,,,,,None,None,,,,,,,,,,,,,,,,,,,,,,,,,,,,,,,,,,,,
3,EUW1_5971260287,TFT6_Augment_CyberneticShell2,TFT7_Augment_MikaelsGift,TFT6_Augment_CyberneticImplants2,,,,,3.0,,,,0.0,1.0,,,,,,0.0,0.0,1.0,0.0,,,,,,,1.0,,0.0,,,,,,,,,,,,,,,,,,,,,,,,,3.0,Redemption,WarmogsArmor,RedBuff,2.0,,,,,,,,,,,,,,,,,,,,,,,,,,,,,,,,,,,,,,,,,,,,,,,,3.0,Chalice,LocketOfTheIronSolari,,,,,,,,,,,,,,,,,,,,,,2.0,Morellonomicon,,,,,,,,,,,,,,,,,,,,,,,,,,,,,,,,,,,,,,,,,,,3.0,Deathblade,,,,,,,,,,,,,,,,,,,,,,,,,,,,,,,,,,,,,,,,,,,,,,,2.0,Redemption,,,4.0,TrainerSnax,None,None,3.0,Deathblade,RunaansHurricane,GuinsoosRageblade,,,,,,,,,,,,,,,,,,,,,,,,,,,,,,,,
8,EUW1_5970807506,TFT7_Augment_GuildEmblem,TFT7_Augment_GadgetExpert,TFT6_Augment_Diversify2,1.0,,,1.0,,0.0,,0.0,,,4.0,,0.0,,,,1.0,,,,0.0,,,1.0,1.0,,0.0,,,,,,,,,,,,,,,,,,,,,,,,,,,,,,,,,,,,,,,,,,,,,,,,,,,,,,,,,,,,,,,,,,,,,,,,,,,,,,,,,,,,,,1.0,IonicSpark,,,1.0,,,,,,,,,,,,,,,,,,,,,,,,,,,,,,,,,,,,2.0,GuildEmblemItem,,,,,,,,,,,,,,,2.0,,,,,,,,,,,,2.0,,,,,,,,,,,,,,,,,,,,,,,,,,,,,,,,1.0,,,,,,,,,,,,,,None,None,,,,,2.0,StatikkShiv,Deathblade,RunaansHurricane,,,,,,,,,,,,,2.0,GuinsoosRageblade,MadredsBloodrazor,Quicksilver,,,,,,,,,,,,
4,EUW1_5970807506,TFT6_Augment_MetabolicAccelerator,TFT7_Augment_MikaelsGift,TFT6_Augment_JeweledLotus,1.0,,,1.0,,1.0,,,,,3.0,,0.0,,,,1.0,,,,,,,1.0,1.0,,0.0,,,,,,,,,,,,,,,,,,,,,,,,,,,,,,,,,,,,,,,,,,,,,,,,,,,,,,,,,,,,,,,,,,2.0,RedBuff,ArchangelsStaff,,,,,,,,,,,,,,,,,,,,,,,,,,,,,,,,,,,,,,,,,,,,,,,,,,,,,,,,,,2.0,RedBuff,,,,,,,2.0,,,,,,,,2.0,,,,,,,,,,,,2.0,LocketOfTheIronSolari,,,,,,,,,,,,,,,,,,,,,,,,,,,,,,,2.0,RunaansHurricane,,,,,,,,,,,,,None,None,,,,,1.0,ZekesHerald,ZekesHerald,,,,,,,,,,,,,,2.0,StatikkShiv,InfinityEdge,Deathblade,,,,,,,,,,,,
7,EUW1_5970807506,TFT7_Augment_DragonmancerEmblem,TFT6_Augment_SalvageBin,TFT6_Augment_PortableForge,,,1.0,,,,1.0,1.0,,,1.0,2.0,,,,1.0,0.0,,,1.0,,,1.0,,,,,,,,,,,,,,,,,,,,,,,,,,1.0,,,,,,,,,,,,,,,,,,,,,,,,2.0,DragonsClaw,OrnnDeathsDefiance,TitansResolve,,,,,,,,,,,,,,,,,,,,,,,,,,,,,,,,,2.0,ThiefsGloves,ChainVest,IonicSpark,,,,,,,,,,,,,,,,,,,,,,,,,2.0,WarmogsArmor,DragonsClaw,RedBuff,,,,,,,,,,,,,,,,,,,,,,,,,,,,,,,,,,,,,,,,,,,,,,,,,,,,,,,,,1.0,DragonmancerEmblemItem,,,2.0,StatikkShiv,JeweledGauntlet,GuinsoosRageblade,,,,,,,,,,,,,,,,,,,,,,,None,None,,,,,,,,,,,,,,,,,,,,,,,,,,,,,,,,,,,,
2,EUW1_5970807506,TFT6_Augment_TriForce2,TFT6_Augment_Meditation2,TFT6_Augment_CelestialBlessing2,,0.0,1.0,1.0,,,1.0,,0.0,,1.0,,0.0,1.0,,1.0,,0.0,,,0.0,1.0,,,2.0,,,0.0,,,,,,,,,2.0,SpearOfShojin,HextechGunblade,ArchangelsStaff,,,,,,,,,2.0,,,,,,,,,,,,,,,,,,,,,,,,,,,,,,,,,,,,,,,,,,,,,,,,,,,,,,,,,,,,,,,,,,,,,,,,,,,,,,,,,,,,3.0,Chalice,StatikkShiv,SpearOfShojin,,,,,,,,,,,,,,,,,2.0,ThiefsGloves,Bloodthirster,HextechGunblade,,,,,,,,,,,,,,,,,,,,,,,,,,,,,,,,,,,,,2.0,,,,,,,,,,,,2.0,GargoyleStoneplate,FrozenHeart,Redemption,,,,,,,,,,,,,,,,,,,None,None,,,,,,,,,,,,,,,,,,,,,,,,,,,,,,,,,2.0,,,
1,EUW1_5970807506,TFT6_Augment_Electrocharge2,TFT7_Augment_JadeTrait,TFT7_Augment_DragonmancerEmblem,,,,0.0,,,1.0,3.0,,,,1.0,0.0,,0.0,,0.0,,,0.0,0.0,,,0.0,2.0,,0.0,,,,,,,,,,2.0,MadredsBloodrazor,DragonmancerEmblemItem,JeweledGauntlet,2.0,TearOfTheGoddess,,,,,,,,,,,,,,,,,,,,,,,,,,,,,,,,,,,,,,,,,,,,,,,,,,,,,,,,,,,,,,,,,,,2.0,,,,,,,,2.0,TitanicHydra,,,,,,,,,,,,,,,,,,,,,,,,,,,,,,,,,,,2.0,DragonmancerEmblemItem,RedBuff,WarmogsArmor,,,,,,,,,,,,,,,,,,,,,2.0,,,,,,,,,,,,,,,,,,,,,,,,2.0,,,,,,,,,,,,,,,,,,,,,,,,,,None,None,,,,,,,,,,,,,,,,,2.0,FrozenHeart,,,,,,,2.0,Bloodthirster,RapidFireCannon,StatikkShiv,,,,,,,,
6,EUW1_5970807506,TFT6_Augment_PortableForge,TFT6_Augment_CelestialBlessing2,TFT6_Augment_Ascension,1.0,,,1.0,1.0,,,,1.0,,1.0,,0.0,,,0.0,,2.0,,,,,,,1.0,1.0,,,,,,,,,,,,,,,,,,,,,,,,,,,,,,,2.0,OrnnInfinityForce,MadredsBloodrazor,GuinsoosRageblade,,,,,,,,,,,,,,,,,,,,,,,,,,,,,,,,,,,,,,,,,,,,,,,,,,,,,,,,,,,,,,,,,,,,,2.0,,,,,,,,,,,,,,,,,,,,,,,,2.0,GargoyleStoneplate,Morellonomicon,Quicksilver,,,,,2.0,FrozenHeart,,,,,,,,,,,,,,,,,,,,,,,,,,,,,,,2.0,ThiefsGloves,Shroud,JeweledGauntlet,,,,,,,,,,,,,2.0,TitanicHydra,,,2.0,TitansResolve,,,,,,,,,,,2.0,TrainerSnax,None,None,2.0,,,,,,,,,,,,,,,,,,,,,,,,,,,,,,,,,,,
3,EUW1_5970807506,TFT6_Augment_TargetDummies,TFT7_Augment_CannoneerRicochet,TFT6_Augment_SecondWind2,,,1.0,,1.0,,1.0,,1.0,0.0,1.0,,,0.0,,1.0,,1.0,,,1.0,,,,,2.0,,,,,,,,,,,,,,,,,,,,,,,1.0,Zephyr,,,,,,,2.0,GuinsoosRageblade,InfinityEdge,MadredsBloodrazor,,,,,,,,,2.0,Quicksilver,Redemption,GargoyleStoneplate,,,,,,,,,,,,,,,,,,,,,,,,,2.0,,,,,,,,,,,,,,,,,,,,,,,,,,,,,,,,2.0,,,,,,,,,,,,,,,,,,,,,,,,,,,,,,,,,,,,,,,,,,,,,,,,,,,,,,,,,,,,,,,,2.0,Shroud,ShimmerscaleDiamondHands,,,,,,,,,,,,,,,,,,,,,,,,,,,,,,4.0,TrainerSnax,None,None,2.0,LastWhisper,,,,,,,,,,,,,,,,,,,,,,,,,,,,,,,,,,
5,EUW1_5970807506,TFT6_Augment_ThreesCompany,TFT7_Augment_FirstAidKit2,TFT6_Augment_ThrillOfTheHunt2,,,,,,1.0,,2.0,,,,1.0,,,0.0,,1.0,,,1.0,,,,0.0,0.0,,,,,,,,,,,,,,,,2.0,,,,,,,,,,,,,,,,,,,,,,,,,,,,,,,,,,,,,,,,,,,,,,,,,,,,2.0,DragonmancerEmblemItem,Morellonomicon,,,,,,,,,,,,,,2.0,,,,,,,,2.0,,,,,,,,,,,,,,,,,,,,2.0,ThiefsGloves,GuinsoosRageblade,Quicksilver,,,,,3.0,RabadonsDeathcap,MadredsBloodrazor,HextechGunblade,,,,,,,,,,,,,,,,,,,,,,,,,,,,,2.0,,,,,,,,,,,,,,,,,,,,,,,,2.0,StatikkShiv,MadredsBloodrazor,MadredsBloodrazor,,,,,,,,,,,,,,,,,,,,,,,None,None,,,,,,,,,,,,,,,,,,,,,,,,,,,,,,,,,,,,
3,EUW1_5970971296,TFT7_Augment_Preparation,TFT6_Augment_Meditation2,TFT7_Augment_RevelPartyFavors,,0.0,,1.0,1.0,,,,1.0,,,,,1.0,,1.0,,3.0,,,,,,,,1.0,,0.0,,,,,,,,,,,,,,,,,,,,,,,,,,,,,2.0,HextechGunblade,LastWhisper,GuinsoosRageblade,,,,,,,,,,,,,,,,,,,,,,,,,,,,,,,,,,,,,2.0,,,,,,,,2.0,,,,,,,,,,,,,,,,,,,,,,,,2.0,,,,2.0,,,,,,,,,,,,,,,,,,,,,,,,,,,,,,,,,,,,,,,,,,,,,,,,,,,,,,,,,,,,2.0,,,,,,,,,,,,2.0,BrambleVest,Zephyr,Shroud,2.0,RedBuff,GargoyleStoneplate,WarmogsArmor,,,,,,,,,,,,,3.0,TrainerSnax,None,None,,,,,,,,,,,,,,,,,,,,,,,,,,,,,,,,,,,,
1,EUW1_5970971296,TFT6_Augment_Electrocharge1,TFT7_Augment_BestFriends2,TFT7_Augment_CannoneerHotShot,,,1.0,,1.0,,1.0,,1.0,1.0,1.0,,,0.0,,1.0,,1.0,0.0,,1.0,1.0,,,,1.0,,,,,,,,,,,,,,,,,,,,,,,2.0,,,,2.0,GiantsBelt,,,2.0,Deathblade,UnstableConcoction,InfinityEdge,,,,,,,,,2.0,ShimmerscaleHeartOfGold,DragonsClaw,GargoyleStoneplate,,,,,,,,,,,,,,,,,,,,,,,,,,,,,,,,,,,,,,,,,,,,,,,,,,,,,,,,,2.0,Shroud,,,,,,,,,,,,,,,,,,,,,,,,,,,,,,,,,,,,,,,,,,,,,,,,,,,,,,,,,,,,,,,2.0,,,,,,,,,,,,,,,,,,,,,,,,,,,,,,,,4.0,TrainerSnax,None,None,2.0,StatikkShiv,LastWhisper,GuinsoosRageblade,,,,,,,,,,,,,,,,,,,,,,,,,,,,,2.0,Quicksilver,,
5,EUW1_5970971296,TFT6_Augment_Electrocharge1,TFT6_Augment_PortableForge,TFT6_Augment_SecondWind2,,,1.0,1.0,,,1.0,,0.0,,2.0,,0.0,0.0,,1.0,,1.0,,,,,,0.0,2.0,1.0,,,,,,,,,,,1.0,OrnnMuramana,SpearOfShojin,ArchangelsStaff,,,,,,,,,1.0,NeedlesslyLargeRod,,,,,,,,,,,,,,,,,,,,,,,,,,,,,,,,,,,,,,,,,,,,,,,2.0,,,,,,,,,,,,,,,,,,,,,,,,,,,,,,,,2.0,,,,,,,,,,,,,,,,,,,,,,,,2.0,RevelEmblemItem,Morellonomicon,,,,,,,,,,,,,,,,,,,,,,,,,,,,,,,,,,,,,,,,,,,,,,,,,,,,,,2.0,BrambleVest,IonicSpark,WarmogsArmor,,,,,,,,,,,,,3.0,TrainerSnax,None,None,,,,,1.0,Deathblade,InfinityEdge,,,,,,,,,,,,,,,,,,,,,,,,,,,,,
7,EUW1_5970971296,TFT6_Augment_Twins1,TFT7_Augment_FirstAidKit2,TFT7_Augment_GadgetExpert,,,,,,,1.0,,1.0,,,2.0,0.0,,,1.0,,,,1.0,,,,,,0.0,,,,,,,3.0,StatikkShiv,SpearOfShojin,,,,,,,,,,,,,,,,,,,,,,,,,,,,,,,,,,,,,,1.0,Bloodthirster,TitansResolve,Bloodthirster,,,,,,,,,,,,,2.0,,,,,,,,,,,,,,,,,,,,,,,,,,,,,,,,,,,,,,,,1.0,,,,,,,,2.0,RedBuff,Redemption,,,,,,,,,,,,,,,,,,,,,,,,,,,,,,,,,,,,,,,,,,,,,,,,,,,,,,,,,,,,,,,,,,,,,,,,,,,,,,,,,,,,,,,,None,None,,,,,,,,,,,,,,,,,,,,,,,,,,,,,,,,,,,,
6,EUW1_5970971296,TFT6_Augment_Traitless1,TFT6_Augment_PortableForge,TFT7_Augment_GadgetExpert,0.0,,,0.0,,0.0,,,0.0,0.0,1.0,0.0,0.0,,,,0.0,0.0,0.0,0.0,,,,0.0,0.0,,,,,,,,,,,,,,,,,,,,,,,,,,,,3.0,OrnnAnimaVisage,GargoyleStoneplate,TitansResolve,,,,,,,,,,,,,,,,,,,,,,,,,,,,,,,,,,,,,1.0,,,,,,,,,,,,,,,,,,,,,,,,,,,,,,,,,,,,,,,,,,,,1.0,SparringGloves,,,,,,,,,,,,,,,2.0,,,,,,,,,,,,,,,,,,,,,,,,,,,,,,,,,,,,,,,,1.0,,,,,,,,,,,,,,,,,,,,1.0,FrozenHeart,,,,,,,,,,,,,None,None,,,,,,,,,,,,,,,,,,,,,2.0,StatikkShiv,GuinsoosRageblade,StatikkShiv,,,,,,,,,,,,
8,EUW1_5970971296,TFT6_Augment_CyberneticShell1,TFT6_Augment_Ascension,TFT6_Augment_CyberneticUplink2,,1.0,,1.0,,,,,0.0,,1.0,,,1.0,,1.0,,,,,,,,1.0,,1.0,,0.0,,,,,,,,,,,,,,,,,,,,,,,,,,,,,,,,,,,,,,,,,,,,,,,,,,,,,,,,,,,,,,,,,,,,,1.0,,,,3.0,,,,,,,,,,,,,,,,,,,,,,,,,,,,1.0,,,,3.0,StatikkShiv,,,,,,,,,,,,,,,,,,,,,,,,,,,,,,,,,,,,,,,,,,,,,,,,,,,,,,,,,,,,,,,,,,,,,,,2.0,GargoyleStoneplate,,,,,,,,,,,,,,,,,,,1.0,TrainerSnax,None,None,,,,,2.0,,,,2.0,GuinsoosRageblade,MadredsBloodrazor,,,,,,,,,,,,,,,,,,,,,,,,,
2,EUW1_5970971296,TFT7_Augment_GuardianTrait,TFT7_Augment_DragonAlliance,TFT6_Augment_SecondWind2,1.0,,1.0,0.0,,,2.0,0.0,,0.0,2.0,1.0,,,0.0,1.0,,,,,,,1.0,,,,0.0,2.0,,,,,,,,,,,,,,,,,,,,,2.0,,,,,,,,,,,,,,,,,,,,,,,,2.0,ThiefsGloves,ZekesHerald,Deathblade,2.0,GuinsoosRageblade,Bloodthirster,MadredsBloodrazor,,,,,,,,,,,,,,,,,,,,,,,,,,,,,,,,,,,,,,,,,,,,,,,,,,,,,,,,,,,,,,,,,,,,,,,,,,,,,1.0,JeweledGauntlet,TitansResolve,,,,,,,,,,,,,,,,,,,,,,,,,,,,,,,,,,,,,,2.0,SpearOfShojin,,,,,,,,,,,,,,,2.0,ThiefsGloves,SeraphsEmbrace,ArchangelsStaff,,,,,,,,,,,None,None,,,,,,,,,,,,,,,,,,,,,,,,,2.0,WarmogsArmor,RedBuff,BrambleVest,,,,,,,,
4,EUW1_5970971296,TFT6_Augment_PandorasItems,TFT7_Augment_DragonHorde,TFT6_Augment_SecondWind2,,,,0.0,,,2.0,,,0.0,,1.0,,,1.0,0.0,,,,,1.0,,,,,,,1.0,,,,,,,,,,,,,,,,,,,,,,,,,,,,,,,,,,,,,2.0,InfinityEdge,UnstableConcoction,JeweledGauntlet,2.0,BrambleVest,RedBuff,GargoyleStoneplate,1.0,ShimmerscaleHeartOfGold,UnstableConcoction,Quicksilver,2.0,ThiefsGloves,PowerGauntlet,Shroud,,,,,,,,,,,,,,,,,,,,,,,,,,,,,,,,,,,,,,,,,,,,,,,,,,,,,,,,,,,,,,,,,,,,,,,,,,,,,,,,,,,,,,,,,,,,,,,,,,,,,,,,,,,,,,,,,,,,,,,,,,,,,,,,,,,,,,,,,,,,,,,,,,,None,None,,,,,,,,,,,,,,,,,,,,,,,,,,,,,,,,,,,,
7,EUW1_5971182562,TFT6_Augment_Twins1,TFT7_Augment_BestFriends1,TFT6_Augment_MakeshiftArmor3,,1.0,,1.0,,,,,,,1.0,,,,,,,,,,,,,1.0,,,,,,,,,,,,,,,,,,,,,,,,,,,,,,,,,,,,,,,,,,,,,,,,,,,,,,,,,,,,,,,,,,,,,,,,,,,,,2.0,,,,,,,,,,,,,,,,,,,,,,,,,,,,,,,,,,,,,,,,,,,,,,,,,,,,,,,,,,,,,,,,,,,,,,,,,,,,,,,,,,,,,,,,2.0,LocketOfTheIronSolari,,,,,,,,,,,,,,,,,,,,,,,,,,,,,,,,,,,,,None,None,,,,,2.0,,,,3.0,InfinityEdge,GuinsoosRageblade,RunaansHurricane,,,,,,,,,,,,,,,,,,,,,,,,
4,EUW1_5971182562,TFT6_Augment_Weakspot,TFT6_Augment_ItemGrabBag1,TFT6_Augment_Diversify3,,,1.0,,1.0,,1.0,,1.0,1.0,1.0,,,,,1.0,,1.0,,,1.0,,,,,1.0,,0.0,,,,,,,,,,,,,,,,,,,,,1.0,,,,,,,,2.0,RunaansHurricane,MadredsBloodrazor,GuinsoosRageblade,,,,,,,,,2.0,DragonsClaw,BrambleVest,Redemption,,,,,,,,,,,,,,,,,,,,,,,,,,,,,,,,,,,,,,,,,,,,,,,,,,,,,,,,,2.0,LastWhisper,FrozenHeart,,,,,,,,,,,,,,,,,,,,,,,,,,,,,,,,,,,,,,,,,,,,,,,,,,,,,,,,,,,,,,2.0,RapidFireCannon,ShimmerscaleGoldmancersStaff,StatikkShiv,,,,,,,,,,,,,,,,,,,,,,,,,2.0,,,,1.0,TrainerSnax,None,None,1.0,,,,,,,,,,,,,,,,,,,,,,,,,,,,,,,,,,,
1,EUW1_5971182562,TFT6_Augment_Distancing,TFT6_Augment_ThrillOfTheHunt1,TFT6_Augment_CyberneticImplants3,1.0,,,1.0,,1.0,,,,,3.0,,0.0,,,,1.0,,,,,,,1.0,1.0,,0.0,,,,,,,,,,,,,,,,,,,,,,,,,,,,,,,,,,,,,,,,,,,,,,,,,,,,,,,,,,,,,,,,,,2.0,ZekesHerald,,,,,,,,,,,,,,,,,,,,,,,,,,,,,,,,,,,,,,,,,,,,,,,,,,,,,,,,,,,2.0,GargoyleStoneplate,,,,,,,2.0,StatikkShiv,,,,,,,2.0,,,,,,,,,,,,2.0,ChainVest,,,,,,,,,,,,,,,,,,,,,,,,,,,,,,,2.0,RedBuff,IonicSpark,,,,,,,,,,,,None,None,,,,,2.0,,,,,,,,,,,,,,,,2.0,GuinsoosRageblade,Quicksilver,MadredsBloodrazor,,,,,,,,,,,,
6,EUW1_5971182562,TFT7_Augment_GuildTrait,TFT6_Augment_CelestialBlessing1,TFT6_Augment_BinaryAirdrop,0.0,,1.0,0.0,,1.0,,0.0,,,6.0,,,1.0,0.0,0.0,,,0.0,,,,,0.0,,,0.0,0.0,,,,,,,,,,,,,,,,,,,,,1.0,,,,,,,,,,,,,,,,,,,,,,,,,,,,,,,,,,,,,,,,,,,,,,,,,,,,,,,,,,,,,,,,,,,,,,,,,,,,2.0,,,,,,,,,,,,,,,,,,,,,,,,,,,,,,,,,,,,,,,,2.0,ArchangelsStaff,SpearOfShojin,Morellonomicon,2.0,,,,,,,,,,,,,,,,,,,,,,,,,,,,,,,,,,,,2.0,WarmogsArmor,BrambleVest,TitanicHydra,,,,,1.0,UnstableConcoction,RecurveBow,RunaansHurricane,,,,,,,,,,,None,None,,,,,1.0,StatikkShiv,LastWhisper,GuinsoosRageblade,,,,,,,,,,,,,,,,,1.0,Bloodthirster,NegatronCloak,Shroud,,,,,,,,
2,EUW1_5971182562,TFT6_Augment_Electrocharge1,TFT7_Augment_ShimmerscaleEmblem,TFT6_Augment_CyberneticShell3,1.0,,,1.0,,1.0,,,,,3.0,,0.0,,,,1.0,,,,0.0,,,1.0,1.0,,0.0,,,,,,,,,,,,,,,,,,,,,,,,,,,,,,,,,,,,,,,,,,,,,,,,,,,,,,,,,,,,,,,,,,2.0,ShimmerscaleEmblemItem,,,,,,,,,,,,,,,,,,,,,,,,,,,,,,,,,,,,,,,,,,,,,,,,,,,,,,,,,,,2.0,RedBuff,,,,,,,2.0,RabadonsDeathcap,,,,,,,2.0,NegatronCloak,,,,,,,,,,,2.0,TitanicHydra,RecurveBow,,,,,,,,,,,,,,,,,,,,,,,,,,,,,,2.0,FrozenHeart,,,,,,,,,,,,,None,None,,,,,2.0,Quicksilver,,,,,,,,,,,,,,,2.0,GuinsoosRageblade,Quicksilver,MadredsBloodrazor,,,,,,,,,,,,
8,EUW1_5971182562,TFT6_Augment_CyberneticUplink1,TFT7_Augment_SwiftshotTrait,TFT6_Augment_ItemGrabBag2,1.0,,,1.0,,1.0,,,,,2.0,,0.0,,,,1.0,,,,,,,1.0,1.0,,0.0,,,,,,,,,,,,,,,,,,,,,,,,,,,,,,,,,,,,,,,,,,,,,,,,,,,,,,,,,,,,,,,,,,2.0,GargoyleStoneplate,Morellonomicon,,,,,,,,,,,,,,,,,,,,,,,,,,,,,,,,,,,,,,,,,,,,,,,,,,,,,,,,,,1.0,FrozenHeart,GargoyleStoneplate,,,,,,2.0,NeedlesslyLargeRod,,,,,,,1.0,,,,,,,,,,,,2.0,,,,,,,,,,,,,,,,,,,,,,,,,,,,,,,,1.0,ZekesHerald,,,,,,,,,,,,,None,None,,,,,,,,,,,,,,,,,,,,,2.0,MadredsBloodrazor,UnstableConcoction,InfinityEdge,,,,,,,,,,,,
3,EUW1_5971182562,TFT7_Augment_MirageTrait,TFT7_Augment_BandOfThieves1,TFT7_Augment_CursedCrown,1.0,,1.0,2.0,,,1.0,0.0,,,2.0,0.0,0.0,0.0,1.0,0.0,0.0,,,,0.0,1.0,1.0,,1.0,,1.0,2.0,,,,,,,,,,,,,,,,,,,,,1.0,,,,,,,,,,,,,,,,,,,,,,,,,,,,2.0,Bloodthirster,Quicksilver,GuinsoosRageblade,,,,,,,,,,,,,,,,,,,,,,,,,,,,,,,,,,,,,,,,,,,,,,,,,,,,,,,,,,,,,,,,,,,,,,,,,2.0,RedBuff,,,,,,,2.0,,,,,,,,,,,,,,,,,,,,2.0,Redemption,,,,,,,,,,,,,,,1.0,,,,,,,,2.0,RedBuff,,,,,,,2.0,ThiefsGloves,PowerGauntlet,FrozenHeart,,,,,,,,,,,None,None,,,,,,,,,,,,,,,,,,,,,,,,,1.0,TitansResolve,TitansResolve,,,,,,1.0,,,
5,EUW1_5971182562,TFT6_Augment_Distancing,TFT6_Augment_CelestialBlessing1,TFT6_Augment_RadiantRelics,,1.0,,1.0,,,,,1.0,,1.0,,,1.0,,1.0,,0.0,,,,,,1.0,,1.0,,0.0,,,,,,,,,,,,,,,,,,,,,,,,,,,,,,,,,,,,,,,,,,,,,,,,,,,,,,,,,,,,,,,,,,,,,1.0,,,,3.0,GargoyleStoneplate,BrambleVest,,,,,,,,,,,,,,,,,,,,,,,,,,1.0,ZekesHerald,ZekesHerald,,3.0,,,,,,,,,,,,,,,,,,,,,,,,,,,,,,,,,,,,,,,,,,,,,,,,,,,,,,,,,,,,2.0,,,,,,,,,,,,2.0,,,,,,,,,,,,,,,,,,,,2.0,TrainerSnax,None,None,,,,,2.0,MadredsBloodrazor,RunaansHurricane,,3.0,Deathblade,GuinsoosRageblade,RunaansHurricaneRadiant,,,,,,,,,,,,,,,,,,,,,,,,
5,EUW1_5971077767,TFT6_Augment_TinyTitans,TFT6_Augment_SecondWind1,TFT6_Augment_SunfireBoard,1.0,0.0,,2.0,,,1.0,,,,2.0,,0.0,0.0,,,,,,,,,,1.0,0.0,,,2.0,,,,,,,,,,,,,,,,,,,,,,,,,,,,,,,,,,,,,,,,,,,,,,,,,1.0,RapidFireCannon,AssassinEmblemItem,,,,,,,,,,,,,,,,,,,,,,2.0,,,,,,,,,,,,,,,,,,,,,,,,,,,,,,,,,,,,,,,,,,,,,,,,,,,,2.0,RedBuff,WarmogsArmor,,,,,,,,,,,,,,,,,,,,,,,,,,,,,,,,,,,,,,,,,,,,,,,,,,1.0,,,,,,,,1.0,FrozenHeart,,,,,,,,,,,,,None,None,,,,,2.0,,,,3.0,GuinsoosRageblade,StatikkShiv,Deathblade,,,,,,,,,,,,,,,,,,,,,,,,
6,EUW1_5971077767,TFT7_Augment_AFK,TFT6_Augment_LudensEcho1,TFT7_Augment_GadgetExpert,,0.0,1.0,1.0,,,,,1.0,,2.0,,,2.0,,2.0,,,,,0.0,1.0,,,,1.0,,0.0,,,,,,,,,,,,,,,,,,,,,1.0,,,,,,,,,,,,,,,,,,,,,,,,,,,,,,,,,,,,,,,,,,,,,,,,2.0,,,,2.0,TitanicHydra,,,,,,,,,,,,,,,,,,,,,,,,,,,2.0,,,,3.0,StatikkShiv,StatikkShiv,JeweledGauntlet,,,,,,,,,,,,,,,,,,,,,,,,,,,,,2.0,SpearOfShojin,EvokerEmblemItem,ArchangelsStaff,,,,,,,,,,,,,,,,,,,,,,,,,,,,,,,,,,,,,2.0,WarmogsArmor,TitansResolve,Shroud,,,,,,,,,,,,,,,,,3.0,TrainerSnax,None,None,,,,,,,,,,,,,,,,,,,,,,,,,,,,,,,,,1.0,,,
1,EUW1_5971077767,TFT6_Augment_MakeshiftArmor1,TFT6_Augment_Meditation1,TFT6_Augment_Meditation2,,,1.0,1.0,,,1.0,0.0,0.0,,1.0,,0.0,1.0,0.0,1.0,,,,,0.0,1.0,,,2.0,1.0,0.0,0.0,,,,,,,,,2.0,ArchangelsStaff,SpearOfShojin,SpearOfShojin,,,,,,,,,2.0,,,,,,,,,,,,,,,,,,,,,,,,,,,,,,,,,,,,,,,,,,,,,,,,2.0,TitanicHydra,,,,,,,,,,,,,,,,,,,,,,,,,,,,,,,2.0,Redemption,,,,,,,,,,,,,,,,,,,,,,,1.0,,,,,,,,,,,,,,,,,,,,,,,,,,,,,,,,,,,,,,,,,,,,,,,,,,,,2.0,ThiefsGloves,Chalice,PowerGauntlet,,,,,,,,,,,,,,,,,4.0,TrainerSnax,None,None,,,,,,,,,,,,,,,,,,,,,,,,,1.0,RedBuff,JeweledGauntlet,UnstableConcoction,,,,,2.0,StatikkShiv,Chalice,RabadonsDeathcap
4,EUW1_5971077767,TFT7_Augment_CannoneerTrait,TFT6_Augment_TinyTitans,TFT6_Augment_CyberneticImplants2,,,,,4.0,,,,0.0,1.0,,,,,,0.0,0.0,1.0,0.0,,,,,,,1.0,,0.0,,,,,,,,,,,,,,,,,,,,,,,,,2.0,WarmogsArmor,BrambleVest,,2.0,InfinityEdge,UnstableConcoction,GuinsoosRageblade,,,,,,,,,,,,,,,,,,,,,,,,,,,,,,,,,,,,,,,,,,,,,2.0,LastWhisper,,,,,,,,,,,,,,,,,,,,,,,1.0,,,,,,,,,,,,,,,,,,,,,,,,,,,,,,,,,,,,,,,,,,,,2.0,,,,,,,,,,,,,,,,,,,,,,,,,,,,,,,,,,,,,,,,,,,,,,,,2.0,ThiefsGloves,TearOfTheGoddess,Morellonomicon,3.0,TrainerSnax,None,None,1.0,ZekesHerald,,,,,,,,,,,,,,,,,,,,,,,,,,,,,,,,,,
3,EUW1_5971077767,TFT6_Augment_CyberneticUplink1,TFT6_Augment_LudensEcho1,TFT6_Augment_ComponentGrabBag,,,1.0,,2.0,,1.0,,1.0,1.0,1.0,,,0.0,,1.0,,2.0,,,1.0,1.0,,,,1.0,,,,,,,,,,,,,,,,,,,,,,,1.0,GuardianEmblemItem,,,,,,,2.0,RunaansHurricane,UnstableConcoction,GuinsoosRageblade,,,,,,,,,2.0,DragonsClaw,WarmogsArmor,ShimmerscaleDiamondHands,,,,,,,,,,,,,,,,,,,,,,,,,,,,,,,,,2.0,RapidFireCannon,,,,,,,,,,,,,,,,,,,,,,,2.0,Zephyr,,,,,,,,,,,,,,,,,,,,,,,,,,,,,,,,,,,,,,,,,,,,,,,,,,,,,,,,,,,,,,,2.0,Morellonomicon,SpearOfShojin,SpearOfShojin,,,,,,,,,,,,,,,,,,,,,,,,,,,,,4.0,TrainerSnax,None,None,2.0,PowerGauntlet,,,,,,,,,,,,,,,,,,,,,,,,,,,,,,,1.0,,,
2,EUW1_5971077767,TFT6_Augment_SecondWind1,TFT6_Augment_Recombobulator,TFT6_Augment_Diversify2,1.0,,,0.0,,0.0,1.0,0.0,,0.0,2.0,,,,0.0,,1.0,,,,1.0,,,1.0,,,1.0,0.0,,,,,,,,,,,,,,,,,,,,,,,,,,,,,,,,,,,,,,,,,2.0,RedBuff,GargoyleStoneplate,,,,,,,,,,,,,,,,,,,,,,2.0,ZekesHerald,,,,,,,,,,,,,,,,,,,,,,,,,,,,,,,,,,,,,,,,,,,,,,,,,,,,,,,,,,,,,,,2.0,Shroud,,,,,,,,,,,,,,,,,,,,,,,2.0,,,,,,,,,,,,,,,,,,,,,,,,,,,,,,,,2.0,FrozenHeart,ArchangelsStaff,UnstableConcoction,,,,,,,,,,,None,None,,,,,2.0,,,,,,,,,,,,,,,,2.0,GuinsoosRageblade,GuardianAngel,MadredsBloodrazor,2.0,InfinityEdge,ShimmerscaleDiamondHands,,,,,,,,,
7,EUW1_5971077767,TFT6_Augment_ItemGrabBag1,TFT6_Augment_SecondWind1,TFT7_Augment_GadgetExpert,,0.0,,1.0,,,,,1.0,,1.0,,,2.0,,1.0,,0.0,,,0.0,1.0,,,,1.0,,0.0,,,,,,,,,,,,,,,,,,,,,,,,,,,,,,,,,,,,,,,,,,,,,,,,,,,,,,,,,,,,,,,,,,,,,1.0,,,,2.0,TitanicHydra,,,,,,,,,,,,,,,,,,,,,,,,,,,2.0,,,,2.0,StatikkShiv,,,,,,,,,,,,,,,,,,,,,,,,,,,,,,,2.0,ArchangelsStaff,JeweledGauntlet,SpearOfShojin,,,,,,,,,,,,,,,,,,,,,,,,,2.0,,,,,,,,,,,,2.0,RedBuff,GargoyleStoneplate,,,,,,,,,,,,,,,,,,2.0,TrainerSnax,None,None,,,,,,,,,,,,,,,,,,,,,,,,,,,,,,,,,1.0,SpearOfShojin,RabadonsDeathcap,Quicksilver
8,EUW1_5971077767,TFT6_Augment_ItemGrabBag1,TFT6_Augment_CyberneticUplink1,TFT6_Augment_Diversify2,,,,,1.0,,1.0,,1.0,1.0,,0.0,,,,0.0,,1.0,,,1.0,,1.0,,,1.0,,0.0,,,,,,,,,,,,,,,,,,,,,,,,,,,,,1.0,GuinsoosRageblade,MadredsBloodrazor,,,,,,,,,,2.0,RedBuff,WarmogsArmor,ShimmerscaleDeterminedInvestor,,,,,,,,,,,,,,,,,,,,,,,,,,,,,,,,,,,,,,,,,,,,,,,,,,,,,,,,,2.0,,,,,,,,,,,,,,,,,,,,,,,,,,,,,,,,,,,,,,,,,,,,,,,,,,,,,,,,,,,,,,,,1.0,Morellonomicon,,,1.0,TearOfTheGoddess,,,,,,,,,,,,,,,,,,,,,,,1.0,,,,2.0,TrainerSnax,None,None,1.0,,,,,,,,,,,,,,,,,,,,,,,,,,,,,,,,,,,
6,EUW1_5971395445,TFT7_Augment_MirageEmblem,TFT7_Augment_BestFriends2,TFT6_Augment_JeweledLotus,,,,,,1.0,1.0,,,1.0,,0.0,,,3.0,,0.0,,0.0,,,,1.0,,,,0.0,,,,,,,,,,,,,,,,,,,,,,,,,,2.0,TitanicHydra,,,,,,,,,,,2.0,JeweledGauntlet,ArchangelsStaff,Bloodthirster,,,,,,,,,,,,,,,,,,,,,,,,,2.0,MirageEmblemItem,,,,,,,,,,,,,,,,,,,,,,,,,,,2.0,,,,,,,,,,,,,,,,,,,,,,,,2.0,RedBuff,Zephyr,WarmogsArmor,,,,,,,,,,,,,,,,,,,,,,,,,,,,,,,,,,,,,,,,,,,,,,,,,1.0,,,,,,,,,,,,,,,,,,,,,,,,,,,,,,None,None,,,,,,,,,,,,,,,,,,,,,,,,,,,,,2.0,,,,,,,
2,EUW1_5971395445,TFT6_Augment_CyberneticShell2,TFT6_Augment_LudensEcho2,TFT6_Augment_Distancing2,,1.0,,1.0,,0.0,,,0.0,,2.0,,,2.0,,1.0,,,,,,,,,,1.0,,0.0,,,,,,,,,,,,,,,,,,,,,,,,,,,,,,,,,,,,,,,,,,,,,,,,,,,,,,,,,,,,,,,,,,,,,2.0,,,,3.0,ThiefsGloves,Quicksilver,Deathblade,,,,,,,,,,,,,,,,,,,,,,,,,2.0,,,,3.0,SpearOfShojin,SpearOfShojin,MadredsBloodrazor,,,,,,,,,,,,,,,,,,,,,,,,,,,,,2.0,RabadonsDeathcap,JeweledGauntlet,,1.0,,,,,,,,,,,,,,,,,,,,,,,,,,,,,,,,,,,,2.0,IonicSpark,BrambleVest,RedBuff,,,,,,,,,,,,,,,,,2.0,TrainerSnax,None,None,,,,,,,,,,,,,2.0,,,,,,,,,,,,,,,,,,,,,,,
5,EUW1_5971395445,TFT7_Augment_BruiserEmblem,TFT7_Augment_CavalierEmblem,TFT7_Augment_MirageHallucinate,,,,0.0,,4.0,1.0,0.0,,,1.0,,,0.0,3.0,,0.0,,0.0,,,,,,,,1.0,,,,,,,,,,,,,,,,,,,,,,,,,,,,,,,,,,,,,,2.0,MadredsBloodrazor,JeweledGauntlet,ArchangelsStaff,,,,,,,,,,,,,,,,,,,,,,,,,2.0,LocketOfTheIronSolari,StatikkShiv,,,,,,,,,,,,,,,,,,,,,,,,,,,,,,2.0,,,,,,,,,,,,,,,,,,,,2.0,,,,,,,,,,,,,,,,,,,,,,,,2.0,BruiserEmblemItem,,,,,,,,,,,,,,,,,,,,,,,,,,,,,,,,,,,,,,,,,,,,,,,,,,,,,,,,,None,None,,,,,,,,,,,,,,,,,,,,,,,,,1.0,Bloodthirster,CavalierEmblemItem,GuardianAngel,1.0,LastWhisper,ChainVest,,,,,
3,EUW1_5971395445,TFT6_Augment_SunfireBoard,TFT7_Augment_AstralIntercosmicGifts,TFT7_Augment_BestFriends2,,0.0,,1.0,,,1.0,,1.0,,,,,1.0,,1.0,,0.0,,,0.0,1.0,,0.0,,0.0,,2.0,,,,,,,,,,,,,,,,,,,,,,,,,,,,,,,,,,,,,,,,,,,,,,,,,2.0,WarmogsArmor,,,,,,,,,,,,,,,,,,,,,,,,,,,,,,,,,,,,,,,,,,,,,,,,,,,2.0,,,,3.0,StatikkShiv,ArchangelsStaff,SpearOfShojin,,,,,,,,,,,,,,,,,,,,,,,,,,,,,,,,,,,,,,,,,,,,,,,,,,,,,,,,,2.0,,,,,,,,,,,,2.0,TitansResolve,Redemption,TitansResolve,,,,,,,,,,,,,,,,,,,None,None,,,,,,,,,3.0,GuinsoosRageblade,InfinityEdge,RunaansHurricane,,,,,,,,,,,,,,,,,,,,,1.0,,,
1,EUW1_5971395445,TFT7_Augment_ClutteredMind,TFT7_Augment_CannoneerEmblem,TFT6_Augment_Diversify2,1.0,,1.0,,2.0,,1.0,,1.0,1.0,1.0,,,,,1.0,,1.0,,,1.0,,,,,1.0,,1.0,,,,,,,,,,,,,,,,,,,,,2.0,,,,,,,,2.0,UnstableConcoction,MadredsBloodrazor,GuinsoosRageblade,,,,,,,,,2.0,WarmogsArmor,RedBuff,GargoyleStoneplate,,,,,,,,,,,,,,,,,,,,,,,,,,,,,,,,,,,,,,,,,,,,,,,,,,,,,,,,,2.0,,,,,,,,,,,,,,,,,,,,,,,,,,,,2.0,ShimmerscaleGoldmancersStaff,GuardianAngel,,,,,,,,,,,,,,,,,,,,,,,,,,,,,,,,,,2.0,CannoneerEmblemItem,,,,,,,,,,,,,,,,,,,,,,,,,,,2.0,,,,4.0,TrainerSnax,None,None,1.0,LastWhisper,AssassinEmblemItem,RunaansHurricane,,,,,,,,,,,,,,,,,,,,,,,,,,,,,,,,
8,EUW1_5971395445,TFT6_Augment_CelestialBlessing2,TFT7_Augment_AxiomArc2,TFT7_Augment_FirstAidKit2,,1.0,,1.0,,,,,1.0,,1.0,,,2.0,,1.0,,0.0,,,,,,,,1.0,,0.0,,,,,,,,,,,,,,,,,,,,,,,,,,,,,,,,,,,,,,,,,,,,,,,,,,,,,,,,,,,,,,,,,,,,,2.0,,,,2.0,DragonsClaw,,,,,,,,,,,,,,,,,,,,,,,,,,,2.0,,,,2.0,,,,,,,,,,,,,,,,,,,,,,,,,,,,,,,,2.0,SpearOfShojin,HextechGunblade,MadredsBloodrazor,,,,,,,,,,,,,,,,,,,,,,,,,1.0,,,,,,,,,,,,1.0,TitansResolve,Shroud,TitanicHydra,,,,,,,,,,,,,,,,,2.0,TrainerSnax,None,None,,,,,,,,,,,,,2.0,,,,,,,,,,,,,,,,,,,,,,,
7,EUW1_5971395445,TFT6_Augment_LudensEcho2,TFT6_Augment_Ascension,TFT6_Augment_TargetDummies,,,,,1.0,,1.0,,1.0,1.0,,0.0,,,,0.0,,1.0,,,1.0,,1.0,,,1.0,,0.0,,,,,,,,,,,,,,,,,,,,,,,,,,,,,2.0,MadredsBloodrazor,GuinsoosRageblade,,,,,,,,,,2.0,GargoyleStoneplate,IonicSpark,,,,,,,,,,,,,,,,,,,,,,,,,,,,,,,,,,,,,,,,,,,,,,,,,,,,,,,,,,2.0,,,,,,,,,,,,,,,,,,,,,,,,,,,,,,,,,,,,,,,,,,,,,,,,,,,,,,,,,,,,,,,,2.0,Morellonomicon,ShimmerscaleGoldmancersStaff,SpearOfShojin,2.0,TearOfTheGoddess,,,,,,,,,,,,,,,,,,,,,,,1.0,Shroud,,,2.0,TrainerSnax,None,None,2.0,,,,,,,,,,,,,,,,,,,,,,,,,,,,,,,,,,,
4,EUW1_5971395445,TFT6_Augment_MakeshiftArmor2,TFT6_Augment_CelestialBlessing2,TFT6_Augment_JeweledLotus,,,,0.0,,,1.0,1.0,,,,1.0,,,,,2.0,,,2.0,,,,0.0,,,0.0,,,,,,,,,,,,,,2.0,UnstableConcoction,,,,,,,,,,,,,,,,,,,,,,,,,,,,,,,,,,,,,,,,,,,,,,,2.0,,,,,,,,,,,,,,,,,,,,,,,,,,,,,,,,,,,,,,,,,,,,,,,,2.0,RedBuff,,,,,,,,,,,,,,,,,,,,,,,,,,,,,,,,,,,,,,,2.0,,,,2.0,Chalice,,,1.0,IonicSpark,RabadonsDeathcap,FrozenHeart,,,,,,,,,,,,,2.0,StatikkShiv,Quicksilver,GuinsoosRageblade,,,,,,,,,,,,,,,,,,,,,,,None,None,,,,,,,,,,,,,,,,,,,,,,,,,,,,,,,,,,,,
1,EUW1_5972122870,TFT6_Augment_Electrocharge1,TFT7_Augment_GadgetExpert,TFT7_Augment_BigFriend2,,,,1.0,,,,2.0,,,,1.0,0.0,,0.0,,1.0,,,1.0,,,,0.0,1.0,,1.0,,,,,,,,,,,,,,2.0,StatikkShiv,StatikkShiv,LastWhisper,,,,,,,,,,,,,,,,,,,,,,,,,,,,,,,,,,,,,,,,,,,,,,,,,,,,,,,,,,,,,,,,,2.0,,,,,,,,2.0,Shroud,IonicSpark,,,,,,,,,,,,,,,,,,2.0,WarmogsArmor,IonicSpark,Morellonomicon,,,,,,,,,,,,,1.0,,,,,,,,,,,,,,,,,,,,,,,,2.0,,,,1.0,,,,,,,,,,,,,,,,,,,,3.0,ArchangelsStaff,GuinsoosRageblade,TitansResolve,,,,,,,,,,,,,,,,,,,,,,,None,None,,,,,,,,,,,,,,,,,,,,,,,,,2.0,ThiefsGloves,ZekesHerald,RapidFireCannon,,,,,,,,
3,EUW1_5972122870,TFT6_Augment_CelestialBlessing1,TFT6_Augment_Twins2,TFT7_Augment_GadgetExpert,1.0,0.0,,1.0,,,,,,,2.0,,0.0,,,,,,,,,,,1.0,1.0,,,,,,,,,,,,,,,,,,,,,,,,,,,,,,,,,,,,,,,,,,,,,,,,,,,,,,,,,,,,,,,,,,,,,,,,,,,,3.0,Redemption,RedBuff,LocketOfTheIronSolari,,,,,,,,,,,,,,,,,,,,,,,,,,,,,,,,,,,,,,,,,,,,,,,,,1.0,,,,,,,,1.0,,,,,,,,,,,,,,,,,,,,,,,,,,,,,,,,,,,,,,,,,,,,,,,,,,,,1.0,,,,,,,,,,,,,,None,None,,,,,2.0,ZekesHerald,,,2.0,StatikkShiv,GuinsoosRageblade,GuinsoosRageblade,,,,,,,,,,,,,,,,,,,,,,,,
8,EUW1_5972122870,TFT7_Augment_BandOfThieves1,TFT6_Augment_BlueBattery2,TFT6_Augment_Diversify2,,0.0,,0.0,,,1.0,0.0,0.0,,,,,1.0,,1.0,,,,,,,,,2.0,1.0,,0.0,,,,,,,,,1.0,HextechGunblade,HextechGunblade,,,,,,,,,,,,,,,,,,,,,,,,,,,,,,,,,,,,,,,,,,,,,,,,,,,,,,,,,,2.0,,,,,,,,,,,,,,,,,,,,1.0,ThiefsGloves,NeedlesslyLargeRod,RabadonsDeathcap,,,,,,,,,2.0,PowerGauntlet,Chalice,,3.0,ArchangelsStaff,TitanicHydra,,,,,,,,,,,,,,,,,,,,,,,,,,,,,,,,,,,,,,,,,,,,,,,,,,,,,,,,,,,,,,,,,,,,,,2.0,ThiefsGloves,NeedlesslyLargeRod,JeweledGauntlet,,,,,,,,,,,,,,,,,2.0,TrainerSnax,None,None,,,,,,,,,,,,,,,,,,,,,,,,,,,,,,,,,,,,
4,EUW1_5972122870,TFT6_Augment_SecondWind1,TFT6_Augment_PortableForge,TFT6_Augment_ThrillOfTheHunt2,,0.0,,,,,1.0,0.0,,1.0,,1.0,,,,,1.0,,,3.0,,,,,,,,0.0,,,,,,,,,,,,,,,,,,,,,,,,,,,,,,,,,,,,,,,,,,,,,,,,,,,,,2.0,ThiefsGloves,ZekesHerald,RapidFireCannon,,,,,2.0,,,,,,,,,,,,,,,,,,,,,,,,,,,,,,,,,,,,,,,,,,,,,,,,1.0,GuardianEmblemItem,,,3.0,Deathblade,MadredsBloodrazor,Quicksilver,,,,,,,,,,,,,,,,,,,,,,,,,,,,,,,,,,,,,,,,,1.0,Morellonomicon,DragonsClaw,JeweledGauntlet,,,,,,,,,,,,,2.0,RapidFireCannon,NeedlesslyLargeRod,,,,,,,,,,,,,,2.0,OrnnRanduinsSanctum,,,,,,,,,None,None,,,,,,,,,,,,,,,,,,,,,,,,,,,,,,,,,,,,
6,EUW1_5972122870,TFT6_Augment_Electrocharge1,TFT6_Augment_SecondWind2,TFT6_Augment_ComponentGrabBag,1.0,,,,,,1.0,0.0,,,1.0,2.0,,,0.0,0.0,,,,1.0,,,1.0,,,,0.0,0.0,,,,,,,,,,,,,,,,,,,,,,,,,,,,,,,,,,,,,,,,,,,,,2.0,GuinsoosRageblade,Bloodthirster,,,,,,,,,,,,,,2.0,,,,,,,,,,,,,,,,,,,,,,,,,,,,,,,,,,,,,,,,,,,,,,,,2.0,GargoyleStoneplate,WarmogsArmor,RedBuff,,,,,,,,,,,,,,,,,1.0,DragonmancerEmblemItem,,,,,,,,,,,,,,,,,,,,,,,,,,,,,,,,,,,,,,,1.0,Shroud,,,,,,,,,,,,,,,2.0,RapidFireCannon,,,,,,,,,,,,,None,None,,,,,,,,,,,,,,,,,,,,,,,,,1.0,SeraphsEmbrace,Bloodthirster,,,,,,,,,
5,EUW1_5972122870,TFT6_Augment_Electrocharge1,TFT6_Augment_TargetDummies,TFT6_Augment_TomeOfTraits1,,,,1.0,2.0,,1.0,,1.0,,,,,1.0,,0.0,,1.0,,,0.0,1.0,,,,1.0,,2.0,,,,,,,,,,,,,,,,,,,,,,,,,,,,,2.0,MadredsBloodrazor,InfinityEdge,,,,,,,,,,,,,,,,,,2.0,GargoyleStoneplate,WarmogsArmor,IonicSpark,,,,,,,,,,,,,,,,,,,,,,,,,,,,,,,,,,,,,,,,,,,,,,,,,2.0,ZekesHerald,CannoneerEmblemItem,,,,,,,,,,,,,,,,,,,,,,,,,,,,,,,,,,,,,,,,,,,,,,,,,,,,,,,,,,,,,,2.0,MageEmblemItem,Morellonomicon,,,,,,,,,,2.0,GargoyleStoneplate,,,,,,,,,,,,,,,,,,,4.0,TrainerSnax,None,None,2.0,,,,,,,,,,,,,,,,,,,,,,,,,,,,,,,,1.0,,,
7,EUW1_5972122870,TFT6_Augment_CyberneticUplink1,TFT6_Augment_Electrocharge2,TFT7_Augment_SwiftshotPressTheAttack,,0.0,,1.0,,,,0.0,,,1.0,1.0,0.0,,,,0.0,,,1.0,,,,2.0,1.0,,,,,,,,,,,,,,,,2.0,GuinsoosRageblade,,,,,,,,,,,,,,,,,,,,,,,,,,,,,,,,,,,,,,,,,,,3.0,MadredsBloodrazor,RabadonsDeathcap,,1.0,GiantsBelt,,,,,,,,,,,2.0,BFSword,,,,,,,,,,,,,,,,,,,,,,,,,,,,,,,,,,,2.0,RedBuff,GargoyleStoneplate,FrozenHeart,,,,,,,,,,,,,2.0,SparringGloves,,,,,,,,,,,,,,,,,,,,,,,,,,,,,,,,,,,,,,,,,,,,,,,,,,,,,,,,,,,,,,,,,,,,,,,,,None,None,,,,,2.0,,,,,,,,,,,,,,,,2.0,GuinsoosRageblade,UnstableConcoction,,,,,,,,,,,,,
2,EUW1_5972122870,TFT6_Augment_CyberneticShell1,TFT6_Augment_CyberneticImplants2,TFT6_Augment_ComponentGrabBag,1.0,,1.0,1.0,,1.0,,,,,4.0,,0.0,,,0.0,1.0,,,,,,,1.0,1.0,,0.0,,,,,,,,,,,,,,,,,,,,,,1.0,RapidFireCannon,,,,,,,,,,,,,,,,,,,,,,,,,,,,,,,,,,,,,,,,,,,2.0,WarmogsArmor,,,,,,,,,,,,,,,,,,,,,,,,,,,,,,,,,,,,,,,,,,,,,,,,,,,,,,,,,,,2.0,RedBuff,,,,,,,2.0,FrozenHeart,,,,,,,2.0,NegatronCloak,,,,,,,,,,,2.0,NegatronCloak,,,,,,,,,,,,,,,,,,,,,,,,,,,,,,,2.0,Deathblade,HextechGunblade,HextechGunblade,,,,,,,,,,,None,None,,,,,2.0,BFSword,Zephyr,,,,,,,,,,,,,,2.0,MadredsBloodrazor,GuinsoosRageblade,Deathblade,,,,,,,,,,,,
2,EUW1_5971767808,TFT7_Augment_MageTrait,TFT6_Augment_JeweledLotus,TFT6_Augment_CelestialBlessing2,,0.0,1.0,1.0,,0.0,1.0,,,,3.0,,,3.0,,1.0,,,,,0.0,1.0,,,,0.0,,2.0,,,,,,,,,,,,,,,,,,,,,1.0,RabadonsDeathcap,,,,,,,,,,,,,,,,,,,,,,,,,,,2.0,TitansResolve,MageEmblemItem,Bloodthirster,,,,,,,,,,,,,,,,,2.0,,,,,,,,,,,,,,,,,,,,,,,,,,,,,,,,,,,,3.0,LocketOfTheIronSolari,HextechGunblade,SpearOfShojin,,,,,,,,,,,,,,,,,,,,,,,,,,,,,2.0,InfinityEdge,ArchangelsStaff,SpearOfShojin,1.0,,,,,,,,,,,,,,,,,,,,,,,,,,,,,,,,,,,,2.0,TitansResolve,,,,,,,,,,,,,,,,,,,,,None,None,,,,,,,,,,,,,,,,,,,,,,,,,,,,,,,,,1.0,ThiefsGloves,RunaansHurricane,SeraphsEmbrace
1,EUW1_5971767808,TFT7_Augment_GuildTrait,TFT7_Augment_PandorasBench,TFT6_Augment_Diversify2,1.0,,1.0,1.0,,1.0,,0.0,,,5.0,,0.0,,1.0,0.0,1.0,,,,,,,1.0,0.0,,1.0,,,,,,,,,,,,,,,,,,,,,,2.0,,,,,,,,,,,,,,,,,,,,,,,,,,,,,,,,,,,,,,,,,,,,2.0,GiantsBelt,MirageEmblemItem,,,,,,,,,,,,,,,,,,,,,,,,,,,,,,,,,,,,,,,,,,,,,,,,,,,,,,,,,,2.0,ThiefsGloves,,,,,,,,,,,,,,,2.0,,,,,,,,,,,,2.0,,,,,,,,,,,,,,,,,,,,,,,,,,,,,,,,2.0,DragonsClaw,FrozenHeart,,,,,,,,,,,,None,None,,,,,2.0,,,,,,,,,,,,,,,,2.0,InfinityEdge,Quicksilver,HextechGunblade,2.0,Quicksilver,TitansResolve,AssassinEmblemItem,,,,,,,,
5,EUW1_5971767808,TFT7_Augment_BruiserTrait,TFT6_Augment_PortableForge,TFT6_Augment_Distancing2,,0.0,,3.0,,,1.0,,,,,,0.0,0.0,,,0.0,,,,,,,1.0,1.0,,0.0,2.0,,,,,,,,,,,,,,,,,,,,,,,,,,,,,,,,,,,,,,,,,,,,,,,,,2.0,Bloodthirster,Quicksilver,FrozenHeart,,,,,2.0,JeweledGauntlet,NeedlesslyLargeRod,,,,,,,,,,,,,,2.0,RedBuff,,,,,,,,,,,,,,,,,,,,,,,,,,,,,,,,,,,,,,,,,,,,,,,,,,,1.0,,,,,,,,,,,,,,,,,,,,,,,,,,,,2.0,,,,,,,,,,,,,,,,,,,,,,,,2.0,,,,,,,,,,,,,,,,,,,,,,None,None,,,,,,,,,3.0,OrnnDeathsDefiance,GuinsoosRageblade,Quicksilver,,,,,,,,,,,,,,,,,,,,,,,,
6,EUW1_5971767808,TFT6_Augment_CyberneticShell1,TFT7_Augment_PandorasBench,TFT6_Augment_PortableForge,1.0,,,1.0,,0.0,,,,1.0,1.0,,,0.0,,,0.0,,2.0,,,,,,,,1.0,0.0,,,,,,,,,,,,,,,,,,,,,,,,,1.0,GiantsBelt,,,,,,,3.0,RedBuff,OrnnRanduinsSanctum,MadredsBloodrazor,,,,,,,,,,,,,,,,,,,,,,,,,,,,,,,,,,,,,,,,,,,,,,,,,,,,,,,,,,,,,2.0,Bloodthirster,,,,,,,,,,,,,,,,,,,,,,,3.0,MadredsBloodrazor,Quicksilver,Bloodthirster,,,,,,,,,,,,,,,,,,,,,,,,,,,,,2.0,GiantsBelt,,,,,,,,,,,,,,,,,,,,,,,,,,,,,,,1.0,RecurveBow,,,,,,,2.0,Shroud,,,,,None,None,,,,,,,,,,,,,,,,,,,,,,,,,,,,,,,,,,,,
8,EUW1_5971767808,TFT6_Augment_ThrillOfTheHunt1,TFT7_Augment_DragonHorde,TFT7_Augment_UrfsGrabBag1,,1.0,,1.0,,,2.0,,0.0,,,1.0,0.0,,,0.0,,,,,0.0,,1.0,,0.0,,,1.0,,,,,,,,,,,,,,,,,1.0,SpearOfShojin,ArchangelsStaff,UnstableConcoction,,,,,,,,,,,,,,,,,,,,,,,,,2.0,BrambleVest,TitansResolve,TitansResolve,1.0,ShimmerscaleEmblemItem,,,,,,,,,,,,,,,,,,,,,,,,,,,,,,,,,,,,,,,,,,,,,,,,,,,,,,,,,,,,,,,,,,,,,,,,,,,2.0,TitanicHydra,,,,,,,,,,,,,,,,,,,,,,,,,,,,,,,,,,,,,,,,,,,1.0,,,,,,,,,,,,,,,,,,,,,,,,,,,,,,None,None,,,,,,,,,,,,,,,,,,,,,,,,,,,,,,,,,,,,
4,EUW1_5971767808,TFT6_Augment_TinyTitans,TFT6_Augment_ComponentGrabBag,TFT7_Augment_UrfsGrabBag1,,,1.0,,2.0,,1.0,,1.0,1.0,1.0,0.0,,,,1.0,,2.0,,,1.0,,1.0,,,1.0,,0.0,,,,,,,,,,,,,,,,,,,,,1.0,,,,,,,,2.0,MadredsBloodrazor,UnstableConcoction,GuinsoosRageblade,,,,,,,,,2.0,GargoyleStoneplate,DragonsClaw,WarmogsArmor,,,,,,,,,,,,,,,,,,,,,,,,,,,,,,,,,1.0,,,,,,,,,,,,,,,,,,,,,,,,2.0,PowerGauntlet,,,,,,,,,,,,,,,,,,,,,,,,,,,,,,,,,,,,,,,,,,,,,,,,,,,,,,,,,,,,,,,2.0,,,,1.0,ForceOfNature,,,,,,,,,,,,,,,,,,,,,,,2.0,IonicSpark,ShimmerscaleDiamondHands,,2.0,TrainerSnax,None,None,2.0,RecurveBow,LastWhisper,TitansResolve,,,,,,,,,,,,,,,,,,,,,,,,,,,,,,,,
3,EUW1_5971767808,TFT7_Augment_AFK,TFT6_Augment_Diversify2,TFT7_Augment_PandorasBench,,1.0,1.0,1.0,,,,,0.0,,2.0,,,1.0,,2.0,,,,,0.0,1.0,,1.0,,0.0,,0.0,,,,,,,,,,,,,,,,,,,,,2.0,,,,,,,,,,,,,,,,,,,,,,,,,,,,,,,,,,,,,,,,,,,,,,,,,,,,3.0,GargoyleStoneplate,RedBuff,GargoyleStoneplate,,,,,,,,,,,,,,,,,,,,,,,,,2.0,,,,3.0,SpearOfShojin,PowerGauntlet,MadredsBloodrazor,,,,,,,,,,,,,,,,,,,,,,,,,,,,,,,,,,,,,,,,,,,,,,,,,,,,,,,,,,,,,,,,,,,,,2.0,,,,,,,,,,,,,,,,,,,,,,None,None,,,,,2.0,,,,3.0,RunaansHurricane,Deathblade,GuinsoosRageblade,,,,,,,,,,,,,,,,,,,,,1.0,Bloodthirster,,
7,EUW1_5971767808,TFT7_Augment_GuildTrait,TFT7_Augment_BestFriends2,TFT7_Augment_GuardianEmblem,,,,,1.0,,1.0,,1.0,1.0,1.0,,,1.0,,0.0,,1.0,,,1.0,1.0,,,,2.0,,,,,,,,,,,,,,,,,,,,,,,,,,,,,,,2.0,GuinsoosRageblade,StatikkShiv,MadredsBloodrazor,,,,,,,,,2.0,RedBuff,ShimmerscaleDiamondHands,GargoyleStoneplate,,,,,,,,,,,,,,,,,,,,,,,,,2.0,,,,,,,,,,,,,,,,,,,,,,,,,,,,,,,,2.0,GuardianEmblemItem,,,,,,,,,,,,,,,,,,,,,,,,,,,,,,,,,,,,,,,,,,,,,,,,,,,,,,,,,,,,,,,2.0,MageEmblemItem,UnstableConcoction,,,,,,,,,,,,,,,,,,,,,,,,,,,,,,3.0,TrainerSnax,None,None,2.0,InfinityEdge,,,,,,,,,,,,,,,,,,,,,,,,,,,,,,,1.0,,,
8,EUW1_5971851658,TFT6_Augment_SunfireBoard,TFT6_Augment_SecondWind2,TFT7_Augment_CursedCrown,0.0,,,1.0,,1.0,1.0,,,0.0,3.0,,0.0,,,,1.0,,,,1.0,,,1.0,0.0,,0.0,,,,,,,,,,,,,,,,,,,,,,,,,,,,,,,,,,,,,,,,,,1.0,WarmogsArmor,DragonsClaw,,,,,,,,,,,,,,,,,,,,,,1.0,,,,,,,,,,,,,,,,,,,,,,,,,,,,,,,,,,,,,,,,,,,,,,,,,,,,,,,,,,,,1.0,ShimmerscaleDiamondHands,,,,,,,,,,,,,,,2.0,,,,,,,,,,,,2.0,,,,,,,,,,,,,,,,,,,,,,,,,,,,,,,,2.0,,,,,,,,,,,,,,None,None,,,,,2.0,,,,,,,,,,,,,,,,1.0,MadredsBloodrazor,GuinsoosRageblade,,,,,,,,,,,,,
4,EUW1_5971851658,TFT6_Augment_ThrillOfTheHunt2,TFT7_Augment_DragonHorde,TFT7_Augment_UrfsGrabBag2,,,,,,,2.0,,,1.0,,1.0,,,3.0,0.0,,,,,1.0,,1.0,,,,0.0,,,,,,,,,,,,,,,,,,,,,,,,,,,,,,,,,,,,,,2.0,MadredsBloodrazor,JeweledGauntlet,InfinityEdge,2.0,WarmogsArmor,IonicSpark,Quicksilver,2.0,MirageEmblemItem,ShimmerscaleDiamondHands,,,,,,,,,,,,,,,,,,,,,,,,,,,,,,,,,,,,,,,,,,,,,,2.0,PowerGauntlet,LocketOfTheIronSolari,Shroud,,,,,,,,,,,,,,,,,,,,,,,,,,,,,,,,,,,,,,,,,,,,,,,,,,,,,,,,,,,,,,,,,,,,,,,,,1.0,NeedlesslyLargeRod,,,,,,,,,,,,,,,,,,,,,,,,,,,,,None,None,,,,,,,,,,,,,,,,,,,,,,,,,,,,,1.0,,,,,,,
7,EUW1_5971851658,TFT6_Augment_CalculatedLoss,TFT6_Augment_BlueBattery2,TFT6_Augment_CelestialBlessing3,,,1.0,,2.0,,1.0,,1.0,0.0,1.0,,,,,1.0,,2.0,,,1.0,,,,,1.0,,,,,,,,,,,,,,,,,,,,,,,1.0,,,,,,,,1.0,NeedlesslyLargeRod,InfinityEdge,MadredsBloodrazor,,,,,,,,,2.0,RedBuff,GargoyleStoneplate,,,,,,,,,,,,,,,,,,,,,,,,,,,,,,,,,,2.0,,,,,,,,,,,,,,,,,,,,,,,,2.0,,,,,,,,,,,,,,,,,,,,,,,,,,,,,,,,,,,,,,,,,,,,,,,,,,,,,,,,,,,,,,,,1.0,,,,,,,,,,,,,,,,,,,,,,,,,,,,,,,,3.0,TrainerSnax,None,None,2.0,ThiefsGloves,RecurveBow,GuinsoosRageblade,,,,,,,,,,,,,,,,,,,,,,,,,,,,,,,,
1,EUW1_5971851658,TFT6_Augment_SalvageBin,TFT6_Augment_TomeOfTraits1,TFT6_Augment_CyberneticUplink3,,,,1.0,0.0,,1.0,,1.0,,,,0.0,1.0,,0.0,,1.0,,,0.0,1.0,,,2.0,1.0,,0.0,,,,,,,,,1.0,SpearOfShojin,RabadonsDeathcap,MadredsBloodrazor,,,,,,,,,,,,,,,,,2.0,EvokerEmblemItem,LastWhisper,,,,,,,,,,,,,,,,,,,,,,,,,,,,,,,,,,,,,,1.0,NegatronCloak,,,,,,,,,,,,,,,,,,,,,,,,,,,,,,,2.0,ChainVest,,,,,,,,,,,,,,,,,,,,,,,2.0,RedBuff,DragonsClaw,TitanicHydra,,,,,,,,,,,,,,,,,,,,,,,,,,,,,,,,,,,,,2.0,NegatronCloak,,,,,,,,,,,2.0,LocketOfTheIronSolari,TitanicHydra,,,,,,,,,,,,,,,,,,3.0,TrainerSnax,None,None,,,,,,,,,,,,,,,,,,,,,,,,,,,,,,,,,1.0,StatikkShiv,,
2,EUW1_5971851658,TFT6_Augment_Ascension,TFT6_Augment_PortableForge,TFT6_Augment_CyberneticUplink3,,1.0,,1.0,,,,,0.0,,1.0,,,2.0,,1.0,,,,,,,,,,1.0,,0.0,,,,,,,,,,,,,,,,,,,,,,,,,,,,,,,,,,,,,,,,,,,,,,,,,,,,,,,,,,,,,,,,,,,,,2.0,Shroud,,,3.0,RedBuff,,,,,,,,,,,,,,,,,,,,,,,,,,,2.0,ZekesHerald,ZekesHerald,,3.0,ArchangelsStaff,ArchangelsStaff,,,,,,,,,,,,,,,,,,,,,,,,,,,,,,3.0,ArchangelsStaff,SpearOfShojin,OrnnDeathsDefiance,,,,,,,,,,,,,,,,,,,,,,,,,,,,,,,,,,,,,2.0,RabadonsDeathcap,,,,,,,,,,,,,,,,,,,4.0,TrainerSnax,None,None,,,,,,,,,,,,,2.0,,,,,,,,,,,,,,,,,,,,,,,
5,EUW1_5971851658,TFT6_Augment_SunfireBoard,TFT6_Augment_ComponentGrabBag,TFT6_Augment_Meditation3,,,1.0,1.0,1.0,,1.0,,1.0,,1.0,,0.0,,,1.0,,1.0,,,,,,,0.0,1.0,,1.0,,,,,,,,,,,,,,,,,,,,,1.0,,,,,,,,2.0,GuinsoosRageblade,LastWhisper,Deathblade,,,,,,,,,,,,,,,,,2.0,DragonsClaw,GargoyleStoneplate,WarmogsArmor,,,,,,,,,,,,,,,,,,,,,,,,,,,,,,,,,,,,,,,,,,,,,,,,,2.0,,,,,,,,,,,,,,,,,,,,,,,,1.0,,,,,,,,,,,,,,,,,,,,,,,,,,,,,,,,,,,,,,,,2.0,Shroud,RecurveBow,,,,,,,,,,,,,,,,,,,,,,,,,,,,,,2.0,TrainerSnax,None,None,2.0,LastWhisper,GuinsoosRageblade,LocketOfTheIronSolari,,,,,,,,,,,,,,,,,,,,,,,,,,,,,,,,
3,EUW1_5971851658,TFT6_Augment_CyberneticShell2,TFT7_Augment_BestFriends2,TFT6_Augment_HighEndShopping,1.0,,,1.0,,1.0,,,,,3.0,,0.0,,,,1.0,,,,,,,1.0,1.0,,0.0,,,,,,,,,,,,,,,,,,,,,,,,,,,,,,,,,,,,,,,,,,,,,,,,,,,,,,,,,,,,,,,,,,2.0,RedBuff,,,,,,,,,,,,,,,,,,,,,,,,,,,,,,,,,,,,,,,,,,,,,,,,,,,,,,,,,,,2.0,GiantsBelt,,,,,,,2.0,FrozenHeart,,,,,,,2.0,,,,,,,,,,,,2.0,Shroud,,,,,,,,,,,,,,,,,,,,,,,,,,,,,,,2.0,InfinityEdge,LastWhisper,,,,,,,,,,,,None,None,,,,,2.0,,,,,,,,,,,,,,,,2.0,UnstableConcoction,GuinsoosRageblade,MadredsBloodrazor,,,,,,,,,,,,
6,EUW1_5971851658,TFT7_Augment_GadgetExpert,TFT6_Augment_Ascension,TFT6_Augment_HighEndShopping,,,,,,2.0,1.0,0.0,,,1.0,,,,3.0,,0.0,,,,,,,,,,1.0,,,,,,,,,,,,,,,,,,,,,,,,,,,,,,,,,,,,,,2.0,StatikkShiv,ArchangelsStaff,MadredsBloodrazor,,,,,,,,,,,,,,,,,,,,,,,,,2.0,,,,,,,,,,,,,,,,,,,,,,,,,,,,,,,,,,,,,,,,,,,,,,,,,,,,2.0,DragonsClaw,,,,,,,,,,,,,,,,,,,,,,,2.0,,,,,,,,,,,,,,,,,,,,,,,,,,,,,,,,,,,,,,,,,,,,,,,,,,,,,,,,,,None,None,,,,,,,,,,,,,,,,,,,,,,,,,1.0,SeraphsEmbrace,TitansResolve,Quicksilver,2.0,ThiefsGloves,SparringGloves,Chalice,,,,
6,EUW1_5971818489,TFT7_Augment_JadeEmblem,TFT6_Augment_ThrillOfTheHunt2,TFT7_Augment_FirstAidKit2,1.0,,,,,,1.0,0.0,0.0,0.0,1.0,3.0,0.0,,,0.0,,,,1.0,,,,0.0,,,,,,,,,2.0,ArchangelsStaff,GuardianAngel,SeraphsEmbrace,,,,,2.0,,,,,,,,,,,,,,,,,,,,,,,,,,,,,,,,2.0,TitansResolve,AssassinEmblemItem,Bloodthirster,,,,,,,,,,,,,2.0,,,,,,,,,,,,,,,,,,,,,,,,,,,,,,,,,,,,,,,,,,,,,,,,1.0,WarmogsArmor,RedBuff,FrozenHeart,,,,,,,,,,,,,,,,,,,,,,,,,,,,,,,,,,,,,,,,,,,,,,,,,,,,,,,,,,,,,,,,,,,,,,,,,1.0,JadeEmblemItem,,,1.0,,,,,,,,,,None,None,,,,,,,,,,,,,,,,,,,,,,,,,,,,,,,,,,,,
2,EUW1_5971818489,TFT7_Augment_BandOfThieves1,TFT6_Augment_SecondWind2,TFT6_Augment_CelestialBlessing2,3.0,,,1.0,,,1.0,,,,1.0,,0.0,,,,0.0,,,,0.0,,,,1.0,,0.0,2.0,,,,,,,,,,,,,,,,,,,,,,,,,,,,,,,,,,,,,,,,,,,,,,,,,2.0,InfinityEdge,UnstableConcoction,AssassinEmblemItem,,,,,,,,,,,,,,,,,,,,,,,,,,,,,,,,,1.0,,,,,,,,,,,,,,,,,,,,,,,,,,,,,,,,,,,,,,,,2.0,AssassinEmblemItem,BrambleVest,Redemption,1.0,SeraphsEmbrace,Bloodthirster,HextechGunblade,2.0,RedBuff,TitanicHydra,,,,,,,,,,,,,,,,,,2.0,ThiefsGloves,GuardianAngel,Deathblade,,,,,,,,,,,,,,,,,,,,,,,,,,,,,2.0,ThiefsGloves,Morellonomicon,IonicSpark,,,,,,,,,,,None,None,,,,,,,,,,,,,,,,,,,,,,,,,,,,,,,,,,,,
1,EUW1_5971818489,TFT6_Augment_Electrocharge1,TFT6_Augment_ThrillOfTheHunt2,TFT7_Augment_FirstAidKit2,,0.0,,1.0,,,1.0,0.0,,,,0.0,0.0,0.0,,,1.0,,,3.0,,,,,0.0,,,1.0,,,,,,,,,,,,,,,,,,,,,,,,,,,,,,,,,,,,,,,,,,,,,,,,,,,,,3.0,GuardianAngel,MadredsBloodrazor,ArchangelsStaff,,,,,2.0,,,,,,,,,,,,,,,,,,,,,,,,,,,,,,,,,,,,,,,,,,,,,,,,2.0,Chalice,Chalice,Chalice,3.0,Deathblade,GuinsoosRageblade,Quicksilver,,,,,,,,,1.0,,,,,,,,,,,,,,,,,,,,,,,,,,,,,,,,1.0,GargoyleStoneplate,RedBuff,GuinsoosRageblade,,,,,,,,,,,,,1.0,,,,2.0,,,,,,,,,,,,,,,,,,,,,,None,None,,,,,,,,,,,,,,,,,,,,,,,,,,,,,,,,,,,,
8,EUW1_5971818489,TFT6_Augment_CyberneticImplants1,TFT6_Augment_TomeOfTraits1,TFT6_Augment_ComponentGrabBag,,0.0,,1.0,,,,,0.0,,2.0,,,2.0,,1.0,,,,,0.0,1.0,,,,1.0,,0.0,,,,,,,,,,,,,,,,,,,,,,,,,,,,,,,,,,,,,,,,,,,,,,,,,,,,,,,,,,,,,,,,,,,,,2.0,,,,2.0,GuildEmblemItem,,,,,,,,,,,,,,,,,,,,,,,,,,,2.0,,,,3.0,BFSword,,,,,,,,,,,,,,,,,,,,,,,,,,,,,,,2.0,SpearOfShojin,ArchangelsStaff,HextechGunblade,,,,,,,,,,,,,,,,,,,,,,,,,,,,,,,,,,,,,2.0,Quicksilver,GargoyleStoneplate,WarmogsArmor,,,,,,,,,,,,,,,,,1.0,TrainerSnax,None,None,,,,,,,,,,,,,,,,,,,,,,,,,,,,,,,,,1.0,Spatula,SpearOfShojin,
7,EUW1_5971818489,TFT6_Augment_Electrocharge1,TFT7_Augment_RagewingScorch,TFT7_Augment_PandorasBench,,,,0.0,,1.0,,1.0,0.0,,1.0,1.0,1.0,,,,1.0,,,1.0,,,,0.0,0.0,,,,,,,,2.0,,,,,,,,2.0,,,,,,,,,,,,,,,,,,,,,,,,,,,,,,,,,,,,,,,,,,,,,,,,,,,,2.0,,,,,,,,,,,,,,,,,,,,,,,,,,,,,,,,,,,,,,,,,,,,1.0,ThiefsGloves,Redemption,LastWhisper,,,,,,,,,,,,,2.0,Redemption,Redemption,Quicksilver,,,,,,,,,,,,,2.0,,,,,,,,2.0,,,,,,,,,,,,,,,,,,,,,,,,2.0,Quicksilver,GuinsoosRageblade,LegendEmblemItem,,,,,,,,,,,,,,,,,,,,,,,None,None,,,,,,,,,,,,,,,,,,,,,,,,,,,,,,,,,,,,
3,EUW1_5971818489,TFT6_Augment_Traitless1,TFT6_Augment_Traitless2,TFT6_Augment_CelestialBlessing2,,,,,,0.0,1.0,0.0,0.0,,,0.0,,,0.0,,0.0,0.0,,0.0,,,,0.0,2.0,,,,,,,,,,,,1.0,MadredsBloodrazor,JeweledGauntlet,,,,,,,,,,,,,,,,,,,,,,,,,,,,,,,,,,,,,,,,,,,,,,,,,,,,,,,,,,,,,,,,,,,,,,,,,,,,,,2.0,NegatronCloak,,,,,,,,,,,,,,,,,,,2.0,FrozenHeart,TitanicHydra,,,,,,3.0,WarmogsArmor,Redemption,FrozenHeart,,,,,,,,,,,,,,,,,,,,,,,,,,,,,,,,,,,,,,,,,,,,,2.0,,,,,,,,,,,,,,,,,,,,,,,,,,,,,,,,,,None,None,,,,,,,,,,,,,,,,,,,,,2.0,StatikkShiv,LastWhisper,GuinsoosRageblade,,,,,,,,,,,,
4,EUW1_5971818489,TFT6_Augment_Electrocharge1,TFT6_Augment_Twins2,TFT7_Augment_BestFriends2,,1.0,,1.0,,,,,0.0,,,,,1.0,,1.0,,,,,0.0,1.0,,0.0,,0.0,,0.0,,,,,,,,,,,,,,,,,,,,,,,,,,,,,,,,,,,,,,,,,,,,,,,,,,,,,,,,,,,,,,,,,,,,,,,,,3.0,TitansResolve,MageEmblemItem,RabadonsDeathcap,,,,,,,,,,,,,,,,,,,,,,,,,2.0,,,,3.0,SpearOfShojin,SeraphsEmbrace,,,,,,,,,,,,,,,,,,,,,,,,,,,,,,,,,,,,,,,,,,,,,,,,,,,,,,,,,,,,,,,,,,,,,,2.0,RedBuff,,,,,,,,,,,,,,,,,,,,,None,None,,,,,,,,,3.0,GuinsoosRageblade,MadredsBloodrazor,UnstableConcoction,,,,,,,,,,,,,,,,,,,,,1.0,TearOfTheGoddess,GuardianAngel,
5,EUW1_5971818489,TFT6_Augment_SecondWind1,TFT6_Augment_MakeshiftArmor2,TFT6_Augment_CelestialBlessing2,2.0,,,2.0,,,1.0,,,,,,0.0,0.0,,,0.0,,0.0,,,,,,1.0,,0.0,2.0,,,,,,,,,,,,,,,,,,,,,,,,,,,,,,,,,2.0,IonicSpark,RedBuff,DragonsClaw,,,,,,,,,,,,,2.0,InfinityEdge,AssassinEmblemItem,Bloodthirster,,,,,,,,,,,,,,,,,,,,,,,,,,,,,,,,,,,,,,,,,,,,,,,,,,,,,,,,,,,,,,,,,,,,,,,,,2.0,,,,1.0,SpearOfShojin,,,2.0,,,,,,,,,,,,,,,,,,,,2.0,,,,,,,,,,,,,,,,,,,,,,,,1.0,,,,,,,,,,,,,,,,,,,,,,None,None,,,,,,,,,,,,,,,,,,,,,,,,,,,,,,,,,,,,
1,EUW1_5971764384,TFT6_Augment_CyberneticUplink2,TFT6_Augment_Twins2,TFT7_Augment_UrfsGrabBag1,,1.0,1.0,1.0,,,,,,,3.0,,0.0,1.0,,1.0,,,,,0.0,1.0,,1.0,0.0,,,,,,,,,,,,,,,,,,,,,,,,2.0,,,,,,,,,,,,,,,,,,,,,,,,,,,,,,,,,,,,,,,,,,,,,,,,,,,,2.0,FrozenHeart,Shroud,RedBuff,,,,,,,,,,,,,,,,,,,,,,,,,,,,,3.0,ArchangelsStaff,JeweledGauntlet,,,,,,,,,,,,,,,,,,2.0,ForceOfNature,,,,,,,,,,,2.0,,,,,,,,,,,,,,,,,,,,,,,,,,,,,,,,,,,,,,,,,,,,,,,,,,,,,,,,,,,,,,None,None,,,,,2.0,PowerGauntlet,,,3.0,MadredsBloodrazor,RunaansHurricane,GuinsoosRageblade,,,,,,,,,,,,,,,,,,,,,1.0,JeweledGauntlet,,
8,EUW1_5971764384,TFT7_Augment_CannoneerHotShot,TFT6_Augment_Ascension,TFT7_Augment_CannoneerRicochet,,,,,2.0,,1.0,,1.0,0.0,,,,,,0.0,,2.0,,,1.0,,,,,1.0,,,,,,,,,,,,,,,,,,,,,,,,,,,,,,,1.0,MadredsBloodrazor,InfinityEdge,RecurveBow,,,,,,,,,1.0,GargoyleStoneplate,WarmogsArmor,,,,,,,,,,,,,,,,,,,,,,,,,,,,,,,,,,2.0,,,,,,,,,,,,,,,,,,,,,,,,2.0,,,,,,,,,,,,,,,,,,,,,,,,,,,,,,,,,,,,,,,,,,,,,,,,,,,,,,,,,,,,,,,,2.0,ShimmerscaleGoldmancersStaff,,,,,,,,,,,,,,,,,,,,,,,,,,,,,,,2.0,TrainerSnax,None,None,2.0,,,,,,,,,,,,,,,,,,,,,,,,,,,,,,,,,,,
7,EUW1_5971764384,TFT6_Augment_Electrocharge2,TFT6_Augment_Diversify2,TFT6_Augment_SecondWind2,0.0,0.0,,1.0,1.0,,,,0.0,,1.0,,,0.0,,0.0,,0.0,,,,,,,,2.0,,0.0,,,,,,,,,,,,,,,,,,,,,,,,,,,,,2.0,UnstableConcoction,GuardianAngel,,,,,,,,,,,,,,,,,,,,,,,,,,,,,,,,,,,,,,2.0,,,,2.0,Shroud,,,,,,,,,,,,,,,,,,,,,,,,,,,2.0,PowerGauntlet,,,,,,,,,,,,,,,,,,,,,,,,,,,,,,,,,,,,,,,,,,,,,,,,,,,,,,,,,,,,,,,,,,,,,,,,,,,2.0,RedBuff,WarmogsArmor,GargoyleStoneplate,,,,,1.0,,,,,,,,,,,,3.0,TrainerSnax,None,None,2.0,,,,,,,,,,,,,,,,,,,,,,,,,,,,,,,,,,,
6,EUW1_5971764384,TFT6_Augment_TradeSector,TFT6_Augment_SecondWind2,TFT7_Augment_UrfsGrabBag1,,,,,3.0,,1.0,,1.0,1.0,,,,,,0.0,0.0,2.0,0.0,,1.0,,,,,1.0,,,,,,,,,,,,,,,,,,,,,,,,,,,2.0,ThiefsGloves,UnstableConcoction,SpearOfShojin,2.0,Deathblade,ShimmerscaleGoldmancersStaff,UnstableConcoction,,,,,,,,,2.0,GargoyleStoneplate,DragonsClaw,WarmogsArmor,,,,,,,,,,,,,,,,,,,,,,,,,,,,,,,,,1.0,,,,,,,,,,,,,,,,,,,,,,,,2.0,SeraphsEmbrace,,,,,,,,,,,,,,,,,,,,,,,,,,,,,,,,,,,,,,,,,,,1.0,,,,,,,,,,,,,,,,,,,,1.0,,,,,,,,,,,,,,,,,,,,,,,,,,,,,,,,2.0,TrainerSnax,None,None,1.0,,,,,,,,,,,,,,,,,,,,,,,,,,,,,,,,,,,
2,EUW1_5971764384,TFT6_Augment_MetabolicAccelerator,TFT6_Augment_ComponentGrabBag,TFT7_Augment_UrfsGrabBag1,,0.0,1.0,1.0,,,1.0,,1.0,,2.0,0.0,0.0,2.0,,2.0,,,,,0.0,1.0,,,,1.0,,2.0,,,,,3.0,Shroud,RabadonsDeathcap,HextechGunblade,,,,,,,,,,,,,1.0,,,,,,,,,,,,,,,,,,,,,,,,,,,,2.0,DragonsClaw,GargoyleStoneplate,RedBuff,,,,,,,,,,,,,,,,,2.0,,,,,,,,,,,,,,,,,,,,,,,,,,,,,,,,2.0,Redemption,,,2.0,StatikkShiv,,,,,,,,,,,,,,,,,,,,,,,,,,,,,,,1.0,,,,,,,,,,,,,,,,,,,,,,,,,,,,,,,,,,,,,,,,2.0,Redemption,,,,,,,,,,,,,,,,,,,4.0,TrainerSnax,None,None,,,,,,,,,,,,,,,,,,,,,,,,,,,,,,,,,1.0,Zephyr,ArchangelsStaff,MadredsBloodrazor
5,EUW1_5971764384,TFT6_Augment_TradeSector,TFT6_Augment_SecondWind2,TFT7_Augment_UrfsGrabBag1,,,,,,1.0,1.0,,,1.0,,,,,3.0,,0.0,,0.0,,,,,,,,0.0,0.0,,,,,,,,,,,,,,,,,,,,,,,,,2.0,LocketOfTheIronSolari,LocketOfTheIronSolari,,,,,,,,,,2.0,SpearOfShojin,JeweledGauntlet,InfinityEdge,,,,,,,,,,,,,,,,,,,,,,,,,2.0,SeraphsEmbrace,,,,,,,,,,,,,,,,,,,,,,,,,,,3.0,,,,,,,,,,,,,,,,,,,,,,,,1.0,,,,,,,,,,,,,,,,,,,,,,,,,,,,,,,,,,,,,,,,,,,,,,,,,,,,,,,,,,,,,,,,,,,,,,,,,,,,1.0,,,,,,None,None,,,,,,,,,,,,,,,,,,,,,,,,,,,,,2.0,Quicksilver,ZekesHerald,GuinsoosRageblade,,,,
3,EUW1_5971764384,TFT6_Augment_SecondWind2,TFT6_Augment_Twins2,TFT7_Augment_BigFriend2,,0.0,1.0,,,,1.0,,,,1.0,2.0,,,,1.0,,,,2.0,,,1.0,,,,,0.0,,,,,,,,,,,,,,,,,,,,,1.0,ForceOfNature,,,,,,,,,,,,,,,,,,,,,,,2.0,RunaansHurricane,TitansResolve,Bloodthirster,,,,,2.0,,,,,,,,2.0,,,,,,,,,,,,,,,,,,,,,,,,,,,,,,,,,,,,,,,,,,,,,,,,2.0,RedBuff,DragonsClaw,Redemption,2.0,Quicksilver,Deathblade,GuinsoosRageblade,,,,,,,,,,,,,,,,,,,,,,,,,,,,,,,,,,,,,,,,,,,,,,,,,,,,,1.0,,,,,,,,,,,,,,,,,,,,,,,,,,,,,,None,None,,,,,,,,,,,,,,,,,,,,,,,,,,,,,,,,,,,,
4,EUW1_5971764384,TFT6_Augment_BlueBattery2,TFT6_Augment_LudensEcho2,TFT6_Augment_PortableForge,,0.0,,1.0,,,1.0,,0.0,,1.0,,,2.0,,1.0,,,,,0.0,1.0,,,,1.0,,2.0,,,,,,,,,,,,,,,,,,,,,,,,,,,,,,,,,,,,,,,,,,,,,,,,,2.0,ThiefsGloves,RecurveBow,GuinsoosRageblade,,,,,,,,,,,,,,,,,2.0,,,,,,,,,,,,,,,,,,,,,,,,,,,,,,,,2.0,,,,3.0,,,,,,,,,,,,,,,,,,,,,,,,,,,,,,,,2.0,SpearOfShojin,ArchangelsStaff,ArchangelsStaff,,,,,,,,,,,,,,,,,,,,,,,,,,,,,,,,,,,,,2.0,OrnnRocketPropelledFist,RedBuff,TitansResolve,,,,,,,,,,,,,,,,,2.0,TrainerSnax,None,None,,,,,,,,,,,,,,,,,,,,,,,,,,,,,,,,,1.0,Chalice,StatikkShiv,
7,EUW1_5971953490,TFT6_Augment_Electrocharge1,TFT7_Augment_BandOfThieves1,TFT6_Augment_CyberneticUplink2,,1.0,,1.0,,,,,0.0,,1.0,,,1.0,,1.0,,,,,,,,1.0,,0.0,,0.0,,,,,,,,,,,,,,,,,,,,,,,,,,,,,,,,,,,,,,,,,,,,,,,,,,,,,,,,,,,,,,,,,,,,,,,,,2.0,RecurveBow,,,,,,,,,,,,,,,,,,,,,,,,,,,2.0,,,,3.0,ArchangelsStaff,GuinsoosRageblade,,,,,,,,,,,,,,,,,,,,,,,,,,,,,,,,,,,,,,,,,,,,,,,,,,,,,,,,,,,,,,,,,,,,,,2.0,RedBuff,,,,,,,,,,,,,,,,,,,,,None,None,,,,,1.0,,,,2.0,GuinsoosRageblade,MadredsBloodrazor,RunaansHurricane,2.0,ThiefsGloves,GiantsBelt,Quicksilver,,,,,,,,,,,,,,,,,,,,
5,EUW1_5971953490,TFT6_Augment_CelestialBlessing1,TFT6_Augment_SecondWind1,TFT7_Augment_JadePenitence,1.0,,,,,,1.0,,1.0,,1.0,2.0,0.0,,,1.0,,,,1.0,,,1.0,,0.0,0.0,,,,,,,2.0,StatikkShiv,ArchangelsStaff,RabadonsDeathcap,,,,,,,,,,,,,,,,,,,,,,,,,,,,,,,,,,,,,1.0,,,,,,,,,,,,,,,,2.0,,,,,,,,,,,,,,,,,,,,,,,,,,,,,,,,,,,,,,,,2.0,,,,,,,,2.0,DragonsClaw,RedBuff,WarmogsArmor,,,,,,,,,,,,,,,,,,,,,1.0,,,,,,,,,,,,,,,,,,,,,,,,,,,,,,,,,,,,1.0,TearOfTheGoddess,,,,,,,,,,,,,,,1.0,,,,,,,,,,,,,,None,None,,,,,,,,,,,,,,,,,,,,,,,,,,,,,,,,,,,,
1,EUW1_5971953490,TFT6_Augment_CelestialBlessing1,TFT7_Augment_BruiserTrait,TFT6_Augment_Diversify2,1.0,,1.0,1.0,,1.0,,,,,4.0,,0.0,,,0.0,1.0,,,,,,,1.0,1.0,,0.0,,,,,,,,,,,,,,,,,,,,,,2.0,,,,,,,,,,,,,,,,,,,,,,,,,,,,,,,,,,,,,,,,,,,,2.0,ArchangelsStaff,RabadonsDeathcap,UnstableConcoction,,,,,,,,,,,,,,,,,,,,,,,,,,,,,,,,,,,,,,,,,,,,,,,,,,,,,,,,,2.0,Morellonomicon,WarmogsArmor,,,,,,1.0,,,,,,,,1.0,,,,,,,,,,,,1.0,,,,,,,,,,,,,,,,,,,,,,,,,,,,,,,,2.0,Deathblade,RedBuff,UnstableConcoction,,,,,,,,,,,None,None,,,,,2.0,,,,,,,,,,,,,,,,3.0,MadredsBloodrazor,GuinsoosRageblade,GuinsoosRageblade,,,,,,,,,,,,
3,EUW1_5971953490,TFT6_Augment_Meditation1,TFT7_Augment_BandOfThieves1,TFT6_Augment_Diversify2,,0.0,1.0,1.0,,,1.0,0.0,0.0,,2.0,,,2.0,0.0,2.0,,,,,0.0,1.0,,,,1.0,0.0,2.0,,,,,,,,,,,,,,,,,,,,,1.0,,,,,,,,,,,,,,,,,,,,,,,,,,,,2.0,RedBuff,BrambleVest,GargoyleStoneplate,,,,,,,,,,,,,,,,,2.0,,,,,,,,,,,,,,,,,,,,,,,,,,,,,,,,2.0,,,,3.0,ArchangelsStaff,ArchangelsStaff,SpearOfShojin,,,,,,,,,,,,,,,,,,,,,,,,,,,,,2.0,ThiefsGloves,NeedlesslyLargeRod,JeweledGauntlet,,,,,,,,,,,,,,,,,,,,,,,,,,,,,,,,,,,,,2.0,Redemption,WarmogsArmor,IonicSpark,,,,,,,,,,,,,,,,,4.0,TrainerSnax,None,None,,,,,,,,,,,,,,,,,,,,,,,,,1.0,ThiefsGloves,ChainVest,IonicSpark,,,,,1.0,,,
8,EUW1_5971953490,TFT6_Augment_CyberneticShell1,TFT7_Augment_BestFriends1,TFT6_Augment_ComponentGrabBag,2.0,,1.0,1.0,,,1.0,,,,2.0,,,,,0.0,0.0,,0.0,,,,,,0.0,,0.0,1.0,,,,,,,,,,,,,,,,,,,,,1.0,,,,,,,,,,,,2.0,IonicSpark,,,,,,,,,,,,,,,1.0,InfinityEdge,AssassinEmblemItem,Bloodthirster,,,,,,,,,,,,,,,,,,,,,,,,,,,,,,,,,,,,,,,,,,,,,,,,,,,,,,,,,,,,,,,,,,,,,,,,,,,,,,,,,2.0,,,,,,,,,,,,,,,,,,,,2.0,GiantsBelt,,,,,,,,,,,,,,,,,,,,,,,,,,,,,,,1.0,ThiefsGloves,NeedlesslyLargeRod,Bloodthirster,,,,,,,,,,,None,None,,,,,,,,,,,,,,,,,,,,,,,,,,,,,,,,,,,,
2,EUW1_5971953490,TFT7_Augment_GuildTrait,TFT6_Augment_Diversify1,TFT7_Augment_UrfsGrabBag1,1.0,1.0,1.0,1.0,,1.0,,,,,6.0,,,0.0,,1.0,0.0,,,,,,,1.0,,,0.0,,,,,,,,,,,,,,,,,,,,,,1.0,TearOfTheGoddess,,,,,,,,,,,,,,,,,,,,,,,,,,,,,,,,,,,,,,,,,,,2.0,ThiefsGloves,SpearOfShojin,GuardianAngel,,,,,3.0,IonicSpark,RedBuff,AssassinEmblemItem,,,,,,,,,,,,,,,,,,,,,,,,,,,,,2.0,,,,,,,,,,,,,,,,,,,,,,,,,,,,,,,,2.0,,,,2.0,,,,,,,,,,,,2.0,,,,,,,,,,,,,,,,,,,,,,,,,,,,,,,,2.0,TitansResolve,Bloodthirster,Deathblade,,,,,,,,,,,None,None,,,,,2.0,ZekesHerald,,,3.0,MadredsBloodrazor,RunaansHurricane,GuinsoosRageblade,,,,,,,,,,,,,,,,,,,,,,,,
6,EUW1_5971953490,TFT7_Augment_AFK,TFT6_Augment_PandorasItems,TFT7_Augment_SwiftshotPressTheAttack,,1.0,,2.0,,,1.0,,,,1.0,,,0.0,,,,,,,,,,1.0,,,,2.0,,,,,,,,,,,,,,,,,,,,,,,,,,,,,,,,,,,,,,,,,,,,,,,,,1.0,Bloodthirster,FrozenHeart,,,,,,,,,,,,,,,,,,,,,,3.0,DragonsClaw,Morellonomicon,,,,,,,,,,,,,,,,,,,,,,,,,,,,,,,,,,,,,,,,,,,,,,,,,,,,,,,,,,,,,,,,,,,,,,,,,,,,,,,,,,,,,,2.0,GiantsBelt,,,,,,,,,,,,,,,2.0,ThiefsGloves,Chalice,PowerGauntlet,,,,,,,,,,,,,,,,,,,None,None,,,,,2.0,,,,3.0,RunaansHurricane,GuinsoosRageblade,MadredsBloodrazor,,,,,,,,,,,,,,,,,,,,,,,,
4,EUW1_5971953490,TFT6_Augment_Featherweights1,TFT6_Augment_Weakspot,TFT7_Augment_ShapeshifterBeastsDen,0.0,0.0,,,,,1.0,,,,,2.0,,,,0.0,,,,2.0,,,1.0,,,,,1.0,,,,,,,,,,,,,,,,,,,,,,,,,,,,,,,,,,,,,,,,,,,,,2.0,Bloodthirster,GuinsoosRageblade,MadredsBloodrazor,,,,,2.0,,,,,,,,2.0,,,,,,,,,,,,,,,,,,,,,,,,,,,,,,,,,,,,,,,,,,,,,,,,2.0,RedBuff,,,3.0,GuinsoosRageblade,MadredsBloodrazor,RunaansHurricane,,,,,,,,,,,,,1.0,InfinityEdge,,,,,,,,,,,,,,,,,,,,,,,,,,,,,,,,,,,,,,,1.0,RabadonsDeathcap,,,,,,,,,,,,,,,,,,,,,,,,,,,,,None,None,,,,,,,,,,,,,,,,,,,,,,,,,,,,,,,,,,,,
1,EUW1_5972106834,TFT7_Augment_CannoneerEmblem,TFT7_Augment_CannoneerEmblem2,TFT6_Augment_CyberneticImplants2,,,1.0,,4.0,,1.0,,1.0,1.0,1.0,,,,,1.0,,2.0,0.0,,1.0,,,,,1.0,,,,,,,,,,,,,,,,,,,,,,,1.0,,,,2.0,TitanicHydra,CannoneerEmblemItem,IonicSpark,2.0,LastWhisper,ShimmerscaleGamblersBlade,RunaansHurricane,,,,,,,,,2.0,IonicSpark,GargoyleStoneplate,DragonsClaw,,,,,,,,,,,,,,,,,,,,,,,,,,,,,,,,,2.0,ChainVest,,,,,,,,,,,,,,,,,,,,,,,2.0,CannoneerEmblemItem,,,,,,,,,,,,,,,,,,,,,,,,,,,,,,,,,,,,,,,,,,,,,,,,,,,,,,,,,,,,,,,2.0,SpearOfShojin,RabadonsDeathcap,GuinsoosRageblade,,,,,,,,,,,,,,,,,,,,,,,,,,,,,4.0,TrainerSnax,None,None,2.0,UnstableConcoction,,,,,,,,,,,,,,,,,,,,,,,,,,,,,,,,,,
6,EUW1_5972106834,TFT6_Augment_CelestialBlessing2,TFT6_Augment_CelestialBlessing3,TFT6_Augment_SunfireBoard,,,,,0.0,3.0,1.0,,,,1.0,,,0.0,2.0,,0.0,,0.0,,,,,,,0.0,0.0,,,,,,,,,,,,,,,,,,,,,,,,,,,,,,,,,,,,,,2.0,SpearOfShojin,MadredsBloodrazor,JeweledGauntlet,,,,,,,,,,,,,,,,,,,,,,,,,2.0,GiantsBelt,,,,,,,,,,,,,,,,,,,,,,,,,,,,,,,2.0,,,,,,,,,,,,,,,,,,,,2.0,GargoyleStoneplate,GargoyleStoneplate,HextechGunblade,,,,,,,,,,,,,,,,,,,,,2.0,,,,,,,,,,,,,,,,,,,,,,,,,,,,,,,,,,,,,,,,,,,,,,,,,,,,,,,,,,None,None,1.0,,,,,,,,,,,,,,,,,,,,,,,,,,,,2.0,,,,,,,
2,EUW1_5972106834,TFT7_Augment_BestFriends2,TFT7_Augment_UrfsGrabBag2,TFT6_Augment_SecondWind2,1.0,,1.0,1.0,,,1.0,0.0,,0.0,1.0,0.0,0.0,,,0.0,,,,1.0,,,,,1.0,,,3.0,,,,,,,,,,,,,,,,,,,,,2.0,,,,,,,,,,,,,,,,,,,,,,,,,,,,2.0,Quicksilver,MadredsBloodrazor,Deathblade,2.0,AssassinEmblemItem,,,,,,,,,,,,,,,,,,,,,,,,,,,,,,,,,,,2.0,,,,,,,,,,,,,,,,,,,,2.0,Redemption,RedBuff,DragonsClaw,,,,,,,,,,,,,2.0,LocketOfTheIronSolari,Morellonomicon,,2.0,HextechGunblade,ArchangelsStaff,,,,,,,,,,,,,,,,,,,,,,,,,,,,,,,,,,,,,,,,,,,,,,,,,,,,,,,,,,,,,,1.0,PowerGauntlet,,,,,None,None,,,,,,,,,,,,,,,,,,,,,,,,,,,,,,,,,,,,
4,EUW1_5972106834,TFT7_Augment_BestFriends2,TFT7_Augment_SwiftshotEmblem2,TFT6_Augment_Diversify2,,1.0,,1.0,,,,,0.0,,1.0,,0.0,0.0,,1.0,0.0,,,,,,,3.0,1.0,0.0,,,,,,,,,,,,,,,,,,,,,,,,,,,,,,,,,,,,,,,,,,,,,,,,,,,,,,,,,,,1.0,,,,,,,,,,,,,,,,3.0,GargoyleStoneplate,RedBuff,FrozenHeart,,,,,,,,,,,,,,,,,,,,,,,,,2.0,SwiftshotEmblemItem,NeedlesslyLargeRod,,2.0,SwiftshotEmblemItem,,,,,,,,,,,,,,,,,,,2.0,Redemption,,,,,,,,,,,,,,,,,,,,,,,,,,,,,,,,,,,,,,,,,,,,,,,,,,,,,,,,,,,,,,,,,,,,,,,,,None,None,,,,,2.0,,,,3.0,GuinsoosRageblade,Deathblade,Quicksilver,,,,,,,,,2.0,GuinsoosRageblade,RunaansHurricane,,,,,,,,,,,,,
5,EUW1_5972106834,TFT7_Augment_MirageEmblem,TFT6_Augment_ForceOfNature,TFT6_Augment_TomeOfTraits1,,,,,,4.0,1.0,0.0,,0.0,1.0,,,0.0,4.0,,0.0,,0.0,,,,,,,,1.0,,,,,,,,,,,,,,,,,,,,,,,,,,,,,,,,,,,,,,2.0,JeweledGauntlet,InfinityEdge,GuinsoosRageblade,,,,,,,,,,,,,,,,,,,,,,,,,2.0,MirageEmblemItem,LocketOfTheIronSolari,TitanicHydra,,,,,,,,,,,,,,,,,,,,,,,,,1.0,,,,2.0,,,,,,,,,,,,,,,,,,,,2.0,,,,,,,,,,,,,,,,,,,,,,,,2.0,,,,,,,,,,,,,,,,,,,,,,,,,,,,,,,,,,,,,,,,,,,,,,,,,,,,,,,,,,None,None,,,,,,,,,,,,,,,,,,,,,,,,,1.0,CavalierEmblemItem,Bloodthirster,UnstableConcoction,2.0,StatikkShiv,,,,,,
3,EUW1_5972106834,TFT7_Augment_MikaelsGift,TFT7_Augment_MageEmblem2,TFT6_Augment_ComponentGrabBag,,0.0,,1.0,,,1.0,,1.0,,,,0.0,1.0,,1.0,,0.0,,,,,,,2.0,1.0,,0.0,,,,,,,,,2.0,Chalice,ArchangelsStaff,SpearOfShojin,,,,,,,,,,,,,,,,,,,,,,,,,,,,,,,,,,,,,,,,,,,,,,,,,,,,,,,,,2.0,,,,,,,,,,,,,,,,,,,,,,,,,,,,,,,,2.0,SparringGloves,Chalice,,3.0,LocketOfTheIronSolari,LocketOfTheIronSolari,LocketOfTheIronSolari,,,,,,,,,,,,,,,,,2.0,ThiefsGloves,GiantsBelt,RedBuff,,,,,,,,,,,,,,,,,,,,,,,,,,,,,,,,,,,,,2.0,MageEmblemItem,SpearOfShojin,SpearOfShojin,,,,,,,,,2.0,TitanicHydra,PowerGauntlet,GuardianAngel,,,,,,,,,,,,,,,,,2.0,TrainerSnax,None,None,,,,,,,,,,,,,,,,,,,,,,,,,,,,,,,,,,,,
7,EUW1_5972106834,TFT6_Augment_CyberneticShell2,TFT6_Augment_CyberneticShell3,TFT6_Augment_ComponentGrabBag,,,,1.0,,,1.0,,,1.0,,,0.0,,3.0,,0.0,,0.0,,,,,,0.0,,1.0,,,,,,,,,,,,,,,,,,,,,,,,,,2.0,MirageEmblemItem,,,,,,,,,,,2.0,ThiefsGloves,SeraphsEmbrace,RabadonsDeathcap,,,,,,,,,,,,,,,,,,,,,,,,,,,,,,,,,,,,,,,,,,,,,,,,,,,,,2.0,Shroud,,,,,,,,,,,,,,,,,,,,,,,,,,,,,,,1.0,ArchangelsStaff,,,,,,,,,,,,,,,,,,,,,,,,,,,1.0,ZekesHerald,StatikkShiv,,,,,,,,,,,,,,,,,,,,,,,,,,,,,,,,,,,,,,,,,,,,None,None,,,,,,,,,,,,,,,,,,,,,,,,,,,,,3.0,Bloodthirster,RapidFireCannon,GuinsoosRageblade,,,,
8,EUW1_5972106834,TFT7_Augment_MageEmblem,TFT7_Augment_MageEmblem2,TFT6_Augment_PortableForge,,0.0,1.0,0.0,,,,,0.0,,2.0,,,3.0,,2.0,,,,,,,,,,1.0,,0.0,,,,,,,,,,,,,,,,,,,,,1.0,SparringGloves,MageEmblemItem,,,,,,,,,,,,,,,,,,,,,,,,,,,,,,,,,,,,,,,,,,,,,,2.0,,,,,,,,,,,,,,,,,,,,,,,,,,,,,,,,2.0,MageEmblemItem,,,2.0,SpearOfShojin,HextechGunblade,,,,,,,,,,,,,,,,,,,,,,,,,,,,,,2.0,SpearOfShojin,MadredsBloodrazor,JeweledGauntlet,,,,,,,,,,,,,,,,,,,,,,,,,,,,,,,,,,,,,2.0,ChainVest,OrnnRocketPropelledFist,,,,,,,,,,,,,,,,,,2.0,TrainerSnax,None,None,,,,,,,,,,,,,2.0,,,,,,,,,,,,,,,,,,,,,,,
3,EUW1_5972980801,TFT6_Augment_SunfireBoard,TFT6_Augment_MakeshiftArmor3,TFT6_Augment_Ascension,,,,,,,1.0,0.0,1.0,0.0,,3.0,0.0,,,1.0,,,,1.0,,,1.0,0.0,,0.0,,,,,,,2.0,,,,,,,,2.0,StatikkShiv,SpearOfShojin,MadredsBloodrazor,,,,,,,,,,,,,,,,,,,,,,,,,,,,,2.0,TitansResolve,InfinityEdge,Bloodthirster,,,,,,,,,,,,,2.0,,,,,,,,,,,,,,,,,,,,,,,,,,,,,,,,,,,,,,,,1.0,,,,,,,,2.0,GargoyleStoneplate,IonicSpark,WarmogsArmor,,,,,,,,,,,,,,,,,,,,,,,,,,,,,,,,,,,,,,,,,,,,,,,,,,,,,,,,,2.0,,,,,,,,,,,,,,,,,,,,2.0,,,,,,,,,,None,None,,,,,,,,,,,,,,,,,,,,,,,,,,,,,,,,,,,,
7,EUW1_5972980801,TFT7_Augment_SwiftshotPressTheAttack,TFT6_Augment_HighEndShopping,TFT6_Augment_ThrillOfTheHunt2,,,,,,,1.0,,,,,0.0,,,,,1.0,,,1.0,,,,1.0,0.0,,,,,,,,,,,,,,,,,,,,,,,,,,,,,,,,,,,,,,,,,,,,,,,,,,,,,,,,,,,,2.0,,,,,,,,,,,,,,,,,,,,,,,,,,,,,,,,,,,,,,,,,,,,,,,,,,,,1.0,BrambleVest,GiantsBelt,,,,,,,,,,,,,,,,,,,,,,,,,,,,,,,,,,,,,,,,,,,,,,1.0,ThiefsGloves,RecurveBow,GuinsoosRageblade,,,,,,,,,,,,,,,,,,,,,,,,,,,,,,,,,,,,,,,None,None,,,,,,,,,,,,,,,,,,,,,2.0,RunaansHurricane,GuardianAngel,,,,,,,,,,,,,
2,EUW1_5972980801,TFT7_Augment_MikaelsGift,TFT7_Augment_CannoneerEmblem2,TFT7_Augment_CannoneerEmblem,,,1.0,,4.0,,1.0,,1.0,0.0,1.0,,,,,1.0,,2.0,,,1.0,,,,,1.0,,,,,,,,,,,,,,,,,,,,,,,2.0,CannoneerEmblemItem,SparringGloves,,,,,,3.0,GuinsoosRageblade,InfinityEdge,RunaansHurricane,,,,,,,,,2.0,ShimmerscaleDiamondHands,GargoyleStoneplate,Redemption,,,,,,,,,,,,,,,,,,,,,,,,,,,,,,,,,2.0,LocketOfTheIronSolari,JeweledGauntlet,Deathblade,,,,,,,,,,,,,,,,,,,,,2.0,RabadonsDeathcap,Chalice,,,,,,,,,,,,,,,,,,,,,,,,,,,,,,,,,,,,,,,,,,,,,,,,,,,,,,,,,,,,,,2.0,CannoneerEmblemItem,ArchangelsStaff,ZekesHerald,,,,,,,,,,,,,,,,,,,,,,,,,,,,,4.0,TrainerSnax,None,None,2.0,,,,,,,,,,,,,,,,,,,,,,,,,,,,,,,,,,,
5,EUW1_5972980801,TFT6_Augment_Meditation2,TFT7_Augment_UrfsGrabBag2,TFT7_Augment_AxiomArc2,,0.0,,1.0,0.0,,,0.0,0.0,,1.0,,,2.0,0.0,1.0,,,,,,,,,,2.0,0.0,0.0,,,,,,,,,,,,,,,,,,,,,,,,,,,,,,,,,,,,,,,,,,,,,,,,,,,,,,,,,,,,,,,,,,,,,1.0,,,,2.0,TitanicHydra,FrozenHeart,,,,,,,,,,,,,,,,,,,,,,,,,,2.0,,,,3.0,,,,,,,,,,,,,,,,,,,,,,,,,,,,,,,,2.0,SpearOfShojin,JeweledGauntlet,UnstableConcoction,,,,,,,,,,,,,,,,,,,,,,,,,,,,,,,,,,,,,2.0,IonicSpark,RedBuff,TitansResolve,,,,,,,,,,,,,,,,,2.0,TrainerSnax,None,None,1.0,,,,,,,,,,,,,,,,,,,,,,,,1.0,MageEmblemItem,GuardianAngel,LocketOfTheIronSolari,,,,,,,,
1,EUW1_5972980801,TFT7_Augment_ScalescornEmblem,TFT7_Augment_Preparation3,TFT6_Augment_CyberneticUplink2,,,,1.0,,4.0,,,,1.0,1.0,,,0.0,0.0,,1.0,,2.0,,,,,,,,1.0,0.0,,,,,,,,,,,,,,,,,,,,,,,,,3.0,RedBuff,IonicSpark,CavalierEmblemItem,,,,,,,,,,,,,,,,,,,,,,,,,,,,,,,,,,,,,2.0,ZekesHerald,,,,,,,,,,,,,,,,,,,,,,,,,,,,,,,3.0,Bloodthirster,MadredsBloodrazor,TitansResolve,,,,,,,,,,,,,,,,,2.0,ScalescornEmblemItem,UnstableConcoction,GuardianAngel,2.0,RecurveBow,RagewingEmblemItem,,,,,,,,,,,,,,,,,,2.0,,,,,,,,,,,,3.0,Chalice,,,,,,,,,,,,,,,,,,,,,,,,,,,,,,,,,,,,,,,1.0,,,,,,None,None,,,,,,,,,,,,,,,,,,,,,,,,,,,,,,,,,,,,
6,EUW1_5972980801,TFT7_Augment_DragonmancerInspire,TFT7_Augment_UrfsGrabBag2,TFT7_Augment_GadgetExpert,,,,,,,1.0,2.0,,,,0.0,0.0,,,,0.0,,,,0.0,,,0.0,2.0,,,,,,,,,,,,1.0,DragonmancerEmblemItem,GuinsoosRageblade,MadredsBloodrazor,2.0,StatikkShiv,ZekesHerald,Chalice,,,,,,,,,,,,,,,,,,,,,,,,,,,,,,,,,,,,,,,,,,,,,,,,,,,,,,,,,,,,,,,,,2.0,RagewingEmblemItem,StatikkShiv,,,,,,2.0,Quicksilver,WarmogsArmor,,,,,,,,,,,,,,,,,,,,,,,,,,,,,,,,,,,,,,,,,,,,,,,,,,,,,,,,,,2.0,,,,,,,,,,,,,,,,,,,,,,,,,,,,,,,,,,,,,,,,,,,,,,,,,,None,None,,,,,,,,,,,,,,,,,1.0,,,,,,,,,,,,,,,,,,,
8,EUW1_5972980801,TFT7_Augment_MikaelsGift,TFT6_Augment_RadiantRelics,TFT7_Augment_FirstAidKit2,,,,,1.0,,1.0,,1.0,1.0,,,,,,0.0,,1.0,,,1.0,,,,,1.0,,0.0,,,,,,,,,,,,,,,,,,,,,,,,,,,,,2.0,GuinsoosRageblade,HandOfJusticeRadiant,MadredsBloodrazor,,,,,,,,,1.0,GargoyleStoneplate,RedBuff,ShimmerscaleDiamondHands,,,,,,,,,,,,,,,,,,,,,,,,,,,,,,,,,,,,,,,,,,,,,,,,,,,,,,,,,2.0,,,,,,,,,,,,,,,,,,,,,,,,,,,,,,,,,,,,,,,,,,,,,,,,,,,,,,,,,,,,,,,,2.0,JeweledGauntlet,SpearOfShojin,,,,,,,,,,,,,,,,,,,,,,,,,,2.0,LocketOfTheIronSolari,,,1.0,TrainerSnax,None,None,1.0,,,,,,,,,,,,,,,,,,,,,,,,,,,,,,,,,,,
4,EUW1_5972980801,TFT6_Augment_CyberneticImplants2,TFT7_Augment_MirageEmblem2,TFT6_Augment_Diversify2,1.0,,,1.0,,1.0,,,,,2.0,,0.0,,1.0,,1.0,,,,,,,1.0,1.0,,0.0,,,,,,,,,,,,,,,,,,,,,,,,,,,,,,,,,,,,,,,,,,,,,,,,,,,,,,,,,,,,,,,,,,2.0,MirageEmblemItem,Chalice,,,,,,,,,,,,,,,,,,,,,,,,,,,,,,,,,,,,,,,,,,,,,,,,,,2.0,WarmogsArmor,Redemption,,,,,,2.0,NegatronCloak,,,,,,,1.0,RecurveBow,,,,,,,,,,,,,,,,,,,2.0,TitanicHydra,,,,,,,,,,,,,,,,,,,,,,,,,,,,,,,2.0,Bloodthirster,InfinityEdge,,,,,,,,,,,,None,None,,,,,1.0,,,,,,,,,,,,,,,,2.0,UnstableConcoction,InfinityEdge,GuinsoosRageblade,,,,,,,,,,,,
6,EUW1_5972833181,TFT7_Augment_MikaelsGift,TFT6_Augment_VerdantVeil,TFT6_Augment_ComponentGrabBag,1.0,,,1.0,,1.0,,,,0.0,2.0,,,0.0,,,0.0,,2.0,,,,,,,,1.0,,,,,,,,,,,,,,,,,,,,,,,,,,2.0,,,,,,,,2.0,StatikkShiv,FrozenHeart,,,,,,,,,,,,,,,,,,,,,,,,,,,,,,,,,,,,,,,,,,,,,,,,,,,,,,,,,,,,,,3.0,LocketOfTheIronSolari,RedBuff,LocketOfTheIronSolari,,,,,,,,,,,,,,,,,,,,,2.0,RunaansHurricane,UnstableConcoction,GuinsoosRageblade,,,,,,,,,,,,,,,,,2.0,,,,,,,,,,,,2.0,,,,,,,,,,,,,,,,,,,,,,,,,,,,,,,,1.0,LastWhisper,GuardianAngel,,,,,,,,,,,,None,None,,,,,,,,,,,,,,,,,,,,,,,,,,,,,,,,,,,,
7,EUW1_5972833181,TFT6_Augment_Meditation2,TFT6_Augment_WindfallPlus,TFT6_Augment_ThrillOfTheHunt2,,1.0,1.0,1.0,,,1.0,,1.0,,1.0,,,1.0,,1.0,,,,,0.0,1.0,,,,1.0,,0.0,,,,,,,,,,,,,,,,,2.0,ArchangelsStaff,SpearOfShojin,GuinsoosRageblade,1.0,,,,,,,,,,,,,,,,,,,,,,,,,,,,,,,,,,,,,,,,,,,,,,,,2.0,,,,2.0,Quicksilver,,,,,,,,,,,,,,,,,,,,,,,,,,,2.0,,,,,,,,,,,,,,,,,,,,,,,,,,,,,,,,,,,,,,,,,,,,,,,,,,,,,,,,,,,,,,,,,,,,,,,,,,,,2.0,WarmogsArmor,RedBuff,BrambleVest,,,,,,,,,,,,,,,,,2.0,TrainerSnax,None,None,,,,,,,,,,,,,,,,,,,,,,,,,,,,,,,,,1.0,,,
1,EUW1_5972833181,TFT7_Augment_CannoneerEmblem,TFT7_Augment_BestFriends3,TFT7_Augment_CannoneerHotShot,,,,,4.0,,1.0,,1.0,1.0,,,,,,0.0,,2.0,,,1.0,,,,,1.0,,,,,,,,,,,,,,,,,,,,,,,,,,,,,,,3.0,ShimmerscaleDiamondHands,RunaansHurricane,InfinityEdge,,,,,,,,,2.0,DragonsClaw,WarmogsArmor,GargoyleStoneplate,,,,,,,,,,,,,,,,,,,,,,,,,,,,,,,,,2.0,,,,,,,,,,,,,,,,,,,,,,,,2.0,CannoneerEmblemItem,ZekesHerald,GuardianEmblemItem,,,,,,,,,,,,,,,,,,,,,,,,,,,,,,,,,,,,,,,,,,,,,,,,,,,,,,,,,,,,,2.0,CannoneerEmblemItem,RedBuff,,,,,,,,,,,,,,,,,,,,,,,,,,,,,,3.0,TrainerSnax,None,None,2.0,LastWhisper,RunaansHurricane,,,,,,,,,,,,,,,,,,,,,,,,,,,,,,,,,
3,EUW1_5972833181,TFT7_Augment_GuildEmblem,TFT7_Augment_GuildEmblem2,TFT6_Augment_CyberneticShell2,1.0,,1.0,1.0,,0.0,,,,,7.0,,0.0,0.0,,0.0,0.0,,,,,,,0.0,1.0,,0.0,,,,,,,,,,,,,,,,,,,,,,1.0,RapidFireCannon,,,,,,,,,,,,,,,,,,,,,,,,,,,,,,,,,,,,,,,,,,,,,,,,,,,,,,,,,,,,,,,,,,,,,,,,,,,,,,,,,,,,,,,,,,,,,,,,,,,,,,,2.0,GuildEmblemItem,,,,,,,2.0,FrozenHeart,GuildEmblemItem,RedBuff,2.0,RunaansHurricane,,,2.0,RapidFireCannon,,,,,,,,,,,2.0,TearOfTheGoddess,,,,,,,,,,,,,,,,,,,,,,,,,,,,,,,2.0,MadredsBloodrazor,Bloodthirster,InfinityEdge,,,,,,,,,,,None,None,,,,,2.0,MadredsBloodrazor,,,,,,,,,,,,,,,,,,,,,,,,,,,,,,
4,EUW1_5972833181,TFT7_Augment_GadgetExpert,TFT6_Augment_LudensEcho3,TFT6_Augment_PortableForge,,0.0,,1.0,,,1.0,,0.0,,1.0,,,2.0,,1.0,,,,,0.0,1.0,,,,1.0,,2.0,,,,,,,,,,,,,,,,,,,,,,,,,,,,,,,,,,,,,,,,,,,,,,,,,1.0,TitansResolve,Quicksilver,UnstableConcoction,,,,,,,,,,,,,,,,,2.0,,,,,,,,,,,,,,,,,,,,,,,,,,,,,,,,2.0,,,,1.0,,,,,,,,,,,,,,,,,,,,,,,,,,,,,,,,2.0,ArchangelsStaff,,,,,,,,,,,,,,,,,,,,,,,,,,,,,,,,,,,,,,,2.0,IonicSpark,RedBuff,OrnnEternalWinter,,,,,,,,,,,,,,,,,4.0,TrainerSnax,None,None,,,,,,,,,,,,,,,,,,,,,,,,,,,,,,,,,2.0,SpearOfShojin,StatikkShiv,TitansResolve
2,EUW1_5972833181,TFT7_Augment_ClutteredMind,TFT7_Augment_UrfsGrabBag2,TFT6_Augment_PortableForge,,,1.0,1.0,,,1.0,,1.0,,1.0,,0.0,1.0,,1.0,,0.0,,,0.0,1.0,,,2.0,1.0,,0.0,,,,,,,,,1.0,HextechGunblade,SpearOfShojin,OrnnInfinityForce,,,,,,,,,2.0,RecurveBow,,,,,,,,,,,,,,,,,,,,,,,,,,,,,,,,,,,,,,,,,,,,,,,2.0,,,,,,,,,,,,,,,,,,,,,,,,,,,,,,,,2.0,,,,,,,,,,,,,,,,,,,,,,,,2.0,FrozenHeart,TitanicHydra,Bloodthirster,,,,,,,,,,,,,,,,,,,,,,,,,,,,,,,,,,,,,2.0,ForceOfNature,Shroud,,,,,,,,,,2.0,DragonsClaw,RedBuff,TitanicHydra,,,,,,,,,,,,,,,,,4.0,TrainerSnax,None,None,,,,,,,,,,,,,,,,,,,,,,,,,,,,,,,,,1.0,,,
5,EUW1_5972833181,TFT7_Augment_BruiserPersonalTraining,TFT6_Augment_LudensEcho3,TFT6_Augment_BlueBattery2,,1.0,1.0,1.0,,,,,1.0,,2.0,,,2.0,,2.0,,0.0,,,,,,,,1.0,,0.0,,,,,,,,,,,,,,,,,,,,,1.0,,,,,,,,,,,,,,,,,,,,,,,,,,,,,,,,,,,,,,,,,,,,,,,,2.0,,,,2.0,,,,,,,,,,,,,,,,,,,,,,,,,,,,2.0,,,,3.0,StatikkShiv,,,,,,,,,,,,,,,,,,,,,,,,,,,,,,,1.0,SpearOfShojin,MadredsBloodrazor,,,,,,,,,,,,,,,,,,,,,,,,,,1.0,,,,,,,,,,,,2.0,DragonsClaw,BrambleVest,FrozenHeart,,,,,,,,,,,,,,,,,2.0,TrainerSnax,None,None,,,,,,,,,,,,,3.0,SparringGloves,LocketOfTheIronSolari,,,,,,,,,,,,,,,,,,,,,
8,EUW1_5972833181,TFT6_Augment_JeweledLotus,TFT6_Augment_VerdantVeil,TFT6_Augment_FuturePeepers,,,,0.0,,1.0,1.0,0.0,,,,,0.0,,3.0,,0.0,,,,,,,,0.0,,1.0,,,,,,,,,,,,,,,,,,,,,,,,,,,,,,,,,,,,,,1.0,InfinityEdge,MadredsBloodrazor,,,,,,,,,,,,,,,,,,,,,,,,,,1.0,,,,,,,,,,,,,,,,,,,,,,,,,,,,,,,,,,,,,,,,,,,,,,,,,,,,2.0,RedBuff,,,,,,,2.0,Zephyr,TitanicHydra,,,,,,,,,,,,,,,,,,,,,,,,,,,,,,,,,,,,,,,,,,,,,,,,,,,,,,,,,,,,,,,,,,,,,,,,None,None,,,,,,,,,,,,,,,,,,,,,,,,,1.0,SparringGloves,,,2.0,,,,,,,
8,EUW1_5972638854,TFT7_Augment_WarriorTrait,TFT7_Augment_PandorasBench,TFT7_Augment_AssassinEmblem,2.0,0.0,,2.0,,,,,,,,,,0.0,0.0,,0.0,,1.0,,,,,,0.0,,2.0,0.0,,,,,,,,,,,,,,,,,,,,,,,,,,,,,,,,,2.0,,,,,,,,,,,,,,,,,,,,,,,,,,,,,,,,,,,,,,,,1.0,,,,,,,,,,,,,,,,,,,,,,,,,,,,,,,,,,,,,,,,,,,,,,,,2.0,AssassinEmblemItem,InfinityEdge,,,,,,,,,,2.0,,,,,,,,,,,,,,,,,,,,2.0,,,,,,,,,,,,,,,,,,,,,,,,1.0,,,,,,,,,,,,,,,,,,,,,,None,None,,,,,,,,,,,,,,,,,,,,,,,,,,,,,1.0,AssassinEmblemItem,PowerGauntlet,,,,,
5,EUW1_5972638854,TFT7_Augment_AstralTrait,TFT6_Augment_BlueBattery2,TFT6_Augment_Diversify2,0.0,2.0,,1.0,,,,,,,4.0,,,1.0,,0.0,,,,,,,,1.0,,,,,,,,,,,,,,,,,,,,,,,,,,,,,,,,,,,,,,,,,,,,,,,,,,,,,,,,,,,,,,,,,,,,,,,,,,,,,3.0,Morellonomicon,GargoyleStoneplate,TitanicHydra,,,,,,,,,,,,,,,,,,,,,,,,,,,,,3.0,ArchangelsStaff,StatikkShiv,,,,,,,,,,,,,,,,,,,,,,,,,,,,,,1.0,,,,,,,,,,,,,,,,,,,,,,,,2.0,Shroud,,,,,,,,,,,,,,,,,,,,,,,1.0,,,,,,,,,,,,,,None,None,,,,,1.0,,,,3.0,ZekesHerald,GuildEmblemItem,,3.0,RedBuff,DragonsClaw,,,,,,,,,,,,,,,,,,,,,
6,EUW1_5972638854,TFT7_Augment_BestFriends1,TFT6_Augment_CelestialBlessing2,TFT6_Augment_ComponentGrabBag,1.0,1.0,,1.0,,0.0,,,,,3.0,,0.0,0.0,,0.0,,,,,,,,1.0,0.0,,,,,,,,,,,,,,,,,,,,,,,,,,,,,,,,,,,,,,,,,,,,,,,,,,,,,,,,,,,,,,,,,,,,,,,,,,,,3.0,RedBuff,GargoyleStoneplate,GargoyleStoneplate,,,,,,,,,,,,,,,,,,,,,,,,,,,,,3.0,RabadonsDeathcap,,,,,,,,,,,,,,,,,,,1.0,,,,,,,,,,,,,,,,1.0,AssassinEmblemItem,,,,,,,,,,,,,,,,,,,,,,,,,,,,,,,,,,,,,,,,,,,1.0,PowerGauntlet,,,,,,,,,,,,,None,None,,,,,2.0,ZekesHerald,,,3.0,Quicksilver,GuinsoosRageblade,MadredsBloodrazor,,,,,,,,,,,,,,,,,,,,,,,,
3,EUW1_5972638854,TFT7_Augment_BestFriends1,TFT6_Augment_SecondWind2,TFT7_Augment_BruiserEmblem,,,1.0,2.0,,,1.0,,0.0,,1.0,,0.0,1.0,,1.0,,,,,0.0,1.0,,,0.0,1.0,,2.0,,,,,,,,,,,,,,,,,,,,,1.0,,,,,,,,,,,,,,,,,,,,,,,,,,,,2.0,MadredsBloodrazor,TitansResolve,Bloodthirster,,,,,,,,,,,,,,,,,2.0,Zephyr,,,,,,,,,,,,,,,,,,,,,,,,,,,,,,,2.0,LocketOfTheIronSolari,,,,,,,,,,,,,,,,,,,,,,,2.0,ThiefsGloves,TearOfTheGoddess,GuardianAngel,,,,,,,,,,,,,,,,,,,,,,,,,,,,,,,,,,,,,,,,,,,,,,,,,2.0,RedBuff,GargoyleStoneplate,Redemption,,,,,,,,,,,,,,,,,4.0,TrainerSnax,None,None,,,,,,,,,,,,,,,,,,,,,,,,,,,,,,,,,1.0,BruiserEmblemItem,StatikkShiv,
7,EUW1_5972638854,TFT6_Augment_TinyTitans,TFT6_Augment_SecondWind2,TFT6_Augment_JeweledLotus,,,,0.0,,1.0,1.0,0.0,,1.0,,,,0.0,1.0,,0.0,,0.0,,,,,,1.0,,1.0,,,,,,,,,,1.0,JeweledGauntlet,UnstableConcoction,InfinityEdge,,,,,,,,,,,,,2.0,IonicSpark,WarmogsArmor,,,,,,,,,,,,,,,,,,,,,,,,,,,,,,,,,,,,,,,,,,,,,,,,,,,,,,,,,,,,,,,,,,2.0,,,,2.0,,,,,,,,,,,,,,,,,,,,2.0,,,,,,,,,,,,,,,,,,,,,,,,,,,,,,,,,,,,2.0,SpearOfShojin,,,,,,,,,,,,,,,,,,,,,,,,,,,,,,,,,,,,,,,,,,,,,None,None,,,,,,,,,,,,,,,,,,,,,,,,,1.0,InfinityEdge,,,,,,,,,,
4,EUW1_5972638854,TFT7_Augment_Preparation,TFT6_Augment_MakeshiftArmor2,TFT6_Augment_SecondWind2,1.0,,,1.0,,1.0,,,,,3.0,,0.0,,,,1.0,,,,,,,1.0,1.0,,0.0,,,,,,,,,,,,,,,,,,,,,,,,,,,,,,,,,,,,,,,,,,,,,,,,,,,,,,,,,,,,,,,,,,2.0,,,,,,,,,,,,,,,,,,,,,,,,,,,,,,,,,,,,,,,,,,,,,,,,,,,,,,,,,,,,2.0,,,,,,,,2.0,RedBuff,FrozenHeart,,,,,,2.0,,,,,,,,,,,,2.0,,,,,,,,,,,,,,,,,,,,,,,,,,,,,,,,1.0,RunaansHurricane,LastWhisper,,,,,,,,,,,,None,None,,,,,2.0,StatikkShiv,ZekesHerald,,,,,,,,,,,,,,2.0,Deathblade,GuinsoosRageblade,MadredsBloodrazor,,,,,,,,,,,,
2,EUW1_5972638854,TFT7_Augment_MirageTrait,TFT7_Augment_DragonHorde,TFT7_Augment_UrfsGrabBag1,,,,,,1.0,2.0,0.0,,1.0,,1.0,,,4.0,0.0,,,,,,,,,,,1.0,0.0,,,,,,,,,,,,,,,,,,,,,,,,,,,,,,,,,,,,,2.0,UnstableConcoction,JeweledGauntlet,StatikkShiv,,,,,2.0,RedBuff,WarmogsArmor,TitanicHydra,,,,,,,,,,,,,,,,,,,,,,,,,,,,,,,,,,,,,,,,,,,,,2.0,,,,,,,,,,,,,,,,,,,,,,,,1.0,,,,,,,,,,,,,,,,,,,,,,,,,,,,,,,,,,,,,,,,,,,,,,,,,,,,,,,,,,,,,,,,,,,,,,,,,,,,2.0,,,,,,None,None,,,,,,,,,,,,,,,,,,,,,,,,,2.0,Quicksilver,CavalierEmblemItem,UnstableConcoction,1.0,GuinsoosRageblade,TitansResolve,HextechGunblade,,,,
1,EUW1_5972638854,TFT7_Augment_GuildTrait,TFT6_Augment_Electrocharge2,TFT6_Augment_Distancing2,0.0,,1.0,,,3.0,1.0,,,,5.0,,,0.0,2.0,0.0,0.0,,0.0,,,,,0.0,,,,,,,,,,,,,,,,,,,,,,,,,2.0,ZekesHerald,SpearOfShojin,,,,,,,,,,,,,,2.0,JeweledGauntlet,ArchangelsStaff,InfinityEdge,,,,,,,,,,,,,,,,,,,,,,,,,2.0,Morellonomicon,,,,,,,,,,,,,,,,,,,,,,,,,,,,,,,2.0,,,,,,,,,,,,,,,,,,,,2.0,GargoyleStoneplate,,,,,,,,,,,,,,,,,,,,,,,2.0,RedBuff,,,,,,,,,,,,,,,,,,,,,,,,,,,,,,,,,,,,,,,,,,,2.0,FrozenHeart,IonicSpark,Deathblade,,,,,,,,,,,None,None,,,,,2.0,,,,,,,,,,,,,,,,,,,,,,,,,,,,,,,
7,EUW1_5972086653,TFT7_Augment_CavalierEmblem,TFT7_Augment_SwiftshotEmblem2,TFT6_Augment_CelestialBlessing2,0.0,0.0,,,,2.0,1.0,0.0,,,3.0,1.0,,,0.0,0.0,,,,,,,,2.0,,,,,,,,,,,,,,,,,2.0,,,,,,,,,,,,,,,,,,,,,,,,,,,,,,,,2.0,SwiftshotEmblemItem,CavalierEmblemItem,GuinsoosRageblade,,,,,,,,,,,,,,,,,,,,,,,,,,,,,,,,,,,,,,,,,,,,,,,,,,,,,,,,,,,,,,,,,,,,,2.0,WarmogsArmor,GiantsBelt,FrozenHeart,,,,,,,,,,,,,,,,,,,,,2.0,,,,,,,,,,,,,,,,,,,,,,,,,,,,,,,,,,,,,,,,,,,,1.0,InfinityEdge,RunaansHurricane,TearOfTheGoddess,,,,,,,,,,,None,None,,,,,2.0,,,,2.0,SpearOfShojin,GuinsoosRageblade,InfinityEdge,,,,,,,,,,,,,,,,,,,,,,,,
8,EUW1_5972086653,TFT6_Augment_Electrocharge2,TFT7_Augment_UrfsGrabBag2,TFT6_Augment_CelestialBlessing2,,,,0.0,,1.0,1.0,,,1.0,1.0,,,,,,1.0,,0.0,,1.0,,,1.0,,,0.0,,,,,,,,,,,,,,,,,,,,,,,,,,2.0,CavalierEmblemItem,GargoyleStoneplate,Redemption,,,,,,,,,,,,,2.0,ShimmerscaleMogulsMail,RedBuff,IonicSpark,,,,,,,,,,,,,,,,,,,,,1.0,,,,,,,,,,,,,,,,,,,,,,,,,,,,,,,,,,,,,,,,,,,,,,,,,,,,,,,,,,,,,,,,,,,,,,,,,,,,,,,,,,,,,,,,2.0,ChainVest,,,,,,,,,,,,,,,,,,,,,,,,,,,,,,,,,,,,,,,,,,,,,None,None,,,,,2.0,,,,,,,,,,,,,,,,2.0,Quicksilver,MadredsBloodrazor,GuinsoosRageblade,,,,,,,,,,,,
5,EUW1_5972086653,TFT7_Augment_BruiserEmblem,TFT7_Augment_TomeOfTraits2,TFT6_Augment_Diversify2,,0.0,,3.0,0.0,,1.0,,0.0,,,,0.0,1.0,,1.0,,,,,,,,,0.0,2.0,,2.0,,,,,,,,,,,,,,,,,,,,,,,,,,,,,,,,,,,,,,,,,,,,,,,,,2.0,MadredsBloodrazor,Bloodthirster,InfinityEdge,,,,,,,,,,,,,,,,,2.0,BruiserEmblemItem,,,,,,,,,,,,,,,,,,,,,,,,,,,,,,,2.0,BruiserEmblemItem,StatikkShiv,,1.0,BruiserEmblemItem,,,,,,,,,,,,,,,,,,,1.0,PowerGauntlet,ZekesHerald,,,,,,,,,,,,,,,,,,,,,,,,,,,,,,,,,,,,,,,,,,,,,,,,,,2.0,DragonsClaw,WarmogsArmor,Quicksilver,,,,,,,,,,,,,,,,,4.0,TrainerSnax,None,None,1.0,BFSword,,,,,,,,,,,,,,,,,,,,,,,,,,,,,,,,,,
3,EUW1_5972086653,TFT6_Augment_SecondWind2,TFT7_Augment_BestFriends3,TFT7_Augment_CannoneerHotShot,,,,,1.0,,1.0,,1.0,1.0,,,,,0.0,0.0,,1.0,0.0,,1.0,,,,,1.0,0.0,,,,,,,,,,,,,,,,,,,,,,,,,,2.0,,,,2.0,HextechGunblade,GuinsoosRageblade,MadredsBloodrazor,,,,,,,,,2.0,DragonsClaw,RedBuff,ShimmerscaleMogulsMail,,,,,,,,,,,,,,,,,,,,,,,,,,,,,,,,,,,,,,,,,,,,,,,,,,,,,,,,,2.0,TearOfTheGoddess,,,,,,,,,,,,,,,,,,,,,,,,,,,,,,,,,,,,,,,,,,,,,,,,,,,,,,,,,,,,,,,2.0,SpearOfShojin,Chalice,,,,,,,,,,,,,,,,,,,,,,,,,,,,,,4.0,TrainerSnax,None,None,2.0,PowerGauntlet,,,,,,,,,,,,,,,,,,,,,,,,,,,1.0,,,,,,,
6,EUW1_5972086653,TFT6_Augment_RichGetRicher,TFT7_Augment_WarriorEmblem2,TFT6_Augment_MakeshiftArmor2,2.0,,,2.0,,,,,,,1.0,,0.0,0.0,0.0,,0.0,,1.0,,,,,,1.0,,2.0,1.0,,,,,,,,,,,,,,,,,,,,,,,,,,,,,,,,,2.0,WhispersEmblemItem,BFSword,,,,,,,,,,,,,,,,,,,,,,,,,,,,,,,,,,,,,,,,,,,,,,,,,,,,,,,,,,,,,,,,,,,,,,,,,,,,,,,,,,,,,,2.0,MadredsBloodrazor,AssassinEmblemItem,InfinityEdge,2.0,,,,,,,,2.0,Zephyr,,,,,,,,,,,,,,,,,,,2.0,,,,,,,,,,,,,,,,,,,,,,,,1.0,,,,,,,,2.0,GuinsoosRageblade,MadredsBloodrazor,WarriorEmblemItem,,,,,,,,,,,None,None,,,,,,,,,,,,,,,,,,,,,,,,,,,,,2.0,,,,,,,
2,EUW1_5972086653,TFT6_Augment_PortableForge,TFT7_Augment_CavalierEmblem2,TFT7_Augment_MirageHallucinate,,,,,,3.0,1.0,0.0,,0.0,,,,0.0,4.0,,0.0,,0.0,,,,,,,,1.0,,,,,,,,,,,,,,,,,,,,,,,,,,,,,,,,,,,,,,2.0,RapidFireCannon,MadredsBloodrazor,Quicksilver,,,,,,,,,,,,,,,,,,,,,,,,,2.0,TitansResolve,MirageEmblemItem,InfinityEdge,,,,,,,,,,,,,,,,,,,,,,,,,1.0,,,,2.0,RedBuff,,,,,,,,,,,,,,,,,,,2.0,OrnnEternalWinter,RedBuff,HextechGunblade,,,,,,,,,,,,,,,,,,,,,,,,,,,,,,,,,,,,,,,,,,,,,,,,,,,,,,,,,,,,,,,,,,,,,,,,,,,,,,,None,None,,,,,,,,,,,,,,,,,,,,,,,,,1.0,UnstableConcoction,WarmogsArmor,CavalierEmblemItem,1.0,,,,,,,
1,EUW1_5972086653,TFT7_Augment_CannoneerHotShot,TFT7_Augment_CavalierEmblem2,TFT7_Augment_PandorasBench,,,1.0,,1.0,3.0,,0.0,0.0,,2.0,0.0,,,1.0,1.0,0.0,1.0,,,,,1.0,,,1.0,0.0,,,,,,,,,,,,,,,,,,,,,,1.0,,,,,,,,3.0,GuinsoosRageblade,Quicksilver,Deathblade,,,,,,,,,,,,,,,,,,,,,,,,,,,,,,,,,2.0,,,,,,,,,,,,,,,,,,,,,,,,,,,,,,,,,,,,1.0,,,,,,,,,,,,,,,,2.0,IonicSpark,Redemption,RedBuff,,,,,,,,,,,,,,,,,,,,,2.0,,,,,,,,,,,,,,,,,,,,,,,,,,,,2.0,Chalice,BFSword,,,,,,,,,,,,,,,,,,,,,,,,,,4.0,TrainerSnax,None,None,2.0,HextechGunblade,RevelEmblemItem,,,,,,,,,,,,,,,,,,,,,,1.0,CavalierEmblemItem,InfinityEdge,,,,,,,,,
4,EUW1_5972086653,TFT6_Augment_CyberneticUplink2,TFT6_Augment_Diversify3,TFT6_Augment_ComponentGrabBag,,,,1.0,0.0,2.0,1.0,,0.0,0.0,1.0,,0.0,,,,0.0,2.0,,,1.0,,,,0.0,,,,,,,,,,,,,,,,,,,,,,,,,,,,,,,,1.0,GuinsoosRageblade,MadredsBloodrazor,,,,,,,,,,2.0,ShimmerscaleMogulsMail,DragonsClaw,BrambleVest,,,,,,,,,,,,,,,,,,,,,2.0,RedBuff,,,,,,,,,,,,,,,,,,,,,,,,,,,,,,,,,,,,,,,,,,,,,,,,,,,,,,,,,,,2.0,CavalierEmblemItem,,,,,,,,,,,,,,,2.0,SparringGloves,,,,,,,,,,,,,,,,,,,,,,,2.0,StatikkShiv,ArchangelsStaff,Morellonomicon,,,,,,,,,,,,,2.0,,,,,,,,,,,,,,,,,,None,None,,,,,,,,,,,,,,,,,,,,,,,,,,,,,,,,,,,,
5,EUW1_5971708757,TFT6_Augment_TomeOfTraits1,TFT6_Augment_PandorasItems,TFT7_Augment_CannoneerTrait,,,,,4.0,,1.0,,1.0,1.0,,,,,,0.0,,2.0,,,1.0,,,,,1.0,,0.0,,,,,,,,,,,,,,,,,,,,,,,,,,,,,2.0,ShimmerscaleDravensAxe,GuinsoosRageblade,InfinityEdge,,,,,,,,,2.0,BrambleVest,GargoyleStoneplate,WarmogsArmor,,,,,,,,,,,,,,,,,,,,,,,,,,,,,,,,,2.0,,,,,,,,,,,,,,,,,,,,,,,,2.0,,,,,,,,,,,,,,,,,,,,,,,,,,,,,,,,,,,,,,,,,,,,,,,,,,,,,,,,,,,,,,,,1.0,CannoneerEmblemItem,,,,,,,,,,,,,,,,,,,,,,,,,,,2.0,Redemption,WarmogsArmor,,1.0,TrainerSnax,None,None,2.0,,,,,,,,,,,,,,,,,,,,,,,,,,,,,,,,,,,
8,EUW1_5971708757,TFT7_Augment_EvokerEmblem,TFT6_Augment_FirstAidKit,TFT6_Augment_CyberneticUplink1,,1.0,,1.0,,,,,1.0,,1.0,,,2.0,,1.0,,,,,,,,,,1.0,,0.0,,,,,,,,,,,,,,,,,,,,,,,,,,,,,,,,,,,,,,,,,,,,,,,,,,,,,,,,,,,,,,,,,,,,,2.0,,,,2.0,ThiefsGloves,TitansResolve,ArchangelsStaff,,,,,,,,,,,,,,,,,,,,,,,,,2.0,StatikkShiv,,,3.0,BFSword,,,,,,,,,,,,,,,,,,,,,,,,,,,,,,,2.0,EvokerEmblemItem,,,,,,,,,,,,,,,,,,,,,,,,,,,,,,,,,,,,,,,2.0,TitansResolve,,,,,,,,,,,,,,,,,,,2.0,TrainerSnax,None,None,,,,,,,,,,,,,1.0,TitanicHydra,,,,,,,,,,,,,,,,,,,,,,
3,EUW1_5971708757,TFT7_Augment_SwiftshotEmblem,TFT6_Augment_CelestialBlessing1,TFT6_Augment_PandorasItems,,0.0,,2.0,,,1.0,0.0,,,1.0,0.0,0.0,0.0,,,,,,,,,,2.0,1.0,,,2.0,,,,,,,,,,,,,2.0,,,,,,,,,,,,,,,,,,,,,,,,,,,,,,,,,,,,2.0,Quicksilver,SwiftshotEmblemItem,GuinsoosRageblade,,,,,2.0,ArchangelsStaff,JeweledGauntlet,GuardianAngel,,,,,,,,,,,,,1.0,,,,,,,,,,,,,,,,,,,,,,,,,,,,,,,,,,,,,,,,,,,,,,,,,,,,2.0,GargoyleStoneplate,RedBuff,,,,,,,,,,,,,,,,,,,,,,,,,,,,,,,,,,,,,,,,,,,,,,,,,,2.0,Shroud,,,,,,,,,,,,,,,,,,,,,None,None,,,,,2.0,BFSword,,,,,,,,,,,,,,,,,,,,,,,,,,,,,,
2,EUW1_5971708757,TFT7_Augment_GuildEmblem,TFT7_Augment_GuildTrait,TFT6_Augment_PandorasItems,1.0,,1.0,1.0,,1.0,,,,,6.0,,0.0,,,0.0,1.0,,,,,,,1.0,1.0,,0.0,,,,,,,,,,,,,,,,,,,,,,2.0,SpearOfShojin,,,,,,,,,,,,,,,,,,,,,,,,,,,,,,,,,,,,,,,,,,,2.0,,,,,,,,,,,,,,,,,,,,,,,,,,,,,,,,,,,,,,,,,,,,,,,,,,,,,,,,,,,,2.0,WarmogsArmor,RedBuff,BrambleVest,,,,,1.0,,,,,,,,2.0,,,,,,,,,,,,2.0,,,,,,,,,,,,,,,,,,,,,,,,,,,,,,,,2.0,InfinityEdge,LastWhisper,,,,,,,,,,,,None,None,,,,,2.0,ZekesHerald,,,,,,,,,,,,,,,2.0,GuildEmblemItem,GuinsoosRageblade,Quicksilver,,,,,,,,,,,,
1,EUW1_5971708757,TFT7_Augment_RevelPartyTime,TFT6_Augment_SecondWind1,TFT6_Augment_CyberneticUplink1,,,1.0,,1.0,,1.0,,1.0,1.0,1.0,,,,,1.0,,1.0,,,1.0,,,,,1.0,,0.0,,,,,,,,,,,,,,,,,,,,,2.0,GuardianEmblemItem,,,,,,,2.0,Deathblade,GuinsoosRageblade,MadredsBloodrazor,,,,,,,,,3.0,DragonsClaw,RedBuff,GargoyleStoneplate,,,,,,,,,,,,,,,,,,,,,,,,,,,,,,,,,,,,,,,,,,,,,,,,,,,,,,,,,2.0,RabadonsDeathcap,NeedlesslyLargeRod,,,,,,,,,,,,,,,,,,,,,,,,,,,,,,,,,,,,,,,,,,,,,,,,,,,,,,,,,,,,,,2.0,ThiefsGloves,RunaansHurricane,SeraphsEmbrace,,,,,,,,,,,,,,,,,,,,,,,,,2.0,GargoyleStoneplate,,,4.0,TrainerSnax,None,None,1.0,RunaansHurricane,ShimmerscaleDravensAxe,MadredsBloodrazor,,,,,,,,,,,,,,,,,,,,,,,,,,,,,,,,
6,EUW1_5971708757,TFT6_Augment_SalvageBin,TFT6_Augment_SecondWind1,TFT7_Augment_BestFriends1,,,,,3.0,,1.0,,1.0,1.0,,,,,0.0,0.0,,2.0,,,1.0,,,,,1.0,,,,,,,,,,,,,,,,,,,,,,,,,,,,,,,2.0,UnstableConcoction,InfinityEdge,GuinsoosRageblade,,,,,,,,,1.0,Redemption,FrozenHeart,RedBuff,,,,,,,,,,,,,,,,,,,,,,,,,,,,,,,,,2.0,ThiefsGloves,Morellonomicon,TitanicHydra,,,,,,,,,,,,,2.0,,,,,,,,1.0,,,,,,,,,,,,,,,,,,,,,,,,,,,,,,,,,,,,,,,,,,,,,,,,,,,,,,,,,,,,,,,,2.0,Chalice,CannoneerEmblemItem,ZekesHerald,,,,,,,,,,,,,,,,,,,,,,,,,,,,,1.0,TrainerSnax,None,None,2.0,ShimmerscaleDravensAxe,UnstableConcoction,,,,,,,,,,,,,,,,,,,,,,,,,,,,,,,,,
4,EUW1_5971708757,TFT7_Augment_SwiftshotPressTheAttack,TFT6_Augment_Electrocharge1,TFT6_Augment_PandorasItems,,1.0,,2.0,,,,,,,2.0,,,1.0,,0.0,0.0,,,,,,,1.0,,,0.0,0.0,,,,,,,,,,,,,,,,,,,,,,,,,,,,,,,,,,,,,,,,,,,,,,,,,,,,,,,,,,,,,,,,,,,,,,,,,3.0,ThiefsGloves,Chalice,RabadonsDeathcap,,,,,,,,,,,,,,,,,,,,,,,,,,,,,3.0,SeraphsEmbrace,ArchangelsStaff,,,,,,,,,,,,,,,,,,,,,,,,,,,,,,1.0,,,,,,,,,,,,,,,,1.0,,,,,,,,1.0,,,,,,,,,,,,,,,,2.0,FrozenHeart,,,,,,,,,,,,,,,,,,,,,None,None,,,,,1.0,,,,3.0,GuinsoosRageblade,MadredsBloodrazor,RunaansHurricane,,,,,,,,,,,,,,,,,,,,,,,,
7,EUW1_5971708757,TFT7_Augment_Preparation2,TFT6_Augment_CelestialBlessing1,TFT6_Augment_SecondWind1,,,,,,2.0,1.0,,,0.0,1.0,,,,3.0,,0.0,,,,,,,,,,0.0,,,,,,,,,,,,,,,,,,,,,,,,,,,,,,,,,,,,,,1.0,HextechGunblade,MadredsBloodrazor,,,,,,,,,,,,,,,,,,,,,,,,,,2.0,ZekesHerald,,,,,,,,,,,,,,,,,,,,,,,,,,,2.0,,,,,,,,,,,,,,,,,,,,,,,,2.0,GargoyleStoneplate,RedBuff,WarmogsArmor,,,,,,,,,,,,,,,,,,,,,2.0,,,,,,,,,,,,,,,,,,,,,,,,,,,,,,,,,,,,,,,,,,,,,,,,,,,,,,,,,,None,None,,,,,,,,,,,,,,,,,,,,,,,,,,,,,2.0,,,,,,,
7,EUW1_5971809132,TFT7_Augment_BestFriends1,TFT6_Augment_LudensEcho1,TFT7_Augment_GadgetExpert,,,,0.0,,,1.0,1.0,,0.0,,1.0,0.0,,,,,,,,,,,1.0,3.0,,,,,,,,,,,,1.0,SpearOfShojin,,,2.0,,,,,,,,,,,,,,,,,,,,,,,,,,,,,,,,,,,,,,,,,,,,3.0,StatikkShiv,StatikkShiv,PowerGauntlet,,,,,,,,,,,,,,,,,,,,,3.0,JeweledGauntlet,SeraphsEmbrace,InfinityEdge,,,,,1.0,,,,,,,,,,,,,,,,,,,,,,,,,,,,,,,,,,,,1.0,,,,,,,,,,,,,,,,,,,,,,,,,,,,,,,,,,,,,,,,,,,,,,,,,,,,,,,,,,,,,,,,3.0,GargoyleStoneplate,ChainVest,,,,,,,,None,None,,,,,,,,,,,,,,,,,,,,,,,,,,,,,,,,,,,,
4,EUW1_5971809132,TFT6_Augment_CyberneticShell1,TFT6_Augment_CyberneticImplants1,TFT7_Augment_CannoneerHotShot,,,1.0,,1.0,,1.0,,1.0,1.0,1.0,,,,,1.0,,1.0,0.0,,1.0,,,,,1.0,,,,,,,,,,,,,,,,,,,,,,,1.0,ShimmerscaleGamblersBlade,,,2.0,TitansResolve,,,2.0,GuinsoosRageblade,MadredsBloodrazor,LastWhisper,,,,,,,,,2.0,RedBuff,DragonsClaw,GargoyleStoneplate,,,,,,,,,,,,,,,,,,,,,,,,,,,,,,,,,,,,,,,,,,,,,,,,,,,,,,,,,2.0,RecurveBow,,,,,,,,,,,,,,,,,,,,,,,,,,,,,,,,,,,,,,,,,,,,,,,,,,,,,,,,,,,,,,,2.0,SpearOfShojin,,,,,,,,,,,,,,,,,,,,,,,,,,,,,,,4.0,TrainerSnax,None,None,2.0,BFSword,,,,,,,,,,,,,,,,,,,,,,,,,,,,,,,,,,
1,EUW1_5971809132,TFT7_Augment_ShimmerscaleEmblem,TFT6_Augment_TinyTitans,TFT6_Augment_SecondWind2,0.0,,,,,,1.0,0.0,0.0,1.0,,,0.0,0.0,0.0,0.0,0.0,,0.0,,4.0,1.0,,,,0.0,1.0,,2.0,LocketOfTheIronSolari,GiantsBelt,InfinityEdge,,,,,,,,,,,,,,,,,,,,,2.0,BrambleVest,ShimmerscaleEmblemItem,,,,,,,,,,,,,,2.0,RedBuff,GargoyleStoneplate,RabadonsDeathcap,,,,,,,,,,,,,,,,,,,,,,,,,,,,,,,,,,,,,,,,,2.0,ShimmerscaleGamblersBlade,Bloodthirster,,,,,,,,,,,,,,2.0,ShimmerscaleEmblemItem,ShimmerscaleHeartOfGold,,,,,,,,,,,,,,,,,,,,,,,,,,,,,,,,,,,,,,,,,,,,,,,,,,,,,,,,,,,,,,,,,,,,,,,,,,,,,,,,,,,,,,,,,,,,,,,,None,None,,,,,,,,,,,,,,,,,2.0,,,,,,,,2.0,ShimmerscaleDiamondHands,UnstableConcoction,InfinityEdge,,,,,2.0,ShimmerscaleGoldmancersStaff,ShimmerscaleCrownOfChampions,UnstableConcoction
2,EUW1_5971809132,TFT6_Augment_SecondWind1,TFT7_Augment_BestFriends1,TFT6_Augment_CyberneticUplink2,1.0,,1.0,1.0,,2.0,,,,,4.0,,0.0,,,0.0,1.0,,,,,,,1.0,1.0,,0.0,,,,,,,,,,,,,,,,,,,,,,2.0,CavalierEmblemItem,,,,,,,,,,,,,,,,,,,,,,,,,,,,,,,,,,,,,,,,,,,2.0,DragonsClaw,SeraphsEmbrace,,,,,,,,,,,,,,,,,,,,,,,,,,,,,,,,,,,,,,,,,,,,,,,,,,,,,,,,,,2.0,GiantsBelt,,,,,,,2.0,NeedlesslyLargeRod,,,,,,,2.0,RedBuff,,,,,,,,,,,1.0,DragonsClaw,,,,,,,,,,,,,,,,,,,,,,,,,,,,,,,2.0,Bloodthirster,,,,,,,,,,,,,None,None,,,,,2.0,,,,,,,,,,,,,,,,2.0,GuinsoosRageblade,MadredsBloodrazor,Quicksilver,,,,,,,,,,,,
5,EUW1_5971809132,TFT6_Augment_Featherweights1,TFT6_Augment_Weakspot,TFT7_Augment_UrfsGrabBag1,2.0,0.0,,,,,1.0,,,,1.0,0.0,,,,,1.0,,,2.0,,,,,0.0,,,1.0,,,,,,,,,,,,,,,,,,,,,,,,,,,,,,,,,,,,,,,,,,,,,,,,,,,,,3.0,ArchangelsStaff,ArchangelsStaff,Morellonomicon,,,,,2.0,,,,,,,,,,,,,,,,,,,,,,,,,,,,,,,,,,,,,,,,,,,,,,,,,,,,3.0,MadredsBloodrazor,Deathblade,AssassinEmblemItem,,,,,,,,,,,,,2.0,InfinityEdge,FrozenHeart,TitanicHydra,1.0,,,,,,,,,,,,,,,,,,,,,,,,1.0,,,,,,,,,,,,,,,,,,,,,,,,,,,,2.0,GuinsoosRageblade,,,,,,,,,,,,,None,None,,,,,,,,,,,,,,,,,,,,,,,,,,,,,,,,,,,,
3,EUW1_5971809132,TFT6_Augment_CyberneticUplink1,TFT6_Augment_TinyTitans,TFT7_Augment_GuildEmblem,1.0,,,1.0,,,1.0,0.0,,,3.0,,0.0,,,,2.0,,,1.0,,,,1.0,1.0,,0.0,,,,,,,,,,,,,,,,,,,,,,,,,,,,,,,,,,,,,,,,,,,,,,,,,,,,,,,,,,,,,,,,,,,,,,,,,,,,,,,,,,,,,,,,,,,,,,,,,,,,,,,,,,,,,,,,,,,,,,,,,,,,,,2.0,RedBuff,Quicksilver,,,,,,2.0,NeedlesslyLargeRod,LocketOfTheIronSolari,,,,,,,,,,,,,,,,,,2.0,GuildEmblemItem,,,1.0,GuardianAngel,UnstableConcoction,MadredsBloodrazor,,,,,,,,,,,,,2.0,,,,,,,,,,,,2.0,MadredsBloodrazor,,,,,,,,,,,,,None,None,,,,,2.0,,,,,,,,,,,,,,,,2.0,Deathblade,GuinsoosRageblade,Quicksilver,,,,,,,,,,,,
8,EUW1_5971809132,TFT6_Augment_CyberneticImplants1,TFT6_Augment_SecondWind1,TFT6_Augment_CelestialBlessing2,1.0,,,1.0,,0.0,,,,,2.0,,0.0,,,,1.0,,,,,,,1.0,1.0,,0.0,,,,,,,,,,,,,,,,,,,,,,,,,,,,,,,,,,,,,,,,,,,,,,,,,,,,,,,,,,,,,,,,,,2.0,GiantsBelt,,,,,,,,,,,,,,,,,,,,,,,,,,,,,,,,,,,,,,,,,,,,,,,,,,,,,,,,,,,2.0,GiantsBelt,GargoyleStoneplate,,,,,,2.0,TearOfTheGoddess,,,,,,,,,,,,,,,,,,,2.0,NegatronCloak,,,,,,,,,,,,,,,,,,,,,,,,,,,,,,,2.0,InfinityEdge,,,,,,,,,,,,,None,None,,,,,2.0,BFSword,,,,,,,,,,,,,,,1.0,GuinsoosRageblade,MadredsBloodrazor,,,,,,,,,,,,,
6,EUW1_5971809132,TFT7_Augment_MirageTrait,TFT7_Augment_WarriorTrait,TFT6_Augment_MakeshiftArmor2,,,1.0,1.0,,2.0,1.0,0.0,,,2.0,,,,3.0,0.0,0.0,,0.0,,,,,,,,2.0,,,,,,,,,,,,,,,,,,,,,,1.0,,,,,,,,,,,,,,,,2.0,MadredsBloodrazor,RapidFireCannon,UnstableConcoction,,,,,,,,,,,,,,,,,,,,,,,,,1.0,,,,,,,,,,,,,,,,,,,,,,,,,,,,,,,,,,,,,,,,,,,,,,,,,,,,2.0,,,,2.0,RapidFireCannon,Redemption,,,,,,,,,,,,,,,,,,2.0,,,,,,,,,,,,2.0,,,,,,,,,,,,,,,,,,,,,,,,,,,,,,,,,,,,,,,,,,,,,,None,None,,,,,,,,,,,,,,,,,,,,,,,,,1.0,Bloodthirster,Quicksilver,UnstableConcoction,,,,,,,,
5,EUW1_5971923981,TFT6_Augment_TomeOfTraits1,TFT6_Augment_Diversify3,TFT6_Augment_JeweledLotus,,,1.0,1.0,,,1.0,,0.0,,1.0,,0.0,1.0,1.0,1.0,,,,,0.0,1.0,,,2.0,1.0,,0.0,,,,,,,,,1.0,MadredsBloodrazor,SpearOfShojin,ArchangelsStaff,,,,,,,,,2.0,LastWhisper,,,,,,,,,,,,,,,,,,,,,,,,,,,,,,,,,,,,,,,,,,,,,,,1.0,MirageEmblemItem,,,,,,,,,,,,,,,,,,,,,,,,,,,,,,,1.0,,,,,,,,,,,,,,,,,,,,,,,,2.0,IonicSpark,GargoyleStoneplate,,,,,,,,,,,,,,,,,,,,,,,,,,,,,,,,,,,,,,,,,,,,,,,,,,2.0,ThiefsGloves,ChainVest,LocketOfTheIronSolari,,,,,,,,,,,,,,,,,1.0,TrainerSnax,None,None,,,,,,,,,,,,,,,,,,,,,,,,,,,,,,,,,1.0,StatikkShiv,MirageEmblemItem,Bloodthirster
3,EUW1_5971923981,TFT7_Augment_BestFriends2,TFT7_Augment_BestFriends3,TFT6_Augment_CyberneticShell2,,,,1.0,,,1.0,,,1.0,,,,0.0,2.0,,0.0,,0.0,,0.0,1.0,,,,,2.0,,,,,,,,,,,,,,,,,,,,,,,,,,3.0,RedBuff,IonicSpark,DragonsClaw,,,,,,,,,2.0,WarriorEmblemItem,,,,,,,,,,,,,,,,,,,,,,,,,,,,,,,,,,,,,,,,,,,,,,,,,,,,,,,3.0,NegatronCloak,,,,,,,,,,,,,,,,,,,,,,,,,,,1.0,,,,,,,,,,,,,,,,,,,,,,,,,,,,,,,,2.0,LocketOfTheIronSolari,,,,,,,,,,,,,,,,,,,,,,,,,,,,,,,,,,,,,,,,,,,,,None,None,,,,,,,,,,,,,,,,,,,,,,,,,,,,,3.0,RapidFireCannon,Bloodthirster,Quicksilver,2.0,,,
7,EUW1_5971923981,TFT6_Augment_CyberneticShell2,TFT6_Augment_CyberneticUplink3,TFT6_Augment_BlueBattery2,,,,,1.0,,1.0,,1.0,1.0,,,,,,0.0,,1.0,,,1.0,,,,,1.0,,0.0,,,,,,,,,,,,,,,,,,,,,,,,,,,,,1.0,Bloodthirster,MadredsBloodrazor,GuinsoosRageblade,,,,,,,,,2.0,ShimmerscaleMogulsMail,GargoyleStoneplate,GargoyleStoneplate,,,,,,,,,,,,,,,,,,,,,,,,,,,,,,,,,,,,,,,,,,,,,,,,,,,,,,,,,2.0,ZekesHerald,LocketOfTheIronSolari,,,,,,,,,,,,,,,,,,,,,,,,,,,,,,,,,,,,,,,,,,,,,,,,,,,,,,,,,,,,,,2.0,SparringGloves,,,,,,,,,,,,,,,,,,,,,,,,,,,2.0,Zephyr,,,4.0,TrainerSnax,None,None,2.0,TearOfTheGoddess,,,,,,,,,,,,,,,,,,,,,,,,,,,,,,,,,,
1,EUW1_5971923981,TFT7_Augment_ShimmerscaleTrait,TFT6_Augment_LudensEcho3,TFT6_Augment_SalvageBin,,0.0,1.0,1.0,,,1.0,,0.0,,1.0,,0.0,2.0,,2.0,,,,,0.0,1.0,,,2.0,1.0,,0.0,,,,,,,,,1.0,SpearOfShojin,MageEmblemItem,RabadonsDeathcap,,,,,,,,,1.0,,,,,,,,,,,,,,,,,,,,,,,,,,,,,,,,,,,,,,,,,,,,,,,,2.0,,,,,,,,,,,,,,,,,,,,,,,,,,,,,,,,2.0,,,,2.0,Zephyr,,,,,,,,,,,,,,,,,,,2.0,ThiefsGloves,RunaansHurricane,MadredsBloodrazor,,,,,,,,,,,,,,,,,,,,,,,,,,,,,,,,,,,,,,,,,,,,,,,,,2.0,BrambleVest,WarmogsArmor,GargoyleStoneplate,,,,,,,,,,,,,,,,,3.0,TrainerSnax,None,None,,,,,,,,,,,,,,,,,,,,,,,,,,,,,,,,,2.0,Shroud,DragonsClaw,PowerGauntlet
2,EUW1_5971923981,TFT6_Augment_SecondWind2,TFT6_Augment_RadiantRelics,TFT6_Augment_CelestialBlessing2,1.0,,,1.0,,0.0,1.0,,,,2.0,,,,,,1.0,,,,,,,1.0,,,0.0,2.0,,,,,,,,,,,,,,,,,,,,,,,,,,,,,,,,,,,,,,,,,,,,,,,,,2.0,GargoyleStoneplate,RedBuff,WarmogsArmorRadiant,,,,,,,,,,,,,1.0,,,,,,,,,,,,,,,,,,,,,,,,,,,,,,,,,,,,,,,,,,,,,,,,,,,,,,,,,,,,,,,,1.0,JeweledGauntlet,UnstableConcoction,,,,,,,,,,,,,,,,,,,,,,2.0,,,,,,,,,,,,,,,,,,,,,,,,,,,,,,,,2.0,Bloodthirster,StatikkShiv,WhispersEmblemItem,,,,,,,,,,,None,None,,,,,2.0,,,,,,,,,,,,,,,,2.0,GuinsoosRageblade,RunaansHurricane,Deathblade,,,,,,,,,,,,
4,EUW1_5971923981,TFT7_Augment_ClutteredMind,TFT6_Augment_Meditation3,TFT7_Augment_CannoneerHotShot,,,1.0,,2.0,,1.0,,1.0,1.0,1.0,,,,,1.0,,2.0,,,1.0,,,,,1.0,,0.0,,,,,,,,,,,,,,,,,,,,,1.0,,,,,,,,2.0,GuinsoosRageblade,MadredsBloodrazor,RunaansHurricane,,,,,,,,,2.0,WarmogsArmor,BrambleVest,ShimmerscaleMogulsMail,,,,,,,,,,,,,,,,,,,,,,,,,,,,,,,,,2.0,RabadonsDeathcap,Bloodthirster,,,,,,,,,,,,,,,,,,,,,,1.0,,,,,,,,,,,,,,,,,,,,,,,,,,,,,,,,,,,,,,,,,,,,,,,,,,,,,,,,,,,,,,,,2.0,,,,,,,,,,,,,,,,,,,,,,,,,,,,2.0,TitanicHydra,GiantsBelt,,3.0,TrainerSnax,None,None,2.0,,,,,,,,,,,,,,,,,,,,,,,,,,,,,,,,,,,
6,EUW1_5971923981,TFT7_Augment_CannoneerRicochet,TFT7_Augment_BestFriends3,TFT6_Augment_PortableForge,,,,1.0,1.0,,1.0,,1.0,1.0,,,0.0,,,0.0,,2.0,,,1.0,,,,0.0,1.0,,,,,,,,,,,,,,,,,,,,,,,,,,,,,,,2.0,InfinityEdge,LastWhisper,MadredsBloodrazor,,,,,,,,,1.0,RedBuff,ShimmerscaleMogulsMail,OrnnEternalWinter,,,,,,,,,,,,,,,,,,,,,,,,,,,,,,,,,,,,,,,,,,,,,,,,,,,,,,,,,2.0,ThiefsGloves,InfinityEdge,MadredsBloodrazor,,,,,,,,,,,,,,,,,,,,,1.0,GuardianEmblemItem,DragonsClaw,,,,,,,,,,,,,,,,,,,,,,,,,,,,,,,,,,,,,,2.0,SeraphsEmbrace,,,,,,,,,,,,,,,1.0,,,,,,,,,,,,,,,,3.0,TrainerSnax,None,None,2.0,UnstableConcoction,MadredsBloodrazor,,,,,,,,,,,,,,,,,,,,,,,,,,,,,,,,,
8,EUW1_5971923981,TFT7_Augment_SwiftshotEmblem,TFT7_Augment_BestFriends3,TFT6_Augment_BlueBattery2,1.0,,,1.0,,,,,,,2.0,,0.0,,,,0.0,0.0,,,,,,2.0,1.0,,,,,,,,,,,,,,,,,,,,,,,,,,,,,,,,,,,,,,,,,,,,,,,,,,,,,,,,,,,,2.0,,,,,,,,,,,,,,,,,,,,,,,,,,,,,,,,,,,,,,,,,,,,,,,,,,,,,,,,,,,,,,,,,,,,2.0,,,,,,,,2.0,,,,,,,,,,,,,,,,,,,,,,,,,,,,,,,,,,,,,,,,,,,,,,,,2.0,,,,1.0,InfinityEdge,SwiftshotEmblemItem,,,,,,,,,,,,None,None,,,,,2.0,,,,,,,,,,,,,,,,1.0,Quicksilver,MadredsBloodrazor,GuinsoosRageblade,,,,,,,,,,,,
5,EUW1_5971821881,TFT7_Augment_CavalierEmblem,TFT6_Augment_Diversify1,TFT7_Augment_SwiftshotPressTheAttack,1.0,,,1.0,,1.0,,,,,2.0,,0.0,,,,1.0,,,,,,,1.0,1.0,,0.0,,,,,,,,,,,,,,,,,,,,,,,,,,,,,,,,,,,,,,,,,,,,,,,,,,,,,,,,,,,,,,,,,,2.0,ThiefsGloves,PowerGauntlet,Shroud,,,,,,,,,,,,,,,,,,,,,,,,,,,,,,,,,,,,,,,,,,,,,,,,,,,,,,,,,2.0,CavalierEmblemItem,Morellonomicon,TitanicHydra,,,,,2.0,IonicSpark,,,,,,,,,,,,,,,,,,,2.0,,,,,,,,,,,,,,,,,,,,,,,,,,,,,,,,2.0,UnstableConcoction,InfinityEdge,,,,,,,,,,,,None,None,,,,,2.0,,,,,,,,,,,,,,,,2.0,Quicksilver,Deathblade,GuinsoosRageblade,,,,,,,,,,,,
2,EUW1_5971821881,TFT7_Augment_MirageHallucinate,TFT6_Augment_ItemGrabBag1,TFT7_Augment_BestFriends2,,,1.0,,,,1.0,0.0,1.0,,1.0,1.0,,,2.0,1.0,,0.0,,1.0,,,1.0,,,0.0,0.0,,,,,,,,,,,,,,,,,,,,,,1.0,,,,,,,,,,,,,,,,2.0,Quicksilver,StatikkShiv,GuinsoosRageblade,,,,,,,,,,,,,,,,,,,,,1.0,,,,,,,,,,,,,,,,,,,,,,,,,,,,,,,,,,,,,,,,2.0,ZekesHerald,,,,,,,2.0,DragonsClaw,RedBuff,,,,,,,,,,,,,,,,,,,,,,,,,,,,,,,,,,,,,,,,,,,,,,,,,,,,,,1.0,,,,2.0,StatikkShiv,UnstableConcoction,ArchangelsStaff,,,,,,,,,,,,,,,,,,,,,,,,,,,None,None,,,,,,,,,,,,,,,,,,,,,,,,,2.0,GuardianAngel,TitansResolve,HextechGunblade,,,,,,,,
4,EUW1_5971821881,TFT7_Augment_UrfsGrabBag1,TFT7_Augment_BandOfThieves1,TFT7_Augment_GadgetExpert,,,,2.0,1.0,,1.0,,0.0,,,,,0.0,,,0.0,3.0,,,,,,,,,0.0,2.0,,,,,,,,,,,,,,,,,,,,,,,,,,,,,2.0,GuinsoosRageblade,UnstableConcoction,StatikkShiv,,,,,,,,,,,,,,,,,2.0,ThiefsGloves,IonicSpark,StatikkShiv,,,,,,,,,,,,,,,,,,,,,,,,,2.0,ZekesHerald,,,,,,,,,,,,,,,,,,,,,,,,,,,,,,,,,,,,,,,,,,,,,,,,,,,,,,,,,,,,,,,,,,,,,,,,,,,2.0,GargoyleStoneplate,,,,,,,,,,,2.0,SpearOfShojin,,,,,,,,,,,2.0,ThiefsGloves,WarmogsArmor,GargoyleStoneplate,2.0,RedBuff,IonicSpark,FrozenHeart,,,,,,,,,,,,,,,None,None,,,,,,,,,,,,,,,,,,,,,,,,,,,,,,,,,,,,
3,EUW1_5971821881,TFT7_Augment_BestFriends2,TFT6_Augment_SecondWind1,TFT7_Augment_SwiftshotEmblem,,0.0,,2.0,,,1.0,,,,1.0,,0.0,0.0,,,,,,,,,,2.0,1.0,,,2.0,,,,,,,,,,,,,,,,,,,,,,,,,,,,,,,,,,,,,,,,,,,,,,,,,2.0,ZekesHerald,SwiftshotEmblemItem,MadredsBloodrazor,,,,,2.0,,,,,,,,,,,,,,,,3.0,WarmogsArmor,Shroud,FrozenHeart,,,,,,,,,,,,,,,,,,,,,,,,,,,,,,,,,,,,,,,,,,,,,,,,,2.0,,,,,,,,,,,,,,,,,,,,,,,,,,,,,,,,,,,,,,,,,,,,,,,,,,,,2.0,WarmogsArmor,Shroud,,,,,,,,,,,,,,,,,,,,None,None,,,,,1.0,,,,3.0,MadredsBloodrazor,GuinsoosRageblade,RunaansHurricane,,,,,,,,,,,,,,,,,,,,,,,,
1,EUW1_5971821881,TFT6_Augment_PortableForge,TFT6_Augment_Electrocharge1,TFT6_Augment_ComponentGrabBag,,0.0,1.0,1.0,,,1.0,,0.0,,1.0,,0.0,1.0,,1.0,,,,,0.0,1.0,,,2.0,1.0,,0.0,,,,,,,,,2.0,JeweledGauntlet,SpearOfShojin,ArchangelsStaff,,,,,,,,,2.0,,,,,,,,,,,,,,,,,,,,,,,,,,,,,,,,,,,,,,,,,,,,,,,,2.0,,,,3.0,MadredsBloodrazor,TitanicHydra,UnstableConcoction,,,,,,,,,,,,,,,,,,,,,,,,,2.0,PowerGauntlet,Chalice,,,,,,,,,,,,,,,,,,,,,,1.0,Shroud,,,,,,,,,,,,,,,,,,,,,,,,,,,,,,,,,,,,,,,,,,,,,,,,,,,2.0,OrnnAnimaVisage,WarmogsArmor,IonicSpark,,,,,,,,,,,,,,,,,3.0,TrainerSnax,None,None,,,,,,,,,,,,,,,,,,,,,,,,,,,,,,,,,2.0,HextechGunblade,RapidFireCannon,
7,EUW1_5971821881,TFT7_Augment_ShapeshifterBeastsDen,TFT7_Augment_ShapeshifterTrait,TFT6_Augment_Ascension,,,,0.0,,,,2.0,,,,1.0,,,,,1.0,,,2.0,,,,0.0,0.0,,0.0,,,,,,,,,,,,,,1.0,,,,,,,,,,,,,,,,,,,,,,,,,,,,,,,,,,,,,,,,,,,,,,,,2.0,DragonmancerEmblemItem,,,,,,,,,,,,,,,,,,,2.0,,,,,,,,2.0,,,,,,,,,,,,,,,,,,,,1.0,WarmogsArmor,GargoyleStoneplate,RabadonsDeathcap,,,,,,,,,,,,,,,,,,,,,,,,,,,,,,,,,,,,,1.0,,,,2.0,,,,,,,,,,,,,,,,,,,,2.0,MadredsBloodrazor,StatikkShiv,LocketOfTheIronSolari,,,,,,,,,,,,,,,,,,,,,,,None,None,,,,,,,,,,,,,,,,,,,,,,,,,,,,,,,,,,,,
8,EUW1_5971821881,TFT7_Augment_ClutteredMind,TFT6_Augment_ItemGrabBag1,TFT6_Augment_CyberneticImplants2,,,,,1.0,,1.0,,1.0,1.0,,,,,0.0,0.0,,1.0,,,1.0,,,,,1.0,,,,,,,,,,,,,,,,,,,,,,,,,,,,,,,2.0,MadredsBloodrazor,GuinsoosRageblade,LastWhisper,,,,,,,,,2.0,GargoyleStoneplate,Redemption,ShimmerscaleMogulsMail,,,,,,,,,,,,,,,,,,,,,,,,,,,,,,,,,,,,,,,,,,,,,,,,,2.0,,,,,,,,2.0,,,,,,,,,,,,,,,,,,,,,,,,,,,,,,,,,,,,,,,,,,,,,,,,,,,,,,,,,,,,,,,,2.0,,,,,,,,,,,,,,,,,,,,,,,,,,,,,,,,2.0,TrainerSnax,None,None,2.0,UnstableConcoction,,,,,,,,,,,,,,,,,,,,,,,,,,,,,,,,,,
6,EUW1_5971821881,TFT7_Augment_BestFriends2,TFT6_Augment_Recombobulator,TFT6_Augment_ComponentGrabBag,,2.0,,1.0,,,1.0,,1.0,,,,,1.0,,1.0,,,,,,,,,,1.0,,0.0,,,,,,,,,,,,,,,,,1.0,MadredsBloodrazor,ArchangelsStaff,HextechGunblade,,,,,,,,,,,,,,,,,,,,,,,,,,,,,,,,,,,,,,,,,,,,,,,,,2.0,,,,2.0,RedBuff,GargoyleStoneplate,GargoyleStoneplate,,,,,,,,,,,,,,,,,,,,,,,,,2.0,,,,3.0,ZekesHerald,GuinsoosRageblade,,,,,,,,,,,,,,,,,,,,,,,,,,,,,,,,,,,,,,,,,,,,,,,,,,,,,,1.0,,,,,,,,,,,,,,,,2.0,,,,,,,,,,,,,,,,,,,,2.0,TrainerSnax,None,None,,,,,,,,,,,,,,,,,,,,,,,,,,,,,,,,,,,,
7,EUW1_5971920432,TFT7_Augment_GuardianTrait,TFT6_Augment_ComponentGrabBag,TFT7_Augment_BestFriends2,,0.0,,1.0,,,,,0.0,0.0,1.0,,,2.0,,1.0,,,,,0.0,1.0,,,,1.0,,0.0,,,,,,,,,,,,,,,,,,,,,,,,,,,,,,,,,,,,,,,,,,,,,,,,,,,,,,,,,,,,,,,,,,,,,2.0,,,,3.0,TitanicHydra,,,,,,,,,,,,,,,,,,,,,,,,,,,2.0,Chalice,,,1.0,RabadonsDeathcap,,,,,,,,,,,,,,,,,,,,,,,,,,,,,,,2.0,SpearOfShojin,ArchangelsStaff,SpearOfShojin,,,,,,,,,,,,,,,,,,,,,,,,,,,,,,,,,,,,,2.0,Quicksilver,IonicSpark,,,,,,,,,,,,,,,,,,2.0,TrainerSnax,None,None,,,,,,,,,,,,,,,,,,,,,,,,,,,,,,,,,1.0,,,
2,EUW1_5971920432,TFT6_Augment_Meditation1,TFT6_Augment_PortableForge,TFT6_Augment_Meditation2,,0.0,1.0,1.0,,,,,1.0,,1.0,,0.0,2.0,,2.0,,0.0,,,0.0,1.0,,,0.0,1.0,,0.0,,,,,,,,,,,,,,,,,,,,,2.0,,,,,,,,,,,,,,,,,,,,,,,,,,,,,,,,,,,,,,,,,,,,,,,,2.0,,,,,,,,,,,,,,,,,,,,,,,,,,,,,,,,2.0,Shroud,,,3.0,,,,,,,,,,,,,,,,,,,,2.0,Shroud,TitanicHydra,TitanicHydra,,,,,,,,,,,,,,,,,,,,,,,,,,,,,,,,,,,,,2.0,MageEmblemItem,ArchangelsStaff,GuinsoosRageblade,,,,,,,,,2.0,OrnnEternalWinter,RedBuff,IonicSpark,,,,,,,,,,,,,,,,,3.0,TrainerSnax,None,None,,,,,,,,,,,,,,,,,,,,,,,,,,,,,,,,,1.0,GuinsoosRageblade,ArchangelsStaff,JeweledGauntlet
6,EUW1_5971920432,TFT7_Augment_BestFriends1,TFT7_Augment_GuildGearUpgrades,TFT6_Augment_CyberneticShell2,,,,0.0,0.0,1.0,,,0.0,,4.0,,,1.0,,0.0,,,0.0,,,,,0.0,,2.0,,0.0,,,,,,,,,,,,,,,,,,,,,,,,,,,,,,,,,,,,,,,,,,,,,,,,,,,,,,,,,,,,,,,,,,,,,2.0,,,,,,,,,,,,,,,,,,,,,,,,,,,,3.0,GuildEmblemItem,Bloodthirster,ArchangelsStaff,1.0,,,,,,,,,,,,,,,,,,,,,,,,,,,,,,,,,,,,2.0,SpearOfShojin,SpearOfShojin,,3.0,GargoyleStoneplate,,,,,,,,,,,,,,,,,,,,,,,,,,,,,,,,,,,1.0,,,,,,,,,,,,,,,,,,,,3.0,TrainerSnax,None,None,2.0,StatikkShiv,Chalice,,1.0,,,,,,,,,,,,,,,,,,,,,,,,,,,,,,,
5,EUW1_5971920432,TFT7_Augment_BestFriends1,TFT6_Augment_FuturePeepers,TFT6_Augment_CyberneticShell2,,,,,1.0,,1.0,0.0,1.0,1.0,,,,,0.0,0.0,,1.0,,,1.0,,,,,1.0,0.0,0.0,,,,,,,,,,,,,,,,,,,,,,,,,,,,,2.0,InfinityEdge,GuinsoosRageblade,HextechGunblade,,,,,,,,,2.0,DragonsClaw,RedBuff,WarmogsArmor,,,,,,,,,,,,,,,,,,,,,,,,,,,,,,,,,,,,,,,,,,,,,,,,,,,,,,,,,2.0,NeedlesslyLargeRod,Zephyr,,,,,,,,,,,,,,,,,,,,,,,,,,,,,,,,,,,,,,,,,,,,,,,,,,,,,,,,,,,,,,2.0,ThiefsGloves,RedBuff,GargoyleStoneplate,,,,,,,,,,,,,,,,,,,,,,,,,1.0,,,,3.0,TrainerSnax,None,None,1.0,,,,,,,,,,,,,,,,,,,,,,,,2.0,ShimmerscaleDiamondHands,WarmogsArmor,,,,,,,,,
3,EUW1_5971920432,TFT7_Augment_AstralTrait,TFT7_Augment_BruiserEmblem,TFT6_Augment_PortableForge,,1.0,,2.0,,,,,1.0,,1.0,0.0,0.0,1.0,,1.0,,,,,,,,1.0,0.0,1.0,,0.0,,,,,2.0,,,,,,,,,,,,,,,,,,,,,,,,,,,,,,,,,,,,,,,,,,,,,,,,,,,,,,,,,,,,,,,,2.0,,,,2.0,,,,,,,,,,,,,,,,,,,,,,,,,,,,2.0,ChainVest,,,3.0,BruiserEmblemItem,SpearOfShojin,HextechGunblade,,,,,,,,,,,,,,,,,1.0,Zephyr,,,,,,,,,,,,,,,,,,,,,,,,,,,,,,,,,,,,,,,,,,,,,,,,,,,2.0,GargoyleStoneplate,RedBuff,OrnnRocketPropelledFist,,,,,,,,,,,,,,,,,4.0,TrainerSnax,None,None,,,,,2.0,Shroud,InfinityEdge,,3.0,GuinsoosRageblade,Quicksilver,Deathblade,,,,,,,,,,,,,,,,,,,,,,,,
8,EUW1_5971920432,TFT7_Augment_EvokerTrait,TFT7_Augment_EvokerEmblem,TFT7_Augment_AxiomArc2,,1.0,,0.0,,,,,2.0,,1.0,,,1.0,,1.0,,0.0,,,,,,,,1.0,,,,,,,,,,,,,,,,,,,,,,,,,,,,,,,,,,,,,,,,,,,,,,,,,,,,,,,,,,,,,,,,,,,,,,,1.0,,,,2.0,GargoyleStoneplate,SparringGloves,,,,,,,,,,,,,,,,,,,,,,,,,,2.0,,,,3.0,EvokerEmblemItem,,,,,,,,,,,,,,,,,,,,,,,,,,,,,,,1.0,SpearOfShojin,ArchangelsStaff,SeraphsEmbrace,,,,,,,,,,,,,,,,,,,,,,,,,1.0,,,,,,,,,,,,,,,,,,,,,,,,,,,,,,,,1.0,TrainerSnax,None,None,,,,,,,,,,,,,2.0,,,,,,,,,,,,,,,,,,,,,,,
1,EUW1_5971920432,TFT7_Augment_BruiserTrait,TFT7_Augment_DragonHorde,TFT6_Augment_CyberneticUplink2,,,,2.0,,,2.0,,,,,1.0,0.0,0.0,,0.0,,,,,,,,,2.0,,,2.0,,,,,,,,,2.0,GuinsoosRageblade,UnstableConcoction,ArchangelsStaff,,,,,,,,,,,,,,,,,,,,,,,,,,,,,,,,,2.0,ThiefsGloves,,,2.0,TitansResolve,HextechGunblade,TitansResolve,,,,,,,,,,,,,,,,,,,,,,,,,,,,,,,,,,,,,,,,,,,,,,,,,,,,,,,,,,,,,,,,,,,,,,,,,1.0,ChainVest,Morellonomicon,,,,,,,,,,,,,,,,,,,,,,,,,,,,,,,,,,,,,,,,,,,,,,,,,,2.0,GargoyleStoneplate,TitansResolve,,,,,,,,,,,,,,,,,,,,None,None,,,,,,,,,,,,,,,,,,,,,,,,,,,,,,,,,,,,
4,EUW1_5971920432,TFT6_Augment_CyberneticShell1,TFT6_Augment_Ascension,TFT6_Augment_ComponentGrabBag,,,,,,,1.0,2.0,,,,1.0,,,0.0,,0.0,,,1.0,,,,0.0,2.0,,0.0,,,,,,,,,,1.0,ArchangelsStaff,Quicksilver,DragonmancerEmblemItem,1.0,,,,,,,,,,,,,,,,,,,,,,,,,,,,,,,,,,,,,,,,,,,,,,,,,,,,,,,,,,,,,,,,,,,,2.0,,,,,,,,2.0,Chalice,TitansResolve,,,,,,,,,,,,,,,,,,2.0,RedBuff,Redemption,GargoyleStoneplate,,,,,,,,,,,,,,,,,,,,,,,,,,,,,,,,,,,,,,,,,,,,,,,,,,,,,,,,,,,,,2.0,,,,,,,,,,,,,,,,,,,,,,,,,,None,None,,,,,,,,,,,,,,,,,,,,,,,,,2.0,TitansResolve,BFSword,GargoyleStoneplate,,,,,,,,
4,EUW1_5971875805,TFT6_Augment_LudensEcho1,TFT7_Augment_GuardianTrait,TFT7_Augment_GadgetExpert,,,,0.0,,2.0,1.0,0.0,,1.0,1.0,,0.0,,3.0,,0.0,,,,,,,,0.0,,0.0,,,,,,,,,,,,,,,,,,,,,,,,,,,,,,,,,,,,,,2.0,JeweledGauntlet,GuinsoosRageblade,StatikkShiv,,,,,,,,,,,,,,,,,,,,,,,,,2.0,ThiefsGloves,GiantsBelt,PowerGauntlet,,,,,,,,,,,,,,,,,,,,,,,,,2.0,,,,,,,,,,,,,,,,,,,,,,,,2.0,DragonsClaw,IonicSpark,,,,,,2.0,GiantsBelt,InfinityEdge,,,,,,,,,,,,,,2.0,,,,,,,,,,,,,,,,,,,,,,,,,,,,,,,,,,,,,,,,,,,,,,,,,,,,,,,,,,None,None,,,,,,,,,,,,,,,,,,,,,,,,,2.0,UnstableConcoction,MadredsBloodrazor,RapidFireCannon,,,,,,,,
3,EUW1_5971875805,TFT6_Augment_TriForce1,TFT6_Augment_PandorasItems,TFT6_Augment_TriForce2,,0.0,,1.0,,,,2.0,,,,0.0,0.0,,,,0.0,,,0.0,0.0,,,0.0,1.0,,,,,,,,,,,,,,,,2.0,,,,,,,,,,,,,,,,,,,,,,,,,,,,,,,,,,,,,,,,,,,,,,,,,,,,,,,,,,,,2.0,,,,,,,,2.0,,,,,,,,3.0,RabadonsDeathcap,InfinityEdge,JeweledGauntlet,,,,,,,,,,,,,,,,,,,,,,,,,,,,,,,,,2.0,RedBuff,DragonsClaw,WarmogsArmor,,,,,,,,,,,,,,,,,,,,,2.0,Chalice,TearOfTheGoddess,Chalice,,,,,,,,,,,,,,,,,,,,,2.0,StatikkShiv,Zephyr,,,,,,,,,,,,,,,,,,,,,,,,None,None,,,,,,,,,,,,,,,,,2.0,,,,,,,,,,,,,,,,,,,
1,EUW1_5971875805,TFT6_Augment_SecondWind1,TFT7_Augment_ShapeshifterTrait,TFT6_Augment_ThrillOfTheHunt2,0.0,,,1.0,,,1.0,,,,,1.0,,0.0,,,,,,2.0,,,1.0,,,,,3.0,,,,,,,,,,,,,,,,,,,,,,,,,,,,,,,,,,,,,,,,,,,,,,,,,2.0,Bloodthirster,MadredsBloodrazor,GuinsoosRageblade,3.0,UnstableConcoction,GuinsoosRageblade,ArchangelsStaff,,,,,2.0,,,,,,,,,,,,,,,,,,,,,,,,,,,,,,,,,,,,,,,,,,,,,,,,2.0,RedBuff,GargoyleStoneplate,,,,,,,,,,,,,,,,,,2.0,UnstableConcoction,Quicksilver,,,,,,,,,,,,,,,,,,,,,,,,,,,,,,,,,,,,,,1.0,,,,,,,,2.0,,,,,,,,,,,,,,,,,,,,,,None,None,,,,,,,,,,,,,,,,,,,,,,,,,,,,,,,,,,,,
7,EUW1_5971875805,TFT7_Augment_AxiomArc1,TFT6_Augment_PandorasItems,TFT6_Augment_SunfireBoard,,0.0,,0.0,,,1.0,0.0,0.0,,,,,1.0,,1.0,,,,,0.0,1.0,,,2.0,1.0,,0.0,,,,,,,,,1.0,GuinsoosRageblade,SpearOfShojin,Bloodthirster,,,,,,,,,,,,,,,,,,,,,,,,,,,,,,,,,,,,,,,,,,,,,,,,,,,,,,,,,2.0,,,,,,,,,,,,,,,,,,,,1.0,,,,,,,,,,,,2.0,,,,1.0,,,,,,,,,,,,,,,,,,,,,,,,,,,,,,,,,,,,,,,,,,,,,,,,,,,,,,,,,,,,,,,,,,,,,,,,2.0,DragonsClaw,RedBuff,,,,,,,,,,,,,,,,,,2.0,TrainerSnax,None,None,,,,,,,,,,,,,,,,,,,,,,,,,,,,,,,,,1.0,SpearOfShojin,,
2,EUW1_5971875805,TFT7_Augment_TempestTrait,TFT7_Augment_AssassinTrait,TFT6_Augment_SunfireBoard,2.0,,,1.0,,,1.0,,,,2.0,,0.0,0.0,,,0.0,,,,,,,1.0,2.0,,,2.0,,,,,,,,,,,,,,,,,,,,,,,,,,,,,,,,,,,,,,,,,,,,,,,,,2.0,AssassinEmblemItem,InfinityEdge,Quicksilver,,,,,,,,,,,,,,,,,,,,,,,,,,,,,,,,,,,,,,,,,,,,,,,,,,,,,,,,,,,,,,,,,,,,,,,,,2.0,WarmogsArmor,GargoyleStoneplate,DragonsClaw,,,,,2.0,,,,,,,,,,,,,,,,,,,,,,,,,,,,,,,,,,,,,,,,,,,,2.0,ThiefsGloves,ChainVest,BrambleVest,,,,,2.0,Bloodthirster,,,,,,,,,,,,,None,None,,,,,2.0,,,,,,,,,,,,,,,,2.0,GuinsoosRageblade,LastWhisper,TempestEmblemItem,,,,,,,,,,,,
6,EUW1_5971875805,TFT6_Augment_PandorasItems,TFT6_Augment_CelestialBlessing1,TFT6_Augment_CelestialBlessing2,,1.0,,1.0,,,,,0.0,,1.0,,,1.0,,1.0,,,,,,,,1.0,,1.0,,0.0,,,,,,,,,,,,,,,,,,,,,,,,,,,,,,,,,,,,,,,,,,,,,,,,,,,,,,,,,,,,,,,,,,,,,2.0,,,,2.0,RedBuff,GargoyleStoneplate,WarmogsArmor,,,,,,,,,,,,,,,,,,,,,,,,,2.0,,,,2.0,,,,,,,,,,,,,,,,,,,,,,,,,,,,,,,,,,,,,,,,,,,,,,,,,,,,,,,,,,,,,,,,,,,,,,,,2.0,Zephyr,,,,,,,,,,,,,,,,,,,1.0,TrainerSnax,None,None,,,,,2.0,,,,2.0,RunaansHurricane,GuinsoosRageblade,Deathblade,,,,,,,,,,,,,,,,,,,,,,,,
5,EUW1_5971875805,TFT7_Augment_GuardianTrait,TFT6_Augment_SecondWind1,TFT7_Augment_BestFriends2,,,1.0,,1.0,,1.0,,1.0,1.0,1.0,0.0,,,,2.0,,1.0,,,1.0,,1.0,,,1.0,,,,,,,,,,,,,,,,,,,,,,,1.0,,,,,,,,2.0,MadredsBloodrazor,Quicksilver,InfinityEdge,,,,,,,,,2.0,DragonsClaw,MysticEmblemItem,RedBuff,,,,,,,,,,,,,,,,,,,,,,,,,,,,,,,,,,,,,,,,,,,,,,,,,,,,,,,,,2.0,,,,,,,,,,,,,,,,,,,,,,,,,,,,,,,,,,,,,,,,,,,,,,,,,,,,,,,,,,,,,,,,2.0,ShimmerscaleHeartOfGold,Chalice,,1.0,,,,,,,,,,,,,,,,,,,,,,,,,,,,4.0,TrainerSnax,None,None,2.0,ZekesHerald,BFSword,,,,,,,,,,,,,,,,,,,,,,,,,,,,,,,,,
8,EUW1_5971875805,TFT7_Augment_EvokerTrait,TFT7_Augment_AxiomArc1,TFT6_Augment_BlueBattery2,,1.0,,1.0,,,,0.0,1.0,,1.0,,,2.0,0.0,1.0,,,,,,,,,,1.0,0.0,0.0,,,,,,,,,,,,,,,,,,,,,,,,,,,,,,,,,,,,,,,,,,,,,,,,,,,,,,,,,,,,,,,,,,,,,1.0,,,,2.0,,,,,,,,,,,,,,,,,,,,,,,,,,,,1.0,,,,3.0,StatikkShiv,StatikkShiv,StatikkShiv,,,,,,,,,,,,,,,,,,,,,,,,,,,,,2.0,SpearOfShojin,ArchangelsStaff,,,,,,,,,,,,,,,,,,,,,,,,,,,,,,,,,,,,,,1.0,RedBuff,GargoyleStoneplate,,,,,,,,,,,,,,,,,,1.0,TrainerSnax,None,None,,,,,,,,,,,,,2.0,,,,,,,,,,,,1.0,,,,,,,,,,,
8,EUW1_5971639682,TFT7_Augment_AFK,TFT7_Augment_RagewingTrait,TFT6_Augment_RadiantRelics,,,,0.0,,,,2.0,,,,1.0,0.0,,1.0,,1.0,,,1.0,,,,0.0,1.0,,0.0,,,,,,,,,,,,,,2.0,MirageEmblemItem,,,,,,,,,,,,,,,,,,,,,,,,,,,,,,,,,,,,,,,,,,,,,,,,,,,,,,,,,,,,,,,,,,,2.0,,,,,,,,2.0,,,,,,,,,,,,,,,,,,,,2.0,WarmogsArmor,WarmogsArmorRadiant,Morellonomicon,,,,,,,,,,,,,1.0,,,,,,,,,,,,,,,,,,,,,,,,2.0,,,,,,,,,,,,,,,,,,,,,,,,2.0,GuinsoosRageblade,StatikkShiv,JeweledGauntlet,,,,,,,,,,,,,,,,,,,,,,,None,None,,,,,,,,,,,,,,,,,,,,,,,,,1.0,MadredsBloodrazor,TitansResolve,PowerGauntlet,,,,,,,,
2,EUW1_5971639682,TFT7_Augment_ShimmerscaleEmblem,TFT6_Augment_FirstAidKit,TFT6_Augment_VerdantVeil,0.0,,,,,,1.0,1.0,,0.0,1.0,,0.0,0.0,0.0,,1.0,,,0.0,3.0,1.0,,1.0,,,0.0,,,,,,,,,,,,,,,,,,,,,,,,,,,,,,,,,,,,,,,,,,2.0,ShimmerscaleMogulsMail,RedBuff,ShimmerscaleDiamondHands,,,,,,,,,,,,,,,,,,,,,,,,,,,,,,,,,,,,,,,,,2.0,Shroud,,,,,,,,,,,,,,,,,,,,,,,,,,,,,,,,,,,,,,,,,,,,,,,,,,,,,,,,,,,,,,,,,,,,,,,,,,,,,,,,,,,,,,,2.0,MadredsBloodrazor,ShimmerscaleGamblersBlade,GuinsoosRageblade,,,,,,,,,,,,,,,,,,,,,,,None,None,,,,,1.0,ShimmerscaleEmblemItem,,,,,,,,,,,2.0,WarmogsArmor,,,2.0,GuinsoosRageblade,,,2.0,SeraphsEmbrace,GuardianAngel,UnstableConcoction,,,,,2.0,ShimmerscaleHeartOfGold,Zephyr,LocketOfTheIronSolari
3,EUW1_5971639682,TFT6_Augment_TinyTitans,TFT6_Augment_SecondWind1,TFT7_Augment_ThinkFast,,,1.0,,,2.0,1.0,0.0,1.0,,2.0,,,,3.0,1.0,0.0,0.0,,,,,,,,0.0,0.0,,,,,,,,,,,,,,,,,,,,,,2.0,,,,,,,,,,,,,,,,2.0,ArchangelsStaff,MadredsBloodrazor,UnstableConcoction,,,,,,,,,,,,,,,,,,,,,,,,,2.0,LocketOfTheIronSolari,Morellonomicon,,,,,,,,,,,,,,,,,,,,,,,,,,,,,,,,,,2.0,MirageEmblemItem,ZekesHerald,,,,,,,,,,,,,,2.0,RedBuff,WarmogsArmor,DragonsClaw,,,,,,,,,,,,,,,,,,,,,2.0,,,,,,,,,,,,,,,,,,,,,,,,2.0,,,,,,,,,,,,,,,,,,,,,,,,,,,,,,,,,,None,None,,,,,,,,,,,,,,,,,,,,,,,,,2.0,ThiefsGloves,LocketOfTheIronSolari,LocketOfTheIronSolari,,,,,,,,
5,EUW1_5971639682,TFT7_Augment_BandOfThieves1,TFT6_Augment_SecondWind1,TFT6_Augment_Diversify3,,,,,1.0,,1.0,,1.0,1.0,,,,,,0.0,,1.0,,,1.0,,,,,1.0,,0.0,,,,,,,,,,,,,,,,,,,,,,,,,,,,,2.0,ThiefsGloves,ChainVest,LocketOfTheIronSolari,,,,,,,,,2.0,Quicksilver,ShimmerscaleMogulsMail,GargoyleStoneplate,,,,,,,,,,,,,,,,,,,,,,,,,,,,,,,,,,,,,,,,,,,,,,,,,,,,,,,,,2.0,,,,,,,,,,,,,,,,,,,,,,,,,,,,,,,,,,,,,,,,,,,,,,,,,,,,,,,,,,,,,,,,2.0,StatikkShiv,Morellonomicon,,,,,,,,,,,,,,,,,,,,,,,,,,2.0,ThiefsGloves,RunaansHurricane,MadredsBloodrazor,1.0,TrainerSnax,None,None,2.0,Shroud,,,,,,,,,,,,,,,,,,,,,,,,,,,,,,,,,,
6,EUW1_5971639682,TFT6_Augment_LudensEcho1,TFT6_Augment_TinyTitans,TFT6_Augment_ItemGrabBag2,,,,,,,1.0,1.0,,1.0,,2.0,,,0.0,0.0,,,,,,,,1.0,1.0,,,,,,,,,,,,,,,,2.0,,,,,,,,,,,,,,,,,,,,,,,,,,,,,,,,1.0,ThiefsGloves,Chalice,PowerGauntlet,,,,,,,,,3.0,MadredsBloodrazor,StatikkShiv,HextechGunblade,,,,,,,,,,,,,,,,,,,,,2.0,ZekesHerald,,,,,,,2.0,RapidFireCannon,,,3.0,ThiefsGloves,RunaansHurricane,MadredsBloodrazor,,,,,,,,,,,,,,,,,,,,,,,,,,,,,,,,,,,,,,,,,,,,,,,,,,,,,,,,,,,,,,,,,,,,,,,,,,,,,,,,,,,,,,,,,,,,,3.0,RedBuff,DragonsClaw,WarmogsArmor,,,,,,,None,None,,,,,,,,,,,,,,,,,,,,,,,,,,,,,,,,,,,,
7,EUW1_5971639682,TFT6_Augment_PandorasItems,TFT6_Augment_TinyTitans,TFT6_Augment_CyberneticImplants3,,1.0,,1.0,,,,,1.0,,1.0,,,1.0,,1.0,,0.0,,,0.0,1.0,,1.0,,0.0,,0.0,,,,,,,,,,,,,,,,,,,,,,,,,,,,,,,,,,,,,,,,,,,,,,,,,,,,,,,,,,,,,,,,,,,,,,,,,3.0,WarmogsArmor,BrambleVest,Redemption,,,,,,,,,,,,,,,,,,,,,,,,,2.0,,,,3.0,ThiefsGloves,SeraphsEmbrace,Morellonomicon,,,,,,,,,,,,,,,,,,,,,,,,,,,,,,,,,,,,,,,,,,,,,,,,,,,,,,,,,2.0,,,,,,,,,,,,2.0,GargoyleStoneplate,,,,,,,,,,,,,,,,,,,,,None,None,,,,,2.0,RapidFireCannon,,,3.0,GuinsoosRageblade,Quicksilver,MadredsBloodrazor,,,,,,,,,,,,,,,,,,,,,1.0,ChainVest,,
1,EUW1_5971639682,TFT6_Augment_ThrillOfTheHunt1,TFT6_Augment_SecondWind1,TFT7_Augment_UrfsGrabBag2,1.0,,,0.0,,,1.0,,1.0,,1.0,2.0,0.0,,,1.0,,,,1.0,,,,,0.0,0.0,,0.0,,,,,3.0,StatikkShiv,ArchangelsStaff,ArchangelsStaff,,,,,,,,,,,,,,,,,,,,,,,,,,,,,,,,,,,,,2.0,UnstableConcoction,Bloodthirster,GuardianAngel,,,,,,,,,,,,,2.0,,,,,,,,,,,,,,,,,,,,,,,,,,,,,,,,,,,,,,,,2.0,,,,,,,,2.0,Morellonomicon,Quicksilver,WarmogsArmor,,,,,,,,,,,,,2.0,Shroud,,,1.0,,,,,,,,,,,,,,,,,,,,,,,,,,,,,,,,,,,,,,,,,,,,,,,,,,,,,,,,2.0,LastWhisper,FrozenHeart,,,,,,,,,,,,None,None,,,,,,,,,,,,,,,,,,,,,,,,,,,,,,,,,,,,
4,EUW1_5971639682,TFT6_Augment_MakeshiftArmor1,TFT6_Augment_TinyTitans,TFT6_Augment_MaxLevel10,1.0,,,1.0,,1.0,,0.0,,,3.0,,0.0,,0.0,,1.0,,,,,,,1.0,1.0,,1.0,,,,,,,,,,,,,,,,,,,,,,,,,,,,,,,,,,,,,,,,,,,,,,,,,,,,,,,,,,,,,,,,,,2.0,,,,,,,,,,,,,,,,,,,,,,,,,,,,,,,,,,,,,,,,,,,,,,,,,,,,,,,,,,,,2.0,RedBuff,Quicksilver,SeraphsEmbrace,,,,,2.0,,,,,,,,2.0,,,,,,,,,,,,1.0,,,,,,,,,,,,,,,,,,,,,,,,,,,,,,,,2.0,InfinityEdge,UnstableConcoction,SeraphsEmbrace,,,,,,,,,,,None,None,,,,,2.0,ZekesHerald,,,,,,,,,,,,,,,2.0,GuinsoosRageblade,Quicksilver,MadredsBloodrazor,1.0,,,,,,,,,,,
3,EUW1_5972078169,TFT6_Augment_JeweledLotus,TFT7_Augment_MageTrait,TFT6_Augment_Distancing2,,1.0,1.0,1.0,,0.0,,,,,2.0,,,3.0,0.0,1.0,,,0.0,,0.0,1.0,,,,,,0.0,,,,,,,,,,,,,,,,,,,,,1.0,MirageEmblemItem,,,,,,,,,,,,,,,,,,,,,,,,,,,,,,,,,,,,,,,,,,,,,,,,,,,2.0,,,,,,,,,,,,,,,,,,,,,,,,2.0,LastWhisper,BFSword,,,,,,3.0,SpearOfShojin,StatikkShiv,SpearOfShojin,,,,,,,,,,,,,,,,,,,,,,,,,,,,,2.0,,,,,,,,,,,,,,,,,,,,,,,,,,,,,,,,,,,,,,,,2.0,,,,,,,,,,,,,,,,,,,,,,None,None,,,,,,,,,,,,,2.0,IonicSpark,WarmogsArmor,DragonsClaw,,,,,,,,,,,,,,,,,2.0,SpearOfShojin,JeweledGauntlet,
4,EUW1_5972078169,TFT6_Augment_PortableForge,TFT7_Augment_LategameSpecialist,TFT7_Augment_TempestEmblem,1.0,,1.0,0.0,,,1.0,0.0,,,3.0,,0.0,,,0.0,,,,,,,,1.0,4.0,,,,,,,,,,,,2.0,GuinsoosRageblade,JeweledGauntlet,InfinityEdge,,,,,,,,,2.0,,,,,,,,,,,,,,,,,,,,,,,,,,,,,,,,,,,,2.0,Chalice,,,,,,,,,,,,,,,,,,,,,,,,,,,,,,,2.0,WarmogsArmor,Redemption,OrnnTheCollector,,,,,,,,,,,,,,,,,,,,,,,,,,,,,,,,,2.0,,,,,,,,2.0,RedBuff,MadredsBloodrazor,,,,,,,,,,,,,,,,,,,,,,,,,,,,,,,,,,,,,,,,,,,,,,,,,,2.0,InfinityEdge,TempestEmblemItem,Deathblade,,,,,,,,,,,None,None,,,,,2.0,,,,,,,,,,,,,,,,,,,,,,,,,,,,,,,
2,EUW1_5972078169,TFT7_Augment_GadgetExpert,TFT6_Augment_ItemGrabBag1,TFT6_Augment_Ascension,1.0,0.0,,2.0,,,,0.0,,,,,0.0,,1.0,,0.0,,1.0,,,,,,1.0,,2.0,,,,,,,,,,,,,,,,,,,,,,,,,,,,,,,,,,3.0,HextechGunblade,InfinityEdge,StatikkShiv,,,,,,,,,,,,,,,,,,,,,,,,,,,,,,,,,,,,,1.0,,,,,,,,,,,,,,,,,,,,,,,,,,,,,,,,,,,,,,,,,,,,,,,,3.0,RunaansHurricane,RapidFireCannon,Bloodthirster,2.0,,,,,,,,2.0,,,,,,,,,,,,,,,,,,,,2.0,ZekesHerald,LocketOfTheIronSolari,ZekesHerald,,,,,,,,,,,,,,,,,,,,,,,,,,,,,,,,,,,,,,,,,,,None,None,,,,,,,,,,,,,,,,,,,,,,,,,1.0,TitanicHydra,GuardianAngel,TitansResolve,2.0,,,,,,,
1,EUW1_5972078169,TFT7_Augment_WarriorEmblem,TFT6_Augment_PandorasItems,TFT7_Augment_CavalierEmblem,,,,0.0,,3.0,1.0,0.0,,,,,,0.0,3.0,,0.0,,0.0,,,,,,,,2.0,,,,,,,,,,,,,,,,,,,,,,,,,,,,,,,,,,,,,,2.0,WarriorEmblemItem,GuinsoosRageblade,ArchangelsStaff,,,,,,,,,,,,,,,,,,,,,,,,,1.0,,,,,,,,,,,,,,,,,,,,,,,,,,,,,,,,2.0,,,,,,,,,,,,,,,,,,,,3.0,WarmogsArmor,RedBuff,BrambleVest,,,,,,,,,,,,,,,,,,,,,,,,,,,,,,,,,2.0,ZekesHerald,,,,,,,,,,,,,,,,,,,,,,,,,,,,,,,,,,,,,,,,,,,,,None,None,,,,,,,,,,,,,,,,,,,,,,,,,2.0,Quicksilver,CavalierEmblemItem,GuardianAngel,2.0,TitansResolve,Quicksilver,RapidFireCannon,,,,
8,EUW1_5972078169,TFT7_Augment_CavalierEmblem,TFT7_Augment_EvokerTrait,TFT6_Augment_Ascension,,,,0.0,,3.0,,0.0,1.0,,1.0,1.0,1.0,,,,0.0,,,1.0,0.0,,,,0.0,,,,,,,,2.0,SeraphsEmbrace,Morellonomicon,ArchangelsStaff,,,,,,,,,,,,,,,,,,,,,,,,,,,,,,,,,,,,,,,,,,,,,,,,,,,,,2.0,,,,1.0,ChainVest,LastWhisper,,,,,,,,,,,,,,,,,,,,,,,,,,,,,,,,,,,,,,,,,,2.0,CavalierEmblemItem,,,,,,,,,,,,,,,1.0,CavalierEmblemItem,BrambleVest,Redemption,,,,,,,,,,,,,2.0,,,,,,,,,,,,,,,,,,,,,,,,,,,,,,,,,,,,,,,,,,,,,,,,,,,,,,,,,,None,None,,,,,,,,,,,,,,,,,2.0,GuinsoosRageblade,Bloodthirster,TitanicHydra,,,,,,,,,,,,,,,,
7,EUW1_5972078169,TFT6_Augment_BlueBattery2,TFT6_Augment_CelestialBlessing1,TFT7_Augment_UrfsGrabBag1,,,,,,,1.0,1.0,,,1.0,2.0,,,,0.0,,,,1.0,,,,1.0,0.0,,,,,,,,,,,,,,,,1.0,Chalice,StatikkShiv,,,,,,,,,,,,,,,,,,,,,,,,,,,,,,2.0,TitansResolve,GargoyleStoneplate,DragonsClaw,,,,,,,,,,,,,3.0,,,,,,,,,,,,,,,,,,,,2.0,RabadonsDeathcap,InfinityEdge,JeweledGauntlet,,,,,2.0,,,,,,,,,,,,,,,,,,,,1.0,PowerGauntlet,,,,,,,,,,,,,,,,,,,,,,,,,,,,,,,,,,,,,,,,,,,,,,,,,,,,,,,,,,,,,,,,,,,,,,,,,,,,,,,,,,,,,,,,,None,None,,,,,1.0,,,,,,,,,,,,,,,,,,,,,,,,,,,,,,,
6,EUW1_5972078169,TFT7_Augment_CavalierDevastatingCharge,TFT6_Augment_ItemGrabBag1,TFT6_Augment_BlueBattery2,,,,,0.0,2.0,,,0.0,,1.0,,,1.0,0.0,0.0,0.0,,0.0,,,,,,,2.0,,,,,,,,,,,,,,,,,,,,,,,,,,,,,,,,,,,,,,,,,,,,,,,,,,,,,,,,,,,,,,,,,,,2.0,IonicSpark,Deathblade,Bloodthirster,2.0,,,,,,,,,,,,,,,,,,,,,,,,,,,,2.0,Morellonomicon,,,2.0,,,,,,,,,,,,,,,,2.0,FrozenHeart,,,,,,,,,,,,,,,,,,,3.0,HextechGunblade,NeedlesslyLargeRod,JeweledGauntlet,,,,,,,,,,,,,,,,,,,,,,,,,,,,,,,,,,,,,,,,,,,,,,,,,,,,,,,,,4.0,TrainerSnax,None,None,3.0,GuinsoosRageblade,GuardianAngel,,,,,,,,,,,,,,,,,,,,,,,,,,,,,,,,,
5,EUW1_5972078169,TFT7_Augment_TempestEyeOfTheStorm,TFT6_Augment_PandorasItems,TFT6_Augment_CelestialBlessing2,1.0,,,2.0,,,1.0,0.0,,,,,0.0,,0.0,,0.0,,0.0,,,,,,1.0,,1.0,2.0,,,,,,,,,,,,,,,,,,,,,,,,,,,,,,,,,,,,,,,,,,,,,,,,,2.0,GuinsoosRageblade,InfinityEdge,DragonsClaw,,,,,,,,,,,,,,,,,,,,,,,,,,,,,,,,,,,,,,,,,,,,,,,,,,,,,,,,,,,,,,,,,,,,,2.0,GuinsoosRageblade,,,2.0,Morellonomicon,,,1.0,UnstableConcoction,InfinityEdge,Quicksilver,3.0,InfinityEdge,HextechGunblade,SpearOfShojin,,,,,,,,,,,,,,,,,2.0,,,,,,,,,,,,,,,,,,,,,,,,,,,,,,,,,,,,,,,,,,,,,,None,None,,,,,,,,,,,,,,,,,,,,,,,,,1.0,,,,,,,,,,,
2,EUW1_5971696197,TFT6_Augment_Distancing,TFT6_Augment_CelestialBlessing3,TFT6_Augment_CyberneticImplants3,2.0,,1.0,2.0,,,,0.0,,,2.0,,0.0,0.0,0.0,0.0,0.0,0.0,,,,,,,1.0,,1.0,1.0,,,,,,,,,,,,,,,,,,,,,2.0,StatikkShiv,,,,,,,,,,,,,,,,,,,,,,,,,,,,,,,,,,,,,,,,,,,,,,,,,,,,,,,,,,,,,,,,,,,,,,,,,,,,,,,,,,,,,,,,,,,,,,,,,,,,,,,2.0,TitanicHydra,,,2.0,RunaansHurricane,IonicSpark,,2.0,ChainVest,,,,,,,,,,,,,,,,,,,2.0,Redemption,,,,,,,,,,,,,,,,,,,,,,,2.0,,,,2.0,ThiefsGloves,RunaansHurricane,TitanicHydra,3.0,FrozenHeart,,,,,,,,,,,,,None,None,,,,,,,,,,,,,,,,,,,,,,,,,2.0,InfinityEdge,GuardianAngel,AssassinEmblemItem,,,,,,,,
8,EUW1_5971696197,TFT7_Augment_EvokerTrait,TFT6_Augment_MaxLevel10,TFT7_Augment_TomeOfTraits2,,0.0,,1.0,,,,,2.0,,1.0,,,2.0,,1.0,,0.0,,,,,,,,1.0,,0.0,,,,,,,,,,,,,,,,,,,,,,,,,,,,,,,,,,,,,,,,,,,,,,,,,,,,,,,,,,,,,,,,,,,,,2.0,,,,2.0,Redemption,,,,,,,,,,,,,,,,,,,,,,,,,,,2.0,MageEmblemItem,,,2.0,ThiefsGloves,UnstableConcoction,SpearOfShojin,,,,,,,,,,,,,,,,,,,,,,,,,,,,,2.0,SpearOfShojin,ArchangelsStaff,EvokerEmblemItem,,,,,,,,,,,,,,,,,,,,,,,,,1.0,,,,,,,,,,,,2.0,GargoyleStoneplate,,,,,,,,,,,,,,,,,,,2.0,TrainerSnax,None,None,,,,,,,,,,,,,,,,,,,,,,,,,,,,,,,,,,,,
6,EUW1_5971696197,TFT7_Augment_EvokerTrait,TFT6_Augment_BinaryAirdrop,TFT7_Augment_EvokerEmblem2,,,,,2.0,,1.0,,2.0,1.0,,,,,,0.0,,2.0,,,1.0,,,,,1.0,,0.0,,,,,,,,,,,,,,,,,,,,,,,,,,,,,2.0,UnstableConcoction,GuinsoosRageblade,PowerGauntlet,,,,,,,,,2.0,BrambleVest,RedBuff,SpearOfShojin,,,,,,,,,,,,,,,,,,,,,,,,,,,,,,,,,2.0,EvokerEmblemItem,SparringGloves,RapidFireCannon,,,,,,,,,,,,,,,,,,,,,2.0,SpearOfShojin,NeedlesslyLargeRod,InfinityEdge,,,,,,,,,,,,,,,,,,,,,,,,,,,,,,,,,,,,,,,,,,,,,,,,,,,,,,,,,,,,,2.0,Quicksilver,SpearOfShojin,RabadonsDeathcap,,,,,,,,,,,,,,,,,,,,,,,,,2.0,,,,3.0,TrainerSnax,None,None,2.0,ShimmerscaleGamblersBlade,Bloodthirster,Deathblade,,,,,,,,,,,,,,,,,,,,,,,,,,,,,,,,
7,EUW1_5971696197,TFT6_Augment_SecondWind1,TFT6_Augment_RadiantRelics,TFT6_Augment_HighEndShopping,1.0,,,1.0,,1.0,,,,,3.0,,0.0,,,,1.0,,,,,,,1.0,1.0,,0.0,,,,,,,,,,,,,,,,,,,,,,,,,,,,,,,,,,,,,,,,,,,,,,,,,,,,,,,,,,,,,,,,,,2.0,ThiefsGlovesRadiant,ShroudOfStillnessRadiant,BloodthirsterRadiant,,,,,,,,,,,,,,,,,,,,,,,,,,,,,,,,,,,,,,,,,,,,,,,,,,,,,,,,,1.0,WarmogsArmor,,,,,,,2.0,RabadonsDeathcap,,,,,,,1.0,,,,,,,,,,,,2.0,,,,,,,,,,,,,,,,,,,,,,,,,,,,,,,,2.0,InfinityEdge,UnstableConcoction,UnstableConcoction,,,,,,,,,,,None,None,,,,,1.0,,,,,,,,,,,,,,,,2.0,MadredsBloodrazor,GuinsoosRageblade,Quicksilver,,,,,,,,,,,,
1,EUW1_5971696197,TFT6_Augment_CyberneticShell1,TFT6_Augment_WindfallPlus,TFT7_Augment_CavalierEmblem2,,,,,,4.0,1.0,0.0,,,1.0,,,0.0,3.0,,0.0,,0.0,,,,,,,,1.0,,,,,,,,,,,,,,,,,,,,,,,,,,,,,,,,,,,,,,2.0,Quicksilver,HextechGunblade,MadredsBloodrazor,,,,,,,,,,,,,,,,,,,,,,,,,2.0,IonicSpark,GargoyleStoneplate,FrozenHeart,,,,,,,,,,,,,,,,,,,,,,,,,,,,,2.0,,,,,,,,,,,,,,,,,,,,3.0,WarmogsArmor,Redemption,RedBuff,,,,,,,,,,,,,,,,,,,,,2.0,,,,,,,,,,,,,,,,,,,,,,,,,,,,,,,,,,,,,,,,,,,,,,,,,,,,,,,,,,None,None,,,,,,,,,,,,,,,,,,,,,,,,,1.0,CavalierEmblemItem,GuardianAngel,,2.0,ZekesHerald,ZekesHerald,,,,,
4,EUW1_5971696197,TFT7_Augment_SwiftshotTrait,TFT6_Augment_VerdantVeil,TFT6_Augment_MaxLevel10,0.0,1.0,,3.0,,,1.0,,,,1.0,,0.0,0.0,,,,,,,,,,1.0,0.0,,,2.0,,,,,,,,,,,,,,,,,,,,,,,,,,,,,,,,,,,,,,,,,,,,,,,,,2.0,UnstableConcoction,InfinityEdge,GuinsoosRageblade,,,,,,,,,,,,,,,,,,,,,2.0,,,,,,,,,,,,,,,,,,,,,,,,,,,,,,,,,,,,,,,,,,,,,,,,,,,,1.0,SpearOfShojin,,,,,,,,,,,,,,,,,,,,,,,,,,,,,,,,,,,2.0,,,,,,,,,,,,,,,,2.0,,,,,,,,2.0,FrozenHeart,RapidFireCannon,BruiserEmblemItem,,,,,,,,,,,None,None,,,,,,,,,3.0,WhispersEmblemItem,GuinsoosRageblade,RunaansHurricane,,,,,,,,,,,,,,,,,,,,,,,,
3,EUW1_5971696197,TFT6_Augment_TinyTitans,TFT6_Augment_Twins3,TFT6_Augment_CelestialBlessing3,0.0,1.0,,1.0,,,,,0.0,,2.0,,,0.0,,1.0,0.0,,,,,,,1.0,,0.0,,,,,,,,,,,,,,,,,,,,,,,,,,,,,,,,,,,,,,,,,,,,,,,,,,,,,,,,,,,,,,,,,,,,,,,,,,,2.0,FrozenHeart,DragonsClaw,RedBuff,,,,,,,,,,,,,,,,,,,,,,,,,1.0,,,,3.0,SpearOfShojin,Morellonomicon,Shroud,,,,,,,,,,,,,,,,,,,,,,,,,,,,,,,,,,,,,,,,,,,,,,,,,,,,,3.0,RagewingEmblemItem,,,,,,,,,,,,,,,,,,,,,,,1.0,,,,,,,,,,,,,,None,None,,,,,2.0,,,,2.0,RunaansHurricane,GuinsoosRageblade,Deathblade,,,,,,,,,,,,,,,,,,,,,,,,
5,EUW1_5971696197,TFT6_Augment_Weakspot,TFT6_Augment_Distancing3,TFT6_Augment_TheGoldenEgg,,,,1.0,1.0,,1.0,,1.0,,,,,1.0,,0.0,,1.0,,,0.0,1.0,,,,2.0,,2.0,,,,,,,,,,,,,,,,,,,,,,,,,,,,,2.0,RunaansHurricane,,,,,,,,,,,,,,,,,,,2.0,BrambleVestRadiant,GargoyleStoneplateRadiant,UnstableConcoction,,,,,,,,,,,,,,,,,2.0,,,,,,,,,,,,,,,,,,,,,,,,,,,,,,,,2.0,GiantsBelt,,,,,,,,,,,,,,,,,,,,,,,,,,,,,,,,,,,,,,,,,,,,,,,,,,,,,,,,,,,,,,,1.0,ThiefsGloves,Morellonomicon,TitanicHydra,,,,,,,,,2.0,RedBuff,Shroud,,,,,,,,,,,,,,,,,,4.0,TrainerSnax,None,None,2.0,ThiefsGloves,ChainVest,IonicSpark,,,,,,,,,,,,,,,,,,,,,,,,,,,,,1.0,Quicksilver,StatikkShiv,
2,EUW1_5971860198,TFT6_Augment_Ascension,TFT6_Augment_TinyTitans,TFT6_Augment_Recombobulator,,,,1.0,,0.0,1.0,0.0,,,,1.0,0.0,,,,0.0,,,2.0,,,1.0,,0.0,,,2.0,,,,,,,,,,,,,,,,,,,,,,,,,,,,,,,,,,,,,,,,,,,,,,,,,3.0,InfinityEdge,UnstableConcoction,HextechGunblade,2.0,InfinityEdge,,,,,,,2.0,RagewingEmblemItem,,,,,,,,,,,,,,,,,,,,,,,,,,,,,,,,,,,,,,,,,,,,,,,2.0,Redemption,RedBuff,CavalierEmblemItem,,,,,,,,,,,,,2.0,Morellonomicon,,,,,,,,,,,,,,,,,,,,,,,,,,,,,,,,,,,,,,,,,,,1.0,ArchangelsStaff,,,2.0,,,,,,,,,,,,,,,,,,,,,,,,,,None,None,,,,,,,,,,,,,,,,,,,,,,,,,,,,,,,,,,,,
6,EUW1_5971860198,TFT7_Augment_UrfsGrabBag1,TFT7_Augment_AxiomArc1,TFT7_Augment_MageTrait,,0.0,1.0,1.0,,,,,0.0,,2.0,,,3.0,,2.0,,,,,0.0,1.0,,,,1.0,,0.0,,,,,,,,,,,,,,,,,,,,,1.0,,,,,,,,,,,,,,,,,,,,,,,,,,,,,,,,,,,,,,,,,,,,,,,,2.0,,,,2.0,RedBuff,Quicksilver,,,,,,,,,,,,,,,,,,,,,,,,,,1.0,MageEmblemItem,,,3.0,StatikkShiv,SpearOfShojin,RabadonsDeathcap,,,,,,,,,,,,,,,,,,,,,,,,,,,,,2.0,Quicksilver,,,,,,,,,,,,,,,,,,,,,,,,,,,,,,,,,,,,,,,2.0,ThiefsGloves,RunaansHurricane,MadredsBloodrazor,,,,,,,,,,,,,,,,,3.0,TrainerSnax,None,None,,,,,,,,,,,,,,,,,,,,,,,,,,,,,,,,,1.0,TitansResolve,,
1,EUW1_5971860198,TFT6_Augment_Meditation2,TFT6_Augment_Recombobulator,TFT7_Augment_BestFriends1,,,1.0,,0.0,,1.0,0.0,1.0,0.0,1.0,,,1.0,0.0,1.0,,1.0,,,2.0,1.0,,,,1.0,0.0,,,,,,,,,,,,,,,,,,,,,,2.0,ThiefsGloves,,,,,,,2.0,MadredsBloodrazor,InfinityEdge,ShimmerscaleDravensAxe,,,,,,,,,2.0,RedBuff,DragonsClaw,BrambleVest,,,,,,,,,,,,,,,,,,,,,,,,,2.0,,,,,,,,,,,,,,,,,,,,,,,,,,,,,,,,2.0,ShimmerscaleEmblemItem,ShimmerscaleGamblersBlade,UnstableConcoction,,,,,,,,,,,,,,,,,,,,,,,,,,,,,,,,,,,,,,,,,,,,,,,,,,,,,,,,,,,,,2.0,SpearOfShojin,MageEmblemItem,ArchangelsStaff,,,,,,,,,,,,,,,,,,,,,,,,,,,,,3.0,TrainerSnax,None,None,,,,,,,,,,,,,,,,,,,,,,,,,1.0,,,,,,,,2.0,RabadonsDeathcap,TitansResolve,StatikkShiv
5,EUW1_5971860198,TFT6_Augment_LudensEcho2,TFT6_Augment_TriForce1,TFT7_Augment_MysticTrait,,0.0,,1.0,,0.0,1.0,,1.0,,,,,1.0,,1.0,,0.0,0.0,,,,,,1.0,1.0,,0.0,,,,,,,,,2.0,HextechGunblade,SpearOfShojin,,,,,,,,,,,,,,,,,,,,,,,,,,,,,,,,,,,,,,,,,,,,,,,,,,,,,,,,,,1.0,,,,2.0,GiantsBelt,LocketOfTheIronSolari,TitanicHydra,,,,,,,,,,,,,,,,,,,,,1.0,,,,2.0,,,,,,,,,,,,,,,,,,,,,,,,,,,,,,,,,,,,,,,,,,,,,,,,,,,,,,,,,,,,,,,,1.0,,,,,,,,,,,,2.0,RedBuff,IonicSpark,BrambleVest,,,,,,,,,,,,,,,,,1.0,TrainerSnax,None,None,,,,,,,,,,,,,,,,,,,,,,,,,,,,,,,,,,,,
8,EUW1_5971860198,TFT7_Augment_MageEmblem,TFT6_Augment_CyberneticUplink1,TFT7_Augment_MageTrait,,0.0,,0.0,,2.0,,,1.0,,1.0,,,2.0,0.0,1.0,,0.0,0.0,,,,,,,0.0,,0.0,,,,,,,,,,,,,,,,,,,,,,,,,,,,,,,,,,,,,,,,,,,,,,,,,,,,,,,,,,,,,,,,,,,,,,,,,,,,,,,,,,,,,,,,,,,,,,,,,2.0,Bloodthirster,TitansResolve,TitansResolve,2.0,TearOfTheGoddess,,,2.0,StatikkShiv,,,,,,,,,,,1.0,ThiefsGloves,NeedlesslyLargeRod,TitanicHydra,,,,,,,,,,,,,,,,,2.0,CavalierEmblemItem,,,,,,,,,,,,,,,,,,,,,,,,,,,1.0,MageEmblemItem,,,,,,,,,,,2.0,RedBuff,,,,,,,,,,,,,,,,,,,,,None,None,,,,,,,,,,,,,,,,,,,,,,,,,,,,,,,,,,,,
7,EUW1_5971860198,TFT6_Augment_Distancing2,TFT6_Augment_Weakspot,TFT7_Augment_CannoneerTrait,0.0,,,0.0,2.0,,1.0,0.0,0.0,1.0,1.0,,0.0,,0.0,,,1.0,,,1.0,,,,0.0,0.0,0.0,,,,,,,,,,,,,,,,,,,,,,,,,,,,,,2.0,MadredsBloodrazor,UnstableConcoction,GuinsoosRageblade,,,,,,,,,1.0,GargoyleStoneplate,,,,,,,,,,,,,,,,,,,,,,,,,,,,,,,,,,,,,,,,,,,,,,,,,,,,,,,,,,,,,,,,,,,,,,,,,,,,,,,,,,,1.0,,,,,,,,,,,,,,,,,,,,,,,,,,,,,,,,,,,,,,,,2.0,,,,,,,,,,,,,,,,,,,,2.0,,,,,,,,,,,,,,None,None,2.0,RapidFireCannon,ShimmerscaleDravensAxe,GuinsoosRageblade,,,,,,,,,,,,,,,,,,,,,1.0,GuardianEmblemItem,,,,,,,,,,
3,EUW1_5971860198,TFT6_Augment_CyberneticUplink2,TFT6_Augment_LudensEcho1,TFT6_Augment_Diversify1,,1.0,,1.0,,,1.0,,1.0,,,,,1.0,,1.0,,,,,0.0,1.0,,,,1.0,,0.0,,,,,,,,,,,,,,,,,1.0,SpearOfShojin,HextechGunblade,JeweledGauntlet,,,,,,,,,,,,,,,,,,,,,,,,,,,,,,,,,,,,,,,,,,,,,,,,,2.0,ChainVest,,,2.0,Zephyr,,,,,,,,,,,,,,,,,,,,,,,,,,,2.0,LastWhisper,,,3.0,,,,,,,,,,,,,,,,,,,,,,,,,,,,,,,,,,,,,,,,,,,,,,,,,,,,,,,,,,,,,,,,,,,,,,,,2.0,TitansResolve,GargoyleStoneplate,TitanicHydra,,,,,,,,,,,,,,,,,3.0,TrainerSnax,None,None,,,,,,,,,,,,,,,,,,,,,,,,,,,,,,,,,1.0,RedBuff,,
4,EUW1_5971860198,TFT6_Augment_BlueBattery2,TFT6_Augment_FirstAidKit,TFT7_Augment_MageTrait,,0.0,,1.0,,,1.0,,1.0,,1.0,,,2.0,,1.0,,0.0,,,,,,,,1.0,,2.0,,,,,,,,,,,,,,,,,,,,,,,,,,,,,,,,,,,,,,,,,,,,,,,,,1.0,BrambleVest,,,,,,,,,,,,,,,,,,,2.0,,,,,,,,,,,,,,,,,,,,,,,,,,,,,,,,2.0,,,,2.0,,,,,,,,,,,,,,,,,,,,,,,,,,,,,,,,2.0,ArchangelsStaff,HextechGunblade,SpearOfShojin,,,,,,,,,,,,,,,,,,,,,,,,,2.0,GuinsoosRageblade,,,,,,,,,,,2.0,RedBuff,IonicSpark,TitansResolve,,,,,,,,,,,,,,,,,2.0,TrainerSnax,None,None,,,,,,,,,,,,,,,,,,,,,,,,,,,,,,,,,,,,
8,EUW1_5971928246,TFT7_Augment_WarriorEmblem,TFT6_Augment_Twins3,TFT6_Augment_CyberneticShell2,,,,1.0,,0.0,,0.0,,,1.0,,0.0,,0.0,,0.0,,0.0,,0.0,,,,,,2.0,,2.0,Bloodthirster,,,,,,,,,,,,,,,,,,,,,,,,,,,,,,,,,,,,,,,,,,,,,,,,,,,,,,,,,,,,,,,,,,,,,,,,,,,,,,,,,,,,,,,,,,,,,,,,,,,,,,,,,,,,,,,,,,,,,,,2.0,,,,,,,,,,,,,,,,,,,,3.0,WarriorEmblemItem,GiantsBelt,,,,,,,,,,2.0,,,,,,,,,,,,,,,,,,,,,,,,,,,,,,,,,,,,,,,,,,,,,,None,None,,,,,,,,,,,,,,,,,2.0,JeweledGauntlet,WarmogsArmor,,,,,,,,,,2.0,StatikkShiv,Bloodthirster,,,,,
7,EUW1_5971928246,TFT7_Augment_ClutteredMind,TFT6_Augment_GrandGambler,TFT6_Augment_JeweledLotus,2.0,,,1.0,,0.0,1.0,,,,1.0,,,,2.0,,0.0,,0.0,,,,,,0.0,,1.0,,,,,,,,,,,,,,,,,,,,,,,,,,,,,,,,,,2.0,,,,1.0,Bloodthirster,SpearOfShojin,,,,,,,,,,,,,,,,,,,,,,,,,,,,,,,,,,,,,,,,,,,,,,,,,,,,,,,,,,,,,,,,,,,,,,,,,,,,,,1.0,,,,2.0,AssassinEmblemItem,GuinsoosRageblade,,,,,,,,,,2.0,,,,,,,,,,,,,,,,,,,,2.0,,,,,,,,,,,,,,,,,,,,,,,,,,,,,,,,1.0,,,,,,,,,,,,,,None,None,,,,,,,,,,,,,,,,,,,,,,,,,,,,,,,,,,,,
2,EUW1_5971928246,TFT7_Augment_ClutteredMind,TFT6_Augment_FuturePeepers2,TFT7_Augment_GuildEmblem,1.0,,1.0,1.0,,0.0,,0.0,,,4.0,,0.0,,0.0,0.0,1.0,,,,,,,1.0,1.0,,1.0,,,,,,,,,,,,,,,,,,,,,,2.0,Zephyr,,,,,,,,,,,,,,,,,,,,,,,,,,,,,,,,,,,,,,,,,,,2.0,GargoyleStoneplate,Redemption,,,,,,,,,,,,,,,,,,,,,,,,,,,,,,,,,,,,,,,,,,,,,,,,,,,,,,,,,,2.0,ZephyrRadiant,Redemption,,,,,,1.0,,,,,,,,,,,,,,,,,,,,2.0,,,,,,,,,,,,,,,,,,,,,,,,,,,,,,,,2.0,FrozenHeart,RedBuff,InfinityEdge,,,,,,,,,,,None,None,,,,,2.0,,,,,,,,,,,,,,,,2.0,RunaansHurricane,MadredsBloodrazor,GuinsoosRageblade,2.0,GuildEmblemItem,MadredsBloodrazor,Quicksilver,,,,,,,,
1,EUW1_5971928246,TFT7_Augment_CannoneerEmblem,TFT7_Augment_CannoneerEmblem2,TFT7_Augment_DragonAlliance,,,1.0,,4.0,,2.0,,1.0,1.0,1.0,,,,,1.0,,2.0,,,1.0,,,,,1.0,,0.0,,,,,,,,,,,,,,,,,,,,,2.0,PowerGauntlet,ShimmerscaleDiamondHands,TearOfTheGoddess,,,,,3.0,LastWhisper,InfinityEdge,GuinsoosRageblade,,,,,,,,,3.0,WarmogsArmor,GargoyleStoneplate,DragonsClaw,,,,,,,,,,,,,,,,,,,,,,,,,,,,,,,,,2.0,RunaansHurricane,,,,,,,,,,,,,,,,,,,,,,,2.0,CannoneerEmblemItem,RedBuff,Zephyr,,,,,,,,,,,,,,,,,,,,,,,,,,,,,,,,,,,,,,,,,,,,,,,,,,,,,,,,,,,,,2.0,,,,,,,,,,,,,,,,,,,,,,,,,,,,2.0,IonicSpark,TitanicHydra,CannoneerEmblemItem,3.0,TrainerSnax,None,None,2.0,,,,,,,,,,,,,,,,,,,,,,,,,,,,,,,,,,,
3,EUW1_5971928246,TFT6_Augment_CyberneticImplants2,TFT6_Augment_Electrocharge3,TFT6_Augment_SalvageBin,0.0,,,2.0,,0.0,,0.0,,,1.0,,0.0,0.0,0.0,,1.0,0.0,,,,,,1.0,1.0,,1.0,0.0,,,,,,,,,,,,,,,,,,,,,,,,,,,,,,,,,,,,,,,,,,,,,,,,,,,,,,,,,1.0,,,,,,,,2.0,RedBuff,FrozenHeart,Deathblade,,,,,,,,,,,,,,,,,,,,,,,,,,,,,,,,,,,,,,,,,,,,,,,,,,,,,,,,,2.0,BrambleVest,MadredsBloodrazor,,,,,,,,,,,,,,,,,,,,,,,,,,2.0,,,,,,,,,,,,,,,,,,,,,,,,2.0,,,,2.0,,,,2.0,RabadonsDeathcap,FrozenHeart,IonicSpark,,,,,,,,,,,None,None,,,,,,,,,,,,,,,,,,,,,2.0,GuinsoosRageblade,MadredsBloodrazor,Quicksilver,2.0,TitansResolve,RapidFireCannon,SeraphsEmbrace,,,,,,,,
4,EUW1_5971928246,TFT6_Augment_RichGetRicher,TFT6_Augment_CelestialBlessing3,TFT6_Augment_Ascension,,,,,,,1.0,0.0,1.0,0.0,,3.0,0.0,,,0.0,,0.0,,1.0,,,1.0,0.0,,,,,,,,,2.0,,,,,,,,2.0,Shroud,,,,,,,,,,,,,,,,,,,,,,,,,,,,,,,2.0,MadredsBloodrazor,RapidFireCannon,Bloodthirster,,,,,,,,,,,,,2.0,RedBuff,,,,,,,,,,,,,,,,,,,,,,,,,,,,,,,,,,,,,,,,,,,,,,,2.0,HextechGunblade,WarmogsArmor,RedBuff,,,,,,,,,,,,,,,,,,,,,,,,,,,,,,,,,,,,,,,,,,,,,,,,,,,,,1.0,,,,2.0,SeraphsEmbrace,Chalice,Deathblade,,,,,,,,,,,,,,,,,2.0,ZekesHerald,,,,,,,,,None,None,,,,,,,,,,,,,,,,,,,,,,,,,,,,,,,,,,,,
5,EUW1_5971928246,TFT7_Augment_ScalescornEmblem,TFT6_Augment_CelestialBlessing3,TFT7_Augment_BestFriends2,1.0,,,1.0,,0.0,,0.0,,0.0,,,,0.0,1.0,,0.0,,2.0,,0.0,,,,,,2.0,,,,,,,,,,,,,,,,,,,,,,,,,,3.0,DragonsClaw,TitanicHydra,,,,,,2.0,,,,,,,,,,,,,,,,,,,,,,,,,,,,,,,,,,,,,,,,,,,,,,,,,,,,2.0,,,,,,,,,,,,3.0,RabadonsDeathcap,,,,,,,,,,,,,,,,,,,,,,,2.0,StatikkShiv,SparringGloves,,,,,,,,,,,,,,,,,,,,,,,,,,,,,,2.0,,,,,,,,,,,,,,,,,,,,,,,,,,,,,,,,,,,,,,,,,,,,,,None,None,,,,,,,,,,,,,,,,,,,,,,,,,1.0,SpearOfShojin,GuinsoosRageblade,ScalescornEmblemItem,2.0,,,,,,,
6,EUW1_5971928246,TFT6_Augment_BlueBattery2,TFT7_Augment_TomeOfTraits2,TFT7_Augment_BruiserTitanicStrength,,0.0,,4.0,0.0,,,,,,,,0.0,0.0,,,0.0,2.0,0.0,,,,,,0.0,,1.0,0.0,,,,,,,,,,,,,,,,,,,,,,,,,,,,,2.0,BruiserEmblemItem,Bloodthirster,,,,,,,,,,,,,,,,,,,,,,,,,,,,,,,,,,,,,,,,,,2.0,RevelEmblemItem,Bloodthirster,JeweledGauntlet,,,,,,,,,,,,,,,,,,,,,,,,,,,,,,,,,,,,,,,,,,,,,2.0,Bloodthirster,,,1.0,,,,,,,,,,,,,,,,,,,,,,,,,,,,2.0,ThiefsGloves,Chalice,PowerGauntlet,,,,,2.0,,,,,,,,,,,,,,,,2.0,HextechGunblade,JeweledGauntlet,,2.0,,,,,,,,,,,,,,,,,,None,None,,,,,,,,,,,,,,,,,,,,,,,,,,,,,,,,,,,,
7,EUW1_5972064136,TFT7_Augment_TempestEyeOfTheStorm,TFT7_Augment_TempestTrait,TFT7_Augment_TempestEmblem,1.0,,,0.0,,,,0.0,,,,,0.0,,,,0.0,,0.0,,,,,1.0,3.0,,,,,,,,,,,,,,,,,,,,,,,,,,,,,,,,,,,,2.0,TempestEmblemItem,Chalice,,,,,,,,,,,,,,,,,,,,,,2.0,,,,,,,,,,,,,,,,,,,,,,,,,,,,,,,,2.0,,,,,,,,,,,,,,,,,,,,,,,,,,,,,,,,,,,,1.0,RedBuff,IonicSpark,TitansResolve,,,,,3.0,,,,,,,,,,,,,,,,,,,,,,,,,,,,,,,,,,,,,,,,,,,,,,,,,,,,,,,,,,,,,,,,,,None,None,,,,,,,,,,,,,,,,,,,,,1.0,HextechGunblade,StatikkShiv,GuinsoosRageblade,,,,,,,,,,,,
8,EUW1_5972064136,TFT6_Augment_TrueTwos,TFT6_Augment_Electrocharge1,TFT6_Augment_TomeOfTraits1,1.0,,,,,,1.0,0.0,,0.0,,,0.0,0.0,,,0.0,,,,3.0,1.0,,,,,0.0,,2.0,GiantsBelt,AssassinEmblemItem,ZekesHerald,,,,,,,,,,,,,,,,,,,,,,,,,,,,,,,,,,,,,2.0,GuardianAngel,RapidFireCannon,,,,,,,,,,,,,,,,,,,,,,,,,,,,,,,,,,,,,,,,,,2.0,ShimmerscaleGamblersBlade,GuinsoosRageblade,Bloodthirster,,,,,,,,,,,,,,,,,,,,,,,,,,,,,,,,,,,,,,,,,,,,,,,,,,,,,,,,,,,,,,,,,,,,,,,,,,,,,,,,,,,,,,,,,,,,,,,,,,,,,,,,,,,,,,,None,None,,,,,,,,,,,,,,,,,3.0,Redemption,ShimmerscaleMogulsMail,ShimmerscaleDravensAxe,,,,,,,,,,,,,1.0,ThiefsGloves,Shroud,JeweledGauntlet
2,EUW1_5972064136,TFT6_Augment_ThrillOfTheHunt2,TFT6_Augment_Distancing,TFT7_Augment_GadgetExpert,1.0,1.0,,1.0,,,,,,,2.0,,0.0,0.0,,0.0,,,,,,,,1.0,1.0,,,,,,,,,,,,,,,,,,,,,,,,,,,,,,,,,,,,,,,,,,,,,,,,,,,,,,,,,,,,,,,,,,,,,,,,,,,,2.0,RedBuff,,,,,,,,,,,,,,,,,,,,,,,,,,,,,,,3.0,StatikkShiv,,,,,,,,,,,,,,,,,,,1.0,Morellonomicon,,,,,,,2.0,,,,,,,,,,,,,,,,,,,,,,,,,,,,,,,,,,,,,,,,,,,,,,,,,,,,2.0,LastWhisper,FrozenHeart,InfinityEdge,,,,,,,,,,,None,None,,,,,2.0,,,,3.0,RunaansHurricane,GuinsoosRageblade,MadredsBloodrazor,,,,,,,,,,,,,,,,,,,,,,,,
1,EUW1_5972064136,TFT6_Augment_HyperRoll,TFT6_Augment_CelestialBlessing1,TFT6_Augment_ComponentGrabBag,,,1.0,,,2.0,1.0,0.0,,,1.0,,,0.0,3.0,0.0,0.0,,0.0,,,,,,,,1.0,,,,,,,,,,,,,,,,,,,,,,2.0,,,,,,,,,,,,,,,,2.0,MadredsBloodrazor,ArchangelsStaff,JeweledGauntlet,,,,,,,,,,,,,,,,,,,,,,,,,2.0,FrozenHeart,TitanicHydra,Morellonomicon,,,,,,,,,,,,,,,,,,,,,,,,,,,,,2.0,,,,,,,,,,,,,,,,,,,,3.0,RedBuff,BrambleVest,WarmogsArmor,,,,,,,,,,,,,,,,,,,,,,,,,,,,,,,,,,,,,,,,,,,,,,,,,,,,,,,,,,,,,,,,,,,,,,,,,,,,,,,None,None,,,,,,,,,,,,,,,,,,,,,,,,,1.0,,,,2.0,,,,,,,
3,EUW1_5972064136,TFT7_Augment_WarriorTiamat,TFT7_Augment_WarriorTrait,TFT6_Augment_PortableForge,0.0,0.0,,2.0,,,,0.0,,0.0,,,,,1.0,,0.0,0.0,0.0,,0.0,,,,,,3.0,,1.0,,,,,,,,,,,,,,,,,,,,,,,,,,,,,,,,,,,,,,,,,,,,,,,,,,,,,,,,,,,,,,,,,,,,,,,,1.0,,,,,,,,,,,,,,,,,,,,2.0,,,,,,,,,,,,,,,,,,,,,,,,,,,,2.0,OrnnRanduinsSanctum,TitansResolve,WarmogsArmor,,,,,,,,,,,,,,,,,,,,,,,,,,,,,2.0,RunaansHurricane,,,,,,,,,,,,,,,,,,,,,,,,,,,2.0,,,,,,,,,,,,,,,,,,None,None,,,,,,,,,,,,,,,,,,,,,,,,,1.0,StatikkShiv,Deathblade,GuardianAngel,2.0,GuinsoosRageblade,InfinityEdge,AssassinEmblemItem,,,,
4,EUW1_5972064136,TFT7_Augment_AssassinEmblem,TFT6_Augment_CelestialBlessing1,TFT6_Augment_CelestialBlessing2,,2.0,,1.0,,,,0.0,,,,0.0,,1.0,,0.0,,,,0.0,,,,1.0,,,,,,,,,,,,,,,,,1.0,,,,,,,,,,,,,,,,,,,,,,,,,,,,,,,,,,,,,,,,,,,,,,,,,,,,,,,,,,,,3.0,IonicSpark,MageEmblemItem,FrozenHeart,,,,,,,,,,,,,,,,,,,,,,,,,,,,,3.0,,,,,,,,3.0,InfinityEdge,GuardianAngel,,,,,,,,,,,,,,,,,,,,,,,,,,,,,,,,,,,,,,,,,,,,,,3.0,,,,,,,,,,,,,,,,,,,,,,,,,,,,,,,,,,,,,,None,None,,,,,,,,,3.0,Quicksilver,GuinsoosRageblade,MadredsBloodrazor,3.0,,,,,,,,,,,,,,,,,,,,,,,
6,EUW1_5972064136,TFT7_Augment_RevelPartyTime,TFT7_Augment_BestFriends1,TFT6_Augment_SunfireBoard,,,,0.0,1.0,,,,0.0,1.0,,0.0,,,0.0,,,3.0,0.0,,,,,,,,,,,,,,,,,,,,,,,,,,,,,,,,,,2.0,,,,1.0,SpearOfShojin,RecurveBow,,,,,,,,,,,,,,,,,,,,,,,,,,,,,,,,,,,,,,,,,,,,,,3.0,SpearOfShojin,Bloodthirster,,,,,,,,,,,,,,3.0,FrozenHeart,RedBuff,,,,,,,,,,,,,,,,,,,,,,,,,,,,,,,,,,,,,,,,,,,,,,,,,,,,,,,,,,,,,,,,,,,,,,2.0,SpearOfShojin,ArchangelsStaff,,,,,,,,,,,,,,2.0,,,,,,,,3.0,ChainVest,,,,,,,,,None,None,,,,,,,,,,,,,,,,,,,,,,,,,,,,,,,,,,,,
5,EUW1_5972064136,TFT6_Augment_TrueTwos,TFT7_Augment_RagewingTrait,TFT7_Augment_UrfsGrabBag1,0.0,,,0.0,,0.0,,2.0,,,,0.0,0.0,,0.0,,2.0,,,0.0,0.0,,,0.0,0.0,,1.0,,,,,,,,,,,,,,2.0,,,,,,,,,,,,,,,,,,,,,,,,,,,,,,,,,,,,,,,,,,,,,,,,,,,,1.0,ForceOfNature,,,,,,,,,,,,,,,,,,,2.0,FrozenHeart,,,2.0,InfinityEdge,JeweledGauntlet,Bloodthirster,,,,,,,,,,,,,,,,,,,,,,,,,,,,,,,,,,,,,,,,,,,,,,,,,,,,,,,,,3.0,Redemption,,,2.0,PowerGauntlet,,,,,,,,,,,,,,,,,,,3.0,,,,,,,,,,,,,,,,,,,,,,,,,,None,None,,,,,,,,,,,,,,,,,2.0,BFSword,,,,,,,1.0,InfinityEdge,JeweledGauntlet,,,,,,,,,
6,EUW1_5973167460,TFT6_Augment_SecondWind2,TFT6_Augment_BlueBattery2,TFT6_Augment_RadiantRelics,,,,1.0,1.0,,1.0,,1.0,,,,,0.0,,0.0,,1.0,,,,,,,,1.0,,2.0,,,,,,,,,,,,,,,,,,,,,,,,,,,,,2.0,GuinsoosRageblade,UnstableConcoction,RunaansHurricane,,,,,,,,,,,,,,,,,1.0,GuardianAngelRadiant,FrozenHeart,HextechGunblade,,,,,,,,,,,,,,,,,,,,,,,,,,,,,,,,,,,,,,,,,,,,,,,,,2.0,,,,,,,,,,,,,,,,,,,,,,,,,,,,,,,,,,,,,,,,,,,,,,,,,,,,,,,,,,,,,,,,2.0,Shroud,,,,,,,,,,,2.0,RedBuff,,,,,,,,,,,,,,,,,,,3.0,TrainerSnax,None,None,2.0,,,,,,,,,,,,,,,,,,,,,,,,,,,,,,,,,,,
4,EUW1_5973167460,TFT7_Augment_UrfsGrabBag1,TFT6_Augment_SalvageBin,TFT7_Augment_GuildEmblem2,1.0,,1.0,1.0,,1.0,,,,,5.0,,0.0,,,0.0,1.0,,,,,,,1.0,1.0,,0.0,,,,,,,,,,,,,,,,,,,,,,1.0,Shroud,SpearOfShojin,,,,,,,,,,,,,,,,,,,,,,,,,,,,,,,,,,,,,,,,,,2.0,,,,,,,,,,,,,,,,,,,,,,,,,,,,,,,,,,,,,,,,,,,,,,,,,,,,,,,,,,,,2.0,WarmogsArmor,LocketOfTheIronSolari,RedBuff,,,,,2.0,,,,,,,,2.0,,,,,,,,,,,,2.0,,,,,,,,,,,,,,,,,,,,,,,,,,,,,,,,2.0,FrozenHeart,InfinityEdge,MadredsBloodrazor,,,,,,,,,,,None,None,,,,,2.0,LastWhisper,,,,,,,,,,,,,,,2.0,MadredsBloodrazor,GuinsoosRageblade,GuildEmblemItem,,,,,,,,,,,,
1,EUW1_5973167460,TFT6_Augment_CyberneticUplink2,TFT6_Augment_Electrocharge2,TFT6_Augment_CelestialBlessing3,,,1.0,,,3.0,1.0,0.0,,0.0,2.0,,,,4.0,0.0,0.0,,,,,,,,,,1.0,,,,,,,,,,,,,,,,,,,,,,2.0,ZekesHerald,,,,,,,,,,,,,,,2.0,JeweledGauntlet,GuinsoosRageblade,StatikkShiv,,,,,,,,,,,,,,,,,,,,,,,,,2.0,ThiefsGloves,Quicksilver,RabadonsDeathcap,,,,,,,,,,,,,,,,,,,,,,,,,2.0,,,,,,,,,,,,,,,,,,,,,,,,3.0,RedBuff,,,,,,,,,,,,,,,,,,,,,,,2.0,MirageEmblemItem,,,,,,,,,,,,,,,,,,,,,,,,,,,,,,,,,,,,,,,,,,,,,,,,,,,,,,,,,None,None,,,,,,,,,,,,,,,,,,,,,,,,,2.0,CavalierEmblemItem,Bloodthirster,UnstableConcoction,1.0,Shroud,,,,,,
7,EUW1_5973167460,TFT7_Augment_SwiftshotPressTheAttack,TFT6_Augment_SecondWind2,TFT7_Augment_UrfsGrabBag2,1.0,,,0.0,,1.0,,,,,3.0,,,,,,1.0,,,,,,,1.0,0.0,,0.0,,,,,,,,,,,,,,,,,,,,,,,,,,,,,,,,,,,,,,,,,,,,,,,,,,,,,,,,,,,,,,,,,,1.0,GargoyleStoneplate,Redemption,DragonsClaw,,,,,,,,,,,,,,,,,,,,,,,,,,,,,,,,,,,,,,,,,,,,,,,,,,,,,,,,,,,,,,,,,2.0,,,,,,,,2.0,,,,,,,,,,,,2.0,Redemption,,,,,,,,,,,,,,,,,,,,,,,,,,,,,,,1.0,FrozenHeart,,,,,,,,,,,,,None,None,,,,,2.0,,,,,,,,,,,,,,,,2.0,Deathblade,GuinsoosRageblade,Bloodthirster,,,,,,,,,,,,
8,EUW1_5973167460,TFT7_Augment_SwiftshotPressTheAttack,TFT7_Augment_GuildEmblem,TFT6_Augment_VerdantVeil,1.0,,,1.0,,0.0,,,,,3.0,,0.0,,,,1.0,,,,,,,1.0,1.0,,0.0,,,,,,,,,,,,,,,,,,,,,,,,,,,,,,,,,,,,,,,,,,,,,,,,,,,,,,,,,,,,,,,,,,1.0,,,,,,,,,,,,,,,,,,,,,,,,,,,,,,,,,,,,,,,,,,,,,,,,,,,,,,,,,,,,2.0,,,,,,,,2.0,,,,,,,,,,,,,,,,,,,,2.0,,,,,,,,,,,,,,,,,,,,,,,,,,,,,,,,1.0,RedBuff,TearOfTheGoddess,,,,,,,,,,,,None,None,,,,,2.0,,,,,,,,,,,,,,,,1.0,MadredsBloodrazor,GuinsoosRageblade,GuildEmblemItem,,,,,,,,,,,,
2,EUW1_5973167460,TFT6_Augment_SecondWind2,TFT7_Augment_BestFriends2,TFT6_Augment_BandOfThieves2,0.0,0.0,1.0,2.0,,,,,,,3.0,,0.0,0.0,,0.0,0.0,,,,,,,1.0,0.0,,0.0,0.0,,,,,,,,,,,,,,,,,,,,,2.0,ZekesHerald,Shroud,,,,,,,,,,,,,,,,,,,,,,,,,,,,,,,,,,,,,,,,,,,,,,,,,,3.0,Redemption,RedBuff,WarmogsArmor,,,,,,,,,,,,,,,,,,,,,,,,,,,,,,,,,,,,,,,,,,,,,,,,,2.0,ThiefsGloves,RunaansHurricane,Shroud,,,,,,,,,,,,,,,,,,,,,,,,,2.0,ThiefsGloves,PowerGauntlet,FrozenHeart,,,,,,,,,,,,,,,,,,,,,2.0,ThiefsGloves,TitansResolve,MadredsBloodrazor,,,,,2.0,ThiefsGloves,GiantsBelt,PowerGauntlet,,,,,,,,,,,None,None,,,,,2.0,Zephyr,,,3.0,MadredsBloodrazor,UnstableConcoction,InfinityEdge,,,,,,,,,,,,,,,,,,,,,,,,
5,EUW1_5973167460,TFT6_Augment_CalculatedLoss,TFT6_Augment_Electrocharge2,TFT7_Augment_ThinkFast,1.0,,,2.0,,,1.0,,,,,,0.0,0.0,,,0.0,,,0.0,,,,,1.0,,0.0,3.0,,,,,,,,,,,,,,,,,,,,,,,,,,,,,,,,,,,,,,,,,,,,,,,,,2.0,UnstableConcoction,GuinsoosRageblade,InfinityEdge,2.0,,,,,,,,,,,,,,,,,,,,,,,,,,,,,,,,,,,,,,,,,,,,,,,,,,,,,,,,,,,,,,,,,,,,,,,,2.0,ThiefsGloves,Bloodthirster,HextechGunblade,1.0,,,,2.0,,,,,,,,,,,,,,,,,,,,1.0,,,,,,,,,,,,,,,,,,,,,,,,2.0,LocketOfTheIronSolari,TitanicHydra,JeweledGauntlet,,,,,,,,,,,,,,,,,,,None,None,,,,,,,,,,,,,,,,,,,,,,,,,,,,,,,,,,,,
3,EUW1_5973167460,TFT6_Augment_ClearMind,TFT6_Augment_CelestialBlessing2,TFT6_Augment_BandOfThieves2,,,1.0,,,,1.0,0.0,1.0,,1.0,2.0,0.0,,0.0,2.0,,,,1.0,,,1.0,,,0.0,0.0,,,,,,2.0,SeraphsEmbrace,ArchangelsStaff,Morellonomicon,,,,,,,,,,,,,1.0,,,,,,,,,,,,,,,,,,,,,,,,2.0,ThiefsGloves,Redemption,BrambleVest,,,,,,,,,,,,,2.0,ThiefsGloves,Bloodthirster,DragonsClaw,,,,,,,,,,,,,,,,,,,,,,,,,,,,,,,,,,,,,2.0,TearOfTheGoddess,,,,,,,2.0,GargoyleStoneplate,Morellonomicon,ArchangelsStaff,,,,,,,,,,,,,,,,,,,,,,,,,,,,,,,,,,,,,,,,,,,,,,,,,,,,,,,,,2.0,,,,,,,,,,,,,,,,,,,,,,,,,,,,,,None,None,,,,,,,,,,,,,,,,,,,,,,,,,1.0,SeraphsEmbrace,IonicSpark,InfinityEdge,,,,,,,,
3,EUW1_5973234381,TFT7_Augment_AssassinEmblem,TFT6_Augment_Distancing,TFT7_Augment_PandorasBench,2.0,,,1.0,,,1.0,,,0.0,1.0,,0.0,0.0,,,,,,,,,,,1.0,,,3.0,,,,,,,,,,,,,,,,,,,,,,,,,,,,,,,,,,,,,,,,,,,,,,,,,2.0,AssassinEmblemItem,InfinityEdge,RapidFireCannon,,,,,,,,,,,,,,,,,,,,,,,,,,,,,,,,,,,,,,,,,,,,,,,,,,,,,,,,,,,,,,,,,,,,,,,,,2.0,Zephyr,,,1.0,Zephyr,,,2.0,,,,,,,,,,,,,,,,,,,,,,,,,,,,,,,,,,,,,,,,,,,,2.0,RedBuff,,,,,,,2.0,Bloodthirster,RecurveBow,,,,,,2.0,Shroud,,,,,None,None,,,,,,,,,,,,,,,,,,,,,,,,,,,,,,,,,,,,
1,EUW1_5973234381,TFT6_Augment_CyberneticShell2,TFT6_Augment_PandorasItems,TFT6_Augment_Distancing2,,0.0,,1.0,,0.0,1.0,,0.0,,1.0,0.0,,2.0,,1.0,,,0.0,,,,1.0,,,1.0,,2.0,,,,,,,,,,,,,,,,,,,,,,,,,,,,,,,,,,,,,,,,,,,,,,,,,2.0,TitansResolve,MadredsBloodrazor,Quicksilver,,,,,,,,,,,,,,,,,2.0,,,,,,,,,,,,,,,,,,,,,,,,,,,,2.0,GiantsBelt,Bloodthirster,,2.0,,,,3.0,Zephyr,,,,,,,,,,,,,,,,,,,,,,,,,,,,,,,2.0,ArchangelsStaff,SpearOfShojin,Bloodthirster,,,,,,,,,,,,,,,,,,,,,,,,,,,,,1.0,,,,,,,,2.0,IonicSpark,GargoyleStoneplate,RedBuff,,,,,,,,,,,,,,,,,3.0,TrainerSnax,None,None,,,,,,,,,,,,,,,,,,,,,,,,,,,,,,,,,,,,
2,EUW1_5973234381,TFT6_Augment_SunfireBoard,TFT6_Augment_Meditation1,TFT6_Augment_Distancing2,,0.0,,1.0,,,,,1.0,,1.0,,,2.0,,1.0,,0.0,,,0.0,1.0,,,,1.0,,0.0,,,,,,,,,,,,,,,,,,,,,,,,,,,,,,,,,,,,,,,,,,,,,,,,,,,,,,,,,,,,,,,,,,,,,2.0,,,,2.0,TitanicHydra,,,,,,,,,,,,,,,,,,,,,,,,,,,2.0,,,,2.0,,,,,,,,,,,,,,,,,,,,,,,,,,,,,,,,2.0,SpearOfShojin,JeweledGauntlet,ArchangelsStaff,,,,,,,,,,,,,,,,,,,,,,,,,2.0,,,,,,,,,,,,2.0,IonicSpark,RedBuff,DragonsClaw,,,,,,,,,,,,,,,,,2.0,TrainerSnax,None,None,,,,,,,,,,,,,,,,,,,,,,,,,,,,,,,,,2.0,UnstableConcoction,BrambleVest,RedBuff
8,EUW1_5973234381,TFT7_Augment_EvokerEmblem,TFT7_Augment_AxiomArc1,TFT7_Augment_MageEmblem,,1.0,,0.0,,,1.0,,2.0,,,,,1.0,,1.0,,0.0,,,,,,,,1.0,,,,,,,,,,,,,,,,,,,1.0,MageEmblemItem,ArchangelsStaff,HextechGunblade,,,,,,,,,,,,,,,,,,,,,,,,,,,,,,,,,,,,,,,,,,,,,,,,,2.0,,,,,,,,,,,,,,,,,,,,,,,,,,,,,,,,2.0,,,,3.0,EvokerEmblemItem,RabadonsDeathcap,,,,,,,,,,,,,,,,,,,,,,,,,,,,,,,,,,,,,,,,,,,,,,,,,,,,,,2.0,TitanicHydra,RedBuff,TitansResolve,1.0,,,,,,,,,,,,,,,,,,,,,,,,,,,,,,,,3.0,TrainerSnax,None,None,,,,,,,,,,,,,,,,,,,,,,,,,,,,,,,,,,,,
5,EUW1_5973234381,TFT6_Augment_RichGetRicher,TFT6_Augment_ItemGrabBag1,TFT7_Augment_SwiftshotPressTheAttack,,0.0,,2.0,,,,0.0,,,1.0,0.0,0.0,0.0,,,0.0,,,,,,,2.0,0.0,,0.0,0.0,,,,,,,,,,,,,1.0,,,,,,,,,,,,,,,,,,,,,,,,,,,,,,,,,,,,,,,,,,,,,,,,,,,,,,,,,,,,3.0,WarmogsArmor,GargoyleStoneplate,Quicksilver,,,,,,,,,,,,,,,,,,,,,,,,,,,,,,,,,,,,,,,,,,,,,,,,,2.0,GargoyleStoneplate,IonicSpark,,,,,,,,,,,,,,,,,,,,,,,,,,2.0,GiantsBelt,,,,,,,,,,,,,,,,,,,,,,,1.0,,,,,,,,,,,,,,,,,,,,,,None,None,,,,,2.0,PowerGauntlet,,,3.0,InfinityEdge,MadredsBloodrazor,GuinsoosRageblade,,,,,,,,,2.0,,,,,,,,,,,,,,,
6,EUW1_5973234381,TFT7_Augment_BestFriends2,TFT7_Augment_CavalierTrait,TFT7_Augment_RagewingTantrum,0.0,,1.0,0.0,,3.0,,,,,4.0,,,0.0,,0.0,1.0,,0.0,,,,,1.0,,,0.0,,,,,,,,,,,,,,,,,,,,,,1.0,,,,,,,,,,,,,,,,,,,,,,,,,,,,,,,,,,,,,,,,,,,,2.0,RedBuff,,,,,,,,,,,,,,,,,,,,,,,,,,,,,,,2.0,JeweledGauntlet,Bloodthirster,IonicSpark,,,,,,,,,,,,,,,,,,,,,,,,,,,,,,,,,,,,,,,,,2.0,,,,,,,,,,,,2.0,,,,,,,,,,,,,,,,,,,,,,,,,,,,,,,,1.0,,,,,,,,,,,,,,None,None,,,,,2.0,,,,,,,,,,,,,,,,2.0,Deathblade,InfinityEdge,Quicksilver,,,,,,,,,,,,
4,EUW1_5973234381,TFT6_Augment_TradeSector,TFT6_Augment_Weakspot,TFT6_Augment_SunfireBoard,1.0,,1.0,1.0,,0.0,,,,,3.0,,0.0,,,0.0,1.0,,,,,,,1.0,1.0,,0.0,,,,,,,,,,,,,,,,,,,,,,1.0,Zephyr,,,,,,,,,,,,,,,,,,,,,,,,,,,,,,,,,,,,,,,,,,,1.0,SeraphsEmbrace,,,,,,,,,,,,,,,,,,,,,,,,,,,,,,,,,,,,,,,,,,,,,,,,,,,,,,,,,,,2.0,WarmogsArmor,,,,,,,2.0,,,,,,,,,,,,,,,,,,,,2.0,,,,,,,,,,,,,,,,,,,,,,,,,,,,,,,,2.0,InfinityEdge,UnstableConcoction,,,,,,,,,,,,None,None,,,,,2.0,Shroud,,,,,,,,,,,,,,,2.0,Quicksilver,GuinsoosRageblade,RunaansHurricane,,,,,,,,,,,,
7,EUW1_5973234381,TFT7_Augment_Preparation2,TFT6_Augment_Distancing,TFT6_Augment_ComponentGrabBag,,,,,,2.0,1.0,,,1.0,1.0,,,,3.0,,0.0,,0.0,,,,,,,,0.0,,,,,,,,,,,,,,,,,,,,,,,,,,2.0,,,,,,,,,,,,1.0,ArchangelsStaff,MadredsBloodrazor,SeraphsEmbrace,,,,,,,,,,,,,,,,,,,,,,,,,2.0,ThiefsGloves,NeedlesslyLargeRod,RabadonsDeathcap,,,,,,,,,,,,,,,,,,,,,,,,,2.0,,,,,,,,,,,,,,,,,,,,,,,,2.0,RedBuff,,,,,,,,,,,,,,,,,,,,,,,2.0,,,,,,,,,,,,,,,,,,,,,,,,,,,,,,,,,,,,,,,,,,,,,,,,,,,,,,,,,,None,None,,,,,,,,,,,,,,,,,,,,,,,,,,,,,3.0,RapidFireCannon,UnstableConcoction,MadredsBloodrazor,,,,
7,EUW1_5973154481,TFT6_Augment_Electrocharge2,TFT6_Augment_MakeshiftArmor2,TFT6_Augment_Ascension,1.0,,,1.0,,2.0,,,,1.0,1.0,,,0.0,1.0,,0.0,,2.0,,,,,,,,1.0,,,,,,,,,,,,,,,,,,,,,,,,,,2.0,,,,,,,,2.0,FrozenHeart,Shroud,,,,,,,,,,,,,,,,,,,,,,,,,,,,,,1.0,,,,,,,,,,,,,,,,,,,,,,,,,,,,2.0,,,,2.0,,,,,,,,,,,,,,,,,,,,2.0,,,,2.0,Bloodthirster,RapidFireCannon,GuinsoosRageblade,,,,,,,,,,,,,,,,,,,,,,,,,,,,,2.0,,,,,,,,,,,,,,,,,,,,,,,,,,,,,,,,2.0,FrozenHeart,,,,,,,,,,,,,None,None,,,,,,,,,,,,,,,,,,,,,,,,,,,,,,,,,,,,
2,EUW1_5973154481,TFT6_Augment_SunfireBoard,TFT6_Augment_Twins2,TFT6_Augment_ComponentGrabBag,2.0,,,1.0,,,,,,,1.0,,,0.0,,,0.0,,1.0,,,,,,,,1.0,1.0,,,,,,,,,,,,,,,,,,,,,,,,,,,,,,,,,3.0,InfinityEdge,TitansResolve,UnstableConcoction,,,,,,,,,,,,,,,,,,,,,,,,,,,,,,,,,,,,,,,,,,,,,,,,,,,,,,,,,,,,,,,,,,,,,,,,,,,,,,,,,,,,,3.0,Bloodthirster,RapidFireCannon,InfinityEdge,,,,,1.0,,,,,,,,,,,,,,,,,,,,,,,,2.0,ZekesHerald,,,,,,,,,,,,,,,,,,,,,,,2.0,Zephyr,,,,,,,1.0,,,,,,,,,,,,,,None,None,,,,,,,,,,,,,,,,,,,,,,,,,,,,,,,,,,,,
1,EUW1_5973154481,TFT6_Augment_CyberneticUplink2,TFT6_Augment_SecondWind2,TFT6_Augment_PortableForge,,0.0,1.0,1.0,,,1.0,,0.0,,1.0,,0.0,1.0,,2.0,,,,,0.0,1.0,,,2.0,1.0,,0.0,,,,,,,,,2.0,SpearOfShojin,OrnnZhonyasParadox,ArchangelsStaff,,,,,,,,,1.0,NegatronCloak,,,,,,,,,,,,,,,,,,,,,,,,,,,,,,,,,,,,,,,,,,,,,,,2.0,,,,,,,,,,,,,,,,,,,,,,,,,,,,,,,,2.0,ZekesHerald,,,3.0,ForceOfNature,Chalice,,,,,,,,,,,,,,,,,,2.0,IonicSpark,,,,,,,,,,,,,,,,,,,,,,,,,,,,,,,,,,,,,,,,,,,,,,,,,,,2.0,IonicSpark,DragonsClaw,WarmogsArmor,,,,,,,,,,,,,,,,,3.0,TrainerSnax,None,None,,,,,,,,,,,,,,,,,,,,,,,,,,,,,,,,,2.0,NeedlesslyLargeRod,,
6,EUW1_5973154481,TFT6_Augment_TradeSector,TFT7_Augment_Preparation2,TFT7_Augment_SwiftshotPressTheAttack,,0.0,,2.0,,,,,,,1.0,,0.0,0.0,,,0.0,,,,,,,2.0,1.0,,0.0,0.0,,,,,,,,,,,,,,,,,,,,,,,,,,,,,,,,,,,,,,,,,,,,,,,,,,,,,,,,,2.0,,,,,,,,,,,,,,,,3.0,RedBuff,GargoyleStoneplate,,,,,,,,,,,,,,,,,,,,,,,,,,,,,,,,,,,,,,,,,,,,,,,,,,2.0,NegatronCloak,,,,,,,,,,,,,,,,,,,,,,,,,,,2.0,,,,,,,,,,,,,,,,,,,,,,,,2.0,Shroud,,,,,,,,,,,,,,,,,,,,,None,None,,,,,1.0,,,,3.0,GuinsoosRageblade,RunaansHurricane,Deathblade,,,,,,,,,2.0,PowerGauntlet,,,,,,,,,,,,,,
4,EUW1_5973154481,TFT7_Augment_GadgetExpert,TFT6_Augment_Diversify2,TFT6_Augment_CelestialBlessing2,1.0,,1.0,1.0,,0.0,,,,,3.0,,0.0,,,0.0,1.0,,,,,,,1.0,1.0,,0.0,,,,,,,,,,,,,,,,,,,,,,2.0,,,,,,,,,,,,,,,,,,,,,,,,,,,,,,,,,,,,,,,,,,,,2.0,ThiefsGloves,MadredsBloodrazor,RapidFireCannon,,,,,,,,,,,,,,,,,,,,,,,,,,,,,,,,,,,,,,,,,,,,,,,,,,,,,,,,,2.0,WarmogsArmor,GargoyleStoneplate,,,,,,1.0,GiantsBelt,,,,,,,,,,,,,,,,,,,2.0,ForceOfNature,,,,,,,,,,,,,,,,,,,,,,,,,,,,,,,2.0,InfinityEdge,HextechGunblade,,,,,,,,,,,,None,None,,,,,2.0,StatikkShiv,,,,,,,,,,,,,,,1.0,Quicksilver,MadredsBloodrazor,GuinsoosRageblade,,,,,,,,,,,,
8,EUW1_5973154481,TFT7_Augment_CannoneerHotShot,TFT6_Augment_TargetDummies,TFT7_Augment_CannoneerRicochet,,,1.0,,2.0,,1.0,,0.0,1.0,1.0,,,,,1.0,,1.0,,,1.0,,,,,1.0,,0.0,,,,,,,,,,,,,,,,,,,,,1.0,GiantsBelt,,,,,,,2.0,HextechGunblade,LastWhisper,UnstableConcoction,,,,,,,,,2.0,GargoyleStoneplate,,,,,,,,,,,,,,,,,,,,,,,,,,,,,,,,,,,1.0,,,,,,,,,,,,,,,,,,,,,,,,2.0,ShimmerscaleHeartOfGold,,,,,,,,,,,,,,,,,,,,,,,,,,,,,,,,,,,,,,,,,,,,,,,,,,,,,,,,,,,,,,,,,,,,,,,,,,,,,,,,,,,,,,,,,,,2.0,,,,1.0,TrainerSnax,None,None,2.0,,,,,,,,,,,,,,,,,,,,,,,,,,,,,,,,,,,
5,EUW1_5973154481,TFT6_Augment_CyberneticUplink2,TFT7_Augment_FirstAidKit2,TFT6_Augment_Ascension,,1.0,1.0,1.0,,,,,1.0,,2.0,,,2.0,,2.0,,0.0,,,,,,,,1.0,,0.0,,,,,,,,,,,,,,,,,,,,,1.0,,,,,,,,,,,,,,,,,,,,,,,,,,,,,,,,,,,,,,,,,,,,,,,,2.0,ForceOfNature,,,2.0,IonicSpark,RedBuff,,,,,,,,,,,,,,,,,,,,,,,,,,2.0,,,,3.0,ArchangelsStaff,,,,,,,,,,,,,,,,,,,,,,,,,,,,,,,2.0,SparringGloves,,,,,,,,,,,,,,,,,,,,,,,,,,,1.0,StatikkShiv,,,,,,,,,,,2.0,WarmogsArmor,GargoyleStoneplate,Redemption,,,,,,,,,,,,,,,,,4.0,TrainerSnax,None,None,,,,,,,,,,,,,2.0,,,,,,,,,,,,,,,,,,,,,,,
3,EUW1_5973154481,TFT6_Augment_Electrocharge2,TFT7_Augment_BestFriends2,TFT6_Augment_CelestialBlessing2,0.0,,,1.0,,1.0,1.0,,,,3.0,,,2.0,,,,,0.0,,0.0,1.0,,,,0.0,,2.0,,,,,,,,,,,,,,,,,,,,,,,,,,,,,,,,,,,,,,,,,,,,,,,,,2.0,GuinsoosRageblade,DragonsClaw,IonicSpark,,,,,,,,,,,,,,,,,1.0,,,,,,,,,,,,,,,,,,,,,,,,,,,,2.0,,,,,,,,,,,,,,,,,,,,,,,,,,,,,,,,,,,,,,,,2.0,SpearOfShojin,SpearOfShojin,,2.0,,,,,,,,,,,,,,,,,,,,,,,,,,,,,,,,,,,,2.0,,,,,,,,2.0,RapidFireCannon,Deathblade,,,,,,,,,,,,None,None,,,,,,,,,,,,,,,,,,,,,,,,,,,,,,,,,1.0,TearOfTheGoddess,SpearOfShojin,Chalice
7,EUW1_5973251246,TFT6_Augment_TinyTitans,TFT6_Augment_CelestialBlessing1,TFT6_Augment_TargetDummies,,0.0,1.0,1.0,,,,,0.0,,2.0,,,2.0,,2.0,,,,,0.0,1.0,,,,1.0,,0.0,,,,,,,,,,,,,,,,,,,,,1.0,,,,,,,,,,,,,,,,,,,,,,,,,,,,,,,,,,,,,,,,,,,,,,,,1.0,,,,2.0,DragonsClaw,,,,,,,,,,,,,,,,,,,,,,,,,,,2.0,,,,3.0,ShimmerscaleEmblemItem,TitansResolve,,,,,,,,,,,,,,,,,,,,,,,,,,,,,,2.0,SpearOfShojin,ArchangelsStaff,Quicksilver,,,,,,,,,,,,,,,,,,,,,,,,,,,,,,,,,,,,,3.0,WarmogsArmor,WarmogsArmor,GargoyleStoneplate,,,,,,,,,,,,,,,,,2.0,TrainerSnax,None,None,,,,,,,,,,,,,,,,,,,,,,,,,,,,,,,,,1.0,,,
3,EUW1_5973251246,TFT7_Augment_BandOfThieves1,TFT6_Augment_TinyTitans,TFT7_Augment_BruiserTitanicStrength,1.0,0.0,1.0,2.0,,,1.0,,,,2.0,,0.0,0.0,,0.0,,,,,,,,,0.0,,,2.0,,,,,,,,,,,,,,,,,,,,,1.0,TearOfTheGoddess,,,,,,,,,,,,,,,,,,,,,,,,,,,2.0,InfinityEdge,UnstableConcoction,Quicksilver,,,,,,,,,,,,,,,,,,,,,3.0,RedBuff,Redemption,IonicSpark,,,,,,,,,,,,,,,,,,,,,,,,,,,,,,,,,,,,,,,,,,,,,,,,,2.0,ThiefsGloves,NeedlesslyLargeRod,RabadonsDeathcap,1.0,Quicksilver,MadredsBloodrazor,,,,,,,,,,,,,,,,,,,,,,,,,,,,,,,,,,,,,,,,,,,,,,2.0,Shroud,,,,,,,1.0,,,,,,,,,,,,,,None,None,,,,,,,,,,,,,,,,,,,,,,,,,,,,,,,,,,,,
2,EUW1_5973251246,TFT7_Augment_BestFriends1,TFT6_Augment_TinyTitans,TFT6_Augment_CyberneticImplants2,,0.0,,,,,1.0,0.0,,,,1.0,,,0.0,,1.0,,,3.0,,,1.0,,,,0.0,0.0,,,,,,,,,,,,,,,,,,,,,,,,,,,,,,,,,,,,,,,,,,,,,,,,,,,,,2.0,Zephyr,,,,,,,1.0,,,,,,,,,,,,,,,,,,,,,,,,,,,,,,,,,,,,,,,,,,,,,,,,2.0,WarmogsArmor,RedBuff,DragonsClaw,3.0,GuinsoosRageblade,Quicksilver,InfinityEdge,,,,,,,,,,,,,,,,,,,,,,,,,,,,,,,,,,,,,,,,,2.0,Bloodthirster,ArchangelsStaff,,,,,,,,,,2.0,SeraphsEmbrace,,,2.0,RecurveBow,,,,,,,,,,,,,,,,,,,,,,,,,None,None,,,,,,,,,,,,,,,,,,,,,,,,,1.0,SeraphsEmbrace,,,,,,,,,,
4,EUW1_5973251246,TFT7_Augment_BestFriends1,TFT6_Augment_ThrillOfTheHunt1,TFT7_Augment_SwiftshotPressTheAttack,1.0,,,1.0,,2.0,,,,,3.0,,0.0,,,,1.0,,,,,,,1.0,1.0,,0.0,,,,,,,,,,,,,,,,,,,,,,,,,,,,,,,,,,,,,,,,,,,,,,,,,,,,,,,,,,,,,,,,,,1.0,StatikkShiv,,,,,,,,,,,,,,,,,,,,,,,,,,,,,,,,,,,,,,,,,,,,,,,,,,,,,,,,,,,2.0,RedBuff,WarmogsArmor,CavalierEmblemItem,,,,,2.0,,,,,,,,2.0,,,,,,,,,,,,2.0,,,,,,,,,,,,,,,,,,,,,,,,,,,,,,,,2.0,Bloodthirster,MadredsBloodrazor,,,,,,,,,,,,None,None,,,,,2.0,,,,,,,,,,,,,,,,2.0,Quicksilver,InfinityEdge,GuinsoosRageblade,,,,,,,,,,,,
6,EUW1_5973251246,TFT6_Augment_Meditation1,TFT7_Augment_BestFriends1,TFT6_Augment_Diversify2,1.0,,,1.0,,0.0,,,,0.0,1.0,,,0.0,,,0.0,,2.0,,,,,,,,1.0,,,,,,,,,,,,,,,,,,,,,,,,,,2.0,,,,,,,,2.0,IonicSpark,InfinityEdge,RabadonsDeathcap,,,,,,,,,,,,,,,,,,,,,,,,,,,,,,,,,,,,,,,,,,,,,,,,,,,,,,,,,,,,,2.0,,,,,,,,,,,,,,,,,,,,,,,,3.0,RunaansHurricane,UnstableConcoction,RapidFireCannon,,,,,,,,,,,,,,,,,,,,,,,,,,,,,2.0,,,,,,,,,,,,,,,,,,,,,,,,,,,,,,,,1.0,FrozenHeart,GiantsBelt,GuinsoosRageblade,,,,,,,,,,,None,None,,,,,,,,,,,,,,,,,,,,,,,,,,,,,,,,,,,,
1,EUW1_5973251246,TFT7_Augment_BestFriends1,TFT7_Augment_MirageTrait,TFT6_Augment_SecondWind2,,,,,,1.0,1.0,0.0,,1.0,,0.0,,,4.0,,0.0,,0.0,,,,1.0,,,,1.0,,,,,,,,,,,,,,,,,,,,,,,,,,2.0,,,,,,,,,,,,2.0,HextechGunblade,RapidFireCannon,,,,,,,,,,,,,,,,,,,,,,,,,,2.0,,,,,,,,,,,,,,,,,,,,,,,,,,,,2.0,,,,,,,,,,,,,,,,,,,,,,,,3.0,Bloodthirster,RedBuff,IonicSpark,,,,,,,,,,,,,,,,,,,,,,,,,,,,,,,,,,,,,,,,,,,,,,,,,1.0,Chalice,,,,,,,,,,,,,,,,,,,,,,,,,,,,,None,None,,,,,,,,,,,,,,,,,,,,,,,,,2.0,Quicksilver,UnstableConcoction,UnstableConcoction,3.0,Bloodthirster,GuardianAngel,GuinsoosRageblade,,,,
5,EUW1_5973251246,TFT6_Augment_ThrillOfTheHunt1,TFT6_Augment_Diversify1,TFT6_Augment_SunfireBoard,1.0,,,,1.0,,1.0,,1.0,0.0,1.0,,,,,0.0,,1.0,,,1.0,,,,,1.0,,0.0,,,,,,,,,,,,,,,,,,,,,,,,,,,,,2.0,StatikkShiv,UnstableConcoction,MadredsBloodrazor,,,,,,,,,2.0,WarmogsArmor,GargoyleStoneplate,,,,,,,,,,,,,,,,,,,,,,,,,,,,,,,,,,,,,,,,,,,,,,,,,,,,,,,,,,2.0,,,,,,,,,,,,,,,,,,,,,,,,,,,,1.0,ShimmerscaleGoldmancersStaff,,,,,,,,,,,,,,,,,,,,,,,,,,,,,,,,,,,2.0,Morellonomicon,Chalice,,,,,,,,,,,,,,,,,,2.0,InfinityEdge,,,,,,,,,,,3.0,TrainerSnax,None,None,2.0,Zephyr,,,,,,,,,,,,,,,,,,,,,,,,,,,,,,,,,,
8,EUW1_5973251246,TFT7_Augment_ShimmerscaleEmblem,TFT6_Augment_SecondWind1,TFT6_Augment_CyberneticImplants2,1.0,,,0.0,,,1.0,,,0.0,2.0,,,,,,1.0,,,,3.0,,,1.0,,,1.0,,2.0,ShimmerscaleDeterminedInvestor,,,,,,,,,,,,,,,,,,,,,,,,,,,,,,,,,,,,,,,2.0,TitansResolve,RedBuff,WarmogsArmor,,,,,,,,,,,,,,,,,,,,,,,,,,,,,,,,,,,,,,,,,2.0,FrozenHeart,,,,,,,,,,,,,,,,,,,,,,,,,,,,,,,,,,,,,,,,,,,,,,,,,,,,,,,,,,,,,,,,,,,1.0,ShimmerscaleEmblemItem,,,,,,,,,,,,,,,,,,,,,,,,,,,,,,,1.0,ShimmerscaleGamblersBlade,ShimmerscaleGoldmancersStaff,UnstableConcoction,,,,,,,,,,,None,None,,,,,2.0,ShimmerscaleEmblemItem,,,,,,,,,,,,,,,2.0,GuinsoosRageblade,ShimmerscaleDravensAxe,UnstableConcoction,,,,,,,,,,,,
2,EUW1_5973098328,TFT7_Augment_ShimmerscaleTrait,TFT7_Augment_BestFriends3,TFT6_Augment_CyberneticShell2,1.0,,,,0.0,,1.0,0.0,0.0,0.0,1.0,,0.0,0.0,0.0,,0.0,1.0,,,3.0,1.0,,,,,0.0,,,,,,,,,,,,,,,,,,,,,,,,,,,,,,2.0,SpearOfShojin,ShimmerscaleDravensAxe,GuinsoosRageblade,,,,,,,,,2.0,ShimmerscaleMogulsMail,WarmogsArmor,ShimmerscaleHeartOfGold,,,,,,,,,,,,,,,,,,,,,,,,,,,,,,,,,,,,,,,,,1.0,GiantsBelt,,,,,,,,,,,,,,,,,,,,,,,,,,,,,,,,,,,,,,,,,,,,,,,,,,,,,,,,,,,,,,,,,,,,,,,,,,,,,,,2.0,HextechGunblade,JeweledGauntlet,,,,,,,,,,,,,,,,,,2.0,InfinityEdge,FrozenHeart,IonicSpark,,,,,,,,,,,None,None,,,,,,,,,,,,,,,,,2.0,Shroud,,,,,,,2.0,TitansResolve,,,,,,,1.0,UnstableConcoction,ShimmerscaleGamblersBlade,RabadonsDeathcap
1,EUW1_5973098328,TFT7_Augment_GuildEmblem,TFT7_Augment_TomeOfTraits2,TFT7_Augment_GadgetExpert,0.0,0.0,,,,1.0,,,,,5.0,,,1.0,,1.0,,,1.0,,,,,1.0,,,,,,,,,,,,,,,,,,,,,,,,,,,,,,,,,,,,,,,,,,,,,,,,,,,,,,,,,,,,,,,,,,,,,,,,,,,,,,,,,,,,,,,,,,,,,,,,,,,,,3.0,Bloodthirster,Redemption,GargoyleStoneplate,,,,,3.0,ScalescornEmblemItem,,,,,,,,,,,,,,,,,,,,,,,,,,,,,,,2.0,,,,3.0,MysticEmblemItem,,,,,,,,,,,,,,,,,,,,,,,,,,,,,,,,,,,,,,,,,,,2.0,FrozenHeart,Shroud,TitansResolve,,,,,,,,,,,None,None,,,,,2.0,StatikkShiv,BFSword,StatikkShiv,3.0,RunaansHurricane,GuildEmblemItem,GuinsoosRageblade,,,,,,,,,,,,,,,,,,,,,,,,
3,EUW1_5973098328,TFT7_Augment_BruiserEmblem,TFT7_Augment_CannoneerEmblem2,TFT7_Augment_CannoneerEmblem,,,,2.0,4.0,,1.0,0.0,,,,,,,0.0,,0.0,1.0,0.0,,,,,,,0.0,1.0,1.0,,,,,,,,,,,,,,,,,,,,,,,,,,,,,2.0,ZekesHerald,UnstableConcoction,Deathblade,,,,,,,,,,,,,,,,,2.0,GargoyleStoneplate,CannoneerEmblemItem,IonicSpark,,,,,,,,,,,,,,,,,,,,,,,,,2.0,StatikkShiv,Quicksilver,,,,,,,,,,,,,,,,,,,,,,,,,,,,,,,,,,,,,,,,,,2.0,RunaansHurricane,CannoneerEmblemItem,Bloodthirster,,,,,,,,,,,,,,,,,,,,,,,,,,,,,2.0,TitanicHydra,,,,,,,,,,,,,,,,,,,,,,,,,,,,,,,,,,,,,,,,,,,,,None,None,2.0,,,,,,,,,,,,,,,,,,,,,,,,1.0,BruiserEmblemItem,,,,,,,,,,
8,EUW1_5973098328,TFT7_Augment_GadgetExpert,TFT6_Augment_ItemGrabBag2,TFT6_Augment_Diversify2,0.0,,,1.0,,1.0,,,,,4.0,,0.0,0.0,,,1.0,,,,,,,1.0,0.0,,0.0,,,,,,,,,,,,,,,,,,,,,,,,,,,,,,,,,,,,,,,,,,,,,,,,,,,,,,,,,,,,,,,,,,1.0,DragonsClaw,,,,,,,,,,,,,,,,,,,,,,,,,,,,,,,,,,,,,,,,,,,,,,,,,,,,,,,,,,,1.0,GargoyleStoneplate,,,,,,,,,,,1.0,Chalice,,,2.0,,,,,,,,,,,,2.0,,,,,,,,,,,,,,,,,,,,,,,,,,,,,,,,1.0,RedBuff,UnstableConcoction,Quicksilver,,,,,,,,,,,None,None,,,,,2.0,,,,,,,,,,,,,,,,2.0,StatikkShiv,Quicksilver,MadredsBloodrazor,,,,,,,,,,,,
5,EUW1_5973098328,TFT7_Augment_AxiomArc2,TFT7_Augment_MageEmblem2,TFT6_Augment_Diversify2,,1.0,,1.0,,,1.0,,0.0,,,,,2.0,,1.0,,,,,0.0,1.0,,,1.0,0.0,,0.0,,,,,,,,,1.0,ArchangelsStaff,SpearOfShojin,MageEmblemItem,,,,,,,,,,,,,,,,,,,,,,,,,,,,,,,,,,,,,,,,,,,,,,,,,,,,,,,,,,,,,2.0,,,,,,,,,,,,,,,,,,,,,,,,,,,,2.0,,,,2.0,PowerGauntlet,SpearOfShojin,,,,,,,,,,,,,,,,,,,,,,,,,,,,,,,,,,,,,,,,,,,,,,,,,,,,,,,,,,,,,,,,,,,,,,2.0,DragonsClaw,NegatronCloak,RedBuff,,,,,,,,,,,,,,,,,,,None,None,,,,,,,,,,,,,2.0,,,,,,,,,,,,,,,,,,,,1.0,SpearOfShojin,SpearOfShojin,
4,EUW1_5973098328,TFT6_Augment_Meditation2,TFT7_Augment_BestFriends3,TFT6_Augment_ComponentGrabBag,,1.0,1.0,1.0,,,,,0.0,,2.0,,,2.0,,2.0,,,,,,,,,,1.0,,0.0,,,,,,,,,,,,,,,,,,,,,2.0,,,,,,,,,,,,,,,,,,,,,,,,,,,,,,,,,,,,,,,,,,,,,,,,2.0,,,,2.0,GargoyleStoneplate,TitanicHydra,FrozenHeart,,,,,,,,,,,,,,,,,,,,,,,,,2.0,,,,2.0,,,,,,,,,,,,,,,,,,,,,,,,,,,,,,,,2.0,SpearOfShojin,MadredsBloodrazor,MadredsBloodrazor,,,,,,,,,,,,,,,,,,,,,,,,,,,,,,,,,,,,,2.0,GargoyleStoneplate,IonicSpark,GargoyleStoneplate,,,,,,,,,,,,,,,,,2.0,TrainerSnax,None,None,,,,,,,,,,,,,2.0,ThiefsGloves,PowerGauntlet,FrozenHeart,,,,,,,,,,,,,,,,,,,,
7,EUW1_5973098328,TFT7_Augment_CavalierDevastatingCharge,TFT6_Augment_RadiantRelics,TFT7_Augment_CavalierEmblem,,,,,,4.0,1.0,,,,1.0,,,0.0,2.0,,0.0,,0.0,,,,,,,,0.0,,,,,,,,,,,,,,,,,,,,,,,,,,,,,,,,,,,,,,2.0,HandOfJusticeRadiant,SpearOfShojin,ArchangelsStaff,,,,,,,,,,,,,,,,,,,,,,,,,1.0,NegatronCloak,,,,,,,,,,,,,,,,,,,,,,,,,,,,,,,2.0,ThiefsGloves,NeedlesslyLargeRod,WarmogsArmor,,,,,,,,,,,,,,,,,2.0,WarmogsArmor,,,,,,,,,,,,,,,,,,,,,,,2.0,,,,,,,,,,,,,,,,,,,,,,,,,,,,,,,,,,,,,,,,,,,,,,,,,,,,,,,,,,None,None,,,,,,,,,,,,,,,,,,,,,,,,,,,,,2.0,CavalierEmblemItem,ZekesHerald,ZekesHerald,,,,
6,EUW1_5973098328,TFT7_Augment_AstralIntercosmicGifts,TFT7_Augment_TomeOfTraits2,TFT6_Augment_TargetDummies,,1.0,,3.0,,,,,,,1.0,,0.0,,,,0.0,0.0,,,,,,2.0,1.0,,0.0,,,,,,,,,,,,,,,,,,,,,,,,,,,,,,,,,,,,,,,,,,,,,,,,,,,,,,,,,,2.0,,,,,,,,,,,,,,,,2.0,SwiftshotEmblemItem,,,,,,,,,,,,,,,,,,,,,,,,,,,,,,,,,,,,,,,,,,,,,,,,,,,2.0,ThiefsGloves,SpearOfShojin,GuardianAngel,,,,,,,,,,,,,,,,,,,,,,,,,2.0,LocketOfTheIronSolari,TitanicHydra,DragonsClaw,,,,,2.0,,,,,,,,,,,,,,,,,,,,2.0,ChainVest,,,,,,,,,,,,,,,,,None,None,,,,,2.0,BruiserEmblemItem,PowerGauntlet,,3.0,GuinsoosRageblade,Deathblade,MadredsBloodrazor,,,,,,,,,,,,,,,,,,,,,,,,
1,EUW1_5972685705,TFT7_Augment_ClutteredMind,TFT6_Augment_Ascension,TFT6_Augment_SunfireBoard,,,,1.0,,1.0,1.0,,,,2.0,0.0,0.0,,,,2.0,,,1.0,,,,1.0,0.0,,0.0,,,,,,,,,,,,,,,,,,,,,,,,,,,,,,,,,,,,,,,,,,,,,,,,,,,,,,,,,,,,,,,,,,2.0,ThiefsGloves,InfinityEdge,JeweledGauntlet,,,,,,,,,,,,,,,,,,,,,,,,,,,,,,,,,,,,,,,,,2.0,ThiefsGloves,RapidFireCannon,GuinsoosRageblade,,,,,,,,,,,,,2.0,WarmogsArmor,Redemption,Quicksilver,,,,,,,,,,,,,2.0,,,,,,,,,,,,2.0,,,,2.0,TitansResolve,TitansResolve,,,,,,,,,,,,,,,,,,,,,,,,,,,,,,,,,,,,,,,,None,None,,,,,2.0,RunaansHurricane,Zephyr,SpearOfShojin,,,,,,,,,,,,,2.0,GuinsoosRageblade,Quicksilver,MadredsBloodrazor,,,,,,,,,,,,
6,EUW1_5972685705,TFT6_Augment_SunfireBoard,TFT7_Augment_CannoneerHotShot,TFT6_Augment_SecondWind2,,,,,1.0,,1.0,0.0,1.0,1.0,,,,,0.0,0.0,,1.0,,,1.0,,,,,1.0,0.0,0.0,,,,,,,,,,,,,,,,,,,,,,,,,,,,,2.0,GuinsoosRageblade,MadredsBloodrazor,GuardianAngel,,,,,,,,,2.0,GargoyleStoneplate,BrambleVest,,,,,,,,,,,,,,,,,,,,,,,,,,,,,,,,,,,,,,,,,,,,,,,,,,,,,,,,,,2.0,,,,,,,,,,,,,,,,,,,,,,,,,,,,,,,,,,,,,,,,,,,,,,,,,,,,,,,,,,,,,,,,2.0,SparringGloves,JeweledGauntlet,RabadonsDeathcap,,,,,,,,,,,,,,,,,,,,,,,,,2.0,,,,3.0,TrainerSnax,None,None,2.0,ZekesHerald,,,,,,,,,,,,,,,,,,,,,,,2.0,MadredsBloodrazor,ShimmerscaleDiamondHands,JeweledGauntlet,,,,,,,,
4,EUW1_5972685705,TFT7_Augment_GuildEmblem,TFT6_Augment_Ascension,TFT6_Augment_ComponentGrabBag,0.0,,,1.0,,1.0,,0.0,,,5.0,,0.0,,0.0,,1.0,,,,,,,1.0,0.0,,1.0,,,,,,,,,,,,,,,,,,,,,,,,,,,,,,,,,,,,,,,,,,,,,,,,,,,,,,,,,,,,,,,,,,2.0,RabadonsDeathcap,SpearOfShojin,GuildEmblemItem,,,,,,,,,,,,,,,,,,,,,,,,,,,,,,,,,,,,,,,,,,,,,,,,,,,,,,,,,1.0,GargoyleStoneplate,,,,,,,,,,,,,,,2.0,,,,,,,,,,,,2.0,,,,,,,,,,,,,,,,,,,,,,,,,,,,,,,,1.0,FrozenHeart,InfinityEdge,RedBuff,,,,,,,,,,,None,None,,,,,2.0,,,,,,,,,,,,,,,,2.0,Deathblade,GuildEmblemItem,GuinsoosRageblade,2.0,GuardianAngel,SeraphsEmbrace,IonicSpark,,,,,,,,
7,EUW1_5972685705,TFT7_Augment_UrfsGrabBag1,TFT6_Augment_SecondWind2,TFT6_Augment_ComponentGrabBag,2.0,,,1.0,,,1.0,,,,1.0,,0.0,,,,0.0,,0.0,,0.0,,,,1.0,,,1.0,,,,,,,,,,,,,,,,,,,,,,,,,,,,,,,,,2.0,FrozenHeart,MadredsBloodrazor,RedBuff,,,,,,,,,,,,,1.0,AssassinEmblemItem,InfinityEdge,Bloodthirster,,,,,,,,,,,,,,,,,,,,,,,,,,,,,,,,,2.0,,,,,,,,,,,,,,,,,,,,,,,,,,,,,,,,,,,,,,,,2.0,WarmogsArmor,Zephyr,,,,,,2.0,ZekesHerald,,,,,,,,,,,,,,,,,,,,,,,,,,,,,,,,,,,,,,,,,,,,,,,,,,,1.0,RunaansHurricane,FrozenHeart,,,,,,,,,,,,None,None,,,,,,,,,,,,,,,,,,,,,,,,,,,,,,,,,,,,
3,EUW1_5972685705,TFT6_Augment_TradeSector,TFT6_Augment_Diversify2,TFT6_Augment_ComponentGrabBag,,1.0,1.0,1.0,,,,,0.0,,2.0,,,2.0,,2.0,,,,,0.0,1.0,,,,1.0,,0.0,,,,,,,,,,,,,,,,,,,,,1.0,RabadonsDeathcap,Chalice,Chalice,,,,,,,,,,,,,,,,,,,,,,,,,,,,,,,,,,,,,,,,,,,,,2.0,,,,3.0,IonicSpark,RedBuff,Zephyr,,,,,,,,,,,,,,,,,,,,,,,,,2.0,,,,3.0,ThiefsGloves,DragonsClaw,HextechGunblade,,,,,,,,,,,,,,,,,,,,,,,,,,,,,2.0,HextechGunblade,GuinsoosRageblade,SpearOfShojin,,,,,,,,,,,,,,,,,,,,,,,,,,,,,,,,,,,,,2.0,Zephyr,TitansResolve,,,,,,,,,,,,,,,,,,3.0,TrainerSnax,None,None,,,,,,,,,,,,,3.0,TitansResolve,IonicSpark,,,,,,,,,,,,,,,,,,1.0,,,
5,EUW1_5972685705,TFT6_Augment_CyberneticUplink2,TFT6_Augment_LudensEcho2,TFT7_Augment_BestFriends2,0.0,,,1.0,,,1.0,,,,1.0,0.0,,1.0,,,,,,0.0,0.0,1.0,1.0,,,,,3.0,,,,,,,,,,,,,,,,,,,,,,,,,,,,,,,,,,,,,,,,,,,,,,,,,2.0,HextechGunblade,TitansResolve,InfinityEdge,1.0,,,,,,,,,,,,,,,,,,,,,,,,,,,,,,,,,,,,,,,,,,,,,,,,,,,,,,,,,,,,,,,,,,,,,,,,,,,,1.0,InfinityEdge,RapidFireCannon,,,,,,2.0,ArchangelsStaff,HextechGunblade,,,,,,,,,,,,,,,,,,,,,,,,,,,,,,1.0,ChainVest,,,,,,,1.0,RedBuff,Redemption,,,,,,,,,,,,,,,,,,,,None,None,,,,,,,,,,,,,,,,,,,,,,,,,,,,,,,,,1.0,TitanicHydra,,
8,EUW1_5972685705,TFT6_Augment_TrueTwos,TFT6_Augment_Twins2,TFT6_Augment_SecondWind2,,1.0,,2.0,,,,,,,1.0,,0.0,,,,0.0,,,,,,,1.0,0.0,,0.0,,,,,,,,,,,,,,,,,,,,,,,,,,,,,,,,,,,,,,,,,,,,,,,,,,,,,,,,,,,,,,,,,,,,,,,,,,3.0,GargoyleStoneplate,RedBuff,,,,,,,,,,,,,,,,,,,,,,,,,,,,,,,,,,,,,,,,,,,,,,,,,,1.0,,,,,,,,,,,,,,,,,,,,,,,,,,,,2.0,,,,,,,,2.0,,,,,,,,,,,,,,,,,,,,,,,,,,,,,,,,,,,,,,None,None,,,,,1.0,,,,3.0,UnstableConcoction,GuinsoosRageblade,MadredsBloodrazor,,,,,,,,,,,,,,,,,,,,,,,,
2,EUW1_5972685705,TFT6_Augment_SalvageBin,TFT6_Augment_CelestialBlessing2,TFT6_Augment_Ascension,0.0,,1.0,0.0,,1.0,1.0,,,,4.0,,,,,0.0,2.0,,,0.0,,,,1.0,,,0.0,,,,,,,,,,,,,,,,,,,,,,2.0,SpearOfShojin,,,,,,,,,,,,,,,,,,,,,,,,,,,,,,,,,,,,,,,,,,,2.0,SeraphsEmbrace,,,,,,,,,,,,,,,,,,,,,,,,,,,,,,,,,,,,,,,,,,,,,,,,,,,,,,,,,,,,,,,,,,,,,,,,,,,1.0,,,,,,,,,,,,2.0,,,,1.0,ArchangelsStaff,WarmogsArmor,IonicSpark,,,,,,,,,,,,,,,,,,,,,,,,,2.0,FrozenHeart,InfinityEdge,UnstableConcoction,,,,,,,,,,,None,None,,,,,2.0,RunaansHurricane,LastWhisper,RapidFireCannon,,,,,,,,,,,,,2.0,Quicksilver,RapidFireCannon,MadredsBloodrazor,,,,,,,,,,,,
4,EUW1_5972118152,TFT6_Augment_MaxLevel10,TFT6_Augment_VerdantVeil,TFT6_Augment_Meditation3,,1.0,1.0,1.0,,,,,1.0,,2.0,,,2.0,,2.0,,0.0,,,,,,,,0.0,,0.0,,,,,,,,,,,,,,,,,,,,,2.0,,,,,,,,,,,,,,,,,,,,,,,,,,,,,,,,,,,,,,,,,,,,,,,,,,,,3.0,MageEmblemItem,,,,,,,,,,,,,,,,,,,,,,,,,,,1.0,,,,3.0,,,,,,,,,,,,,,,,,,,,,,,,,,,,,,,,2.0,MadredsBloodrazor,HextechGunblade,,,,,,,,,,,,,,,,,,,,,,,,,,1.0,,,,,,,,,,,,2.0,DragonsClaw,BrambleVest,RedBuff,,,,,,,,,,,,,,,,,,,None,None,,,,,,,,,,,,,2.0,TitanicHydra,Quicksilver,,,,,,,,,,,,,,,,,,,,,
8,EUW1_5972118152,TFT7_Augment_ShapeshifterTrait2,TFT6_Augment_ThriftShop,TFT7_Augment_UrfsGrabBag2,,,,0.0,,,,1.0,,,,1.0,,,0.0,,1.0,,,1.0,,,,0.0,,,1.0,,,,,,,,,,,,,,2.0,,,,,,,,,,,,,,,,,,,,,,,,,,,,,,,,,,,,,,,,,,,,,,,,,,,,,,,,,,,,,,,,,,,,2.0,,,,,,,,,,,,,,,,,,,,,,,,,,,,1.0,BrambleVest,RedBuff,,,,,,,,,,,,,,,,,,,,,,,,,,,,,,,,,,,,,,2.0,,,,2.0,,,,,,,,,,,,,,,,,,,,2.0,GuinsoosRageblade,StatikkShiv,Quicksilver,,,,,,,,,,,,,,,,,,,,,,,None,None,,,,,,,,,,,,,,,,,,,,,,,,,1.0,GuardianAngel,,,,,,,,,,
3,EUW1_5972118152,TFT7_Augment_BestFriends3,TFT6_Augment_ForceOfNature,TFT6_Augment_Diversify3,,,1.0,1.0,1.0,,1.0,,1.0,1.0,1.0,,,,,1.0,0.0,3.0,,,1.0,,,,,0.0,0.0,0.0,,,,,,,,,,,,,,,,,,,,,1.0,,,,,,,,2.0,Deathblade,UnstableConcoction,GuinsoosRageblade,,,,,,,,,2.0,DragonsClaw,GargoyleStoneplate,,,,,,,,,,,,,,,,,,,,,,,,,,,,,,,,,,3.0,ArchangelsStaff,GuinsoosRageblade,ShimmerscaleGoldmancersStaff,,,,,,,,,,,,,,,,,,,,,1.0,,,,,,,,,,,,,,,,,,,,,,,,,,,,,,,,,,,,,,,,,,,,,,,,,,,,2.0,,,,,,,,,,,,2.0,Morellonomicon,GuardianAngel,,,,,,,,,,,,,,2.0,,,,,,,,,,,,1.0,,,,,,None,None,,,,,,,,,,,,,,,,,,,,,,,,,,,,,,,,,,,,
2,EUW1_5972118152,TFT7_Augment_EvokerEmblem2,TFT6_Augment_ForceOfNature,TFT7_Augment_MageEmblem2,,2.0,,1.0,,,1.0,,2.0,,,,,2.0,,1.0,,0.0,,,,,,,,1.0,,0.0,,,,,,,,,,,,,,,,,1.0,Bloodthirster,MageEmblemItem,ArchangelsStaff,,,,,,,,,,,,,,,,,,,,,,,,,,,,,,,,,,,,,,,,,,,,,,,,,2.0,,,,3.0,TitanicHydra,TitanicHydra,,,,,,,,,,,,,,,,,,,,,,,,,,2.0,Quicksilver,,,3.0,SpearOfShojin,EvokerEmblemItem,SpearOfShojin,,,,,,,,,,,,,,,,,,,,,,,,,,,,,,,,,,,,,,,,,,,,,,,,,,,,,,,,,1.0,MadredsBloodrazor,,,,,,,,,,,2.0,FrozenHeart,GargoyleStoneplate,Quicksilver,,,,,,,,,,,,,,,,,3.0,TrainerSnax,None,None,,,,,,,,,,,,,2.0,FrozenHeart,,,,,,,,,,,,,,,,,,,,,,
1,EUW1_5972118152,TFT7_Augment_AssassinEmblem2,TFT7_Augment_BestFriends3,TFT6_Augment_VerdantVeil,3.0,,,1.0,,,,,,,1.0,,0.0,,,,0.0,,1.0,,0.0,,,,1.0,,1.0,0.0,,,,,,,,,,,,,,,,,,,,,,,,,,,,,,,,,3.0,IonicSpark,FrozenHeart,DragonsClaw,,,,,,,,,,,,,,,,,,,,,,,,,,,,,,,,,,,,,,,,,,,,,,,,,2.0,,,,,,,,,,,,,,,,,,,,,,,,,,,,,,,,,,,,2.0,InfinityEdge,RunaansHurricane,AssassinEmblemItem,2.0,,,,1.0,ArchangelsStaff,,,2.0,StatikkShiv,,,,,,,,,,,,,,,,,,,2.0,,,,,,,,,,,,,,,,,,,,,,,,,,,,,,,,2.0,Bloodthirster,MadredsBloodrazor,LastWhisper,,,,,,,,,,,None,None,,,,,,,,,,,,,,,,,,,,,,,,,,,,,,,,,,,,
6,EUW1_5972118152,TFT7_Augment_CavalierEmblem2,TFT7_Augment_UrfsGrabBag2,TFT7_Augment_BestFriends3,,,,1.0,,1.0,1.0,,,1.0,,0.0,,0.0,,,0.0,,,1.0,,,,,,,,3.0,,,,,,,,,,,,,,,,,,,,,,,,,,,,,,,,,,,,,,,,,,,,,,,,,2.0,MadredsBloodrazor,RedBuff,CavalierEmblemItem,2.0,Bloodthirster,Quicksilver,GuinsoosRageblade,,,,,,,,,1.0,,,,,,,,,,,,,,,,,,,,,,,,,,,,,,,,,,,,,,,,,,,,2.0,WarmogsArmor,PowerGauntlet,FrozenHeart,,,,,,,,,,,,,,,,,,,,,,,,,,,,,,,,,,,,,,,,,,,,,,,,,,,,,,,,,,,,,,,,,2.0,,,,,,,,,,,,2.0,,,,3.0,Redemption,ArchangelsStaff,,,,None,None,,,,,,,,,,,,,,,,,,,,,,,,,,,,,,,,,,,,
7,EUW1_5972118152,TFT7_Augment_ShapeshifterTrait2,TFT6_Augment_BinaryAirdrop,TFT6_Augment_CyberneticShell3,,0.0,,,,,1.0,0.0,,0.0,,2.0,,,,0.0,,,,2.0,,,,,,,,0.0,,,,,,,,,,,,,,,,,,,,,,,,,,,,,,,,,,,,,,,,,,,,,1.0,GuinsoosRageblade,,,,,,,2.0,NeedlesslyLargeRod,,,,,,,2.0,,,,,,,,,,,,,,,,,,,,1.0,,,,,,,,,,,,,,,,,,,,,,,,,,,,,,,,3.0,Deathblade,Quicksilver,GuinsoosRageblade,,,,,,,,,,,,,,,,,,,,,,,,,,,,,,,,,,,,,,,,,,,,,,,,,,,,,,,,,,,,,,,,,,,,,,,,,2.0,Redemption,RedBuff,PowerGauntlet,,,,,,,None,None,,,,,,,,,,,,,,,,,,,,,,,,,,,,,,,,,,,,
5,EUW1_5972118152,TFT6_Augment_ItemGrabBag2,TFT6_Augment_CyberneticUplink3,TFT6_Augment_BinaryAirdrop,,,,,,,1.0,0.0,0.0,,,2.0,0.0,,0.0,0.0,,,,1.0,,,1.0,,,,0.0,,,,,,2.0,UnstableConcoction,GuinsoosRageblade,MadredsBloodrazor,,,,,,,,,,,,,,,,,,,,,,,,,,,,,,,,,,,,,2.0,Bloodthirster,TitansResolve,SpearOfShojin,,,,,,,,,,,,,2.0,Shroud,RedBuff,Quicksilver,,,,,,,,,,,,,,,,,,,,,,,,,,,,,,,,,,,,,,,,,,,,,1.0,GargoyleStoneplate,BrambleVest,ArchangelsStaff,,,,,,,,,,,,,,,,,,,,,,,,,,,,,,,,,,,,,,,,,,,,,,,,,,,,,,,,,1.0,RapidFireCannon,NeedlesslyLargeRod,,,,,,,,,,,,,,,,,,,,,,,,,,,,None,None,,,,,,,,,,,,,,,,,,,,,,,,,1.0,ThiefsGloves,Zephyr,GuardianAngel,,,,,,,,
1,EUW1_5972557510,TFT7_Augment_BestFriends2,TFT6_Augment_CelestialBlessing1,TFT6_Augment_MakeshiftArmor1,1.0,,1.0,1.0,,,1.0,,,,2.0,,0.0,1.0,,0.0,,,,,0.0,1.0,,,3.0,,,1.0,,,,,,,,,2.0,GuinsoosRageblade,Quicksilver,HextechGunblade,,,,,,,,,2.0,,,,,,,,,,,,,,,,,,,,,,,,,,,,,,,,,,,,,,,,,,,,,,,,,,,,,,,,,,,,,,,,,,,,,,,,,,,,,,,,,,,,,,,,,,,,,,,,,,,,,,,,1.0,,,,1.0,FrozenHeart,,,3.0,FrozenHeart,RedBuff,InfinityEdge,2.0,,,,,,,,,,,,,,,,,,,,,,,,,,,,,,,,,,,,,,,,2.0,FrozenHeart,,,,,,,,,,,,,,,,,,,,,None,None,,,,,,,,,,,,,,,,,,,,,,,,,,,,,,,,,2.0,RapidFireCannon,TempestEmblemItem,Chalice
7,EUW1_5972557510,TFT6_Augment_Ascension,TFT6_Augment_Electrocharge1,TFT6_Augment_SecondWind1,,1.0,,1.0,,,,,0.0,,1.0,0.0,,2.0,,1.0,,,,,,,1.0,,,1.0,,0.0,,,,,,,,,,,,,,,,,,,,,,,,,,,,,,,,,,,,,,,,,,,,,,,,,,,,,,,,,,,,,,,,,,,,,2.0,,,,2.0,IonicSpark,Shroud,,,,,,,,,,,,,,,,,,,,,,,,,,2.0,,,,2.0,,,,,,,,,,,,,,,,,,,,,,,,,,,,,,,,1.0,SpearOfShojin,HextechGunblade,JeweledGauntlet,,,,,,,,,,,,,,,,,,,,,,,,,,,,,1.0,StatikkShiv,,,,,,,1.0,ChainVest,,,,,,,,,,,,,,,,,,,3.0,TrainerSnax,None,None,,,,,,,,,,,,,2.0,,,,,,,,,,,,,,,,,,,,,,,
3,EUW1_5972557510,TFT7_Augment_GuildEmblem,TFT7_Augment_LategameSpecialist,TFT7_Augment_BandOfThieves1,1.0,,1.0,1.0,,1.0,,,,,5.0,,0.0,,,0.0,1.0,,,,,,,1.0,1.0,,0.0,,,,,,,,,,,,,,,,,,,,,,2.0,,,,,,,,,,,,,,,,,,,,,,,,,,,,,,,,,,,,,,,,,,,,2.0,ThiefsGloves,Chalice,RabadonsDeathcap,,,,,,,,,,,,,,,,,,,,,,,,,,,,,,,,,,,,,,,,,,,,,,,,,,,,,,,,,1.0,RedBuff,GargoyleStoneplate,BrambleVest,,,,,1.0,FrozenHeart,IonicSpark,,,,,,2.0,,,,,,,,,,,,2.0,,,,,,,,,,,,,,,,,,,,,,,,,,,,,,,,2.0,UnstableConcoction,Quicksilver,,,,,,,,,,,,None,None,,,,,2.0,,,,,,,,,,,,,,,,2.0,GuildEmblemItem,GuinsoosRageblade,Quicksilver,,,,,,,,,,,,
5,EUW1_5972557510,TFT6_Augment_ThrillOfTheHunt2,TFT6_Augment_Recombobulator,TFT6_Augment_SecondWind1,,,,1.0,1.0,,1.0,,1.0,,,,,1.0,,0.0,,1.0,,,0.0,1.0,,,,1.0,,2.0,,,,,,,,,,,,,,,,,,,,,,,,,,,,,2.0,GuinsoosRageblade,Deathblade,GuardianAngel,,,,,,,,,,,,,,,,,2.0,IonicSpark,RedBuff,GuardianAngel,,,,,,,,,,,,,,,,,,,,,,,,,,,,,,,,,,,,,,,,,,,,,,,,,2.0,Zephyr,,,,,,,,,,,,,,,,,,,,,,,,,,,,,,,,,,,,,,,,,,,,,,,,,,,,,,,,,,,,,,,2.0,MageEmblemItem,,,,,,,,,,,1.0,,,,,,,,,,,,,,,,,,,,3.0,TrainerSnax,None,None,2.0,Deathblade,,,,,,,,,,,,,,,,,,,,,,,,,,,,,,,1.0,,,
4,EUW1_5972557510,TFT6_Augment_PortableForge,TFT6_Augment_CelestialBlessing1,TFT6_Augment_SecondWind1,2.0,,,0.0,,0.0,1.0,,,,1.0,,,,,,2.0,,,0.0,0.0,,,0.0,,,0.0,0.0,,,,,,,,,,,,,,,,,,,,,,,,,,,,,,,,,,,,,,,,,,,,,,,,,,,,,,,,,,,,,,,,,2.0,ThiefsGloves,Redemption,LastWhisper,,,,,,,,,,,,,,,,,1.0,,,,,,,,,,,,,,,,,,,,,,,,,,,,,,,,,,,,,,,,,,,,2.0,InfinityEdge,,,,,,,,,,,,,,,,,,,,,,,2.0,TitanicHydra,,,1.0,AssassinEmblemItem,Redemption,RedBuff,,,,,,,,,,,,,,,,,,,,,,,,,2.0,Deathblade,,,,,,,,,,,,,None,None,,,,,,,,,,,,,,,,,,,,,2.0,InfinityEdge,GuinsoosRageblade,OrnnInfinityForce,,,,,,,,,,,,
2,EUW1_5972557510,TFT7_Augment_Preparation2,TFT6_Augment_Electrocharge1,TFT6_Augment_SecondWind1,0.0,1.0,1.0,1.0,,1.0,,,0.0,,4.0,,,1.0,,3.0,,,0.0,,,,,1.0,,0.0,,0.0,,,,,,,,,,,,,,,,,,,,,1.0,,,,,,,,,,,,,,,,,,,,,,,,,,,,,,,,,,,,,,,,,,,,,,,,,,,,3.0,HextechGunblade,RedBuff,CavalierEmblemItem,,,,,,,,,,,,,,,,,,,,,2.0,,,,2.0,,,,3.0,,,,,,,,,,,,,,,,,,,,,,,,,,,,,,,,,,,,,,,,,,,,,,,,,,,,,,,,,,,,,,,,,,,,,,,,2.0,MysticEmblemItem,GuildEmblemItem,WarmogsArmor,,,,,1.0,,,,,,,,,,,,,,None,None,,,,,2.0,ZekesHerald,Chalice,,3.0,GuinsoosRageblade,MadredsBloodrazor,RunaansHurricane,,,,,,,,,,,,,,,,,,,,,,,,
6,EUW1_5972557510,TFT7_Augment_MageConference,TFT6_Augment_CyberneticUplink1,TFT6_Augment_ItemGrabBag1,,1.0,,1.0,,,,,0.0,,1.0,,,2.0,,1.0,,,,,0.0,1.0,,,,1.0,,0.0,,,,,,,,,,,,,,,,,,,,,,,,,,,,,,,,,,,,,,,,,,,,,,,,,,,,,,,,,,,,,,,,,,,,,3.0,,,,2.0,ThiefsGloves,TearOfTheGoddess,GuardianAngel,,,,,,,,,,,,,,,,,,,,,,,,,2.0,,,,3.0,,,,,,,,,,,,,,,,,,,,,,,,,,,,,,,,2.0,JeweledGauntlet,UnstableConcoction,SpearOfShojin,,,,,,,,,,,,,,,,,,,,,,,,,,,,,,,,,,,,,2.0,WarmogsArmor,DragonsClaw,,,,,,,,,,,,,,,,,,2.0,TrainerSnax,None,None,,,,,,,,,,,,,3.0,TitanicHydra,,,,,,,,,,,,,,,,,,,1.0,GuinsoosRageblade,,
8,EUW1_5972557510,TFT6_Augment_TradeSector,TFT6_Augment_SecondWind1,TFT6_Augment_ItemGrabBag1,,,,,1.0,,1.0,,1.0,1.0,,,,,,0.0,,1.0,,,1.0,,,,,1.0,,0.0,,,,,,,,,,,,,,,,,,,,,,,,,,,,,1.0,,,,,,,,,,,,2.0,WarmogsArmor,GargoyleStoneplate,,,,,,,,,,,,,,,,,,,,,,,,,,,,,,,,,,,,,,,,,,,,,,,,,,,,,,,,,,2.0,TearOfTheGoddess,,,,,,,,,,,,,,,,,,,,,,,,,,,,,,,,,,,,,,,,,,,,,,,,,,,,,,,,,,,,,,,2.0,StatikkShiv,JeweledGauntlet,ShimmerscaleGoldmancersStaff,,,,,,,,,,,,,,,,,,,,,,,,,1.0,,,,2.0,TrainerSnax,None,None,2.0,GuinsoosRageblade,MadredsBloodrazor,InfinityEdge,,,,,,,,,,,,,,,,,,,,,,,,,,,,,,,,
2,EUW1_5972352943,TFT6_Augment_Weakspot,TFT6_Augment_RadiantRelics,TFT6_Augment_CyberneticShell1,,0.0,,2.0,,,1.0,0.0,,,1.0,,0.0,0.0,1.0,,,,,,,,,2.0,1.0,,0.0,2.0,,,,,,,,,,,,,,,,,,,,,,,,,,,,,,,,,,,,,,,,,,,,,,,,,2.0,Bloodthirster,TitansResolve,FrozenHeart,,,,,2.0,,,,,,,,,,,,,,,,3.0,ThiefsGloves,UnstableConcoction,SpearOfShojin,,,,,,,,,,,,,,,,,,,,,,,,,,,,,,,,,,,,,,,,,,,,,,,,,2.0,MirageEmblemItem,ArchangelsStaff,,,,,,,,,,,,,,,,,,,,,,,,,,,,,,,,,,,,,,,,,,,,,,,,,,2.0,RecurveBow,,,,,,,,,,,,,,,,,,,,,None,None,,,,,2.0,ZekesHeraldRadiant,,,3.0,Deathblade,GuinsoosRageblade,InfinityEdge,,,,,,,,,,,,,1.0,SwiftshotEmblemItem,Bloodthirster,,,,,,,,,
6,EUW1_5972352943,TFT7_Augment_MirageTrait,TFT6_Augment_HighEndShopping,TFT6_Augment_FirstAidKit,0.0,,1.0,,,1.0,1.0,0.0,,0.0,1.0,,,,4.0,0.0,,,,,,,,,,,1.0,0.0,,,,,,,,,,,,,,,,,,,,,1.0,,,,,,,,,,,,,,,,2.0,StatikkShiv,MadredsBloodrazor,UnstableConcoction,,,,,,,,,,,,,,,,,,,,,,,,,,,,,,,,,,,,,,,,,,,,,,,,,,,,,2.0,,,,,,,,,,,,,,,,,,,,,,,,2.0,RedBuff,WarmogsArmor,,,,,,,,,,2.0,,,,,,,,,,,,,,,,,,,,,,,,,,,,,,,,,,,,,,,,,,,,,,,,,,,,,,,,,,,,,,,,,,,,,,None,None,,,,,,,,,,,,,,,,,,,,,,,,,2.0,SeraphsEmbrace,CavalierEmblemItem,Deathblade,2.0,,,,,,,
1,EUW1_5972352943,TFT7_Augment_AFK,TFT7_Augment_CavalierEmblem2,TFT6_Augment_Diversify1,,,1.0,,,2.0,1.0,0.0,1.0,,1.0,0.0,,,3.0,1.0,0.0,0.0,,,,,1.0,,,0.0,0.0,,,,,,,,,,,,,,,,,,,,,,2.0,Shroud,,,,,,,,,,,,,,,2.0,StatikkShiv,GuinsoosRageblade,ArchangelsStaff,,,,,,,,,,,,,,,,,,,,,,,,,2.0,MirageEmblemItem,Quicksilver,,,,,,,,,,,,,,,,,,,,,,,,,,,,,,,,,,2.0,,,,,,,,,,,,,,,,3.0,WarmogsArmor,GargoyleStoneplate,RedBuff,,,,,,,,,,,,,,,,,,,,,,,,,,,,,,,,,,,,,,,,,,,,,1.0,Morellonomicon,,,1.0,,,,,,,,,,,,,,,,,,,,,,,,,,,,,,None,None,,,,,,,,,,,,,,,,,,,,,,,,,2.0,RapidFireCannon,FrozenHeart,CavalierEmblemItem,,,,,,,,
4,EUW1_5972352943,TFT6_Augment_SecondWind1,TFT7_Augment_TomeOfTraits2,TFT7_Augment_BruiserTrait,2.0,,,3.0,,,,,,,1.0,,0.0,0.0,,,0.0,,1.0,,,,,,1.0,,1.0,0.0,,,,,,,,,,,,,,,,,,,,,,,,,,,,,,,,,2.0,BruiserEmblemItem,UnstableConcoction,FrozenHeart,,,,,,,,,,,,,,,,,,,,,,,,,,,,,,,,,,,,,,,,,,,,,,,,,,,,,,,,,,,,,,,,,,,,,,,,,,,,,,,,,,,,,3.0,InfinityEdge,AssassinEmblemItem,RunaansHurricane,2.0,LocketOfTheIronSolari,,,,,,,2.0,FrozenHeart,,,,,,,,,,,,,,,,,,,2.0,,,,,,,,,,,,,,,,,,,,,,,,2.0,,,,,,,,2.0,RunaansHurricane,WarmogsArmor,Deathblade,,,,,,,,,,,None,None,,,,,,,,,,,,,,,,,,,,,,,,,,,,,,,,,,,,
3,EUW1_5972352943,TFT6_Augment_CyberneticShell1,TFT6_Augment_ItemGrabBag2,TFT6_Augment_FirstAidKit,1.0,,,1.0,,1.0,,,,,3.0,0.0,0.0,,,,1.0,,,,,,1.0,1.0,1.0,,0.0,,,,,,,,,,,,,,,,,,,,,,,,,,,,,,,,,,,,,,,,,,,,,,,,,,,,,,,,,,,,,,,,,,2.0,TitanicHydra,BrambleVest,,,,,,,,,,,,,,,,,,,,,,,,,,,,,,,,,,,,,,,,,,,,,,,,,,,,,,,,,,2.0,RedBuff,GargoyleStoneplate,UnstableConcoction,,,,,2.0,,,,,,,,2.0,,,,,,,,,,,,2.0,ForceOfNature,Redemption,,,,,,,,,,,,,,1.0,,,,,,,,,,,,,,,,2.0,IonicSpark,FrozenHeart,HextechGunblade,,,,,,,,,,,None,None,,,,,2.0,,,,,,,,,,,,,,,,2.0,InfinityEdge,MadredsBloodrazor,Quicksilver,,,,,,,,,,,,
5,EUW1_5972352943,TFT7_Augment_MysticTrait,TFT6_Augment_WindfallPlus,TFT6_Augment_CelestialBlessing1,,0.0,1.0,1.0,,,,,0.0,,2.0,,,2.0,,3.0,,,,,0.0,1.0,,,,1.0,,0.0,,,,,,,,,,,,,,,,,,,,,1.0,,,,,,,,,,,,,,,,,,,,,,,,,,,,,,,,,,,,,,,,,,,,,,,,2.0,,,,3.0,ThiefsGloves,FrozenHeart,GuardianAngel,,,,,,,,,,,,,,,,,,,,,,,,,2.0,Chalice,,,3.0,,,,,,,,,,,,,,,,,,,,,,,,,,,,,,,,2.0,JeweledGauntlet,SpearOfShojin,Quicksilver,,,,,,,,,,,,,,,,,,,,,,,,,,,,,,,,,,,,,2.0,GargoyleStoneplate,DragonsClaw,,,,,,,,,,,,,,,,,,2.0,TrainerSnax,None,None,,,,,,,,,,,,,,,,,,,,,,,,,,,,,,,,,1.0,StatikkShiv,,
7,EUW1_5972352943,TFT6_Augment_TinyTitans,TFT6_Augment_ForceOfNature,TFT7_Augment_BandOfThieves1,0.0,1.0,,1.0,,,,,,,3.0,,,2.0,,0.0,,,,,,,,1.0,,,,0.0,,,,,,,,,,,,,,,,,,,,,,,,,,,,,,,,,,,,,,,,,,,,,,,,,,,,,,,,,,,,,,,,,,,,,,,,,2.0,MageEmblemItem,,,,,,,,,,,,,,,,,,,,,,,,,,,,,,,3.0,ThiefsGloves,RecurveBow,Shroud,,,,,,,,,,,,,,,,,,,,,,,,,,,,,2.0,JeweledGauntlet,,,,,,,,,,,,,,,,,,,,,,,,,,,,,,,,,,,,,,,1.0,,,,,,,,1.0,,,,,,,,,,,,,,None,None,,,,,2.0,LastWhisper,,,3.0,GuinsoosRageblade,RunaansHurricane,Deathblade,2.0,ThiefsGloves,GiantsBelt,GargoyleStoneplate,,,,,,,,,,,,,,,,,,,,
8,EUW1_5972352943,TFT6_Augment_ThrillOfTheHunt1,TFT7_Augment_UrfsGrabBag2,TFT7_Augment_BestFriends1,0.0,,1.0,,,0.0,1.0,,,1.0,4.0,,,1.0,,0.0,,,0.0,,1.0,1.0,,,,,,,,,,,,,,,,,,,,,,,,,,,1.0,,,,2.0,GargoyleStoneplate,,,,,,,,,,,,,,,2.0,MageEmblemItem,GargoyleStoneplate,IonicSpark,,,,,,,,,,,,,,,,,,,,,,,,,,,,,,,,,,,,,,,,,,,,,,,,,,,,,,,,,,,,,,,,,,,,,,,,,,,,,,,,,,,,,,,,,,,,,2.0,ArchangelsStaff,ShimmerscaleGoldmancersStaff,SpearOfShojin,2.0,,,,,,,,,,,,,,,,,,,,,,,,,,,,,,,,,,,,,,,,,,,,1.0,ThiefsGloves,StatikkShiv,SpearOfShojin,,,,,,,,,,,None,None,,,,,,,,,,,,,,,,,,,,,,,,,,,,,,,,,1.0,SpearOfShojin,,
3,EUW1_5972562156,TFT6_Augment_Electrocharge2,TFT6_Augment_SecondWind2,TFT6_Augment_Diversify3,,,1.0,,,,1.0,,1.0,,1.0,2.0,0.0,,,2.0,,,,1.0,,,1.0,,,0.0,,,,,,,2.0,,,,,,,,,,,,,,,,1.0,,,,,,,,,,,,,,,,,,,,,,,,2.0,BrambleVest,TitansResolve,TitansResolve,,,,,,,,,,,,,1.0,LastWhisper,FrozenHeart,,,,,,,,,,,,,,,,,,,,,,,,,,,,,,,,,,,,,,2.0,,,,,,,,2.0,GargoyleStoneplate,DragonsClaw,WarmogsArmor,,,,,,,,,,,,,,,,,,,,,,,,,,,,,,,,,,,,,,,,,,,,,,,,,,,,,,,,,2.0,ArchangelsStaff,,,,,,,,,,,,,,,,,,,,,,,,,,,,,None,None,,,,,,,,,,,,,,,,,,,,,,,,,,,,,,,,,,,,
2,EUW1_5972562156,TFT7_Augment_MageConference,TFT7_Augment_MageEmblem,TFT6_Augment_CyberneticUplink3,,1.0,,1.0,,0.0,,,0.0,,1.0,,,3.0,,1.0,,,0.0,,0.0,1.0,,,,1.0,,0.0,,,,,,,,,,,,,,,,,,,,,,,,,,,,,,,,,,,,,,,,,,,,,,,,,,,,,,,,,,,,,,,,,,,,,3.0,BFSword,,,2.0,MageEmblemItem,,,,,,,,,,,,,,,,,,,,,,,3.0,IonicSpark,,,2.0,,,,3.0,GuinsoosRageblade,StatikkShiv,SpearOfShojin,,,,,,,,,,,,,,,,,,,,,,,,,,,,,3.0,RabadonsDeathcap,SpearOfShojin,HextechGunblade,,,,,,,,,,,,,,,,,,,,,,,,,,,,,,,,,,,,,3.0,Redemption,WarmogsArmor,,,,,,,,,,,,,,,,,,3.0,TrainerSnax,None,None,,,,,,,,,,,,,3.0,SparringGloves,,,,,,,,,,,,,,,,,,,2.0,PowerGauntlet,,
4,EUW1_5972562156,TFT6_Augment_CalculatedLoss,TFT6_Augment_BlueBattery2,TFT6_Augment_Meditation3,,0.0,1.0,1.0,,1.0,,,,,3.0,,0.0,2.0,,1.0,,,0.0,,,,,,0.0,,,0.0,,,,,,,,,,,,,,,,,,,,,1.0,,,,,,,,,,,,,,,,,,,,,,,,,,,,,,,,,,,,,,,,,,,,,,,,,,,,,,,,,,,,,,,,,,,,,,,,,,,,3.0,Bloodthirster,TitansResolve,ArchangelsStaff,,,,,3.0,,,,,,,,,,,,,,,,,,,,2.0,,,,,,,,,,,,2.0,,,,2.0,Chalice,Shroud,,,,,,,,,,,,,,,,,,,,,,,,,,,,,,,,,,2.0,IonicSpark,BrambleVest,Quicksilver,,,,,,,,,,,,,,,,,,,None,None,,,,,,,,,,,,,3.0,,,,,,,,,,,,,,,,,,,,,,,
5,EUW1_5972562156,TFT7_Augment_ClutteredMind,TFT7_Augment_AxiomArc2,TFT7_Augment_ThinkFast,,,1.0,0.0,0.0,,1.0,,,,1.0,1.0,0.0,,,0.0,,0.0,,1.0,,,1.0,,2.0,,,,,,,,,,,,1.0,RabadonsDeathcap,SpearOfShojin,Chalice,,,,,,,,,1.0,,,,,,,,2.0,InfinityEdge,MadredsBloodrazor,GuardianAngel,,,,,,,,,,,,,,,,,,,,,,,,,,,,,2.0,,,,,,,,,,,,,,,,,,,,,,,,,,,,,,,,,,,,,,,,,,,,,,,,2.0,RedBuff,WarmogsArmor,GargoyleStoneplate,,,,,,,,,,,,,1.0,,,,,,,,,,,,,,,,,,,,,,,,,,,,,,,,,,,,,,,,,,,,1.0,,,,,,,,,,,,,,,,,,,,,,,,,,,,,,None,None,,,,,,,,,,,,,,,,,,,,,,,,,,,,,,,,,,,,
7,EUW1_5972562156,TFT7_Augment_SwiftshotPressTheAttack,TFT6_Augment_TradeSectorPlus,TFT6_Augment_HighEndShopping,1.0,1.0,,2.0,,,,,,,2.0,,0.0,0.0,,,,,,,,,,1.0,1.0,,,0.0,,,,,,,,,,,,,,,,,,,,,,,,,,,,,,,,,,,,,,,,,,,,,,,,,,,,,,,,,,,,,,,,,,,,,,,,,2.0,WarmogsArmor,LocketOfTheIronSolari,,,,,,,,,,,,,,,,,,,,,,,,,,,,,,,,,,,,,,,,,,,,,,,,,,2.0,RabadonsDeathcap,,,,,,,2.0,,,,,,,,,,,,,,,,,,,,,,,,,,,,2.0,,,,,,,,,,,,,,,,1.0,,,,,,,,2.0,ThiefsGloves,Chalice,PowerGauntlet,,,,,,,,,,,None,None,,,,,2.0,,,,3.0,GuinsoosRageblade,Deathblade,GuinsoosRageblade,,,,,,,,,,,,,,,,,,,,,,,,
1,EUW1_5972562156,TFT6_Augment_TradeSector,TFT7_Augment_SwiftshotPressTheAttack,TFT6_Augment_ForceOfNature,,1.0,1.0,2.0,,,,,,,2.0,0.0,0.0,,,0.0,0.0,,,,,,1.0,2.0,1.0,,0.0,,,,,,,,,,,,,,,,,,,,,,2.0,,,,,,,,,,,,,,,,,,,,,,,,,,,,,,,,,,,,2.0,,,,,,,,,,,,,,,,3.0,GargoyleStoneplate,RedBuff,,,,,,,,,,,,,,,,,,,,,,,,,,,,,,,,,,,,,,,,,,,,,,,,,,2.0,PowerGauntlet,,,,,,,,,,,,,,,,,,,,,,,,,,,2.0,,,,,,,,2.0,,,,,,,,2.0,StatikkShiv,,,,,,,,,,,,,,,,,,,,,,,,,,,,,None,None,,,,,2.0,PowerGauntlet,,,3.0,Deathblade,GuinsoosRageblade,LastWhisper,,,,,,,,,2.0,RapidFireCannon,GuinsoosRageblade,HextechGunblade,,,,,,,,,,,,
8,EUW1_5972562156,TFT7_Augment_AxiomArc2,TFT6_Augment_PortableForge,TFT6_Augment_ForceOfNature,,1.0,,1.0,,,,,1.0,,1.0,,,2.0,,1.0,,0.0,,,,,,,,1.0,,0.0,,,,,,,,,,,,,,,,,,,,,,,,,,,,,,,,,,,,,,,,,,,,,,,,,,,,,,,,,,,,,,,,,,,,,2.0,,,,2.0,ThiefsGloves,ChainVest,LocketOfTheIronSolari,,,,,,,,,,,,,,,,,,,,,,,,,2.0,StatikkShiv,,,2.0,,,,,,,,,,,,,,,,,,,,,,,,,,,,,,,,2.0,ArchangelsStaff,SpearOfShojin,Quicksilver,,,,,,,,,,,,,,,,,,,,,,,,,1.0,,,,,,,,,,,,2.0,DragonsClaw,OrnnRocketPropelledFist,RedBuff,,,,,,,,,,,,,,,,,2.0,TrainerSnax,None,None,,,,,,,,,,,,,2.0,,,,,,,,,,,,,,,,,,,,,,,
6,EUW1_5972562156,TFT6_Augment_Electrocharge2,TFT6_Augment_ComponentGrabBag,TFT7_Augment_UrfsGrabBag2,1.0,,,1.0,,2.0,,,,,3.0,,0.0,,,,1.0,,,,,,,1.0,1.0,,0.0,,,,,,,,,,,,,,,,,,,,,,,,,,,,,,,,,,,,,,,,,,,,,,,,,,,,,,,,,,,,,,,,,,2.0,ThiefsGloves,Chalice,RabadonsDeathcap,,,,,,,,,,,,,,,,,,,,,,,,,,,,,,,,,,,,,,,,,,,,,,,,,,,,,,,,,1.0,CavalierEmblemItem,Morellonomicon,WarmogsArmor,,,,,2.0,ThiefsGloves,JeweledGauntlet,SeraphsEmbrace,,,,,2.0,SparringGloves,,,,,,,,,,,2.0,Zephyr,,,,,,,,,,,,,,,,,,,,,,,,,,,,,,,1.0,InfinityEdge,LastWhisper,,,,,,,,,,,,None,None,,,,,2.0,,,,,,,,,,,,,,,,2.0,MadredsBloodrazor,GuinsoosRageblade,Quicksilver,,,,,,,,,,,,
2,EUW1_5972963554,TFT6_Augment_CelestialBlessing3,TFT6_Augment_TinyTitans,TFT6_Augment_PortableForge,,0.0,1.0,1.0,,,1.0,,,,1.0,0.0,0.0,1.0,,1.0,,,,,0.0,1.0,1.0,,2.0,,,1.0,,,,,,,,,2.0,HextechGunblade,JeweledGauntlet,SpearOfShojin,,,,,,,,,1.0,BFSword,,,,,,,,,,,,,,,,,,,,,,,,,,,,,,,,,,,,,,,,,,,,,,,,,,,,,,,,,,,,,,,,,,,,,,,,,,,,,,,,,,,2.0,,,,,,,,,,,,,,,,,,,,2.0,IonicSpark,WarmogsArmor,RedBuff,,,,,,,,,,,,,,,,,,,,,,,,,,,,,,,,,,,,,,,,,2.0,StatikkShiv,,,,,,,2.0,WarmogsArmor,DragonsClaw,,,,,,,,,,,,,,,,,,,,None,None,,,,,,,,,,,,,,,,,,,,,,,,,,,,,,,,,2.0,SpearOfShojin,WhispersEmblemItem,OrnnInfinityForce
5,EUW1_5972963554,TFT6_Augment_BandOfThieves2,TFT6_Augment_CyberneticImplants1,TFT6_Augment_SecondWind2,1.0,,,1.0,,1.0,,,,,3.0,,0.0,,,,1.0,,,,,,,1.0,1.0,,0.0,,,,,,,,,,,,,,,,,,,,,,,,,,,,,,,,,,,,,,,,,,,,,,,,,,,,,,,,,,,,,,,,,,2.0,ThiefsGloves,RunaansHurricane,SeraphsEmbrace,,,,,,,,,,,,,,,,,,,,,,,,,,,,,,,,,,,,,,,,,,,,,,,,,,,,,,,,,1.0,ThiefsGloves,InfinityEdge,MadredsBloodrazor,,,,,2.0,ThiefsGloves,GiantsBelt,RedBuff,,,,,1.0,GargoyleStoneplate,,,,,,,,,,,1.0,FrozenHeart,,,,,,,,,,,,,,,,,,,,,,,,,,,,,,,2.0,FrozenHeart,LastWhisper,,,,,,,,,,,,None,None,,,,,2.0,TearOfTheGoddess,,,,,,,,,,,,,,,2.0,Quicksilver,GuinsoosRageblade,MadredsBloodrazor,,,,,,,,,,,,
3,EUW1_5972963554,TFT6_Augment_MaxLevel10,TFT6_Augment_Diversify1,TFT7_Augment_BestFriends2,0.0,,1.0,1.0,,,1.0,1.0,,,2.0,,0.0,,0.0,0.0,2.0,,,1.0,,,,1.0,1.0,,1.0,,,,,,,,,,,,,,,,,,,,,,2.0,,,,,,,,,,,,,,,,,,,,,,,,,,,,,,,,,,,,2.0,BFSword,,,,,,,,,,,,,,,,,,,,,,,,,,,,,,,,,,,,,,,,,,,,,,,,,,,,,,,,,,,,,,,,,,,2.0,,,,,,,,,,,,,,,,,,,,,,,,,,,,2.0,,,,2.0,DragonmancerEmblemItem,RabadonsDeathcap,,,,,,,,,,,,,,2.0,Zephyr,,,,,,,,,,,2.0,FrozenHeart,,,,,,,,,,,,,None,None,,,,,,,,,,,,,,,,,,,,,2.0,GuinsoosRageblade,MadredsBloodrazor,Quicksilver,2.0,SeraphsEmbrace,,,,,,,,,,
4,EUW1_5972963554,TFT7_Augment_GuildEmblem2,TFT6_Augment_Diversify1,TFT6_Augment_ThrillOfTheHunt2,,,,,,2.0,,,,,4.0,0.0,,1.0,,,0.0,,0.0,,0.0,1.0,1.0,1.0,,,,,,,,,,,,,,,,,,,,,,,,,,,,,,,,,,,,,,,,,,,,,,,,,,,,,,,,,,,,,,,,,,,,,2.0,Quicksilver,Shroud,,,,,,,,,,,,,,,,,,,,,,,,,,,,,,2.0,,,,,,,,,,,,,,,,,,,,,,,,,,,,,,,,,,,,,,,,2.0,SpearOfShojin,RabadonsDeathcap,MadredsBloodrazor,2.0,GargoyleStoneplate,FrozenHeart,,,,,,,,,,,,,,,,,,,,,,,,,,2.0,,,,,,,,,,,,,,,,,,,,,,,,,,,,,,None,None,,,,,2.0,,,,,,,,,,,,,,,,2.0,UnstableConcoction,GuildEmblemItem,MadredsBloodrazor,,,,,,,,,1.0,Zephyr,,
1,EUW1_5972963554,TFT7_Augment_MageEmblem2,TFT6_Augment_CyberneticUplink1,TFT6_Augment_SecondWind2,0.0,0.0,1.0,1.0,,,,,1.0,,3.0,,,3.0,,2.0,,0.0,,,0.0,1.0,,,,0.0,,0.0,,,,,,,,,,,,,,,,,,,,,1.0,,,,,,,,,,,,,,,,,,,,,,,,,,,,,,,,,,,,,,,,,,,,,,,,,,,,3.0,MageEmblemItem,Quicksilver,IonicSpark,,,,,,,,,,,,,,,,,,,,,,,,,2.0,MageEmblemItem,,,3.0,ThiefsGloves,Redemption,LastWhisper,,,,,,,,,,,,,,,,,,,,,,,,,,,,,2.0,RecurveBow,,,,,,,,,,,,,,,,,,,,,,,,,,,2.0,MageEmblemItem,SeraphsEmbrace,,,,,,,,,,2.0,RedBuff,GargoyleStoneplate,IonicSpark,,,,,1.0,Shroud,,,,,,,,,,,,,None,None,,,,,,,,,,,,,,,,,,,,,,,,,,,,,,,,,2.0,SpearOfShojin,Redemption,ArchangelsStaff
7,EUW1_5972963554,TFT7_Augment_BestFriends3,TFT6_Augment_Diversify1,TFT6_Augment_PortableForge,1.0,,,1.0,,1.0,,,,,3.0,,0.0,,,,1.0,,,,,,,1.0,1.0,,0.0,,,,,,,,,,,,,,,,,,,,,,,,,,,,,,,,,,,,,,,,,,,,,,,,,,,,,,,,,,,,,,,,,,1.0,,,,,,,,,,,,,,,,,,,,,,,,,,,,,,,,,,,,,,,,,,,,,,,,,,,,,,,,,,,,1.0,OrnnAnimaVisage,WarmogsArmor,GargoyleStoneplate,,,,,1.0,TearOfTheGoddess,,,,,,,2.0,,,,,,,,,,,,2.0,,,,,,,,,,,,,,,,,,,,,,,,,,,,,,,,2.0,LastWhisper,RedBuff,,,,,,,,,,,,None,None,,,,,1.0,,,,,,,,,,,,,,,,1.0,GuinsoosRageblade,Quicksilver,MadredsBloodrazor,,,,,,,,,,,,
8,EUW1_5972963554,TFT6_Augment_ForceOfNature,TFT7_Augment_BruiserTrait,TFT6_Augment_PortableForge,,,1.0,1.0,1.0,,,,1.0,,1.0,,,1.0,,1.0,,1.0,,,0.0,1.0,,,,2.0,,0.0,,,,,,,,,,,,,,,,,,,,,1.0,,,,,,,,2.0,MadredsBloodrazor,InfinityEdge,,,,,,,,,,,,,,,,,,,,,,,,,,,,,,,,,,,,,,2.0,,,,,,,,,,,,,,,,,,,,,,,,,,,,,,,,2.0,,,,,,,,,,,,,,,,,,,,,,,,,,,,,,,,,,,,,,,,,,,,,,,,,,,,,,,,,,,,,,,,1.0,,,,,,,,,,,,2.0,Redemption,GargoyleStoneplate,GargoyleStoneplate,,,,,,,,,,,,,,,,,3.0,TrainerSnax,None,None,2.0,,,,,,,,,,,,,,,,,,,,,,,,,,,,,,,,1.0,SpearOfShojin,OrnnZhonyasParadox,
6,EUW1_5972963554,TFT7_Augment_RevelEmblem2,TFT6_Augment_Electrocharge1,TFT6_Augment_JeweledLotus,0.0,,,1.0,1.0,,1.0,,0.0,,,,0.0,,1.0,,,4.0,,,,,,,1.0,,,,,,,,,,,,,,,,,,,,,,,,,,,,,,,,2.0,MadredsBloodrazor,Bloodthirster,,,,,,2.0,RevelEmblemItem,ArchangelsStaff,StatikkShiv,,,,,,,,,,,,,,,,,,,,,,,,,,,,,,,,,,,,,2.0,LocketOfTheIronSolari,,,,,,,,,,,,,,,,,,,,,,,,,,,,,,,,,,,,,,,,,,,,,,,1.0,WarmogsArmor,FrozenHeart,Morellonomicon,,,,,1.0,,,,,,,,,,,,,,,,,,,,,,,,,,,,,,,,1.0,NegatronCloak,,,,,,,,,,,,,,,2.0,ThiefsGloves,NegatronCloak,UnstableConcoction,,,,,,,,,,,,,,,None,None,,,,,,,,,,,,,,,,,,,,,,,,,,,,,,,,,,,,
3,EUW1_5972759305,TFT7_Augment_CavalierEmblem,TFT6_Augment_RichGetRicherPlus,TFT6_Augment_ThrillOfTheHunt2,1.0,,1.0,0.0,,3.0,,0.0,,,4.0,,,,0.0,0.0,1.0,,,,,,,1.0,0.0,,1.0,,,,,,,,,,,,,,,,,,,,,,2.0,,,,,,,,,,,,,,,,,,,,,,,,,,,,,,,,,,,,,,,,,,,,2.0,ThiefsGloves,IonicSpark,IonicSpark,,,,,,,,,,,,,,,,,,,,,,,,,,,,,,,,,,,,,,,,,,,,,,,,,,,,,,,,,,,,,,,,,2.0,,,,,,,,2.0,,,,,,,,,,,,2.0,CavalierEmblemItem,RedBuff,,,,,,,,,,,,,,,,,,,,,,,,,,,,,,2.0,CavalierEmblemItem,GuardianAngel,RunaansHurricane,,,,,,,,,,,None,None,,,,,1.0,,,,,,,,,,,,,,,,2.0,Quicksilver,MadredsBloodrazor,GuinsoosRageblade,2.0,HextechGunblade,Quicksilver,,,,,,,,,
1,EUW1_5972759305,TFT6_Augment_PortableForge,TFT7_Augment_BestFriends2,TFT6_Augment_CelestialBlessing2,,,,,2.0,,,,1.0,1.0,,,,0.0,,0.0,,3.0,0.0,,,,,,,2.0,,0.0,,,,,,,,,,,,,,,,,,,,,,,,,3.0,OrnnEternalWinter,GargoyleStoneplate,RedBuff,1.0,,,,,,,,,,,,,,,,,,,,,,,,,,,,,,,,,,,,,,,,1.0,,,,,,,,3.0,UnstableConcoction,RunaansHurricane,,,,,,,,,,,,,,,,,,,,,,2.0,PowerGauntlet,ZekesHerald,,,,,,,,,,,,,,,,,,,,,,,,,,,,,,,,,,,,,,,,,,,,,,,,,,,,,,,,,,,,,,2.0,,,,,,,,,,,,,,,,,,,,,,,,,,,,3.0,RevelEmblemItem,,,4.0,TrainerSnax,None,None,3.0,MadredsBloodrazor,MadredsBloodrazor,GuinsoosRageblade,,,,,,,,,,,,,,,,,,,,,,,,,,,,,,,,
8,EUW1_5972759305,TFT6_Augment_TradeSector,TFT6_Augment_Electrocharge2,TFT6_Augment_SunfireBoard,,0.0,,1.0,,,,,0.0,,1.0,,,1.0,,0.0,,,,,,,,,,1.0,,0.0,,,,,,,,,,,,,,,,,,,,,,,,,,,,,,,,,,,,,,,,,,,,,,,,,,,,,,,,,,,,,,,,,,,,,2.0,,,,2.0,,,,,,,,,,,,,,,,,,,,,,,,,,,,2.0,,,,2.0,,,,,,,,,,,,,,,,,,,,,,,,,,,,,,,,2.0,ArchangelsStaff,MadredsBloodrazor,SpearOfShojin,,,,,,,,,,,,,,,,,,,,,,,,,,,,,,,,,,,,,1.0,FrozenHeart,ChainVest,,,,,,,,,,,,,,,,,,2.0,TrainerSnax,None,None,,,,,,,,,,,,,2.0,,,,,,,,,,,,,,,,,,,,,,,
5,EUW1_5972759305,TFT6_Augment_LudensEcho2,TFT7_Augment_FirstAidKit2,TFT6_Augment_Diversify2,,0.0,1.0,1.0,,,,,0.0,,2.0,,,2.0,,2.0,,,,,0.0,1.0,,,,1.0,,0.0,,,,,,,,,,,,,,,,,,,,,1.0,,,,,,,,,,,,,,,,,,,,,,,,,,,,,,,,,,,,,,,,,,,,,,,,1.0,,,,2.0,ThiefsGloves,GiantsBelt,RedBuff,,,,,,,,,,,,,,,,,,,,,,,,,2.0,PowerGauntlet,,,3.0,,,,,,,,,,,,,,,,,,,,,,,,,,,,,,,,2.0,SpearOfShojin,JeweledGauntlet,HextechGunblade,,,,,,,,,,,,,,,,,,,,,,,,,,,,,,,,,,,,,2.0,RedBuff,DragonsClaw,PowerGauntlet,,,,,,,,,,,,,,,,,2.0,TrainerSnax,None,None,,,,,,,,,,,,,,,,,,,,,,,,,,,,,,,,,1.0,Morellonomicon,,
7,EUW1_5972759305,TFT7_Augment_EvokerEmblem,TFT7_Augment_EvokerEssenceTheft,TFT6_Augment_ThrillOfTheHunt2,,,1.0,1.0,,,1.0,,1.0,,2.0,,0.0,1.0,,1.0,,,,,,,,,2.0,1.0,,0.0,,,,,,,,,1.0,ArchangelsStaff,MadredsBloodrazor,EvokerEmblemItem,,,,,,,,,1.0,,,,,,,,,,,,,,,,,,,,,,,,,,,,,,,,,,,,,,,,,,,,,,,,1.0,,,,,,,,,,,,,,,,,,,,,,,,,,,,,,,,2.0,LocketOfTheIronSolari,,,,,,,,,,,,,,,,,,,,,,,2.0,RedBuff,IonicSpark,,,,,,,,,,2.0,SpearOfShojin,,,,,,,,,,,,,,,,,,,,,,,,,,,,,,,,,,,,,,,2.0,,,,,,,,,,,,,,,,,,,,3.0,TrainerSnax,None,None,,,,,,,,,,,,,,,,,,,,,,,,,,,,,,,,,,,,
4,EUW1_5972759305,TFT7_Augment_RagewingScorch,TFT7_Augment_RagewingTantrum,TFT7_Augment_RagewingEmblem,1.0,,,1.0,,0.0,,0.0,,,2.0,,0.0,,,,2.0,,,0.0,,,,1.0,1.0,,0.0,,,,,,,,,,,,,,,,,,,,,,,,,,,,,,,,,,,,,,,,,,,,,,,,,,,,,,,,,,,,,,,,,,2.0,Zephyr,SeraphsEmbrace,,,,,,,,,,,,,,,,,,,,,,,,,,,,,,,,,,,,,,,,,,,,,,,,,,,,,,,,,,2.0,DragonsClaw,RagewingEmblemItem,RedBuff,,,,,2.0,,,,,,,,,,,,,,,,,,,,2.0,ChainVest,,,,,,,,,,,,,,,,,,,2.0,,,,,,,,,,,,2.0,FrozenHeart,RagewingEmblemItem,,,,,,,,,,,,None,None,,,,,2.0,,,,,,,,,,,,,,,,2.0,GuinsoosRageblade,Quicksilver,MadredsBloodrazor,,,,,,,,,,,,
6,EUW1_5972759305,TFT6_Augment_MetabolicAccelerator,TFT7_Augment_LastStand,TFT6_Augment_BlueBattery2,,,,,,,1.0,1.0,,,,1.0,,,,,1.0,,,2.0,,,,0.0,,,,,,,,,,,,,,,,,2.0,RecurveBow,,,,,,,,,,,,,,,,,,,,,,,,,,,,,,,,,,,,,,,,,,,,,,,2.0,,,,,,,,,,,,,,,,,,,,,,,,,,,,,,,,,,,,,,,,,,,,,,,,1.0,RedBuff,IonicSpark,BrambleVest,,,,,,,,,,,,,,,,,,,,,,,,,,,,,,,,,,,,,2.0,,,,,,,,2.0,ThiefsGloves,GiantsBelt,SeraphsEmbrace,,,,,,,,,,,,,2.0,ArchangelsStaff,GuinsoosRageblade,StatikkShiv,,,,,,,,,,,,,,,,,,,,,,,None,None,,,,,,,,,,,,,,,,,,,,,,,,,,,,,,,,,,,,
2,EUW1_5972759305,TFT7_Augment_AstralIntercosmicGifts,TFT6_Augment_TradeSectorPlus,TFT6_Augment_TargetDummies,,2.0,,1.0,,,1.0,,1.0,,,,,2.0,,1.0,,,,,0.0,1.0,,,,1.0,,0.0,,,,,,,,,,,,,,,,,2.0,HextechGunblade,MageEmblemItem,,,,,,,,,,,,,,,,,,,,,,,,,,,,,,,,,,,,,,,,,,,,,,,,,,2.0,,,,2.0,TitanicHydra,RedBuff,GargoyleStoneplate,,,,,,,,,,,,,,,,,,,,,,,,,1.0,,,,3.0,StatikkShiv,ArchangelsStaff,SpearOfShojin,,,,,,,,,,,,,,,,,,,,,,,,,,,,,,,,,,,,,,,,,,,,,,,,,,,,,,,,,,,,,,,,,,,,,1.0,FrozenHeart,,,,,,,,,,,,,,,,,,,3.0,TrainerSnax,None,None,,,,,,,,,,,,,2.0,LocketOfTheIronSolari,Shroud,,,,,,,,,,,,,,,,,,2.0,ThiefsGloves,PowerGauntlet,FrozenHeart
1,EUW1_5972809811,TFT6_Augment_CalculatedLoss,TFT6_Augment_LudensEcho3,TFT6_Augment_Ascension,,0.0,1.0,1.0,,0.0,1.0,,0.0,,1.0,,,2.0,,2.0,,,0.0,,0.0,1.0,,,,1.0,,2.0,,,,,,,,,,,,,,,,,,,,,2.0,ThiefsGloves,IonicSpark,Deathblade,,,,,,,,,,,,,,,,,,,,,,,,,2.0,UnstableConcoction,UnstableConcoction,MadredsBloodrazor,,,,,,,,,,,,,,,,,2.0,ZekesHerald,,,,,,,,,,,,,,,,,,,,,,,,,,,1.0,,,,2.0,,,,3.0,Chalice,SpearOfShojin,RabadonsDeathcap,,,,,,,,,,,,,,,,,,,,,,,,,,,,,,,,,,,,,,,,,,,,,,,,,,,,,,,,,,,,,,,,,,,,,2.0,WarmogsArmor,Morellonomicon,,,,,,,,,,,,,,,,,,4.0,TrainerSnax,None,None,,,,,,,,,,,,,,,,,,,,,,,,,,,,,,,,,1.0,,,
2,EUW1_5972809811,TFT7_Augment_AstralIntercosmicGifts,TFT6_Augment_HighEndShopping,TFT6_Augment_CyberneticUplink2,,0.0,,1.0,,,1.0,,0.0,,,,0.0,2.0,,1.0,,,,,0.0,1.0,,,2.0,1.0,,0.0,,,,,,,,,2.0,ArchangelsStaff,ArchangelsStaff,SpearOfShojin,,,,,,,,,,,,,,,,,,,,,,,,,,,,,,,,,,,,,,,,,,,,,,,,,,,,,,,,,1.0,,,,,,,,,,,,,,,,,,,,,,,,,,,,,,,,2.0,PowerGauntlet,MageEmblemItem,,3.0,RabadonsDeathcap,,,,,,,,,,,,,,,,,,,1.0,,,,,,,,,,,,,,,,,,,,,,,,,,,,,,,,,,,,,,,,,,,,,,,,,,,,2.0,IonicSpark,RedBuff,FrozenHeart,,,,,,,,,,,,,,,,,3.0,TrainerSnax,None,None,,,,,,,,,,,,,,,,,,,,,,,,,,,,,,,,,2.0,Quicksilver,GuinsoosRageblade,
6,EUW1_5972809811,TFT6_Augment_Electrocharge2,TFT6_Augment_CyberneticShell3,TFT6_Augment_Diversify2,1.0,,1.0,1.0,,0.0,,,,,3.0,,0.0,,,0.0,1.0,,,,,,,1.0,1.0,,0.0,,,,,,,,,,,,,,,,,,,,,,1.0,,,,,,,,,,,,,,,,,,,,,,,,,,,,,,,,,,,,,,,,,,,,2.0,GiantsBelt,SeraphsEmbrace,,,,,,,,,,,,,,,,,,,,,,,,,,,,,,,,,,,,,,,,,,,,,,,,,,,,,,,,,,2.0,SparringGloves,RedBuff,,,,,,1.0,,,,,,,,,,,,,,,,,,,,2.0,NegatronCloak,,,,,,,,,,,,,,,,,,,,,,,,,,,,,,,2.0,NeedlesslyLargeRod,FrozenHeart,,,,,,,,,,,,None,None,,,,,2.0,,,,,,,,,,,,,,,,2.0,MadredsBloodrazor,GuinsoosRageblade,RunaansHurricane,,,,,,,,,,,,
5,EUW1_5972809811,TFT6_Augment_TrueTwos,TFT6_Augment_BandOfThieves2,TFT6_Augment_ComponentGrabBag,1.0,,1.0,1.0,,0.0,,,,,3.0,,0.0,,,0.0,1.0,,,,,,,1.0,1.0,,0.0,,,,,,,,,,,,,,,,,,,,,,1.0,SeraphsEmbrace,,,,,,,,,,,,,,,,,,,,,,,,,,,,,,,,,,,,,,,,,,,2.0,ThiefsGloves,LocketOfTheIronSolari,GargoyleStoneplate,,,,,,,,,,,,,,,,,,,,,,,,,,,,,,,,,,,,,,,,,,,,,,,,,,,,,,,,,2.0,DragonsClaw,WarmogsArmor,RedBuff,,,,,2.0,FrozenHeart,ChainVest,,,,,,,,,,,,,,,,,,2.0,ThiefsGloves,GuinsoosRageblade,Quicksilver,,,,,,,,,,,,,,,,,,,,,,,,,,,,,2.0,ThiefsGloves,GiantsBelt,Redemption,,,,,,,,,,,None,None,,,,,2.0,,,,,,,,,,,,,,,,2.0,MadredsBloodrazor,GuinsoosRageblade,Quicksilver,,,,,,,,,,,,
3,EUW1_5972809811,TFT6_Augment_TargetDummies,TFT6_Augment_Diversify3,TFT6_Augment_CelestialBlessing2,,1.0,,1.0,,,,,0.0,,2.0,,,1.0,,1.0,,,,,,,,1.0,,1.0,,0.0,,,,,,,,,,,,,,,,,,,,,,,,,,,,,,,,,,,,,,,,,,,,,,,,,,,,,,,,,,,,,,,,,,,,,2.0,,,,3.0,TitanicHydra,RedBuff,,,,,,,,,,,,,,,,,,,,,,,,,,2.0,PowerGauntlet,,,2.0,,,,,,,,,,,,,,,,,,,,,,,,,,,,,,,,2.0,SpearOfShojin,,,,,,,,,,,,,,,,,,,,,,,,,,,,,,,,,,,,,,,2.0,TitanicHydra,,,,,,,,,,,,,,,,,,,3.0,TrainerSnax,None,None,,,,,1.0,BFSword,,,3.0,GuinsoosRageblade,Deathblade,RunaansHurricane,,,,,,,,,,,,,,,,,,,,,,,,
4,EUW1_5972809811,TFT7_Augment_GadgetExpert,TFT6_Augment_CelestialBlessing3,TFT7_Augment_CannoneerHotShot,,,,,1.0,,1.0,,1.0,1.0,,0.0,,,,0.0,,1.0,,,1.0,,1.0,,,1.0,,0.0,,,,,,,,,,,,,,,,,,,,,,,,,,,,,2.0,MadredsBloodrazor,GuinsoosRageblade,RunaansHurricane,,,,,,,,,2.0,Redemption,Redemption,GargoyleStoneplate,,,,,,,,,,,,,,,,,,,,,,,,,,,,,,,,,,,,,,,,,,,,,,,,,,,,,,,,,2.0,,,,,,,,,,,,,,,,,,,,,,,,,,,,,,,,,,,,,,,,,,,,,,,,,,,,,,,,,,,,,,,,2.0,Chalice,,,2.0,ThiefsGloves,BFSword,ZekesHerald,,,,,,,,,,,,,,,,,,,,,1.0,WarmogsArmor,,,3.0,TrainerSnax,None,None,2.0,StatikkShiv,StatikkShiv,ShimmerscaleGamblersBlade,,,,,,,,,,,,,,,,,,,,,,,,,,,,,,,,
7,EUW1_5972809811,TFT6_Augment_HyperRoll,TFT6_Augment_Meditation3,TFT6_Augment_Meditation2,,1.0,,1.0,,,,,1.0,,1.0,,,2.0,,1.0,,0.0,,,,,,,,1.0,,0.0,,,,,,,,,,,,,,,,,,,,,,,,,,,,,,,,,,,,,,,,,,,,,,,,,,,,,,,,,,,,,,,,,,,,,2.0,,,,2.0,,,,,,,,,,,,,,,,,,,,,,,,,,,,2.0,,,,2.0,,,,,,,,,,,,,,,,,,,,,,,,,,,,,,,,2.0,UnstableConcoction,MadredsBloodrazor,SpearOfShojin,,,,,,,,,,,,,,,,,,,,,,,,,2.0,,,,,,,,,,,,2.0,WarmogsArmor,IonicSpark,FrozenHeart,,,,,,,,,,,,,,,,,2.0,TrainerSnax,None,None,,,,,,,,,,,,,2.0,,,,,,,,,,,,,,,,,,,,,,,
8,EUW1_5972809811,TFT6_Augment_CyberneticShell2,TFT6_Augment_VerdantVeil,TFT6_Augment_JeweledLotus,,,,,1.0,,1.0,,1.0,0.0,,1.0,,,,1.0,,2.0,0.0,,,,,,,0.0,,,,,,,,,,,,,,,,,,,,,,,,,,,1.0,,,,1.0,UnstableConcoction,MadredsBloodrazor,,,,,,,,,,,,,,2.0,DragonsClaw,GiantsBelt,UnstableConcoction,,,,,,,,,,,,,,,,,,,,,,,,,,,,,2.0,,,,,,,,,,,,,,,,,,,,,,,,1.0,,,,,,,,,,,,,,,,,,,,,,,,,,,,,,,,,,,,,,,,,,,,,,,,,,,,,,,,,,,,,,,,2.0,,,,,,,,,,,,,,,,,,,,,,,,,,,,,,,,,,None,None,,,,,,,,,,,,,,,,,,,,,,,,,,,,,,,,,,,,
6,EUW1_5970890520,TFT6_Augment_PortableForge,TFT7_Augment_BestFriends2,TFT7_Augment_EvokerEmblem,,,,,0.0,,1.0,,2.0,1.0,,0.0,0.0,,,0.0,,1.0,0.0,,,,,,1.0,0.0,,0.0,,,,,1.0,,,,1.0,GuardianAngel,ArchangelsStaff,EvokerEmblemItem,,,,,,,,,,,,,1.0,OrnnEternalWinter,RedBuff,WarmogsArmor,1.0,InfinityEdge,StatikkShiv,RecurveBow,,,,,,,,,,,,,,,,,,,,,,,,,,,,,,,,,,,,,,,,,,,,,,,,,,,,,,,,,,,,,,,,,,,,,2.0,,,,,,,,,,,,,,,,,,,,,,,,,,,,,,,,,,,,,,,,,,,,,,,,,,,,,,,,,,,,,,,,1.0,,,,,,,,,,,,,,,,,,,,,,,,,,,,2.0,IonicSpark,,,,,None,None,,,,,,,,,,,,,,,,,,,,,,,,,,,,,,,,,,,,
4,EUW1_5970890520,TFT6_Augment_CyberneticShell2,TFT7_Augment_LastStand,TFT6_Augment_ComponentGrabBag,,,1.0,,2.0,,1.0,,1.0,0.0,1.0,,,,,1.0,,2.0,,,1.0,,,,,1.0,,,,,,,,,,,,,,,,,,,,,,,1.0,Chalice,Chalice,,,,,,2.0,GuinsoosRageblade,GuardianAngel,MadredsBloodrazor,,,,,,,,,2.0,ShimmerscaleDiamondHands,GargoyleStoneplate,WarmogsArmor,,,,,,,,,,,,,,,,,,,,,,,,,,,,,,,,,2.0,Shroud,,,,,,,,,,,,,,,,,,,,,,,2.0,,,,,,,,,,,,,,,,,,,,,,,,,,,,,,,,,,,,,,,,,,,,,,,,,,,,,,,,,,,,,,,,2.0,ArchangelsStaff,GuardianAngel,,,,,,,,,,,,,,,,,,,,,,,,,,,,,,3.0,TrainerSnax,None,None,2.0,SparringGloves,,,,,,,,,,,,,,,,,,,,,,,,,,,,,,,,,,
1,EUW1_5970890520,TFT6_Augment_TradeSector,TFT6_Augment_PortableForge,TFT6_Augment_SecondWind2,0.0,1.0,1.0,1.0,,,,,0.0,,2.0,,,1.0,,2.0,,,,,,,,1.0,,1.0,,1.0,,,,,,,,,,,,,,,,,,,,,1.0,,,,,,,,,,,,,,,,,,,,,,,,,,,,,,,,,,,,,,,,,,,,,,,,2.0,,,,3.0,Zephyr,RedBuff,,,,,,,,,,,,,,,,,,,,,,,,,,2.0,,,,3.0,ArchangelsStaff,StatikkShiv,GuinsoosRageblade,,,,,,,,,,,,,,,,,,,,,1.0,Chalice,,,,,,,,,,,,,,,,,,,,,,,,,,,,,,,,,,,,,,,,,,,,,,,3.0,TitansResolve,BrambleVest,DragonsClaw,,,,,,,,,,,,,,,,,3.0,TrainerSnax,None,None,,,,,2.0,,,,3.0,OrnnInfinityForce,GuinsoosRageblade,Deathblade,,,,,,,,,,,,,,,,,,,,,,,,
7,EUW1_5970890520,TFT7_Augment_SwiftshotEmblem,TFT6_Augment_BlueBattery2,TFT6_Augment_TargetDummies,0.0,1.0,,1.0,,,,,0.0,,,,,1.0,,1.0,,,,,,,,1.0,,1.0,,1.0,,,,,,,,,,,,,,,,,,,,,,,,,,,,,,,,,,,,,,,,,,,,,,,,,,,,,,,,,,,,,,,,,,,,,2.0,,,,2.0,,,,,,,,,,,,,,,,,,,,,,,,,,,,2.0,,,,3.0,SwiftshotEmblemItem,RecurveBow,,,,,,,,,,,,,,,,,,,,,,1.0,MageEmblemItem,HextechGunblade,,,,,,,,,,,,,,,,,,,,,,,,,,,,,,,,,,,,,,,,,,,,,,2.0,RedBuff,DragonsClaw,,,,,,,,,,,,,,,,,,2.0,TrainerSnax,None,None,,,,,,,,,3.0,MadredsBloodrazor,GuinsoosRageblade,Deathblade,,,,,,,,,,,,,,,,,,,,,,,,
2,EUW1_5970890520,TFT6_Augment_TrueTwos,TFT7_Augment_GuardianHeroicPresence,TFT7_Augment_MirageEmblem,,,,,,1.0,1.0,,,1.0,,0.0,,,4.0,,0.0,,,,,,1.0,,,,0.0,0.0,,,,,,,,,,,,,,,,,,,,,,,,,,,,,,,,,,,,,2.0,JeweledGauntlet,SpearOfShojin,UnstableConcoction,,,,,,,,,,,,,,,,,,,,,,,,,2.0,MirageEmblemItem,LocketOfTheIronSolari,,,,,,,,,,,,,,,,,,,,,,,,,,3.0,WarmogsArmor,RedBuff,,,,,,,,,,,,,,,,,,,,,,2.0,GuardianAngel,,,,,,,,,,,,,,,,,,,,,,,,,,,,,,,,,,,,,,,,,,,,,,,,,,,2.0,MirageEmblemItem,,,,,,,,,,,,,,,,,,,,,,,2.0,Shroud,,,,,None,None,,,,,,,,,,,,,,,,,,,,,,,,,,,,,2.0,GuardianAngel,InfinityEdge,TitansResolve,,,,
8,EUW1_5970890520,TFT7_Augment_AstralIntercosmicGifts,TFT6_Augment_SalvageBin,TFT7_Augment_DragonAlliance,,,,,,0.0,2.0,0.0,,1.0,,,,,3.0,,,,,,1.0,,,,,,0.0,,,,,,,,,,,,,,,,,,,,,,,,,,,,,,,,,,,,,,2.0,HextechGunblade,JeweledGauntlet,InfinityEdge,2.0,ShimmerscaleDeterminedInvestor,,,,,,,,,,,,,,,,,,,,,,,,,,,,,,,,,,,,,,,,,,,,,,,,,,,2.0,,,,,,,,,,,,,,,,,,,,,,,,2.0,IonicSpark,TitanicHydra,,,,,,,,,,,,,,,,,,,,,,,,,,,,,,,,,,,,,,,,,,,,,,,,,,,,,,,,,,,,,,,,,,,,,,,,,,,,,,,,None,None,,,,,,,,,,,,,,,,,,,,,,,,,1.0,Bloodthirster,InfinityEdge,RapidFireCannon,,,,,,,,
5,EUW1_5970890520,TFT6_Augment_Meditation2,TFT7_Augment_UrfsGrabBag1,TFT6_Augment_BlueBattery2,,0.0,,1.0,,0.0,,,,,1.0,,,3.0,,0.0,,,0.0,,0.0,1.0,,,,0.0,,0.0,,,,,,,,,,,,,,,,,,,,,,,,,,,,,,,,,,,,,,,,,,,,,,,,,,,,,,,,,,,,,,,,,,,,,2.0,,,,2.0,MageEmblemItem,TitansResolve,,,,,,,,,,,,,,,,,,,,,,3.0,TitanicHydra,TearOfTheGoddess,,,,,,3.0,,,,,,,,,,,,,,,,,,,,,,,,,,,,,,,,2.0,,,,,,,,,,,,,,,,,,,,,,,,,,,,,,,,,,,,,,,,2.0,IonicSpark,TitansResolve,TitansResolve,,,,,,,,,,,,,,,,,,,None,None,,,,,,,,,,,,,,,,,,,,,,,,,,,,,,,,,1.0,Chalice,SpearOfShojin,SpearOfShojin
3,EUW1_5970890520,TFT6_Augment_SalvageBin,TFT6_Augment_CelestialBlessing2,TFT6_Augment_CyberneticShell2,1.0,,,2.0,,,1.0,,,0.0,,,0.0,0.0,,,0.0,,,,,,,,1.0,,0.0,3.0,,,,,,,,,,,,,,,,,,,,,,,,,,,,,,,,,,,,,,,,,,,,,,,,,2.0,Bloodthirster,GuinsoosRageblade,TitansResolve,,,,,,,,,,,,,,,,,,,,,,,,,,,,,,,,,,,,,,,,,,,,,,,,,,,,,,,,,,,,,,,,,,,,,,,,,2.0,NeedlesslyLargeRod,BrambleVest,,1.0,InfinityEdge,MadredsBloodrazor,ArchangelsStaff,2.0,FrozenHeart,ZekesHerald,UnstableConcoction,,,,,,,,,,,,,,,,,2.0,ZekesHerald,,,,,,,,,,,,,,,,,,,,,,,2.0,Zephyr,,,,,,,,,,,,,,,2.0,,,,,,None,None,,,,,,,,,,,,,,,,,,,,,,,,,,,,,,,,,,,,
1,EUW1_5972146117,TFT7_Augment_AssassinEmblem2,TFT7_Augment_UrfsGrabBag2,TFT7_Augment_ThinkFast,3.0,,,2.0,,,,0.0,,,1.0,,0.0,0.0,0.0,,0.0,,1.0,,,,,,1.0,,1.0,1.0,,,,,,,,,,,,,,,,,,,,,,,,,,,,,,,,,3.0,HextechGunblade,InfinityEdge,IonicSpark,,,,,,,,,,,,,,,,,,,,,,,,,,,,,,,,,,,,,,,,,,,,,,,,,,,,,,,,,,,,,,,,,,,,,,,,,,,,,,,,,,,,,3.0,InfinityEdge,AssassinEmblemItem,RunaansHurricane,2.0,RedBuff,,,1.0,,,,2.0,,,,,,,,,,,,,,,,,,,,1.0,,,,,,,,,,,,,,,,,,,,,,,,2.0,AssassinEmblemItem,,,,,,,2.0,UnstableConcoction,RapidFireCannon,FrozenHeart,,,,,,,,,,,None,None,,,,,,,,,,,,,,,,,,,,,,,,,1.0,SeraphsEmbrace,Quicksilver,,,,,,,,,
7,EUW1_5972146117,TFT7_Augment_EvokerEmblem2,TFT7_Augment_TomeOfTraits2,TFT6_Augment_HighEndShopping,,0.0,1.0,1.0,,,1.0,,1.0,,1.0,,0.0,2.0,,2.0,,,,,,,,,2.0,1.0,,0.0,,,,,,,,,1.0,EvokerEmblemItem,SpearOfShojin,ArchangelsStaff,,,,,,,,,1.0,,,,,,,,,,,,,,,,,,,,,,,,,,,,,,,,,,,,,,,,,,,,,,,,1.0,Shroud,,,,,,,,,,,,,,,,,,,,,,,,,,,,,,,2.0,MageEmblemItem,,,1.0,ArchangelsStaff,HextechGunblade,,,,,,,,,,,,,,,,,,1.0,MageEmblemItem,,,,,,,,,,,,,,,,,,,,,,,,,,,,,,,,,,,,,,,,,,,,,,,,,,,1.0,DragonsClaw,WarmogsArmor,RedBuff,,,,,,,,,,,,,,,,,1.0,TrainerSnax,None,None,,,,,,,,,,,,,,,,,,,,,,,,,,,,,,,,,,,,
6,EUW1_5972146117,TFT7_Augment_CavalierEmblem2,TFT6_Augment_MaxLevel10,TFT6_Augment_RadiantRelics,1.0,,1.0,1.0,,1.0,,,,,3.0,,0.0,,,0.0,1.0,,,,,,,1.0,1.0,,0.0,,,,,,,,,,,,,,,,,,,,,,1.0,,,,,,,,,,,,,,,,,,,,,,,,,,,,,,,,,,,,,,,,,,,,2.0,,,,,,,,,,,,,,,,,,,,,,,,,,,,,,,,,,,,,,,,,,,,,,,,,,,,,,,,,,,,1.0,RedBuff,GargoyleStoneplateRadiant,,,,,,2.0,FrozenHeart,,,,,,,,,,,,,,,,,,,2.0,Shroud,GiantsBelt,,,,,,,,,,,,,,,,,,,,,,,,,,,,,,2.0,CavalierEmblemItem,Bloodthirster,InfinityEdge,,,,,,,,,,,None,None,,,,,2.0,,,,,,,,,,,,,,,,2.0,GuinsoosRageblade,Quicksilver,MadredsBloodrazor,,,,,,,,,,,,
5,EUW1_5972146117,TFT6_Augment_Featherweights3,TFT6_Augment_VerdantVeil,TFT7_Augment_UrfsGrabBag2,,1.0,,1.0,,,,,0.0,,,1.0,0.0,1.0,,,,,,2.0,,,,,,,,1.0,,,,,2.0,,,,,,,,,,,,,,,,,,,,,,,,,,,,,,,,,,,,,,,,,,,,,,,,2.0,,,,,,,,2.0,,,,,,,,,,,,,,,,,,,,,,,,,,,,,,,,,,,,,,,,,,,,,,,,1.0,MageEmblemItem,RabadonsDeathcap,Redemption,3.0,GuinsoosRageblade,MadredsBloodrazor,RunaansHurricane,,,,,,,,,,,,,,,,,,,,,,,,,,,,,,,,,,,,,,,,,,,,,3.0,RedBuff,,,,,,,,,,,,,,,1.0,,,,,,,,,,,,,,,,,,,,,,None,None,,,,,,,,,,,,,3.0,ThiefsGloves,BFSword,Bloodthirster,,,,,,,,,,,,,,,,,,,,
8,EUW1_5972146117,TFT7_Augment_LivingForge,TFT6_Augment_ThriftShop,TFT6_Augment_Diversify3,,,,,1.0,,1.0,,1.0,1.0,,,,,,0.0,,1.0,,,1.0,,,,,1.0,,0.0,,,,,,,,,,,,,,,,,,,,,,,,,,,,,1.0,GuinsoosRageblade,Deathblade,OrnnDeathsDefiance,,,,,,,,,2.0,OrnnAnimaVisage,WarmogsArmor,,,,,,,,,,,,,,,,,,,,,,,,,,,,,,,,,,,,,,,,,,,,,,,,,,,,,,,,,,2.0,,,,,,,,,,,,,,,,,,,,,,,,,,,,,,,,,,,,,,,,,,,,,,,,,,,,,,,,,,,,,,,,1.0,,,,,,,,,,,,,,,,,,,,,,,,,,,,2.0,ShimmerscaleDeterminedInvestor,,,1.0,TrainerSnax,None,None,2.0,StatikkShiv,StatikkShiv,,,,,,,,,,,,,,,,,,,,,,,,,,,,,,,,,
4,EUW1_5972146117,TFT7_Augment_WhispersEmblem2,TFT6_Augment_CelestialBlessing3,TFT6_Augment_ForceOfNature,1.0,,,1.0,,,1.0,,,,1.0,0.0,0.0,0.0,,,,,,1.0,,,,,1.0,,,3.0,,,,,,,,,,,,,,,,,,,,,,,,,,,,,,,,,,,,,,,,,,,,,,,,,1.0,TitansResolve,TitansResolve,TitansResolve,2.0,RabadonsDeathcap,TearOfTheGoddess,GuinsoosRageblade,,,,,,,,,,,,,,,,,,,,,,,,,,,,,,,,,,,,,,,,,,,,,,,,,,,,,2.0,,,,,,,,,,,,,,,,2.0,,,,,,,,2.0,,,,,,,,,,,,,,,,,,,,,,,,,,,,,,,,,,,,,,,,,,,,2.0,RedBuff,,,,,,,2.0,GuinsoosRageblade,TitansResolve,WhispersEmblemItem,,,,,,,,,,,None,None,,,,,,,,,,,,,,,,,,,,,,,,,,,,,,,,,,,,
2,EUW1_5972146117,TFT6_Augment_CyberneticUplink3,TFT7_Augment_ShimmerscaleTrait2,TFT7_Augment_BestFriends3,1.0,,,,1.0,,1.0,0.0,0.0,0.0,1.0,,0.0,0.0,,,0.0,2.0,,,4.0,1.0,,,,,,,,,,,,,,,,,,,,,,,,,,,,,,,,,,,2.0,TitansResolve,GuinsoosRageblade,ShimmerscaleDravensAxe,,,,,,,,,2.0,ShimmerscaleMogulsMail,ShimmerscaleDiamondHands,FrozenHeart,,,,,,,,,,,,,,,,,,,,,,,,,,,,,,,,,1.0,Chalice,ShimmerscaleEmblemItem,,,,,,2.0,,,,,,,,,,,,,,,,,,,,,,,,,,,,,,,,,,,,,,,,,,,,,,,,,,,,,,,,,,,,,,,,,,,,,,,,,,,,,,,,2.0,Quicksilver,ArchangelsStaff,ShimmerscaleCrownOfChampions,,,,,,,,,,,,,,,,,2.0,ShimmerscaleEmblemItem,,,,,,,,,,,,,None,None,,,,,,,,,,,,,,,,,2.0,RedBuff,DragonsClaw,,,,,,,,,,,,,,2.0,GuardianAngel,ShimmerscaleGamblersBlade,
3,EUW1_5972146117,TFT7_Augment_RevelEmblem2,TFT7_Augment_BestFriends3,TFT6_Augment_HighEndShopping,,,1.0,1.0,0.0,,1.0,0.0,1.0,,1.0,,,0.0,0.0,1.0,,3.0,,,,,,,1.0,0.0,0.0,0.0,,,,,,,,,1.0,GuinsoosRageblade,RevelEmblemItem,StatikkShiv,,,,,,,,,2.0,NeedlesslyLargeRod,,,,,,,1.0,,,,,,,,,,,,,,,,,,,,,,,,,,,,,,,,,,,,,,,,,,,,,,,,,,,,,,,,,,,,,,,,,,,,,,,,1.0,,,,,,,,,,,,,,,,,,,,,,,,,,,,,,,,,,,,,,,,,,,,,,,,,,,,,,,,,,,,,,,,2.0,JeweledGauntlet,InfinityEdge,UnstableConcoction,,,,,,,,,2.0,RedBuff,GargoyleStoneplate,,2.0,,,,,,,,,,,,,,,,,,None,None,,,,,,,,,,,,,,,,,,,,,,,,,2.0,InfinityEdge,UnstableConcoction,JeweledGauntlet,,,,,,,,
8,EUW1_5971912987,TFT6_Augment_CyberneticShell1,TFT7_Augment_MysticTrait,TFT6_Augment_BlueBattery2,,1.0,,1.0,,,,,0.0,,1.0,,,2.0,,2.0,,,,,,,,,,1.0,,0.0,,,,,,,,,,,,,,,,,,,,,,,,,,,,,,,,,,,,,,,,,,,,,,,,,,,,,,,,,,,,,,,,,,,,,2.0,,,,2.0,MageEmblemItem,,,,,,,,,,,,,,,,,,,,,,,,,,,1.0,BFSword,,,3.0,StatikkShiv,,,,,,,,,,,,,,,,,,,,,,,,,,,,,,,2.0,SpearOfShojin,ArchangelsStaff,Quicksilver,,,,,,,,,,,,,,,,,,,,,,,,,,,,,,,,,,,,,2.0,ThiefsGloves,GiantsBelt,DragonsClaw,,,,,,,,,,,,,,,,,2.0,TrainerSnax,None,None,,,,,,,,,,,,,2.0,RecurveBow,,,,,,,,,,,,,,,,,,,,,,
7,EUW1_5971912987,TFT7_Augment_CavalierTrait,TFT6_Augment_PandorasItems,TFT7_Augment_PandorasBench,0.0,,1.0,1.0,,2.0,,,,,4.0,,0.0,,,0.0,1.0,,,,,,,1.0,0.0,,0.0,,,,,,,,,,,,,,,,,,,,,,1.0,,,,,,,,,,,,,,,,,,,,,,,,,,,,,,,,,,,,,,,,,,,,1.0,Morellonomicon,,,,,,,,,,,,,,,,,,,,,,,,,,,,,,,,,,,,,,,,,,,,,,,,,,,,,,,,,,,1.0,GargoyleStoneplate,,,,,,,,,,,,,,,1.0,,,,,,,,,,,,1.0,,,,,,,,,,,,,,,,,,,,,,,,,,,,,,,,1.0,IonicSpark,,,,,,,,,,,,,None,None,,,,,2.0,ZekesHerald,,,,,,,,,,,,,,,2.0,MadredsBloodrazor,Quicksilver,GuinsoosRageblade,,,,,,,,,,,,
6,EUW1_5971912987,TFT6_Augment_SecondWind1,TFT6_Augment_ThrillOfTheHunt1,TFT6_Augment_JeweledLotus,,,,,2.0,,1.0,,1.0,0.0,,,,,,0.0,,2.0,,,1.0,,,,,1.0,,,,,,,,,,,,,,,,,,,,,,,,,,,,,,,1.0,LastWhisper,InfinityEdge,StatikkShiv,,,,,,,,,2.0,GargoyleStoneplate,GargoyleStoneplate,FrozenHeart,,,,,,,,,,,,,,,,,,,,,,,,,,,,,,,,,2.0,,,,,,,,,,,,,,,,,,,,,,,,2.0,,,,,,,,,,,,,,,,,,,,,,,,,,,,,,,,,,,,,,,,,,,,,,,,,,,,,,,,,,,,,,,,2.0,ShimmerscaleGoldmancersStaff,,,,,,,,,,,,,,,,,,,,,,,,,,,,,,,2.0,TrainerSnax,None,None,2.0,,,,,,,,,,,,,,,,,,,,,,,,,,,,,,,,,,,
1,EUW1_5971912987,TFT7_Augment_AFK,TFT6_Augment_SecondWind1,TFT6_Augment_PortableForge,1.0,,1.0,1.0,,1.0,,,,,4.0,,0.0,,,0.0,1.0,,,,,,,1.0,1.0,,0.0,,,,,,,,,,,,,,,,,,,,,,2.0,,,,,,,,,,,,,,,,,,,,,,,,,,,,,,,,,,,,,,,,,,,,2.0,Redemption,SeraphsEmbrace,,,,,,,,,,,,,,,,,,,,,,,,,,,,,,,,,,,,,,,,,,,,,,,,,,,,,,,,,,2.0,RedBuff,GargoyleStoneplate,,,,,,2.0,LastWhisper,,,,,,,2.0,,,,,,,,,,,,2.0,,,,,,,,,,,,,,,,,,,,,,,,,,,,,,,,2.0,InfinityEdge,MadredsBloodrazor,JeweledGauntlet,,,,,,,,,,,None,None,,,,,2.0,,,,,,,,,,,,,,,,2.0,OrnnTheCollector,GuinsoosRageblade,MadredsBloodrazor,,,,,,,,,,,,
5,EUW1_5971912987,TFT6_Augment_PandorasItems,TFT6_Augment_Diversify1,TFT6_Augment_Diversify2,1.0,,,1.0,,2.0,,,,,3.0,,0.0,,,,1.0,,,,,,,1.0,1.0,,0.0,,,,,,,,,,,,,,,,,,,,,,,,,,,,,,,,,,,,,,,,,,,,,,,,,,,,,,,,,,,,,,,,,,2.0,,,,,,,,,,,,,,,,,,,,,,,,,,,,,,,,,,,,,,,,,,,,,,,,,,,,,,,,,,,,1.0,,,,,,,,1.0,FrozenHeart,,,,,,,2.0,,,,,,,,,,,,2.0,RedBuff,CavalierEmblemItem,,,,,,,,,,,,,,,,,,,,,,,,,,,,,,1.0,MadredsBloodrazor,Quicksilver,MadredsBloodrazor,,,,,,,,,,,None,None,,,,,1.0,,,,,,,,,,,,,,,,2.0,UnstableConcoction,MadredsBloodrazor,GuinsoosRageblade,,,,,,,,,,,,
2,EUW1_5971912987,TFT6_Augment_CelestialBlessing1,TFT7_Augment_BestFriends1,TFT7_Augment_BestFriends2,0.0,,,1.0,,,1.0,1.0,,0.0,,,,0.0,0.0,,0.0,,,,,,,,0.0,,1.0,3.0,,,,,,,,,,,,,,,,,,,,,,,,,,,,,,,,,,,,,,,,,,,,,,,,,2.0,InfinityEdge,UnstableConcoction,MadredsBloodrazor,,,,,,,,,,,,,,,,,,,,,,,,,,,,,,,,,,,,,2.0,SpearOfShojin,,,,,,,,,,,,,,,,,,,,,,,,,,,,,,,,,,,,,,,1.0,Bloodthirster,InfinityEdge,DragonmancerEmblemItem,,,,,,,,,,,,,,,,,,,,,2.0,RedBuff,,,,,,,,,,,,,,,,,,,,,,,2.0,,,,,,,,,,,,,,,,2.0,,,,,,None,None,,,,,,,,,,,,,,,,,,,,,,,,,2.0,UnstableConcoction,MadredsBloodrazor,GuardianAngel,,,,,,,,
3,EUW1_5971912987,TFT6_Augment_Meditation1,TFT7_Augment_BestFriends1,TFT6_Augment_SecondWind2,,0.0,,1.0,,,1.0,,,,1.0,,0.0,2.0,,0.0,,,,,0.0,1.0,,,2.0,0.0,,0.0,,,,,,,,,1.0,MageEmblemItem,JeweledGauntlet,MadredsBloodrazor,,,,,,,,,,,,,,,,,,,,,,,,,,,,,,,,,,,,,,,,,,,,,,,,,,,,,,,,,2.0,Chalice,,,,,,,,,,,,,,,,,,,,,,,,,,,,,,,,,,,2.0,,,,,,,,,,,,,,,,,,,,2.0,TitanicHydra,TitanicHydra,,,,,,,,,,2.0,,,,,,,,,,,,,,,,,,,,,,,,,,,,,,,,,,,,,,,,2.0,TitansResolve,WarmogsArmor,RedBuff,,,,,,,,,,,,,,,,,,,None,None,,,,,,,,,,,,,,,,,,,,,,,,,,,,,,,,,1.0,,,
4,EUW1_5971912987,TFT7_Augment_BandOfThieves1,TFT6_Augment_Weakspot,TFT7_Augment_DragonHorde,,,,1.0,,,2.0,,,,,2.0,,0.0,,0.0,,,,1.0,,,1.0,,,,,2.0,,,,,,,,,,,,,,,,,,,,,,,,,,,,,,,,,,,,,,,,,,,,,2.0,Bloodthirster,MadredsBloodrazor,GuardianAngel,2.0,GuinsoosRageblade,Bloodthirster,Quicksilver,,,,,,,,,2.0,Shroud,,,,,,,,,,,,,,,,,,,,,,,,,,,,,,,,,,,,,,,,,,,,,,,2.0,ThiefsGloves,NeedlesslyLargeRod,ArchangelsStaff,,,,,,,,,,,,,,,,,,,,,,,,,,,,,,,,,,,,,,,,,,,,,,,,,,,,,,,,,1.0,,,,,,,,1.0,LocketOfTheIronSolari,GiantsBelt,Redemption,,,,,,,,,,,,,,,,,,,None,None,,,,,,,,,,,,,,,,,,,,,,,,,,,,,,,,,,,,
8,EUW1_5971818009,TFT7_Augment_AssassinEmblem,TFT6_Augment_MakeshiftArmor2,TFT7_Augment_BruiserEmblem,1.0,0.0,,3.0,,,1.0,,,,,,,0.0,,,0.0,,0.0,,,,,,,,1.0,2.0,,,,,,,,,,,,,,,,,,,,,,,,,,,,,,,,,2.0,IonicSpark,BruiserEmblemItem,FrozenHeart,,,,,,,,,,,,,1.0,AssassinEmblemItem,TitansResolve,InfinityEdge,,,,,,,,,,,,,,,,,,,,,2.0,,,,,,,,,,,,,,,,,,,,,,,,,,,,,,,,,,,,,,,,,,,,,,,,2.0,InfinityEdge,UnstableConcoction,,,,,,,,,,,,,,,,,,,,,,,,,,,,,,2.0,,,,,,,,,,,,,,,,,,,,,,,,1.0,,,,,,,,,,,,,,,,,,,,,,None,None,,,,,,,,,,,,,,,,,,,,,,,,,,,,,,,,,,,,
2,EUW1_5971818009,TFT7_Augment_CavalierEmblem,TFT6_Augment_SunfireBoard,TFT6_Augment_CyberneticImplants2,1.0,,1.0,1.0,,2.0,1.0,0.0,,,2.0,,0.0,,,0.0,0.0,,,,,,,,3.0,,0.0,,,,,,,,,,1.0,GuinsoosRageblade,MadredsBloodrazor,,,,,,,,,,2.0,RecurveBow,,,,,,,,,,,,,,,,,,,,,,,,,,,,,,,,,,,,,,,,,,,2.0,Redemption,,,,,,,,,,,,,,,,,,,,,,,1.0,TitanicHydra,,,,,,,,,,,,,,,,,,,,,,,,,,,,,,,,,,,2.0,CavalierEmblemItem,WarmogsArmor,,,,,,2.0,PowerGauntlet,,,,,,,,,,,,,,,,,,,2.0,IonicSpark,,,,,,,,,,,,,,,,,,,,,,,,,,,,,,,2.0,CavalierEmblemItem,InfinityEdge,Quicksilver,,,,,,,,,,,None,None,,,,,,,,,,,,,,,,,,,,,,,,,,,,,,,,,,,,
4,EUW1_5971818009,TFT6_Augment_Ascension,TFT6_Augment_RichGetRicherPlus,TFT6_Augment_SecondWind2,,0.0,,1.0,,,,,0.0,,1.0,,,2.0,,1.0,,,,,0.0,1.0,,,,1.0,,0.0,,,,,,,,,,,,,,,,,,,,,,,,,,,,,,,,,,,,,,,,,,,,,,,,,,,,,,,,,,,,,,,,,,,,,1.0,,,,3.0,,,,,,,,,,,,,,,,,,,,,,,,,,,,2.0,,,,3.0,ArchangelsStaff,StatikkShiv,RunaansHurricane,,,,,,,,,,,,,,,,,,,,,,,,,,,,,2.0,SpearOfShojin,JeweledGauntlet,Quicksilver,,,,,,,,,,,,,,,,,,,,,,,,,,,,,,,,,,,,,3.0,TitansResolve,RedBuff,GargoyleStoneplate,,,,,,,,,,,,,,,,,3.0,TrainerSnax,None,None,,,,,,,,,,,,,,,,,,,,,,,,,,,,,,,,,1.0,,,
5,EUW1_5971818009,TFT6_Augment_SecondWind2,TFT6_Augment_TomeOfTraits1,TFT6_Augment_MakeshiftArmor2,1.0,,1.0,1.0,,0.0,,,,,4.0,,0.0,,,0.0,1.0,,,,,,,1.0,1.0,,0.0,,,,,,,,,,,,,,,,,,,,,,1.0,,,,,,,,,,,,,,,,,,,,,,,,,,,,,,,,,,,,,,,,,,,,1.0,,,,,,,,,,,,,,,,,,,,,,,,,,,,,,,,,,,,,,,,,,,,,,,,,,,,,,,,,,,,2.0,RedBuff,LocketOfTheIronSolari,GargoyleStoneplate,,,,,2.0,,,,,,,,,,,,,,,,,,,,2.0,,,,,,,,,,,,,,,,,,,,,,,,,,,,,,,,1.0,FrozenHeart,LastWhisper,,,,,,,,,,,,None,None,,,,,2.0,,,,,,,,,,,,,,,,1.0,GuildEmblemItem,MadredsBloodrazor,GuinsoosRageblade,,,,,,,,,,,,
6,EUW1_5971818009,TFT6_Augment_CyberneticShell2,TFT7_Augment_CavalierEmblem,TFT6_Augment_SalvageBin,1.0,,,1.0,,2.0,,,,,3.0,,0.0,,,,1.0,,,,,,,1.0,1.0,,0.0,,,,,,,,,,,,,,,,,,,,,,,,,,,,,,,,,,,,,,,,,,,,,,,,,,,,,,,,,,,,,,,,,,1.0,WarmogsArmor,RedBuff,,,,,,,,,,,,,,,,,,,,,,,,,,,,,,,,,,,,,,,,,,,,,,,,,,,,,,,,,,1.0,IonicSpark,,,,,,,2.0,TearOfTheGoddess,,,,,,,2.0,,,,,,,,,,,,1.0,,,,,,,,,,,,,,,,,,,,,,,,,,,,,,,,1.0,FrozenHeart,CavalierEmblemItem,,,,,,,,,,,,None,None,,,,,2.0,NeedlesslyLargeRod,,,,,,,,,,,,,,,2.0,RunaansHurricane,GuinsoosRageblade,MadredsBloodrazor,,,,,,,,,,,,
3,EUW1_5971818009,TFT6_Augment_TradeSector,TFT6_Augment_Electrocharge2,TFT6_Augment_Diversify2,,,,,,,1.0,1.0,0.0,,,3.0,0.0,,0.0,0.0,,,,1.0,,,1.0,0.0,,,0.0,,,,,,2.0,,,,,,,,2.0,,,,,,,,,,,,,,,,,,,,,,,,,,,,,,,,1.0,MadredsBloodrazor,Bloodthirster,MadredsBloodrazor,,,,,,,,,,,,,2.0,Redemption,,,,,,,,,,,,,,,,,,,2.0,,,,,,,,,,,,,,,,,,,,,,,,,,,,2.0,DragonsClaw,RedBuff,GargoyleStoneplate,,,,,,,,,,,,,,,,,,,,,,,,,,,,,,,,,,,,,,,,,,,,,,,,,,,,,,,,,2.0,SpearOfShojin,StatikkShiv,,,,,,,,,,,,,,,,,,,,,,,,,,,,None,None,,,,,,,,,,,,,,,,,,,,,,,,,2.0,ThiefsGloves,WarmogsArmor,BrambleVest,,,,,,,,
1,EUW1_5971818009,TFT6_Augment_CyberneticUplink2,TFT6_Augment_CyberneticImplants2,TFT6_Augment_PortableForge,,,,,,,1.0,1.0,0.0,,,3.0,0.0,,0.0,0.0,,,,1.0,,,1.0,0.0,,,0.0,,,,,,2.0,Morellonomicon,,,,,,,1.0,,,,,,,,,,,,,,,,,,,,,,,,,,,,,,,,2.0,GuardianAngel,Deathblade,TitansResolve,,,,,,,,,,,,,1.0,LocketOfTheIronSolari,,,,,,,,,,,,,,,,,,,2.0,Zephyr,,,,,,,,,,,,,,,,,,,,,,,,,,,2.0,RedBuff,WarmogsArmor,IonicSpark,,,,,,,,,,,,,,,,,,,,,,,,,,,,,,,,,,,,,,,,,,,,,,,,,,,,,,,,,2.0,,,,,,,,,,,,,,,,,,,,,,,,,,,,,,None,None,,,,,,,,,,,,,,,,,,,,,,,,,2.0,Quicksilver,InfinityEdge,OrnnDeathsDefiance,,,,,,,,
7,EUW1_5971818009,TFT7_Augment_MageEmblem,TFT6_Augment_BlueBattery2,TFT6_Augment_TargetDummies,,1.0,,1.0,,0.0,,,,,1.0,,,3.0,,0.0,,,0.0,,,,,,,0.0,,0.0,,,,,,,,,,,,,,,,,,,,,,,,,,,,,,,,,,,,,,,,,,,,,,,,,,,,,,,,,,,,,,,,,,,,,2.0,Zephyr,,,2.0,MageEmblemItem,WarmogsArmor,DragonsClaw,,,,,,,,,,,,,,,,,,,,,2.0,,,,,,,,3.0,SpearOfShojin,ArchangelsStaff,StatikkShiv,,,,,,,,,,,,,,,,,,,,,,,,,,,,,2.0,JeweledGauntlet,,,,,,,,,,,,,,,,,,,,,,,,,,,,,,,,,,,,,,,2.0,,,,,,,,,,,,,,,,,,,,,,None,None,,,,,,,,,,,,,3.0,,,,,,,,,,,,,,,,,,,,,,,
3,EUW1_5972045370,TFT6_Augment_PandorasItems,TFT6_Augment_TinyTitans,TFT7_Augment_DragonmancerInspire,,,,,,0.0,1.0,2.0,,,,0.0,0.0,,,,2.0,,,1.0,0.0,,,0.0,0.0,,,,,,,,,,,,,,,,2.0,TearOfTheGoddess,ZekesHerald,,,,,,,,,,,,,,,,,,,,,,,,,,,,,,,,,,,,,,,,,,,,,,,,,,2.0,RapidFireCannon,GuinsoosRageblade,,,,,,,,,,,,,,2.0,Shroud,,,,,,,2.0,,,,,,,,,,,,,,,,,,,,,,,,,,,,,,,,,,,,,,,,,,,,,,,,,,,,,,,,,,,,2.0,TitanicHydra,GiantsBelt,,,,,,2.0,RedBuff,IonicSpark,WarmogsArmor,,,,,,,,,,,,,3.0,GuinsoosRageblade,Quicksilver,ArchangelsStaff,,,,,,,,,,,,,,,,,,,,,,,None,None,,,,,,,,,,,,,,,,,2.0,,,,,,,,,,,,,,,,,,,
6,EUW1_5972045370,TFT6_Augment_CyberneticImplants1,TFT6_Augment_Electrocharge1,TFT6_Augment_TargetDummies,,1.0,,1.0,,,,,1.0,,1.0,,,1.0,,1.0,,0.0,,,,,,1.0,,1.0,,0.0,,,,,,,,,,,,,,,,,,,,,,,,,,,,,,,,,,,,,,,,,,,,,,,,,,,,,,,,,,,,,,,,,,,,,2.0,,,,2.0,TitanicHydra,TitanicHydra,Zephyr,,,,,,,,,,,,,,,,,,,,,,,,,2.0,BFSword,,,2.0,,,,,,,,,,,,,,,,,,,,,,,,,,,,,,,,,,,,,,,,,,,,,,,,,,,,,,,,,,,,2.0,,,,,,,,,,,,2.0,FrozenHeart,RedBuff,,,,,,,,,,,,,,,,,,2.0,TrainerSnax,None,None,,,,,2.0,PowerGauntlet,,,3.0,GuinsoosRageblade,RunaansHurricane,Deathblade,,,,,,,,,,,,,,,,,,,,,,,,
1,EUW1_5972045370,TFT6_Augment_Weakspot,TFT7_Augment_CannoneerTrait,TFT6_Augment_PortableForge,,,1.0,,3.0,,1.0,,1.0,1.0,1.0,,,0.0,,1.0,,2.0,,,1.0,,,,,1.0,,,,,,,,,,,,,,,,,,,,,,,2.0,ThiefsGloves,ArchangelsStaff,Morellonomicon,,,,,3.0,GuinsoosRageblade,MadredsBloodrazor,UnstableConcoction,,,,,,,,,2.0,GargoyleStoneplate,BrambleVest,WarmogsArmor,,,,,,,,,,,,,,,,,,,,,,,,,,,,,,,,,2.0,MageEmblemItem,,,,,,,,,,,,,,,,,,,,,,,2.0,GuardianEmblemItem,OrnnMuramana,IonicSpark,,,,,,,,,,,,,,,,,,,,,,,,,,,,,,,,,,,,,,,,,,,,,,,,,,,,,,,,,,,,,2.0,Zephyr,HextechGunblade,RedBuff,,,,,,,,,,,,,,,,,,,,,,,,,,,,,3.0,TrainerSnax,None,None,2.0,ShimmerscaleDravensAxe,,,,,,,,,,,,,,,,,,,,,,,,,,,,,,,,,,
8,EUW1_5972045370,TFT6_Augment_Weakspot,TFT6_Augment_CelestialBlessing1,TFT6_Augment_Diversify2,0.0,1.0,,2.0,,,,,,,1.0,,0.0,0.0,,,,,,,,,,1.0,0.0,,,1.0,,,,,,,,,,,,,,,,,,,,,,,,,,,,,,,,,,,,,,,,,,,,,,,,,,,,,,,,,,,,,,,,,,,,,,,,,2.0,RedBuff,,,,,,,,,,,,,,,,,,,,,,,,,,,,,,,,,,,,,,,,,,,,,,,,,,,2.0,,,,1.0,ArchangelsStaff,FrozenHeart,,,,,,,,,,,,,,,,,,,,,,,,,,,,,,2.0,,,,,,,,,,,,,,,,2.0,TitanicHydra,,,,,,,,,,,,,,,,,,,,,None,None,,,,,2.0,,,,2.0,GuinsoosRageblade,Deathblade,MadredsBloodrazor,,,,,,,,,,,,,,,,,,,,,,,,
4,EUW1_5972045370,TFT7_Augment_BestFriends1,TFT6_Augment_LudensEcho1,TFT7_Augment_MageEmblem,,0.0,,0.0,,,1.0,,1.0,,,0.0,0.0,1.0,,1.0,,0.0,,0.0,0.0,1.0,,,2.0,0.0,,,,,,,,,,,1.0,MageEmblemItem,SpearOfShojin,SpearOfShojin,,,,,,,,,,,,,,,,,,,,,,,,,,,,,,,,,,,,,,,,,,,,,,,,,,,,,,,,,,,,,,,,,,,,,,,,,,,,,,,,,,,,,,,,,2.0,,,,3.0,,,,2.0,WarmogsArmor,IonicSpark,DragonsClaw,,,,,,,,,,,,,2.0,WarmogsArmor,RedBuff,Shroud,,,,,,,,,,,,,,,,,,,,,,,,,,,,,,,,,,,,,2.0,,,,,,,,,,,,,,,,,,,,,,,,,,,,,,,,,,None,None,,,,,,,,,,,,,,,,,,,,,,,,,,,,,,,,,1.0,TearOfTheGoddess,,
2,EUW1_5972045370,TFT7_Augment_AstralTrait,TFT6_Augment_FirstAidKit,TFT6_Augment_CyberneticUplink2,,1.0,,1.0,,,,,0.0,,1.0,,,3.0,,1.0,,,,,0.0,1.0,,,,1.0,,0.0,,,,,,,,,,,,,,,,,,,,,,,,,,,,,,,,,,,,,,,,,,,,,,,,,,,,,,,,,,,,,,,,,,,,,2.0,ChainVest,,,3.0,RedBuff,MageEmblemItem,,,,,,,,,,,,,,,,,,,,,,,,,,2.0,ZekesHerald,,,3.0,StatikkShiv,ArchangelsStaff,,,,,,,,,,,,,,,,,,,,,,,,,,,,,,2.0,HextechGunblade,,,,,,,,,,,,,,,,,,,,,,,,,,,,,,,,,,,,,,,2.0,TitanicHydra,Morellonomicon,IonicSpark,,,,,,,,,,,,,,,,,4.0,TrainerSnax,None,None,,,,,,,,,,,,,1.0,InfinityEdge,,,,,,,,,,,,,,,,,,,2.0,Redemption,InfinityEdge,
5,EUW1_5972045370,TFT6_Augment_CyberneticUplink1,TFT7_Augment_BruiserTrait,TFT7_Augment_BigFriend2,,0.0,,3.0,,,1.0,,,0.0,,,0.0,0.0,,,0.0,,,0.0,,,,,0.0,,0.0,3.0,,,,,,,,,,,,,,,,,,,,,,,,,,,,,,,,,,,,,,,,,,,,,,,,,2.0,Bloodthirster,RunaansHurricane,Quicksilver,2.0,HextechGunblade,,,,,,,,,,,,,,,,,,,2.0,LocketOfTheIronSolari,,,,,,,,,,,,,,,,,,,,,,,,,,,,,,,,,,,,,,,,,,,,,,,,,,,2.0,Redemption,NegatronCloak,Morellonomicon,,,,,,,,,,,,,,,,,,,,,,,,,2.0,ThiefsGloves,SeraphsEmbrace,ArchangelsStaff,,,,,,,,,,,,,,,,,,,,,2.0,,,,,,,,,,,,,,,,2.0,,,,,,None,None,,,,,,,,,,,,,,,,,,,,,,,,,,,,,,,,,,,,
7,EUW1_5972045370,TFT6_Augment_TinyTitans,TFT7_Augment_GuardianTrait,TFT7_Augment_CannoneerEmblem,,,,,4.0,,1.0,,1.0,1.0,,,,,,0.0,0.0,2.0,,,1.0,,,,,1.0,,,,,,,,,,,,,,,,,,,,,,,,,,,,,,,1.0,GuinsoosRageblade,MadredsBloodrazor,ShimmerscaleDravensAxe,,,,,,,,,2.0,RedBuff,GargoyleStoneplate,IonicSpark,,,,,,,,,,,,,,,,,,,,,,,,,,,,,,,,,1.0,,,,,,,,,,,,,,,,,,,,,,,,1.0,,,,,,,,,,,,,,,,,,,,,,,,,,,,,,,,,,,,,,,,,,,,2.0,ThiefsGloves,JeweledGauntlet,SeraphsEmbrace,,,,,,,,,,,,,,,,,2.0,ZekesHerald,CannoneerEmblemItem,,,,,,,,,,,,,,,,,,,,,,,,,,,,,,3.0,TrainerSnax,None,None,2.0,RecurveBow,,,,,,,,,,,,,,,,,,,,,,,,,,,,,,,,,,
4,EUW1_5972041565,TFT7_Augment_MageEmblem,TFT7_Augment_MageConference,TFT6_Augment_BlueBattery2,,2.0,,1.0,,0.0,1.0,,0.0,,1.0,,,3.0,,0.0,,,0.0,,0.0,1.0,,,,,,0.0,,,,,,,,,,,,,,,,,1.0,MageEmblemItem,ArchangelsStaff,JeweledGauntlet,,,,,,,,,,,,,,,,,,,,,,,,,,,,,,,,,,,,,,,,,,,,,,,,,,,,,3.0,Redemption,DragonsClaw,RedBuff,,,,,,,,,,,,,,,,,,,,,2.0,,,,,,,,3.0,,,,,,,,,,,,,,,,,,,,,,,,,,,,,,,,2.0,,,,,,,,,,,,,,,,,,,,,,,,,,,,,,,,,,,,,,,,2.0,TitansResolve,,,,,,,,,,,,,,,,,,,,,None,None,,,,,,,,,,,,,2.0,,,,,,,,,,,,,,,,,,,,2.0,StatikkShiv,Zephyr,
1,EUW1_5972041565,TFT7_Augment_EvokerEmblem,TFT6_Augment_Ascension,TFT7_Augment_GadgetExpert,,,1.0,1.0,,,1.0,,1.0,,1.0,0.0,0.0,1.0,,1.0,,,,,0.0,1.0,1.0,,2.0,1.0,,0.0,,,,,,,,,2.0,EvokerEmblemItem,StatikkShiv,SpearOfShojin,,,,,,,,,1.0,,,,,,,,,,,,,,,,,,,,,,,,,,,,,,,,,,,,,,,,,,,,,,,,2.0,,,,,,,,,,,,,,,,,,,,,,,,,,,,,,,,2.0,,,,,,,,,,,,,,,,,,,,,,,,2.0,TitanicHydra,Redemption,,,,,,,,,,,,,,,,,,,,,,,,,,,,,,,,,,,,,,,,,,2.0,NeedlesslyLargeRod,GuardianAngel,,,,,,2.0,IonicSpark,Shroud,GargoyleStoneplate,,,,,,,,,,,,,,,,,4.0,TrainerSnax,None,None,,,,,,,,,,,,,,,,,,,,,,,,,,,,,,,,,2.0,PowerGauntlet,SeraphsEmbrace,LocketOfTheIronSolari
6,EUW1_5972041565,TFT6_Augment_SunfireBoard,TFT6_Augment_RichGetRicherPlus,TFT7_Augment_JadeTrait,,,1.0,,,,1.0,0.0,0.0,,1.0,2.0,0.0,,0.0,1.0,,,,1.0,,,,,,,0.0,,,,,,3.0,SpearOfShojin,,,,,,,,,,,,,,,1.0,,,,,,,,,,,,,,,,,,,,,,,,2.0,HextechGunblade,MadredsBloodrazor,GuardianAngel,,,,,,,,,,,,,2.0,,,,,,,,,,,,,,,,,,,,,,,,,,,,,,,,,,,,,,,,,,,,,,,,2.0,DragonsClaw,Zephyr,,,,,,,,,,,,,,,,,,,,,,,,,,,,,,,,,,,,,,,,,,,,,,,,,,,,,,,,,,,,,,,,,,,,,,,,,,,,,,,,,,,,,,,,None,None,,,,,,,,,,,,,,,,,,,,,,,,,1.0,InfinityEdge,,,,,,,,,,
3,EUW1_5972041565,TFT7_Augment_RagewingScorch,TFT6_Augment_PortableForge,TFT6_Augment_ComponentGrabBag,,,1.0,1.0,,0.0,1.0,,,,2.0,,0.0,,,0.0,2.0,,,0.0,,,,1.0,0.0,,0.0,,,,,,,,,,,,,,,,,,,,,,2.0,,,,,,,,,,,,,,,,,,,,,,,,,,,,,,,,,,,,,,,,,,,,2.0,IonicSpark,FrozenHeart,Redemption,,,,,,,,,,,,,,,,,,,,,,,,,,,,,,,,,,,,,,,,,,,,,,,,,,,,,,,,,1.0,,,,,,,,,,,,,,,,,,,,,,,,,,,,1.0,,,,2.0,DragonsClaw,WarmogsArmor,RedBuff,,,,,,,,,,,,,,,,,,,,,,,,,,,,,,,,,,,,,,,None,None,,,,,2.0,ZekesHerald,PowerGauntlet,,,,,,,,,,,,,,2.0,GuinsoosRageblade,OrnnInfinityForce,MadredsBloodrazor,,,,,,,,,,,,
7,EUW1_5972041565,TFT7_Augment_UrfsGrabBag1,TFT7_Augment_LastStand,TFT6_Augment_TomeOfTraits1,,0.0,,1.0,,,1.0,,0.0,,1.0,,,2.0,,2.0,,,,,,,,,,1.0,,2.0,,,,,,,,,,,,,,,,,,,,,,,,,,,,,,,,,,,,,,,,,,,,,,,,,1.0,MageEmblemItem,TitanicHydra,,,,,,,,,,,,,,,,,,2.0,,,,,,,,,,,,,,,,,,,,,,,,,,,,,,,,2.0,,,,2.0,StatikkShiv,ArchangelsStaff,RapidFireCannon,,,,,,,,,,,,,,,,,,,,,,,,,,,,,1.0,MysticEmblemItem,,,,,,,,,,,,,,,,,,,,,,,,,,,,,,,,,,,,,,,2.0,ThiefsGloves,RedBuff,GargoyleStoneplate,,,,,,,,,,,,,,,,,2.0,TrainerSnax,None,None,,,,,,,,,,,,,,,,,,,,,,,,,,,,,,,,,,,,
2,EUW1_5972041565,TFT7_Augment_GadgetExpert,TFT6_Augment_CelestialBlessing2,TFT6_Augment_SecondWind2,2.0,,,2.0,,,1.0,,,0.0,1.0,,0.0,0.0,,,0.0,,,,,,,,1.0,,0.0,3.0,,,,,,,,,,,,,,,,,,,,,,,,,,,,,,,,,,,,,,,,,,,,,,,,,2.0,AssassinEmblemItem,Bloodthirster,TitansResolve,,,,,,,,,,,,,,,,,,,,,,,,,,,,,,,,,,,,,,,,,,,,,,,,,,,,,,,,,,,,,,,,,,,,,,,,,2.0,IonicSpark,GuinsoosRageblade,,1.0,GuinsoosRageblade,UnstableConcoction,JeweledGauntlet,2.0,Shroud,,,,,,,,,,,,,,,,,,,2.0,,,,,,,,,,,,,,,,,,,,,,,,2.0,,,,,,,,2.0,IonicSpark,StatikkShiv,RapidFireCannon,,,,,1.0,,,,,,None,None,,,,,,,,,,,,,,,,,,,,,,,,,,,,,,,,,,,,
5,EUW1_5972041565,TFT7_Augment_EvokerEmblem,TFT6_Augment_ComponentGrabBag,TFT6_Augment_CyberneticUplink2,,,,1.0,1.0,,,,2.0,,,0.0,0.0,0.0,,0.0,,1.0,,,,,,,0.0,1.0,,0.0,,,,,2.0,,,,,,,,,,,,,,,,,,,,,,,,2.0,MadredsBloodrazor,EvokerEmblemItem,InfinityEdge,,,,,,,,,,,,,,,,,,,,,,,,,,,,,,,,,,,,,,,,,,,,,,,,,,,,,,,,,,,,,,,,,,,,,2.0,SparringGloves,,,,,,,,,,,,,,,,,,,,,,,2.0,GargoyleStoneplate,RedBuff,Redemption,,,,,,,,,,,,,,,,,,,,,,,,,,,,,,,,,,,,,1.0,SpearOfShojin,,,,,,,,,,,1.0,ThiefsGloves,LocketOfTheIronSolari,LocketOfTheIronSolari,,,,,,,,,,,,,,,,,3.0,TrainerSnax,None,None,2.0,NegatronCloak,,,,,,,,,,,,,,,,,,,,,,,,,,,,,,,,,,
8,EUW1_5972041565,TFT6_Augment_JeweledLotus,TFT7_Augment_MageEmblem,TFT6_Augment_TomeOfTraits1,,0.0,,1.0,,,,,0.0,,1.0,,,3.0,,0.0,,0.0,,,0.0,1.0,,,,0.0,,0.0,,,,,,,,,,,,,,,,,,,,,,,,,,,,,,,,,,,,,,,,,,,,,,,,,,,,,,,,,,,,,,,,,,,,,2.0,,,,2.0,MageEmblemItem,,,,,,,,,,,,,,,,,,,,,,,,,,,,,,,2.0,,,,,,,,,,,,,,,,,,,,,,,,,,,,,,,,2.0,ArchangelsStaff,InfinityEdge,,,,,,,,,,,,,,,,,,,,,,,,,,1.0,MageEmblemItem,,,,,,,,,,,1.0,IonicSpark,RedBuff,,,,,,,,,,,,,,,,,,,,None,None,,,,,,,,,,,,,,,,,,,,,,,,,,,,,,,,,1.0,,,
5,EUW1_5970915415,TFT6_Augment_ThreesCompany,TFT6_Augment_Electrocharge1,TFT6_Augment_SunfireBoard,,,1.0,,,3.0,1.0,,0.0,,4.0,,,0.0,2.0,1.0,0.0,,,,,,,0.0,,0.0,,,,,,,,,,,,,,,,,,,,,,,1.0,,,,,,,,,,,,,,,,2.0,JeweledGauntlet,UnstableConcoction,RunaansHurricane,,,,,,,,,,,,,,,,,,,,,,,,,2.0,,,,,,,,,,,,,,,,,,,,,,,,,,,,,,,,,,,,1.0,CavalierEmblemItem,,,,,,,,,,,,,,,3.0,Bloodthirster,WarmogsArmor,SeraphsEmbrace,,,,,,,,,,,,,,,,,1.0,,,,2.0,Zephyr,,,,,,,,,,,,,,,,,,,,,,,,,,,,,,,,,,,,,,,,,,,,,,,,,,,,,,,,,None,None,,,,,2.0,Chalice,,,,,,,,,,,,,,,,,,,,,,,,,,,,,,
2,EUW1_5970915415,TFT7_Augment_SwiftshotEmblem,TFT6_Augment_Weakspot,TFT7_Augment_MikaelsGift,0.0,,1.0,0.0,,2.0,1.0,,,,4.0,,,,,0.0,2.0,,,0.0,,,,2.0,,,0.0,,,,,,,,,,,,,,,,,,,,,,1.0,,,,,,,,,,,,,,,,,,,,,,,,,,,,,,,,,,,,,,,,,,,,2.0,LocketOfTheIronSolari,SwiftshotEmblemItem,StatikkShiv,,,,,,,,,,,,,,,,,,,,,,,,,,,,,,,,,,,,,,,,,,,,,,,,,,,,,,,,,,,,,,,,,,,,,,,,,2.0,,,,,,,,,,,,2.0,NegatronCloak,,,2.0,Bloodthirster,CavalierEmblemItem,JeweledGauntlet,,,,,,,,,,,,,,,,,,,,,,,,,2.0,SwiftshotEmblemItem,IonicSpark,Deathblade,,,,,,,,,,,None,None,,,,,2.0,StatikkShiv,ZekesHerald,,,,,,,,,,,,,,2.0,GuinsoosRageblade,Quicksilver,MadredsBloodrazor,,,,,,,,,,,,
6,EUW1_5970915415,TFT7_Augment_EvokerEssenceTheft,TFT6_Augment_SecondWind1,TFT7_Augment_CannoneerEmblem,,,,1.0,2.0,,,,1.0,,,,,0.0,,0.0,0.0,2.0,,,,,,,,2.0,0.0,,,,,,,,,,,,,,,,,,,,,,,,,,,,,,,,,,,,,,,,,,,,,,,,,,,,,,,,,,,,,,,,,,,,,,2.0,CannoneerEmblemItem,,,,,,,2.0,GuinsoosRageblade,UnstableConcoction,StatikkShiv,,,,,,,,,,,,,,,,,,,,,2.0,,,,,,,,,,,,,,,,,,,,,,,,,,,,,,,,,,,,,,,,,,,,,,,,,,,,2.0,,,,,,,,,,,,2.0,GuardianAngel,GuinsoosRageblade,,,,,,,,,,,,,,2.0,GargoyleStoneplate,IonicSpark,TitanicHydra,,,,,,,,,,,,,4.0,TrainerSnax,None,None,2.0,ZekesHerald,,,,,,,,,,,,,,,,,,,,,,,,,,,,,,,,,,
8,EUW1_5970915415,TFT6_Augment_TradeSector,TFT6_Augment_Weakspot,TFT6_Augment_ComponentGrabBag,,,,2.0,,1.0,1.0,,,,1.0,,0.0,0.0,1.0,,0.0,,,,,,,,0.0,,1.0,2.0,,,,,,,,,,,,,,,,,,,,,,,,,,,,,,,,,,,,,,,,,,,,,,,,,1.0,Quicksilver,RunaansHurricane,,,,,,,,,,,,,,,,,,,,,,,,,,,,,,,,,,,,,,,,,,,,,,,,,,,,,,,,,,,,,,,,,,2.0,ZekesHerald,,,,,,,2.0,,,,,,,,,,,,,,,,2.0,,,,,,,,,,,,2.0,TitanicHydra,Redemption,,,,,,,,,,,,,,,,,,,,,,2.0,Shroud,,,,,,,,,,,,,,,,,,,,,None,None,,,,,,,,,,,,,,,,,,,,,,,,,,,,,3.0,Bloodthirster,Quicksilver,GuinsoosRageblade,,,,
1,EUW1_5970915415,TFT6_Augment_CelestialBlessing2,TFT6_Augment_Weakspot,TFT6_Augment_Diversify2,0.0,,1.0,1.0,,0.0,1.0,,,,2.0,,0.0,,,0.0,2.0,,,0.0,,,,1.0,1.0,,0.0,,,,,,,,,,,,,,,,,,,,,,2.0,LastWhisper,SpearOfShojin,,,,,,,,,,,,,,,,,,,,,,,,,,,,,,,,,,,,,,,,,,2.0,RapidFireCannon,LastWhisper,,,,,,,,,,,,,,,,,,,,,,,,,,,,,,,,,,,,,,,,,,,,,,,,,,,,,,,,,,2.0,Shroud,GargoyleStoneplate,,,,,,2.0,,,,,,,,,,,,,,,,,,,,2.0,,,,2.0,Bloodthirster,ArchangelsStaff,UnstableConcoction,,,,,,,,,,,,,,,,,,,,,,,,,,,,,,,,,,,,,,,None,None,,,,,2.0,,,,,,,,,,,,,,,,2.0,UnstableConcoction,MadredsBloodrazor,GuinsoosRageblade,,,,,,,,,,,,
4,EUW1_5970915415,TFT6_Augment_SalvageBin,TFT7_Augment_Preparation,TFT6_Augment_CyberneticUplink2,,1.0,,1.0,,,,,1.0,,1.0,,,1.0,,1.0,,,,,,,,1.0,,1.0,,0.0,,,,,,,,,,,,,,,,,,,,,,,,,,,,,,,,,,,,,,,,,,,,,,,,,,,,,,,,,,,,,,,,,,,,,2.0,,,,3.0,ThiefsGloves,SparringGloves,Quicksilver,,,,,,,,,,,,,,,,,,,,,,,,,2.0,WarmogsArmor,,,3.0,LocketOfTheIronSolari,EvokerEmblemItem,,,,,,,,,,,,,,,,,,,,,,,,,,,,,,,,,,,,,,,,,,,,,,,,,,,,,,,,,,,,,,,,,,,,,,2.0,RedBuff,GargoyleStoneplate,BrambleVest,,,,,,,,,,,,,,,,,2.0,TrainerSnax,None,None,,,,,1.0,,,,3.0,GuinsoosRageblade,Deathblade,UnstableConcoction,,,,,,,,,,,,,,,,,,,,,,,,
7,EUW1_5970915415,TFT6_Augment_CelestialBlessing2,TFT6_Augment_Recombobulator,TFT6_Augment_PortableForge,0.0,,,,,,1.0,0.0,,,1.0,2.0,,,,0.0,0.0,,,1.0,,,1.0,1.0,,,,0.0,,,,,,,,,,,,,1.0,,,,,,,,,,,,,,,,,,,,,,,,,,,,,,,,2.0,OrnnInfinityForce,Bloodthirster,UnstableConcoction,,,,,,,,,,,,,,,,,,,,,,,,,,,,,,,,,,,,,,,,,,,,,,,,,,,,,,,,,,,,,2.0,TitanicHydra,Morellonomicon,WarmogsArmor,,,,,,,,,,,,,,,,,1.0,,,,,,,,,,,,,,,,,,,,,,,,,,,,,,,,,,,,,,,,1.0,,,,1.0,,,,,,,,,,,,,,,,,,,,,,,,,,None,None,,,,,3.0,GuinsoosRageblade,Deathblade,,,,,,,,,,,,,,,,,,,,,,,,,,,,,
3,EUW1_5970915415,TFT6_Augment_CyberneticUplink2,TFT6_Augment_SecondWind1,TFT6_Augment_Diversify2,,,1.0,,1.0,,1.0,,1.0,1.0,1.0,0.0,,,0.0,1.0,,1.0,,,1.0,,1.0,,,1.0,,,,,,,,,,,,,,,,,,,,,,,1.0,,,,,,,,2.0,GuinsoosRageblade,InfinityEdge,MadredsBloodrazor,,,,,,,,,2.0,GargoyleStoneplate,GargoyleStoneplate,,,,,,,,,,,,,,,,,,,,,,,,,,,,,,,,,,,,,,,,,,,,,,,,,,2.0,TitanicHydra,,,,,,,2.0,PowerGauntlet,,,,,,,,,,,,,,,,,,,,,,,,,,,,,,,,,,,,,,,,,,,,,,,,,,,,,,,,,,,,,,,2.0,HextechGunblade,Morellonomicon,TearOfTheGoddess,1.0,ShimmerscaleHeartOfGold,Zephyr,,,,,,,,,,,,,,,,,,,,,,,,,,4.0,TrainerSnax,None,None,2.0,,,,,,,,,,,,,,,,,,,,,,,,,,,,,,,,,,,
8,EUW1_5972096213,TFT6_Augment_TradeSector,TFT6_Augment_SecondWind1,TFT6_Augment_JeweledLotus,0.0,,,,,,1.0,0.0,,0.0,,,0.0,,,,1.0,,,0.0,2.0,,,0.0,,,0.0,,2.0,,,,,,,,,,,,,,,,,,,,,,,,,,,,,,,,,,,,,,,,1.0,ShimmerscaleMogulsMail,RedBuff,,,,,,,,,,,,,,,,,,,,,,,,,,,,,,,,,,,,,,,,,,1.0,,,,,,,,,,,,,,,,,,,,,,,,,,,,,,,,,,,,,,,,,,,,,,,,,,,,,,,,,,,,,,,,,,,,,,,,,,,,,,,,,,,,,,,,2.0,,,,,,,,,,,,,,,,,,,,,,,,,,None,None,,,,,,,,,,,,,,,,,2.0,,,,1.0,GuinsoosRageblade,ShimmerscaleGamblersBlade,InfinityEdge,,,,,,,,,,,,
5,EUW1_5972096213,TFT6_Augment_CyberneticShell2,TFT6_Augment_CyberneticShell1,TFT6_Augment_SecondWind2,,0.0,,1.0,,,,,1.0,,1.0,,0.0,2.0,,1.0,,0.0,,,0.0,1.0,,,0.0,1.0,,0.0,,,,,,,,,,,,,,,,,,,,,,,,,,,,,,,,,,,,,,,,,,,,,,,,,,,,,,,,,,,,,,,,,,,,,2.0,,,,,,,,,,,,,,,,,,,,,,,,,,,,,,,,2.0,Deathblade,,,2.0,SpearOfShojin,,,,,,,,,,,,,,,,,,,2.0,IonicSpark,,,,,,,,,,,2.0,EvokerEmblemItem,SpearOfShojin,RabadonsDeathcap,,,,,,,,,,,,,,,,,,,,,,,,,1.0,,,,,,,,,,,,2.0,WarmogsArmor,,,,,,,,,,,,,,,,,,,2.0,TrainerSnax,None,None,,,,,,,,,,,,,,,,,,,,,,,,,,,,,,,,,2.0,GargoyleStoneplate,ChainVest,
2,EUW1_5972096213,TFT7_Augment_BestFriends2,TFT6_Augment_Diversify1,TFT6_Augment_TargetDummies,,,1.0,,,1.0,1.0,0.0,0.0,,1.0,0.0,,,3.0,1.0,0.0,,,,,,1.0,,,0.0,1.0,,,,,,,,,,,,,,,,,,,,,,2.0,ZekesHerald,,,,,,,,,,,,,,,2.0,JeweledGauntlet,GuinsoosRageblade,StatikkShiv,,,,,,,,,,,,,,,,,,,,,,,,,2.0,ThiefsGloves,SpearOfShojin,GuardianAngel,,,,,,,,,,,,,,,,,,,,,,,,,,,,,,,,,2.0,,,,,,,,,,,,,,,,2.0,SparringGloves,Bloodthirster,RedBuff,,,,,,,,,,,,,,,,,,,,,,,,,,,,,,,,,,,,,,,,,,,,,,,,,1.0,,,,,,,,,,,,,,,,,,,,,,,,,,,,,,None,None,,,,,,,,,,,,,,,,,,,,,,,,,1.0,FrozenHeart,Quicksilver,,2.0,,,,,,,
7,EUW1_5972096213,TFT6_Augment_ThrillOfTheHunt2,TFT6_Augment_PandorasItems,TFT6_Augment_Meditation2,,0.0,1.0,0.0,,,,,0.0,,2.0,,,2.0,,2.0,,,,,,,,,,1.0,,0.0,,,,,,,,,,,,,,,,,,,,,1.0,Zephyr,,,,,,,,,,,,,,,,,,,,,,,,,,,,,,,,,,,,,,,,,,,,,,,2.0,,,,,,,,,,,,,,,,,,,,,,,,,,,,,,,,2.0,MageEmblemItem,,,3.0,,,,,,,,,,,,,,,,,,,,,,,,,,,,,,,,2.0,MadredsBloodrazor,SpearOfShojin,ArchangelsStaff,,,,,,,,,,,,,,,,,,,,,,,,,,,,,,,,,,,,,1.0,RedBuff,WarmogsArmor,IonicSpark,,,,,,,,,,,,,,,,,1.0,TrainerSnax,None,None,,,,,,,,,,,,,,,,,,,,,,,,,,,,,,,,,,,,
1,EUW1_5972096213,TFT7_Augment_BestFriends2,TFT6_Augment_Diversify1,TFT6_Augment_Ascension,1.0,,1.0,1.0,,1.0,1.0,,,,2.0,0.0,0.0,,,1.0,0.0,,,,,,1.0,,1.0,,,2.0,,,,,,,,,,,,,,,,,,,,,1.0,,,,,,,,,,,,,,,,,,,,,,,,,,,,2.0,MadredsBloodrazor,Quicksilver,GuinsoosRageblade,,,,,,,,,,,,,2.0,ThiefsGloves,Quicksilver,DragonsClaw,,,,,,,,,,,,,,,,,,,,,,,,,,,,,,,,,,,,,,,,,,,,,,,,,,,,,,,,,2.0,SeraphsEmbrace,MysticEmblemItem,,2.0,SeraphsEmbrace,InfinityEdge,FrozenHeart,1.0,Shroud,,,,,,,2.0,,,,,,,,,,,,,,,,,,,,,,,,,,,,2.0,,,,,,,,,,,,,,,,,,,,,,,,,,,,,,None,None,,,,,,,,,,,,,,,,,,,,,,,,,,,,,,,,,,,,
3,EUW1_5972096213,TFT6_Augment_TargetDummies,TFT7_Augment_BigFriend,TFT6_Augment_CelestialBlessing2,0.0,0.0,,2.0,,,,0.0,,,1.0,,0.0,0.0,0.0,,0.0,,0.0,,,,,1.0,0.0,,1.0,1.0,,,,,,,,,,,,,,,,,,,,,,,,,,,,,,,,,,,,,,,,,,,,,,,,,,,,,,,,,,,,,,,,,,,,,,,,,,,,,,,,,,,,,,,,,,,,,,,,,,,,,,,,,,,,,,,,,,,,,,,,,2.0,InfinityEdge,TitansResolve,RunaansHurricane,2.0,,,,1.0,,,,,,,,,,,,,,,,,,,,,,,,2.0,,,,,,,,,,,,,,,,,,,,,,,,2.0,,,,,,,,,,,,,,,,,,,,,,None,None,,,,,2.0,ZekesHerald,,,3.0,Deathblade,GuinsoosRageblade,MadredsBloodrazor,,,,,,,,,,,,,2.0,BrambleVest,GuinsoosRageblade,,,,,,,,,
4,EUW1_5972096213,TFT7_Augment_SwiftshotPressTheAttack,TFT6_Augment_Distancing,TFT7_Augment_UrfsGrabBag1,1.0,,,1.0,,2.0,,,,,3.0,,0.0,,,,1.0,,,,,,,1.0,1.0,,0.0,,,,,,,,,,,,,,,,,,,,,,,,,,,,,,,,,,,,,,,,,,,,,,,,,,,,,,,,,,,,,,,,,,1.0,Zephyr,,,,,,,,,,,,,,,,,,,,,,,,,,,,,,,,,,,,,,,,,,,,,,,,,,,,,,,,,,,1.0,,,,,,,,2.0,TearOfTheGoddess,,,,,,,2.0,,,,,,,,,,,,2.0,,,,,,,,,,,,,,,,,,,,,,,,,,,,,,,,2.0,InfinityEdge,Bloodthirster,CavalierEmblemItem,,,,,,,,,,,None,None,,,,,2.0,Zephyr,,,,,,,,,,,,,,,2.0,Deathblade,Quicksilver,GuinsoosRageblade,,,,,,,,,,,,
6,EUW1_5972096213,TFT6_Augment_Twins2,TFT6_Augment_Weakspot,TFT6_Augment_SecondWind2,,1.0,,1.0,,,,,,,,,0.0,0.0,,0.0,,,,,,,,1.0,1.0,,,,,,,,,,,,,,,,,,,,,,,,,,,,,,,,,,,,,,,,,,,,,,,,,,,,,,,,,,,,1.0,,,,,,,,,,,,,,,,3.0,DragonsClaw,RedBuff,TitanicHydra,,,,,,,,,,,,,,,,,,,,,,,,,,,,,3.0,StatikkShiv,TearOfTheGoddess,,,,,,,,,,,,,,,,,,1.0,,,,,,,,,,,,,,,,,,,,,,,,,,,,,,,,,,,,,,,,,,,,,,,,,,,,,,,,,,,,,,,,,,,,,,,,,,None,None,,,,,,,,,2.0,MadredsBloodrazor,GuinsoosRageblade,Deathblade,,,,,,,,,,,,,,,,,,,,,,,,
7,EUW1_5971828008,TFT6_Augment_CyberneticUplink2,TFT6_Augment_PandorasItems,TFT7_Augment_DragonmancerInspire,,,,,,,,2.0,,,,1.0,,,0.0,,0.0,,,1.0,,,,0.0,0.0,,0.0,,,,,,,,,,,,,,2.0,TearOfTheGoddess,,,,,,,,,,,,,,,,,,,,,,,,,,,,,,,,,,,,,,,,,,,,,,,,,,,,,,,,,,,,,,,,,,,2.0,,,,,,,,2.0,RedBuff,FrozenHeart,,,,,,,,,,,,,,,,,,1.0,ChainVest,,,,,,,,,,,,,,,,,,,,,,,,,,,,,,,,,,,,,,,1.0,,,,,,,,,,,,,,,,,,,,,,,,2.0,StatikkShiv,MadredsBloodrazor,GuinsoosRageblade,,,,,,,,,,,,,,,,,,,,,,,None,None,,,,,,,,,,,,,,,,,,,,,,,,,1.0,ThiefsGloves,RedBuff,GargoyleStoneplate,,,,,,,,
8,EUW1_5971828008,TFT6_Augment_SunfireBoard,TFT6_Augment_SecondWind1,TFT6_Augment_JeweledLotus,0.0,,,1.0,,1.0,,,,,3.0,,0.0,,,,1.0,,,,,,,1.0,0.0,,0.0,,,,,,,,,,,,,,,,,,,,,,,,,,,,,,,,,,,,,,,,,,,,,,,,,,,,,,,,,,,,,,,,,,1.0,,,,,,,,,,,,,,,,,,,,,,,,,,,,,,,,,,,,,,,,,,,,,,,,,,,,,,,,,,,,2.0,,,,,,,,,,,,,,,,1.0,,,,,,,,,,,,2.0,RedBuff,,,,,,,,,,,,,,,,,,,,,,,,,,,,,,,2.0,,,,,,,,,,,,,,None,None,,,,,1.0,,,,,,,,,,,,,,,,1.0,MadredsBloodrazor,GuinsoosRageblade,,,,,,,,,,,,,
1,EUW1_5971828008,TFT7_Augment_GadgetExpert,TFT6_Augment_CyberneticShell1,TFT7_Augment_MageEmblem,,0.0,,1.0,,,,0.0,0.0,,1.0,,0.0,3.0,0.0,1.0,,,,,0.0,1.0,,,0.0,1.0,0.0,0.0,,,,,,,,,,,,,,,,,,,,,,,,,,,,,,,,,,,,,,,,,,,,,,,,,,,,,,,,,,,,,,,,,,,,,2.0,ThiefsGloves,LocketOfTheIronSolari,LocketOfTheIronSolari,,,,,,,,,,,,,,,,,,,,,,,,,,,,,2.0,MageEmblemItem,,,3.0,StatikkShiv,,,,,,,,,,,,,,,,,,,1.0,DragonsClaw,,,,,,,,,,,3.0,ArchangelsStaff,UnstableConcoction,SpearOfShojin,,,,,,,,,,,,,,,,,,,,,,,,,,,,,,,,,,,,,3.0,TitanicHydra,RedBuff,GargoyleStoneplate,,,,,,,,,,,,,,,,,4.0,TrainerSnax,None,None,,,,,,,,,,,,,3.0,RecurveBow,,,,,,,,,,,1.0,Shroud,,,,,,,1.0,SeraphsEmbrace,,
3,EUW1_5971828008,TFT7_Augment_ClutteredMind,TFT6_Augment_Electrocharge1,TFT6_Augment_Ascension,0.0,,1.0,0.0,,,1.0,,0.0,,2.0,1.0,0.0,,,1.0,,,,1.0,,,1.0,,2.0,0.0,,,,,,,,,,,1.0,UnstableConcoction,GuardianAngel,RapidFireCannon,,,,,,,,,1.0,,,,,,,,,,,,,,,,,,,,,,,,,,,,,,,,,,,,,,,,2.0,,,,,,,,,,,,,,,,,,,,,,,,,,,,,,,,,,,,,,,,1.0,,,,,,,,2.0,GargoyleStoneplate,RedBuff,WarmogsArmor,,,,,,,,,,,,,1.0,Morellonomicon,,,,,,,,,,,,,,,,,,,,,,,,,,,,,,,,,,,,,,,,,,,2.0,ArchangelsStaff,,,,,,,,,,,,,,,2.0,Quicksilver,LastWhisper,,,,,,,,,,,,None,None,,,,,,,,,,,,,,,,,,,,,,,,,,,,,,,,,,,,
4,EUW1_5971828008,TFT7_Augment_GuildEmblem,TFT6_Augment_Weakspot,TFT6_Augment_Ascension,1.0,,,1.0,,1.0,,,,,4.0,,0.0,,,,1.0,,,,,,,1.0,1.0,,0.0,,,,,,,,,,,,,,,,,,,,,,,,,,,,,,,,,,,,,,,,,,,,,,,,,,,,,,,,,,,,,,,,,,2.0,ThiefsGloves,LocketOfTheIronSolari,GargoyleStoneplate,,,,,,,,,,,,,,,,,,,,,,,,,,,,,,,,,,,,,,,,,,,,,,,,,,,,,,,,,2.0,WarmogsArmor,BrambleVest,Morellonomicon,,,,,2.0,,,,,,,,2.0,,,,,,,,,,,,2.0,LocketOfTheIronSolari,LegendEmblemItem,,,,,,,,,,,,,,,,,,,,,,,,,,,,,,1.0,,,,,,,,,,,,,,None,None,,,,,2.0,,,,,,,,,,,,,,,,2.0,InfinityEdge,GuinsoosRageblade,GuildEmblemItem,,,,,,,,,,,,
2,EUW1_5971828008,TFT6_Augment_SecondWind2,TFT6_Augment_Weakspot,TFT6_Augment_PortableForge,1.0,,,1.0,,1.0,,0.0,,,3.0,,0.0,,0.0,,1.0,,,,,,,1.0,1.0,,1.0,,,,,,,,,,,,,,,,,,,,,,,,,,,,,,,,,,,,,,,,,,,,,,,,,,,,,,,,,,,,,,,,,,1.0,,,,,,,,,,,,,,,,,,,,,,,,,,,,,,,,,,,,,,,,,,,,,,,,,,,,,,,,,,,,2.0,RedBuff,,,,,,,2.0,JeweledGauntlet,Zephyr,,,,,,2.0,,,,,,,,,,,,2.0,,,,,,,,,,,,,,,,,,,,,,,,,,,,,,,,2.0,OrnnInfinityForce,PowerGauntlet,InfinityEdge,,,,,,,,,,,None,None,,,,,2.0,Chalice,ZekesHerald,,,,,,,,,,,,,,2.0,Quicksilver,MadredsBloodrazor,GuinsoosRageblade,1.0,ThiefsGloves,GuardianAngel,Redemption,,,,,,,,
6,EUW1_5971828008,TFT6_Augment_ClearMind,TFT6_Augment_SecondWind1,TFT6_Augment_ComponentGrabBag,,,,,,3.0,1.0,0.0,,,1.0,,,0.0,3.0,,0.0,,0.0,,,,,,,,1.0,,,,,,,,,,,,,,,,,,,,,,,,,,,,,,,,,,,,,,2.0,MadredsBloodrazor,ArchangelsStaff,HextechGunblade,,,,,,,,,,,,,,,,,,,,,,,,,2.0,,,,,,,,,,,,,,,,,,,,,,,,,,,,,,,,1.0,,,,,,,,,,,,,,,,,,,,2.0,WarmogsArmor,Redemption,,,,,,,,,,,,,,,,,,,,,,2.0,,,,,,,,,,,,,,,,,,,,,,,,,,,,,,,,,,,,,,,,,,,,,,,,,,,,,,,,,,None,None,,,,,,,,,,,,,,,,,,,,,,,,,1.0,Bloodthirster,GuardianAngel,,1.0,,,,,,,
5,EUW1_5971828008,TFT6_Augment_CyberneticShell2,TFT7_Augment_BestFriends1,TFT6_Augment_ThrillOfTheHunt2,0.0,,,2.0,,,1.0,,,,1.0,,0.0,1.0,,,0.0,,,,0.0,1.0,,,1.0,,0.0,2.0,,,,,,,,,,,,,,,,,,,,,,,,,,,,,,,,,,,,,,,,,,,,,,,,,2.0,InfinityEdge,Quicksilver,Bloodthirster,,,,,,,,,,,,,,,,,,,,,,,,,,,,,,,,,,,,,,,,,,,,,,,,,,,,,,,,,,,,,,,,,,,,,,,,,1.0,WarmogsArmor,,,,,,,1.0,FrozenHeart,,,1.0,,,,,,,,,,,,,,,,2.0,RedBuff,,,,,,,,,,,,,,,,,,,,,,,2.0,NeedlesslyLargeRod,,,,,,,,,,,,,,,,,,,,,None,None,,,,,,,,,,,,,,,,,,,,,,,,,,,,,,,,,1.0,RecurveBow,,
8,EUW1_5971882118,TFT7_Augment_SwiftshotEmblem,TFT7_Augment_TomeOfTraits2,,,0.0,,1.0,,,,0.0,,,,0.0,,0.0,,,,0.0,,0.0,,,,1.0,,,,0.0,,,,,,,,,,,,,1.0,,,,,,,,,,,,,,,,,,,,,,,,,,,,,,,,,,,,,,,,,,,,,,,,,,,,,,,,,,,,1.0,,,,,,,,,,,,,,,,,,,,,,,,,,,,,,,,,,,,,,,,2.0,SwiftshotEmblemItem,NeedlesslyLargeRod,GuinsoosRageblade,,,,,,,,,,,,,,,,,,,,,,,,,,,,,,,,,,,,,,,,,,,,,,,,,,,,,,,,,,,,,2.0,,,,1.0,,,,,,,,,,,,,,,,,,None,None,,,,,,,,,,,,,,,,,,,,,,,,,,,,,,,,,,,,
1,EUW1_5971882118,TFT6_Augment_HyperRoll,TFT7_Augment_GuildEmblem2,TFT6_Augment_CyberneticShell2,1.0,,1.0,0.0,,1.0,,0.0,,,5.0,,,,0.0,0.0,1.0,,,,,,,1.0,,,1.0,0.0,,,,,,,,,,,,,,,,,,,,,2.0,Zephyr,,,,,,,,,,,,,,,,,,,,,,,,,,,,,,,,,,,,,,,,,,,2.0,TearOfTheGoddess,GargoyleStoneplate,,,,,,,,,,,,,,,,,,,,,,,,,,,,,,,,,,,,,,,,,,,,,,,,,,,,,,,,,,,,,,2.0,TearOfTheGoddess,,,,,,,,,,,2.0,LocketOfTheIronSolari,,,,,,,,,,,2.0,TitanicHydra,BrambleVest,,,,,,,,,,,,,,,,,,,,,,,,,,,,,,2.0,RedBuff,RunaansHurricane,GuardianAngel,,,,,,,,,,,None,None,,,,,2.0,,,,,,,,,,,,,,,,3.0,GuinsoosRageblade,MadredsBloodrazor,GuildEmblemItem,2.0,ThiefsGloves,Chalice,RabadonsDeathcap,,,,,,,,
6,EUW1_5971882118,TFT6_Augment_RichGetRicher,TFT6_Augment_Diversify3,TFT7_Augment_CannoneerRicochet,,0.0,,0.0,1.0,,1.0,,1.0,,,0.0,,0.0,,1.0,,1.0,,,,,1.0,,,1.0,,1.0,,,,,,,,,,,,,,,,,,,,,,,,,,,,,2.0,InfinityEdge,RunaansHurricane,Bloodthirster,,,,,,,,,,,,,,,,,2.0,GargoyleStoneplate,TitansResolve,RedBuff,,,,,,,,,,,,,,,,,,,,,,,,,,,,,,,,,,,,,,,,,,,,,,,,,2.0,PowerGauntlet,,,1.0,,,,,,,,,,,,,,,,,,,,,,,,,,,,,,,,,,,,,,,,,,,,,,,,,,,,,,,,,,,,1.0,,,,1.0,,,,,,,,,,,,,,,,,,,,,,,,,,,,2.0,TrainerSnax,None,None,2.0,RecurveBow,,,,,,,,,,,,,,,,,,,,,,,,,,,,,,,,,,
4,EUW1_5971882118,TFT6_Augment_CyberneticShell2,TFT7_Augment_UrfsGrabBag2,TFT7_Augment_BruiserTitanicStrength,2.0,,,2.0,,,,0.0,,,1.0,,0.0,0.0,0.0,,0.0,,1.0,,,,,,1.0,,1.0,0.0,,,,,,,,,,,,,,,,,,,,,,,,,,,,,,,,,2.0,GiantsBelt,,,,,,,,,,,,,,,,,,,,,,,,,,,,,,,,,,,,,,,,,,,,,,,,,,,,,,,,,,,,,,,,,,,,,,,,,,,,,,,,,,,,,,,2.0,InfinityEdge,AssassinEmblemItem,RunaansHurricane,2.0,TearOfTheGoddess,,,,,,,2.0,ScalescornEmblemItem,,,,,,,,,,,,,,,,,,,1.0,RedBuff,,,,,,,,,,,,,,,,,,,,,,,2.0,NegatronCloak,,,,,,,2.0,SparringGloves,,,,,,,,,,,,,None,None,,,,,,,,,,,,,,,,,,,,,,,,,1.0,ChainVest,SeraphsEmbrace,Bloodthirster,,,,,,,,
3,EUW1_5971882118,TFT6_Augment_SunfireBoard,TFT6_Augment_Diversify3,TFT7_Augment_BestFriends2,0.0,,1.0,1.0,,1.0,1.0,,,,3.0,,0.0,,,0.0,0.0,,,,,,,,2.0,,0.0,,,,,,,,,,1.0,GuinsoosRageblade,MadredsBloodrazor,,,,,,,,,,1.0,,,,,,,,,,,,,,,,,,,,,,,,,,,,,,,,,,,,,,,,,,,,2.0,Redemption,Morellonomicon,SeraphsEmbrace,,,,,,,,,,,,,,,,,,,,,,,,,,,,,,,,,,,,,,,,,,,,,,,,,,,,,,,,,2.0,ThiefsGloves,PowerGauntlet,Shroud,,,,,,,,,,,,,2.0,,,,,,,,,,,,2.0,,,,,,,,,,,,,,,,,,,,,,,,,,,,,,,,1.0,LastWhisper,IonicSpark,,,,,,,,,,,,None,None,,,,,,,,,,,,,,,,,,,,,,,,,,,,,,,,,,,,
5,EUW1_5971882118,TFT6_Augment_CyberneticShell2,TFT6_Augment_ThriftShop,TFT7_Augment_BruiserEmblem,,0.0,,3.0,,,1.0,,,,1.0,,0.0,0.0,,,0.0,,,,,,,1.0,0.0,,0.0,2.0,,,,,,,,,,,,,,,,,,,,,,,,,,,,,,,,,,,,,,,,,,,,,,,,,2.0,MadredsBloodrazor,,,,,,,,,,,,,,,,,,,,,,,2.0,NegatronCloak,,,,,,,,,,,,,,,,,,,,,,,,,,,,,,,,,,,,,,,,,,,,,,,,,,,1.0,RedBuff,,,,,,,,,,,,,,,,,,,,,,,,,,,2.0,NegatronCloak,,,,,,,,,,,,,,,,,,,,,,,1.0,GiantsBelt,,,,,,,,,,,,,,,,,,,,,None,None,,,,,2.0,BruiserEmblemItem,,,3.0,RunaansHurricane,Deathblade,Deathblade,,,,,,,,,,,,,,,,,,,,,,,,
2,EUW1_5971882118,TFT7_Augment_CavalierEmblem,TFT6_Augment_Diversify3,TFT6_Augment_ThrillOfTheHunt2,,,,,,0.0,,1.0,,,,0.0,,,,,0.0,,,1.0,,,,0.0,0.0,,,,,,,,,,,,,,,,2.0,,,,,,,,,,,,,,,,,,,,,,,,,,,,,,,,,,,,,,,,,,,,,,,,2.0,Shroud,LocketOfTheIronSolari,,2.0,,,,,,,,,,,,,,,,,,,,,,,,2.0,TitansResolve,UnstableConcoction,RunaansHurricane,,,,,,,,,,,,,,,,,,,,,,,,,,,,,,,,,,,,,,,,,,,,,,,,,,,,,,,,,,,,,,,,,,,,,,,,,,,,,,,,,1.0,StatikkShiv,Quicksilver,GuinsoosRageblade,,,,,,,,,,,,,,,,,,,,,,,None,None,,,,,,,,,,,,,,,,,,,,,,,,,,,,,,,,,,,,
7,EUW1_5971882118,TFT7_Augment_RagewingEmblem,TFT7_Augment_BestFriends3,TFT7_Augment_BigFriend2,0.0,1.0,,1.0,,0.0,,,,,2.0,,,0.0,,,0.0,,,,,,,1.0,1.0,,0.0,,,,,,,,,,,,,,,,,,,,,,,,,,,,,,,,,,,,,,,,,,,,,,,,,,,,,,,,,,1.0,GuinsoosRageblade,MadredsBloodrazor,,,,,,,,,,,,,,,,,,,,,,,,,,,,,,,,,,,,,,,,,,,,,,,,,,,,,,,,,,,,,,,,,,,,,,,,,,1.0,,,,,,,,1.0,,,,,,,,,,,,2.0,,,,,,,,1.0,DragonsClaw,BrambleVest,,,,,,,,,,,,,,,,,,,,,,,,,,,,,,,,,,,,None,None,,,,,1.0,,,,1.0,RagewingEmblemItem,,,2.0,,,,,,,,,,,,,,,,,,,,,,,
6,EUW1_5971718154,TFT7_Augment_AxiomArc2,TFT6_Augment_Electrocharge3,TFT7_Augment_AstralIntercosmicGifts,,1.0,,1.0,,,,,0.0,,1.0,,,1.0,,1.0,,,,,,,,1.0,,1.0,,0.0,,,,,,,,,,,,,,,,,,,,,,,,,,,,,,,,,,,,,,,,,,,,,,,,,,,,,,,,,,,,,,,,,,,,,2.0,,,,3.0,Zephyr,BrambleVest,RedBuff,,,,,,,,,,,,,,,,,,,,,,,,,2.0,,,,3.0,FrozenHeart,,,,,,,,,,,,,,,,,,,,,,,,,,,,,,,,,,,,,,,,,,,,,,,,,,,,,,,1.0,,,,,,,,,,,,,,,,2.0,ThiefsGloves,GiantsBelt,Zephyr,,,,,,,,,,,,,,,,,2.0,TrainerSnax,None,None,,,,,1.0,,,,3.0,GuinsoosRageblade,MadredsBloodrazor,GuinsoosRageblade,,,,,,,,,,,,,,,,,,,,,,,,
7,EUW1_5971718154,TFT6_Augment_ThrillOfTheHunt2,TFT6_Augment_Twins3,TFT7_Augment_BestFriends2,2.0,,,1.0,,,,,,,1.0,,,,,,0.0,,1.0,,,,,,0.0,,1.0,,,,,,,,,,,,,,,,,,,,,,,,,,,,,,,,,,3.0,TitansResolve,RedBuff,,,,,,,,,,,,,,,,,,,,,,,,,,,,,,,,,,,,,,,,,,,,,,,,,,,,,,,,,,,,,,,,,,,,,,,,,,,,,,,,,,,,,,2.0,GuinsoosRageblade,MadredsBloodrazor,AssassinEmblemItem,,,,,,,,,2.0,,,,,,,,,,,,,,,,,,,,2.0,ThiefsGloves,GiantsBelt,RabadonsDeathcap,,,,,,,,,,,,,,,,,,,,,,,,,,,,,1.0,,,,,,,,,,,,,,None,None,,,,,,,,,,,,,,,,,,,,,,,,,,,,,,,,,,,,
4,EUW1_5971718154,TFT6_Augment_SecondWind2,TFT6_Augment_CyberneticShell3,TFT6_Augment_PortableForge,1.0,,,3.0,,,1.0,,,,1.0,,0.0,0.0,,,0.0,,0.0,,,,,,1.0,,1.0,2.0,,,,,,,,,,,,,,,,,,,,,,,,,,,,,,,,,,,,,,,,,,,,,,,,,2.0,OrnnDeathsDefiance,MadredsBloodrazor,Deathblade,,,,,,,,,,,,,,,,,,,,,,,,,,,,,,,,,,,,,,,,,,,,,,,,,,,,,,,,,,,,,,,,,,,,,2.0,ThiefsGloves,WarmogsArmor,InfinityEdge,2.0,Redemption,SparringGloves,,,,,,2.0,BruiserEmblemItem,,,,,,,,,,,,,,,,,,,2.0,PowerGauntlet,,,,,,,,,,,,,,,,,,,,,,,2.0,FrozenHeart,,,,,,,1.0,Zephyr,Bloodthirster,,,,,,,,,,,,None,None,,,,,,,,,,,,,,,,,,,,,,,,,,,,,,,,,,,,
3,EUW1_5971718154,TFT7_Augment_SwiftshotPressTheAttack,TFT6_Augment_Diversify3,TFT6_Augment_SecondWind2,1.0,,,1.0,,1.0,,,,,3.0,,0.0,,,,1.0,,,,,,,1.0,1.0,,0.0,,,,,,,,,,,,,,,,,,,,,,,,,,,,,,,,,,,,,,,,,,,,,,,,,,,,,,,,,,,,,,,,,,2.0,,,,,,,,,,,,,,,,,,,,,,,,,,,,,,,,,,,,,,,,,,,,,,,,,,,,,,,,,,,,2.0,RedBuff,,,,,,,2.0,,,,,,,,2.0,TitanicHydra,,,,,,,,,,,2.0,LocketOfTheIronSolari,,,,,,,,,,,,,,,,,,,,,,,,,,,,,,,2.0,ArchangelsStaff,ArchangelsStaff,JeweledGauntlet,,,,,,,,,,,None,None,,,,,2.0,,,,,,,,,,,,,,,,2.0,Quicksilver,GuinsoosRageblade,MadredsBloodrazor,,,,,,,,,,,,
1,EUW1_5971718154,TFT7_Augment_MageConference,TFT6_Augment_LudensEcho3,TFT6_Augment_Meditation2,,1.0,,1.0,,0.0,,,0.0,,1.0,,,3.0,,1.0,,,0.0,,,,,,,1.0,,0.0,,,,,,,,,,,,,,,,,,,,,,,,,,,,,,,,,,,,,,,,,,,,,,,,,,,,,,,,,,,,,,,,,,,,,3.0,,,,3.0,GuinsoosRageblade,MageEmblemItem,HextechGunblade,,,,,,,,,,,,,,,,,,,,,3.0,,,,2.0,,,,3.0,,,,,,,,,,,,,,,,,,,,,,,,,,,,,,,,2.0,JeweledGauntlet,SpearOfShojin,ArchangelsStaff,,,,,,,,,,,,,,,,,,,,,,,,,,,,,,,,,,,,,3.0,GargoyleStoneplate,IonicSpark,RedBuff,,,,,,,,,,,,,,,,,4.0,TrainerSnax,None,None,,,,,,,,,,,,,3.0,,,,,,,,,,,,,,,,,,,,,,,
2,EUW1_5971718154,TFT6_Augment_CyberneticImplants2,TFT6_Augment_CelestialBlessing3,TFT6_Augment_CyberneticUplink2,,,,,,,1.0,0.0,0.0,,,3.0,0.0,,,0.0,,,,1.0,,,1.0,0.0,,,,,,,,,3.0,HextechGunblade,RabadonsDeathcap,SpearOfShojin,,,,,2.0,StatikkShiv,,,,,,,,,,,,,,,,,,,,,,,,,,,,,,,2.0,TitansResolve,Quicksilver,MadredsBloodrazor,,,,,,,,,,,,,2.0,,,,,,,,,,,,,,,,,,,,1.0,,,,,,,,,,,,,,,,,,,,,,,,,,,,2.0,RedBuff,Redemption,,,,,,,,,,,,,,,,,,,,,,,,,,,,,,,,,,,,,,,,,,,,,,,,,,,,,,,,,,1.0,,,,,,,,,,,,,,,,,,,,,,,,,,,,,,None,None,,,,,,,,,,,,,,,,,,,,,,,,,,,,,,,,,,,,
8,EUW1_5971718154,TFT6_Augment_TradeSector,TFT6_Augment_FuturePeepers2,TFT6_Augment_Ascension,,2.0,,1.0,,,,,,,1.0,,,1.0,,0.0,,,,0.0,,,,1.0,,,,,,,,,,,,,,,,,,,,,,,,,,,,,,,,,,,,,,,,,,,,,,,,,,,,,,,,,,,,,,,,,,,,,,,,,,,,,2.0,RedBuff,FrozenHeart,MageEmblemItem,,,,,,,,,,,,,,,,,,,,,,,,,,,,,2.0,,,,,,,,3.0,,,,,,,,,,,,,,,,,,,,,,,,,,,,,,,,,,,,,,,,,,,,,,,,3.0,IonicSpark,,,,,,,,,,,,,,,,,,,,,,,,,,,,,,,,,,,,,None,None,,,,,1.0,,,,2.0,BFSword,,,3.0,ZephyrRadiant,,,,,,,,,,,,,,,,,,,,,,
5,EUW1_5971718154,TFT7_Augment_Bloodlust1,TFT6_Augment_ThriftShop,TFT6_Augment_MakeshiftArmor2,,1.0,1.0,1.0,,,,,0.0,,3.0,,,1.0,,2.0,,,,,,,,1.0,,0.0,,0.0,,,,,,,,,,,,,,,,,,,,,2.0,SpearOfShojin,,,,,,,,,,,,,,,,,,,,,,,,,,,,,,,,,,,,,,,,,,,,,,,,,,,3.0,RedBuff,TitanicHydra,Zephyr,,,,,,,,,,,,,,,,,,,,,,,,,2.0,RecurveBow,,,2.0,,,,,,,,,,,,,,,,,,,,,,,,,,,,,,,,2.0,GuinsoosRageblade,,,,,,,,,,,,,,,,,,,,,,,,,,,,,,,,,,,,,,,1.0,,,,,,,,,,,,,,,,,,,,,,None,None,,,,,2.0,,,,3.0,Deathblade,RunaansHurricane,GuinsoosRageblade,,,,,,,,,,,,,,,,,,,,,,,,
7,EUW1_5971942851,TFT7_Augment_UrfsGrabBag1,TFT6_Augment_CelestialBlessing1,TFT6_Augment_TomeOfTraits1,3.0,,,1.0,,,1.0,,,,1.0,,0.0,,,,0.0,,0.0,,0.0,,,,1.0,,,1.0,,,,,,,,,,,,,,,,,,,,,,,,,,,,,,,,,3.0,InfinityEdge,UnstableConcoction,TempestEmblemItem,,,,,,,,,,,,,1.0,AssassinEmblemItem,RunaansHurricane,UnstableConcoction,,,,,,,,,,,,,,,,,,,,,,,,,,,,,,,,,2.0,,,,,,,,,,,,,,,,,,,,,,,,,,,,,,,,,,,,,,,,1.0,RedBuff,AssassinEmblemItem,WarmogsArmor,,,,,2.0,IonicSpark,,,,,,,,,,,,,,,,,,,,,,,,,,,,,,,,,,,,,,,,,,,,,,,,,,,2.0,,,,,,,,,,,,,,None,None,,,,,,,,,,,,,,,,,,,,,,,,,,,,,,,,,,,,
1,EUW1_5971942851,TFT6_Augment_Twins2,TFT7_Augment_AxiomArc1,TFT7_Augment_BigFriend2,,,,0.0,,3.0,,0.0,0.0,,1.0,0.0,,,1.0,,0.0,,,,,,1.0,,,,1.0,,,,,,,,,,,,,,,,,,,,,,,,,,,,,,,,,,,,,,,,,,,,,,,,,,,,,,,,,,,,,,,,,,2.0,Redemption,EvokerEmblemItem,,,,,,,,,,,,,,,,,,,,,,,,,,,,,,,,,,,,,,,,,,,,,,,,,,3.0,HextechGunblade,ArchangelsStaff,WarmogsArmor,,,,,,,,,,,,,,,,,,,,,2.0,,,,,,,,,,,,2.0,,,,,,,,,,,,,,,,2.0,CavalierEmblemItem,,,,,,,,,,,,,,,,,,,,,,,,,,,,,None,None,,,,,,,,,,,,,,,,,,,,,,,,,2.0,InfinityEdge,Deathblade,MadredsBloodrazor,,,,,,,,
8,EUW1_5971942851,TFT6_Augment_ThreesCompany,TFT6_Augment_Weakspot,TFT7_Augment_BestFriends2,1.0,,,0.0,0.0,1.0,,,,,2.0,,0.0,,,,1.0,,0.0,,,,,1.0,1.0,,,,,,,,,,,,,,,,,,,,,,,,,,,,,,,,,,,,2.0,FrozenHeart,GiantsBelt,,,,,,,,,,,,,,,,,,,,,,,,,,,,,,1.0,,,,,,,,,,,,,,,,,,,,,,,,,,,,,,,,,,,,,,,,,,,,,,,,,,,,,,,,,,,,1.0,GargoyleStoneplate,WarmogsArmor,,,,,,2.0,,,,,,,,1.0,,,,1.0,,,,,,,,,,,,,,,,,,,,,,,,,,,,,,,,,,,,,,,,,,,,,,,,,,,,,,None,None,,,,,2.0,ZekesHerald,TitanicHydra,,,,,,,,,,,,,,2.0,GuinsoosRageblade,MadredsBloodrazor,,,,,,,,,,,,,
3,EUW1_5971942851,TFT6_Augment_CyberneticShell2,TFT6_Augment_PandorasItems,TFT6_Augment_Diversify2,1.0,,,1.0,,2.0,,,,,3.0,,0.0,,,,1.0,,,,,,,1.0,1.0,,0.0,,,,,,,,,,,,,,,,,,,,,,,,,,,,,,,,,,,,,,,,,,,,,,,,,,,,,,,,,,,,,,,,,,2.0,,,,,,,,,,,,,,,,,,,,,,,,,,,,,,,,,,,,,,,,,,,,,,,,,,,,,,,,,,,,2.0,RedBuff,BrambleVest,CavalierEmblemItem,,,,,2.0,FrozenHeart,LocketOfTheIronSolari,,,,,,1.0,NegatronCloak,,,,,,,,,,,2.0,Zephyr,,,,,,,,,,,,,,,,,,,,,,,,,,,,,,,2.0,Deathblade,,,,,,,,,,,,,None,None,,,,,2.0,,,,,,,,,,,,,,,,2.0,GuardianAngel,MadredsBloodrazor,GuinsoosRageblade,,,,,,,,,,,,
6,EUW1_5971942851,TFT6_Augment_ThrillOfTheHunt2,TFT6_Augment_Weakspot,TFT7_Augment_FirstAidKit2,,,,,,,1.0,0.0,1.0,,,2.0,0.0,,0.0,0.0,,0.0,,1.0,,,,,,,0.0,,,,,,2.0,,,,,,,,,,,,,,,,,,,,,,,,,,,,,,,,,,,,,,,,2.0,GuinsoosRageblade,Bloodthirster,GuardianAngel,,,,,,,,,,,,,2.0,,,,,,,,,,,,,,,,,,,,,,,,,,,,,,,,,,,,,,,,,,,,,,,,2.0,WarmogsArmor,WarmogsArmor,,,,,,,,,,,,,,,,,,,,,,,,,,,,,,,,,,,,,,,,,,,,,,,,,,,,,,2.0,ArchangelsStaff,,,,,,,,,,,,,,,,,,,,,,,,,,,,,,,,,None,None,,,,,,,,,,,,,,,,,,,,,,,,,1.0,SeraphsEmbrace,RunaansHurricane,,,,,,,,,
5,EUW1_5971942851,TFT7_Augment_FirstAidKit2,TFT6_Augment_TinyTitans,TFT7_Augment_DragonHorde,,,,,0.0,,2.0,,1.0,1.0,,,,,1.0,1.0,,2.0,,,1.0,,,,,0.0,,0.0,,,,,,,,,,,,,,,,,,,,,,,,,,,,,2.0,Deathblade,RecurveBow,,,,,,2.0,RevelEmblemItem,GuinsoosRageblade,HextechGunblade,2.0,RedBuff,DragonsClaw,IonicSpark,,,,,,,,,,,,,,,,,,,,,,,,,,,,,,,,,,,,,,,,,,,,,,,,,,,,,,,,,2.0,,,,,,,,,,,,,,,,,,,,,,,,,,,,,,,,,,,,,,,,,,,,,,,,,,,,,,,,,,,,,,,,1.0,Chalice,MysticEmblemItem,,,,,,,,,,,,,,,,,,,,,,,,,,1.0,,,,,,None,None,,,,,,,,,,,,,,,,,,,,,,,,,,,,,,,,,,,,
2,EUW1_5971942851,TFT7_Augment_AssassinEmblem,TFT6_Augment_ItemGrabBag1,TFT6_Augment_ThrillOfTheHunt2,2.0,,,2.0,,,1.0,,,,1.0,0.0,0.0,0.0,,,0.0,,0.0,,,,1.0,,1.0,,0.0,2.0,,,,,,,,,,,,,,,,,,,,,,,,,,,,,,,,,2.0,RedBuff,StatikkShiv,,,,,,,,,,,,,,2.0,InfinityEdge,AssassinEmblemItem,RunaansHurricane,,,,,,,,,,,,,,,,,,,,,,,,,,,,,,,,,,,,,,,,,,,,,,,,,,,,,,,,,,,,,,,,,,,,,,,,,2.0,LocketOfTheIronSolari,TitanicHydra,,,,,,1.0,,,,,,,,,,,,,,,,,,,,1.0,,,,,,,,,,,,,,,,1.0,StatikkShiv,,,,,,,2.0,Shroud,,,,,,,2.0,MadredsBloodrazor,RunaansHurricane,RunaansHurricane,,,,,,,,,,,None,None,,,,,,,,,,,,,,,,,,,,,,,,,,,,,,,,,,,,
4,EUW1_5971942851,TFT6_Augment_ThrillOfTheHunt2,TFT7_Augment_BruiserTrait,TFT6_Augment_Meditation2,,,,2.0,0.0,,,,1.0,,,,,1.0,,0.0,0.0,2.0,,,0.0,1.0,,,,1.0,0.0,0.0,,,,,,,,,,,,,,,,,,,,,,,,,,,,,2.0,InfinityEdge,GuinsoosRageblade,MadredsBloodrazor,,,,,,,,,,,,,,,,,,,,,,,,,,,,,,,,,,,,,2.0,,,,,,,,,,,,,,,,,,,,,,,,,,,,,,,,2.0,StatikkShiv,ArchangelsStaff,,,,,,,,,,,,,,,,,,,,,,,,,,,,,,,,,,,,,,,,,,,,,,,,,,2.0,,,,,,,,,,,,2.0,,,,,,,,,,,,2.0,ThiefsGloves,RecurveBow,GuinsoosRageblade,2.0,FrozenHeart,WarmogsArmor,GiantsBelt,,,,,,,,,,,,,3.0,TrainerSnax,None,None,,,,,,,,,,,,,,,,,,,,,,,,,,,,,,,,,1.0,,,
1,EUW1_5970932628,TFT7_Augment_MirageEmblem,TFT6_Augment_PandorasItems,TFT6_Augment_MaxLevel10,,,1.0,,,2.0,1.0,0.0,,0.0,1.0,,,1.0,4.0,0.0,0.0,,0.0,,0.0,1.0,,,,,1.0,,,,,,,,,,,,,,,,,,,,,,1.0,,,,,,,,,,,,,,,,2.0,UnstableConcoction,ArchangelsStaff,GuinsoosRageblade,,,,,,,,,,,,,,,,,,,,,,,,,2.0,IonicSpark,GiantsBelt,MirageEmblemItem,,,,,,,,,,,,,,,,,,,,,,,,,2.0,,,,2.0,,,,,,,,,,,,,,,,,,,,2.0,WarmogsArmor,RedBuff,Redemption,,,,,,,,,,,,,,,,,,,,,,,,,,,,,,,,,,,,,,,,,,,,,,,,,,,,,,,,,,,,,,,,,,,,,,,,,,,,,,,None,None,,,,,,,,,,,,,,,,,,,,,,,,,2.0,MageEmblemItem,GuardianAngel,RapidFireCannon,2.0,,,,2.0,SpearOfShojin,StatikkShiv,
2,EUW1_5970932628,TFT7_Augment_GadgetExpert,TFT6_Augment_LudensEcho1,TFT6_Augment_BandOfThieves2,0.0,,1.0,1.0,,0.0,1.0,,,,3.0,,0.0,,,0.0,2.0,,,0.0,,,,1.0,0.0,,0.0,,,,,,,,,,,,,,,,,,,,,,2.0,,,,,,,,,,,,,,,,,,,,,,,,,,,,,,,,,,,,,,,,,,,,2.0,ThiefsGloves,Redemption,Redemption,,,,,,,,,,,,,,,,,,,,,,,,,,,,,,,,,,,,,,,,,,,,,,,,,,,,,,,,,2.0,Shroud,DragonsClaw,,,,,,,,,,,,,,,,,,,,,,,,,,2.0,ThiefsGloves,ZekesHerald,RapidFireCannon,2.0,ThiefsGloves,DragonsClaw,HextechGunblade,,,,,,,,,,,,,,,,,,,,,,,,,2.0,RunaansHurricane,RunaansHurricane,RedBuff,,,,,,,,,,,None,None,,,,,2.0,StatikkShiv,Redemption,Zephyr,,,,,,,,,,,,,2.0,Deathblade,UnstableConcoction,RunaansHurricane,,,,,,,,,,,,
6,EUW1_5970932628,TFT7_Augment_GadgetExpert,TFT6_Augment_Featherweights1,TFT6_Augment_RadiantRelics,,,,1.0,2.0,,,,0.0,,,,0.0,,,0.0,,2.0,,,,,,,0.0,1.0,,,,,,,,,,,,,,,,,,,,,,,,,,,,,,,2.0,GiantSlayerRadiant,StatikkShiv,JeweledGauntlet,,,,,,,,,,,,,,,,,,,,,,,,,,,,,,,,,,,,,,,,,,,,,2.0,,,,,,,,,,,,,,,,,,,,,,,,2.0,,,,,,,,,,,,,,,,,,,,,,,,1.0,ThiefsGloves,BFSword,ZekesHerald,,,,,,,,,,,,,,,,,,,,,,,,,,,,,,,,,,,,,,,,,,,,,,,,,,,,,3.0,DragonsClaw,RedBuff,,,,,,,,,,,,,,2.0,TrainerSnax,None,None,2.0,GuinsoosRageblade,Deathblade,MadredsBloodrazor,,,,,,,,,,,,,,,,,,,,,,,,,,,,,,,,
8,EUW1_5970932628,TFT7_Augment_EvokerEmblem,TFT6_Augment_Meditation1,TFT7_Augment_TomeOfTraits2,,0.0,,1.0,,,1.0,,1.0,,2.0,,,2.0,,2.0,,,,,,,,,1.0,1.0,,0.0,,,,,,,,,1.0,SpearOfShojin,EvokerEmblemItem,HextechGunblade,,,,,,,,,,,,,,,,,,,,,,,,,,,,,,,,,,,,,,,,,,,,,,,,,,,,,,,,,2.0,,,,2.0,GargoyleStoneplate,,,,,,,,,,,,,,,,,,,,,,,,,,,2.0,GuildEmblemItem,MageEmblemItem,PowerGauntlet,3.0,,,,,,,,,,,,,,,,,,,,,,,,,,,,,,,,1.0,,,,,,,,,,,,,,,,,,,,,,,,,,,,,,,,,,,,,,,,1.0,RedBuff,MysticEmblemItem,Redemption,,,,,,,,,,,,,,,,,3.0,TrainerSnax,None,None,,,,,,,,,,,,,,,,,,,,,,,,,,,,,,,,,,,,
5,EUW1_5970932628,TFT7_Augment_FirstAidKit2,TFT6_Augment_TinyTitans,TFT6_Augment_HighEndShopping,,0.0,1.0,1.0,,,1.0,,,,2.0,,,2.0,,1.0,,,,,0.0,1.0,,,,0.0,,2.0,,,,,,,,,,,,,,,,,,,,,1.0,,,,,,,,,,,,,,,,,,,,,,,,,,,,2.0,UnstableConcoction,Bloodthirster,TitansResolve,,,,,,,,,,,,,,,,,1.0,,,,,,,,,,,,,,,,,,,,,,,,,,,,,,,,,,,,2.0,,,,,,,,,,,,,,,,,,,,,,,,,,,,,,,,1.0,HextechGunblade,SpearOfShojin,,,,,,,,,,,,,,,,,,,,,,,,,,,,,,,,,,,,,,2.0,BrambleVest,RedBuff,IonicSpark,,,,,,,,,,,,,,,,,,,None,None,,,,,,,,,,,,,,,,,,,,,,,,,,,,,,,,,1.0,,,
7,EUW1_5970932628,TFT7_Augment_MirageHallucinate,TFT6_Augment_ThrillOfTheHunt1,TFT6_Augment_HighEndShopping,,,,,,2.0,1.0,0.0,,,,,,0.0,3.0,,0.0,,0.0,,,,,,,,1.0,,,,,,,,,,,,,,,,,,,,,,,,,,,,,,,,,,,,,,1.0,ArchangelsStaff,GuinsoosRageblade,MadredsBloodrazor,,,,,,,,,,,,,,,,,,,,,,,,,1.0,,,,,,,,,,,,,,,,,,,,,,,,,,,,,,,,2.0,,,,,,,,,,,,,,,,,,,,2.0,RedBuff,WarmogsArmor,Shroud,,,,,,,,,,,,,,,,,,,,,,,,,,,,,,,,,,,,,,,,,,,,,,,,,,,,,,,,,,,,,,,,,,,,,,,,,,,,,,,None,None,,,,,,,,,,,,,,,,,,,,,,,,,1.0,,,,2.0,InfinityEdge,,,,,,
3,EUW1_5970932628,TFT6_Augment_PortableForge,TFT6_Augment_ItemGrabBag1,TFT6_Augment_Diversify3,,,,1.0,,,1.0,,1.0,,,1.0,0.0,,,,,0.0,,1.0,,,1.0,,0.0,,,2.0,,,,,3.0,MadredsBloodrazor,RabadonsDeathcap,SpearOfShojin,,,,,,,,,,,,,,,,,,,,,,,,,,,,,,,,,,,,,,,,,2.0,UnstableConcoction,OrnnDeathsDefiance,MadredsBloodrazor,2.0,ChainVest,,,,,,,,,,,,,,,,,,,,,,,,,,,,,,,,,,,,,,,,,,,,,,,,,,,,,,,2.0,WarmogsArmor,Quicksilver,GargoyleStoneplate,,,,,,,,,,,,,2.0,PowerGauntlet,,,,,,,,,,,,,,,,,,,,,,,,,,,,,,,,,,,,,,,2.0,,,,1.0,PowerGauntlet,ZekesHerald,,,,,,,,,,,,,,,,,,,,,,,,,,,,None,None,,,,,,,,,,,,,,,,,,,,,,,,,,,,,,,,,,,,
4,EUW1_5970932628,TFT6_Augment_SecondWind2,TFT6_Augment_FirstAidKit,TFT6_Augment_ItemGrabBag2,1.0,,1.0,1.0,,0.0,,,,,3.0,,0.0,,,0.0,1.0,,,,,,,1.0,1.0,,0.0,,,,,,,,,,,,,,,,,,,,,,1.0,,,,,,,,,,,,,,,,,,,,,,,,,,,,,,,,,,,,,,,,,,,,2.0,GargoyleStoneplate,,,,,,,,,,,,,,,,,,,,,,,,,,,,,,,,,,,,,,,,,,,,,,,,,,,,,,,,,,,2.0,IonicSpark,RedBuff,WarmogsArmor,,,,,2.0,TitanicHydra,,,,,,,,,,,,,,,,,,,1.0,,,,,,,,,,,,,,,,,,,,,,,,,,,,,,,,2.0,UnstableConcoction,UnstableConcoction,RunaansHurricane,,,,,,,,,,,None,None,,,,,2.0,,,,,,,,,,,,,,,,2.0,Deathblade,GuinsoosRageblade,UnstableConcoction,,,,,,,,,,,,
3,EUW1_5971945751,TFT7_Augment_BestFriends1,TFT7_Augment_BestFriends2,TFT6_Augment_BinaryAirdrop,,,1.0,,1.0,,1.0,,1.0,1.0,1.0,,,,,1.0,,1.0,0.0,,1.0,,,,,1.0,,,,,,,,,,,,,,,,,,,,,,,2.0,,,,1.0,TitanicHydra,RedBuff,RabadonsDeathcap,2.0,LastWhisper,GuinsoosRageblade,LocketOfTheIronSolari,,,,,,,,,2.0,WarmogsArmor,GargoyleStoneplate,BrambleVest,,,,,,,,,,,,,,,,,,,,,,,,,,,,,,,,,,,,,,,,,,,,,,,,,,,,,,,,,2.0,ZekesHerald,Redemption,UnstableConcoction,,,,,,,,,,,,,,,,,,,,,,,,,,,,,,,,,,,,,,,,,,,,,,,,,,,,,,,,,,,,,2.0,ShimmerscaleGoldmancersStaff,TitansResolve,Shroud,,,,,,,,,,,,,,,,,,,,,,,,,,,,,3.0,TrainerSnax,None,None,2.0,ThiefsGloves,WarmogsArmor,BrambleVest,,,,,,,,,,,,,,,,,,,,,,,,,,,,,,,,
4,EUW1_5971945751,TFT6_Augment_ThrillOfTheHunt1,TFT7_Augment_UrfsGrabBag1,TFT7_Augment_UrfsGrabBag2,2.0,,,2.0,,,,,,,,,0.0,0.0,,,0.0,,1.0,,0.0,,,,1.0,,1.0,0.0,,,,,,,,,,,,,,,,,,,,,,,,,,,,,,,,,3.0,RedBuff,IonicSpark,FrozenHeart,,,,,,,,,,,,,,,,,,,,,,,,,,,,,,,,,,,,,,,,,,,,,,,,,2.0,RunaansHurricane,,,,,,,,,,,,,,,,,,,,,,,,,,,,,,,,,,,3.0,RapidFireCannon,AssassinEmblemItem,InfinityEdge,1.0,,,,,,,,2.0,IonicSpark,,,,,,,,,,,,,,,,,,,2.0,,,,,,,,,,,,,,,,,,,,,,,,2.0,AssassinEmblemItem,WarmogsArmor,ZekesHerald,,,,,,,,,,,,,,,,,,,None,None,,,,,,,,,,,,,,,,,,,,,,,,,,,,,,,,,,,,
1,EUW1_5971945751,TFT6_Augment_SecondWind1,TFT7_Augment_DragonHorde,TFT6_Augment_CyberneticShell3,0.0,,1.0,,,,2.0,,,1.0,2.0,1.0,,,0.0,1.0,,,,,1.0,,,,1.0,,,,,,,,,,,,1.0,ShimmerscaleGoldmancersStaff,JeweledGauntlet,,,,,,,,,,2.0,,,,,,,,,,,,,,,,,,,,2.0,WarmogsArmor,RedBuff,GargoyleStoneplate,2.0,RapidFireCannon,GuardianAngel,MadredsBloodrazor,,,,,,,,,,,,,,,,,,,,,,,,,,,,,,,,,,,,,,,,,,,,,2.0,Shroud,,,,,,,,,,,,,,,,,,,,,,,,,,,,,,,,,,,,,,,,,,,,,,,,,,,,,,,,,,,,,,,,,,,,,,,,,,,,,,,,,,,,,,,,,,,2.0,ThiefsGloves,InfinityEdge,RapidFireCannon,,,,,,,,,,,None,None,,,,,,,,,,,,,,,,,,,,,,,,,,,,,,,,,,,,
5,EUW1_5971945751,TFT7_Augment_BandOfThieves1,TFT6_Augment_Electrocharge2,TFT6_Augment_CelestialBlessing3,0.0,,,1.0,,1.0,,0.0,,,1.0,,0.0,,1.0,,1.0,,,,,,,1.0,1.0,,1.0,,,,,,,,,,,,,,,,,,,,,,,,,,,,,,,,,,,,,,,,,,,,,,,,,,,,,,,,,,,,,,,,,,2.0,ThiefsGloves,PowerGauntlet,FrozenHeart,,,,,,,,,,,,,,,,,,,,,,,,,,,,,,,,,,,,,,,,,,,,,,,,,2.0,,,,,,,,2.0,,,,,,,,2.0,FrozenHeart,Shroud,,,,,,,,,,,,,,,,,,2.0,,,,,,,,,,,,,,,,,,,,,,,,,,,,,,,,,,,,,,,,,,,,,,None,None,,,,,2.0,ZekesHerald,,,,,,,,,,,,,,,2.0,Quicksilver,MadredsBloodrazor,GuinsoosRageblade,1.0,GargoyleStoneplate,Deathblade,,,,,,,,,
8,EUW1_5971945751,TFT7_Augment_ShimmerscaleEmblem,TFT6_Augment_ThrillOfTheHunt2,TFT6_Augment_HighEndShopping,1.0,,,0.0,,,1.0,0.0,,,,,0.0,,,,2.0,,,0.0,1.0,,,0.0,0.0,,1.0,,2.0,,,,,,,,,,,,,,,,,,,,,,,,,,,,,,,,,,,,,,,,,,,,,,,,,,,,,,,,,,,,,,,,,,,,,,,,,,,,,,,,,,,,2.0,MadredsBloodrazor,ShimmerscaleGoldmancersStaff,InfinityEdge,,,,,,,,,,,,,,,,,,,,,,,,,,,,,,,,,,,,,,,,,,,,,2.0,Shroud,,,,,,,,,,,,,,,,,,,1.0,ShimmerscaleEmblemItem,,,2.0,AssassinEmblemItem,,,,,,,,,,,,,,,,,,,,,,,,,,,,,,,,,,,,,,,,,None,None,,,,,,,,,,,,,,,,,2.0,,,,1.0,,,,,,,,,,,,,,,
7,EUW1_5971945751,TFT6_Augment_Distancing,TFT6_Augment_ThrillOfTheHunt2,TFT6_Augment_Distancing3,0.0,,,1.0,,2.0,,,,,2.0,,0.0,,0.0,,1.0,,,,,,,1.0,1.0,,0.0,,,,,,,,,,,,,,,,,,,,,,,,,,,,,,,,,,,,,,,,,,,,,,,,,,,,,,,,,,,,,,,,,,2.0,Shroud,,,,,,,,,,,,,,,,,,,,,,,,,,,,,,,,,,,,,,,,,,,,,,,,,,,2.0,,,,,,,,2.0,TearOfTheGoddess,RedBuff,DragonsClaw,,,,,1.0,,,,,,,,2.0,,,,,,,,,,,,1.0,,,,,,,,,,,,,,,,,,,,,,,,,,,,,,,,,,,,,,,,,,,,,,None,None,,,,,2.0,,,,,,,,,,,,,,,,1.0,GuinsoosRageblade,RunaansHurricane,MadredsBloodrazor,,,,,,,,,,,,
2,EUW1_5971945751,TFT6_Augment_ItemGrabBag1,TFT6_Augment_TradeSectorPlus,TFT6_Augment_CelestialBlessing3,1.0,1.0,,1.0,,,,,,,3.0,,,1.0,,0.0,,,,,,,,1.0,,,,1.0,,,,,,,,,,,,,,,,,,,,,,,,,,,,,,,,,,,,,,,,,,,,,,,,,,,,,,,,,,,,,,,,,,,,,,,,,3.0,WarmogsArmor,DragonsClaw,GargoyleStoneplate,,,,,,,,,,,,,,,,,,,,,,,,,,,,,3.0,Zephyr,,,,,,,,,,,,,,,,,,,,,,,2.0,Quicksilver,,,,,,,1.0,,,,,,,,,,,,,,,,,,,,,,,,,,,,,,,,,,,,,,,,2.0,Zephyr,,,,,,,2.0,ThiefsGloves,TitansResolve,MadredsBloodrazor,,,,,,,,,,,None,None,,,,,2.0,,,,3.0,GuinsoosRageblade,MageEmblemItem,Quicksilver,,,,,,,,,,,,,,,,,,,,,,,,
6,EUW1_5971945751,TFT7_Augment_CavalierTrait,TFT6_Augment_FuturePeepers,TFT6_Augment_Distancing3,1.0,,,1.0,,2.0,,,,,3.0,,0.0,,,,1.0,,,,,,,1.0,1.0,,0.0,,,,,,,,,,,,,,,,,,,,,,,,,,,,,,,,,,,,,,,,,,,,,,,,,,,,,,,,,,,,,,,,,,1.0,Morellonomicon,Redemption,,,,,,,,,,,,,,,,,,,,,,,,,,,,,,,,,,,,,,,,,,,,,,,,,,,,,,,,,,1.0,ThiefsGloves,PowerGauntlet,FrozenHeart,,,,,1.0,,,,,,,,1.0,Zephyr,,,,,,,,,,,1.0,,,,,,,,,,,,,,,,,,,,,,,,,,,,,,,,2.0,FrozenHeart,,,,,,,,,,,,,None,None,,,,,2.0,,,,,,,,,,,,,,,,1.0,MadredsBloodrazor,GuinsoosRageblade,Bloodthirster,,,,,,,,,,,,
4,EUW1_5970836542,TFT6_Augment_CyberneticShell1,TFT6_Augment_WindfallPlus,TFT7_Augment_JadeTrait2,,,,,,,1.0,1.0,,,,3.0,,,0.0,0.0,,,,1.0,,,1.0,0.0,,,0.0,,,,,,,,,,,,,,2.0,,,,,,,,,,,,,,,,,,,,,,,,,,,,,,,,2.0,TitansResolve,Bloodthirster,WarmogsArmor,,,,,,,,,,,,,2.0,GargoyleStoneplate,,,,,,,,,,,,,,,,,,,2.0,SparringGloves,,,,,,,,,,,,,,,,,,,,,,,,,,,2.0,ThiefsGloves,TitansResolve,ArchangelsStaff,,,,,,,,,,,,,,,,,,,,,,,,,,,,,,,,,,,,,,,,,,,,,,,,,,,,,,,,,1.0,RabadonsDeathcap,ArchangelsStaff,,,,,,,,,,,,,,,,,,,,,,,,,,,,None,None,,,,,,,,,,,,,,,,,,,,,,,,,1.0,SeraphsEmbrace,MadredsBloodrazor,HextechGunblade,,,,,,,,
6,EUW1_5970836542,TFT6_Augment_CelestialBlessing1,TFT7_Augment_CursedCrown,TFT7_Augment_CavalierForAllUnits,1.0,,,1.0,,1.0,,,,,3.0,,0.0,,,,1.0,,0.0,,,,,1.0,1.0,,1.0,,,,,,,,,,,,,,,,,,,,,,,,,,,,,,,,,,,,,,,,,,,,,,,,,,,,,,,,,,,,,,,,,,1.0,,,,,,,,,,,,,,,,,,,,,,,,,,,,,,,,,,,,,,,,,,,,,,,,,,,,,,,,1.0,,,,2.0,GuardianAngel,,,,,,,2.0,ThiefsGloves,LocketOfTheIronSolari,TitanicHydra,,,,,2.0,,,,,,,,,,,,2.0,,,,,,,,,,,,,,,,,,,,,,,,,,,,,,,,2.0,RedBuff,IonicSpark,FrozenHeart,,,,,,,,,,,None,None,,,,,2.0,,,,,,,,,,,,,,,,2.0,GuinsoosRageblade,MadredsBloodrazor,StatikkShiv,,,,,,,,,,,,
3,EUW1_5970836542,TFT6_Augment_CyberneticShell1,TFT6_Augment_MaxLevel10,TFT6_Augment_CyberneticShell3,,0.0,1.0,1.0,,,1.0,,1.0,,1.0,,,1.0,,1.0,,0.0,,,0.0,1.0,,,1.0,1.0,,0.0,,,,,,,,,1.0,SpearOfShojin,SpearOfShojin,StatikkShiv,,,,,,,,,1.0,,,,,,,,,,,,,,,,,,,,,,,,,,,,,,,,,,,,,,,,,,,,,,,,2.0,SeraphsEmbrace,,,3.0,GargoyleStoneplate,RedBuff,,,,,,,,,,,,,,,,,,,,,,,,,,2.0,NeedlesslyLargeRod,,,,,,,,,,,,,,,,,,,,,,,,,,,,,,,,,,,,,,,,,,,,,,,,,,,,,,,,,,,,,,,2.0,GuinsoosRageblade,,,,,,,,,,,2.0,RedBuff,,,,,,,,,,,,,,,,,,,3.0,TrainerSnax,None,None,,,,,,,,,,,,,,,,,,,,,,,,,,,,,,,,,1.0,BFSword,,
5,EUW1_5970836542,TFT7_Augment_CannoneerTrait,TFT7_Augment_BestFriends3,TFT7_Augment_CannoneerEmblem2,,,,,3.0,,1.0,,1.0,1.0,,,,0.0,,0.0,,1.0,,,2.0,1.0,,,,1.0,,0.0,,,,,,,,,,,,,,,,,,,,,,,,,,,,,2.0,InfinityEdge,RunaansHurricane,MadredsBloodrazor,,,,,,,,,2.0,RedBuff,ShimmerscaleMogulsMail,WarmogsArmor,,,,,,,,,,,,,,,,,,,,,,,,,,,,,,,,,,,,,,,,,,,,,,,,,,,,,,,,,1.0,,,,,,,,,,,,,,,,,,,,,,,,,,,,,,,,,,,,,,,,,,,,,,,,,,,,,,,,,,,,,,,,2.0,CannoneerEmblemItem,MadredsBloodrazor,JeweledGauntlet,,,,,,,,,,,,,,,,,,,,,,,,,2.0,ShimmerscaleEmblemItem,SparringGloves,,3.0,TrainerSnax,None,None,2.0,ShimmerscaleDravensAxe,,,,,,,,,,,,,,,,,,,,,,,,,,,,,,,1.0,,,
2,EUW1_5970836542,TFT6_Augment_SecondWind1,TFT7_Augment_ThinkFast,TFT6_Augment_Diversify3,0.0,1.0,1.0,1.0,,,,,,,3.0,,,1.0,,1.0,,,,,0.0,1.0,,1.0,,,,0.0,,,,,,,,,,,,,,,,,,,,,2.0,,,,,,,,,,,,,,,,,,,,,,,,,,,,,,,,,,,,,,,,,,,,,,,,,,,,3.0,GargoyleStoneplate,RedBuff,IonicSpark,,,,,,,,,,,,,,,,,,,,,,,,,,,,,3.0,ArchangelsStaff,,,,,,,,,,,,,,,,,,,,,,,,,,,,,,,,,,,,,,,,,,,,,,,,,,,,,,,,,,,,,,,,,,,,,,,1.0,,,,,,,,2.0,UnstableConcoction,ZekesHerald,,,,,,,,,,,,None,None,,,,,2.0,,,,3.0,MadredsBloodrazor,GuinsoosRageblade,RunaansHurricane,,,,,,,,,,,,,,,,,,,,,2.0,,,
8,EUW1_5970836542,TFT7_Augment_MageTrait,TFT6_Augment_MaxLevel10,TFT6_Augment_Distancing3,,,1.0,,1.0,,1.0,,0.0,1.0,1.0,0.0,,1.0,,0.0,,1.0,,,1.0,1.0,1.0,,,1.0,,,,,,,,,,,,,,,,,,,,,,,1.0,,,,,,,,2.0,HextechGunblade,InfinityEdge,GuardianAngel,,,,,,,,,2.0,ShimmerscaleMogulsMail,GargoyleStoneplate,RedBuff,,,,,,,,,,,,,,,,,,,,,,,,,1.0,,,,,,,,,,,,,,,,,,,,,,,,,,,,,,,,,,,,,,,,,,,,,,,,,,,,,,,,,,,,,,,,,,,,,,,,,,,,,,,,,,,,,,,,,,,,,,,,2.0,GuardianEmblemItem,,,1.0,,,,,,,,,,,,,,,,,,,,,,,,,,,,1.0,TrainerSnax,None,None,2.0,ThiefsGloves,IonicSpark,Deathblade,,,,,,,,,,,,,,,,,,,,,,,,,,,,,1.0,,,
1,EUW1_5970836542,TFT7_Augment_AssassinTrait,TFT7_Augment_UrfsGrabBag2,TFT7_Augment_WhispersEmblem2,3.0,,,2.0,,,1.0,,,,1.0,,0.0,0.0,,,0.0,,0.0,,,,,,1.0,,0.0,3.0,,,,,,,,,,,,,,,,,,,,,,,,,,,,,,,,,2.0,TitansResolve,IonicSpark,,,,,,,,,,,,,,2.0,InfinityEdge,AssassinEmblemItem,Bloodthirster,,,,,,,,,,,,,,,,,,,,,,,,,,,,,,,,,,,,,,,,,,,,,,,,,,,,,,,,,,,,,,,,,,,,,,,,,1.0,,,,1.0,,,,2.0,FrozenHeart,RedBuff,,,,,,,,,,,,,,,,,,2.0,ZekesHerald,TitanicHydra,Redemption,,,,,,,,,,,,,,,,,,,,,2.0,ForceOfNature,,,,,,,2.0,WhispersEmblemItem,InfinityEdge,GuardianAngel,,,,,,,,,,,None,None,,,,,,,,,,,,,,,,,,,,,,,,,,,,,,,,,,,,
7,EUW1_5970836542,TFT6_Augment_SecondWind1,TFT6_Augment_Distancing3,TFT6_Augment_BandOfThieves2,,,,,,2.0,1.0,,,0.0,2.0,,,,3.0,,0.0,,,,,,,0.0,,,0.0,,,,,,,,,,,,,,,,,,,,,,,,,,,,,,,,,,,,,,1.0,ArchangelsStaff,Quicksilver,UnstableConcoction,,,,,,,,,,,,,,,,,,,,,,,,,2.0,RapidFireCannon,TearOfTheGoddess,,,,,,,,,,,,,,,,,,,,,,,,,,2.0,,,,,,,,,,,,,,,,,,,,,,,,2.0,WarmogsArmor,GargoyleStoneplate,,,,,,,,,,,,,,,,,,,,,,2.0,,,,,,,,,,,,,,,,,,,,,,,,,,,,,,,,,,,,,,,,,,,,,,,,,,,,,,,,,,None,None,,,,,2.0,ThiefsGloves,GiantsBelt,DragonsClaw,,,,,,,,,,,,,,,,,,,,,2.0,ThiefsGloves,UnstableConcoction,SpearOfShojin,,,,
4,EUW1_5972996096,TFT7_Augment_MageConference,TFT6_Augment_LudensEcho3,TFT7_Augment_MageEmblem,,1.0,,1.0,,0.0,1.0,,,,,,,3.0,,0.0,,,0.0,,0.0,1.0,,,1.0,0.0,,0.0,,,,,,,,,2.0,MageEmblemItem,Bloodthirster,SpearOfShojin,,,,,,,,,,,,,,,,,,,,,,,,,,,,,,,,,,,,,,,,,,,,,,,,,,,,,,,,,3.0,RecurveBow,,,2.0,MageEmblemItem,,,,,,,,,,,,,,,,,,,,,,,3.0,,,,,,,,3.0,StatikkShiv,RapidFireCannon,,,,,,,,,,,,,,,,,,,,,,,,,,,,,,,,,,,,,,,,,,,,,,,,,,,,,,,,,,,,,,,,,,,,,,2.0,WarmogsArmor,Redemption,,,,,,,,,,,,,,,,,,,,None,None,,,,,,,,,,,,,3.0,ThiefsGloves,TitansResolve,ArchangelsStaff,,,,,,,,,,,,,,,,,1.0,SpearOfShojin,MadredsBloodrazor,GuinsoosRageblade
3,EUW1_5972996096,TFT6_Augment_ThrillOfTheHunt2,TFT6_Augment_MaxLevel10,TFT6_Augment_SecondWind2,0.0,1.0,1.0,2.0,,,,,,,2.0,0.0,,0.0,,0.0,0.0,,,,,,1.0,1.0,,,0.0,1.0,,,,,,,,,,,,,,,,,,,,,1.0,,,,,,,,,,,,,,,,,,,,,,,,,,,,,,,,,,,,,,,,,,,,,,,,,,,,3.0,RedBuff,GargoyleStoneplate,Zephyr,,,,,,,,,,,,,,,,,,,,,,,,,,,,,,,,,,,,,,,,,,,,,,,,,,,,,2.0,InfinityEdge,JeweledGauntlet,MadredsBloodrazor,,,,,,,,,,,,,,,,,,,,,2.0,PowerGauntlet,,,,,,,2.0,,,,,,,,2.0,,,,,,,,2.0,DragonsClaw,,,,,,,,,,,,,,,,,,,,,None,None,,,,,2.0,,,,3.0,Quicksilver,GuinsoosRageblade,Deathblade,,,,,,,,,,,,,,,,,,,,,,,,
6,EUW1_5972996096,TFT7_Augment_GadgetExpert,TFT6_Augment_CelestialBlessing3,TFT7_Augment_PandorasBench,,,,1.0,,2.0,1.0,0.0,0.0,,,,0.0,0.0,1.0,0.0,0.0,,,,,,,,0.0,0.0,0.0,2.0,,,,,,,,,,,,,,,,,,,,,,,,,,,,,,,,,,,,,,,,,,,,,,,,,3.0,BrambleVest,RunaansHurricane,UnstableConcoction,,,,,,,,,,,,,2.0,Bloodthirster,StatikkShiv,,,,,,,,,,,,,,,,,,,,,,,,,,,,,,,,,,1.0,,,,,,,,,,,,,,,,2.0,WarmogsArmor,,,,,,,1.0,,,,,,,,,,,,,,,,,,,,,,,,,,,,,,,,,,,,,,,,,,,,,,,,,,,,1.0,,,,,,,,,,,,,,,,,,,,,,None,None,,,,,,,,,,,,,,,,,,,,,,,,,2.0,CavalierEmblemItem,SeraphsEmbrace,GuardianAngel,,,,,,,,
5,EUW1_5972996096,TFT6_Augment_CyberneticImplants2,TFT6_Augment_RadiantRelics,TFT7_Augment_PandorasBench,,,1.0,,0.0,,1.0,,1.0,0.0,1.0,,,0.0,,1.0,,1.0,,,2.0,1.0,,,,1.0,,,,,,,,,,,,,,,,,,,,,,,1.0,ShimmerscaleHeartOfGold,,,,,,,2.0,ShimmerscaleDravensAxe,GuinsoosRageblade,MadredsBloodrazor,,,,,,,,,2.0,DragonsClaw,WarmogsArmor,Redemption,,,,,,,,,,,,,,,,,,,,,,,,,2.0,Shroud,,,,,,,,,,,,,,,,,,,,,,,,,,,,,,,2.0,StatikkShiv,ShimmerscaleEmblemItem,,,,,,,,,,,,,,,,,,,,,,,,,,,,,,,,,,,,,,,,,,,,,,,,,,,,,,,,,,,,,,2.0,ThiefsGlovesRadiant,DragonsClawRadiant,JeweledGauntletRadiant,,,,,,,,,,,,,,,,,,,,,,,,,,,,,4.0,TrainerSnax,None,None,,,,,,,,,,,,,,,,,,,,,,,,,,,,,,,,,1.0,GuinsoosRageblade,GuinsoosRageblade,
8,EUW1_5972996096,TFT6_Augment_CelestialBlessing2,TFT7_Augment_CannoneerEmblem2,TFT7_Augment_UrfsGrabBag1,,,,,3.0,,1.0,,1.0,1.0,,,,,,0.0,,2.0,,,1.0,,,,,1.0,,,,,,,,,,,,,,,,,,,,,,,,,,,,,,,2.0,RunaansHurricane,Deathblade,Quicksilver,,,,,,,,,2.0,BrambleVest,GargoyleStoneplate,RedBuff,,,,,,,,,,,,,,,,,,,,,,,,,,,,,,,,,2.0,ShimmerscaleDravensAxe,PowerGauntlet,,,,,,,,,,,,,,,,,,,,,,1.0,GuardianEmblemItem,Shroud,,,,,,,,,,,,,,,,,,,,,,,,,,,,,,,,,,,,,,,,,,,,,,,,,,,,,,,,,,,,,,2.0,CannoneerEmblemItem,SpearOfShojin,,,,,,,,,,,,,,,,,,,,,,,,,,,,,,1.0,TrainerSnax,None,None,2.0,,,,,,,,,,,,,,,,,,,,,,,,,,,,,,,,,,,
7,EUW1_5972996096,TFT7_Augment_GuildLoot,TFT6_Augment_VerdantVeil,TFT7_Augment_MirageHallucinate,,,,,,2.0,1.0,,,,1.0,0.0,,0.0,2.0,,0.0,,0.0,0.0,,,,,,,,,,,,,,,,,,,,,,,,,,,,,,,,,,,,,,,,,,,,,2.0,JeweledGauntlet,SpearOfShojin,InfinityEdge,,,,,,,,,,,,,,,,,,,,,,,,,2.0,Morellonomicon,GargoyleStoneplate,GuardianAngel,,,,,,,,,,,,,,,,,,,,,,,,,,,,,2.0,,,,,,,,,,,,1.0,,,,,,,,2.0,HextechGunblade,,,,,,,,,,,,,,,,,,,1.0,Chalice,StatikkShiv,Chalice,,,,,,,,,,,,,,,,,,,,,,,,,,,,,,,,,,,,,,,,,,,,,,,,,,,,,,,,,,,None,None,,,,,,,,,,,,,,,,,,,,,,,,,,,,,,,,,,,,
2,EUW1_5972996096,TFT6_Augment_TradeSector,TFT6_Augment_MaxLevel10,TFT6_Augment_ThrillOfTheHunt2,,,1.0,,,2.0,1.0,,,1.0,2.0,,,,3.0,0.0,0.0,,,,,,,,,,,0.0,,,,,,,,,,,,,,,,,,,,,1.0,InfinityEdge,MadredsBloodrazor,,,,,,,,,,,,,,3.0,JeweledGauntlet,MadredsBloodrazor,InfinityEdge,,,,,,,,,,,,,,,,,,,,,,,,,2.0,MirageEmblemItem,TitanicHydra,,,,,,,,,,,,,,,,,,,,,,,,,,2.0,,,,,,,,,,,,,,,,,,,,,,,,3.0,IonicSpark,RedBuff,Bloodthirster,,,,,,,,,,,,,,,,,,,,,2.0,,,,,,,,,,,,,,,,,,,,,,,,,,,,,,,,,,,,,,,,,,,,,,,,,,,,2.0,RunaansHurricane,,,,,None,None,,,,,,,,,,,,,,,,,,,,,,,,,,,,,,,,,,,,
1,EUW1_5972996096,TFT6_Augment_RichGetRicher,TFT6_Augment_Diversify3,TFT6_Augment_Ascension,,,1.0,,1.0,,1.0,,1.0,1.0,1.0,,,,,1.0,,1.0,,,1.0,,,,,1.0,,0.0,,,,,,,,,,,,,,,,,,,,,1.0,ThiefsGloves,RecurveBow,TitanicHydra,,,,,2.0,GuinsoosRageblade,UnstableConcoction,MadredsBloodrazor,,,,,,,,,2.0,GargoyleStoneplate,WarmogsArmor,,,,,,,,,,,,,,,,,,,,,,,,,,,,,,,,,,,,,,,,,,,,,,,,,,,,,,,,,,2.0,IonicSpark,FrozenHeart,GuardianEmblemItem,,,,,,,,,,,,,,,,,,,,,,,,,,,,,,,,,,,,,,,,,,,,,,,,,,,,,,,,,,,,,2.0,SpearOfShojin,ShimmerscaleDravensAxe,Morellonomicon,,,,,,,,,,,,,,,,,,,,,,,,,1.0,,,,4.0,TrainerSnax,None,None,2.0,ZekesHerald,ZekesHerald,,,,,,,,,,,,,,,,,,,,,,,,,,,,,,,,,
2,EUW1_5971359333,TFT6_Augment_TomeOfTraits1,TFT7_Augment_SwiftshotTrait,TFT6_Augment_SecondWind2,,1.0,,1.0,,,,,1.0,,1.0,0.0,,1.0,,1.0,,0.0,,,,,1.0,2.0,,1.0,,0.0,,,,,,,,,,,,,,,,,,,,,,,,,,,,,,,,,,,,,,,,,,,,,,,,,,,,,,,,,,,,,,,,,,,,,2.0,,,,3.0,RedBuff,GargoyleStoneplate,BrambleVest,,,,,,,,,,,,,,,,,,,,,,,,,2.0,PowerGauntlet,ZekesHerald,,3.0,SwiftshotEmblemItem,,,,,,,,,,,,,,,,,,,,,,,,,,,,,,,,,,,,,,,,,,,,,,,,,,,,,,,,,,,2.0,MageEmblemItem,,,2.0,,,,,,,,2.0,TitansResolve,,,,,,,,,,,,,,,,,,,4.0,TrainerSnax,None,None,,,,,2.0,RecurveBow,,,3.0,GuinsoosRageblade,RunaansHurricane,Deathblade,,,,,,,,,,,,,,,,,,,,,,,,
1,EUW1_5971359333,TFT7_Augment_DragonmancerEmblem,TFT6_Augment_ThrillOfTheHunt1,TFT6_Augment_Ascension,0.0,,,,,,,2.0,,,,1.0,0.0,,0.0,,0.0,,,2.0,0.0,,,0.0,0.0,,0.0,1.0,,,,,,,,,,,,,2.0,,,,,,,,,,,,,,,,,,,,,,,,,,,,,,,,,,,,,,,,3.0,DragonmancerEmblemItem,ArchangelsStaff,Bloodthirster,,,,,2.0,,,,,,,,,,,,,,,,,,,,,,,,,,,,2.0,,,,,,,,,,,,,,,,,,,,2.0,WarmogsArmor,GargoyleStoneplate,RedBuff,,,,,,,,,,,,,,,,,2.0,JeweledGauntlet,RabadonsDeathcap,TitansResolve,,,,,,,,,,,,,,,,,,,,,,,,,,,,,,,,,,,,,,,,,2.0,StatikkShiv,RapidFireCannon,,,,,,,,,,,,,,,,,,,,,,,,None,None,,,,,,,,,,,,,,,,,2.0,Zephyr,,,,,,,2.0,ThiefsGloves,,,,,,,,,,
8,EUW1_5971359333,TFT7_Augment_MirageHallucinate,TFT6_Augment_Distancing,TFT6_Augment_TargetDummies,,,1.0,0.0,,1.0,1.0,0.0,,,2.0,,,,3.0,0.0,0.0,,,,,,,,,,1.0,,,,,,,,,,,,,,,,,,,,,,1.0,Zephyr,,,,,,,,,,,,,,,1.0,GuinsoosRageblade,ArchangelsStaff,,,,,,,,,,,,,,,,,,,,,,,,,,,,,,,,,,,,,,,,,,,,,,,,,,,,,,,,,,,,,,,,,,,,,,,,,,,,,,2.0,,,,,,,,,,,,,,,,,,,,,,,,1.0,,,,,,,,,,,,2.0,,,,,,,,,,,,,,,,,,,,,,,,,,,,,,,,,,,,,,,,,,,,,,None,None,,,,,,,,,,,,,,,,,,,,,,,,,1.0,DragonsClaw,RedBuff,,3.0,GuinsoosRageblade,UnstableConcoction,Deathblade,,,,
7,EUW1_5971359333,TFT7_Augment_MageConference,TFT7_Augment_MageTrait,TFT6_Augment_Meditation2,,0.0,,0.0,,0.0,,,1.0,,1.0,,,3.0,,1.0,,0.0,0.0,,,,,,,0.0,,0.0,,,,,,,,,,,,,,,,,,,,,,,,,,,,,,,,,,,,,,,,,,,,,,,,,,,,,,,,,,,,,,,,,,,,,,,,,,,,,,,,,,,,,,,,,,,,,,,,,3.0,,,,2.0,,,,2.0,,,,,,,,,,,,,,,,,,,,,,,,,,,,,,,,3.0,SpearOfShojin,RabadonsDeathcap,,,,,,,,,,,,,,,,,,,,,,,,,,2.0,MageEmblemItem,JeweledGauntlet,,,,,,,,,,2.0,IonicSpark,RedBuff,TitanicHydra,,,,,,,,,,,,,,,,,,,None,None,,,,,,,,,,,,,3.0,,,,,,,,,,,,,,,,,,,,,,,
4,EUW1_5971359333,TFT7_Augment_ShapeshifterBeastsDen,TFT7_Augment_ShapeshifterTrait,TFT6_Augment_SunfireBoard,2.0,,1.0,,,,,,,,3.0,0.0,,,,0.0,,,1.0,2.0,,,,0.0,,,,1.0,,,,,,,,,,,,,,,,,,,,,2.0,Zephyr,ScalescornEmblemItem,RecurveBow,,,,,,,,,2.0,,,,,,,,,,,,,,,,,,,,1.0,AssassinEmblemItem,Deathblade,,,,,,2.0,,,,,,,,,,,,,,,,,,,,,,,,,,,,,,,,,,,,,,,,,,,,,,,,2.0,WarmogsArmor,GargoyleStoneplate,FrozenHeart,,,,,,,,,,,,,,,,,1.0,IonicSpark,InfinityEdge,SeraphsEmbrace,,,,,,,,,,,,,,,,,,,,,,,,,,,,,,,,,,,,,,,,,,,,,,,,,,,,,2.0,MadredsBloodrazor,JeweledGauntlet,Chalice,,,,,,,,,,,None,None,,,,,2.0,,,,,,,,,,,,,,,,,,,,,,,,,,,,,,,
3,EUW1_5971359333,TFT6_Augment_ThrillOfTheHunt2,TFT7_Augment_RagewingTrait,TFT7_Augment_RagewingTantrum,,,,0.0,,0.0,1.0,1.0,,,,0.0,,,,,3.0,,,1.0,,,,1.0,,,0.0,,,,,,,,,,,,,,2.0,,,,,,,,,,,,,,,,,,,,,,,,,,,,,,,,,,,,,,,,,,,,,,,,,,,,2.0,,,,,,,,,,,,,,,,,,,,,,,,,,,,,,,,,,,,,,,,,,,,,,,,,,,,,,,,,,,,,,,,,,,,,,,,,,,,,,,,,,,,3.0,GuardianAngel,Deathblade,GuinsoosRageblade,2.0,Chalice,,,2.0,Shroud,MadredsBloodrazor,,,,,,,,,,,,,,2.0,,,,,,,,,,,,,,,,,,,,,,,,,,None,None,,,,,,,,,,,,,,,,,,,,,2.0,GuinsoosRageblade,Deathblade,TitansResolve,,,,,,,,,,,,
6,EUW1_5971359333,TFT7_Augment_CavalierEmblem,TFT6_Augment_Electrocharge1,TFT6_Augment_CyberneticShell2,1.0,,,1.0,,2.0,,,,,3.0,,0.0,,,,1.0,,,,,,,1.0,1.0,,0.0,,,,,,,,,,,,,,,,,,,,,,,,,,,,,,,,,,,,,,,,,,,,,,,,,,,,,,,,,,,,,,,,,,2.0,GargoyleStoneplate,Morellonomicon,,,,,,,,,,,,,,,,,,,,,,,,,,,,,,,,,,,,,,,,,,,,,,,,,,,,,,,,,,2.0,RedBuff,CavalierEmblemItem,,,,,,2.0,InfinityEdge,,,,,,,2.0,,,,,,,,,,,,2.0,BrambleVest,,,,,,,,,,,,,,,,,,,,,,,,,,,,,,,2.0,MadredsBloodrazor,TitansResolve,,,,,,,,,,,,None,None,,,,,2.0,ThiefsGloves,RecurveBow,UnstableConcoction,,,,,,,,,,,,,2.0,MadredsBloodrazor,RapidFireCannon,Quicksilver,,,,,,,,,,,,
5,EUW1_5971359333,TFT7_Augment_ClutteredMind,TFT7_Augment_BruiserTrait,TFT7_Augment_BestFriends2,1.0,,,2.0,1.0,,1.0,,,0.0,1.0,,0.0,0.0,,,,,,,,,,,1.0,,,3.0,,,,,,,,,,,,,,,,,,,,,,,,,,,,,,,,,,,,,,,,,,,,,,,,,2.0,Quicksilver,UnstableConcoction,InfinityEdge,,,,,,,,,,,,,,,,,,,,,,,,,,,,,,,,,,,,,,,,,,,,,,,,,,,,,,,,,,,,,,,,,,,,,,,,,2.0,Redemption,RedBuff,GargoyleStoneplate,1.0,CannoneerEmblemItem,,,2.0,CannoneerEmblemItem,,,,,,,,,,,,,,,,,,,,,,,,,,,,,,,,,,,,,,,,,,,2.0,,,,,,,,2.0,IonicSpark,InfinityEdge,FrozenHeart,,,,,2.0,,,,,,None,None,,,,,,,,,,,,,,,,,,,,,,,,,,,,,,,,,,,,
4,EUW1_5971163147,TFT7_Augment_Bloodlust1,TFT6_Augment_ItemGrabBag1,TFT6_Augment_PortableForge,,1.0,1.0,1.0,,,,0.0,0.0,,2.0,,,1.0,0.0,2.0,,,,,,,,1.0,,1.0,0.0,0.0,,,,,,,,,,,,,,,,,,,,,1.0,,,,,,,,,,,,,,,,,,,,,,,,,,,,,,,,,,,,,,,,,,,,,,,,2.0,Zephyr,,,3.0,RedBuff,OrnnAnimaVisage,Redemption,,,,,,,,,,,,,,,,,,,,,,,,,2.0,,,,3.0,ArchangelsStaff,JeweledGauntlet,RabadonsDeathcap,,,,,,,,,,,,,,,,,,,,,,,,,,,,,,,,,,,,,,,,,,,,,,,,,,,,,,,,,,,,,,,,,,,,,2.0,ThiefsGloves,RapidFireCannon,SpearOfShojin,,,,,,,,,,,,,,,,,3.0,TrainerSnax,None,None,,,,,2.0,ZekesHerald,,,3.0,RunaansHurricane,Deathblade,GuinsoosRageblade,,,,,,,,,,,,,1.0,WarmogsArmor,GuardianAngel,TearOfTheGoddess,,,,,,,,
3,EUW1_5971163147,TFT6_Augment_Featherweights2,TFT6_Augment_CelestialBlessing1,TFT6_Augment_PortableForge,,,1.0,1.0,,,1.0,,1.0,,1.0,,0.0,1.0,,1.0,,0.0,,,0.0,1.0,,,2.0,1.0,,0.0,,,,,,,,,2.0,ArchangelsStaff,Quicksilver,SpearOfShojin,,,,,,,,,1.0,,,,,,,,,,,,,,,,,,,,,,,,,,,,,,,,,,,,,,,,,,,,,,,,1.0,,,,,,,,,,,,,,,,,,,,,,,,,,,,,,,,2.0,,,,,,,,,,,,,,,,,,,,,,,,2.0,Morellonomicon,NegatronCloak,,,,,,,,,,,,,,,,,,,,,,,,,,,,,,,,,,,,,,2.0,Redemption,Redemption,Quicksilver,,,,,,,,,2.0,DragonsClaw,RedBuff,IonicSpark,,,,,,,,,,,,,,,,,1.0,TrainerSnax,None,None,,,,,,,,,,,,,,,,,,,,,,,,,,,,,,,,,1.0,OrnnMuramana,ZekesHerald,Chalice
5,EUW1_5971163147,TFT7_Augment_GuildEmblem,TFT6_Augment_Diversify1,TFT7_Augment_GuildGearUpgrades,1.0,,1.0,1.0,,1.0,,,,,5.0,,0.0,,,0.0,1.0,,,,,,,1.0,1.0,,0.0,,,,,,,,,,,,,,,,,,,,,,1.0,,,,,,,,,,,,,,,,,,,,,,,,,,,,,,,,,,,,,,,,,,,,2.0,GuildEmblemItem,Zephyr,RedBuff,,,,,,,,,,,,,,,,,,,,,,,,,,,,,,,,,,,,,,,,,,,,,,,,,,,,,,,,,2.0,TitansResolve,,,,,,,2.0,,,,,,,,2.0,,,,,,,,,,,,2.0,Redemption,,,,,,,,,,,,,,,,,,,,,,,,,,,,,,,2.0,RecurveBow,MadredsBloodrazor,MadredsBloodrazor,,,,,,,,,,,None,None,,,,,2.0,,,,,,,,,,,,,,,,2.0,MadredsBloodrazor,Quicksilver,GuinsoosRageblade,,,,,,,,,,,,
6,EUW1_5971163147,TFT7_Augment_AssassinEmblem,TFT7_Augment_AssassinTrait,TFT7_Augment_UrfsGrabBag1,3.0,,,2.0,,,,,,,1.0,,0.0,0.0,,,0.0,,1.0,,,,,,1.0,,1.0,1.0,,,,,,,,,,,,,,,,,,,,,,,,,,,,,,,,,3.0,IonicSpark,HextechGunblade,FrozenHeart,,,,,,,,,,,,,,,,,,,,,,,,,,,,,,,,,,,,,,,,,,,,,,,,,,,,,,,,,,,,,,,,,,,,,,,,,,,,,,,,,,,,,2.0,InfinityEdge,RapidFireCannon,AssassinEmblemItem,1.0,,,,2.0,IonicSpark,Zephyr,,2.0,,,,,,,,,,,,,,,,,,,,2.0,,,,,,,,,,,,,,,,,,,,,,,,2.0,,,,,,,,2.0,ZekesHerald,RunaansHurricane,MadredsBloodrazor,,,,,,,,,,,None,None,,,,,,,,,,,,,,,,,,,,,,,,,,,,,,,,,,,,
7,EUW1_5971163147,TFT7_Augment_MikaelsGift,TFT6_Augment_Diversify1,TFT6_Augment_ComponentGrabBag,0.0,,,,2.0,,1.0,,1.0,0.0,1.0,,,,,0.0,,2.0,,,1.0,,,,,1.0,,,,,,,,,,,,,,,,,,,,,,,,,,,,,,,2.0,MadredsBloodrazor,GuinsoosRageblade,UnstableConcoction,,,,,,,,,2.0,ShimmerscaleMogulsMail,GargoyleStoneplate,RedBuff,,,,,,,,,,,,,,,,,,,,,,,,,,,,,,,,,2.0,LocketOfTheIronSolari,,,,,,,,,,,,,,,,,,,,,,,2.0,PowerGauntlet,,,,,,,,,,,,,,,,,,,,,,,,,,,,,,,,,,,,,,,,,,,,,,,,,,,,,,,,,,,,,,,1.0,,,,,,,,,,,,,,,,,,,,2.0,ThiefsGloves,UnstableConcoction,SpearOfShojin,,,,,,,,,3.0,TrainerSnax,None,None,2.0,GuinsoosRageblade,InfinityEdge,,,,,,,,,,,,,,,,,,,,,,,,,,,,,,,,,
8,EUW1_5971163147,TFT7_Augment_PandorasBench,TFT7_Augment_MageTrait,TFT7_Augment_GadgetExpert,,0.0,1.0,0.0,,2.0,,,,,3.0,,,2.0,0.0,1.0,,,0.0,,,,,,,,,0.0,,,,,,,,,,,,,,,,,,,,,1.0,,,,,,,,,,,,,,,,,,,,,,,,,,,,,,,,,,,,,,,,,,,,,,,,,,,,,,,,,,,,,,,,,,,,,,,,,,,,2.0,StatikkShiv,LocketOfTheIronSolari,,,,,,1.0,,,,,,,,,,,,2.0,,,,,,,,,,,,,,,,,,,,3.0,SpearOfShojin,ArchangelsStaff,HextechGunblade,2.0,,,,,,,,,,,,,,,,,,,,,,,,,,,,,,,,,,,,3.0,RedBuff,GargoyleStoneplate,,,,,,,,,,,,,,,,,,,,None,None,,,,,,,,,,,,,,,,,,,,,,,,,,,,,,,,,,,,
2,EUW1_5971163147,TFT6_Augment_Electrocharge2,TFT7_Augment_BandOfThieves1,TFT6_Augment_ComponentGrabBag,0.0,,1.0,,1.0,,1.0,0.0,1.0,1.0,1.0,,,,0.0,1.0,,1.0,,,1.0,,,,,1.0,0.0,0.0,,,,,,,,,,,,,,,,,,,,,2.0,AssassinEmblemItem,,,,,,,2.0,UnstableConcoction,InfinityEdge,GuinsoosRageblade,,,,,,,,,2.0,RedBuff,WarmogsArmor,GargoyleStoneplate,,,,,,,,,,,,,,,,,,,,,,,,,,,,,,,,,,,,,,,,,,,,,,,,,,,,,,,,,2.0,ShimmerscaleMogulsMail,,,,,,,,,,,,,,,,,,,,,,,,,,,,,,,,,,,,,,,,,,,,,,,,,,,,,,,,,,,,,,,2.0,ArchangelsStaff,Morellonomicon,RunaansHurricane,,,,,,,,,,,,,,,,,,,,,,,,,2.0,ThiefsGloves,ZekesHerald,RapidFireCannon,4.0,TrainerSnax,None,None,2.0,ThiefsGloves,JeweledGauntlet,SeraphsEmbrace,,,,,,,,,,,,,,,,,,,,,2.0,Quicksilver,Shroud,SeraphsEmbrace,,,,,,,,
1,EUW1_5971163147,TFT7_Augment_RagewingScorch,TFT6_Augment_PandorasItems,TFT6_Augment_Ascension,,,,1.0,,0.0,1.0,,,0.0,2.0,,0.0,,,,2.0,,0.0,0.0,,,,1.0,0.0,,0.0,,,,,,,,,,,,,,,,,,,,,,,,,,1.0,,,,,,,,,,,,,,,,,,,,,,,,,,,,,,,,,,,,,,,,2.0,SeraphsEmbrace,GuildEmblemItem,MadredsBloodrazor,,,,,,,,,,,,,,,,,,,,,,,,,,,,,,,,,,,,,,,,,,,,,,,,,,,,,,,,,2.0,RedBuff,WarmogsArmor,GargoyleStoneplate,,,,,,,,,,,,,,,,,,,,,,,,,2.0,RedBuff,,,1.0,Bloodthirster,GuinsoosRageblade,Morellonomicon,,,,,,,,,,,,,,,,,,,,,,,,,,,,,,,,,,,,,,,None,None,,,,,2.0,,,,,,,,,,,,,,,,3.0,MadredsBloodrazor,Quicksilver,GuinsoosRageblade,,,,,,,,,,,,
3,EUW1_5971260171,TFT7_Augment_AFK,TFT6_Augment_ItemGrabBag1,TFT7_Augment_RevelPartyTime,,,1.0,,2.0,,1.0,,1.0,1.0,1.0,,,0.0,,1.0,,1.0,,,2.0,1.0,,,,1.0,,0.0,,,,,,,,,,,,,,,,,,,,,1.0,,,,,,,,3.0,RunaansHurricane,ShimmerscaleDravensAxe,GuinsoosRageblade,,,,,,,,,2.0,GargoyleStoneplate,DragonsClaw,RedBuff,,,,,,,,,,,,,,,,,,,,,,,,,,,,,,,,,,,,,,,,,,,,,,,,,,,,,,,,,2.0,ShimmerscaleHeartOfGold,GuinsoosRageblade,ArchangelsStaff,,,,,,,,,,,,,,,,,,,,,,,,,,,,,,,,,,,,,,,,,,,,,,,,,,,,,,,,,,,,,2.0,CannoneerEmblemItem,ZekesHerald,RabadonsDeathcap,,,,,,,,,,,,,,,,,,,,,,,,,2.0,ShimmerscaleEmblemItem,FrozenHeart,,3.0,TrainerSnax,None,None,1.0,Bloodthirster,HextechGunblade,,,,,,,,,,,,,,,,,,,,,,,,,,,,,,1.0,SpearOfShojin,SpearOfShojin,GuinsoosRageblade
4,EUW1_5971260171,TFT6_Augment_Distancing,TFT7_Augment_MageTrait,TFT6_Augment_JeweledLotus,,,,1.0,,1.0,1.0,0.0,1.0,,,,0.0,1.0,1.0,0.0,0.0,0.0,,,0.0,1.0,,,2.0,0.0,0.0,0.0,,,,,,,,,1.0,SpearOfShojin,MadredsBloodrazor,ArchangelsStaff,,,,,,,,,,,,,,,,,,,,,,,,,,,,,,,,,,,,,,,,,,,,,,,,,,,,,2.0,ForceOfNature,,,,,,,,,,,,,,,,,,,,,,,,,,,,,,,,,,,2.0,,,,,,,,,,,,,,,,2.0,,,,,,,,2.0,ThiefsGloves,ZekesHerald,Quicksilver,,,,,,,,,,,,,,,,,,,,,,,,,,,,,,,,,,,,,2.0,,,,,,,,,,,,2.0,RedBuff,WarmogsArmor,GargoyleStoneplate,,,,,,,,,,,,,,,,,,,None,None,,,,,,,,,,,,,,,,,,,,,,,,,1.0,UnstableConcoction,DragonsClaw,TitansResolve,,,,,2.0,,,
8,EUW1_5971260171,TFT7_Augment_RagewingTrait,TFT6_Augment_ItemGrabBag1,TFT6_Augment_Diversify2,,,,,2.0,,1.0,,1.0,1.0,,,,,,0.0,0.0,2.0,0.0,,1.0,,,,,1.0,,,,,,,,,,,,,,,,,,,,,,,,,,,1.0,,,,1.0,ShimmerscaleDravensAxe,MadredsBloodrazor,GuinsoosRageblade,,,,,,,,,1.0,RedBuff,WarmogsArmor,,,,,,,,,,,,,,,,,,,,,,,,,,,,,,,,,,2.0,,,,,,,,,,,,,,,,,,,,,,,,2.0,,,,,,,,,,,,,,,,,,,,,,,,,,,,,,,,,,,,,,,,,,,,,,,,,,,,,,,,,,,,,,,,1.0,Quicksilver,,,,,,,,,,,,,,,,,,,,,,,,,,,,,,,1.0,TrainerSnax,None,None,2.0,Deathblade,Bloodthirster,ZekesHerald,,,,,,,,,,,,,,,,,,,,,,,,,,,,,,,,
7,EUW1_5971260171,TFT7_Augment_CavalierTrait,TFT7_Augment_EvokerTrait,TFT6_Augment_PortableForge,0.0,,,,,0.0,1.0,,2.0,,,2.0,0.0,,,1.0,,0.0,,1.0,,,,,,0.0,,,,,,,3.0,OrnnObsidianCleaver,ArchangelsStaff,LastWhisper,,,,,,,,,,,,,,,,,,,,,,,,,,,,,,,,,,,,,2.0,TitansResolve,Bloodthirster,AssassinEmblemItem,,,,,,,,,,,,,2.0,,,,,,,,,,,,,,,,,,,,,,,,,,,,,,,,,,,,,,,,2.0,,,,,,,,1.0,DragonsClaw,RedBuff,,,,,,,,,,,,,,,,,,,,,,,,,,,,,,,,,,,,,,,,,,,,,,,,,,,,,,2.0,RecurveBow,,,,,,,,,,,,,,,,,,,,,,,,,,,,,,,,,None,None,,,,,,,,,,,,,,,,,,,,,,,,,,,,,,,,,,,,
2,EUW1_5971260171,TFT6_Augment_Meditation1,TFT6_Augment_CelestialBlessing1,TFT6_Augment_SunfireBoard,,1.0,1.0,1.0,,,,0.0,,,2.0,,,3.0,0.0,1.0,,,,,0.0,1.0,,,,,0.0,0.0,,,,,,,,,,,,,,,,,,,,,2.0,MageEmblemItem,,,,,,,,,,,,,,,,,,,,,,,,,,,,,,,,,,,,,,,,,,,,,,,,,,,3.0,JeweledGauntlet,WarmogsArmor,RedBuff,,,,,,,,,,,,,,,,,,,,,,,,,,,,,3.0,,,,,,,,,,,,,,,,,,,,,,,,,,,,,,,,2.0,SpearOfShojin,HextechGunblade,HextechGunblade,,,,,,,,,,,,,,,,,,,,,,,,,,,,,,,,,,,,,2.0,IonicSpark,TitansResolve,WarmogsArmor,,,,,,,,,,,,,,,,,,,None,None,,,,,,,,,,,,,2.0,,,,,,,,,,,,2.0,MageEmblemItem,Zephyr,,,,,,2.0,,,
1,EUW1_5971260171,TFT7_Augment_JadeEmblem,TFT6_Augment_SecondWind1,TFT7_Augment_JadeTrait,,,1.0,,,,1.0,0.0,1.0,,1.0,3.0,0.0,,,2.0,,,,1.0,,,1.0,,,0.0,,,,,,,2.0,Morellonomicon,MadredsBloodrazor,DragonmancerEmblemItem,,,,,,,,,,,,,2.0,,,,,,,,,,,,,,,,,,,,,,,,2.0,Quicksilver,TitansResolve,Bloodthirster,,,,,,,,,,,,,2.0,BrambleVest,,,,,,,,,,,,,,,,,,,,,,,,,,,,,,,,,,,,,,,2.0,JadeEmblemItem,,,,,,,2.0,BrambleVest,Morellonomicon,DragonsClaw,,,,,,,,,,,,,,,,,,,,,,,,,,,,,,,,,,,,,,,,,,,,,,,,,,,,,,,,,2.0,,,,,,,,,,,,,,,,,,,,,,,,,,,,,,None,None,,,,,,,,,,,,,,,,,,,,,,,,,,,,,,,,,,,,
6,EUW1_5971260171,TFT6_Augment_CelestialBlessing1,TFT6_Augment_Electrocharge1,TFT7_Augment_SwiftshotEmblem,,0.0,,2.0,,,1.0,,,,1.0,,0.0,0.0,,,0.0,,,,,,,2.0,0.0,,,2.0,,,,,,,,,,,,,,,,,,,,,,,,,,,,,,,,,,,,,,,,,,,,,,,,,2.0,Quicksilver,SwiftshotEmblemItem,,,,,,,,,,,,,,,,,,,,,,2.0,WarmogsArmor,RedBuff,WarmogsArmor,,,,,,,,,,,,,,,,,,,,,,,,,,,,,,,,,,,,,,,,,,,,,,,,,2.0,,,,,,,,,,,,,,,,,,,,,,,,,,,,,,,,,,,,,,,,,,,,,,,,,,,,2.0,,,,,,,,,,,,,,,,,,,,,,None,None,,,,,1.0,ZekesHerald,ZekesHerald,,3.0,GuinsoosRageblade,MadredsBloodrazor,Quicksilver,,,,,,,,,1.0,StatikkShiv,,,,,,,,,,,,,,
5,EUW1_5971260171,TFT6_Augment_Weakspot,TFT6_Augment_ThrillOfTheHunt1,TFT6_Augment_PortableForge,,,1.0,,1.0,,1.0,0.0,1.0,1.0,1.0,,,,0.0,1.0,,1.0,,,1.0,,,,,1.0,0.0,,,,,,,,,,,,,,,,,,,,,,1.0,,,,,,,,2.0,MadredsBloodrazor,GuinsoosRageblade,UnstableConcoction,,,,,,,,,2.0,RedBuff,OrnnEternalWinter,GargoyleStoneplate,,,,,,,,,,,,,,,,,,,,,,,,,,,,,,,,,,,,,,,,,,,,,,,,,,,,,,,,,2.0,GuardianEmblemItem,,,,,,,,,,,,,,,,,,,,,,,,,,,,,,,,,,,,,,,,,,,,,,,,,,,,,,,,,,,,,,,1.0,,,,,,,,,,,,,,,,,,,,,,,,,,,,,,,,4.0,TrainerSnax,None,None,2.0,ShimmerscaleDravensAxe,InfinityEdge,LastWhisper,,,,,,,,,,,,,,,,,,,,,1.0,InfinityEdge,HextechGunblade,,,,,,,,,
7,EUW1_5971445472,TFT7_Augment_MirageHallucinate,TFT6_Augment_ThrillOfTheHunt1,TFT6_Augment_JeweledLotus,,,,0.0,,1.0,1.0,0.0,,0.0,1.0,,,,4.0,,0.0,,,,,,,,,,1.0,,,,,,,,,,,,,,,,,,,,,,,,,,,,,,,,,,,,,,3.0,JeweledGauntlet,ArchangelsStaff,InfinityEdge,,,,,,,,,,,,,,,,,,,,,,,,,,,,,,,,,,,,,,,,,,,,,,,,,,,,,2.0,,,,,,,,,,,,,,,,,,,,,,,,2.0,WarmogsArmor,RedBuff,BrambleVest,,,,,,,,,,,,,,,,,,,,,2.0,,,,,,,,,,,,2.0,MirageEmblemItem,,,,,,,,,,,,,,,,,,,,,,,,,,,,,,,,,,,,,,,,,,,,,None,None,,,,,,,,,,,,,,,,,,,,,,,,,1.0,SeraphsEmbrace,,,2.0,Quicksilver,RabadonsDeathcap,,,,,
8,EUW1_5971445472,TFT6_Augment_BlueBattery2,TFT6_Augment_Weakspot,TFT7_Augment_UrfsGrabBag1,1.0,,,1.0,,1.0,,,,,3.0,,0.0,,,,1.0,,,,,,,1.0,1.0,,0.0,,,,,,,,,,,,,,,,,,,,,,,,,,,,,,,,,,,,,,,,,,,,,,,,,,,,,,,,,,,,,,,,,,1.0,,,,,,,,,,,,,,,,,,,,,,,,,,,,,,,,,,,,,,,,,,,,,,,,,,,,,,,,,,,,2.0,GargoyleStoneplate,RedBuff,WarmogsArmor,,,,,2.0,,,,,,,,1.0,,,,,,,,,,,,2.0,Redemption,,,,,,,,,,,,,,,,,,,,,,,,,,,,,,,1.0,,,,,,,,,,,,,,None,None,,,,,1.0,,,,,,,,,,,,,,,,2.0,MadredsBloodrazor,Quicksilver,GuinsoosRageblade,,,,,,,,,,,,
2,EUW1_5971445472,TFT6_Augment_CyberneticUplink2,TFT7_Augment_BestFriends1,TFT7_Augment_FirstAidKit2,,1.0,,1.0,,,,,0.0,,1.0,0.0,,1.0,,1.0,,,,,,,1.0,1.0,,1.0,,0.0,,,,,,,,,,,,,,,,,,,,,,,,,,,,,,,,,,,,,,,,,,,,,,,,,,,,,,,,,,,,,,,,,,,,,2.0,,,,3.0,GargoyleStoneplate,WarmogsArmor,DragonsClaw,,,,,,,,,,,,,,,,,,,,,,,,,2.0,Shroud,,,3.0,TearOfTheGoddess,,,,,,,,,,,,,,,,,,,,,,,,,,,,,,,,,,,,,,,,,,,,,,,,,,,,,,,,,,,,,,,1.0,LastWhisper,,,,,,,1.0,ThiefsGloves,,,,,,,,,,,,,,,,,,,4.0,TrainerSnax,None,None,,,,,1.0,,,,3.0,GuinsoosRageblade,RunaansHurricane,Deathblade,,,,,,,,,,,,,,,,,,,,,,,,
1,EUW1_5971445472,TFT7_Augment_AssassinEmblem,TFT6_Augment_CelestialBlessing1,TFT7_Augment_GadgetExpert,3.0,,,2.0,,,,0.0,,,1.0,,0.0,0.0,0.0,,0.0,,1.0,,0.0,,,,1.0,,1.0,0.0,,,,,,,,,,,,,,,,,,,,,,,,,,,,,,,,,3.0,FrozenHeart,StatikkShiv,InfinityEdge,,,,,,,,,,,,,,,,,,,,,,,,,,,,,,,,,,,,,,,,,,,,,,,,,2.0,,,,,,,,,,,,,,,,,,,,,,,,,,,,,,,,,,,,3.0,AssassinEmblemItem,InfinityEdge,RunaansHurricane,1.0,Morellonomicon,,,,,,,2.0,,,,,,,,,,,,,,,,,,,,1.0,,,,,,,,,,,,,,,,,,,,,,,,1.0,,,,,,,,2.0,MadredsBloodrazor,Redemption,ZekesHerald,,,,,,,,,,,None,None,,,,,,,,,,,,,,,,,,,,,,,,,1.0,AssassinEmblemItem,Bloodthirster,,,,,,,,,
3,EUW1_5971445472,TFT6_Augment_TargetDummies,TFT6_Augment_MakeshiftArmor1,TFT7_Augment_CannoneerHotShot,,,1.0,,2.0,,1.0,,1.0,1.0,1.0,,,,,1.0,,2.0,,,1.0,,,,,1.0,,0.0,,,,,,,,,,,,,,,,,,,,,1.0,,,,,,,,2.0,InfinityEdge,Quicksilver,UnstableConcoction,,,,,,,,,2.0,GargoyleStoneplate,RedBuff,GargoyleStoneplate,,,,,,,,,,,,,,,,,,,,,,,,,,,,,,,,,1.0,,,,,,,,,,,,,,,,,,,,,,,,2.0,Redemption,,,,,,,,,,,,,,,,,,,,,,,,,,,,,,,,,,,,,,,,,,,,,,,,,,,,,,,,,,,,,,,2.0,Chalice,Chalice,,,,,,,,,,,,,,,,,,,,,,,,,,1.0,,,,3.0,TrainerSnax,None,None,2.0,ShimmerscaleGoldmancersStaff,,,,,,,,,,,,,,,,,,,,,,,,,,,,,,,,,,
4,EUW1_5971445472,TFT6_Augment_MakeshiftArmor2,TFT6_Augment_LudensEcho1,TFT7_Augment_UrfsGrabBag1,,1.0,,1.0,,,1.0,,1.0,,1.0,,,2.0,,1.0,,,,,0.0,1.0,,,,0.0,,0.0,,,,,,,,,,,,,,,,,2.0,MageEmblemItem,HextechGunblade,ArchangelsStaff,,,,,,,,,,,,,,,,,,,,,,,,,,,,,,,,,,,,,,,,,,,,,,,,,,,,,,,,,,,,,,,,,,,,,,,,,,,,,,,,,2.0,,,,2.0,,,,,,,,,,,,,,,,,,,,,,,,,,,,,,,,3.0,MadredsBloodrazor,StatikkShiv,EvokerEmblemItem,,,,,,,,,,,,,,,,,,,,,2.0,ThiefsGloves,PowerGauntlet,FrozenHeart,,,,,,,,,,,,,2.0,RedBuff,TitansResolve,TitanicHydra,,,,,,,,,,,,,,,,,,,None,None,,,,,,,,,,,,,,,,,,,,,,,,,,,,,,,,,1.0,RapidFireCannon,PowerGauntlet,
5,EUW1_5971445472,TFT6_Augment_Twins2,TFT6_Augment_Weakspot,TFT6_Augment_CelestialBlessing2,,1.0,,1.0,,,,,,,1.0,,0.0,0.0,,0.0,,,,,0.0,1.0,,1.0,0.0,,,,,,,,,,,,,,,,,,,,,,,,,,,,,,,,,,,,,,,,,,,,,,,,,,,,,,,,,,,,,,,,,,,,,,,,,,,,2.0,RedBuff,GargoyleStoneplate,FrozenHeart,,,,,,,,,,,,,,,,,,,,,,,,,,,,,3.0,ThiefsGloves,RapidFireCannon,SpearOfShojin,,,,,,,,,,,,,,,,,2.0,LocketOfTheIronSolari,,,,,,,,,,,,,,,,,,,,,,,,,,,,,,,,,,,,,,,,,,,,,,,,,,,,,,,,,,,,,,,,,,,,,,,,,None,None,,,,,2.0,,,,2.0,Zephyr,RunaansHurricane,SpearOfShojin,,,,,,,,,,,,,,,,,,,,,1.0,,,
6,EUW1_5971445472,TFT7_Augment_GadgetExpert,TFT7_Augment_AxiomArc1,TFT6_Augment_CyberneticUplink2,1.0,,,1.0,,0.0,,0.0,,,3.0,,0.0,,0.0,,1.0,,,,,,,1.0,1.0,,1.0,,,,,,,,,,,,,,,,,,,,,,,,,,,,,,,,,,,,,,,,,,,,,,,,,,,,,,,,,,,,,,,,,,2.0,ThiefsGloves,NeedlesslyLargeRod,RabadonsDeathcap,,,,,,,,,,,,,,,,,,,,,,,,,,,,,,,,,,,,,,,,,,,,,,,,,,,,,,,,,2.0,BrambleVest,GargoyleStoneplate,WarmogsArmor,,,,,1.0,Bloodthirster,,,,,,,,,,,,,,,,,,,1.0,,,,,,,,,,,,,,,,,,,,,,,,,,,,,,,,2.0,,,,,,,,,,,,,,None,None,,,,,2.0,StatikkShiv,,,,,,,,,,,,,,,2.0,GuinsoosRageblade,GuildEmblemItem,MadredsBloodrazor,1.0,RabadonsDeathcap,Morellonomicon,JeweledGauntlet,,,,,,,,
7,EUW1_5971015846,TFT6_Augment_Ascension,TFT7_Augment_BandOfThieves1,TFT6_Augment_SunfireBoard,,,,,,1.0,1.0,0.0,,,,,,0.0,3.0,,,,0.0,,,,,,,,1.0,,,,,,,,,,,,,,,,,,,,,,,,,,,,,,,,,,,,,,2.0,JeweledGauntlet,InfinityEdge,GuinsoosRageblade,,,,,,,,,,,,,,,,,,,,,,,,,,,,,,,,,,,,,,,,,,,,,,,,,,,,,,,,,2.0,,,,,,,,,,,,,,,,,,,,3.0,RedBuff,BrambleVest,FrozenHeart,,,,,,,,,,,,,,,,,,,,,,,,,,,,,,,,,,,,,,,,,,,,,,,,,,,,,,,,,,,,,,,,,,,,,,,,,,,,,,,None,None,,,,,,,,,,,,,,,,,,,,,,,,,2.0,Quicksilver,RunaansHurricane,,3.0,ThiefsGloves,Redemption,LastWhisper,,,,
8,EUW1_5971015846,TFT6_Augment_ThrillOfTheHunt2,TFT6_Augment_Electrocharge1,TFT6_Augment_Distancing2,1.0,,,1.0,,0.0,,,,,2.0,,0.0,,,,1.0,,,,,,,1.0,1.0,,0.0,,,,,,,,,,,,,,,,,,,,,,,,,,,,,,,,,,,,,,,,,,,,,,,,,,,,,,,,,,,,,,,,,,2.0,TitanicHydra,GargoyleStoneplate,UnstableConcoction,,,,,,,,,,,,,,,,,,,,,,,,,,,,,,,,,,,,,,,,,,,,,,,,,,,,,,,,,2.0,Redemption,,,,,,,2.0,,,,,,,,,,,,,,,,,,,,2.0,,,,,,,,,,,,,,,,,,,,,,,,,,,,,,,,1.0,RagewingEmblemItem,,,,,,,,,,,,,None,None,,,,,2.0,,,,,,,,,,,,,,,,2.0,GuinsoosRageblade,MadredsBloodrazor,Quicksilver,,,,,,,,,,,,
3,EUW1_5971015846,TFT6_Augment_SalvageBin,TFT6_Augment_Diversify1,TFT6_Augment_FuturePeepers,1.0,,,1.0,,1.0,,,,,3.0,,0.0,,,0.0,1.0,,,,,,,1.0,1.0,,0.0,,,,,,,,,,,,,,,,,,,,,,,,,,,,,,,,,,,,,,,,,,,,,,,,,,,,,,,,,,,,,,,,,,2.0,MysticEmblemItem,,,,,,,,,,,,,,,,,,,,,,,,,,,,,,,,,,,,,,,,,,,,,,,,,,,,,,,,,,,2.0,WarmogsArmor,IonicSpark,Zephyr,,,,,2.0,,,,,,,,2.0,Zephyr,,,,,,,,,,,2.0,,,,,,,,,,,,,,,,,,,,,,,,,,,,,,,,2.0,FrozenHeart,Deathblade,MadredsBloodrazor,,,,,,,,,,,None,None,,,,,2.0,RunaansHurricane,BFSword,,,,,,,,,,,,,,2.0,InfinityEdge,Quicksilver,MadredsBloodrazor,,,,,,,,,,,,
4,EUW1_5971015846,TFT6_Augment_Twins2,TFT6_Augment_PandorasItems,TFT7_Augment_GadgetExpert,,0.0,1.0,1.0,,,,,,,1.0,,0.0,,,0.0,,,,,,,,1.0,1.0,,,,,,,,,,,,,,,,,,,,,,,,1.0,Shroud,,,,,,,,,,,,,,,,,,,,,,,,,,,,,,,,,,,2.0,Zephyr,,,,,,,,,,,,,,,2.0,IonicSpark,GargoyleStoneplate,WarmogsArmor,,,,,,,,,,,,,,,,,,,,,,,,,,,,,,,,,,,,,,,,,,,,,,,,,2.0,Morellonomicon,,,,,,,,,,,,,,,,,,,,,,,,,,,,,,,,,,,,,,,,,,,,,,,,,,,,,,,,,,,,,,,,,,,,,,,,,None,None,,,,,,,,,3.0,RunaansHurricane,MadredsBloodrazor,GuinsoosRageblade,,,,,,,,,,,,,,,,,,,,,,,,
5,EUW1_5971015846,TFT7_Augment_ShapeshifterBeastsDen,TFT6_Augment_PandorasItems,TFT6_Augment_Ascension,,0.0,,,,,1.0,0.0,,,,1.0,,,,,1.0,,,3.0,,,1.0,,,,,0.0,,,,,,,,,,,,,,,,,,,,,,,,,,,,,,,,,,,,,,,,,,,,,,,,,,,,,2.0,MadredsBloodrazor,,,,,,,2.0,TitanicHydra,,,,,,,,,,,,,,,,,,,,,,,,,,,,,,,,,,,,,,,,,,,,,,,2.0,DragonsClaw,IonicSpark,,3.0,Deathblade,Quicksilver,UnstableConcoction,,,,,,,,,,,,,,,,,,,,,,,,,,,,,,,,,,,,,,,,,1.0,RedBuff,,,,,,,,,,,1.0,SpearOfShojin,,,2.0,,,,,,,,,,,,,,,,,,,,,,,,,,None,None,,,,,,,,,,,,,,,,,,,,,,,,,,,,,,,,,,,,
6,EUW1_5971015846,TFT7_Augment_Bloodlust1,TFT6_Augment_CelestialBlessing1,TFT6_Augment_Ascension,,,1.0,,,3.0,1.0,0.0,,,2.0,,,0.0,3.0,0.0,0.0,,0.0,,,,,,,,0.0,,,,,,,,,,,,,,,,,,,,,,1.0,LastWhisper,,,,,,,,,,,,,,,2.0,GuinsoosRageblade,StatikkShiv,UnstableConcoction,,,,,,,,,,,,,,,,,,,,,,,,,1.0,MirageEmblemItem,,,,,,,,,,,,,,,,,,,,,,,,,,,,,,,2.0,ThiefsGloves,PowerGauntlet,FrozenHeart,,,,,,,,,,,,,,,,,2.0,RedBuff,DragonsClaw,,,,,,,,,,,,,,,,,,,,,,2.0,,,,,,,,,,,,,,,,,,,,,,,,,,,,,,,,,,,,,,,,,,,,,,,,,,,,,,,,,,None,None,,,,,,,,,,,,,,,,,,,,,,,,,2.0,Bloodthirster,MadredsBloodrazor,TitansResolve,,,,,,,,
2,EUW1_5971015846,TFT6_Augment_CalculatedLoss,TFT6_Augment_ThrillOfTheHunt1,TFT7_Augment_UrfsGrabBag1,3.0,,,3.0,,,,,,,1.0,,0.0,0.0,,,0.0,0.0,1.0,,,,,,1.0,,1.0,1.0,,,,,,,,,,,,,,,,,,,,,,,,,,,,,,,,,3.0,FrozenHeart,BruiserEmblemItem,BrambleVest,,,,,,,,,,,,,,,,,,,,,,,,,,,,,,,,,,,,,,,,,,,,,,,,,,,,,,,,,,,,,,,,,,,,,,,,,,,,,,,,,,,,,3.0,AssassinEmblemItem,RunaansHurricane,InfinityEdge,1.0,Morellonomicon,,,1.0,InfinityEdge,SeraphsEmbrace,Quicksilver,2.0,FrozenHeart,,,,,,,,,,,,,,,,,,,2.0,,,,,,,,,,,,,,,,,,,,,,,,2.0,AssassinEmblemItem,,,1.0,,,,2.0,,,,,,,,,,,,,,None,None,,,,,,,,,,,,,,,,,,,,,,,,,,,,,,,,,,,,
1,EUW1_5971015846,TFT7_Augment_SwiftshotPressTheAttack,TFT7_Augment_Preparation,TFT7_Augment_BestFriends2,,1.0,,1.0,,,1.0,,,,1.0,,0.0,1.0,,0.0,,,,,0.0,1.0,,1.0,2.0,,,0.0,,,,,,,,,1.0,SpearOfShojin,ArchangelsStaff,,,,,,,,,,,,,,,,,,,,,,,,,,,,,,,,,,,,,,,,,,,,,,,,,,,,,,,,,,,,,,3.0,Redemption,WarmogsArmor,RedBuff,,,,,,,,,,,,,,,,,,,,,,,,,,,,,3.0,StatikkShiv,,,,,,,,,,,,,,,,,,,1.0,,,,,,,,,,,,,,,,,,,,,,,,,,,,,,,,,,,,,,,,,,,,,,,,,,,,2.0,RedBuff,,,,,,,,,,,,,,,,,,,,,None,None,,,,,2.0,,,,2.0,RunaansHurricane,GuinsoosRageblade,Deathblade,,,,,,,,,,,,,,,,,,,,,1.0,IonicSpark,,
2,EUW1_5971203622,TFT7_Augment_AFK,TFT7_Augment_PandorasBench,TFT7_Augment_GadgetExpert,,,1.0,1.0,,,1.0,0.0,0.0,,1.0,,0.0,1.0,0.0,1.0,0.0,,,,0.0,1.0,,,2.0,1.0,0.0,0.0,,,,,,,,,2.0,RabadonsDeathcap,SpearOfShojin,ArchangelsStaff,,,,,,,,,1.0,RagewingEmblemItem,,,,,,,,,,,,,,,,,,,,,,,,,,,,,,,,,,,,,,,,,,,,,,,1.0,,,,,,,,,,,,,,,,,,,,,,,,,,,,,,,,2.0,,,,,,,,,,,,,,,,,,,,,,,,2.0,Morellonomicon,LocketOfTheIronSolari,,,,,,,,,,,,,,,,,,,,,,,,,,,,,,,,,,,,,,,,,,,,,,,,,,1.0,RedBuff,WarmogsArmor,,,,,,,,,,,,,,,,,,2.0,TrainerSnax,None,None,,,,,,,,,,,,,,,,,,,,,,,,,2.0,SeraphsEmbrace,TitansResolve,,,,,,2.0,StatikkShiv,StatikkShiv,
1,EUW1_5971203622,TFT7_Augment_MirageTrait,TFT6_Augment_TradeSectorPlus,TFT6_Augment_CelestialBlessing2,0.0,,,1.0,,0.0,1.0,,,1.0,,,0.0,,4.0,,0.0,,0.0,,,,,,0.0,,1.0,,,,,,,,,,,,,,,,,,,,,,,,,,1.0,,,,,,,,,,,,3.0,MadredsBloodrazor,StatikkShiv,Morellonomicon,,,,,,,,,,,,,,,,,,,,,,,,,,,,,,,,,,,,,,,,,,,,,,,,,,,,,3.0,TitanicHydra,,,,,,,,,,,,,,,,,,,,,,,2.0,Bloodthirster,AssassinEmblemItem,Chalice,,,,,2.0,MirageEmblemItem,,,,,,,,,,,,,,,,,,,,,,,,,,,1.0,,,,,,,,,,,,,,,,,,,,,,,,,,,,,,,,,,,,,,,,,,,,,,None,None,,,,,,,,,,,,,,,,,,,,,,,,,,,,,3.0,TitansResolve,Quicksilver,GuinsoosRageblade,,,,
8,EUW1_5971203622,TFT6_Augment_Electrocharge1,TFT6_Augment_Distancing2,TFT6_Augment_CyberneticImplants2,0.0,,,0.0,0.0,0.0,1.0,0.0,,,,,,,,,3.0,,,0.0,0.0,,,0.0,,,0.0,,,,,,,,,,,,,,,,,,,,,,,,,,,,,,,,,,,,,,,,,,,,,,,,,,,,,,,,,,,,,,,,,,2.0,RedBuff,Redemption,,,,,,,,,,,,,,,,,,2.0,InfinityEdge,,,,,,,,,,,,,,,,,,,,,,,,,,,,,,,,,,,,,,,,,,,,,,,,,,,,,,,,,,,2.0,Zephyr,,,3.0,Quicksilver,GuinsoosRageblade,Deathblade,2.0,,,,1.0,,,,,,,,,,,,,,,,,,,,,,,,,,,,,,,,,,,,,,,,,,None,None,,,,,,,,,,,,,,,,,,,,,2.0,SparringGloves,,,,,,,,,,,,,,
7,EUW1_5971203622,TFT6_Augment_PandorasItems,TFT6_Augment_Ascension,TFT7_Augment_MageEmblem,,0.0,1.0,0.0,,,,,1.0,,2.0,,,3.0,,2.0,,0.0,,,0.0,1.0,,,,1.0,,0.0,,,,,,,,,,,,,,,,,,,,,1.0,MageEmblemItem,,,,,,,,,,,,,,,,,,,,,,,,,,,,,,,,,,,,,,,,,,,,,,,2.0,Zephyr,,,,,,,,,,,,,,,,,,,,,,,,,,,,,,,2.0,,,,3.0,Chalice,,,,,,,,,,,,,,,,,,,,,,,,,,,,,,,3.0,SpearOfShojin,ArchangelsStaff,MadredsBloodrazor,,,,,,,,,,,,,,,,,,,,,,,,,1.0,MageEmblemItem,,,,,,,,,,,2.0,RedBuff,GargoyleStoneplate,BrambleVest,,,,,,,,,,,,,,,,,3.0,TrainerSnax,None,None,,,,,,,,,,,,,,,,,,,,,,,,,,,,,,,,,1.0,GuinsoosRageblade,,
6,EUW1_5971203622,TFT6_Augment_Twins1,TFT6_Augment_ComponentGrabBag,TFT6_Augment_Distancing2,,0.0,,2.0,,,,,,,,,0.0,0.0,,,0.0,,,,,,,1.0,1.0,,0.0,0.0,,,,,,,,,,,,,,,,,,,,,,,,,,,,,,,,,,,,,,,,,,,,,,,,,,,,,,,,,2.0,,,,,,,,,,,,,,,,2.0,DragonsClaw,Redemption,GargoyleStoneplate,,,,,,,,,,,,,,,,,,,,,,,,,,,,,,,,,,,,,,,,,,,,,,,,,2.0,,,,,,,,,,,,,,,,,,,,,,,,,,,,2.0,,,,,,,,,,,,,,,,,,,,,,,,2.0,,,,,,,,,,,,,,,,,,,,,,None,None,,,,,,,,,3.0,GuinsoosRageblade,RunaansHurricane,MadredsBloodrazor,,,,,,,,,,,,,,,,,,,,,,,,
5,EUW1_5971203622,TFT6_Augment_SecondWind1,TFT6_Augment_Ascension,TFT7_Augment_JadePenitence,,,,,,,1.0,0.0,1.0,,,3.0,0.0,,,1.0,,,,1.0,,,1.0,,,0.0,,,,,,,3.0,ArchangelsStaff,ArchangelsStaff,Shroud,,,,,,,,,,,,,,,,,,,,,,,,,,,,,,,,,,,,,2.0,Bloodthirster,TitansResolve,Bloodthirster,,,,,,,,,,,,,2.0,ThiefsGloves,,,,,,,,,,,,,,,,,,,1.0,,,,,,,,,,,,,,,,,,,,1.0,JadeEmblemItem,,,,,,,2.0,DragonsClaw,GiantsBelt,Redemption,,,,,,,,,,,,,,,,,,,,,,,,,,,,,,,,,,,,,,,,,,,,,,,,,,,,,,,,,1.0,,,,,,,,,,,,,,,,,,,,,,,,,,,,,,None,None,,,,,,,,,,,,,,,,,,,,,,,,,,,,,,,,,,,,
4,EUW1_5971203622,TFT7_Augment_CannoneerTrait,TFT7_Augment_PandorasBench,TFT6_Augment_ThrillOfTheHunt2,,,1.0,,2.0,,1.0,0.0,1.0,1.0,1.0,,,,0.0,1.0,,1.0,,,1.0,,,,,1.0,0.0,,,,,,,,,,,,,,,,,,,,,,1.0,,,,,,,,3.0,MadredsBloodrazor,GuinsoosRageblade,InfinityEdge,,,,,,,,,2.0,ShimmerscaleMogulsMail,GargoyleStoneplate,RedBuff,,,,,,,,,,,,,,,,,,,,,,,,,,,,,,,,,,,,,,,,,,,,,,,,,,,,,,,,,2.0,GuardianEmblemItem,,,,,,,,,,,,,,,,,,,,,,,,,,,,,,,,,,,,,,,,,,,,,,,,,,,,,,,,,,,,,,,2.0,StatikkShiv,,,,,,,,,,,,,,,,,,,,,,,,,,,,,,,3.0,TrainerSnax,None,None,2.0,ZekesHerald,LastWhisper,,,,,,,,,,,,,,,,,,,,,,2.0,Bloodthirster,WarmogsArmor,Quicksilver,,,,,,,,
3,EUW1_5971203622,TFT6_Augment_PandorasItems,TFT7_Augment_RagewingScorch,TFT6_Augment_Diversify2,1.0,,1.0,1.0,,0.0,,,,,3.0,,0.0,,,0.0,1.0,,,,,,,1.0,1.0,,0.0,,,,,,,,,,,,,,,,,,,,,,1.0,,,,,,,,,,,,,,,,,,,,,,,,,,,,,,,,,,,,,,,,,,,,2.0,WarmogsArmor,,,,,,,,,,,,,,,,,,,,,,,,,,,,,,,,,,,,,,,,,,,,,,,,,,,,,,,,,,,2.0,TitansResolve,BrambleVest,Redemption,,,,,2.0,FrozenHeart,,,,,,,,,,,,,,,,,,,2.0,Shroud,,,,,,,,,,,,,,,,,,,,,,,,,,,,,,,2.0,InfinityEdge,RedBuff,GuardianAngel,,,,,,,,,,,None,None,,,,,2.0,,,,,,,,,,,,,,,,2.0,MadredsBloodrazor,InfinityEdge,GuinsoosRageblade,,,,,,,,,,,,
3,EUW1_5972323232,TFT6_Augment_TinyTitans,TFT7_Augment_BestFriends3,TFT7_Augment_BandOfThieves1,,0.0,,1.0,,,,,1.0,,1.0,,,2.0,,1.0,,0.0,,,0.0,1.0,,,,1.0,,0.0,,,,,,,,,,,,,,,,,,,,,,,,,,,,,,,,,,,,,,,,,,,,,,,,,,,,,,,,,,,,,,,,,,,,,2.0,,,,3.0,ThiefsGloves,RecurveBow,Deathblade,,,,,,,,,,,,,,,,,,,,,,,,,2.0,,,,3.0,StatikkShiv,SpearOfShojin,,,,,,,,,,,,,,,,,,,,,,,,,,,,,,2.0,MadredsBloodrazor,SpearOfShojin,JeweledGauntlet,,,,,,,,,,,,,,,,,,,,,,,,,1.0,Morellonomicon,,,,,,,,,,,2.0,Zephyr,GargoyleStoneplate,,,,,,,,,,,,,,,,,,3.0,TrainerSnax,None,None,,,,,,,,,,,,,,,,,,,,,,,,,,,,,,,,,2.0,SpearOfShojin,SeraphsEmbrace,SparringGloves
8,EUW1_5972323232,TFT6_Augment_Weakspot,TFT6_Augment_RadiantRelics,TFT7_Augment_BestFriends1,0.0,0.0,,,,,1.0,0.0,,,1.0,0.0,,,,,1.0,,,2.0,,,1.0,,,,,0.0,,,,,,,,,,,,,,,,,,,,,,,,,,,,,,,,,,,,,,,,,,,,,,,,,,,,,2.0,,,,,,,,2.0,,,,,,,,,,,,,,,,,,,,,,,,,,,,,,,,,,,,,,,,,,,,,,,,,,,,3.0,Quicksilver,GuinsoosRageblade,Deathblade,,,,,,,,,,,,,,,,,,,,,,,,,,,,,,,,,,,,,,,,,1.0,FrozenHeart,RedBuff,,,,,,,,,,1.0,,,,2.0,ChaliceOfPowerRadiant,GuinsoosRageblade,,,,,,,,,,1.0,,,,,,,,,,,,,,None,None,,,,,,,,,,,,,,,,,,,,,,,,,,,,,,,,,,,,
4,EUW1_5972323232,TFT6_Augment_ItemGrabBag1,TFT6_Augment_RadiantRelics,TFT6_Augment_Diversify1,,,,,,,1.0,0.0,1.0,,,2.0,0.0,0.0,0.0,2.0,,,,1.0,0.0,1.0,,,,0.0,0.0,,,,,,3.0,RabadonsDeathcap,HextechGunblade,ArchangelsStaff,,,,,,,,,,,,,,,,,,,,,,,,,,,,,,,,,,,,,2.0,TitansResolveRadiant,UnstableConcoction,GuinsoosRageblade,,,,,,,,,,,,,2.0,,,,,,,,,,,,,,,,,,,,,,,,,,,,,,,,,,,,,,,,2.0,,,,,,,,2.0,RedBuff,BrambleVest,,,,,,,,,,,,,,,,,,,,,,,,,,,,,,,,,,,,,,,,,,,,,,,,,,,,,,,,,,,,,,,,,,,,,,,,,,,,,,,,,,,,,,,,None,None,,,,,,,,,,,,,,,,,,,,,,,,,1.0,MysticEmblemItem,TitansResolve,,,,,,1.0,,,
5,EUW1_5972323232,TFT7_Augment_SwiftshotTrait,TFT6_Augment_ItemGrabBag2,TFT6_Augment_Distancing,1.0,,,2.0,,,1.0,,,0.0,1.0,,0.0,0.0,,,,,,,,,,0.0,1.0,,,3.0,,,,,,,,,,,,,,,,,,,,,,,,,,,,,,,,,,,,,,,,,,,,,,,,,2.0,InfinityEdge,Bloodthirster,DragonsClaw,,,,,,,,,,,,,,,,,,,,,,,,,,,,,,,,,,,,,,,,,,,,,,,,,,,,,,,,,,,,,,,,,,,,,,,,,2.0,Morellonomicon,RedBuff,GargoyleStoneplate,1.0,ArchangelsStaff,InfinityEdge,HextechGunblade,2.0,,,,,,,,,,,,,,,,,,,,,,,,,,,,,,,,,,,,,,,,,,,,2.0,,,,,,,,2.0,RapidFireCannon,BFSword,,,,,,2.0,BruiserEmblemItem,,,,,None,None,,,,,,,,,,,,,,,,,,,,,,,,,,,,,,,,,,,,
2,EUW1_5972323232,TFT7_Augment_SwiftshotTrait,TFT7_Augment_BestFriends3,TFT7_Augment_CavalierTrait,0.0,,,1.0,,1.0,1.0,,,,2.0,,0.0,,,,2.0,,,0.0,,,,2.0,1.0,,0.0,,,,,,,,,,,,,,,,,,,,,,,,,,,,,,,,,,,,,,,,,,,,,,,,,,,,,,,,,,2.0,,,,,,,,2.0,ThiefsGloves,Redemption,LastWhisper,,,,,,,,,,,,,,,,,,,,,,,,,,,,,,,,,,,,,,,,,,,,,,,,,,,,,,,,,2.0,WarmogsArmor,RedBuff,FrozenHeart,,,,,,,,,,,,,,,,,,,,,,,,,2.0,,,,2.0,ArchangelsStaff,IonicSpark,FrozenHeart,,,,,,,,,,,,,,,,,,,,,,,,,1.0,,,,,,,,,,,,,,None,None,,,,,2.0,LastWhisper,,,,,,,,,,,,,,,2.0,Deathblade,MadredsBloodrazor,RunaansHurricane,,,,,,,,,,,,
7,EUW1_5972323232,TFT6_Augment_ThrillOfTheHunt1,TFT6_Augment_GrandGambler,TFT6_Augment_SecondWind1,,,1.0,,1.0,,1.0,,1.0,1.0,1.0,,,,,1.0,,1.0,0.0,,1.0,,,,,1.0,,,,,,,,,,,,,,,,,,,,,,,1.0,,,,2.0,,,,2.0,LastWhisper,Deathblade,ShimmerscaleDravensAxe,,,,,,,,,1.0,GargoyleStoneplate,RabadonsDeathcap,,,,,,,,,,,,,,,,,,,,,,,,,,,,,,,,,,,,,,,,,,,,,,,,,,,,,,,,,,2.0,,,,,,,,,,,,,,,,,,,,,,,,,,,,,,,,,,,,,,,,,,,,,,,,,,,,,,,,,,,,,,,,2.0,SeraphsEmbrace,JeweledGauntlet,,,,,,,,,,,,,,,,,,,,,,,,,,,,,,3.0,TrainerSnax,None,None,2.0,,,,,,,,,,,,,,,,,,,,,,,,,,,,,,,,,,,
6,EUW1_5972323232,TFT7_Augment_BruiserTrait,TFT6_Augment_RadiantRelics,TFT6_Augment_Weakspot,,,,1.0,2.0,,1.0,0.0,,1.0,,,,,0.0,,,2.0,,,1.0,,,,,0.0,0.0,0.0,,,,,,,,,,,,,,,,,,,,,,,,,,,,,2.0,GuinsoosRageblade,DeathbladeRadiant,InfinityEdge,,,,,,,,,2.0,RedBuff,DragonsClaw,WarmogsArmor,,,,,,,,,,,,,,,,,,,,,,,,,,,,,,,,,2.0,ShimmerscaleDravensAxe,,,,,,,,,,,,,,,,,,,,,,,,,,,,,,,,,,,,,,,,,,,,,,,,,,,,,,,,,,,,,,,,,,,,,,,,,,,,,,,,,,,,,,,,,,,,,,,,,,,,,,,1.0,,,,,,,,,,,,2.0,,,,,,None,None,1.0,,,,,,,,,,,,,,,,,,,,,,,,1.0,GuardianAngel,,,,,,,,,,
1,EUW1_5972323232,TFT7_Augment_CannoneerTrait,TFT6_Augment_ThriftShop,TFT6_Augment_SecondWind1,,,1.0,,3.0,,1.0,,1.0,1.0,1.0,,,,,1.0,,2.0,,,1.0,,,,,1.0,,,,,,,,,,,,,,,,,,,,,,,2.0,GuardianEmblemItem,IonicSpark,,,,,,2.0,LastWhisper,GuardianAngel,InfinityEdge,,,,,,,,,3.0,DragonsClaw,DragonsClaw,GargoyleStoneplate,,,,,,,,,,,,,,,,,,,,,,,,,,,,,,,,,2.0,ThiefsGloves,,,,,,,,,,,,,,,,,,,,,,,2.0,ZekesHerald,Redemption,,,,,,,,,,,,,,,,,,,,,,,,,,,,,,,,,,,,,,,,,,,,,,,,,,,,,,,,,,,,,,2.0,,,,,,,,,,,,,,,,,,,,,,,,,,,,,,,,4.0,TrainerSnax,None,None,2.0,,,,,,,,,,,,,,,,,,,,,,,,,,,,,,,,,,,
4,EUW1_5971756021,TFT6_Augment_LudensEcho2,TFT6_Augment_WindfallPlus,TFT7_Augment_SwiftshotEmblem,1.0,,,1.0,,0.0,,0.0,,,1.0,0.0,0.0,,0.0,,1.0,,,,,,1.0,1.0,1.0,,1.0,,,,,,,,,,,,,,,,,,,,,,,,,,,,,,,,,,,,,,,,,,,,,,,,,,,,,,,,,,,,,,,,,,2.0,,,,,,,,,,,,,,,,,,,,,,,,,,,,,,,,,,,,,,,,,,,,,,,,,,,,,,,,,,,,2.0,Redemption,Morellonomicon,,,,,,2.0,,,,,,,,,,,,,,,,,,,,2.0,,,,,,,,,,,,,,,,1.0,,,,,,,,,,,,,,,,2.0,SwiftshotEmblemItem,Quicksilver,,,,,,,,,,,,None,None,,,,,,,,,,,,,,,,,,,,,2.0,GuinsoosRageblade,Quicksilver,MadredsBloodrazor,2.0,StatikkShiv,,,,,,,,,,
8,EUW1_5971756021,TFT7_Augment_BestFriends2,TFT6_Augment_RadiantRelics,TFT7_Augment_UrfsGrabBag1,,0.0,,1.0,,,,,0.0,,1.0,,,2.0,,1.0,,,,,0.0,1.0,,,,1.0,,0.0,,,,,,,,,,,,,,,,,,,,,,,,,,,,,,,,,,,,,,,,,,,,,,,,,,,,,,,,,,,,,,,,,,,,,1.0,,,,3.0,MageEmblemItem,RedBuff,MadredsBloodrazor,,,,,,,,,,,,,,,,,,,,,,,,,1.0,,,,3.0,,,,,,,,,,,,,,,,,,,,,,,,,,,,,,,,1.0,JeweledGauntlet,ArchangelsStaffRadiant,SpearOfShojin,,,,,,,,,,,,,,,,,,,,,,,,,,,,,,,,,,,,,2.0,RedBuff,DragonsClaw,GargoyleStoneplate,,,,,,,,,,,,,,,,,1.0,TrainerSnax,None,None,,,,,,,,,,,,,,,,,,,,,,,,,,,,,,,,,1.0,,,
2,EUW1_5971756021,TFT7_Augment_PandorasBench,TFT7_Augment_UrfsGrabBag2,TFT6_Augment_Meditation2,,,,1.0,,,1.0,,0.0,,1.0,,0.0,2.0,,0.0,,,,,0.0,1.0,,,2.0,1.0,,0.0,,,,,,,,,2.0,StatikkShiv,MageEmblemItem,ArchangelsStaff,,,,,,,,,,,,,,,,,,,,,,,,,,,,,,,,,,,,,,,,,,,,,,,,,,,,,,,,,2.0,Shroud,,,,,,,,,,,,,,,,,,,,,,,,,,,,,,,2.0,ZekesHerald,PowerGauntlet,,,,,,,,,,,,,,,,,,,,,,2.0,,,,,,,,,,,,3.0,SpearOfShojin,UnstableConcoction,Quicksilver,,,,,,,,,,,,,,,,,,,,,,,,,,,,,,,,,,,,,2.0,RedBuff,GargoyleStoneplate,WarmogsArmor,,,,,,,,,,,,,,,,,4.0,TrainerSnax,None,None,,,,,,,,,,,,,,,,,,,,,,,,,,,,,,,,,2.0,,,
6,EUW1_5971756021,TFT7_Augment_AssassinEmblem,TFT7_Augment_BestFriends3,TFT7_Augment_AssassinCutthroat,2.0,,,2.0,,,1.0,,,,1.0,,0.0,0.0,,,0.0,,,,,,,,1.0,,0.0,2.0,,,,,,,,,,,,,,,,,,,,,,,,,,,,,,,,,,,,,,,,,,,,,,,,,1.0,AssassinEmblemItem,Bloodthirster,TitansResolve,,,,,,,,,,,,,,,,,,,,,,,,,,,,,,,,,,,,,,,,,,,,,,,,,,,,,,,,,,,,,,,,,,,,,,,,,1.0,,,,1.0,,,,2.0,RedBuff,FrozenHeart,,,,,,,,,,,,,,,,,,2.0,,,,,,,,,,,,,,,,,,,,,,,,2.0,,,,,,,,2.0,UnstableConcoction,RunaansHurricane,GuardianAngel,,,,,,,,,,,None,None,,,,,,,,,,,,,,,,,,,,,,,,,,,,,,,,,,,,
7,EUW1_5971756021,TFT6_Augment_TrueTwos,TFT6_Augment_HighEndShopping,TFT6_Augment_ComponentGrabBag,,,1.0,,1.0,,1.0,,1.0,1.0,1.0,,,,,1.0,,1.0,,,1.0,,,,,1.0,,0.0,,,,,,,,,,,,,,,,,,,,,1.0,,,,,,,,2.0,InfinityEdge,LastWhisper,MadredsBloodrazor,,,,,,,,,2.0,GargoyleStoneplate,FrozenHeart,GargoyleStoneplate,,,,,,,,,,,,,,,,,,,,,,,,,,,,,,,,,,,,,,,,,,,,,,,,,,,,,,,,,2.0,LocketOfTheIronSolari,TearOfTheGoddess,,,,,,,,,,,,,,,,,,,,,,,,,,,,,,,,,,,,,,,,,,,,,,,,,,,,,,,,,,,,,,2.0,SeraphsEmbrace,ShimmerscaleHeartOfGold,,,,,,,,,,,,,,,,,,,,,,,,,,2.0,,,,1.0,TrainerSnax,None,None,2.0,,,,,,,,,,,,,,,,,,,,,,,,,,,,,,,,,,,
3,EUW1_5971756021,TFT7_Augment_Bloodlust1,TFT6_Augment_Twins3,TFT6_Augment_MakeshiftArmor2,,0.0,,,,,1.0,,,,,2.0,,,,0.0,,,,2.0,,,1.0,,,,,0.0,,,,,,,,,,,,,,,,,,,,,,,,,,,,,,,,,,,,,,,,,,,,,2.0,,,,,,,,2.0,,,,,,,,2.0,,,,,,,,,,,,,,,,,,,,,,,,,,,,,,,,,,,,,,,,,,,,,,,,2.0,FrozenHeart,Morellonomicon,BrambleVest,2.0,RedBuff,BFSword,MadredsBloodrazor,,,,,,,,,,,,,,,,,,,,,,,,,,,,,,,,,,,,,,,,,,,,,,,,,,,,,2.0,,,,,,,,,,,,,,,,,,,,,,,,,,,,,,None,None,,,,,,,,,,,,,,,,,,,,,,,,,,,,,,,,,,,,
5,EUW1_5971756021,TFT6_Augment_ThrillOfTheHunt2,TFT6_Augment_ThriftShop,TFT6_Augment_Ascension,,,,,2.0,,1.0,,1.0,1.0,,,,,,0.0,,2.0,,,1.0,,,,,1.0,,0.0,,,,,,,,,,,,,,,,,,,,,,,,,,,,,2.0,SpearOfShojin,RapidFireCannon,GuinsoosRageblade,,,,,,,,,2.0,TitanicHydra,RedBuff,WarmogsArmor,,,,,,,,,,,,,,,,,,,,,,,,,,,,,,,,,2.0,,,,,,,,,,,,,,,,,,,,,,,,2.0,LocketOfTheIronSolari,ShimmerscaleHeartOfGold,,,,,,,,,,,,,,,,,,,,,,,,,,,,,,,,,,,,,,,,,,,,,,,,,,,,,,,,,,,,,,2.0,ThiefsGloves,PowerGauntlet,FrozenHeart,,,,,,,,,,,,,,,,,,,,,,,,,1.0,,,,4.0,TrainerSnax,None,None,2.0,,,,,,,,,,,,,,,,,,,,,,,,,,,,,,,,,,,
1,EUW1_5971756021,TFT6_Augment_Traitless2,TFT6_Augment_RadiantRelics,TFT7_Augment_BestFriends2,0.0,0.0,,0.0,0.0,0.0,,0.0,0.0,,,0.0,0.0,0.0,0.0,0.0,0.0,0.0,0.0,0.0,0.0,,,0.0,0.0,0.0,0.0,,,,,,,,,,,,,,,,,,,,,,,,,,,,,,2.0,HextechGunblade,,,2.0,FrozenHeart,,,,,,,,,,,,,,,,,,,,,,,,,,,,,,,2.0,,,,,,,,,,,,,,,,,,,,,,,,,,,,,,,,,,,,1.0,PowerGauntlet,,,,,,,2.0,TitanicHydra,MageEmblemItem,,,,,,,,,,,,,,2.0,RedBuff,GargoyleStoneplate,TitanicHydra,,,,,,,,,,,,,,,,,,,,,,,,,,,,,,,,,,,,,,,,,,,,,,,,,,,,,,,,,,,,,,,,,,,,,,,None,None,,,,,,,,,3.0,LastWhisperRadiant,UnstableConcoction,InfinityEdge,,,,,2.0,ThiefsGloves,,,,,,,1.0,,,,,,,,,,,
5,EUW1_5971748897,TFT6_Augment_CyberneticImplants3,TFT7_Augment_BestFriends2,TFT7_Augment_UrfsGrabBag1,1.0,,,1.0,,2.0,,,,,3.0,,0.0,,,,1.0,,,,,,,1.0,1.0,,0.0,,,,,,,,,,,,,,,,,,,,,,,,,,,,,,,,,,,,,,,,,,,,,,,,,,,,,,,,,,,,,,,,,,2.0,NeedlesslyLargeRod,,,,,,,,,,,,,,,,,,,,,,,,,,,,,,,,,,,,,,,,,,,,,,,,,,,,,,,,,,,2.0,CavalierEmblemItem,,,,,,,2.0,InfinityEdge,,,,,,,2.0,TitanicHydra,,,,,,,,,,,2.0,WarmogsArmor,,,,,,,,,,,,,,,,,,,,,,,,,,,,,,,2.0,InfinityEdge,RunaansHurricane,RedBuff,,,,,,,,,,,None,None,,,,,2.0,,,,,,,,,,,,,,,,2.0,Deathblade,Quicksilver,GuinsoosRageblade,,,,,,,,,,,,
1,EUW1_5971748897,TFT6_Augment_ForceOfNature,TFT7_Augment_BestFriends2,TFT6_Augment_Meditation2,,,1.0,1.0,1.0,,,,1.0,,1.0,,,1.0,,1.0,,2.0,,,0.0,1.0,,,,2.0,,0.0,,,,,,,,,,,,,,,,,,,,,2.0,,,,,,,,3.0,RunaansHurricane,MadredsBloodrazor,Quicksilver,,,,,,,,,,,,,,,,,,,,,,,,,,,,,,,,,,,,,2.0,,,,,,,,,,,,,,,,,,,,,,,,,,,,,,,,2.0,,,,,,,,,,,,,,,,,,,,,,,,,,,,,,,,,,,,,,,,,,,,,,,,,,,,,,,,,,,,,,,,2.0,,,,,,,,,,,,2.0,RedBuff,Quicksilver,GargoyleStoneplate,2.0,Redemption,ArchangelsStaff,TearOfTheGoddess,,,,,,,,,,,,,4.0,TrainerSnax,None,None,2.0,MadredsBloodrazor,,,,,,,,,,,,,,,,,,,,,,,,,,,,,,,2.0,,,
2,EUW1_5971748897,TFT7_Augment_BestFriends3,TFT6_Augment_SunfireBoard,TFT7_Augment_BestFriends2,,0.0,,2.0,,,1.0,,,1.0,1.0,,0.0,0.0,,,0.0,,,,,,,1.0,1.0,,0.0,2.0,,,,,,,,,,,,,,,,,,,,,,,,,,,,,,,,,,,,,,,,,,,,,,,,,2.0,TempestEmblemItem,JeweledGauntlet,,,,,,,,,,,,,,,,,,,,,,,,,,,,,,,,,,,,,,,,,,,,,,,,,,,,,,,,,,,,,,,,,,,,,,,,,,2.0,,,,,,,,,,,,,,,,,,,,,,,,,,,,2.0,GuardianEmblemItem,GargoyleStoneplate,TitanicHydra,,,,,,,,,,,,,,,,,,,,,2.0,ThiefsGloves,MadredsBloodrazor,RedBuff,,,,,,,,,,,,,2.0,TitanicHydra,,,,,None,None,,,,,2.0,,,,3.0,UnstableConcoction,GuinsoosRageblade,MadredsBloodrazor,,,,,,,,,,,,,,,,,,,,,,,,
7,EUW1_5971748897,TFT7_Augment_Preparation3,TFT6_Augment_PortableForge,TFT7_Augment_ShapeshifterBeastsDen,,0.0,,,,,1.0,,,,,2.0,,,,0.0,,,,2.0,,,1.0,,,,,0.0,,,,,,,,,,,,,,,,,,,,,,,,,,,,,,,,,,,,,,,,,,,,,2.0,UnstableConcoction,Quicksilver,,,,,,2.0,OrnnRanduinsSanctum,,,,,,,2.0,,,,,,,,,,,,,,,,,,,,,,,,,,,,,,,,,,,,,,,,,,,,,,,,1.0,ThiefsGloves,Quicksilver,Deathblade,3.0,Quicksilver,Deathblade,Bloodthirster,,,,,,,,,,,,,,,,,,,,,,,,,,,,,,,,,,,,,,,,,,,,,,,,,,,,,1.0,LocketOfTheIronSolari,,,,,,,,,,,,,,,,,,,,,,,,,,,,,None,None,,,,,,,,,,,,,,,,,,,,,,,,,,,,,,,,,,,,
6,EUW1_5971748897,TFT7_Augment_MageEmblem2,TFT6_Augment_ComponentGrabBag,TFT7_Augment_AxiomArc2,,0.0,,0.0,,0.0,,,1.0,,1.0,,,2.0,,1.0,,0.0,0.0,,,,,,,1.0,,0.0,,,,,,,,,,,,,,,,,,,,,,,,,,,,,,,,,,,,,,,,,,,,,,,,,,,,,,,,,,,,,,,,,,,,,2.0,,,,,,,,,,,,,,,,,,,,,,,,,,,,2.0,TitanicHydra,,,2.0,,,,3.0,StatikkShiv,ZekesHerald,,,,,,,,,,,,,,,,,,,,,,,,,,,,,,2.0,UnstableConcoction,SpearOfShojin,ArchangelsStaff,,,,,,,,,,,,,,,,,,,,,,,,,1.0,Morellonomicon,MageEmblemItem,,,,,,,,,,2.0,IonicSpark,RedBuff,,,,,,,,,,,,,,,,,,2.0,TrainerSnax,None,None,,,,,,,,,,,,,,,,,,,,,,,,,,,,,,,,,,,,
3,EUW1_5971748897,TFT7_Augment_AssassinEmblem2,TFT7_Augment_BruiserPersonalTraining,TFT7_Augment_BestFriends2,3.0,,,1.0,,,,,,,1.0,,0.0,,,,0.0,,1.0,,0.0,,,,1.0,,1.0,0.0,,,,,,,,,,,,,,,,,,,,,,,,,,,,,,,,,3.0,TitansResolve,RedBuff,HextechGunblade,,,,,,,,,,,,,,,,,,,,,,,,,,,,,,,,,,,,,,,,,,,,,,,,,2.0,SparringGloves,,,,,,,,,,,,,,,,,,,,,,,,,,,,,,,,,,,2.0,RapidFireCannon,AssassinEmblemItem,InfinityEdge,1.0,,,,1.0,SeraphsEmbrace,,,2.0,,,,,,,,,,,,,,,,,,,,1.0,ZekesHerald,,,,,,,,,,,,,,,,,,,,,,,,,,,,,,,1.0,InfinityEdge,RapidFireCannon,,,,,,,,,,,,None,None,,,,,,,,,,,,,,,,,,,,,,,,,,,,,,,,,,,,
8,EUW1_5971748897,TFT6_Augment_CyberneticImplants3,TFT6_Augment_ComponentGrabBag,TFT6_Augment_CyberneticImplants2,0.0,,,0.0,,,1.0,0.0,,0.0,1.0,,0.0,,,,1.0,,,,2.0,,,1.0,,,0.0,,,,,,,,,,,,,,,,,,,,,,,,,,,,,,,,,,,,,,,,,,1.0,ShimmerscaleDiamondHands,RedBuff,GargoyleStoneplate,,,,,,,,,,,,,,,,,,,,,,,,,,,,,,,,,,,,,,,,,2.0,InfinityEdge,,,,,,,,,,,,,,,,,,,,,,,,,,,,,,,,,,,,,,,,,,,,,,,,,,,,,,,,,,,,,,,,,,,2.0,NegatronCloak,,,,,,,,,,,,,,,,,,,,,,,,,,,,,,,,,,,,,,,,,,,,,None,None,,,,,1.0,NeedlesslyLargeRod,,,,,,,,,,,1.0,Redemption,,,2.0,GuinsoosRageblade,MadredsBloodrazor,ShimmerscaleDravensAxe,,,,,,,,,,,,
4,EUW1_5971748897,TFT7_Augment_CavalierEmblem2,TFT6_Augment_CyberneticShell2,TFT7_Augment_CavalierEmblem,0.0,,,,,4.0,1.0,,,0.0,2.0,0.0,,,3.0,,0.0,,,0.0,,,,,,,,,,,,,,,,,,,,,,,,,,,,,,,,,,,,,,,,,,,,,2.0,InfinityEdge,JeweledGauntlet,MadredsBloodrazor,,,,,,,,,,,,,,,,,,,,,,,,,2.0,MirageEmblemItem,Shroud,,,,,,,,,,,,,,,,,,,,,,,,,,2.0,CavalierEmblemItem,,,,,,,,,,,,,,,2.0,CavalierEmblemItem,GargoyleStoneplate,Quicksilver,,,,,2.0,RedBuff,Redemption,ArchangelsStaff,,,,,,,,,,,,,,,,,,,,,1.0,,,,,,,,,,,,,,,,,,,,,,,,,,,,,,,,,,,,,,,,,,,,2.0,,,,,,,,,,,,,,None,None,,,,,,,,,,,,,,,,,,,,,,,,,,,,,,,,,,,,
7,EUW1_5970851528,TFT7_Augment_ShimmerscaleTrait2,TFT7_Augment_GuardianEmblem2,TFT6_Augment_CyberneticImplants2,1.0,,,0.0,1.0,,1.0,,0.0,1.0,1.0,,0.0,,,,0.0,2.0,,,2.0,,,,0.0,,,,,,,,,,,,,,,,,,,,,,,,,,,,,,,,2.0,RunaansHurricane,MadredsBloodrazor,Quicksilver,,,,,,,,,2.0,RedBuff,BrambleVest,GargoyleStoneplate,,,,,,,,,,,,,,,,,,,,,,,,,,,,,,,,,1.0,ThiefsGloves,JeweledGauntlet,SeraphsEmbrace,,,,,2.0,NegatronCloak,,,,,,,,,,,,,,,,,,,,,,,,,,,,,,,,,,,,,,,2.0,GuardianEmblemItem,,,,,,,,,,,,,,,,,,,,,,,,,,,,,,,,,,,,,,,2.0,ShimmerscaleHeartOfGold,TitansResolve,ShimmerscaleGoldmancersStaff,,,,,,,,,,,,,,,,,1.0,ThiefsGloves,LocketOfTheIronSolari,GuinsoosRageblade,,,,,,,,,,,None,None,,,,,,,,,,,,,,,,,,,,,,,,,,,,,,,,,,,,
5,EUW1_5970851528,TFT7_Augment_UrfsGrabBag2,TFT6_Augment_RadiantRelics,TFT7_Augment_UrfsGrabBag1,,,,1.0,,,1.0,0.0,0.0,1.0,,1.0,0.0,0.0,,,0.0,,,2.0,,,,,,,,3.0,,,,,2.0,ArchangelsStaff,BFSword,,,,,,,,,,,,,,,,,,,,,,,,,,,,,,,,,,,,,,,,,,2.0,GuinsoosRageblade,Bloodthirster,TitansResolve,2.0,ArchangelsStaff,GuinsoosRagebladeRadiant,Quicksilver,,,,,1.0,,,,,,,,,,,,,,,,,,,,,,,,,,,,,,,,,,,,,,,,,,,,,,,,2.0,WarmogsArmor,GargoyleStoneplate,,,,,,,,,,,,,,,,,,,,,,,,,,,,,,,,,,,,,,,,,,,,,,,,,,,,,,,,,,,,,,1.0,,,,2.0,,,,,,,,,,,,2.0,,,,2.0,Shroud,,,,,None,None,,,,,,,,,,,,,,,,,,,,,,,,,,,,,,,,,,,,
1,EUW1_5970851528,TFT6_Augment_SlowAndSteady,TFT7_Augment_AssassinEmblem2,TFT7_Augment_ScalescornEmblem,2.0,,,1.0,,,,0.0,,1.0,,,0.0,,0.0,,,,2.0,,,,,,1.0,,1.0,1.0,,,,,,,,,,,,,,,,,,,,,,,,,2.0,WarmogsArmor,,,,,,,3.0,FrozenHeart,RedBuff,InfinityEdge,,,,,,,,,,,,,,,,,,,,,,,,,,,,,,,,,,,,,,,,,,,,,,,,,,,,,,,,,,,,,,,,,,,,,,,,,,,,,,,,,,,,,3.0,Bloodthirster,MadredsBloodrazor,AssassinEmblemItem,2.0,,,,2.0,ScalescornEmblemItem,GuardianAngel,ArchangelsStaff,2.0,,,,,,,,,,,,,,,,,,,,,,,,,,,,,,,,,,,,,,,,,,,,,,,,,,,,,,,,,,,,2.0,,,,,,None,None,,,,,,,,,,,,,,,,,,,,,,,,,1.0,LastWhisper,InfinityEdge,,,,,,,,,
6,EUW1_5970851528,TFT6_Augment_SlowAndSteady,TFT6_Augment_ThriftShop,TFT6_Augment_JeweledLotus,,0.0,1.0,1.0,,,,,0.0,,2.0,0.0,,2.0,,2.0,,,,,0.0,1.0,1.0,,,1.0,,0.0,,,,,,,,,,,,,,,,,,,,,1.0,,,,,,,,,,,,,,,,,,,,,,,,,,,,,,,,,,,,,,,,,,,,,,,,2.0,,,,2.0,,,,,,,,,,,,,,,,,,,,,,,,,,,,2.0,,,,3.0,ArchangelsStaff,SpearOfShojin,,,,,,,,,,,,,,,,,,,,,,,,,,,,,,2.0,ArchangelsStaff,SpearOfShojin,InfinityEdge,,,,,,,,,,,,,,,,,,,,,,,,,,,,,1.0,,,,,,,,2.0,WarmogsArmor,RedBuff,TitansResolve,,,,,,,,,,,,,,,,,2.0,TrainerSnax,None,None,,,,,,,,,,,,,,,,,,,,,,,,,,,,,,,,,1.0,,,
2,EUW1_5970851528,TFT6_Augment_Traitless3,TFT7_Augment_BestFriends3,TFT6_Augment_Traitless2,,,,0.0,0.0,0.0,,0.0,0.0,0.0,,0.0,0.0,,0.0,0.0,0.0,0.0,,0.0,,,,0.0,0.0,0.0,0.0,0.0,,,,,,,,,,,,,,,,,,,,,,,,,,,,,2.0,GuinsoosRageblade,,,,,,,,,,,,,,,,,,,,,,,,,,,,,,,,,,,2.0,TearOfTheGoddess,,,,,,,,,,,,,,,,,,,,,,,,,,,,,,,,,,,2.0,,,,,,,,1.0,,,,,,,,,,,,,,,,2.0,DragonsClaw,GargoyleStoneplate,,,,,,,,,,,,,,,,,,,,,,,,,,,,,,,,,,,,,,,,,,,,,,,,,,,,,,,,,,,,,,,,,,1.0,,,,,,None,None,,,,,,,,,,,,,,,,,,,,,2.0,MadredsBloodrazor,GuinsoosRageblade,,2.0,UnstableConcoction,InfinityEdge,SeraphsEmbrace,,,,,,,,
8,EUW1_5970851528,TFT7_Augment_TomeOfTraits2,TFT7_Augment_UrfsGrabBag2,TFT7_Augment_ShimmerscaleTrait,0.0,0.0,,,,,1.0,0.0,,0.0,1.0,,0.0,2.0,,0.0,0.0,,,,4.0,1.0,,,,,,,,,,,,,,,,,,,,,,,,,,,,,,,,,,,,,,,,,,,,,,,1.0,RedBuff,DragonsClaw,MageEmblemItem,,,,,,,,,,,,,,,,,,,,,,,,,,,,,,,,,,,,,,,,,2.0,ShimmerscaleGoldmancersStaff,ShimmerscaleCrownOfChampions,,,,,,,,,,,,,,,,,,3.0,RabadonsDeathcap,SpearOfShojin,ShimmerscaleEmblemItem,,,,,,,,,,,,,,,,,,,,,,,,,,,,,1.0,ShimmerscaleDeterminedInvestor,,,,,,,,,,,,,,,,,,,,,,,,,,,,,,,,,,,,,,,,,,,,,,,,,,,,,,,,,,,,,None,None,,,,,,,,,,,,,2.0,ShimmerscaleEmblemItem,ShimmerscaleHeartOfGold,,2.0,TitansResolve,ShimmerscaleMogulsMail,PowerGauntlet,,,,,,,,,,,,,1.0,GuardianAngel,SpearOfShojin,
4,EUW1_5970851528,TFT6_Augment_GrandGambler,TFT7_Augment_UrfsGrabBag2,TFT7_Augment_AxiomArc2,,,,,,0.0,1.0,1.0,,1.0,,2.0,,,0.0,0.0,0.0,,,0.0,,,,0.0,0.0,,,,,,,,,,,,,,,,2.0,,,,,,,,,,,,,,,,,,,,,,,,,,,,,,,,2.0,InfinityEdge,TitansResolve,Quicksilver,,,,,,,,,,,,,,,,,2.0,,,,,,,,,,,,,,,,3.0,JeweledGauntlet,SeraphsEmbrace,InfinityEdge,,,,,2.0,ZekesHerald,GuardianAngel,,2.0,,,,,,,,,,,,,,,,2.0,,,,,,,,,,,,,,,,,,,,,,,,,,,,,,,,,,,,,,,,,,,,,,,,,,,,,,,,,,,,,,,,,,,,,,,,,,,,,,,,3.0,RedBuff,GargoyleStoneplate,TitanicHydra,,,,,,,None,None,,,,,,,,,,,,,,,,,,,,,,,,,,,,,,,,,,,,
3,EUW1_5970851528,TFT6_Augment_RadiantRelics,TFT7_Augment_UrfsGrabBag2,TFT6_Augment_ComponentGrabBag,,0.0,,,,,1.0,0.0,,1.0,,1.0,,,,,1.0,,,3.0,,,1.0,,,,,0.0,,,,,,,,,,,,,,,,,,,,,,,,,,,,,,,,,,,,,,,,,,,,,,,,,,,,,2.0,UnstableConcoction,GargoyleStoneplate,GuardianEmblemItem,,,,,2.0,GuardianEmblemItem,,,,,,,,,,,,,,,,,,,,,,,,,,,,,,,,,,,,,,,,,,,,,,,2.0,FrozenHeart,Redemption,RedBuff,3.0,DeathbladeRadiant,Quicksilver,GuinsoosRageblade,,,,,,,,,,,,,,,,,,,,,,,,,,,,,,,,,,,,,,,,,1.0,UnstableConcoction,GuardianAngel,JeweledGauntlet,,,,,,,,,1.0,,,,2.0,,,,,,,,,,,,,,,,,,,,,,,,,,None,None,,,,,,,,,,,,,,,,,,,,,,,,,,,,,,,,,,,,
6,EUW1_5971467971,TFT6_Augment_Distancing,TFT6_Augment_Distancing2,TFT6_Augment_ThrillOfTheHunt2,1.0,,1.0,2.0,,,1.0,,,,1.0,,0.0,0.0,,0.0,0.0,,,,,,,,1.0,,0.0,2.0,,,,,,,,,,,,,,,,,,,,,1.0,,,,,,,,,,,,,,,,,,,,,,,,,,,,1.0,InfinityEdge,Quicksilver,Bloodthirster,,,,,,,,,,,,,,,,,,,,,,,,,,,,,,,,,,,,,,,,,,,,,,,,,,,,,,,,,,,,,,,,,,,,,,,,,1.0,WarmogsArmor,Redemption,,1.0,NegatronCloak,UnstableConcoction,,2.0,FrozenHeart,,,,,,,,,,,,,,,,,,,2.0,,,,,,,,,,,,,,,,,,,,,,,,2.0,,,,,,,,,,,,,,,,,,,,,,None,None,,,,,,,,,,,,,,,,,,,,,,,,,,,,,,,,,,,,
4,EUW1_5971467971,TFT6_Augment_Weakspot,TFT6_Augment_TradeSectorPlus,TFT7_Augment_SwiftshotPressTheAttack,,1.0,,1.0,,,1.0,,,,1.0,,,1.0,,0.0,,,,,,,,1.0,,,,2.0,,,,,,,,,,,,,,,,,,,,,,,,,,,,,,,,,,,,,,,,,,,,,,,,,2.0,Redemption,,,,,,,,,,,,,,,,,,,,,,,3.0,GargoyleStoneplate,RedBuff,WarmogsArmor,,,,,,,,,,,,,,,,,,,,,,,,,,,,,3.0,SpearOfShojin,ArchangelsStaff,,,,,,,,,,,,,,,,,,,,,,,,,,,,,,,,,,,,,,,,,,,,,,,,,,,,,,,,,,,,,,,,,,,,,,2.0,,,,,,,,,,,,,,,,,,,,,,None,None,,,,,2.0,Chalice,PowerGauntlet,,3.0,Deathblade,GuinsoosRageblade,UnstableConcoction,3.0,,,,,,,,,,,,,,,,,,,,,,,
5,EUW1_5971467971,TFT6_Augment_TriForce1,TFT6_Augment_Electrocharge2,TFT6_Augment_SecondWind2,,,,,,2.0,,1.0,,,1.0,0.0,0.0,,0.0,,0.0,,,1.0,0.0,,,,0.0,,,,,,,,,,,,,,,,,,,,,,,,,,,,,,,,,,,,,,,,,,,,,,,,,,,,,,,,,,,,,,,,1.0,Deathblade,,,1.0,Shroud,GuardianAngel,TitansResolve,,,,,,,,,,,,,,,,,,,,,2.0,RedBuff,IonicSpark,GuardianAngel,,,,,,,,,,,,,,,,,,,,,,,,,2.0,ThiefsGloves,GiantsBelt,Zephyr,,,,,,,,,,,,,,,,,,,,,1.0,,,,,,,,,,,,,,,,,,,,,,,,,,,,,,,,1.0,,,,,,,,,,,,,,,,,,,,,,,,,,None,None,,,,,,,,,,,,,,,,,3.0,Quicksilver,Bloodthirster,GuinsoosRageblade,,,,,,,,,,,,,,,,
8,EUW1_5971467971,TFT7_Augment_ShimmerscaleEmblem,TFT7_Augment_BestFriends2,TFT6_Augment_CelestialBlessing2,0.0,,,,,,1.0,1.0,,0.0,,0.0,0.0,0.0,,,1.0,,,0.0,3.0,1.0,,1.0,,,,,,,,,,,,,,,,,1.0,,,,,,,,,,,,,,,,,,,,,,,,,,,,2.0,GargoyleStoneplate,GargoyleStoneplate,,,,,,,,,,,,,,,,,,,,,,,,,,,,,,,,,,,,,,,,,,2.0,,,,,,,,,,,,,,,,,,,,,,,,,,,,,,,,,,,,,,,,,,,,,,,,,,,,,,,,,,,,,,,,,,,,,,,,,,,,,,,,,,,,,,,,2.0,ShimmerscaleEmblemItem,ZekesHerald,ShimmerscaleHeartOfGold,,,,,,,,,,,,,,,,,,,,,,,None,None,,,,,,,,,,,,,,,,,2.0,ThiefsGloves,Shroud,JeweledGauntlet,1.0,ShimmerscaleGamblersBlade,GuinsoosRageblade,ShimmerscaleGoldmancersStaff,,,,,,,,,1.0,,,
1,EUW1_5971467971,TFT7_Augment_AxiomArc1,TFT6_Augment_RichGetRicherPlus,TFT7_Augment_AxiomArc2,,,1.0,1.0,,,1.0,,,,2.0,0.0,0.0,1.0,,0.0,0.0,,,,0.0,1.0,1.0,,2.0,,0.0,0.0,,,,,,,,,2.0,Bloodthirster,ArchangelsStaff,ArchangelsStaff,,,,,,,,,2.0,,,,,,,,,,,,,,,,,,,,,,,,,,,,,,,,,,,,,,,,,,,,,,,,,,,,,,,,,,,,,,,,,,,,,,,,,,,,,,,,,,,,,,,,,,,,,,,,,,,,,,,,2.0,GuardianAngel,RedBuff,WarmogsArmor,,,,,,,,,2.0,PowerGauntlet,,,,,,,,,,,,,,,2.0,,,,,,,,,,,,,,,,2.0,RunaansHurricane,RunaansHurricane,RunaansHurricane,,,,,2.0,,,,,,,,,,,,,,,,,,,,,,None,None,,,,,,,,,,,,,,,,,,,,,,,,,,,,,,,,,2.0,StatikkShiv,Quicksilver,ZekesHerald
7,EUW1_5971467971,TFT6_Augment_CelestialBlessing1,TFT6_Augment_SecondWind2,TFT7_Augment_AssassinEmblem,1.0,,,2.0,,,1.0,,,0.0,1.0,,0.0,,,,0.0,,0.0,,,,,,1.0,,1.0,2.0,,,,,,,,,,,,,,,,,,,,,,,,,,,,,,,,,1.0,,,,,,,,,,,,,,,,2.0,AssassinEmblemItem,UnstableConcoction,GargoyleStoneplate,,,,,,,,,,,,,,,,,,,,,,,,,,,,,,,,,,,,,,,,,,,,,,,,,,,,,,,,,,,,,,,,,,,,,1.0,,,,1.0,BrambleVest,,,,,,,2.0,,,,,,,,,,,,,,,,,,,,,,,,,,,,,,,,,,,,,,,,,,,,,,,,,,,,1.0,UnstableConcoction,FrozenHeart,Deathblade,,,,,2.0,,,,,,None,None,,,,,,,,,,,,,,,,,,,,,,,,,,,,,,,,,,,,
3,EUW1_5971467971,TFT7_Augment_AFK,TFT7_Augment_LastStand,TFT7_Augment_AxiomArc2,1.0,,,1.0,,1.0,,0.0,,,3.0,,0.0,,0.0,,1.0,,,,,,,1.0,1.0,,1.0,,,,,,,,,,,,,,,,,,,,,,,,,,,,,,,,,,,,,,,,,,,,,,,,,,,,,,,,,,,,,,,,,,2.0,SeraphsEmbrace,Morellonomicon,,,,,,,,,,,,,,,,,,,,,,,,,,,,,,,,,,,,,,,,,,,,,,,,,,,,,,,,,,2.0,RedBuff,,,,,,,2.0,,,,,,,,2.0,,,,,,,,,,,,2.0,TearOfTheGoddess,,,,,,,,,,,,,,,,,,,,,,,,,,,,,,,2.0,InfinityEdge,GuardianAngel,,,,,,,,,,,,None,None,,,,,2.0,ZekesHerald,ZekesHerald,,,,,,,,,,,,,,2.0,GuinsoosRageblade,Deathblade,MadredsBloodrazor,1.0,InfinityEdge,,,,,,,,,,
2,EUW1_5971467971,TFT6_Augment_CelestialBlessing1,TFT6_Augment_PortableForge,TFT7_Augment_BestFriends2,1.0,,1.0,,,,1.0,0.0,,,2.0,2.0,,,0.0,1.0,,,,1.0,,,1.0,,,,0.0,0.0,,,,,,,,,,,,,,,,,,,,,1.0,,,,,,,,,,,,,,,,,,,,,,,,2.0,InfinityEdge,MadredsBloodrazor,UnstableConcoction,,,,,,,,,,,,,2.0,DragonsClaw,Zephyr,,,,,,,,,,,,,,,,,,,,,,,,,,,,,,,,,,,,,,,,,,,,,,2.0,OrnnEternalWinter,RedBuff,WarmogsArmor,,,,,,,,,,,,,,,,,2.0,ThiefsGloves,Chalice,RabadonsDeathcap,,,,,,,,,,,,,,,,,,,,,,,,,,,,,,,,,,,,,1.0,,,,,,,,,,,,,,,,2.0,GuardianAngel,InfinityEdge,Deathblade,,,,,,,,,,,None,None,,,,,,,,,,,,,,,,,,,,,,,,,2.0,ZekesHerald,RabadonsDeathcap,,,,,,,,,
2,EUW1_5971544320,TFT6_Augment_Traitless3,TFT6_Augment_Twins3,TFT6_Augment_GrandGambler,,,,,,0.0,,,,0.0,,0.0,,,0.0,,0.0,,0.0,0.0,,,,0.0,,,,,,,,,,,,,,,,,,,,,,,,,,,,,3.0,RedBuff,GargoyleStoneplate,Redemption,,,,,,,,,,,,,,,,,,,,,,,,,,,,,,,,,,,,,,,,,,,,,,,,,,,,,,,,,,,,,,,,,,,,,,,,,,,,,,,,,2.0,InfinityEdge,MadredsBloodrazor,,,,,,2.0,GargoyleStoneplate,WarmogsArmor,,,,,,,,,,,,,,,,,,,,,,,,,,,,,,,,,,,,,,,,,,,,,,,,,,,,,,,,,,,,,,,,,,,,,,,,,,,,,,,,None,None,,,,,,,,,,,,,,,,,,,,,2.0,MadredsBloodrazor,UnstableConcoction,InfinityEdge,,,,,,,,,,,,
8,EUW1_5971544320,TFT6_Augment_CyberneticImplants3,TFT7_Augment_ThinkFast,TFT6_Augment_ItemGrabBag2,,,1.0,,2.0,,1.0,,1.0,0.0,1.0,,,,,1.0,,2.0,,,1.0,,,,,1.0,,,,,,,,,,,,,,,,,,,,,,,1.0,SparringGloves,,,,,,,2.0,UnstableConcoction,ShimmerscaleDravensAxe,MadredsBloodrazor,,,,,,,,,1.0,RedBuff,IonicSpark,BrambleVest,,,,,,,,,,,,,,,,,,,,,,,,,,,,,,,,,3.0,Bloodthirster,,,,,,,,,,,,,,,,,,,,,,,2.0,ChainVest,,,,,,,,,,,,,,,,,,,,,,,,,,,,,,,,,,,,,,,,,,,,,,,,,,,,,,,,,,,,,,,2.0,RabadonsDeathcap,,,,,,,,,,,,,,,,,,,,,,,,,,,,,,,2.0,TrainerSnax,None,None,2.0,ZekesHerald,,,,,,,,,,,,,,,,,,,,,,,,,,,,,,,,,,
7,EUW1_5971544320,TFT6_Augment_Featherweights3,TFT6_Augment_LudensEcho3,TFT6_Augment_CyberneticUplink3,,0.0,,1.0,,0.0,,,,,1.0,,,2.0,,0.0,,,0.0,,0.0,1.0,,,,,,0.0,,,,,,,,,,,,,,,,,,,,,,,,,,,,,,,,,,,,,,,,,,,,,,,,,,,,,,,,,,,,,,,,,,,,,,,,,2.0,Shroud,,,,,,,,,,,,,,,,,,,,,,,2.0,,,,,,,,3.0,SpearOfShojin,ArchangelsStaff,GuinsoosRageblade,,,,,,,,,,,,,,,,,,,,,,,,,,,,,2.0,,,,,,,,,,,,,,,,,,,,,,,,,,,,,,,,,,,,,,,,2.0,RedBuff,TitanicHydra,TitansResolve,,,,,,,,,,,,,,,,,,,None,None,,,,,,,,,,,,,,,,,,,,,,,,,,,,,,,,,1.0,RecurveBow,,
6,EUW1_5971544320,TFT6_Augment_Twins3,TFT6_Augment_RadiantRelics,TFT6_Augment_ForceOfNature,,0.0,,2.0,,,1.0,,,,,,0.0,0.0,,,,,,,,,,1.0,1.0,,,2.0,,,,,,,,,,,,,,,,,,,,,,,,,,,,,,,,,,,,,,,,,,,,,,,,,2.0,,,,,,,,2.0,Chalice,,,,,,,,,,,,,,,2.0,RedBuff,WarmogsArmor,,,,,,,,,,,,,,,,,,,,,,,,,,,,,,,,,,,,,,,,,,,,,,,,,,2.0,,,,,,,,,,,,,,,,,,,,,,,,,,,,,,,,,,,,,,,,,,,,,,,,,,,,1.0,,,,,,,,,,,,,,,,,,,,,,None,None,,,,,,,,,2.0,MadredsBloodrazor,GuinsoosRageblade,StatikkShiv,,,,,,,,,,,,,,,,,,,,,,,,
4,EUW1_5971544320,TFT7_Augment_SwiftshotEmblem2,TFT7_Augment_ThinkFast,TFT7_Augment_BestFriends3,,0.0,,1.0,,,1.0,,,1.0,1.0,,,,,,1.0,,,,1.0,,,2.0,,,0.0,0.0,,,,,,,,,,,,,,,,,,,,,,,,,,,,,,,,,,,,,,,,,2.0,GargoyleStoneplate,RedBuff,IonicSpark,,,,,,,,,,,,,,,,,,,,,,,,,,,,,2.0,,,,,,,,,,,,,,,,,,,,,,,,,,,,,,,,,,,,,,,,,,,,,,,,,,,,,,,,,,,,,,,,,,,,,,,,,,,,,,,,1.0,,,,,,,,,,,,,,,,,,,,,,,,,,,,,,,,,,,,,,,,2.0,SwiftshotEmblemItem,Shroud,,,,None,None,,,,,2.0,RagewingEmblemItem,LastWhisper,StatikkShiv,3.0,Quicksilver,GuinsoosRageblade,Deathblade,,,,,,,,,2.0,MadredsBloodrazor,ShimmerscaleDravensAxe,GuardianAngel,,,,,,,,,,,,
5,EUW1_5971544320,TFT7_Augment_UrfsGrabBag2,TFT6_Augment_RadiantRelics,TFT6_Augment_CyberneticUplink3,,0.0,,1.0,,,,,1.0,,1.0,,,2.0,,1.0,,0.0,,,,,,,,1.0,,0.0,,,,,,,,,,,,,,,,,,,,,,,,,,,,,,,,,,,,,,,,,,,,,,,,,,,,,,,,,,,,,,,,,,,,,2.0,RabadonsDeathcap,,,2.0,SparringGloves,,,,,,,,,,,,,,,,,,,,,,,,,,,1.0,,,,3.0,HextechGunblade,StatikkShiv,RabadonsDeathcap,,,,,,,,,,,,,,,,,,,,,,,,,,,,,2.0,JeweledGauntlet,MadredsBloodrazor,SpearOfShojin,,,,,,,,,,,,,,,,,,,,,,,,,2.0,MageEmblemItem,,,,,,,,,,,2.0,TrapClawRadiant,TitansResolve,,,,,,,,,,,,,,,,,,2.0,TrainerSnax,None,None,,,,,,,,,,,,,,,,,,,,,,,,,,,,,,,,,,,,
1,EUW1_5971544320,TFT6_Augment_SlowAndSteady,TFT7_Augment_UrfsGrabBag2,TFT6_Augment_CelestialBlessing3,1.0,,,1.0,,1.0,,0.0,,,3.0,,0.0,,0.0,,1.0,,,,,,,1.0,1.0,,1.0,,,,,,,,,,,,,,,,,,,,,,,,,,,,,,,,,,,,,,,,,,,,,,,,,,,,,,,,,,,,,,,,,,2.0,,,,,,,,,,,,,,,,,,,,,,,,,,,,,,,,,,,,,,,,,,,,,,,,,,,,,,,,,,,,2.0,,,,,,,,2.0,FrozenHeart,,,,,,,2.0,,,,,,,,,,,,2.0,ForceOfNature,,,,,,,,,,,,,,,,,,,,,,,,,,,,,,,3.0,IonicSpark,FrozenHeart,SeraphsEmbrace,,,,,,,,,,,None,None,,,,,2.0,,,,,,,,,,,,,,,,2.0,GuinsoosRageblade,MadredsBloodrazor,UnstableConcoction,2.0,TitansResolve,Bloodthirster,RunaansHurricane,,,,,,,,
3,EUW1_5971544320,TFT7_Augment_AssassinEmblem2,TFT6_Augment_Twins3,TFT6_Augment_RadiantRelics,2.0,,,1.0,,,,,,,,,,,,,0.0,,1.0,,,,,,0.0,,1.0,0.0,,,,,,,,,,,,,,,,,,,,,,,,,,,,,,,,,2.0,IonicSpark,InfinityEdge,FrozenHeart,,,,,,,,,,,,,,,,,,,,,,,,,,,,,,,,,,,,,,,,,,,,,,,,,,,,,,,,,,,,,,,,,,,,,,,,,,,,,,,,,,,,,2.0,AssassinEmblemItem,Deathblade,RapidFireCannon,,,,,1.0,PowerGauntlet,,,3.0,,,,,,,,,,,,,,,,,,,,2.0,BrambleVest,,,,,,,,,,,,,,,,,,,,,,,,,,,,,,,,,,,,,,,,,,,,,None,None,,,,,,,,,,,,,,,,,,,,,,,,,,,,,,,,,,,,
1,EUW1_5971423801,TFT6_Augment_PortableForge,TFT6_Augment_Weakspot,TFT7_Augment_UrfsGrabBag1,1.0,,1.0,1.0,,2.0,,,,,4.0,,0.0,,,0.0,1.0,,,,,,,1.0,1.0,,0.0,,,,,,,,,,,,,,,,,,,,,,2.0,,,,,,,,,,,,,,,,,,,,,,,,,,,,,,,,,,,,,,,,,,,,2.0,LocketOfTheIronSolari,,,,,,,,,,,,,,,,,,,,,,,,,,,,,,,,,,,,,,,,,,,,,,,,,,,,,,,,,,,2.0,GargoyleStoneplate,WarmogsArmor,OrnnRocketPropelledFist,,,,,2.0,FrozenHeart,,,,,,,1.0,,,,,,,,,,,,2.0,TitanicHydra,,,,,,,,,,,,,,,,,,,,,,,,,,,,,,,2.0,InfinityEdge,CavalierEmblemItem,UnstableConcoction,,,,,,,,,,,None,None,,,,,1.0,,,,,,,,,,,,,,,,3.0,MadredsBloodrazor,StatikkShiv,MadredsBloodrazor,,,,,,,,,,,,
8,EUW1_5971423801,TFT6_Augment_Traitless2,TFT6_Augment_CyberneticUplink1,TFT6_Augment_CelestialBlessing2,,,,0.0,0.0,,1.0,,,0.0,,0.0,0.0,,,,0.0,0.0,,0.0,1.0,,,0.0,0.0,,,,,,,,,,,,,,,,,,,,,,,,,,,,,,,,2.0,Quicksilver,MadredsBloodrazor,GuinsoosRageblade,,,,,,,,,2.0,WarmogsArmor,ShimmerscaleDiamondHands,,,,,,,,,,,,,,,,,,,,,,,,,,,,,,,,,,,,,,,,,,,,,,,,,,,,,,,,,,,,,,,,,,1.0,,,,,,,,,,,,,,,,2.0,ChainVest,,,,,,,,,,,,,,,,,,,,,,,,,,,,,,,,,,,,,,,,,,,,,,,,,,,,,,,,,,,,,,,,,,,,,,,,,None,None,,,,,,,,,,,,,,,,,,,,,1.0,,,,,,,,,,,,,,,
5,EUW1_5971423801,TFT6_Augment_CyberneticImplants2,TFT6_Augment_TinyTitans,TFT7_Augment_PandorasBench,1.0,,,2.0,,,1.0,,,0.0,1.0,,0.0,0.0,,,0.0,,,,,,,,0.0,,0.0,3.0,,,,,,,,,,,,,,,,,,,,,,,,,,,,,,,,,,,,,,,,,,,,,,,,,2.0,TitansResolve,InfinityEdge,UnstableConcoction,,,,,,,,,,,,,,,,,,,,,,,,,,,,,,,,,,,,,,,,,,,,,,,,,,,,,,,,,,,,,,,,,,,,,,,,,1.0,BrambleVest,,,1.0,ThiefsGloves,Redemption,LastWhisper,,,,,,,,,,,,,,,,,,,,,2.0,RedBuff,IonicSpark,DragonsClaw,,,,,,,,,,,,,,,,,,,,,2.0,,,,,,,,1.0,,,,,,,,1.0,,,,,,None,None,,,,,,,,,,,,,,,,,,,,,,,,,,,,,,,,,,,,
6,EUW1_5971423801,TFT7_Augment_MageConference,TFT6_Augment_Meditation1,TFT6_Augment_Diversify2,,1.0,,1.0,,,,,0.0,,1.0,,,2.0,,1.0,,,,,,,,,,1.0,,0.0,,,,,,,,,,,,,,,,,,,,,,,,,,,,,,,,,,,,,,,,,,,,,,,,,,,,,,,,,,,,,,,,,,,,,2.0,,,,3.0,,,,,,,,,,,,,,,,,,,,,,,,,,,,2.0,StatikkShiv,,,3.0,,,,,,,,,,,,,,,,,,,,,,,,,,,,,,,,2.0,SpearOfShojin,GuinsoosRageblade,ArchangelsStaff,,,,,,,,,,,,,,,,,,,,,,,,,,,,,,,,,,,,,2.0,Shroud,FrozenHeart,TitanicHydra,,,,,,,,,,,,,,,,,2.0,TrainerSnax,None,None,,,,,,,,,,,,,2.0,,,,,,,,,,,,,,,,,,,,,,,
3,EUW1_5971423801,TFT7_Augment_GadgetExpert,TFT6_Augment_CyberneticUplink1,TFT6_Augment_CyberneticUplink2,,2.0,,1.0,,,1.0,,0.0,,1.0,,,2.0,,0.0,,,,,0.0,1.0,,,,,,0.0,,,,,,,,,,,,,,,,,1.0,UnstableConcoction,Quicksilver,,,,,,,,,,,,,,,,,,,,,,,,,,,,,,,,,,,,,,,,,,,,,,,,,,,,,,2.0,WarmogsArmor,DragonsClaw,,,,,,,,,,,,,,,,,,,,,,,,,,,,,,3.0,StatikkShiv,ArchangelsStaff,LocketOfTheIronSolari,,,,,,,,,,,,,,,,,,,,,,,,,,,,,2.0,ArchangelsStaff,SpearOfShojin,Bloodthirster,,,,,,,,,,,,,,,,,,,,,,,,,,,,,,,,,,,,,2.0,,,,,,,,,,,,,,,,,,,,,,None,None,,,,,,,,,,,,,2.0,,,,,,,,,,,,,,,,,,,,1.0,,,
2,EUW1_5971423801,TFT6_Augment_TargetDummies,TFT6_Augment_SecondWind1,TFT7_Augment_GadgetExpert,0.0,,1.0,,1.0,0.0,,,0.0,,4.0,,,1.0,,1.0,,0.0,,,0.0,1.0,,,,2.0,,,,,,,,,,,,,,,,,,,,,,,1.0,,,,,,,,2.0,StatikkShiv,StatikkShiv,GuinsoosRageblade,,,,,,,,,,,,,,,,,,,,,,,,,,,,,,,,,,,,,2.0,,,,,,,,,,,,,,,,,,,,,,,,,,,,,,,,2.0,,,,,,,,,,,,,,,,,,,,,,,,,,,,,,,,,,,,2.0,ArchangelsStaff,,,2.0,BrambleVest,RedBuff,DragonsClaw,,,,,,,,,,,,,,,,,,,,,,,,,,,,,,,,,,,,,,,,,2.0,IonicSpark,Bloodthirster,MadredsBloodrazor,,,,,,,,,4.0,TrainerSnax,None,None,2.0,,,,,,,,,,,,,,,,,,,,,,,,,,,,,,,,1.0,Redemption,,
4,EUW1_5971423801,TFT6_Augment_TradeSector,TFT6_Augment_LudensEcho1,TFT6_Augment_SalvageBin,,,,1.0,,,1.0,,1.0,,,,0.0,1.0,,0.0,,0.0,,,0.0,1.0,,,2.0,1.0,,0.0,,,,,,,,,1.0,ArchangelsStaff,SpearOfShojin,Bloodthirster,,,,,,,,,,,,,,,,,,,,,,,,,,,,,,,,,,,,,,,,,,,,,,,,,,,,,,,,,2.0,,,,,,,,,,,,,,,,,,,,,,,,,,,,,,,,2.0,,,,,,,,,,,,,,,,,,,,,,,,1.0,Shroud,TitanicHydra,,,,,,,,,,,,,,,,,,,,,,,,,,,,,,,,,,,,,,2.0,,,,,,,,,,,,2.0,DragonsClaw,BrambleVest,WarmogsArmor,,,,,,,,,,,,,,,,,3.0,TrainerSnax,None,None,,,,,,,,,,,,,,,,,,,,,,,,,,,,,,,,,1.0,ArchangelsStaff,,
7,EUW1_5971423801,TFT7_Augment_UrfsGrabBag1,TFT6_Augment_ThrillOfTheHunt1,TFT6_Augment_TomeOfTraits1,1.0,,,1.0,,,1.0,,,1.0,,0.0,,0.0,,,,,,1.0,,,,,0.0,,,3.0,,,,,,,,,,,,,,,,,,,,,,,,,,,,,,,,,,,,,,,,,,,,,,,,,2.0,GuinsoosRageblade,AssassinEmblemItem,InfinityEdge,2.0,,,,,,,,,,,,,,,,,,,,,,,,,,,,,,,,,,,,,,,,,,,,,,,,,,,,,,,,2.0,GargoyleStoneplate,GuardianAngel,GuardianEmblemItem,,,,,,,,,,,,,,,,,,,,,2.0,FrozenHeart,MadredsBloodrazor,TitansResolve,,,,,,,,,,,,,,,,,,,,,,,,,,,,,,,,,,,,,,,,,1.0,,,,,,,,,,,,,,,,2.0,,,,,,None,None,,,,,,,,,,,,,,,,,,,,,,,,,,,,,,,,,,,,
6,EUW1_5973080329,TFT6_Augment_TriForce1,TFT6_Augment_PandorasItems,TFT6_Augment_TriForce2,,,,0.0,,,,2.0,0.0,,,1.0,1.0,,,,0.0,,,0.0,0.0,,,0.0,1.0,,,,,,,,2.0,ArchangelsStaff,,,,,,,2.0,,,,,,,,,,,,,,,,,,,,,,,,,,,,,,,,,,,,,,,,,,,,,,,,,,,,,,,,,,,,,,,,,,,,1.0,,,,,,,,2.0,,,,,,,,,,,,,,,,,,,,,,,,,,,,,,,,,,,,2.0,GargoyleStoneplate,GargoyleStoneplate,WarmogsArmor,,,,,,,,,,,,,,,,,,,,,2.0,,,,,,,,,,,,,,,,,,,,,,,,2.0,RapidFireCannon,,,,,,,,,,,,,,,,,,,,,,,,,None,None,,,,,,,,,,,,,,,,,3.0,Bloodthirster,GuinsoosRageblade,Quicksilver,,,,,,,,,,,,,,,,
2,EUW1_5973080329,TFT6_Augment_SecondWind1,TFT6_Augment_Distancing,TFT6_Augment_PortableForge,0.0,,,1.0,,,1.0,,1.0,,,,,1.0,,0.0,,0.0,,,0.0,1.0,,,,1.0,,3.0,,,,,,,,,,,,,,,,,,,,,,,,,,,,,,,,,,,,,,,,,,,,,,,,,2.0,GuinsoosRageblade,Bloodthirster,Quicksilver,,,,,,,,,,,,,,,,,2.0,,,,,,,,,,,,,,,,,,,,,,,,,,,,,,,,2.0,Redemption,,,,,,,,,,,,,,,,,,,,,,,,,,,1.0,,,,,,,,,,,,,,,,,,,,,,,,,,,,,,,,,,,,1.0,WhispersEmblemItem,GuinsoosRageblade,ZekesHerald,,,,,,,,,2.0,RedBuff,OrnnAnimaVisage,BrambleVest,,,,,,,,,,,,,,,,,4.0,TrainerSnax,None,None,,,,,,,,,,,,,,,,,,,,,,,,,,,,,,,,,1.0,ThiefsGloves,RecurveBow,RunaansHurricane
4,EUW1_5973080329,TFT7_Augment_Preparation,TFT6_Augment_Electrocharge1,TFT6_Augment_Distancing2,,,1.0,1.0,,,1.0,0.0,,,2.0,0.0,0.0,1.0,0.0,0.0,,,,0.0,0.0,1.0,,,2.0,,0.0,0.0,,,,,,,,,1.0,SpearOfShojin,HextechGunblade,MadredsBloodrazor,,,,,,,,,1.0,,,,,,,,,,,,,,,,,,,,,,,,,,,,,,,,,,,,,,,,,,,,,,,,,,,,,,,,,,,,,,,,,,,,,,,,,,,,,,,,,,,,,,,,2.0,Shroud,RedBuff,,,,,,,,,,,,,,1.0,,,,,,,,,,,,1.0,,,,,,,,,,,,,,,,,,,,,,,,,,,,,,,,,,,,,,,,2.0,,,,,,,,,,,,,,,,,,,,,,None,None,,,,,,,,,,,,,,,,,,,,,,,,,2.0,Bloodthirster,InfinityEdge,ForceOfNature,,,,,2.0,SeraphsEmbrace,,
3,EUW1_5973080329,TFT6_Augment_ThrillOfTheHunt1,TFT6_Augment_SecondWind1,TFT6_Augment_PortableForge,2.0,,1.0,1.0,,,,,,,3.0,,0.0,,,0.0,0.0,,0.0,,,,,0.0,1.0,,0.0,0.0,,,,,,,,,,,,,,,,,,,,,1.0,,,,,,,,,,,,2.0,,,,,,,,,,,,,,,,,,,,,,,,,,,,,,,,,,,,,,,,,,,,,,,,,,,,,,,,,,,,,,,,,,,,,,,,,,,,,,,,,,,,,,,,,,,,2.0,WarmogsArmor,GargoyleStoneplate,,2.0,JeweledGauntlet,RabadonsDeathcap,MadredsBloodrazor,2.0,FrozenHeart,,,,,,,,,,,,,,,,,,,2.0,,,,,,,,,,,,,,,,,,,,,,,,,,,,,,,,2.0,OrnnObsidianCleaver,UnstableConcoction,MadredsBloodrazor,,,,,,,,,,,None,None,,,,,2.0,,,,,,,,,,,,,,,,,,,,,,,,,,,,,,,
7,EUW1_5973080329,TFT6_Augment_TriForce1,TFT6_Augment_SecondWind1,TFT7_Augment_BigFriend2,,1.0,,1.0,,,,0.0,0.0,,,0.0,,1.0,,2.0,,,,,,,,1.0,,0.0,,0.0,,,,,,,,,,,,,1.0,,,,,,,,,,,,,,,,,,,,,,,,,,,,,,,,,,,,,,,,,,,,,,,,,,,,,,,,,,,,2.0,BrambleVest,RedBuff,FrozenHeart,,,,,,,,,,,,,,,,,,,,,,,,,2.0,,,,3.0,ThiefsGloves,UnstableConcoction,SpearOfShojin,,,,,,,,,,,,,,,,,,,,,,,,,,,,,,,,,,,,,,,,,,,,,,,,,,,,,,,,,,,,,,,,,,,,,2.0,MysticEmblemItem,,,,,,,,,,,,,,,,,,,,,None,None,,,,,,,,,3.0,Deathblade,GuinsoosRageblade,TitansResolve,2.0,NeedlesslyLargeRod,,,,,,,,,,,,,,,,,,,,,,
5,EUW1_5973080329,TFT6_Augment_Electrocharge1,TFT7_Augment_RevelTrait,TFT6_Augment_Ascension,,,1.0,,1.0,,1.0,,1.0,1.0,1.0,,,,,1.0,,2.0,,,1.0,,,,,1.0,,0.0,,,,,,,,,,,,,,,,,,,,,1.0,,,,,,,,2.0,GuinsoosRageblade,ShimmerscaleGoldmancersStaff,InfinityEdge,,,,,,,,,2.0,GargoyleStoneplate,RedBuff,Quicksilver,,,,,,,,,,,,,,,,,,,,,,,,,,,,,,,,,,,,,,,,,,,,,,,,,,,,,,,,,2.0,,,,,,,,,,,,,,,,,,,,,,,,,,,,,,,,,,,,,,,,,,,,,,,,,,,,,,,,,,,,,,,,2.0,Morellonomicon,JeweledGauntlet,UnstableConcoction,,,,,,,,,,,,,,,,,,,,,,,,,2.0,IonicSpark,,,4.0,TrainerSnax,None,None,2.0,BFSword,,,,,,,,,,,,,,,,,,,,,,,,,,,,,,,,,,
1,EUW1_5973080329,TFT7_Augment_AFK,TFT6_Augment_SecondWind1,TFT7_Augment_BestFriends2,,1.0,1.0,1.0,,,,,0.0,,2.0,,,1.0,,2.0,,,,,,,,1.0,,1.0,,0.0,,,,,,,,,,,,,,,,,,,,,2.0,MageEmblemItem,,,,,,,,,,,,,,,,,,,,,,,,,,,,,,,,,,,,,,,,,,,,,,,2.0,,,,3.0,BrambleVest,GargoyleStoneplate,RedBuff,,,,,,,,,,,,,,,,,,,,,,,,,2.0,,,,3.0,GuardianAngel,MadredsBloodrazor,,,,,,,,,,,,,,,,,,,,,,,,,,,,,,,,,,,,,,,,,,,,,,,,,,,,,,,,,,,,,,,,,,,,,,2.0,Zephyr,,,,,,,,,,,,,,,,,,,2.0,TrainerSnax,None,None,,,,,2.0,,,,3.0,Deathblade,GuinsoosRageblade,MadredsBloodrazor,,,,,,,,,,,,,,,,,,,,,,,,
8,EUW1_5973080329,TFT6_Augment_TinyTitans,TFT7_Augment_BestFriends1,TFT6_Augment_Ascension,,0.0,,1.0,,,,,1.0,,1.0,,,2.0,,1.0,,0.0,,,0.0,1.0,,,,1.0,,0.0,,,,,,,,,,,,,,,,,,,,,,,,,,,,,,,,,,,,,,,,,,,,,,,,,,,,,,,,,,,,,,,,,,,,,2.0,,,,2.0,,,,,,,,,,,,,,,,,,,,,,,,,,,,2.0,,,,2.0,StatikkShiv,SpearOfShojin,ArchangelsStaff,,,,,,,,,,,,,,,,,,,,,,,,,,,,,2.0,SpearOfShojin,,,,,,,,,,,,,,,,,,,,,,,,,,,1.0,,,,,,,,,,,,1.0,GargoyleStoneplate,GiantsBelt,,,,,,,,,,,,,,,,,,2.0,TrainerSnax,None,None,,,,,,,,,,,,,,,,,,,,,,,,,,,,,,,,,1.0,SpearOfShojin,,
6,EUW1_5972346584,TFT7_Augment_BruiserTitanicStrength,TFT7_Augment_UrfsGrabBag1,TFT6_Augment_SecondWind2,2.0,0.0,,2.0,,,1.0,,,,1.0,,0.0,0.0,,,,,,,,,,,1.0,,,2.0,,,,,,,,,,,,,,,,,,,,,,,,,,,,,,,,,,,,,,,,,,,,,,,,,1.0,AssassinEmblemItem,GuinsoosRageblade,Bloodthirster,,,,,,,,,,,,,,,,,,,,,2.0,,,,,,,,,,,,,,,,,,,,,,,,,,,,,,,,,,,,,,,,,,,,,,,,,,,,1.0,,,,1.0,ZekesHerald,IonicSpark,ArchangelsStaff,2.0,NeedlesslyLargeRod,,,,,,,,,,,,,,,,,,,,,,,,,,,,,,,,,,,,,,,,,,,1.0,,,,,,,,1.0,RedBuff,Bloodthirster,MadredsBloodrazor,,,,,,,,,,,None,None,,,,,,,,,,,,,,,,,,,,,,,,,,,,,,,,,,,,
7,EUW1_5972346584,TFT6_Augment_LudensEcho2,TFT7_Augment_MageEmblem,TFT6_Augment_PortableForge,,0.0,,1.0,,,1.0,,0.0,,1.0,,,2.0,,1.0,,,,,,,,,,1.0,,2.0,,,,,,,,,,,,,,,,,,,,,,,,,,,,,,,,,,,,,,,,,,,,,,,,,2.0,Bloodthirster,MageEmblemItem,DragonsClaw,,,,,,,,,,,,,,,,,2.0,,,,,,,,,,,,,,,,,,,,,,,,,,,,,,,,2.0,MageEmblemItem,,,3.0,SpearOfShojin,,,,,,,,,,,,,,,,,,,,,,,,,,,,,,,2.0,ArchangelsStaff,MadredsBloodrazor,,,,,,,,,,,,,,,,,,,,,,,,,,,,,,,,,,,,,,1.0,TitanicHydra,GargoyleStoneplate,OrnnEternalWinter,,,,,,,,,,,,,,,,,2.0,TrainerSnax,None,None,,,,,,,,,,,,,,,,,,,,,,,,,,,,,,,,,,,,
1,EUW1_5972346584,TFT6_Augment_TradeSector,TFT7_Augment_BestFriends2,TFT6_Augment_FuturePeepers,1.0,,1.0,1.0,,0.0,,0.0,,,3.0,,0.0,,0.0,0.0,1.0,,,,,,,1.0,1.0,,1.0,,,,,,,,,,,,,,,,,,,,,,1.0,,,,,,,,,,,,,,,,,,,,,,,,,,,,,,,,,,,,,,,,,,,,2.0,,,,,,,,,,,,,,,,,,,,,,,,,,,,,,,,,,,,,,,,,,,,,,,,,,,,,,,,,,,,2.0,SeraphsEmbrace,Morellonomicon,GiantsBelt,,,,,2.0,FrozenHeart,,,,,,,,,,,,,,,,,,,2.0,,,,,,,,,,,,,,,,,,,,,,,,,,,,,,,,2.0,InfinityEdge,Deathblade,FrozenHeart,,,,,,,,,,,None,None,,,,,2.0,,,,,,,,,,,,,,,,2.0,GuinsoosRageblade,Quicksilver,MadredsBloodrazor,2.0,,,,,,,,,,,
8,EUW1_5972346584,TFT7_Augment_MageConference,TFT6_Augment_ComponentGrabBag,TFT6_Augment_Ascension,,1.0,,1.0,,0.0,,,,,1.0,,,2.0,,0.0,,,0.0,,,,,,,0.0,,0.0,,,,,,,,,,,,,,,,,,,,,,,,,,,,,,,,,,,,,,,,,,,,,,,,,,,,,,,,,,,,,,,,,,,,,3.0,,,,2.0,,,,,,,,,,,,,,,,,,,,,,,,3.0,,,,,,,,3.0,RabadonsDeathcap,SpearOfShojin,,,,,,,,,,,,,,,,,,,,,,,,,,,,,,2.0,SpearOfShojin,JeweledGauntlet,UnstableConcoction,,,,,,,,,,,,,,,,,,,,,,,,,,,,,,,,,,,,,2.0,GargoyleStoneplate,RedBuff,GargoyleStoneplate,,,,,,,,,,,,,,,,,,,None,None,,,,,,,,,,,,,3.0,,,,,,,,,,,,,,,,,,,,,,,
3,EUW1_5972346584,TFT6_Augment_MetabolicAccelerator,TFT7_Augment_PandorasBench,TFT6_Augment_SecondWind2,,,,,,0.0,1.0,0.0,,,,1.0,,,,,2.0,,,2.0,,,1.0,0.0,,,,,,,,,,,,,,,,,,,,,,,,,,,,,,,,,,,,,,,,,,,,,,,,,,,,,,,,,,,,,,,,,1.0,,,,2.0,BrambleVest,GargoyleStoneplate,,,,,,,,,,,,,,,,,,,,,,,,,,,,,,,,,,,,,,,,,,2.0,DragonsClaw,IonicSpark,RedBuff,,,,,,,,,,,,,,,,,,,,,,,,,,,,,,,,,,,,,,,,,,,,,1.0,ArchangelsStaff,JeweledGauntlet,MadredsBloodrazor,,,,,,,,,1.0,,,,2.0,Shroud,,,,,,,,,,,,,,,,,,,,,,,,,None,None,,,,,,,,,,,,,,,,,,,,,2.0,,,,,,,,,,,,,,,
4,EUW1_5972346584,TFT7_Augment_MikaelsGift,TFT6_Augment_MakeshiftArmor2,TFT6_Augment_ThrillOfTheHunt2,1.0,,,2.0,,,1.0,0.0,,,1.0,,0.0,0.0,0.0,,0.0,,,,,,,,1.0,,1.0,2.0,,,,,,,,,,,,,,,,,,,,,,,,,,,,,,,,,,,,,,,,,,,,,,,,,1.0,GuinsoosRageblade,Quicksilver,Bloodthirster,,,,,,,,,,,,,,,,,,,,,,,,,,,,,,,,,,,,,,,,,,,,,,,,,,,,,,,,,,,,,,,,,,,,,,,,,2.0,Morellonomicon,,,,,,,2.0,FrozenHeart,,,,,,,,,,,,,,,,,,,2.0,LocketOfTheIronSolari,ZekesHerald,,,,,,,,,,,,,,,,,,,,,,2.0,,,,,,,,2.0,RedBuff,,,,,,,,,,,,,None,None,,,,,,,,,,,,,,,,,,,,,,,,,1.0,Shroud,,,,,,,,,,
5,EUW1_5972346584,TFT7_Augment_GuildGearUpgrades,TFT7_Augment_GadgetExpert,TFT6_Augment_Diversify2,,1.0,,2.0,,,1.0,,,,1.0,,,0.0,,,,,,,,,,1.0,,,,2.0,,,,,,,,,,,,,,,,,,,,,,,,,,,,,,,,,,,,,,,,,,,,,,,,,2.0,TitansResolve,DragonsClaw,,,,,,,,,,,,,,,,,,,,,,3.0,Redemption,WarmogsArmor,RedBuff,,,,,,,,,,,,,,,,,,,,,,,,,,,,,,,,,,,,,,,,,,,,,,,,,,,,,,,,,,,,,,,,,,,,,,,,,,,,,,,,,,,,,2.0,,,,,,,,,,,,,,,,1.0,,,,,,,,,,,,,,,,,,,,,,None,None,,,,,2.0,StatikkShiv,,,3.0,UnstableConcoction,GuinsoosRageblade,MadredsBloodrazor,,,,,,,,,,,,,,,,,,,,,,,,
2,EUW1_5972346584,TFT6_Augment_Ascension,TFT6_Augment_LudensEcho2,TFT7_Augment_GadgetExpert,,,,,,0.0,,1.0,,2.0,,1.0,,,1.0,,0.0,,0.0,,,,,0.0,,,,,,,,,,,,,,,,,2.0,StatikkShiv,StatikkShiv,StatikkShiv,,,,,,,,,2.0,,,,,,,,,,,,,,,,,,,,,,,,,,,,,,,,,,,,,,,,,,,,,,,,,,,,,,,,3.0,MadredsBloodrazor,SeraphsEmbrace,NeedlesslyLargeRod,,,,,,,,,3.0,RedBuff,FrozenHeart,BrambleVest,,,,,,,,,,,,,,,,,,,,,2.0,,,,,,,,,,,,,,,,,,,,,,,,,,,,,,,,3.0,GuardianEmblemItem,,,,,,,,,,,,,,,,,,,,,,,,,,,,,,,,,,,,,,,3.0,,,,,,,,,,None,None,,,,,,,,,,,,,,,,,,,,,,,,,,,,,,,,,,,,
2,EUW1_5972972736,TFT7_Augment_CannoneerHotShot,TFT6_Augment_Electrocharge1,TFT7_Augment_GadgetExpert,0.0,,1.0,,1.0,,1.0,0.0,1.0,0.0,1.0,,,,0.0,1.0,,1.0,,,1.0,,,,,1.0,0.0,0.0,,,,,,,,,,,,,,,,,,,,,1.0,ThiefsGloves,LocketOfTheIronSolari,GuinsoosRageblade,,,,,2.0,ShimmerscaleGoldmancersStaff,RunaansHurricane,StatikkShiv,,,,,,,,,2.0,IonicSpark,TitanicHydra,TitansResolve,,,,,,,,,,,,,,,,,,,,,,,,,,,,,,,,,,,,,,,,,,,,,,,,,,,,,,,,,2.0,,,,,,,,,,,,,,,,,,,,,,,,,,,,1.0,,,,,,,,,,,,,,,,,,,,,,,,,,,,,,,,,,,,2.0,ThiefsGloves,InfinityEdge,JeweledGauntlet,,,,,,,,,,,,,,,,,,,,,,,,,,,,,4.0,TrainerSnax,None,None,2.0,LastWhisper,SparringGloves,StatikkShiv,,,,,,,,,,,,,,,,,,,,,1.0,ThiefsGloves,RedBuff,InfinityEdge,,,,,,,,
5,EUW1_5972972736,TFT7_Augment_AstralIntercosmicGifts,TFT6_Augment_ThrillOfTheHunt1,TFT6_Augment_TomeOfTraits1,,1.0,,1.0,,,,,1.0,,1.0,,,3.0,,1.0,,0.0,,,,,,,,1.0,,0.0,,,,,,,,,,,,,,,,,,,,,,,,,,,,,,,,,,,,,,,,,,,,,,,,,,,,,,,,,,,,,,,,,,,,,1.0,,,,3.0,MageEmblemItem,GiantsBelt,,,,,,,,,,,,,,,,,,,,,,,,,,2.0,MageEmblemItem,,,3.0,SpearOfShojin,RapidFireCannon,,,,,,,,,,,,,,,,,,,,,,,,,,,,,,2.0,SpearOfShojin,HextechGunblade,JeweledGauntlet,,,,,,,,,,,,,,,,,,,,,,,,,1.0,,,,,,,,,,,,2.0,IonicSpark,RedBuff,FrozenHeart,,,,,,,,,,,,,,,,,3.0,TrainerSnax,None,None,,,,,,,,,,,,,2.0,,,,,,,,,,,,,,,,,,,,,,,
1,EUW1_5972972736,TFT7_Augment_PandorasBench,TFT6_Augment_TinyTitans,TFT7_Augment_WarriorEmblem,1.0,,1.0,1.0,,,,0.0,,,2.0,0.0,,,1.0,0.0,0.0,,0.0,,0.0,,1.0,,,,3.0,,2.0,ThiefsGloves,Bloodthirster,DragonsClaw,,,,,,,,,,,,,,,,,2.0,Shroud,,,,,,,,,,,,,,,,,,,,,,,,,,,,,,,,,,,,,,,,,,,,,,,,,,,,,,,,,,,,,,,,,,,,,,,,,,,,,,,,,,,,,,,,,,,,,,,,,,,2.0,AssassinEmblemItem,,,,,,,,,,,,,,,,,,,,,,,,,,,,,,,2.0,GargoyleStoneplate,GiantsBelt,RedBuff,,,,,,,,,,,,,3.0,,,,,,,,,,,,,,,,2.0,WarriorEmblemItem,JeweledGauntlet,,,,,,,,,,,,None,None,,,,,,,,,,,,,,,,,,,,,,,,,2.0,TitansResolve,Quicksilver,SeraphsEmbrace,2.0,,,,,,,
3,EUW1_5972972736,TFT6_Augment_LudensEcho2,TFT7_Augment_BandOfThieves1,TFT7_Augment_AxiomArc2,,0.0,,1.0,,,1.0,,0.0,,,,0.0,1.0,,1.0,,,,,0.0,1.0,,,2.0,1.0,,0.0,,,,,,,,,1.0,SpearOfShojin,JeweledGauntlet,ArchangelsStaff,,,,,,,,,,,,,,,,,,,,,,,,,,,,,,,,,,,,,,,,,,,,,,,,,,,,,,,,,2.0,,,,,,,,,,,,,,,,,,,,,,,,,,,,,,,,2.0,,,,3.0,StatikkShiv,UnstableConcoction,,,,,,,,,,,,,,,,,,2.0,ThiefsGloves,StatikkShiv,StatikkShiv,,,,,,,,,,,,,,,,,,,,,,,,,,,,,,,,,,,,,,,,,,,,,,,,,2.0,IonicSpark,RedBuff,,,,,,,,,,,,,,,,,,2.0,TrainerSnax,None,None,,,,,,,,,,,,,,,,,,,,,,,,,,,,,,,,,1.0,PowerGauntlet,,
4,EUW1_5972972736,TFT7_Augment_ClutteredMind,TFT6_Augment_TinyTitans,TFT6_Augment_Ascension,1.0,,,1.0,,1.0,,,0.0,,3.0,,0.0,,,0.0,1.0,,,,,,,1.0,1.0,0.0,0.0,,,,,,,,,,,,,,,,,,,,,,,,,,,,,,,,,,,,,,,,,,,,,,,,,,,,,,,,,,,,,,,,,,2.0,Morellonomicon,,,,,,,,,,,,,,,,,,,,,,,,,,,,,,,,,,,1.0,,,,,,,,,,,,,,,,,,,,,,,,1.0,RedBuff,Redemption,,,,,,2.0,InfinityEdge,,,,,,,2.0,,,,,,,,,,,,2.0,,,,,,,,,,,,,,,,,,,,,,,,,,,,,,,,2.0,InfinityEdge,FrozenHeart,,,,,,,,,,,,None,None,,,,,2.0,,,,,,,,,,,,,,,,2.0,GuinsoosRageblade,Bloodthirster,Quicksilver,,,,,,,,,,,,
7,EUW1_5972972736,TFT6_Augment_TriForce2,TFT6_Augment_CelestialBlessing1,TFT6_Augment_ComponentGrabBag,0.0,1.0,,2.0,,,,,,,1.0,,0.0,0.0,,,,,,,,,,1.0,1.0,,,0.0,,,,,,,,,,,,,,,,,,,,,,,,,,,,,,,,,,,,,,,,,,,,,,,,,,,,,,,,,,,,,,,,,,,,,,,,,2.0,GargoyleStoneplate,Redemption,,,,,,,,,,,,,,,,,,,,,,,,,,,,,,,,,,,,,,,,,,,,,,,,,,2.0,ThiefsGloves,GiantsBelt,GargoyleStoneplate,,,,,1.0,GuardianAngel,Shroud,,,,,,,,,,,,,,,,,,,,,,,,,,2.0,,,,,,,,,,,,,,,,2.0,,,,,,,,,,,,,,,,,,,,,,None,None,,,,,1.0,,,,3.0,GuinsoosRageblade,Deathblade,RunaansHurricane,,,,,,,,,,,,,,,,,,,,,,,,
8,EUW1_5972972736,TFT7_Augment_ShimmerscaleTrait,TFT6_Augment_Meditation1,TFT6_Augment_TomeOfTraits1,1.0,,,,,0.0,1.0,,,1.0,,,,0.0,,,1.0,,,,3.0,1.0,,0.0,,,0.0,0.0,2.0,AssassinEmblemItem,,,,,,,,,,,,,,,,,,,,,,,,,,,,,,,,,,,,,,,1.0,ShimmerscaleMogulsMail,BrambleVest,,,,,,,,,,,,,,,,,,,,,,2.0,SeraphsEmbrace,ShimmerscaleEmblemItem,,,,,,,,,,,,,,,,,,1.0,,,,,,,,,,,,,,,,,,,,,,,,,,,,,,,,,,,,,,,,,,,,,,,,,,,,,,,,,,,,,,,,,,,,,,,,,,,,,,,,,,,,,,,,,,,,,,,,,,,,,,,,,,,,1.0,ShimmerscaleHeartOfGold,,,,,None,None,,,,,,,,,,,,,,,,,,,,,2.0,ShimmerscaleGamblersBlade,RunaansHurricane,,,,,,,,,,1.0,SpearOfShojin,ShimmerscaleGoldmancersStaff,
6,EUW1_5972972736,TFT7_Augment_SwiftshotPressTheAttack,TFT7_Augment_Preparation,TFT6_Augment_Distancing2,,1.0,,2.0,,,,,,,1.0,0.0,0.0,,,,0.0,,,,,,1.0,1.0,0.0,,0.0,,,,,,,,,,,,,,,,,,,,,,,,,,,,,,,,,,,,,,,,,,,,,,,,,,,,,,,,,,,,,,,,,,,,,,,,,,3.0,Redemption,WarmogsArmor,GargoyleStoneplate,,,,,,,,,,,,,,,,,,,,,,,,,,,,,,,,,,,,,,,,,,,,,,,,,1.0,,,,,,,,,,,,,,,,,,,,,,,,,,,,2.0,,,,,,,,2.0,,,,,,,,1.0,SpearOfShojin,NeedlesslyLargeRod,,,,,,,,,,,,,,,,,,,,,,,,,,,,None,None,,,,,2.0,,,,3.0,Deathblade,UnstableConcoction,GuinsoosRageblade,,,,,,,,,,,,,,,,,,,,,,,,
5,EUW1_5972825483,TFT6_Augment_ThrillOfTheHunt1,TFT6_Augment_Diversify1,TFT6_Augment_Distancing3,2.0,,,2.0,,,1.0,,,,,,0.0,0.0,,,0.0,,0.0,,,,,,1.0,,1.0,3.0,,,,,,,,,,,,,,,,,,,,,,,,,,,,,,,,,,,,,,,,,,,,,,,,,2.0,Quicksilver,TitansResolve,AssassinEmblemItem,,,,,,,,,,,,,,,,,,,,,,,,,,,,,,,,,,,,,,,,,,,,,,,,,,,,,,,,,,,,,,,,,,,,,1.0,,,,2.0,NegatronCloak,WarmogsArmor,GargoyleStoneplate,1.0,HextechGunblade,,,2.0,WhispersEmblemItem,,,,,,,,,,,,,,,,,,,2.0,,,,,,,,,,,,,,,,,,,,,,,,1.0,AssassinEmblemItem,,,,,,,,,,,,,,,,,,,,,None,None,,,,,,,,,,,,,,,,,,,,,,,,,,,,,,,,,,,,
3,EUW1_5972825483,TFT7_Augment_GuildTrait,TFT6_Augment_ItemGrabBag1,TFT7_Augment_BestFriends3,1.0,,,1.0,,1.0,,,,,4.0,,0.0,,,,1.0,,,,,,,1.0,1.0,,0.0,,,,,,,,,,,,,,,,,,,,,,,,,,,,,,,,,,,,,,,,,,,,,,,,,,,,,,,,,,,,,,,,,,2.0,GargoyleStoneplate,,,,,,,,,,,,,,,,,,,,,,,,,,,,,,,,,,,,,,,,,,,,,,,,,,,,,,,,,,,2.0,BrambleVest,WarmogsArmor,Redemption,,,,,1.0,,,,,,,,2.0,,,,,,,,,,,,2.0,,,,,,,,,,,,,,,,,,,,,,,,,,,,,,,,2.0,FrozenHeart,InfinityEdge,GuardianAngel,,,,,,,,,,,None,None,,,,,2.0,,,,,,,,,,,,,,,,2.0,Quicksilver,MadredsBloodrazor,GuinsoosRageblade,,,,,,,,,,,,
7,EUW1_5972825483,TFT6_Augment_CyberneticImplants1,TFT6_Augment_Weakspot,TFT6_Augment_ItemGrabBag2,1.0,,,1.0,,0.0,,,,,2.0,,0.0,,,,1.0,,,,,,,1.0,1.0,,0.0,,,,,,,,,,,,,,,,,,,,,,,,,,,,,,,,,,,,,,,,,,,,,,,,,,,,,,,,,,,,,,,,,,2.0,NegatronCloak,,,,,,,,,,,,,,,,,,,,,,,,,,,,,,,,,,,,,,,,,,,,,,,,,,,,,,,,,,,2.0,GargoyleStoneplate,IonicSpark,Shroud,,,,,2.0,InfinityEdge,BFSword,,,,,,,,,,,,,,,,,,2.0,,,,,,,,,,,,,,,,,,,,,,,,,,,,,,,,2.0,ThiefsGloves,BFSword,Shroud,,,,,,,,,,,None,None,,,,,1.0,,,,,,,,,,,,,,,,1.0,MadredsBloodrazor,GuinsoosRageblade,Quicksilver,,,,,,,,,,,,
2,EUW1_5972825483,TFT6_Augment_SecondWind1,TFT7_Augment_BestFriends1,TFT7_Augment_BestFriends3,1.0,0.0,,1.0,,,1.0,,0.0,,2.0,,,,,0.0,,,,,,,,1.0,,0.0,,2.0,,,,,,,,,,,,,,,,,,,,,,,,,,,,,,,,,,,,,,,,,,,,,,,,,1.0,TitansResolve,LastWhisper,,,,,,,,,,,,,,,,,,,,,,3.0,RedBuff,Shroud,,,,,,,,,,,,,,,,,,,,,,,,,,2.0,,,,,,,,,,,,,,,,,,,,,,,,,,,,2.0,Shroud,,,,,,,,,,,,,,,,,,,,,,,,,,,,,,,,,,,,,,,,,,,,,,,,,,,,,,,1.0,LastWhisper,,,,,,,,,,,,,None,None,,,,,1.0,,,,3.0,Deathblade,GuinsoosRageblade,RunaansHurricane,,,,,,,,,,,,,,,,,,,,,,,,
6,EUW1_5972825483,TFT6_Augment_ItemGrabBag1,TFT7_Augment_BestFriends1,TFT6_Augment_ForceOfNature,,0.0,1.0,1.0,,,1.0,,0.0,,2.0,,,2.0,,2.0,,,,,,,,,,1.0,,2.0,,,,,,,,,,,,,,,,,,,,,1.0,,,,,,,,,,,,,,,,,,,,,,,,,,,,1.0,UnstableConcoction,,,,,,,,,,,,,,,,,,,2.0,Shroud,,,,,,,,,,,,,,,,,,,,,,,,,,,,,,,2.0,,,,3.0,ArchangelsStaff,Morellonomicon,SpearOfShojin,,,,,,,,,,,,,,,,,,,,,,,,,,,,,2.0,BruiserEmblemItem,,,,,,,,,,,,,,,,,,,,,,,,,,,,,,,,,,,,,,,2.0,GargoyleStoneplate,IonicSpark,TitanicHydra,,,,,,,,,,,,,,,,,2.0,TrainerSnax,None,None,,,,,,,,,,,,,2.0,,,,,,,,,,,,,,,,,,,,,,,
4,EUW1_5972825483,TFT6_Augment_Featherweights1,TFT7_Augment_CannoneerTrait,TFT6_Augment_RadiantRelics,,0.0,,,2.0,,,,1.0,1.0,,,,0.0,,1.0,,1.0,0.0,,,,,,,1.0,,0.0,,,,,,,,,,,,,,,,,,,,,,,,,3.0,GargoyleStoneplate,RedBuff,,,,,,,,,,,,,,,,,,,,,,,,,,,,,,,,,,,,,,,,,,,,,,,,,,3.0,ZekesHerald,ArchangelsStaff,,,,,,,,,,,,,,,,,,,,,,2.0,,,,1.0,,,,,,,,,,,,,,,,,,,,,,,,,,,,,,,,,,,,,,,,,,,,,,,,,,,,,,,,,,,,2.0,,,,,,,,,,,,,,,,,,,,,,,,,,,,3.0,ChainVest,TitanicHydra,LocketOfTheIronSolari,3.0,TrainerSnax,None,None,3.0,InfinityEdge,LastWhisper,GiantSlayerRadiant,,,,,,,,,,,,,,,,,,,,,,,,,,,,,,,,
1,EUW1_5972825483,TFT7_Augment_CavalierTrait,TFT6_Augment_CelestialBlessing1,TFT7_Augment_CavalierForAllUnits,,,,,,4.0,1.0,0.0,,,1.0,,,0.0,3.0,,0.0,,0.0,,,,,,,,1.0,,,,,,,,,,,,,,,,,,,,,,,,,,,,,,,,,,,,,,2.0,GuinsoosRageblade,Bloodthirster,ArchangelsStaff,,,,,,,,,,,,,,,,,,,,,,,,,2.0,MirageEmblemItem,,,,,,,,,,,,,,,,,,,,,,,,,,,,,,,2.0,,,,,,,,,,,,,,,,,,,,2.0,RedBuff,IonicSpark,WarmogsArmor,,,,,,,,,,,,,,,,,,,,,2.0,,,,,,,,,,,,,,,,,,,,,,,,,,,,,,,,,,,,,,,,,,,,,,,,,,,,,,,,,,None,None,,,,,,,,,,,,,,,,,,,,,,,,,2.0,SeraphsEmbrace,Bloodthirster,,2.0,,,,,,,
8,EUW1_5972825483,TFT7_Augment_ShimmerscaleEmblem,TFT7_Augment_BestFriends1,TFT7_Augment_TomeOfTraits2,0.0,,,,,0.0,1.0,1.0,,0.0,1.0,,0.0,,0.0,,1.0,,,0.0,2.0,,,,,,1.0,,,,,,,,,,,,,,,,,,,,,,,,,,,,,,,,,,,,,,,,,,1.0,GargoyleStoneplate,ShimmerscaleMogulsMail,Redemption,,,,,,,,,,,,,,,,,,,,,1.0,,,,,,,,,,,,,,,,,,,,2.0,WarriorEmblemItem,,,,,,,,,,,,,,,,,,,,,,,,,,,,,,,,,,,,,,,,,,,,,,,,,,,,,,,,,,,,,,,,,,,,,,,,,,,,,,,,,,,,,,,2.0,GuinsoosRageblade,Quicksilver,ShimmerscaleDravensAxe,,,,,,,,,,,,,,,,,,,,,,,None,None,,,,,,,,,,,,,,,,,2.0,,,,,,,,1.0,ShimmerscaleEmblemItem,GuildEmblemItem,,,,,,,,,
3,EUW1_5972736685,TFT7_Augment_BruiserEmblem,TFT6_Augment_ThrillOfTheHunt2,TFT6_Augment_CyberneticImplants2,1.0,,,1.0,2.0,,,,1.0,,1.0,,0.0,,,0.0,,2.0,,,,,,,1.0,1.0,,,,,,,,,,,,,,,,,,,,,,,,,,,,,,,2.0,Deathblade,GuinsoosRageblade,MadredsBloodrazor,,,,,,,,,,,,,,,,,,,,,,,,,,,,,,,,,,,,,,,,,,,,,2.0,,,,,,,,,,,,,,,,,,,,,,,,2.0,BruiserEmblemItem,ZekesHerald,,,,,,,,,,,,,,,,,,,,,,2.0,GargoyleStoneplate,BrambleVest,,,,,,1.0,,,,,,,,,,,,,,,,,,,,,,,,,,,,,,,,2.0,,,,,,,,,,,,,,,,,,,,2.0,FrozenHeart,GuardianAngel,Bloodthirster,,,,,,,,,4.0,TrainerSnax,None,None,2.0,,,,,,,,,,,,,,,,,,,,,,,,,,,,,,,,,,,
6,EUW1_5972736685,TFT7_Augment_MageConference,TFT6_Augment_PortableForge,TFT6_Augment_SunfireBoard,,1.0,,1.0,,,,,1.0,,1.0,0.0,0.0,2.0,,1.0,,,,,,,,,,1.0,,0.0,,,,,1.0,,,,,,,,,,,,,,,,,,,,,,,,,,,,,,,,,,,,,,,,,,,,,,,,,,,,,,,,,,,,,,,,3.0,RunaansHurricane,SpearOfShojin,,2.0,,,,,,,,,,,,,,,,,,,,,,,,,,,,1.0,,,,2.0,,,,,,,,,,,,,,,,,,,,,,,,,,,,,,,,2.0,MadredsBloodrazor,SpearOfShojin,ArchangelsStaff,,,,,,,,,,,,,,,,,,,,,,,,,,,,,,,,,,,,,2.0,OrnnEternalWinter,GargoyleStoneplate,WarmogsArmor,,,,,,,,,,,,,,,,,3.0,TrainerSnax,None,None,,,,,,,,,,,,,3.0,,,,,,,,,,,,,,,,,,,,,,,
8,EUW1_5972736685,TFT6_Augment_MetabolicAccelerator,TFT6_Augment_PortableForge,TFT6_Augment_Ascension,,1.0,,1.0,,,,,0.0,,1.0,,,3.0,,1.0,,,,,0.0,1.0,,,,1.0,,0.0,,,,,,,,,,,,,,,,,,,,,,,,,,,,,,,,,,,,,,,,,,,,,,,,,,,,,,,,,,,,,,,,,,,,,1.0,,,,2.0,MageEmblemItem,RedBuff,WarmogsArmor,,,,,,,,,,,,,,,,,,,,,,,,,2.0,,,,1.0,,,,,,,,,,,,,,,,,,,,,,,,,,,,,,,,2.0,SpearOfShojin,OrnnMuramana,HextechGunblade,,,,,,,,,,,,,,,,,,,,,,,,,,,,,,,,,,,,,2.0,,,,,,,,,,,,,,,,,,,,3.0,TrainerSnax,None,None,,,,,,,,,,,,,2.0,,,,,,,,,,,,,,,,,,,,1.0,SeraphsEmbrace,,
2,EUW1_5972736685,TFT6_Augment_MetabolicAccelerator,TFT6_Augment_SalvageBin,TFT6_Augment_ComponentGrabBag,1.0,,1.0,1.0,,1.0,,0.0,,,3.0,,0.0,,0.0,0.0,1.0,,,,,,,1.0,1.0,,1.0,,,,,,,,,,,,,,,,,,,,,,2.0,RabadonsDeathcap,,,,,,,,,,,,,,,,,,,,,,,,,,,,,,,,,,,,,,,,,,,2.0,,,,,,,,,,,,,,,,,,,,,,,,,,,,,,,,,,,,,,,,,,,,,,,,,,,,,,,,,,,,2.0,RedBuff,,,,,,,2.0,FrozenHeart,Shroud,,,,,,,,,,,,,,,,,,2.0,,,,,,,,,,,,,,,,,,,,,,,,,,,,,,,,2.0,RunaansHurricane,Deathblade,UnstableConcoction,,,,,,,,,,,None,None,,,,,2.0,BFSword,,,,,,,,,,,,,,,2.0,GuinsoosRageblade,MadredsBloodrazor,InfinityEdge,1.0,SeraphsEmbrace,CavalierEmblemItem,Bloodthirster,,,,,,,,
4,EUW1_5972736685,TFT6_Augment_ThreesCompany,TFT7_Augment_FirstAidKit2,TFT6_Augment_Ascension,,0.0,1.0,1.0,,,1.0,,,,2.0,0.0,,2.0,,1.0,,,,,0.0,1.0,1.0,,,0.0,,2.0,,,,,,,,,,,,,,,,,,,,,1.0,,,,,,,,,,,,,,,,,,,,,,,,,,,,2.0,DragonsClaw,,,,,,,,,,,,,,,,,,,2.0,,,,,,,,,,,,,,,,,,,,,,,,,,,,,,,,,,,,2.0,StatikkShiv,,,,,,,,,,,,,,,,,,,,,,,,,,,,,,,2.0,ArchangelsStaff,GuinsoosRageblade,HextechGunblade,,,,,,,,,,,,,,,,,,,,,,,,,,,,,2.0,Shroud,,,,,,,2.0,GargoyleStoneplate,TitansResolve,Morellonomicon,,,,,,,,,,,,,,,,,,,None,None,,,,,,,,,,,,,,,,,,,,,,,,,,,,,,,,,1.0,,,
7,EUW1_5972736685,TFT6_Augment_ThreesCompany,TFT6_Augment_CyberneticImplants2,TFT7_Augment_GadgetExpert,,1.0,1.0,1.0,,,,,,,3.0,,,1.0,,1.0,,,,,,,,1.0,,,,0.0,,,,,,,,,,,,,,,,,,,,,1.0,,,,,,,,,,,,,,,,,,,,,,,,,,,,,,,,,,,,,,,,,,,,,,,,,,,,3.0,DragonsClaw,RedBuff,,,,,,,,,,,,,,,,,,,,,,,,,,,,,,2.0,NeedlesslyLargeRod,,,,,,,,,,,,,,,,,,,,,,,,,,,,,,,1.0,,,,,,,,,,,,,,,,,,,,,,,,,,,,,,,,,,,,,,,,1.0,RedBuff,,,,,,,,,,,,,,,,,,,,,None,None,,,,,2.0,StatikkShiv,RunaansHurricane,,3.0,GuinsoosRageblade,RunaansHurricane,UnstableConcoction,,,,,,,,,,,,,,,,,,,,,,,,
5,EUW1_5972736685,TFT6_Augment_SecondWind2,TFT6_Augment_ComponentGrabBag,TFT6_Augment_CyberneticUplink2,,1.0,,1.0,,,,,0.0,,1.0,,0.0,2.0,,1.0,,,,,,,,,0.0,1.0,,0.0,,,,,,,,,,,,,,,,,,,,,,,,,,,,,,,,,,,,,,,,,,,,,,,,,,,,,,,,,,,,,,,,,,,,,2.0,Shroud,,,2.0,WarmogsArmor,RedBuff,,,,,,,,,,,,,,,,,,,,,,,,,,2.0,GuardianAngel,StatikkShiv,,3.0,,,,,,,,,,,,,,,,,,,,1.0,,,,,,,,,,,,2.0,JeweledGauntlet,SpearOfShojin,InfinityEdge,,,,,,,,,,,,,,,,,,,,,,,,,,,,,,,,,,,,,2.0,ThiefsGloves,GiantsBelt,Zephyr,,,,,,,,,,,,,,,,,3.0,TrainerSnax,None,None,,,,,,,,,,,,,1.0,,,,,,,,,,,,,,,,,,,,,,,
1,EUW1_5972736685,TFT7_Augment_CannoneerEmblem,TFT6_Augment_SecondWind2,TFT7_Augment_CannoneerRicochet,,,1.0,,3.0,,1.0,,1.0,0.0,1.0,0.0,,,,1.0,,2.0,,,1.0,,1.0,,,1.0,,,,,,,,,,,,,,,,,,,,,,,1.0,,,,,,,,2.0,Deathblade,Zephyr,HextechGunblade,,,,,,,,,2.0,GargoyleStoneplate,RedBuff,ShimmerscaleDiamondHands,,,,,,,,,,,,,,,,,,,,,,,,,,,,,,,,,2.0,,,,,,,,,,,,,,,,,,,,,,,,2.0,ZekesHerald,CannoneerEmblemItem,,,,,,,,,,,,,,,,,,,,,,,,,,,,,,,,,,,,,,,,,,,,,,,,,,,,,,,,,,,,,,2.0,IonicSpark,,,2.0,ArchangelsStaff,,,,,,,,,,,,,,,,,,,,,,,,,,,4.0,TrainerSnax,None,None,3.0,LastWhisper,InfinityEdge,Deathblade,,,,,,,,,,,,,,,,,,,,,,,,,,,,,,,,
5,EUW1_5972850679,TFT6_Augment_CyberneticImplants2,TFT7_Augment_BestFriends1,TFT6_Augment_SalvageBin,,,1.0,,,2.0,1.0,0.0,,,1.0,,,0.0,3.0,0.0,0.0,,0.0,,,,,,,,1.0,,,,,,,,,,,,,,,,,,,,,,1.0,,,,,,,,,,,,,,,,2.0,Quicksilver,UnstableConcoction,MadredsBloodrazor,,,,,,,,,,,,,,,,,,,,,,,,,2.0,,,,,,,,,,,,,,,,,,,,,,,,,,,,,,,,2.0,,,,,,,,,,,,,,,,,,,,2.0,RedBuff,IonicSpark,FrozenHeart,,,,,,,,,,,,,,,,,,,,,,,,,,,,,,,,,,,,,,,,,,,,,,,,,,,,,,,,,,,,,,,,,,,,,,,,,,,,,,,None,None,,,,,,,,,,,,,,,,,,,,,,,,,2.0,SeraphsEmbrace,GuardianAngel,FrozenHeart,1.0,Zephyr,,,,,,
7,EUW1_5972850679,TFT6_Augment_ClearMind,TFT6_Augment_CelestialBlessing1,TFT7_Augment_BestFriends2,1.0,,,1.0,,2.0,,,,,3.0,,0.0,,,,1.0,,,,,,,1.0,1.0,,0.0,,,,,,,,,,,,,,,,,,,,,,,,,,,,,,,,,,,,,,,,,,,,,,,,,,,,,,,,,,,,,,,,,,2.0,RedBuff,,,,,,,,,,,,,,,,,,,,,,,,,,,,,,,,,,,,,,,,,,,,,,,,,,,,,,,,,,,1.0,,,,,,,,1.0,Zephyr,,,,,,,2.0,,,,,,,,,,,,2.0,,,,,,,,,,,,,,,,,,,,,,,,,,,,,,,,2.0,CavalierEmblemItem,Bloodthirster,,,,,,,,,,,,None,None,,,,,1.0,,,,,,,,,,,,,,,,2.0,MadredsBloodrazor,GuinsoosRageblade,LastWhisper,,,,,,,,,,,,
3,EUW1_5972850679,TFT6_Augment_CyberneticImplants2,TFT7_Augment_BigFriend,TFT7_Augment_SwiftshotEmblem,0.0,1.0,,2.0,,,,,,,2.0,,0.0,,,,0.0,,,,,,,2.0,1.0,,0.0,,,,,,,,,,,,,,,,,,,,,,,,,,,,,,,,,,,,,,,,,,,,,,,,,,,,,,,,,,1.0,,,,,,,,,,,,,,,,3.0,NegatronCloak,LocketOfTheIronSolari,,,,,,,,,,,,,,,,,,,,,,,,,,,,,,,,,,,,,,,,,,,,,,,,,,1.0,Morellonomicon,SeraphsEmbrace,,,,,,,,,,,,,,,,,,,,,,,,,,2.0,Redemption,,,,,,,3.0,ZekesHerald,SwiftshotEmblemItem,,,,,,,,,,,,,,,,,,,,,,2.0,,,,,,,,,,,,,,None,None,,,,,2.0,Shroud,,,3.0,Deathblade,MadredsBloodrazor,Quicksilver,,,,,,,,,,,,,,,,,,,,,,,,
2,EUW1_5972850679,TFT6_Augment_SecondWind2,TFT6_Augment_ItemGrabBag1,TFT6_Augment_PortableForge,1.0,,,1.0,,1.0,1.0,,0.0,0.0,1.0,,0.0,,,0.0,1.0,,,,1.0,,,0.0,1.0,0.0,0.0,,,,,,,,,,,,,,,,,,,,,,,,,,,,,,,,,,,,,,,,,,2.0,RedBuff,OrnnEternalWinter,DragonsClaw,,,,,,,,,,,,,,,,,,,,,2.0,Shroud,,,,,,,,,,,,,,,,,,,,,,,,,,,,,,,,,,,1.0,,,,,,,,,,,,,,,,,,,,,,,,2.0,ShimmerscaleHeartOfGold,CavalierEmblemItem,SpearOfShojin,,,,,2.0,FrozenHeart,,,,,,,,,,,,,,,,,,,1.0,,,,,,,,,,,,,,,,,,,,,,,,,,,,,,,,2.0,GuinsoosRageblade,ZekesHerald,Redemption,,,,,,,,,,,None,None,,,,,,,,,,,,,,,,,,,,,2.0,InfinityEdge,GuinsoosRageblade,Quicksilver,,,,,,,,,,,,
6,EUW1_5972850679,TFT6_Augment_BlueBattery2,TFT6_Augment_SecondWind1,TFT6_Augment_PortableForge,,1.0,,1.0,,,,,0.0,,1.0,,,2.0,,1.0,,,,,,,,,,1.0,,0.0,,,,,,,,,,,,,,,,,,,,,,,,,,,,,,,,,,,,,,,,,,,,,,,,,,,,,,,,,,,,,,,,,,,,,2.0,,,,1.0,,,,,,,,,,,,,,,,,,,,,,,,,,,,2.0,StatikkShiv,,,2.0,BFSword,,,,,,,,,,,,,,,,,,,,,,,,,,,,,,,2.0,ArchangelsStaff,OrnnMuramana,JeweledGauntlet,,,,,,,,,,,,,,,,,,,,,,,,,,,,,,,,,,,,,2.0,GargoyleStoneplate,RedBuff,WarmogsArmor,,,,,,,,,,,,,,,,,3.0,TrainerSnax,None,None,,,,,,,,,,,,,3.0,RedBuff,,,,,,,,,,,,,,,,,,,,,,
8,EUW1_5972850679,TFT7_Augment_Bloodlust1,TFT6_Augment_PandorasItems,TFT7_Augment_CannoneerRicochet,,,,,2.0,,1.0,,1.0,0.0,,0.0,,,,0.0,,2.0,,0.0,1.0,,,,,1.0,,,,,,,,,,,,,,,,,,,,,,,,,,,,,,,2.0,MadredsBloodrazor,UnstableConcoction,RapidFireCannon,,,,,,,,,1.0,RedBuff,ShimmerscaleHeartOfGold,,,,,,,,,,,,,,,,,,,,,,,,,,,,,,,,,,2.0,,,,,,,,,,,,,,,,,,,,,,,,1.0,,,,,,,,2.0,,,,,,,,,,,,,,,,,,,,,,,,,,,,,,,,,,,,,,,,,,,,,,,,,,,,,,,,1.0,,,,,,,,,,,,,,,,,,,,,,,,,,,,,,,,1.0,TrainerSnax,None,None,2.0,SeraphsEmbrace,GuinsoosRageblade,MadredsBloodrazor,,,,,,,,,,,,,,,,,,,,,,,,,,,,,,,,
1,EUW1_5972850679,TFT6_Augment_Distancing2,TFT7_Augment_AstralTrait,TFT6_Augment_ComponentGrabBag,,0.0,,1.0,,,1.0,,0.0,,,,0.0,1.0,,1.0,,,,,0.0,1.0,,,2.0,1.0,,0.0,,,,,,,,,2.0,SpearOfShojin,JeweledGauntlet,RapidFireCannon,,,,,,,,,,,,,,,,,,,,,,,,,,,,,,,,,,,,,,,,,,,,,,,,,,,,,,,,,2.0,,,,,,,,,,,,,,,,,,,,,,,,,,,,,,,,2.0,GuardianAngel,RecurveBow,BrambleVest,3.0,,,,,,,,,,,,,,,,,,,,2.0,ThiefsGloves,ChainVest,IonicSpark,,,,,,,,,,,,,,,,,,,,,,,,,,,,,,,,,,,,,,,,,,,,,,,,,2.0,IonicSpark,WarmogsArmor,Zephyr,,,,,,,,,,,,,,,,,4.0,TrainerSnax,None,None,,,,,,,,,,,,,,,,,,,,,,,,,,,,,,,,,2.0,SpearOfShojin,LocketOfTheIronSolari,
4,EUW1_5972850679,TFT7_Augment_MageEmblem,TFT6_Augment_SecondWind1,TFT6_Augment_TomeOfTraits1,,0.0,,1.0,,,,,1.0,,2.0,,,3.0,,1.0,,0.0,,,0.0,1.0,,,,1.0,,0.0,,,,,,,,,,,,,,,,,,,,,,,,,,,,,,,,,,,,,,,,,,,,,,,,,,,,,,,,,,,,,,,,,,,,,2.0,,,,3.0,MageEmblemItem,,,,,,,,,,,,,,,,,,,,,,,,,,,2.0,,,,3.0,StatikkShiv,GuildEmblemItem,,,,,,,,,,,,,,,,,,,,,,,,,,,,,,2.0,ArchangelsStaff,SpearOfShojin,JeweledGauntlet,,,,,,,,,,,,,,,,,,,,,,,,,2.0,MageEmblemItem,,,,,,,,,,,2.0,RedBuff,DragonsClaw,Shroud,,,,,,,,,,,,,,,,,1.0,TrainerSnax,None,None,,,,,,,,,,,,,,,,,,,,,,,,,,,,,,,,,1.0,RunaansHurricane,,
5,EUW1_5970882395,TFT6_Augment_MakeshiftArmor2,TFT7_Augment_BestFriends3,TFT6_Augment_CelestialBlessing2,1.0,,,1.0,,1.0,,,,,4.0,,0.0,,,,1.0,,,,,,,1.0,1.0,,0.0,,,,,,,,,,,,,,,,,,,,,,,,,,,,,,,,,,,,,,,,,,,,,,,,,,,,,,,,,,,,,,,,,,1.0,,,,,,,,,,,,,,,,,,,,,,,,,,,,,,,,,,,,,,,,,,,,,,,,,,,,,,,,,,,,2.0,,,,,,,,2.0,GuildEmblemItem,,,,,,,2.0,DragonsClaw,GargoyleStoneplate,IonicSpark,,,,,,,,,2.0,,,,,,,,,,,,,,,,,,,,,,,,,,,,,,,,2.0,FrozenHeart,Bloodthirster,,,,,,,,,,,,None,None,,,,,1.0,,,,,,,,,,,,,,,,2.0,MadredsBloodrazor,Quicksilver,GuinsoosRageblade,,,,,,,,,,,,
4,EUW1_5970882395,TFT7_Augment_ShapeshifterBeastsDen,TFT6_Augment_Twins3,TFT7_Augment_GadgetExpert,,0.0,,1.0,,,,,,,,1.0,,0.0,,,,,,2.0,,,1.0,,,,,1.0,,,,,,,,,,,,,,,,,,,,,,,,,,,,,,,,,,,,,,,,,,,,,,,,,,,,,2.0,,,,,,,,2.0,FrozenHeart,,,,,,,,,,,,,,,,,,,,,,,,,,,,,,,,,,,,,,,,,,,,,,,2.0,GargoyleStoneplate,,,2.0,StatikkShiv,ZekesHerald,Bloodthirster,,,,,,,,,,,,,,,,,,,,,,,,,,,,,,,,,,,,,,,,,,,,,3.0,FrozenHeart,Redemption,SeraphsEmbrace,,,,,1.0,,,,,,,,1.0,,,,,,,,,,,,,,,,,,,,,,None,None,,,,,,,,,,,,,,,,,,,,,,,,,,,,,,,,,,,,
2,EUW1_5970882395,TFT7_Augment_TempestEyeOfTheStorm,TFT7_Augment_ThinkFast,TFT6_Augment_FuturePeepers,,,,0.0,,2.0,,1.0,0.0,,1.0,1.0,1.0,,0.0,,0.0,,,,0.0,,,,1.0,,,,,,,,2.0,Zephyr,InfinityEdge,,,,,,,,,,,,,,,,,,,,,,,,,,,,,,,,,,,,,,,,,,,,,,,,,,,,,,,,,,2.0,,,,,,,,,,,,,,,,1.0,,,,,,,,2.0,,,,,,,,,,,,,,,,,,,,,,,,,,,,2.0,JadeEmblemItem,BrambleVest,Chalice,,,,,2.0,FrozenHeart,RedBuff,GargoyleStoneplate,,,,,,,,,,,,,2.0,,,,,,,,,,,,,,,,,,,,,,,,,,,,,,,,,,,,,,,,,,,,,,,,,,,,,,,,,,None,None,,,,,,,,,,,,,,,,,2.0,GuinsoosRageblade,Bloodthirster,Quicksilver,,,,,,,,,,,,,,,,
1,EUW1_5970882395,TFT6_Augment_SecondWind2,TFT6_Augment_ForceOfNature,TFT7_Augment_GadgetExpert,,,,,,0.0,1.0,2.0,,,,1.0,,,,,2.0,,,1.0,,,1.0,0.0,0.0,,,,,,,,,,,,,,,,2.0,StatikkShiv,LocketOfTheIronSolari,Redemption,,,,,,,,,,,,,,,,,,,,,,,,,,,,,,,,,,,,,,,,,,,,,,,,,2.0,TitanicHydra,DragonmancerEmblemItem,,,,,,,,,,,,,,2.0,,,,,,,,2.0,,,,,,,,,,,,,,,,,,,,2.0,RedBuff,TitansResolve,WarmogsArmor,,,,,,,,,,,,,,,,,,,,,,,,,,,,,,,,,,,,,2.0,,,,,,,,1.0,,,,,,,,,,,,1.0,NeedlesslyLargeRod,,,3.0,Bloodthirster,GuinsoosRageblade,StatikkShiv,,,,,,,,,,,,,,,,,,,,,,,None,None,,,,,,,,,,,,,,,,,,,,,,,,,,,,,,,,,,,,
8,EUW1_5970882395,TFT6_Augment_SunfireBoard,TFT6_Augment_Twins3,TFT7_Augment_BestFriends2,,1.0,,1.0,,,,,,,1.0,,,,,,,,,,,,,1.0,,,,,,,,,,,,,,,,,,,,,,,,,,,,,,,,,,,,,,,,,,,,,,,,,,,,,,,,,,,,,,,,,,,,,,,,,,,,,3.0,WarmogsArmor,ArchangelsStaff,,,,,,,,,,,,,,,,,,,,,,,,,,,,,,,,,,,,,,,,,,,,,,,,,,,,,,,,,,,,,,,,,,,,,,,,,,,,,,,,,,,,,,2.0,,,,,,,,,,,,,,,,,,,,,,,,,,,,,,,,,,,,,,None,None,,,,,1.0,,,,2.0,Deathblade,InfinityEdge,,,,,,,,,,,,,,,,,,,,,,,,,
6,EUW1_5970882395,TFT6_Augment_ThrillOfTheHunt2,TFT7_Augment_BestFriends3,TFT6_Augment_TomeOfTraits1,1.0,0.0,,1.0,,0.0,,,,,2.0,,,,,,1.0,,,,,,,2.0,0.0,,0.0,,,,,,,,,,,,,,,,,,,,,,,,,,,,,,,,,,,,,,,,,,,,,,,,,,,,,,,,,,,,,,,,,,1.0,,,,,,,,2.0,DragonsClaw,,,,,,,,,,,,,,,,,,,,,,,,,,,,,,,,,,,,,,,,,,,,,,,,,,,,,,,,,,,2.0,SwiftshotEmblemItem,,,,,,,,,,,,,,,,,,,1.0,,,,,,,,,,,,,,,,,,,,,,,,,,,,,,,,1.0,,,,,,,,,,,,,,None,None,,,,,2.0,,,,3.0,RunaansHurricane,GuinsoosRageblade,MadredsBloodrazor,,,,,,,,,1.0,Quicksilver,UnstableConcoction,,,,,,,,,,,,,
7,EUW1_5970882395,TFT6_Augment_Ascension,TFT6_Augment_Distancing3,TFT7_Augment_PandorasBench,0.0,1.0,,2.0,,,,,,,1.0,,0.0,,,,0.0,,,,,,,1.0,1.0,,0.0,,,,,,,,,,,,,,,,,,,,,,,,,,,,,,,,,,,,,,,,,,,,,,,,,,,,,,,,,,,,,,,,,,,,,,,,,,3.0,RedBuff,BrambleVest,,,,,,,,,,,,,,,,,,,,,,,,,,,,,,,,,,,,,,,,,,,,,,,,,,1.0,Shroud,,,,,,,2.0,,,,,,,,,,,,,,,,,,,,2.0,,,,,,,,1.0,,,,,,,,,,,,,,,,,,,,,,,,,,,,,,,,,,,,,,None,None,,,,,2.0,,,,2.0,MadredsBloodrazor,UnstableConcoction,GuinsoosRageblade,,,,,,,,,,,,,,,,,,,,,,,,
3,EUW1_5970882395,TFT7_Augment_BestFriends2,TFT6_Augment_CelestialBlessing3,TFT7_Augment_BruiserTitanicStrength,2.0,,,1.0,,,1.0,,,0.0,1.0,,0.0,0.0,,,,,,,,,,,1.0,,,3.0,,,,,,,,,,,,,,,,,,,,,,,,,,,,,,,,,,,,,,,,,,,,,,,,,2.0,GuinsoosRageblade,InfinityEdge,AssassinEmblemItem,,,,,,,,,,,,,,,,,,,,,,,,,,,,,,,,,,,,,,,,,,,,,,,,,,,,,,,,,,,,,,,,,,,,,,,,,2.0,GargoyleStoneplate,DragonsClaw,,2.0,IonicSpark,ArchangelsStaff,GuinsoosRageblade,2.0,StatikkShiv,PowerGauntlet,,,,,,,,,,,,,,,,,,,,,,,,,,,,,,,,,,,,,,,,,,2.0,TitanicHydra,,,,,,,2.0,,,,,,,,2.0,,,,,,None,None,,,,,,,,,,,,,,,,,,,,,,,,,,,,,,,,,,,,
3,EUW1_5971095484,TFT6_Augment_MakeshiftArmor1,TFT6_Augment_MaxLevel10,TFT6_Augment_PandorasItems,,0.0,1.0,1.0,,,1.0,0.0,,,2.0,0.0,0.0,1.0,0.0,1.0,,,,,0.0,1.0,1.0,,2.0,,0.0,0.0,,,,,,,,,1.0,SpearOfShojin,JeweledGauntlet,ArchangelsStaff,,,,,,,,,2.0,,,,,,,,,,,,,,,,,,,,,,,,,,,,,,,,,,,,,,,,,,,,,,,,,,,,,,,,,,,,,,,,,,,,,,,,,,,,,,,,,,,,2.0,,,,,,,,,,,,,,,,,,,,2.0,RedBuff,DragonsClaw,GargoyleStoneplate,,,,,,,,,,,,,,,,,,,,,,,,,,,,,,,,,,,,,,,,,2.0,,,,,,,,2.0,,,,,,,,,,,,,,,,,,,,,,None,None,,,,,,,,,,,,,,,,,,,,,,,,,2.0,TitansResolve,UnstableConcoction,Deathblade,,,,,2.0,Quicksilver,GuildEmblemItem,
8,EUW1_5971095484,TFT6_Augment_Distancing,TFT7_Augment_TomeOfTraits2,TFT7_Augment_BandOfThieves1,1.0,,,2.0,,1.0,,,,,3.0,,0.0,,,,1.0,,,,,,,1.0,1.0,,0.0,,,,,,,,,,,,,,,,,,,,,,,,,,,,,,,,,,,,,,,,,,,,,,,,,,,,,,,,,,,,,,,,,,1.0,FrozenHeart,BruiserEmblemItem,WarmogsArmor,,,,,,,,,,,,,,,,,,,,,,,,,,,,,,,,,,,,,,,,,,,,,,,,,,,,,,,,,1.0,ThiefsGloves,RunaansHurricane,ArchangelsStaff,,,,,2.0,,,,,,,,2.0,,,,,,,,,,,,1.0,GargoyleStoneplate,,,,,,,,,,,,,,,,,,,,,,,,,,,,,,,2.0,BruiserEmblemItem,,,,,,,,,,,,,None,None,,,,,2.0,,,,,,,,,,,,,,,,1.0,UnstableConcoction,GuinsoosRageblade,MadredsBloodrazor,,,,,,,,,,,,
1,EUW1_5971095484,TFT7_Augment_MysticTrait,TFT6_Augment_LudensEcho3,TFT6_Augment_ThrillOfTheHunt1,,1.0,1.0,1.0,,,,,0.0,,2.0,,,3.0,,3.0,,,,,0.0,1.0,,,,1.0,,0.0,,,,,,,,,,,,,,,,,,,,,2.0,MageEmblemItem,,,,,,,,,,,,,,,,,,,,,,,,,,,,,,,,,,,,,,,,,,,,,,,2.0,,,,3.0,Quicksilver,,,,,,,,,,,,,,,,,,,,,,,,,,,2.0,,,,3.0,SpearOfShojin,NeedlesslyLargeRod,LocketOfTheIronSolari,,,,,,,,,,,,,,,,,,,,,,,,,,,,,2.0,SpearOfShojin,RabadonsDeathcap,MadredsBloodrazor,,,,,,,,,,,,,,,,,,,,,,,,,,,,,,,,,,,,,2.0,RedBuff,BrambleVest,,,,,,,,,,,,,,,,,,4.0,TrainerSnax,None,None,,,,,,,,,,,,,2.0,,,,,,,,,,,,,,,,,,,,1.0,PowerGauntlet,,
2,EUW1_5971095484,TFT6_Augment_CyberneticShell1,TFT6_Augment_CelestialBlessing3,TFT6_Augment_CyberneticUplink1,,,,0.0,,,1.0,1.0,,0.0,,2.0,0.0,,,,,,,1.0,,,1.0,0.0,2.0,,,,,,,,,,,,2.0,SpearOfShojin,SpearOfShojin,DragonmancerEmblemItem,2.0,StatikkShiv,Chalice,Chalice,,,,,,,,,,,,,,,,,,,,,,,,,,,,,,,,,,,,,,,,,,,,,2.0,Zephyr,,,,,,,,,,,,,,,,,,,2.0,,,,,,,,,,,,,,,,,,,,,,,,,,,,2.0,GargoyleStoneplate,,,,,,,,,,,,,,,2.0,Shroud,,,,,,,,,,,,,,,,,,,,,,,,,,,,,,,,,,,,,,,,,,,1.0,ZekesHerald,,,,,,,,,,,,,,,,,,,2.0,RedBuff,,,,,,,,,None,None,,,,,,,,,,,,,,,,,,,,,,,,,,,,,,,,,,,,
4,EUW1_5971095484,TFT7_Augment_BandOfThieves1,TFT7_Augment_ScalescornEmblem2,TFT7_Augment_AssassinTrait,2.0,,,2.0,,0.0,,,,,1.0,,0.0,0.0,,,0.0,,2.0,,,,,,1.0,,1.0,0.0,,,,,,,,,,,,,,,,,,,,,,,,,,,,,,,,,2.0,ThiefsGloves,Quicksilver,RabadonsDeathcap,,,,,,,,,,,,,,,,,,,,,,,,,,,,,,,,,,,,,,,,,,,,,,,,,,,,,,,,,,,,,1.0,,,,,,,,,,,,,,,,,,,,,,,,2.0,InfinityEdge,UnstableConcoction,Quicksilver,2.0,ThiefsGloves,FrozenHeart,GuardianAngel,,,,,2.0,JeweledGauntlet,Zephyr,,,,,,,,,,,,,,,,,,2.0,,,,,,,,,,,,,,,,,,,,,,,,2.0,LocketOfTheIronSolari,BFSword,,,,,,2.0,MadredsBloodrazor,InfinityEdge,ScalescornEmblemItem,,,,,,,,,,,None,None,,,,,,,,,,,,,,,,,,,,,,,,,,,,,,,,,,,,
6,EUW1_5971095484,TFT6_Augment_ThrillOfTheHunt1,TFT6_Augment_Diversify3,TFT7_Augment_RevelTrait,,,1.0,,1.0,,1.0,,1.0,1.0,1.0,,,,,2.0,,2.0,,,1.0,,,,,1.0,,0.0,,,,,,,,,,,,,,,,,,,,,1.0,,,,,,,,2.0,RunaansHurricane,UnstableConcoction,ShimmerscaleGamblersBlade,,,,,,,,,1.0,RedBuff,BrambleVest,Shroud,,,,,,,,,,,,,,,,,,,,,,,,,,,,,,,,,,,,,,,,,,,,,,,,,,,,,,,,,2.0,,,,,,,,,,,,,,,,,,,,,,,,,,,,,,,,,,,,,,,,,,,,,,,,,,,,,,,,,,,,,,,,2.0,StatikkShiv,,,,,,,,,,,,,,,,,,,,,,,,,,,2.0,MysticEmblemItem,GiantsBelt,,2.0,TrainerSnax,None,None,2.0,,,,,,,,,,,,,,,,,,,,,,,,,,,,,,,,,,,
7,EUW1_5971095484,TFT7_Augment_CannoneerTrait,TFT6_Augment_MaxLevel10,TFT7_Augment_GuardianTrait,,,,,3.0,,1.0,,1.0,1.0,,0.0,,,,0.0,,2.0,,,1.0,,1.0,,,1.0,,,,,,,,,,,,,,,,,,,,,,,,,,,,,,,2.0,ShimmerscaleGamblersBlade,InfinityEdge,,,,,,,,,,2.0,GargoyleStoneplate,RedBuff,,,,,,,,,,,,,,,,,,,,,,,,,,,,,,,,,,2.0,,,,,,,,,,,,,,,,,,,,,,,,2.0,,,,,,,,,,,,,,,,,,,,,,,,,,,,,,,,,,,,,,,,,,,,,,,,,,,,,,,,,,,,,,,,1.0,JeweledGauntlet,,,1.0,RabadonsDeathcap,,,,,,,,,,,,,,,,,,,,,,,,,,,2.0,TrainerSnax,None,None,1.0,SeraphsEmbrace,LastWhisper,,,,,,,,,,,,,,,,,,,,,,,,,,,,,,,,,
5,EUW1_5971095484,TFT7_Augment_BandOfThieves1,TFT6_Augment_HighEndShopping,TFT6_Augment_SecondWind1,1.0,,1.0,1.0,,0.0,,,,,3.0,,0.0,,,0.0,1.0,,,,,,,1.0,1.0,,0.0,,,,,,,,,,,,,,,,,,,,,,2.0,SpearOfShojin,,,,,,,,,,,,,,,,,,,,,,,,,,,,,,,,,,,,,,,,,,,2.0,ThiefsGloves,TitansResolve,MadredsBloodrazor,,,,,,,,,,,,,,,,,,,,,,,,,,,,,,,,,,,,,,,,,,,,,,,,,,,,,,,,,2.0,ThiefsGloves,ZekesHerald,Deathblade,,,,,1.0,,,,,,,,,,,,,,,,,,,,1.0,,,,,,,,,,,,,,,,,,,,,,,,,,,,,,,,2.0,RunaansHurricane,BFSword,FrozenHeart,,,,,,,,,,,None,None,,,,,2.0,ZekesHerald,,,,,,,,,,,,,,,2.0,GuinsoosRageblade,MadredsBloodrazor,Quicksilver,,,,,,,,,,,,
6,EUW1_5970912144,TFT6_Augment_Ascension,TFT6_Augment_ItemGrabBag1,TFT6_Augment_CyberneticImplants2,,0.0,,2.0,,,1.0,,,,1.0,,0.0,1.0,,0.0,0.0,,,,0.0,1.0,,0.0,0.0,,0.0,2.0,,,,,,,,,,,,,,,,,,,,,,,,,,,,,,,,,,,,,,,,,,,,,,,,,2.0,Bloodthirster,InfinityEdge,RunaansHurricane,,,,,,,,,,,,,,,,,,,,,,,,,,,,,,,,,,,,,,,,,,,,,,,,,,,,,1.0,,,,,,,,,,,,,,,,,,,,2.0,GiantsBelt,,,,,,,,,,,,,,,,,,,,,,,,,,,1.0,ChainVest,,,,,,,,,,,,,,,,,,,,,,,2.0,Redemption,RedBuff,BrambleVest,,,,,,,,,,,,,,,,,,,None,None,,,,,1.0,,,,,,,,,,,,,,,,,,,,,,,,,,,,2.0,GuardianAngel,Shroud,SparringGloves
1,EUW1_5970912144,TFT7_Augment_BruiserPersonalTraining,TFT6_Augment_FirstAidKit,TFT7_Augment_MikaelsGift,1.0,,,2.0,,,1.0,,,0.0,,,0.0,0.0,,,0.0,,,,,,,,1.0,,0.0,3.0,,,,,,,,,,,,,,,,,,,,,,,,,,,,,,,,,,,,,,,,,,,,,,,,,2.0,Bloodthirster,GuinsoosRageblade,MadredsBloodrazor,,,,,,,,,,,,,,,,,,,,,,,,,,,,,,,,,,,,,,,,,,,,,,,,,,,,,,,,,,,,,,,,,,,,,,,,,2.0,RedBuff,NegatronCloak,,2.0,GuinsoosRageblade,FrozenHeart,MageEmblemItem,2.0,,,,,,,,,,,,,,,,,,,,2.0,LocketOfTheIronSolari,LocketOfTheIronSolari,ZekesHerald,,,,,,,,,,,,,,,,,,,,,2.0,,,,,,,,,,,,,,,,1.0,,,,,,None,None,,,,,,,,,,,,,,,,,,,,,,,,,,,,,,,,,,,,
3,EUW1_5970912144,TFT7_Augment_CannoneerHotShot,TFT6_Augment_Distancing,TFT6_Augment_Diversify2,,,,,1.0,,1.0,0.0,1.0,1.0,,,,,0.0,0.0,,1.0,,,1.0,,,,,1.0,0.0,0.0,,,,,,,,,,,,,,,,,,,,,,,,,,,,,2.0,GuinsoosRageblade,MadredsBloodrazor,Deathblade,,,,,,,,,2.0,RedBuff,GargoyleStoneplate,DragonsClaw,,,,,,,,,,,,,,,,,,,,,,,,,,,,,,,,,,,,,,,,,,,,,,,,,,,,,,,,,2.0,,,,,,,,,,,,,,,,,,,,,,,,,,,,,,,,,,,,,,,,,,,,,,,,,,,,,,,,,,,,,,,,2.0,ShimmerscaleGamblersBlade,SpearOfShojin,,,,,,,,,,,,,,,,,,,,,,,,,,2.0,,,,3.0,TrainerSnax,None,None,2.0,,,,,,,,,,,,,,,,,,,,,,,,2.0,GuardianAngel,RedBuff,,,,,,,,,
8,EUW1_5970912144,TFT6_Augment_LudensEcho2,TFT6_Augment_PandorasItems,TFT7_Augment_DragonAlliance,,,,0.0,,,2.0,,,0.0,,1.0,0.0,,,0.0,,,,,1.0,,1.0,,2.0,,,,,,,,,,,,1.0,ShimmerscaleGamblersBlade,RabadonsDeathcap,,,,,,,,,,,,,,,,,,,,,,,,,,,,,,2.0,GargoyleStoneplate,WarmogsArmor,BrambleVest,2.0,UnstableConcoction,MadredsBloodrazor,TitansResolve,,,,,,,,,,,,,,,,,,,,,,,,,,,,,,,,,,,,,,,,,,,,,,,,,,,,,,,,,,,,,,,,,,,,,,,,,,,,,1.0,,,,,,,,,,,,,,,,,,,,,,,,,,,,,,,,,,,,,,,,,,,,1.0,,,,,,,,,,,,,,,,,,,,,,,,,,,,,,None,None,,,,,,,,,,,,,,,,,,,,,,,,,,,,,,,,,,,,
4,EUW1_5970912144,TFT6_Augment_Ascension,TFT6_Augment_PandorasItems,TFT6_Augment_Diversify2,,,,0.0,,,,2.0,,,,1.0,,,0.0,,1.0,,,1.0,,,,0.0,0.0,,1.0,,,,,,,,,,,,,,2.0,,,,,,,,,,,,,,,,,,,,,,,,,,,,,,,,,,,,,,,,,,,,,,,,,,,,,,,,,,,,,,,,,,,,2.0,,,,,,,,2.0,,,,,,,,,,,,,,,,,,,,2.0,BrambleVest,FrozenHeart,GargoyleStoneplate,,,,,,,,,,,,,,,,,,,,,,,,,,,,,,,,,,,,,2.0,TitanicHydra,GiantsBelt,,2.0,Redemption,,,,,,,,,,,,,,,,,,,2.0,Quicksilver,ArchangelsStaff,GuinsoosRageblade,,,,,,,,,,,,,,,,,,,,,,,None,None,,,,,,,,,,,,,,,,,,,,,,,,,1.0,ThiefsGloves,DragonsClaw,HextechGunblade,,,,,,,,
5,EUW1_5970912144,TFT6_Augment_ThreesCompany,TFT6_Augment_Recombobulator,TFT6_Augment_PortableForge,1.0,,,1.0,,1.0,,,,,3.0,0.0,0.0,,,,1.0,,,,,,1.0,1.0,1.0,,0.0,,,,,,,,,,,,,,,,,,,,,,,,,,,,,,,,,,,,,,,,,,,,,,,,,,,,,,,,,,,,,,,,,,2.0,,,,,,,,,,,,,,,,,,,,,,,,,,,,,,,,,,,,,,,,,,,,,,,,,,,,,,,,,,,,2.0,GargoyleStoneplate,BrambleVest,RedBuff,,,,,2.0,,,,,,,,1.0,,,,,,,,,,,,2.0,,,,,,,,,,,,,,,,1.0,,,,,,,,,,,,,,,,2.0,OrnnObsidianCleaver,GuardianAngel,GuinsoosRageblade,,,,,,,,,,,None,None,,,,,1.0,Redemption,,,,,,,,,,,,,,,2.0,InfinityEdge,GuinsoosRageblade,Quicksilver,,,,,,,,,,,,
7,EUW1_5970912144,TFT6_Augment_TargetDummies,TFT6_Augment_PandorasItems,TFT6_Augment_ThrillOfTheHunt2,,,1.0,,1.0,,1.0,,1.0,1.0,1.0,,,,,1.0,,1.0,,,1.0,,,,,1.0,,0.0,,,,,,,,,,,,,,,,,,,,,1.0,,,,,,,,2.0,UnstableConcoction,MadredsBloodrazor,GuinsoosRageblade,,,,,,,,,2.0,RedBuff,WarmogsArmor,BrambleVest,,,,,,,,,,,,,,,,,,,,,,,,,,,,,,,,,,,,,,,,,,,,,,,,,,,,,,,,,2.0,,,,,,,,,,,,,,,,,,,,,,,,,,,,,,,,,,,,,,,,,,,,,,,,,,,,,,,,,,,,,,,,2.0,TitansResolve,,,,,,,,,,,,,,,,,,,,,,,,,,,2.0,,,,3.0,TrainerSnax,None,None,2.0,ShimmerscaleGamblersBlade,UnstableConcoction,,,,,,,,,,,,,,,,,,,,,,,,,,,,,,,,,
2,EUW1_5970912144,TFT7_Augment_GuildEmblem,TFT7_Augment_GuildTrait,TFT6_Augment_ThrillOfTheHunt2,1.0,,,1.0,,1.0,1.0,,,,5.0,,,,,,1.0,,,,,,,1.0,,,0.0,1.0,,,,,,,,,,,,,,,,,,,,,,,,,,,,,,,,,,,,,,,,,,,,,,,,,2.0,GuildEmblemItem,AssassinEmblemItem,WarmogsArmor,,,,,,,,,,,,,2.0,,,,,,,,,,,,,,,,,,,,,,,,,,,,,,,,,,,,,,,,,,,,,,,,,,,,,,,,,,,,,,,,,,,,,,,,,,,,2.0,,,,,,,,,,,,2.0,DragonsClaw,BrambleVest,,,,,,,,,,,,,,,,,,,,,,,,,,,,,,2.0,GuardianAngel,FrozenHeart,UnstableConcoction,,,,,,,,,,,None,None,,,,,2.0,,,,,,,,,,,,,,,,2.0,GuinsoosRageblade,Quicksilver,MadredsBloodrazor,,,,,,,,,,,,
1,EUW1_5973164942,TFT7_Augment_CannoneerTrait,TFT6_Augment_RichGetRicherPlus,TFT7_Augment_UrfsGrabBag1,,,1.0,,4.0,,1.0,,1.0,1.0,1.0,,,0.0,,1.0,,2.0,,,1.0,1.0,,,,1.0,,,,,,,,,,,,,,,,,,,,,,,2.0,NeedlesslyLargeRod,,,,,,,2.0,ShimmerscaleGamblersBlade,GuinsoosRageblade,Deathblade,,,,,,,,,2.0,RedBuff,GargoyleStoneplate,RabadonsDeathcap,,,,,,,,,,,,,,,,,,,,,,,,,,,,,,,,,2.0,,,,,,,,,,,,,,,,,,,,,,,,2.0,GuardianEmblemItem,,,,,,,,,,,,,,,,,,,,,,,,,,,,,,,,,,,,,,,,,,,,,,,,,,,,,,,,,,,,,,,2.0,ArchangelsStaff,CannoneerEmblemItem,,,,,,,,,,,,,,,,,,,,,,,,,,,,,,4.0,TrainerSnax,None,None,2.0,ZekesHerald,LastWhisper,,,,,,,,,,,,,,,,,,,,,,,,,,,,,,2.0,Shroud,,
4,EUW1_5973164942,TFT7_Augment_AFK,TFT6_Augment_PortableForge,TFT7_Augment_BigFriend2,2.0,,,1.0,,,1.0,,,,1.0,0.0,0.0,,,,,,,1.0,,,,,1.0,,,2.0,,,,,,,,,,,,,,,,,,,,,,,,,,,,,,,,,,,,,,,,,,,,,,,,,2.0,AssassinEmblemItem,Bloodthirster,GuinsoosRageblade,3.0,ArchangelsStaff,OrnnZhonyasParadox,GuinsoosRageblade,,,,,,,,,,,,,,,,,,,,,,,,,,,,,,,,,,,,,,,,,,,,,,,,,,,,,2.0,TitanicHydra,,,,,,,,,,,,,,,2.0,RedBuff,GargoyleStoneplate,,1.0,FrozenHeart,,,2.0,,,,,,,,,,,,,,,,,,,,,,,,,,,,,,,,,,,,,,,,,,,,,,,,,,,,2.0,LastWhisper,,,,,,,,,,,,,None,None,,,,,,,,,,,,,,,,,,,,,,,,,,,,,,,,,,,,
3,EUW1_5973164942,TFT6_Augment_PandorasItems,TFT6_Augment_Diversify2,TFT6_Augment_Ascension,1.0,,,1.0,,1.0,,,,,3.0,,0.0,,,,1.0,,,,,,,1.0,1.0,,0.0,,,,,,,,,,,,,,,,,,,,,,,,,,,,,,,,,,,,,,,,,,,,,,,,,,,,,,,,,,,,,,,,,,2.0,SeraphsEmbrace,GargoyleStoneplate,BrambleVest,,,,,,,,,,,,,,,,,,,,,,,,,,,,,,,,,,,,,,,,,,,,,,,,,,,,,,,,,2.0,ChainVest,Redemption,,,,,,2.0,,,,,,,,1.0,,,,,,,,,,,,2.0,,,,,,,,,,,,,,,,,,,,,,,,,,,,,,,,2.0,Bloodthirster,InfinityEdge,GuardianAngel,,,,,,,,,,,None,None,,,,,2.0,,,,,,,,,,,,,,,,2.0,MadredsBloodrazor,GuinsoosRageblade,Quicksilver,,,,,,,,,,,,
8,EUW1_5973164942,TFT6_Augment_ThrillOfTheHunt1,TFT6_Augment_Diversify2,TFT6_Augment_PortableForge,,,,1.0,1.0,1.0,,,,,1.0,0.0,0.0,,1.0,,0.0,1.0,,,,,1.0,,0.0,,0.0,,,,,,,,,,,,,,,,,,,,,,,,,,,,,,2.0,MadredsBloodrazor,GuinsoosRageblade,Quicksilver,,,,,,,,,,,,,,,,,,,,,,,,,,,,,,,,,,,,,,,,,,,,,,,,,,,,,,,,,,,,,,,,,,,,,,,,,,,,,,,,,,,,,2.0,SpearOfShojin,,,,,,,2.0,OrnnRocketPropelledFist,Morellonomicon,Redemption,,,,,,,,,,,,,2.0,,,,1.0,,,,,,,,,,,,,,,,,,,,,,,,1.0,,,,,,,,,,,,2.0,,,,,,,,,,,,,,,,,,None,None,,,,,,,,,,,,,,,,,,,,,,,,,,,,,2.0,MadredsBloodrazor,,,,,,
5,EUW1_5973164942,TFT7_Augment_BruiserTrait,TFT7_Augment_GadgetExpert,TFT6_Augment_PortableForge,,,1.0,0.0,1.0,,1.0,,1.0,0.0,1.0,0.0,,,,1.0,,1.0,,,1.0,,1.0,,,1.0,,,,,,,,,,,,,,,,,,,,,,,1.0,PowerGauntlet,,,,,,,2.0,StatikkShiv,StatikkShiv,GuinsoosRageblade,,,,,,,,,2.0,GargoyleStoneplate,RedBuff,OrnnAnimaVisage,,,,,,,,,,,,,,,,,,,,,,,,,,,,,,,,,,,,,,,,,,,,,,,,,,,,,,,,,2.0,ThiefsGloves,Shroud,JeweledGauntlet,,,,,,,,,,,,,,,,,,,,,,,,,,,,,,,,,,,,,,,,,,,,,,,,,,,,,,,,,,,,,2.0,ArchangelsStaff,JeweledGauntlet,,1.0,,,,,,,,,,,,,,,,,,,,,,,,,,,,3.0,TrainerSnax,None,None,2.0,Zephyr,ShimmerscaleGamblersBlade,,,,,,,,,,,,,,,,,,,,,,,,,,,,,,,,,
6,EUW1_5973164942,TFT7_Augment_AFK,TFT7_Augment_ClutteredMind,TFT6_Augment_TargetDummies,,,,,1.0,2.0,1.0,,0.0,,1.0,,,,2.0,,0.0,3.0,,,,,,,,,,,,,,,,,,,,,,,,,,,,,,,,,,,,,,,2.0,UnstableConcoction,ArchangelsStaff,HextechGunblade,,,,,2.0,GuinsoosRageblade,RevelEmblemItem,Quicksilver,,,,,,,,,,,,,,,,,,,,,,,,,1.0,Redemption,,,,,,,,,,,2.0,,,,,,,,,,,,,,,,,,,,,,,,,,,,,,,,,,,,,,,,2.0,Redemption,,,,,,,,,,,,,,,,,,,,,,,2.0,ThiefsGloves,ChainVest,LocketOfTheIronSolari,,,,,,,,,,,,,,,,,,,,,2.0,,,,,,,,,,,,,,,,,,,,,,,,,,,,,,,,,,None,None,,,,,,,,,,,,,,,,,,,,,,,,,,,,,,,,,,,,
2,EUW1_5973164942,TFT7_Augment_AFK,TFT6_Augment_SecondWind2,TFT6_Augment_ThrillOfTheHunt2,,1.0,,2.0,,,,,,,1.0,0.0,0.0,,,,0.0,,,,,,1.0,2.0,1.0,,0.0,,,,,,,,,,,,,,,,,,,,,,,,,,,,,,,,,,,,,,,,,,,,,,,,,,,,,,,,,,2.0,,,,,,,,,,,,,,,,3.0,BrambleVest,LocketOfTheIronSolari,GargoyleStoneplate,,,,,,,,,,,,,,,,,,,,,,,,,,,,,,,,,,,,,,,,,,,,,,,,,2.0,FrozenHeart,,,,,,,,,,,,,,,,,,,,,,,,,,,2.0,FrozenHeart,,,,,,,2.0,Zephyr,,,,,,,2.0,,,,,,,,,,,,,,,,,,,,,,,,,,,,,,None,None,,,,,2.0,,,,3.0,Deathblade,GuinsoosRageblade,RunaansHurricane,,,,,,,,,2.0,LastWhisper,HextechGunblade,,,,,,,,,,,,,
7,EUW1_5973164942,TFT7_Augment_MysticTrait,TFT7_Augment_LastStand,TFT6_Augment_SecondWind2,,1.0,,1.0,,,,,0.0,,1.0,,,3.0,,2.0,,,,,0.0,1.0,,,,1.0,,0.0,,,,,,,,,,,,,,,,,,,,,,,,,,,,,,,,,,,,,,,,,,,,,,,,,,,,,,,,,,,,,,,,,,,,,1.0,,,,2.0,MageEmblemItem,,,,,,,,,,,,,,,,,,,,,,,,,,,1.0,,,,3.0,StatikkShiv,ArchangelsStaff,,,,,,,,,,,,,,,,,,,,,,,,,,,,,,2.0,JeweledGauntlet,InfinityEdge,SpearOfShojin,,,,,,,,,,,,,,,,,,,,,,,,,,,,,,,,,,,,,2.0,RedBuff,,,,,,,,,,,,,,,,,,,1.0,TrainerSnax,None,None,,,,,,,,,,,,,2.0,,,,,,,,,,,,,,,,,,,,1.0,GuinsoosRageblade,NeedlesslyLargeRod,
2,EUW1_5972698782,TFT6_Augment_ClearMind,TFT6_Augment_SecondWind1,TFT7_Augment_GuardianEmblem,,,1.0,,1.0,,1.0,0.0,1.0,1.0,1.0,0.0,,,0.0,1.0,,1.0,,,1.0,,1.0,,,1.0,0.0,,,,,,,,,,,,,,,,,,,,,,2.0,,,,,,,,2.0,MadredsBloodrazor,GuinsoosRageblade,InfinityEdge,,,,,,,,,2.0,ShimmerscaleMogulsMail,GargoyleStoneplate,,,,,,,,,,,,,,,,,,,,,,,,,,,,,,,,,,,,,,,,,,,,,,,,,,,,,,,,,,2.0,GuardianEmblemItem,ChainVest,,,,,,,,,,,,,,,,,,,,,,,,,,,,,,,,,,,,,,,,,,,,,,,,,,,,,,,,,,,,,,2.0,Morellonomicon,SpearOfShojin,StatikkShiv,2.0,SpearOfShojin,,,,,,,,,,,,,,,,,,,,,,,,,,,4.0,TrainerSnax,None,None,2.0,,,,,,,,,,,,,,,,,,,,,,,,2.0,JeweledGauntlet,TitansResolve,,,,,,,,,
1,EUW1_5972698782,TFT6_Augment_MetabolicAccelerator,TFT6_Augment_ThrillOfTheHunt1,TFT7_Augment_AssassinCutthroat,3.0,,,1.0,,,,0.0,,,1.0,,0.0,,0.0,,0.0,,1.0,,0.0,,,,1.0,,1.0,0.0,,,,,,,,,,,,,,,,,,,,,,,,,,,,,,,,,2.0,FrozenHeart,,,,,,,,,,,,,,,,,,,,,,,,,,,,,,,,,,,,,,,,,,,,,,,,,,,2.0,,,,,,,,,,,,,,,,,,,,,,,,,,,,,,,,,,,,3.0,AssassinEmblemItem,MadredsBloodrazor,InfinityEdge,2.0,TitanicHydra,GargoyleStoneplate,Redemption,2.0,FrozenHeart,SpearOfShojin,,2.0,LocketOfTheIronSolari,,,,,,,,,,,,,,,,,,,2.0,,,,,,,,,,,,,,,,,,,,,,,,,,,,,,,,2.0,ThiefsGloves,IonicSpark,StatikkShiv,,,,,,,,,,,None,None,,,,,,,,,,,,,,,,,,,,,,,,,1.0,,,,,,,,,,,
4,EUW1_5972698782,TFT6_Augment_CyberneticImplants2,TFT6_Augment_CyberneticShell1,TFT6_Augment_SecondWind2,0.0,0.0,1.0,2.0,,,1.0,,,1.0,1.0,,0.0,0.0,,0.0,,,,,,,,,0.0,,,3.0,,,,,,,,,,,,,,,,,,,,,1.0,SpearOfShojin,,,,,,,,,,,,,,,,,,,,,,,,,,,2.0,Bloodthirster,MadredsBloodrazor,Quicksilver,,,,,,,,,,,,,,,,,,,,,1.0,GuardianEmblemItem,,,,,,,,,,,,,,,,,,,,,,,,,,,,,,,,,,,,,,,,,,,,,,,,,,,2.0,RedBuff,GargoyleStoneplate,,1.0,ThiefsGloves,LocketOfTheIronSolari,TitanicHydra,,,,,,,,,,,,,,,,,,,,,,,,,,,,,,,,,,,,,,,,,,,,,2.0,Zephyr,,,,,,,,,,,,,,,1.0,GiantsBelt,,,,,None,None,,,,,,,,,,,,,,,,,,,,,,,,,,,,,,,,,,,,
5,EUW1_5972698782,TFT6_Augment_SecondWind2,TFT6_Augment_Diversify1,TFT6_Augment_PortableForge,,,,1.0,1.0,,,,1.0,,,,,1.0,,0.0,0.0,1.0,,,0.0,1.0,,,,2.0,0.0,0.0,,,,,,,,,,,,,,,,,,,,,,,,,,,,,2.0,MadredsBloodrazor,OrnnObsidianCleaver,InfinityEdge,,,,,,,,,,,,,,,,,,,,,,,,,,,,,,,,,,,,,2.0,,,,,,,,,,,,,,,,,,,,,,,,,,,,,,,,1.0,,,,,,,,,,,,,,,,,,,,,,,,,,,,,,,,,,,,,,,,,,,,,,,,,,,,1.0,Redemption,,,,,,,,,,,2.0,,,,,,,,,,,,2.0,IonicSpark,WarmogsArmor,GargoyleStoneplate,,,,,,,,,,,,,,,,,2.0,TrainerSnax,None,None,1.0,,,,,,,,,,,,,,,,,,,,,,,,,,,,,,,,2.0,Bloodthirster,ZekesHerald,
3,EUW1_5972698782,TFT6_Augment_Ascension,TFT6_Augment_ThrillOfTheHunt1,TFT7_Augment_GuildEmblem,1.0,,1.0,1.0,,1.0,,,,,5.0,,0.0,,,0.0,1.0,,,,,,,1.0,1.0,,0.0,,,,,,,,,,,,,,,,,,,,,,2.0,GuardianAngel,,,,,,,,,,,,,,,,,,,,,,,,,,,,,,,,,,,,,,,,,,,2.0,DragonsClaw,,,,,,,,,,,,,,,,,,,,,,,,,,,,,,,,,,,,,,,,,,,,,,,,,,,,,,,,,,,2.0,ThiefsGloves,Chalice,RabadonsDeathcap,,,,,1.0,,,,,,,,2.0,,,,,,,,,,,,1.0,,,,,,,,,,,,,,,,,,,,,,,,,,,,,,,,2.0,RedBuff,TitansResolve,GuinsoosRageblade,,,,,,,,,,,None,None,,,,,2.0,PowerGauntlet,StatikkShiv,,,,,,,,,,,,,,2.0,MadredsBloodrazor,GuinsoosRageblade,GuildEmblemItem,,,,,,,,,,,,
7,EUW1_5972698782,TFT7_Augment_MageConference,TFT6_Augment_PandorasItems,TFT6_Augment_CyberneticUplink2,,0.0,,1.0,,0.0,,,0.0,,1.0,,,2.0,,1.0,,,0.0,,,,,,,1.0,,0.0,,,,,,,,,,,,,,,,,,,,,,,,,,,,,,,,,,,,,,,,,,,,,,,,,,,,,,,,,,,,,,,,,,,,,3.0,,,,2.0,,,,,,,,,,,,,,,,,,,,,,,,3.0,Zephyr,,,1.0,,,,3.0,SpearOfShojin,,,,,,,,,,,,,,,,,,,,,,,,,,,,,,,2.0,MadredsBloodrazor,SpearOfShojin,,,,,,,,,,,,,,,,,,,,,,,,,,,,,,,,,,,,,,3.0,RedBuff,GargoyleStoneplate,WarmogsArmor,,,,,,,,,,,,,,,,,2.0,TrainerSnax,None,None,,,,,,,,,,,,,,,,,,,,,,,,,,,,,,,,,,,,
8,EUW1_5972698782,TFT6_Augment_CelestialBlessing2,TFT7_Augment_BestFriends1,TFT7_Augment_CannoneerHotShot,,,,,1.0,,,,1.0,,,1.0,,,,0.0,,1.0,,1.0,,,1.0,,,1.0,,,,,,,,,,,,,,,,,,,,,,,,,,,,,,,1.0,InfinityEdge,GuinsoosRageblade,Quicksilver,,,,,,,,,,,,,,,,,,,,,,,,,,,,,2.0,SparringGloves,,,,,,,,,,,,,,,,,,,,,,,,,,,,,,,,,,,,,,,2.0,,,,,,,,2.0,Redemption,GargoyleStoneplate,,,,,,,,,,,,,,,,,,,,,,,,,,,,,,,,,,,,,,,,,,,,,,,,,,,,,,2.0,Morellonomicon,SpearOfShojin,,1.0,,,,,,,,,,,,,,,,,,,,,,,,,,,,2.0,TrainerSnax,None,None,2.0,,,,,,,,,,,,,,,,,,,,,,,,,,,,,,,,,,,
6,EUW1_5972698782,TFT7_Augment_CannoneerHotShot,TFT6_Augment_ThrillOfTheHunt1,TFT7_Augment_UrfsGrabBag1,,,,,3.0,,1.0,,1.0,1.0,,,,,,0.0,0.0,2.0,,,1.0,,,,,1.0,,0.0,,,,,,,,,,,,,,,,,,,,,,,,,,,,,1.0,GuinsoosRageblade,MadredsBloodrazor,,,,,,,,,,2.0,ShimmerscaleMogulsMail,FrozenHeart,GargoyleStoneplate,,,,,,,,,,,,,,,,,,,,,,,,,,,,,,,,,2.0,,,,,,,,,,,,,,,,,,,,,,,,2.0,,,,,,,,,,,,,,,,,,,,,,,,,,,,,,,,,,,,,,,,,,,,2.0,MadredsBloodrazor,JeweledGauntlet,GuinsoosRageblade,,,,,,,,,,,,,,,,,1.0,,,,,,,,,,,,,,,,,,,,,,,,,,,,2.0,ForceOfNature,,,3.0,TrainerSnax,None,None,2.0,,,,,,,,,,,,,,,,,,,,,,,,,,,,,,,,,,,
1,EUW1_5972730889,TFT7_Augment_ClutteredMind,TFT6_Augment_TinyTitans,TFT6_Augment_Ascension,,0.0,1.0,0.0,,2.0,1.0,0.0,0.0,,1.0,,,0.0,3.0,2.0,0.0,,,,,,,,,0.0,1.0,,,,,,,,,,,,,,,,,,,,,,1.0,,,,,,,,,,,,,,,,2.0,Quicksilver,GuinsoosRageblade,ArchangelsStaff,,,,,,,,,,,,,,,,,,,,,,,,,2.0,BruiserEmblemItem,,,,,,,,,,,,,,,,,,,,,,,,,,,,,,,,,,,2.0,,,,2.0,,,,,,,,,,,,3.0,RedBuff,IonicSpark,ArchangelsStaff,,,,,,,,,,,,,,,,,,,,,,,,,,,,,,,,,,,,,,,,,,,,,,,,,,,,,,,,,,,,,,,,,,,,,,,,,,,,,,,None,None,,,,,,,,,,,,,,,,,,,,,,,,,2.0,SeraphsEmbrace,CavalierEmblemItem,Quicksilver,2.0,,,,,,,
6,EUW1_5972730889,TFT6_Augment_RichGetRicher,TFT6_Augment_Weakspot,TFT6_Augment_CyberneticImplants2,,,,2.0,,,1.0,0.0,,0.0,,,0.0,0.0,0.0,,0.0,,,0.0,,,,,0.0,,1.0,3.0,,,,,,,,,,,,,,,,,,,,,,,,,,,,,,,,,,,,,,,,,,,,,,,,,2.0,Bloodthirster,Quicksilver,GuinsoosRageblade,2.0,RecurveBow,,,,,,,,,,,,,,,,,,,,,,,,,,,,,,,,,,,,,,,,,,,,,,,,,,,,,,,,,,,,,,,,,,,,,,,2.0,RedBuff,,,,,,,,,,,,,,,,,,,,,,,,,,,1.0,,,,,,,,,,,,,,,,,,,,,,,,2.0,LocketOfTheIronSolari,,,,,,,,,,,,,,,2.0,,,,,,None,None,,,,,,,,,,,,,,,,,,,,,,,,,1.0,Quicksilver,UnstableConcoction,,,,,,,,,
8,EUW1_5972730889,TFT7_Augment_CavalierEmblem,TFT6_Augment_Diversify1,TFT7_Augment_CavalierDevastatingCharge,,,,1.0,,1.0,1.0,0.0,,,2.0,,,,,,1.0,,,0.0,,,,1.0,,,0.0,1.0,,,,,,,,,,,,,,,,,,,,,,,,,,,,,,,,,,,,,,,,,,,,,,,,,1.0,CavalierEmblemItem,Bloodthirster,,,,,,,,,,,,,,,,,,,,,,,,,,,,,,,,,,,,,,,,,,,,,,,,,,,,,,,,,,,,,,,,,,,,,,,,,,,,,,,,,,,,,,,,,,1.0,GiantsBelt,,,,,,,,,,,2.0,,,,,,,,,,,,,,,,,,,,1.0,,,,,,,,,,,,,,,,,,,,,,,,,,None,None,,,,,2.0,,,,,,,,,,,,,,,,2.0,GuinsoosRageblade,,,,,,,,,,,,,,
5,EUW1_5972730889,TFT7_Augment_GadgetExpert,TFT7_Augment_BestFriends1,TFT6_Augment_Ascension,,,1.0,,,2.0,1.0,0.0,,,1.0,,,0.0,3.0,0.0,0.0,,0.0,,,,,,,,1.0,,,,,,,,,,,,,,,,,,,,,,1.0,SpearOfShojin,,,,,,,,,,,,,,,2.0,JeweledGauntlet,InfinityEdge,RabadonsDeathcap,,,,,,,,,,,,,,,,,,,,,,,,,2.0,Morellonomicon,,,,,,,,,,,,,,,,,,,,,,,,,,,,,,,1.0,,,,,,,,,,,,,,,,,,,,2.0,DragonsClaw,RedBuff,,,,,,,,,,,,,,,,,,,,,,,,,,,,,,,,,,,,,,,,,,,,,,,,,,,,,,,,,,,,,,,,,,,,,,,,,,,,,,,,None,None,,,,,,,,,,,,,,,,,,,,,,,,,2.0,SeraphsEmbrace,StatikkShiv,GuardianAngel,2.0,,,,,,,
3,EUW1_5972730889,TFT7_Augment_GadgetExpert,TFT7_Augment_JadeEmblem,TFT6_Augment_ComponentGrabBag,,,1.0,,,,1.0,1.0,1.0,,1.0,2.0,,,0.0,2.0,0.0,0.0,,1.0,,,,0.0,,0.0,0.0,,,,,,,,,,,,,,2.0,ZekesHerald,StatikkShiv,StatikkShiv,,,,,1.0,JadeEmblemItem,,,,,,,,,,,,,,,,,,,,,,,2.0,BrambleVest,UnstableConcoction,,,,,,,,,,,,,,,,,,,,,,,,,,,,,,,,,,,,,,,,,,,,,,,,,,,,,,2.0,GiantsBelt,,,,,,,2.0,DragonsClaw,GargoyleStoneplate,Morellonomicon,,,,,,,,,,,,,,,,,,,,,,,,,,,,,,,,,,,,,,,,,,,,,,,,,,,,,2.0,Chalice,,,,,,,2.0,StatikkShiv,StatikkShiv,RapidFireCannon,,,,,,,,,,,,,,,,,,,,,,,None,None,,,,,,,,,,,,,,,,,,,,,,,,,2.0,GuardianAngel,,,,,,,,,,
4,EUW1_5972730889,TFT6_Augment_CyberneticImplants2,TFT6_Augment_CyberneticImplants1,TFT6_Augment_CyberneticShell2,,,,0.0,,0.0,1.0,0.0,,,,1.0,,,,,2.0,,,2.0,,,,0.0,,,0.0,,,,,,,,,,,,,,1.0,,,,,,,,,,,,,,,,,,,,,,,,,,,,,,,,,,,,,,,,,,,,,,,,2.0,SparringGloves,,,2.0,ZekesHerald,,,,,,,,,,,,,,,,,,,,,,,,,,,,,,,,,,,,,,,,,,,2.0,WarmogsArmor,DragonsClaw,IonicSpark,,,,,,,,,,,,,,,,,,,,,,,,,,,,,,,,,,,,,,,,,2.0,,,,1.0,UnstableConcoction,ArchangelsStaff,JeweledGauntlet,,,,,,,,,,,,,2.0,StatikkShiv,,,,,,,,,,,,,,,,,,,,,,,,,None,None,,,,,,,,,,,,,,,,,,,,,,,,,,,,,,,,,,,,
2,EUW1_5972730889,TFT6_Augment_TriForce2,TFT6_Augment_TinyTitans,TFT6_Augment_SecondWind2,,0.0,,1.0,,,1.0,,1.0,,,,,1.0,,1.0,,0.0,,,,,,,1.0,1.0,,0.0,,,,,,,,,1.0,SpearOfShojin,ArchangelsStaff,MadredsBloodrazor,,,,,,,,,,,,,,,,,,,,,,,,,,,,,,,,,,,,,,,,,,,,,,,,,,,,,,,,,2.0,,,,3.0,BFSword,TitanicHydra,,,,,,,,,,,,,,,,,,,,,,,,,,2.0,,,,3.0,JeweledGauntlet,SpearOfShojin,RabadonsDeathcap,,,,,,,,,,,,,,,,,,,,,,,,,,,,,,,,,,,,,,,,,,,,,,,,,,,,,,,,,2.0,Morellonomicon,,,,,,,,,,,2.0,RedBuff,GargoyleStoneplate,TitansResolve,,,,,,,,,,,,,,,,,4.0,TrainerSnax,None,None,,,,,,,,,,,,,,,,,,,,,,,,,,,,,,,,,,,,
7,EUW1_5972730889,TFT7_Augment_BruiserTitanicStrength,TFT7_Augment_BruiserTrait,TFT7_Augment_BestFriends2,,0.0,,4.0,,,1.0,,,,,,0.0,0.0,,,0.0,,0.0,,,,,,0.0,,1.0,2.0,,,,,,,,,,,,,,,,,,,,,,,,,,,,,,,,,,,,,,,,,,,,,,,,,1.0,Quicksilver,,,,,,,,,,,,,,,,,,,,,,,1.0,,,,,,,,,,,,,,,,,,,,,,,,,,,,,,,,,,,,,,,,,,,,,,,,2.0,GuinsoosRageblade,Quicksilver,Bloodthirster,2.0,,,,,,,,,,,,,,,,,,,,,,,,,,,,2.0,,,,,,,,2.0,RedBuff,,,,,,,,,,,,,,,2.0,RabadonsDeathcap,GargoyleStoneplate,,,,,,,,,,,,,,,,,,,,None,None,,,,,,,,,,,,,,,,,,,,,,,,,,,,,,,,,,,,
8,EUW1_5970914091,TFT7_Augment_ShimmerscaleTrait,TFT7_Augment_DragonAlliance,TFT6_Augment_Diversify2,0.0,,,1.0,,,2.0,,,0.0,1.0,1.0,0.0,,,0.0,,,,,1.0,,,,0.0,,,1.0,,,,,,,,,,,,,,,,,,,,,,,,,,,,,,,,,,,,,,,,,1.0,,,,1.0,Deathblade,UnstableConcoction,,1.0,GuinsoosRageblade,ShimmerscaleGamblersBlade,Bloodthirster,,,,,,,,,,,,,,,,,,,,,,,,,,,,,,,,,,,,,,,,,,,,,,,,,,,,,,,,,,,,,,,,,,,,,,,,,2.0,,,,,,,,,,,,,,,,,,,,,,,,,,,,,,,,,,,,,,,,,,,,,,,,,,,,,,,,,,,,2.0,,,,,,,,,,,,,,None,None,,,,,,,,,,,,,,,,,,,,,,,,,,,,,,,,,,,,
1,EUW1_5970914091,TFT6_Augment_TomeOfTraits1,TFT6_Augment_TriForce2,TFT6_Augment_Distancing2,3.0,,,1.0,,,,0.0,,,1.0,,0.0,,0.0,,0.0,,1.0,,0.0,,,,1.0,,1.0,0.0,,,,,,,,,,,,,,,,,,,,,,,,,,,,,,,,,3.0,InfinityEdge,Bloodthirster,FrozenHeart,,,,,,,,,,,,,,,,,,,,,,,,,,,,,,,,,,,,,,,,,,,,,,,,,3.0,ThiefsGloves,GiantsBelt,PowerGauntlet,,,,,,,,,,,,,,,,,,,,,,,,,,,,,,,,,2.0,AssassinEmblemItem,RunaansHurricane,InfinityEdge,2.0,,,,2.0,SpearOfShojin,GuardianAngel,,1.0,,,,,,,,,,,,,,,,,,,,,,,,,,,,,,,,,,,,,,,,,,,,,,,,,,,,2.0,NeedlesslyLargeRod,,,,,,,,,,,,,None,None,,,,,,,,,,,,,,,,,,,,,,,,,1.0,,,,,,,,,,,
6,EUW1_5970914091,TFT7_Augment_CannoneerEmblem,TFT7_Augment_RevelPartyFavors,TFT7_Augment_CannoneerRicochet,,,,,3.0,,1.0,,1.0,1.0,,,,,,0.0,,2.0,,,1.0,,,,,1.0,,0.0,,,,,,,,,,,,,,,,,,,,,,,,,,,,,2.0,ShimmerscaleGamblersBlade,GuinsoosRageblade,MadredsBloodrazor,,,,,,,,,2.0,GargoyleStoneplate,GargoyleStoneplate,WarmogsArmor,,,,,,,,,,,,,,,,,,,,,,,,,,,,,,,,,2.0,LastWhisper,,,,,,,,,,,,,,,,,,,,,,,2.0,CannoneerEmblemItem,FrozenHeart,Redemption,,,,,,,,,,,,,,,,,,,,,,,,,,,,,,,,,,,,,,,,,,,,,,,,,,,,,,,,,,,,,2.0,JeweledGauntlet,,,,,,,,,,,,,,,,,,,,,,,,,,,2.0,,,,2.0,TrainerSnax,None,None,2.0,ThiefsGloves,Shroud,JeweledGauntlet,,,,,,,,,,,,,,,,,,,,,,,,,,,,,,,,
2,EUW1_5970914091,TFT6_Augment_SecondWind2,TFT7_Augment_MageConference,TFT6_Augment_CelestialBlessing2,,0.0,1.0,0.0,,2.0,,,,,3.0,,,3.0,,1.0,,,0.0,,0.0,1.0,,,,0.0,,0.0,,,,,,,,,,,,,,,,,,,,,1.0,,,,,,,,,,,,,,,,,,,,,,,,,,,,,,,,,,,,,,,,,,,,,,,,3.0,,,,,,,,,,,,,,,,,,,,,,,,,,,,3.0,IonicSpark,RedBuff,,,,,,3.0,Zephyr,ArchangelsStaff,,,,,,,,,,,,,,,,,,,,,,,,,,,,,,2.0,MadredsBloodrazor,SpearOfShojin,JeweledGauntlet,2.0,LocketOfTheIronSolari,,,,,,,,,,,,,,,,,,,,,,,,,,,,,,,,,,,2.0,CavalierEmblemItem,,,,,,,,,,,,,,,,,,,,,None,None,,,,,,,,,,,,,2.0,,,,,,,,,,,,,,,,,,,,1.0,,,
7,EUW1_5970914091,TFT7_Augment_GadgetExpert,TFT6_Augment_Ascension,TFT7_Augment_MikaelsGift,,,,0.0,,2.0,1.0,0.0,0.0,,1.0,,0.0,,2.0,0.0,0.0,,,,,,,,0.0,0.0,0.0,,,,,,,,,,,,,,,,,,,,,,,,,,,,,,,,,,,,,,2.0,StatikkShiv,JeweledGauntlet,GuinsoosRageblade,,,,,,,,,,,,,,,,,,,,,,,,,2.0,,,,,,,,,,,,,,,,,,,,,,,,,,,,,,,,,,,,2.0,Chalice,StatikkShiv,,,,,,,,,,,,,,2.0,BrambleVest,,,,,,,2.0,,,,,,,,,,,,,,,,2.0,LocketOfTheIronSolari,,,,,,,,,,,,,,,,,,,,,,,,,,,,,,,,,,,,,,,,,,,,,,,,,,,,,,,,,None,None,,,,,,,,,,,,,,,,,,,,,,,,,1.0,GiantsBelt,UnstableConcoction,TitansResolve,,,,,,,,
5,EUW1_5970914091,TFT7_Augment_BruiserTitanicStrength,TFT7_Augment_DragonHorde,TFT6_Augment_SecondWind2,,0.0,,2.0,,,2.0,,,,1.0,,,0.0,,,0.0,,,,0.0,1.0,,1.0,,,0.0,2.0,,,,,,,,,,,,,,,,,,,,,,,,,,,,,,,,,,,,,,,,,,,,,,,,,2.0,IonicSpark,BFSword,Quicksilver,,,,,,,,,,,,,,,,,,,,,3.0,GargoyleStoneplate,LocketOfTheIronSolari,,,,,,,,,,,,,,,,,,,,,,,,,,,,,,,,,,,,,,,,,,,,,,,,,,,,,,,,,,,,,,,,,,,,,,,,,,,,,,2.0,RedBuff,,,,,,,,,,,,,,,,,,,,,,,1.0,,,,,,,,,,,,,,,,,,,,,,None,None,,,,,1.0,,,,3.0,GuinsoosRageblade,Deathblade,GuardianAngel,,,,,,,,,,,,,,,,,,,,,1.0,,,
4,EUW1_5970914091,TFT6_Augment_MetabolicAccelerator,TFT6_Augment_PortableForge,TFT7_Augment_SwiftshotPressTheAttack,1.0,,1.0,1.0,,1.0,,,,,3.0,,0.0,,,0.0,1.0,,,,,,,1.0,1.0,,0.0,,,,,,,,,,,,,,,,,,,,,,1.0,CavalierEmblemItem,,,,,,,,,,,,,,,,,,,,,,,,,,,,,,,,,,,,,,,,,,,2.0,GargoyleStoneplate,,,,,,,,,,,,,,,,,,,,,,,,,,,,,,,,,,,,,,,,,,,,,,,,,,,,,,,,,,,1.0,RedBuff,Redemption,,,,,,2.0,,,,,,,,,,,,,,,,,,,,2.0,,,,,,,,,,,,,,,,,,,,,,,,,,,,,,,,2.0,StatikkShiv,OrnnDeathsDefiance,BFSword,,,,,,,,,,,None,None,,,,,2.0,,,,,,,,,,,,,,,,2.0,GuinsoosRageblade,Deathblade,MadredsBloodrazor,,,,,,,,,,,,
3,EUW1_5970914091,TFT6_Augment_SalvageBin,TFT6_Augment_LudensEcho2,TFT6_Augment_CelestialBlessing2,,0.0,1.0,1.0,,,,,0.0,,2.0,,0.0,2.0,,2.0,,,,,0.0,1.0,,,0.0,1.0,,0.0,,,,,,,,,,,,,,,,,,,,,1.0,,,,,,,,,,,,,,,,,,,,,,,,,,,,,,,,,,,,,,,,,,,,,,,,2.0,,,,,,,,,,,,,,,,,,,,,,,,,,,,,,,,2.0,,,,3.0,,,,,,,,,,,,,,,,,,,,2.0,DragonsClaw,Shroud,LocketOfTheIronSolari,,,,,,,,,2.0,SpearOfShojin,ArchangelsStaff,HextechGunblade,,,,,,,,,,,,,,,,,,,,,,,,,,,,,,,,,,,,,2.0,IonicSpark,TitanicHydra,RedBuff,,,,,,,,,,,,,,,,,2.0,TrainerSnax,None,None,,,,,,,,,,,,,,,,,,,,,,,,,,,,,,,,,1.0,SpearOfShojin,,
1,EUW1_5971241313,TFT6_Augment_CyberneticUplink1,TFT6_Augment_CyberneticShell2,TFT6_Augment_SalvageBin,,1.0,,2.0,,,,,,,1.0,,0.0,,,,0.0,,,,,,,2.0,1.0,,0.0,,,,,,,,,,,,,,,,,,,,,,,,,,,,,,,,,,,,,,,,,,,,,,,,,,,,,,,,,,2.0,,,,,,,,,,,,,,,,3.0,ThiefsGloves,SparringGloves,Quicksilver,,,,,,,,,,,,,,,,,,,,,,,,,,,,,,,,,,,,,,,,,,,,,,,,,2.0,Zephyr,RedBuff,,,,,,,,,,,,,,,,,,,,,,,,,,2.0,Zephyr,,,,,,,2.0,GiantsBelt,,,,,,,,,,,,,,,,,,,,,,,,,,,,,,,,,,,,,None,None,,,,,1.0,Zephyr,,,3.0,MadredsBloodrazor,GuinsoosRageblade,RunaansHurricane,,,,,,,,,2.0,ZekesHerald,GuinsoosRageblade,Deathblade,,,,,,,,,,,,
5,EUW1_5971241313,TFT6_Augment_CyberneticShell1,TFT6_Augment_SalvageBin,TFT6_Augment_CyberneticUplink2,1.0,0.0,,3.0,,,1.0,,,,,,0.0,0.0,,,0.0,,0.0,,,,,,1.0,,1.0,2.0,,,,,,,,,,,,,,,,,,,,,,,,,,,,,,,,,,,,,,,,,,,,,,,,,2.0,AssassinEmblemItem,TitansResolve,Bloodthirster,,,,,,,,,,,,,,,,,,,,,2.0,RedBuff,,,,,,,,,,,,,,,,,,,,,,,,,,,,,,,,,,,,,,,,,,,,,,,1.0,TitansResolve,,,2.0,LocketOfTheIronSolari,,,,,,,2.0,UnstableConcoction,FrozenHeart,,,,,,,,,,,,,,,,,,1.0,Shroud,,,,,,,,,,,,,,,,,,,,,,,2.0,NeedlesslyLargeRod,,,,,,,,,,,,,,,,,,,,,None,None,,,,,,,,,,,,,,,,,,,,,,,,,,,,,,,,,,,,
3,EUW1_5971241313,TFT6_Augment_CyberneticShell1,TFT6_Augment_TargetDummies,TFT7_Augment_BestFriends2,1.0,,,1.0,,1.0,,,,,3.0,,0.0,,,,1.0,,,,,,,1.0,1.0,,0.0,,,,,,,,,,,,,,,,,,,,,,,,,,,,,,,,,,,,,,,,,,,,,,,,,,,,,,,,,,,,,,,,,,2.0,LocketOfTheIronSolari,,,,,,,,,,,,,,,,,,,,,,,,,,,,,,,,,,,,,,,,,,,,,,,,,,,,,,,,,,,2.0,TearOfTheGoddess,,,,,,,2.0,IonicSpark,FrozenHeart,,,,,,2.0,RedBuff,,,,,,,,,,,1.0,,,,,,,,,,,,,,,,,,,,,,,,,,,,,,,,2.0,Deathblade,,,,,,,,,,,,,None,None,,,,,2.0,,,,,,,,,,,,,,,,2.0,Deathblade,GuinsoosRageblade,Quicksilver,,,,,,,,,,,,
8,EUW1_5971241313,TFT6_Augment_CyberneticShell1,TFT6_Augment_Diversify2,TFT6_Augment_Ascension,1.0,,,1.0,,1.0,,,,,3.0,,0.0,,,,1.0,,,,,,,1.0,1.0,,0.0,,,,,,,,,,,,,,,,,,,,,,,,,,,,,,,,,,,,,,,,,,,,,,,,,,,,,,,,,,,,,,,,,,2.0,RedBuff,,,,,,,,,,,,,,,,,,,,,,,,,,,,,,,,,,,,,,,,,,,,,,,,,,,,,,,,,,,1.0,GargoyleStoneplate,,,,,,,1.0,,,,,,,,1.0,,,,,,,,,,,,1.0,,,,,,,,,,,,,,,,,,,,,,,,,,,,,,,,1.0,InfinityEdge,TitansResolve,,,,,,,,,,,,None,None,,,,,1.0,,,,,,,,,,,,,,,,2.0,MadredsBloodrazor,GuinsoosRageblade,Quicksilver,,,,,,,,,,,,
2,EUW1_5971241313,TFT6_Augment_SecondWind1,TFT6_Augment_ComponentGrabBag,TFT7_Augment_BestFriends2,,1.0,,1.0,,,,0.0,,,2.0,,,2.0,0.0,0.0,,,,,0.0,1.0,,1.0,,,0.0,0.0,,,,,,,,,,,,,,,,,,,,,,,,,,,,,,,,,,,,,,,,,,,,,,,,,,,,,,,,,,,,,,,,,,,,,,,,,3.0,IonicSpark,TitansResolve,,,,,,,,,,,,,,,,,,,,,,,,,,,,,,3.0,HextechGunblade,ArchangelsStaff,,,,,,,,,,,,,,,,,,,,,,,,,,,,,,1.0,,,,,,,,,,,,,,,,,,,,,,,,,,,,,,,,,,,,,,,,2.0,,,,,,,,,,,,,,,,,,,,,,None,None,,,,,2.0,,,,3.0,Deathblade,RunaansHurricane,GuinsoosRageblade,,,,,,,,,,,,,1.0,MageEmblemItem,,,,,,,2.0,JeweledGauntlet,SpearOfShojin,
4,EUW1_5971241313,TFT6_Augment_MakeshiftArmor1,TFT6_Augment_Ascension,TFT7_Augment_RevelPartyFavors,,,,,2.0,,1.0,,1.0,1.0,,,,,,0.0,,2.0,0.0,,1.0,,,,,1.0,,,,,,,,,,,,,,,,,,,,,,,,,,,1.0,,,,2.0,GuinsoosRageblade,UnstableConcoction,MadredsBloodrazor,,,,,,,,,2.0,Quicksilver,Redemption,,,,,,,,,,,,,,,,,,,,,,,,,,,,,,,,,,2.0,,,,,,,,,,,,,,,,,,,,,,,,2.0,,,,,,,,,,,,,,,,,,,,,,,,,,,,,,,,,,,,,,,,,,,,,,,,,,,,,,,,,,,,,,,,2.0,Zephyr,ArchangelsStaff,Morellonomicon,,,,,,,,,,,,,,,,,,,,,,,,,,,,,3.0,TrainerSnax,None,None,2.0,ZekesHerald,ShimmerscaleHeartOfGold,,,,,,,,,,,,,,,,,,,,,,,,,,,,,,,,,
7,EUW1_5971241313,TFT6_Augment_PandorasItems,TFT6_Augment_CyberneticImplants2,TFT6_Augment_Diversify2,,,1.0,,1.0,,1.0,,1.0,1.0,1.0,,,,,1.0,,1.0,0.0,,1.0,,,,,1.0,,,,,,,,,,,,,,,,,,,,,,,1.0,ChainVest,,,2.0,ShimmerscaleHeartOfGold,,,2.0,GuinsoosRageblade,Bloodthirster,MadredsBloodrazor,,,,,,,,,2.0,WarmogsArmor,GargoyleStoneplate,,,,,,,,,,,,,,,,,,,,,,,,,,,,,,,,,,,,,,,,,,,,,,,,,,,,,,,,,,2.0,RecurveBow,,,,,,,,,,,,,,,,,,,,,,,,,,,,,,,,,,,,,,,,,,,,,,,,,,,,,,,,,,,,,,,1.0,Shroud,,,,,,,,,,,,,,,,,,,,,,,,,,,,,,,3.0,TrainerSnax,None,None,2.0,ZekesHerald,LastWhisper,MadredsBloodrazor,,,,,,,,,,,,,,,,,,,,,,,,,,,,,,,,
6,EUW1_5971241313,TFT6_Augment_SecondWind1,TFT6_Augment_SunfireBoard,TFT7_Augment_GadgetExpert,0.0,,,,,,1.0,0.0,,,2.0,2.0,,,,0.0,,,,1.0,,,1.0,1.0,,,,,,,,,,,,,,,,,2.0,StatikkShiv,PowerGauntlet,,,,,,,,,,,,,,,,,,,,,,,,,,,,,,2.0,Bloodthirster,MadredsBloodrazor,,,,,,,,,,,,,,2.0,,,,,,,,,,,,,,,,,,,,,,,,,,,,,,,,,,,,,,,,,,,,,,,,2.0,WarmogsArmor,GargoyleStoneplate,Redemption,,,,,,,,,,,,,,,,,,,,,,,,,,,,,,,,,,,,,,,,,,,,,,,,,,,,,,,,,2.0,,,,,,,,,,,,,,,,2.0,Bloodthirster,GuinsoosRageblade,InfinityEdge,,,,,,,,,,,None,None,,,,,1.0,,,,,,,,,,,,,,,,,,,,,,,,,,,,,,,
1,EUW1_5972064807,TFT7_Augment_AssassinEmblem2,TFT6_Augment_MakeshiftArmor1,TFT6_Augment_ThrillOfTheHunt2,3.0,,1.0,1.0,,,1.0,,,,2.0,,0.0,,,0.0,0.0,,0.0,,0.0,,,,1.0,,,2.0,,,,,,,,,,,,,,,,,,,,,2.0,ZekesHerald,ZekesHerald,LocketOfTheIronSolari,,,,,,,,,2.0,,,,,,,,,,,,,,,,2.0,InfinityEdge,AssassinEmblemItem,MadredsBloodrazor,,,,,,,,,,,,,,,,,,,,,,,,,,,,,,,,,1.0,,,,,,,,,,,,,,,,,,,,,,,,,,,,,,,,,,,,,,,,2.0,TitansResolve,,,2.0,ArchangelsStaff,Quicksilver,InfinityEdge,2.0,FrozenHeart,IonicSpark,SpearOfShojin,,,,,,,,,,,,,,,,,,,,,,,,,,,,,,,,,,,,,,,,,,,,,,,,,1.0,,,,,,,,,,,,,,None,None,,,,,,,,,,,,,,,,,,,,,,,,,,,,,,,,,,,,
2,EUW1_5972064807,TFT6_Augment_TriForce3,TFT6_Augment_LudensEcho1,TFT6_Augment_TargetDummies,,,1.0,1.0,,,1.0,,1.0,,1.0,,0.0,1.0,,1.0,,0.0,,,0.0,1.0,,,2.0,1.0,,0.0,,,,,,,,,2.0,SpearOfShojin,StatikkShiv,MadredsBloodrazor,,,,,,,,,1.0,ArchangelsStaff,,,,,,,,,,,,,,,,,,,,,,,,,,,,,,,,,,,,,,,,,,,,,,,2.0,Shroud,,,,,,,,,,,,,,,,,,,,,,,,,,,,,,,2.0,,,,,,,,,,,,,,,,,,,,,,,,2.0,,,,,,,,,,,,,,,,,,,,,,,,,,,,,,,,,,,,,,,,1.0,,,,,,,,,,,,2.0,RedBuff,DragonsClaw,Bloodthirster,,,,,,,,,,,,,,,,,4.0,TrainerSnax,None,None,,,,,,,,,,,,,,,,,,,,,,,,,,,,,,,,,2.0,Morellonomicon,Chalice,Chalice
5,EUW1_5972064807,TFT7_Augment_CavalierEmblem2,TFT6_Augment_Electrocharge1,TFT7_Augment_MikaelsGift,,,,,,4.0,1.0,0.0,,,1.0,,,0.0,3.0,,0.0,,0.0,,,,,,,,1.0,,,,,,,,,,,,,,,,,,,,,,,,,,,,,,,,,,,,,,2.0,HextechGunblade,GuinsoosRageblade,ArchangelsStaff,,,,,,,,,,,,,,,,,,,,,,,,,2.0,,,,,,,,,,,,,,,,,,,,,,,,,,,,,,,,2.0,LocketOfTheIronSolari,,,,,,,,,,,,,,,,,,,2.0,BrambleVest,RedBuff,Redemption,,,,,,,,,,,,,,,,,,,,,2.0,,,,,,,,,,,,,,,,,,,,,,,,,,,,,,,,,,,,,,,,,,,,,,,,,,,,,,,,,,None,None,,,,,,,,,,,,,,,,,,,,,,,,,1.0,CavalierEmblemItem,RecurveBow,Bloodthirster,1.0,ThiefsGloves,WarmogsArmor,GargoyleStoneplate,,,,
4,EUW1_5972064807,TFT7_Augment_MageEmblem2,TFT6_Augment_PandorasItems,TFT6_Augment_ComponentGrabBag,,0.0,1.0,1.0,,0.0,,,0.0,,2.0,,,3.0,,2.0,,,0.0,,,,,,,1.0,,0.0,,,,,,,,,,,,,,,,,,,,,1.0,MageEmblemItem,,,,,,,,,,,,,,,,,,,,,,,,,,,,,,,,,,,,,,,,,,,,,,,2.0,,,,3.0,MageEmblemItem,,,,,,,,,,,,,,,,,,,,,,,2.0,,,,2.0,,,,3.0,Chalice,StatikkShiv,Chalice,,,,,,,,,,,,,,,,,,,,,,,,,,,,,3.0,SpearOfShojin,ArchangelsStaff,HextechGunblade,,,,,,,,,,,,,,,,,,,,,,,,,,,,,,,,,,,,,2.0,FrozenHeart,GargoyleStoneplate,Shroud,,,,,,,,,,,,,,,,,1.0,TrainerSnax,None,None,,,,,,,,,,,,,,,,,,,,,,,,,,,,,,,,,,,,
7,EUW1_5972064807,TFT6_Augment_TriForce3,TFT6_Augment_Electrocharge1,TFT6_Augment_TriForce2,,,,,,,,2.0,1.0,,,1.0,0.0,,,,0.0,0.0,,0.0,0.0,,,0.0,0.0,,,,,,,,2.0,SpearOfShojin,ZekesHerald,JeweledGauntlet,,,,,2.0,,,,,,,,,,,,,,,,,,,,,,,,,,,,,,,,,,,,,,,,,,,,,,,,,,,,,,,,,,,,,,,,,,,,1.0,,,,,,,,1.0,,,,,,,,,,,,,,,,,,,,,,,,,,,,,,,,,,,,,,,,,,,,,,,,,,,,,,,,,,,,2.0,,,,,,,,,,,,,,,,2.0,,,,,,,,2.0,ThiefsGloves,RedBuff,InfinityEdge,,,,,,,,,,,,,,,,,,,,,,,None,None,,,,,,,,,,,,,,,,,2.0,GuinsoosRageblade,Quicksilver,GuardianAngel,,,,,,,,,,,,,,,,
3,EUW1_5972064807,TFT6_Augment_ForceOfNature,TFT7_Augment_GuildTrait,TFT6_Augment_Diversify2,1.0,,1.0,1.0,,1.0,,,,,5.0,,0.0,,,0.0,1.0,,,,,,,1.0,1.0,,0.0,,,,,,,,,,,,,,,,,,,,,,1.0,,,,,,,,,,,,,,,,,,,,,,,,,,,,,,,,,,,,,,,,,,,,2.0,,,,,,,,,,,,,,,,,,,,,,,,,,,,,,,,,,,,,,,,,,,,,,,,,,,,,,,,,,,,2.0,GargoyleStoneplate,WarmogsArmor,,,,,,2.0,TearOfTheGoddess,,,,,,,2.0,,,,,,,,,,,,2.0,,,,,,,,,,,,,,,,,,,,,,,,,,,,,,,,2.0,RedBuff,FrozenHeart,Quicksilver,,,,,,,,,,,None,None,,,,,2.0,ZekesHerald,ZekesHerald,,,,,,,,,,,,,,2.0,GuinsoosRageblade,Quicksilver,MadredsBloodrazor,,,,,,,,,,,,
6,EUW1_5972064807,TFT7_Augment_UrfsGrabBag2,TFT6_Augment_CelestialBlessing1,TFT6_Augment_CyberneticShell2,,,,1.0,,,,2.0,,,,0.0,0.0,,0.0,,1.0,,,1.0,,,,,1.0,,1.0,,,,,,,,,,,,,,,,,,,,,,,,,,,,,,,,,,,,,,,,,,,,,,,,,,,,,,,,,,,,,,,,,,,,,,,,,,,,,,,,,,2.0,,,,,,,,2.0,,,,,,,,,,,,,,,,,,,,1.0,RedBuff,GargoyleStoneplate,IonicSpark,,,,,,,,,,,,,2.0,DragonmancerEmblemItem,,,,,,,,,,,,,,,,,,,,,,,2.0,,,,1.0,,,,,,,,,,,,,,,,,,,,2.0,Quicksilver,GuinsoosRageblade,JeweledGauntlet,,,,,,,,,,,,,,,,,,,,,,,None,None,,,,,,,,,,,,,,,,,,,,,,,,,1.0,GuardianAngel,GuinsoosRageblade,,,,,,,,,
8,EUW1_5972064807,TFT6_Augment_CelestialBlessing3,TFT6_Augment_PandorasItems,TFT7_Augment_UrfsGrabBag1,0.0,,,0.0,,2.0,,,,0.0,2.0,,,0.0,,,,,2.0,,,,,0.0,,,0.0,,,,,,,,,,,,,,,,,,,,,,,,,,2.0,,,,,,,,2.0,,,,,,,,,,,,,,,,,,,,,,,,,,,,,,,,,,,,,,,,,,,,,,,,,,,,,,,,,,,,,,,,2.0,IonicSpark,MadredsBloodrazor,SparringGloves,,,,,,,,,,,,,,,,,,,,,3.0,CavalierEmblemItem,InfinityEdge,RunaansHurricane,,,,,,,,,,,,,,,,,2.0,RedBuff,Redemption,,,,,,,,,,,,,,,,,,,,,,,,,,,,,,,,,,,,,,,,,,,,,,,,,,,,,,,,None,None,,,,,2.0,,,,,,,,,,,,,,,,,,,,,,,,,,,,,,,
4,EUW1_5971718334,TFT6_Augment_CelestialBlessing1,TFT7_Augment_BestFriends2,TFT7_Augment_GuardianEmblem,0.0,,,,1.0,,1.0,,1.0,1.0,1.0,0.0,,,,0.0,,1.0,,0.0,1.0,,1.0,,,1.0,,,,,,,,,,,,,,,,,,,,,,,,,,,,,,,2.0,JeweledGauntlet,GuinsoosRageblade,InfinityEdge,,,,,,,,,1.0,RedBuff,GargoyleStoneplate,WarmogsArmor,,,,,,,,,,,,,,,,,,,,,,,,,,,,,,,,,,,,,,,,,,,,,,,,,,,,,,,,,2.0,GuardianEmblemItem,,,,,,,2.0,GargoyleStoneplate,,,,,,,,,,,,,,,,,,,,,,,,,,,,,,,,,,,,,,,,,,,,,,,,,,,,,,,2.0,Morellonomicon,RecurveBow,,2.0,SeraphsEmbrace,,,,,,,,,,,,,,,2.0,ShimmerscaleDravensAxe,Bloodthirster,,,,,,,,,,2.0,TrainerSnax,None,None,2.0,,,,,,,,,,,,,,,,,,,,,,,,,,,,,,,,,,,
6,EUW1_5971718334,TFT6_Augment_FirstAidKit,TFT6_Augment_CelestialBlessing2,TFT7_Augment_AssassinEmblem,3.0,,,1.0,,,1.0,,,,1.0,,0.0,,,,0.0,,0.0,,0.0,,,,1.0,,,2.0,,,,,,,,,,,,,,,,,,,,,,,,,,,,,,,,,2.0,FrozenHeart,,,,,,,,,,,,,,,2.0,InfinityEdge,AssassinEmblemItem,GuinsoosRageblade,,,,,,,,,,,,,,,,,,,,,,,,,,,,,,,,,2.0,,,,,,,,,,,,,,,,,,,,,,,,,,,,,,,,,,,,,,,,1.0,DragonsClaw,RedBuff,Redemption,1.0,,,,2.0,FrozenHeart,,,,,,,,,,,,,,,,,,,,,,,,,,,,,,,,,,,,,,,,,,,,,,,,,,,2.0,SparringGloves,GuinsoosRageblade,,,,,,,,,,,,None,None,,,,,,,,,,,,,,,,,,,,,,,,,,,,,,,,,,,,
2,EUW1_5971718334,TFT6_Augment_CelestialBlessing1,TFT7_Augment_FirstAidKit2,TFT6_Augment_SecondWind2,,,,1.0,,,1.0,0.0,0.0,1.0,,1.0,0.0,,,,,,,0.0,,,1.0,,1.0,,,2.0,,,,,3.0,StatikkShiv,SpearOfShojin,GuardianEmblemItem,,,,,,,,,,,,,,,,,,,,,,,,,,,,,,,,,,,,,,,,,2.0,InfinityEdge,GuinsoosRageblade,TitansResolve,,,,,,,,,,,,,,,,,,,,,,,,,,,,,,,,,,,,,2.0,FrozenHeart,,,,,,,,,,,,,,,,,,,2.0,GargoyleStoneplate,RedBuff,Bloodthirster,,,,,,,,,,,,,1.0,,,,,,,,,,,,,,,,,,,,,,,,,,,,,,,,,,,,,,,,,,,,1.0,,,,,,,,,,,,,,,,,,,,,,,,1.0,,,,,,None,None,,,,,,,,,,,,,,,,,,,,,,,,,,,,,,,,,,,,
1,EUW1_5971718334,TFT7_Augment_WarriorTrait,TFT7_Augment_BruiserPersonalTraining,TFT6_Augment_ThrillOfTheHunt2,1.0,,,2.0,,,,0.0,,0.0,,,0.0,0.0,1.0,,0.0,,1.0,,,,,,1.0,,2.0,1.0,,,,,,,,,,,,,,,,,,,,,,,,,2.0,,,,,,,,,,,,,,,,,,,,,,,,,,,,,,,,,,,,,,,,,,,,,,,,,,,,,,,,,,,,,,,,,,,,,,,,,,,,,,,,,,,,,,,,,,,,,,,,2.0,DragonsClaw,FrozenHeart,,2.0,NeedlesslyLargeRod,RedBuff,,2.0,RapidFireCannon,JeweledGauntlet,FrozenHeart,2.0,,,,,,,,,,,,,,,,,,,,2.0,,,,,,,,,,,,,,,,,,,,,,,,2.0,,,,,,,,,,,,,,,,,,,,,,None,None,,,,,,,,,,,,,,,,,,,,,,,,,2.0,LocketOfTheIronSolari,Redemption,IonicSpark,2.0,,,,,,,
7,EUW1_5971718334,TFT6_Augment_Weakspot,TFT6_Augment_RichGetRicherPlus,TFT7_Augment_BruiserEmblem,0.0,0.0,,3.0,,,1.0,,,0.0,,,0.0,0.0,,,0.0,,,,,,,,0.0,,0.0,3.0,,,,,,,,,,,,,,,,,,,,,,,,,,,,,,,,,,,,,,,,,,,,,,,,,1.0,InfinityEdge,UnstableConcoction,TitansResolve,,,,,,,,,,,,,,,,,,,,,1.0,,,,,,,,,,,,,,,,,,,,,,,,,,,,,,,,,,,,,,,,,,,,,,,,,,,,2.0,IonicSpark,RedBuff,,1.0,TitansResolve,IonicSpark,,,,,,,,,,,,,,,,,,,,,,2.0,,,,,,,,,,,,,,,,,,,,,,,,1.0,,,,,,,,,,,,,,,,2.0,BruiserEmblemItem,,,,,None,None,,,,,,,,,,,,,,,,,,,,,,,,,,,,,,,,,,,,
5,EUW1_5971718334,TFT7_Augment_CannoneerTrait,TFT6_Augment_ComponentGrabBag,TFT6_Augment_CelestialBlessing2,,,,,4.0,,1.0,,1.0,0.0,,,,,,0.0,0.0,2.0,,,1.0,,,,,1.0,,,,,,,,,,,,,,,,,,,,,,,,,,,,,,,2.0,LastWhisper,InfinityEdge,GuinsoosRageblade,,,,,,,,,2.0,BrambleVest,Redemption,GargoyleStoneplate,,,,,,,,,,,,,,,,,,,,,,,,,,,,,,,,,2.0,,,,,,,,,,,,,,,,,,,,,,,,2.0,RedBuff,DragonsClaw,,,,,,,,,,,,,,,,,,,,,,,,,,,,,,,,,,,,,,,,,,2.0,,,,,,,,,,,,,,,,,,,,2.0,SpearOfShojin,ArchangelsStaff,,,,,,,,,,,,,,,,,,,,,,,,,,,,,,3.0,TrainerSnax,None,None,2.0,ShimmerscaleDravensAxe,,,,,,,,,,,,,,,,,,,,,,,,,,,,,,,,,,
3,EUW1_5971718334,TFT7_Augment_SwiftshotTrait,TFT6_Augment_ThrillOfTheHunt2,TFT7_Augment_BestFriends2,,0.0,,2.0,,,1.0,,,,1.0,,0.0,0.0,,,0.0,,,,,,,2.0,0.0,,,2.0,,,,,,,,,,,,,,,,,,,,,,,,,,,,,,,,,,,,,,,,,,,,,,,,,1.0,,,,,,,,,,,,,,,,,,,,,,,,3.0,RedBuff,DragonsClaw,IonicSpark,,,,,,,,,,,,,,,,,,,,,,,,,,,,,,,,,,,,,,,,,,,,,,,,,2.0,Chalice,,,,,,,,,,,,,,,,,,,,,,,,,,,,,,,,,,,,,,,,,,,,,,,,,,,2.0,,,,,,,,,,,,,,,,,,,,,,None,None,,,,,2.0,WhispersEmblemItem,RagewingEmblemItem,,3.0,GuinsoosRageblade,Deathblade,Deathblade,,,,,,,,,2.0,ThiefsGloves,SparringGloves,Quicksilver,,,,,,,,,,,,
8,EUW1_5971718334,TFT6_Augment_TinyTitans,TFT7_Augment_MikaelsGift,TFT7_Augment_MirageHallucinate,,,,,,0.0,,,,2.0,,0.0,,,1.0,,,,0.0,,,,,,,,0.0,0.0,,,,,,,,,,,,,,,,,,,,,,,,,2.0,LocketOfTheIronSolari,,,,,,,,,,,,,,,,,,,,,,,,,,,,,,,,,,,,,,,,,,,,,,,,,,,,,,,,,,,,,,,,,,,3.0,GargoyleStoneplate,WarmogsArmor,,,,,,,,,,,,,,,,,,,,,,2.0,,,,,,,,,,,,,,,,,,,,,,,,,,,,,,,,,,,,,,,,,,,,,,,,,,,,,,,,,,,,,,,,,,,,,,,,2.0,,,,2.0,StatikkShiv,,,,,None,None,,,,,,,,,,,,,,,,,,,,,,,,,,,,,1.0,GuinsoosRageblade,ArchangelsStaff,UnstableConcoction,,,,
6,EUW1_5971810096,TFT7_Augment_ScalescornEmblem,TFT7_Augment_GadgetExpert,TFT6_Augment_ComponentGrabBag,1.0,,,,,2.0,,,,0.0,3.0,,,0.0,,,0.0,,2.0,,,,,,,,,,,,,,,,,,,,,,,,,,,,,,,,,,3.0,GargoyleStoneplate,WarmogsArmor,,,,,,2.0,StatikkShiv,FrozenHeart,GuinsoosRageblade,,,,,,,,,,,,,,,,,,,,,,,,,,,,,2.0,Morellonomicon,RecurveBow,,,,,,,,,,,,,,,,,,,,,,,,,,,,,,3.0,SeraphsEmbrace,Bloodthirster,MadredsBloodrazor,,,,,,,,,,,,,,,,,,,,,,,,,,,,,,,,,,,,,1.0,Zephyr,,,2.0,,,,,,,,,,,,,,,,,,,,,,,,,,,,,,,,,,,,,,,,,,,,1.0,ScalescornEmblemItem,,,,,,,,,,,,,None,None,,,,,,,,,,,,,,,,,,,,,,,,,,,,,,,,,,,,
7,EUW1_5971810096,TFT7_Augment_CannoneerEmblem,TFT7_Augment_CannoneerRicochet,TFT6_Augment_CyberneticUplink2,,,,,3.0,,1.0,,1.0,1.0,,,,,,0.0,,2.0,0.0,,1.0,,,,,1.0,,,,,,,,,,,,,,,,,,,,,,,,,,,1.0,,,,2.0,MadredsBloodrazor,ShimmerscaleDravensAxe,UnstableConcoction,,,,,,,,,1.0,RedBuff,WarmogsArmor,TitanicHydra,,,,,,,,,,,,,,,,,,,,,,,,,,,,,,,,,2.0,RecurveBow,Zephyr,,,,,,,,,,,,,,,,,,,,,,2.0,CannoneerEmblemItem,,,,,,,,,,,,,,,,,,,,,,,,,,,,,,,,,,,,,,,,,,,,,,,,,,,,,,,,,,,,,,,1.0,ChainVest,Shroud,,,,,,,,,,,,,,,,,,,,,,,,,,,,,,3.0,TrainerSnax,None,None,1.0,,,,,,,,,,,,,,,,,,,,,,,,,,,,,,,,,,,
1,EUW1_5971810096,TFT7_Augment_GuildEmblem,TFT6_Augment_SalvageBin,TFT7_Augment_BigFriend2,,,,0.0,,1.0,,1.0,0.0,,3.0,0.0,1.0,,1.0,,,,,,0.0,,,,1.0,,0.0,,,,,,2.0,BFSword,,,,,,,,,,,,,,,,,,,,,,,,,,,,,,,,,,,,,,,,,,,,,,,,,,,,,,,,,,,,,,,,,,,,,,,,,,,2.0,,,,,,,,2.0,,,,,,,,,,,,,,,,,,,,,,,,,,,,2.0,ZekesHerald,WarmogsArmor,Chalice,,,,,2.0,GuinsoosRageblade,FrozenHeart,RedBuff,,,,,,,,,,,,,2.0,GargoyleStoneplate,,,,,,,,,,,,,,,,,,,,,,,,,,,,,,,,,,,,,,,,,,,,,,,,,,,,,,,,,None,None,,,,,,,,,,,,,,,,,3.0,GuildEmblemItem,GuinsoosRageblade,Bloodthirster,,,,,1.0,GuildEmblemItem,,,,,,,,,,
3,EUW1_5971810096,TFT6_Augment_ThreesCompany,TFT6_Augment_SunfireBoard,TFT7_Augment_RagewingScorch,,,1.0,1.0,,,1.0,0.0,,1.0,2.0,,0.0,,,0.0,1.0,,,0.0,1.0,,,1.0,0.0,,0.0,0.0,,,,,,,,,,,,,,,,,,,,,1.0,,,,,,,,,,,,,,,,,,,,2.0,WarmogsArmor,GargoyleStoneplate,,,,,,,,,,,,,,,,,,,,,,,,,,,,,,,,,,,,,,,,,,,,,,,,,,,,,,,,,,,,,,,,,,,,,,,,,,,,,,,,,,2.0,GuardianEmblemItem,Shroud,ChainVest,,,,,,,,,,,,,,,,,,,,,,,,,2.0,,,,,,,,,,,,,,,,,,,,2.0,GuinsoosRageblade,StatikkShiv,MadredsBloodrazor,,,,,,,,,,,,,,,,,2.0,,,,,,None,None,,,,,2.0,RunaansHurricane,GuardianAngel,Quicksilver,,,,,,,,,,,,,3.0,ShimmerscaleDravensAxe,GuinsoosRageblade,UnstableConcoction,,,,,,,,,,,,
4,EUW1_5971810096,TFT6_Augment_JeweledLotus,TFT7_Augment_DragonHorde,TFT6_Augment_SecondWind2,,,,0.0,,,2.0,0.0,,1.0,,,,,2.0,,,,,,1.0,,,,,,0.0,2.0,,,,,,,,,,,,,,,,,,,,,,,,,,,,,,,,,,,,,2.0,ArchangelsStaff,GuinsoosRageblade,InfinityEdge,2.0,WarmogsArmor,SeraphsEmbrace,,,,,,2.0,ShimmerscaleDravensAxe,Bloodthirster,UnstableConcoction,,,,,,,,,,,,,,,,,,,,,,,,,,,,,,,,,,,,,,,,,,,,,,,,,,,,,,,,,,,,,,,,,,,,,,,,,,,,,,,,,,,,,,,,,,,,,,,,,,,,,,,,,,,,,,,,,,,,,,,,,,,,,,,,,,,,,,,,,,,,,1.0,,,,,,None,None,,,,,,,,,,,,,,,,,,,,,,,,,1.0,ZekesHerald,RedBuff,RunaansHurricane,,,,,,,,
8,EUW1_5971810096,TFT7_Augment_CavalierEmblem,TFT7_Augment_LastStand,TFT7_Augment_GuardianHeroicPresence,,,,0.0,,3.0,,,,1.0,2.0,,,1.0,0.0,,0.0,,1.0,,,,,,,,,0.0,,,,,,,,,,,,,,,,,,,,,,,,,2.0,,,,,,,,,,,,,,,,,,,,,,,,,,,,,,,,,,,,,,,,2.0,ZekesHerald,Deathblade,,,,,,,,,,,,,,,,,,,,,,,,,,2.0,CavalierEmblemItem,WarmogsArmor,RedBuff,2.0,Bloodthirster,JeweledGauntlet,MadredsBloodrazor,,,,,,,,,,,,,,,,,,,,,,,,,,,,,,,,,,,,,2.0,,,,2.0,,,,,,,,,,,,,,,,,,,,,,,,,,,,,,,,,,,,2.0,,,,,,,,,,,,,,,,,,,,,,None,None,,,,,,,,,,,,,,,,,,,,,,,,,,,,,,,,,,,,
2,EUW1_5971810096,TFT7_Augment_ClutteredMind,TFT6_Augment_ComponentGrabBag,TFT6_Augment_SunfireBoard,1.0,,1.0,1.0,,0.0,,0.0,,,3.0,,0.0,,0.0,0.0,1.0,,,,,,,1.0,1.0,,1.0,,,,,,,,,,,,,,,,,,,,,,1.0,,,,,,,,,,,,,,,,,,,,,,,,,,,,,,,,,,,,,,,,,,,,2.0,WarmogsArmor,,,,,,,,,,,,,,,,,,,,,,,,,,,,,,,,,,,,,,,,,,,,,,,,,,,,,,,,,,,2.0,WarmogsArmor,BrambleVest,,,,,,2.0,IonicSpark,,,,,,,,,,,,,,,,,,,2.0,SparringGloves,,,,,,,,,,,,,,,,,,,,,,,,,,,,,,,2.0,InfinityEdge,MadredsBloodrazor,,,,,,,,,,,,None,None,,,,,1.0,,,,,,,,,,,,,,,,2.0,GuinsoosRageblade,MadredsBloodrazor,Quicksilver,1.0,StatikkShiv,,,,,,,,,,
5,EUW1_5971810096,TFT6_Augment_CyberneticUplink2,TFT7_Augment_MageConference,TFT6_Augment_FuturePeepers,,1.0,,1.0,,,1.0,,,,1.0,,,2.0,,0.0,,,,,,,,,,0.0,,2.0,,,,,,,,,,,,,,,,,,,,,,,,,,,,,,,,,,,,,,,,,,,,,,,,,2.0,Bloodthirster,Zephyr,,,,,,,,,,,,,,,,,,1.0,ChainVest,,,3.0,RedBuff,,,,,,,,,,,,,,,,,,,,,,,,,,,,,,,3.0,SpearOfShojin,,,,,,,,,,,,,,,,,,,,,,,,,,,,,,,2.0,StatikkShiv,GuinsoosRageblade,ArchangelsStaff,,,,,,,,,,,,,,,,,,,,,,,,,,,,,,,,,,,,,2.0,ThiefsGloves,Zephyr,GuardianAngel,,,,,,,,,,,,,,,,,,,None,None,,,,,,,,,,,,,3.0,Shroud,,,,,,,,,,,,,,,,,,,,,,
3,EUW1_5971763951,TFT7_Augment_UrfsGrabBag1,TFT6_Augment_ForceOfNature,TFT6_Augment_Diversify2,2.0,,,1.0,,,1.0,,,0.0,1.0,,0.0,0.0,,,,,0.0,,,,,,1.0,,,3.0,,,,,,,,,,,,,,,,,,,,,,,,,,,,,,,,,2.0,FrozenHeart,RedBuff,Chalice,,,,,,,,,,,,,2.0,AssassinEmblemItem,RapidFireCannon,Bloodthirster,,,,,,,,,,,,,,,,,,,,,,,,,,,,,,,,,,,,,,,,,,,,,,,,,,,,,,,,,,,,,,,,,,,,,,,,,2.0,,,,1.0,InfinityEdge,Bloodthirster,UnstableConcoction,2.0,LocketOfTheIronSolari,,,,,,,,,,,,,,,,,,,,,,,,,,,,,,,,,,,,,,,,,,,2.0,,,,,,,,2.0,MadredsBloodrazor,,,,,,,2.0,,,,,,None,None,,,,,,,,,,,,,,,,,,,,,,,,,,,,,,,,,,,,
6,EUW1_5971763951,TFT6_Augment_ThreesCompany,TFT6_Augment_Distancing3,TFT6_Augment_PortableForge,,1.0,,1.0,,,,,0.0,,1.0,,,2.0,,1.0,,,,,,,,,,1.0,,0.0,,,,,,,,,,,,,,,,,,,,,,,,,,,,,,,,,,,,,,,,,,,,,,,,,,,,,,,,,,,,,,,,,,,,,2.0,,,,3.0,TitansResolve,,,,,,,,,,,,,,,,,,,,,,,,,,,2.0,,,,3.0,StatikkShiv,OrnnInfinityForce,RabadonsDeathcap,,,,,,,,,,,,,,,,,,,,,,,,,,,,,2.0,MadredsBloodrazor,JeweledGauntlet,SpearOfShojin,,,,,,,,,,,,,,,,,,,,,,,,,,,,,,,,,,,,,2.0,DragonsClaw,TitansResolve,,,,,,,,,,,,,,,,,,2.0,TrainerSnax,None,None,,,,,,,,,,,,,2.0,,,,,,,,,,,,,,,,,,,,,,,
7,EUW1_5971763951,TFT6_Augment_Ascension,TFT7_Augment_ThinkFast,TFT6_Augment_Diversify2,,,1.0,,1.0,,1.0,,1.0,1.0,1.0,,,,,1.0,,1.0,0.0,,1.0,,,,,1.0,,,,,,,,,,,,,,,,,,,,,,,1.0,,,,2.0,,,,2.0,UnstableConcoction,InfinityEdge,Deathblade,,,,,,,,,1.0,ShimmerscaleMogulsMail,WarmogsArmor,GargoyleStoneplate,,,,,,,,,,,,,,,,,,,,,,,,,,,,,,,,,,,,,,,,,,,,,,,,,,,,,,,,,2.0,,,,,,,,,,,,,,,,,,,,,,,,,,,,,,,,,,,,,,,,,,,,,,,,,,,,,,,,,,,,,,,,2.0,PowerGauntlet,Morellonomicon,StatikkShiv,,,,,,,,,,,,,,,,,,,,,,,,,,,,,3.0,TrainerSnax,None,None,2.0,BFSword,,,,,,,,,,,,,,,,,,,,,,,,,,,,,,,,,,
8,EUW1_5971763951,TFT7_Augment_EvokerEmblem,TFT6_Augment_LudensEcho3,TFT6_Augment_CelestialBlessing2,,,,1.0,1.0,,,,1.0,,1.0,,,1.0,,0.0,0.0,1.0,,,,,,,,2.0,0.0,0.0,,,,,,,,,,,,,,,,,,,,,,,,,,,,,,,,,,,,,,,,,,,,,,,,,,,,,,,,,,,,,,,,,,,,,2.0,NeedlesslyLargeRod,,,,,,,1.0,,,,,,,,,,,,,,,,,,,,,,,,2.0,,,,,,,,,,,,,,,,,,,,,,,,,,,,,,,,,,,,2.0,SpearOfShojin,TearOfTheGoddess,,,,,,,,,,,,,,2.0,,,,,,,,,,,,1.0,,,,,,,,,,,,2.0,EvokerEmblemItem,Zephyr,,,,,,,,,,,,,,,,,,3.0,TrainerSnax,None,None,2.0,RapidFireCannon,SparringGloves,,,,,,,,,,,,,,,,,,,,,,,,,,,,,,,,,
1,EUW1_5971763951,TFT7_Augment_PandorasBench,TFT7_Augment_AssassinEmblem2,TFT7_Augment_BestFriends2,3.0,,,1.0,,,,0.0,,,1.0,,0.0,,0.0,,0.0,,1.0,,0.0,,,,1.0,,1.0,,,,,,,,,,,,,,,,,,,,,,,,,,,,,,,,,,3.0,InfinityEdge,TitansResolve,IonicSpark,,,,,,,,,,,,,,,,,,,,,,,,,,,,,,,,,,,,,,,,,,,,,,,,,1.0,Zephyr,,,,,,,,,,,,,,,,,,,,,,,,,,,,,,,,,,,3.0,InfinityEdge,RunaansHurricane,AssassinEmblemItem,2.0,WarmogsArmor,,,,,,,2.0,,,,,,,,,,,,,,,,,,,,2.0,,,,,,,,,,,,,,,,,,,,,,,,,,,,,,,,1.0,RapidFireCannon,,,,,,,,,,,,,None,None,,,,,,,,,,,,,,,,,,,,,,,,,1.0,AssassinEmblemItem,IonicSpark,Zephyr,,,,,,,,
4,EUW1_5971763951,TFT7_Augment_GadgetExpert,TFT6_Augment_MaxLevel10,TFT7_Augment_UrfsGrabBag1,1.0,,1.0,1.0,,,1.0,0.0,,,1.0,,0.0,1.0,0.0,0.0,,,,,0.0,1.0,,,2.0,0.0,0.0,1.0,,,,,,,,,2.0,GuinsoosRageblade,HextechGunblade,RabadonsDeathcap,,,,,,,,,1.0,,,,,,,,,,,,,,,,,,,,,,,,,,,,,,,,,,,,,,,,,,,,,,,,1.0,,,,,,,,,,,,,,,,,,,,,,,,,,,,,,,,,,,,,,,,,,,,,,,,,,,,,,,,2.0,RedBuff,,,2.0,FrozenHeart,,,,,,,,,,,,,,,,,,,,,,,,,,,,,,,,,,,,,,,,,,,,,,,1.0,,,,,,,,,,,,,,,,,,,,,,None,None,,,,,,,,,,,,,,,,,,,,,,,,,2.0,ZekesHerald,AssassinEmblemItem,TitansResolve,,,,,2.0,ArchangelsStaff,StatikkShiv,JeweledGauntlet
5,EUW1_5971763951,TFT7_Augment_CavalierEmblem,TFT6_Augment_Electrocharge3,TFT7_Augment_SwiftshotPressTheAttack,1.0,,1.0,1.0,,2.0,,,,,4.0,,0.0,,,0.0,1.0,,,,,,,1.0,1.0,,0.0,,,,,,,,,,,,,,,,,,,,,,1.0,,,,,,,,,,,,,,,,,,,,,,,,,,,,,,,,,,,,,,,,,,,,2.0,,,,,,,,,,,,,,,,,,,,,,,,,,,,,,,,,,,,,,,,,,,,,,,,,,,,,,,,,,,,2.0,DragonsClaw,ChainVest,HextechGunblade,,,,,2.0,IonicSpark,,,,,,,2.0,,,,,,,,,,,,2.0,,,,,,,,,,,,,,,,,,,,,,,,,,,,,,,,1.0,HextechGunblade,CavalierEmblemItem,FrozenHeart,,,,,,,,,,,None,None,,,,,2.0,,,,,,,,,,,,,,,,2.0,GuinsoosRageblade,GuardianAngel,MadredsBloodrazor,,,,,,,,,,,,
2,EUW1_5971763951,TFT7_Augment_GuildLoot,TFT6_Augment_Distancing3,TFT6_Augment_SunfireBoard,1.0,,1.0,1.0,,,1.0,,,,2.0,0.0,,0.0,,0.0,,,,1.0,,,,,,,,3.0,,,,,,,,,,,,,,,,,,,,,1.0,WarmogsArmor,,,,,,,,,,,,,,,,,,,,,,,,,,,2.0,Quicksilver,Bloodthirster,GuinsoosRageblade,2.0,,,,,,,,,,,,,,,,,,,,,,,,,,,,,,,,,,,,,,,,,,,,,,,,,,,,,,,,2.0,Morellonomicon,WarmogsArmor,BrambleVest,,,,,,,,,,,,,,,,,1.0,FrozenHeart,Bloodthirster,UnstableConcoction,,,,,,,,,,,,,,,,,,,,,,,,,,,,,,,,,,,,,,,,,,,,,2.0,SparringGloves,,,,,,,2.0,GuardianAngel,MadredsBloodrazor,FrozenHeart,,,,,,,,,,,None,None,,,,,,,,,,,,,,,,,,,,,,,,,,,,,,,,,,,,
4,EUW1_5971803844,TFT6_Augment_Weakspot,TFT6_Augment_SecondWind1,TFT6_Augment_Diversify2,1.0,,,1.0,,1.0,,,,,3.0,,0.0,,,,1.0,,,,,,,1.0,1.0,,0.0,,,,,,,,,,,,,,,,,,,,,,,,,,,,,,,,,,,,,,,,,,,,,,,,,,,,,,,,,,,,,,,,,,1.0,,,,,,,,,,,,,,,,,,,,,,,,,,,,,,,,,,,,,,,,,,,,,,,,,,,,,,,,,,,,2.0,GargoyleStoneplate,Quicksilver,WarmogsArmor,,,,,2.0,,,,,,,,2.0,TitanicHydra,,,,,,,,,,,2.0,Zephyr,,,,,,,,,,,,,,,,,,,,,,,,,,,,,,,1.0,PowerGauntlet,,,,,,,,,,,,,None,None,,,,,1.0,,,,,,,,,,,,,,,,2.0,InfinityEdge,MadredsBloodrazor,GuinsoosRageblade,,,,,,,,,,,,
7,EUW1_5971803844,TFT6_Augment_ThrillOfTheHunt1,TFT7_Augment_BruiserTrait,TFT7_Augment_BestFriends2,,1.0,,2.0,,,1.0,,,,1.0,,,0.0,,,,,,,,,,1.0,,,,2.0,,,,,,,,,,,,,,,,,,,,,,,,,,,,,,,,,,,,,,,,,,,,,,,,,2.0,GuinsoosRageblade,,,,,,,,,,,,,,,,,,,,,,,3.0,RedBuff,,,,,,,,,,,,,,,,,,,,,,,,,,,,,,,,,,,,,,,,,,,,,,,,,,,,,,,,,,,,,,,,,,,,,,,,,,,,,,,,,,,,,,,2.0,,,,,,,,,,,,,,,,2.0,Chalice,,,,,,,,,,,,,,,,,,,,,None,None,,,,,2.0,,,,3.0,RunaansHurricane,Deathblade,GuinsoosRageblade,,,,,,,,,,,,,,,,,,,,,,,,
6,EUW1_5971803844,TFT7_Augment_BandOfThieves1,TFT6_Augment_Weakspot,TFT7_Augment_MikaelsGift,0.0,,,2.0,,,,0.0,,,,,0.0,0.0,0.0,,0.0,,1.0,,0.0,,,,1.0,,2.0,0.0,2.0,SeraphsEmbrace,LastWhisper,,,,,,,,,,,,,,,,,,,,,,,,,,,,,,2.0,ThiefsGloves,NegatronCloak,DragonsClaw,,,,,,,,,,,,,,,,,,,,,,,,,,,,,,,,,,,,,,,,,,,,,,,,,,,,,1.0,,,,,,,,,,,,,,,,,,,,,,,,,,,,,,,,2.0,Bloodthirster,Quicksilver,GuinsoosRageblade,1.0,TearOfTheGoddess,,,,,,,,,,,,,,,,,,,,,,,,,,,2.0,ZekesHerald,LocketOfTheIronSolari,,,,,,,,,,,,,,,,,,,,,,2.0,,,,,,,,,,,,,,,,,,,,,,None,None,,,,,,,,,,,,,,,,,,,,,,,,,,,,,2.0,,,,,,,
5,EUW1_5971803844,TFT6_Augment_PandorasItems,TFT6_Augment_ThrillOfTheHunt1,TFT7_Augment_CavalierEmblem,0.0,,,1.0,,3.0,,,,,3.0,,0.0,,0.0,,1.0,,,,,,,1.0,1.0,,0.0,,,,,,,,,,,,,,,,,,,,,,,,,,,,,,,,,,,,,,,,,,,,,,,,,,,,,,,,,,,,,,,,,,2.0,SeraphsEmbrace,,,,,,,,,,,,,,,,,,,,,,,,,,,,,,,,,,,,,,,,,,,,,,,,,,,1.0,,,,,,,,2.0,RedBuff,WarmogsArmor,,,,,,,,,,,,,,2.0,TempestEmblemItem,,,,,,,,,,,2.0,,,,,,,,,,,,,,,,,,,,,,,,,,,,,,,,2.0,CavalierEmblemItem,FrozenHeart,RecurveBow,,,,,,,,,,,None,None,,,,,2.0,ZekesHerald,,,,,,,,,,,,,,,2.0,MadredsBloodrazor,GuinsoosRageblade,MadredsBloodrazor,,,,,,,,,,,,
1,EUW1_5971803844,TFT6_Augment_Electrocharge1,TFT6_Augment_ItemGrabBag1,TFT6_Augment_ThrillOfTheHunt2,,,1.0,1.0,,1.0,1.0,,,,1.0,0.0,0.0,1.0,,0.0,0.0,,0.0,,0.0,1.0,1.0,,2.0,,,0.0,,,,,,,,,1.0,ArchangelsStaff,MadredsBloodrazor,SpearOfShojin,,,,,,,,,2.0,,,,,,,,,,,,,,,,,,,,,,,,,,,,,,,,,,,,,,,,,,,,2.0,WarmogsArmor,LocketOfTheIronSolari,,,,,,,,,,,,,,,,,,,,,,,,,,,,,,1.0,,,,,,,,,,,,,,,,,,,,,,,,,,,,2.0,,,,,,,,,,,,,,,,,,,,,,,,,,,,,,,,,,,,,,,,,,,,2.0,Chalice,,,,,,,2.0,RedBuff,WarmogsArmor,,,,,,,,,,,,,,,,,,,,None,None,,,,,,,,,,,,,,,,,,,,,,,,,,,,,,,,,2.0,JeweledGauntlet,JeweledGauntlet,GuinsoosRageblade
2,EUW1_5971803844,TFT7_Augment_AFK,TFT6_Augment_LudensEcho1,TFT7_Augment_UrfsGrabBag1,1.0,,1.0,0.0,,2.0,,,,1.0,4.0,,,0.0,,0.0,0.0,,2.0,,,,,,,,0.0,,,,,,,,,,,,,,,,,,,,,,1.0,,,,3.0,GargoyleStoneplate,WarmogsArmor,,,,,,2.0,RedBuff,InfinityEdge,RabadonsDeathcap,,,,,,,,,,,,,,,,,,,,,,,,,,,,,1.0,,,,,,,,,,,,,,,,,,,,,,,,,,,,,,,,3.0,IonicSpark,MadredsBloodrazor,UnstableConcoction,,,,,,,,,,,,,,,,,,,,,2.0,ThiefsGloves,Morellonomicon,IonicSpark,,,,,,,,,,,,,2.0,,,,2.0,GuardianEmblemItem,,,,,,,,,,,,,,,,,,,,,,,,,,,,,,,,,,,,,,,,,,,2.0,,,,,,,,,,,,,,None,None,,,,,,,,,,,,,,,,,,,,,,,,,,,,,,,,,,,,
3,EUW1_5971803844,TFT7_Augment_RevelTrait,TFT6_Augment_PandorasItems,TFT7_Augment_CannoneerRicochet,,,,1.0,2.0,,,,1.0,,,,,,,0.0,0.0,4.0,,,,,,,,1.0,0.0,,,,,,,,,,,,,,,,,,,,,,,,,,,,,,2.0,InfinityEdge,GuinsoosRageblade,MadredsBloodrazor,,,,,,,,,,,,,,,,,,,,,,,,,,,,,,,,,,,,,,,,,,,,,2.0,,,,,,,,,,,,,,,,,,,,,,,,2.0,PowerGauntlet,,,,,,,,,,,,,,,,,,,,,,,,,,,,,,,,,,,,,,,,,,,,,,,,,,,2.0,IonicSpark,,,,,,,,,,,2.0,RecurveBow,,,,,,,,,,,,,,,2.0,WarmogsArmor,RedBuff,BrambleVest,,,,,,,,,,,,,3.0,TrainerSnax,None,None,2.0,,,,,,,,,,,,,,,,,,,,,,,,,,,,,,,,,,,
8,EUW1_5971803844,TFT7_Augment_GuardianTrait,TFT7_Augment_MirageTrait,TFT6_Augment_SunfireBoard,,,,,,0.0,1.0,,,2.0,,0.0,,,3.0,,,,,,,,,,,,0.0,0.0,,,,,,,,,,,,,,,,,,,,,,,,,,,,,,,,,,,,,1.0,StatikkShiv,,,,,,,,,,,,,,,,,,,,,,,,,,,,,,,,,,,,,,,,,,,,,,,,,,,,,,,2.0,,,,,,,,,,,,,,,,,,,,,,,,2.0,,,,,,,,,,,,,,,,,,,,,,,,,,,,,,,,,,,,,,,,,,,,,,,,,,,,,,,,,,,,,,,,,,,,,,,,2.0,,,,2.0,,,,,,None,None,,,,,,,,,,,,,,,,,,,,,,,,,,,,,2.0,InfinityEdge,NegatronCloak,GuinsoosRageblade,,,,
4,EUW1_5971965738,TFT7_Augment_ShimmerscaleEmblem,TFT6_Augment_MakeshiftArmor1,TFT7_Augment_DragonAlliance,,,1.0,0.0,,,2.0,,,1.0,1.0,,,0.0,2.0,0.0,,,,,2.0,1.0,,,,,,1.0,,,,,,,,,,,,,,,,,,,,,1.0,PowerGauntlet,,,,,,,,,,,,,,,2.0,UnstableConcoction,JeweledGauntlet,InfinityEdge,2.0,GargoyleStoneplate,Zephyr,Shroud,,,,,2.0,UnstableConcoction,UnstableConcoction,Bloodthirster,,,,,,,,,,,,,,,,,,,,,,,,,,,,,,,,,,,,,,,,,2.0,ShimmerscaleEmblemItem,GargoyleStoneplate,,,,,,,,,,,,,,,,,,,,,,,,,,,,,,,,,,,,,,,,,,,,,,,,,,,,,,,,,,,,,,,,,,,,,,,,,,,,,,,,,,,,,,,,,,,,,,,,,,,,,,,,None,None,,,,,,,,,,,,,,,,,,,,,,,,,,,,,,,,,1.0,ShimmerscaleGamblersBlade,ShimmerscaleDravensAxe,
6,EUW1_5971965738,TFT6_Augment_TriForce1,TFT7_Augment_WarriorTrait,TFT7_Augment_AssassinEmblem,2.0,,,1.0,,0.0,1.0,0.0,,,,,,0.0,0.0,,0.0,,0.0,,,,,,,,2.0,2.0,,,,,,,,,,,,,,,,,,,,,,,,,,,,,,,,,3.0,Redemption,RedBuff,IonicSpark,,,,,,,,,,,,,1.0,AssassinEmblemItem,InfinityEdge,UnstableConcoction,,,,,,,,,,,,,,,,,,,,,,,,,,,,,,,,,,,,,,,,,,,,,2.0,,,,,,,,,,,,,,,,,,,,,,,,2.0,InfinityEdge,AssassinEmblemItem,GuinsoosRageblade,,,,,1.0,WarriorEmblemItem,,,,,,,,,,,,,,,,,,,,,,,2.0,,,,,,,,,,,,,,,,,,,,,,,,,,,,,,,,,,,,,,,,,,,,,,None,None,,,,,,,,,,,,,,,,,,,,,,,,,1.0,,,,,,,,,,,
5,EUW1_5971965738,TFT6_Augment_Distancing,TFT6_Augment_PandorasItems,TFT6_Augment_SecondWind2,1.0,,,1.0,,1.0,,,,,3.0,,0.0,,,,1.0,,,,,,,1.0,1.0,,0.0,,,,,,,,,,,,,,,,,,,,,,,,,,,,,,,,,,,,,,,,,,,,,,,,,,,,,,,,,,,,,,,,,,2.0,BrambleVest,,,,,,,,,,,,,,,,,,,,,,,,,,,,,,,,,,,,,,,,,,,,,,,,,,,,,,,,,,,2.0,BrambleVest,TitanicHydra,,,,,,2.0,,,,,,,,2.0,,,,,,,,,,,,2.0,,,,,,,,,,,,,,,,,,,,,,,,,,,,,,,,2.0,Deathblade,RedBuff,FrozenHeart,,,,,,,,,,,None,None,,,,,1.0,,,,,,,,,,,,,,,,2.0,MadredsBloodrazor,Quicksilver,GuinsoosRageblade,,,,,,,,,,,,
1,EUW1_5971965738,TFT7_Augment_AFK,TFT6_Augment_FirstAidKit,TFT6_Augment_Ascension,,,1.0,,,,1.0,0.0,1.0,,1.0,2.0,0.0,,0.0,2.0,,,,0.0,,,1.0,,,0.0,0.0,,,,,,2.0,ArchangelsStaff,RabadonsDeathcap,StatikkShiv,,,,,,,,,,,,,2.0,PowerGauntlet,,,,,,,,,,,,,,,,,,,,,,,2.0,Quicksilver,Bloodthirster,TitansResolve,,,,,,,,,,,,,,,,,,,,,,,,,,,,,,,,,,,,,,,,,,,,,,,,,,,,,2.0,,,,,,,,2.0,RedBuff,JeweledGauntlet,FrozenHeart,,,,,,,,,,,,,,,,,,,,,,,,,,,,,,,,,,,,,,,,,,,,,,,,,,,,,,,,,1.0,,,,,,,,,,,,,,,,,,,,,,,,,,,,,,None,None,,,,,,,,,,,,,,,,,,,,,,,,,2.0,UnstableConcoction,,,,,,,,,,
8,EUW1_5971965738,TFT7_Augment_BestFriends1,TFT6_Augment_ThrillOfTheHunt1,TFT6_Augment_Ascension,,0.0,1.0,,,,1.0,0.0,,,1.0,0.0,,,,0.0,1.0,,,3.0,,,,,,,,0.0,,,,,,,,,,,,,,,,,,,,,1.0,,,,,,,,,,,,,,,,,,,,,,,,,,,,,,,,2.0,,,,,,,,1.0,,,,,,,,,,,,,,,,,,,,,,,,,,,,,,,,,,,,,,,,,,,,,,,,2.0,Redemption,,,3.0,GuinsoosRageblade,Deathblade,Quicksilver,,,,,,,,,,,,,,,,,,,,,,,,,,,,,,,,,,,,,,,,,1.0,RabadonsDeathcap,DragonsClaw,UnstableConcoction,,,,,,,,,,,,,1.0,,,,,,,,,,,,,,,,,,,,,,,,,,None,None,,,,,,,,,,,,,,,,,,,,,,,,,,,,,,,,,,,,
3,EUW1_5971965738,TFT7_Augment_AFK,TFT7_Augment_MirageTrait,TFT7_Augment_MirageHallucinate,,,1.0,,,2.0,1.0,0.0,,0.0,2.0,,,,4.0,0.0,0.0,,,,,,,,,,1.0,,,,,,,,,,,,,,,,,,,,,,1.0,StatikkShiv,,,,,,,,,,,,,,,2.0,MadredsBloodrazor,JeweledGauntlet,GuinsoosRageblade,,,,,,,,,,,,,,,,,,,,,,,,,1.0,,,,,,,,,,,,,,,,,,,,,,,,,,,,2.0,,,,,,,,,,,,,,,,,,,,,,,,2.0,WarmogsArmor,TitansResolve,,,,,,,,,,,,,,,,,,,,,,2.0,,,,,,,,,,,,,,,,,,,,,,,,,,,,,,,,,,,,,,,,,,,,,,,,,,,,,,,,,,None,None,,,,,,,,,,,,,,,,,,,,,,,,,1.0,SeraphsEmbrace,MadredsBloodrazor,BrambleVest,2.0,,,,,,,
2,EUW1_5971965738,TFT6_Augment_ThrillOfTheHunt1,TFT6_Augment_TinyTitans,TFT6_Augment_Distancing2,2.0,0.0,,2.0,,,1.0,,,,1.0,,0.0,0.0,,,,,,,,,,,1.0,,,2.0,,,,,,,,,,,,,,,,,,,,,,,,,,,,,,,,,,,,,,,,,,,,,,,,,2.0,InfinityEdge,UnstableConcoction,AssassinEmblemItem,,,,,,,,,,,,,,,,,,,,,2.0,RedBuff,IonicSpark,Redemption,,,,,,,,,,,,,,,,,,,,,,,,,,,,,,,,,,,,,,,,,,,,,,,,,2.0,,,,1.0,RabadonsDeathcap,PowerGauntlet,,2.0,,,,,,,,,,,,,,,,,,,,,,,,,,,,,,,,,,,,,,,,,,,,2.0,Shroud,,,,,,,2.0,RedBuff,Bloodthirster,InfinityEdge,,,,,,,,,,,None,None,,,,,,,,,,,,,,,,,,,,,,,,,,,,,,,,,,,,
7,EUW1_5971965738,TFT6_Augment_SecondWind1,TFT6_Augment_PandorasItems,TFT7_Augment_GuildEmblem,1.0,,,1.0,,1.0,,,,,4.0,,0.0,,,,1.0,,,,,,,1.0,1.0,,0.0,,,,,,,,,,,,,,,,,,,,,,,,,,,,,,,,,,,,,,,,,,,,,,,,,,,,,,,,,,,,,,,,,,1.0,,,,,,,,,,,,,,,,,,,,,,,,,,,,,,,,,,,,,,,,,,,,,,,,,,,,,,,,,,,,1.0,DragonsClaw,BrambleVest,,,,,,2.0,GuildEmblemItem,Shroud,,,,,,2.0,,,,,,,,,,,,2.0,,,,,,,,,,,,,,,,,,,,,,,,,,,,,,,,2.0,RedBuff,ZekesHerald,,,,,,,,,,,,None,None,,,,,2.0,,,,,,,,,,,,,,,,1.0,Quicksilver,GuinsoosRageblade,MadredsBloodrazor,,,,,,,,,,,,
7,EUW1_5972144756,TFT6_Augment_Traitless2,TFT6_Augment_Ascension,TFT6_Augment_ComponentGrabBag,,0.0,,0.0,,0.0,,0.0,0.0,0.0,,0.0,0.0,,,,0.0,,0.0,0.0,0.0,,,,0.0,,,,,,,,2.0,StatikkShiv,SpearOfShojin,ArchangelsStaff,,,,,,,,,,,,,,,,,2.0,,,,,,,,,,,,,,,,,,,,,,,,,,,,,,,,,,,,,,,,1.0,,,,,,,,2.0,,,,,,,,,,,,,,,,1.0,,,,,,,,,,,,,,,,,,,,1.0,BrambleVest,GargoyleStoneplate,,,,,,,,,,,,,,,,,,,,,,,,,,,,,,,,,,,,,,,,,,,,,,,,,,,,,,,,,,,,,,,,,,,,,,,,,,,,,,,,,,,,,,,,None,None,,,,,,,,,,,,,,,,,2.0,UnstableConcoction,Quicksilver,GuinsoosRageblade,,,,,,,,,,,,,,,,
6,EUW1_5972144756,TFT6_Augment_TargetDummies,TFT6_Augment_ComponentGrabBag,TFT7_Augment_MikaelsGift,,,,,1.0,,1.0,,1.0,1.0,,,,,,0.0,,1.0,,,1.0,,,,,1.0,,0.0,,,,,,,,,,,,,,,,,,,,,,,,,,,,,2.0,InfinityEdge,MadredsBloodrazor,GuinsoosRageblade,,,,,,,,,1.0,GargoyleStoneplate,RedBuff,WarmogsArmor,,,,,,,,,,,,,,,,,,,,,,,,,,,,,,,,,,,,,,,,,,,,,,,,,,,,,,,,,2.0,LocketOfTheIronSolari,PowerGauntlet,,,,,,,,,,,,,,,,,,,,,,,,,,,,,,,,,,,,,,,,,,,,,,,,,,,,,,,,,,,,,,1.0,SpearOfShojin,ShimmerscaleGamblersBlade,,,,,,,,,,,,,,,,,,,,,,,,,,2.0,BrambleVest,Shroud,,3.0,TrainerSnax,None,None,2.0,SparringGloves,,,,,,,,,,,,,,,,,,,,,,,,,,,,,,,,,,
3,EUW1_5972144756,TFT6_Augment_CyberneticImplants2,TFT7_Augment_MikaelsGift,TFT6_Augment_Diversify2,1.0,,,1.0,,0.0,1.0,,,,2.0,,0.0,,,,2.0,,,0.0,,,,1.0,1.0,,0.0,,,,,,,,,,,,,,,,,,,,,,,,,,,,,,,,,,,,,,,,,,,,,,,,,,,,,,,,,,,,,,,,,,2.0,,,,,,,,,,,,,,,,,,,,,,,,,,,,,,,,,,,,,,,,,,,,,,,,,,,,,,,,,,,,2.0,LocketOfTheIronSolari,LocketOfTheIronSolari,DragonsClaw,,,,,2.0,,,,,,,,,,,,,,,,,,,,2.0,,,,1.0,,,,,,,,,,,,,,,,,,,,,,,,,,,,2.0,FrozenHeart,MadredsBloodrazor,,,,,,,,,,,,None,None,,,,,2.0,ZekesHerald,SparringGloves,,,,,,,,,,,,,,2.0,MadredsBloodrazor,GuinsoosRageblade,Quicksilver,,,,,,,,,,,,
8,EUW1_5972144756,TFT6_Augment_CyberneticImplants2,TFT6_Augment_SalvageBin,TFT6_Augment_SecondWind2,0.0,,,0.0,,,1.0,0.0,,,,2.0,,,,0.0,1.0,,,1.0,0.0,,,1.0,,,0.0,,,,,,,,,,,,,,2.0,StatikkShiv,,,,,,,,,,,,,,,,,,,,,,,,,,,,,,,2.0,Bloodthirster,TitansResolve,GuinsoosRageblade,,,,,,,,,,,,,2.0,,,,,,,,,,,,,,,,,,,,,,,,1.0,,,,,,,,,,,,,,,,,,,,,,,,1.0,ThiefsGloves,SeraphsEmbrace,ArchangelsStaff,,,,,,,,,,,,,,,,,,,,,,,,,,,,,,,,,,,,,,,,,2.0,,,,,,,,,,,,,,,,,,,,,,,,,,,,,,,,,,,,,,,,,,,,,,None,None,,,,,,,,,,,,,,,,,,,,,2.0,UnstableConcoction,JeweledGauntlet,InfinityEdge,,,,,,,,,,,,
4,EUW1_5972144756,TFT7_Augment_JadeTrait,TFT6_Augment_PortableForge,TFT7_Augment_FirstAidKit2,,,1.0,,,,1.0,,0.0,0.0,1.0,3.0,0.0,,,1.0,,,,1.0,,,1.0,,,,,,,,,,2.0,HextechGunblade,,,,,,,,,,,,,,,1.0,,,,,,,,,,,,,,,,,,,,,,,,2.0,InfinityEdge,UnstableConcoction,OrnnTheCollector,,,,,,,,,,,,,2.0,RedBuff,TitanicHydra,,,,,,,,,,,,,,,,,,,,,,,,,,,,,,,,,,,,,,,,,,,,,,2.0,BrambleVest,DragonsClaw,Redemption,,,,,,,,,,,,,,,,,,,,,,,,,,,,,,,,,,,,,,,,,,,,,,,,,,,,,,,,,1.0,Chalice,,,,,,,,,,,,,,,,,,,2.0,,,,,,,,,,None,None,,,,,,,,,,,,,,,,,,,,,,,,,,,,,,,,,,,,
2,EUW1_5972144756,TFT7_Augment_UrfsGrabBag1,TFT6_Augment_ComponentGrabBag,TFT6_Augment_CyberneticUplink2,,,,,,4.0,1.0,0.0,0.0,,1.0,,,0.0,3.0,,0.0,0.0,0.0,,,,,,,,0.0,,,,,,,,,,,,,,,,,,,,,,,,,,,,,,,,,,,,,,2.0,GuinsoosRageblade,MadredsBloodrazor,JeweledGauntlet,,,,,,,,,,,,,,,,,,,,,,,,,2.0,MirageEmblemItem,Shroud,GargoyleStoneplate,,,,,,,,,,,,,,,,,,,,,,,,,,,,,2.0,DragonsClaw,,,,,,,,,,,,,,,,,,,2.0,Chalice,ZekesHerald,Chalice,,,,,,,,,,,,,,,,,,,,,2.0,Shroud,,,,,,,,,,,,,,,,,,,,,,,1.0,ChainVest,,,,,,,,,,,,,,,,,,,,,,,,,,,,,,,,,None,None,,,,,,,,,,,,,,,,,,,,,,,,,1.0,CavalierEmblemItem,,,,,,,,,,
5,EUW1_5972144756,TFT6_Augment_CyberneticShell2,TFT6_Augment_RichGetRicherPlus,TFT7_Augment_CannoneerHotShot,,,,,2.0,,1.0,,1.0,1.0,,,,,,0.0,,2.0,0.0,,1.0,,,,,1.0,,,,,,,,,,,,,,,,,,,,,,,,,,,1.0,RedBuff,,,2.0,RunaansHurricane,ShimmerscaleGamblersBlade,GuinsoosRageblade,,,,,,,,,1.0,DragonsClaw,BrambleVest,GargoyleStoneplate,,,,,,,,,,,,,,,,,,,,,,,,,,,,,,,,,2.0,ThiefsGloves,PowerGauntlet,Shroud,,,,,,,,,,,,,,,,,,,,,2.0,TearOfTheGoddess,,,,,,,,,,,,,,,,,,,,,,,,,,,,,,,,,,,,,,,,,,,,,,,,,,,,,,,,,,,,,,,2.0,TearOfTheGoddess,,,,,,,,,,,,,,,,,,,,,,,,,,,,,,,4.0,TrainerSnax,None,None,2.0,,,,,,,,,,,,,,,,,,,,,,,,,,,,,,,,,,,
1,EUW1_5972144756,TFT7_Augment_MageEmblem,TFT7_Augment_UrfsGrabBag1,TFT7_Augment_FirstAidKit2,,1.0,,1.0,,,,,1.0,,1.0,,,3.0,,1.0,,0.0,,,,,,,,1.0,,0.0,,,,,,,,,,,,,,,,,,,,,,,,,,,,,,,,,,,,,,,,,,,,,,,,,,,,,,,,,,,,,,,,,,,,,2.0,,,,3.0,TitanicHydra,MageEmblemItem,,,,,,,,,,,,,,,,,,,,,,,,,,1.0,,,,3.0,,,,,,,,,,,,,,,,,,,,,,,,,,,,,,,,3.0,SpearOfShojin,HextechGunblade,ArchangelsStaff,,,,,,,,,,,,,,,,,,,,,,,,,2.0,UnstableConcoction,MageEmblemItem,Morellonomicon,,,,,,,,,2.0,GargoyleStoneplate,RedBuff,TitansResolve,,,,,,,,,,,,,,,,,4.0,TrainerSnax,None,None,,,,,,,,,,,,,3.0,,,,,,,,,,,,,,,,,,,,,,,
7,EUW1_5972668215,TFT6_Augment_RadiantRelics,TFT6_Augment_LudensEcho1,TFT7_Augment_MageEmblem,,0.0,,1.0,,,1.0,,0.0,,,,0.0,2.0,,1.0,,,,,,,,,2.0,1.0,,0.0,,,,,,,,,1.0,MageEmblemItem,Bloodthirster,ArchangelsStaff,,,,,,,,,,,,,,,,,,,,,,,,,,,,,,,,,,,,,,,,,,,,,,,,,,,,,,,,,2.0,ForceOfNature,,,,,,,,,,,,,,,,,,,,,,,,,,,,,,,2.0,MageEmblemItem,,,2.0,,,,,,,,,,,,,,,,,,,,1.0,ThiefsGloves,TearOfTheGoddess,FrozenHeart,,,,,,,,,,,,,,,,,,,,,,,,,,,,,,,,,,,,,,,,,,,,,,,,,1.0,DragonsClawRadiant,TitanicHydra,TitanicHydra,,,,,,,,,,,,,,,,,3.0,TrainerSnax,None,None,,,,,,,,,,,,,2.0,,,,,,,,,,,,,,,,,,,,,,,
8,EUW1_5972668215,TFT6_Augment_CyberneticShell3,TFT6_Augment_Diversify1,TFT7_Augment_ScalescornEmblem,,,,0.0,,2.0,,,,1.0,1.0,0.0,,0.0,1.0,,,,2.0,,,,1.0,,,,0.0,,,,,,,,,,,,,,,,,,,,,,,,,,3.0,TearOfTheGoddess,,,,,,,,,,,,,,,,,,,,,,,,,,,,,,,,,,,,,,,,,,,,,,,,,,,,,,,,,,,,,,,,,,,1.0,Spatula,,,3.0,Bloodthirster,ArchangelsStaff,IonicSpark,,,,,,,,,,,,,,,,,2.0,ForceOfNature,ScalescornEmblemItem,,2.0,,,,,,,,,,,,,,,,,,,,2.0,,,,,,,,,,,,,,,,,,,,,,,,,,,,1.0,GiantsBelt,,,,,,,,,,,,,,,,,,,,,,,,,,,,,None,None,,,,,,,,,,,,,,,,,,,,,,,,,,,,,,,,,,,,
4,EUW1_5972668215,TFT7_Augment_CavalierEmblem2,TFT6_Augment_CyberneticUplink1,TFT7_Augment_BestFriends2,,,,,,4.0,1.0,,0.0,0.0,1.0,,,0.0,3.0,0.0,0.0,,0.0,,,,,,,0.0,0.0,,,,,,,,,,,,,,,,,,,,,,,,,,,,,,,,,,,,,,2.0,ArchangelsStaff,InfinityEdge,JeweledGauntlet,,,,,,,,,,,,,,,,,,,,,,,,,2.0,RecurveBow,,,,,,,,,,,,,,,,,,,,,,,,,,,2.0,,,,2.0,NegatronCloak,,,1.0,SeraphsEmbrace,,,,,,,,,,,,,,,2.0,RedBuff,IonicSpark,DragonsClaw,,,,,,,,,,,,,,,,,,,,,2.0,ForceOfNature,,,,,,,,,,,,,,,,,,,,,,,,,,,,,,,,,,,,,,,,,,,,,,,,,,,,,,,,,None,None,,,,,,,,,,,,,,,,,,,,,,,,,,,,,2.0,CavalierEmblemItem,,,,,,
5,EUW1_5972668215,TFT7_Augment_CursedCrown,TFT7_Augment_BandOfThieves1,TFT6_Augment_CyberneticImplants2,1.0,,,2.0,,2.0,,,,,3.0,,0.0,0.0,0.0,,1.0,,0.0,,,,,1.0,1.0,,1.0,0.0,,,,,,,,,,,,,,,,,,,,,,,,,,,,,,,,,,,,,,,,,,,,,,,,,,,,,,,,,,,,,,,,,1.0,,,,,,,,,,,,,,,,,,,,,,,,,,,,,,,,,,,,,,,,,,,,,,,,,,,,1.0,,,,1.0,,,,2.0,GiantsBelt,,,,,,,2.0,ChainVest,,,,,,,1.0,,,,,,,,,,,,2.0,ThiefsGloves,Chalice,RabadonsDeathcap,,,,,,,,,,,,,,,,,,,,,1.0,,,,,,,,2.0,RedBuff,RecurveBow,MadredsBloodrazor,,,,,,,,,,,None,None,,,,,2.0,ForceOfNature,,,,,,,,,,,,,,,2.0,MadredsBloodrazor,Quicksilver,GuinsoosRageblade,,,,,,,,,,,,
2,EUW1_5972668215,TFT6_Augment_Meditation3,TFT7_Augment_BestFriends1,TFT7_Augment_SwiftshotPressTheAttack,1.0,1.0,,1.0,,,,,0.0,,2.0,,,1.0,,1.0,,,,,,,,1.0,,1.0,,1.0,,,,,,,,,,,,,,,,,,,,,,,,,,,,,,,,,,,,,,,,,,,,,,,,,,,,,,,,,,,,,,,,,,,,,2.0,,,,3.0,,,,,,,,,,,,,,,,,,,,,,,,,,,,2.0,,,,3.0,,,,,,,,,,,,,,,,,,,,,,,,1.0,Quicksilver,HextechGunblade,,,,,,,,,,,,,,,,,,,,,,,,,,,,,,,,,,,,,,,,,,,,,,2.0,TitanicHydra,GargoyleStoneplate,DragonsClaw,,,,,2.0,Deathblade,RapidFireCannon,InfinityEdge,,,,,,,,,4.0,TrainerSnax,None,None,,,,,2.0,,,,3.0,MadredsBloodrazor,GuinsoosRageblade,UnstableConcoction,,,,,,,,,,,,,,,,,,,,,,,,
6,EUW1_5972668215,TFT6_Augment_ThriftShop,TFT7_Augment_MysticTrait,TFT6_Augment_Distancing2,,0.0,,1.0,,,,,1.0,,1.0,0.0,,2.0,,2.0,,0.0,,,0.0,1.0,1.0,,,1.0,,0.0,,,,,,,,,,,,,,,,,,,,,,,,,,,,,,,,,,,,,,,,,,,,,,,,,,,,,,,,,,,,,,,,,,,,,2.0,,,,,,,,,,,,,,,,,,,,,,,,,,,,,,,,2.0,,,,3.0,StatikkShiv,SpearOfShojin,,,,,,,,,,,,,,,,,,,,,,,,,,,,,,1.0,,,,,,,,,,,,,,,,,,,,,,,,3.0,WarmogsArmor,,,1.0,,,,1.0,,,,,,,,2.0,WarmogsArmor,WarmogsArmor,,,,,,,,,,,,,,,,,,3.0,TrainerSnax,None,None,,,,,,,,,,,,,,,,,,,,,,,,,,,,,,,,,2.0,SpearOfShojin,,
3,EUW1_5972668215,TFT7_Augment_BruiserEmblem2,TFT7_Augment_BestFriends1,TFT7_Augment_BruiserTitanicStrength,0.0,0.0,,4.0,,,1.0,,,,1.0,,0.0,0.0,,,0.0,0.0,,,,,,,0.0,,0.0,2.0,,,,,,,,,,,,,,,,,,,,,,,,,,,,,,,,,,,,,,,,,,,,,,,,,2.0,Bloodthirster,InfinityEdge,Quicksilver,,,,,,,,,,,,,,,,,,,,,2.0,ChainVest,,,,,,,,,,,,,,,,,,,,,,,,,,,,,,,,,,,,,,,,,,,,,,,,,,,1.0,Morellonomicon,,,,,,,,,,,,,,,,,,,,,,,,,,,2.0,Redemption,BrambleVest,,,,,,2.0,StatikkShiv,,,,,,,,,,,,,,,2.0,Redemption,FrozenHeart,GargoyleStoneplate,2.0,,,,2.0,BruiserEmblemItem,GuardianAngel,SpearOfShojin,,,,,,,,,,,None,None,,,,,,,,,,,,,,,,,,,,,,,,,,,,,,,,,,,,
1,EUW1_5972668215,TFT7_Augment_UrfsGrabBag2,TFT6_Augment_Weakspot,TFT6_Augment_PortableForge,,,1.0,1.0,2.0,,,,1.0,,1.0,,,1.0,,1.0,,3.0,,,0.0,1.0,,,,1.0,,0.0,,,,,,,,,,,,,,,,,,,,,1.0,Chalice,,,,,,,2.0,LastWhisper,OrnnTheCollector,InfinityEdge,,,,,,,,,,,,,,,,,,,,,,,,,,,,,,,,,,,,,,,,,,,,,2.0,ThiefsGloves,RecurveBow,TitanicHydra,,,,,,,,,,,,,,,,,,,,,2.0,,,,,,,,,,,,,,,,,,,,,,,,,,,,,,,,,,,,,,,,,,,,,,,,,,,,,,,,,,,,,,,,2.0,MageEmblemItem,Morellonomicon,,,,,,,,,,2.0,RedBuff,GargoyleStoneplate,IonicSpark,1.0,TitanicHydra,,,,,,,,,,,,,,,4.0,TrainerSnax,None,None,2.0,,,,,,,,,,,,,,,,,,,,,,,,,,,,,,,,1.0,ZekesHerald,ZekesHerald,PowerGauntlet
7,EUW1_5970852152,TFT6_Augment_SecondWind2,TFT6_Augment_ItemGrabBag1,TFT6_Augment_PandorasItems,,0.0,,1.0,,,,,0.0,,1.0,0.0,,2.0,,1.0,,,,,0.0,1.0,1.0,,,1.0,,0.0,,,,,,,,,,,,,,,,,,,,,,,,,,,,,,,,,,,,,,,,,,,,,,,,,,,,,,,,,,,,,,,,,,,,,2.0,,,,2.0,,,,,,,,,,,,,,,,,,,,,,,,,,,,1.0,,,,3.0,TearOfTheGoddess,GuardianAngel,,,,,,,,,,,,,,,,,,,,,,,,,,,,,,2.0,SpearOfShojin,HextechGunblade,ArchangelsStaff,,,,,,,,,,,,,,,,,,,,,,,,,,,,,1.0,,,,,,,,2.0,FrozenHeart,GargoyleStoneplate,RedBuff,,,,,,,,,,,,,,,,,2.0,TrainerSnax,None,None,,,,,,,,,,,,,,,,,,,,,,,,,,,,,,,,,1.0,BFSword,,
2,EUW1_5970852152,TFT7_Augment_UrfsGrabBag1,TFT6_Augment_Distancing,TFT6_Augment_Diversify1,,,,,1.0,,1.0,0.0,1.0,1.0,,0.0,,,0.0,0.0,,1.0,0.0,,1.0,,1.0,,,1.0,0.0,,,,,,,,,,,,,,,,,,,,,,,,,,2.0,,,,2.0,MadredsBloodrazor,UnstableConcoction,GuinsoosRageblade,,,,,,,,,2.0,RedBuff,GargoyleStoneplate,WarmogsArmor,,,,,,,,,,,,,,,,,,,,,,,,,,,,,,,,,,,,,,,,,,,,,,,,,,,,,,,,,2.0,,,,,,,,,,,,,,,,,,,,,,,,,,,,,,,,,,,,,,,,,,,,,,,,,,,,,,,,,,,,,,,,2.0,UnstableConcoction,FrozenHeart,GuardianAngel,1.0,,,,,,,,,,,,,,,,,,,,,,,,,,,,4.0,TrainerSnax,None,None,2.0,RunaansHurricane,ShimmerscaleDravensAxe,MadredsBloodrazor,,,,,,,,,,,,,,,,,,,,,1.0,,,,,,,,,,,
6,EUW1_5970852152,TFT6_Augment_PortableForge,TFT6_Augment_Electrocharge1,TFT6_Augment_Recombobulator,1.0,,,1.0,,1.0,,,,,3.0,,0.0,,,,1.0,,,,,,,1.0,1.0,,0.0,,,,,,,,,,,,,,,,,,,,,,,,,,,,,,,,,,,,,,,,,,,,,,,,,,,,,,,,,,,,,,,,,,2.0,SeraphsEmbrace,,,,,,,,,,,,,,,,,,,,,,,,,,,,,,,,,,,,,,,,,,,,,,,,,,,,,,,,,,,2.0,OrnnEternalWinter,RedBuff,GargoyleStoneplate,,,,,1.0,,,,,,,,2.0,Zephyr,,,,,,,,,,,2.0,,,,,,,,,,,,,,,,,,,,,,,,,,,,,,,,1.0,Bloodthirster,FrozenHeart,,,,,,,,,,,,None,None,,,,,2.0,,,,,,,,,,,,,,,,2.0,MadredsBloodrazor,Quicksilver,,,,,,,,,,,,,
4,EUW1_5970852152,TFT7_Augment_Bloodlust1,TFT6_Augment_Recombobulator,TFT6_Augment_Meditation1,,,,,1.0,,1.0,,1.0,1.0,,0.0,,,,0.0,,1.0,0.0,,1.0,,1.0,,,1.0,,,,,,,,,,,,,,,,,,,,,,,,,,,2.0,Morellonomicon,Shroud,,2.0,RunaansHurricane,ShimmerscaleDravensAxe,InfinityEdge,,,,,,,,,2.0,DragonsClaw,RedBuff,WarmogsArmor,,,,,,,,,,,,,,,,,,,,,,,,,,,,,,,,,,,,,,,,,,,,,,,,,,,,,,,,,1.0,,,,,,,,,,,,,,,,,,,,,,,,,,,,,,,,,,,,,,,,,,,,,,,,,,,,,,,,,,,,,,,,2.0,RabadonsDeathcap,SeraphsEmbrace,UnstableConcoction,1.0,,,,,,,,,,,,,,,,,,,,,,,,,,,,1.0,TrainerSnax,None,None,2.0,InfinityEdge,,,,,,,,,,,,,,,,,,,,,,,,,,,,,,,,,,
5,EUW1_5970852152,TFT6_Augment_Meditation2,TFT7_Augment_BruiserTrait,TFT7_Augment_MageTrait,,,,2.0,,,1.0,,1.0,,,,0.0,2.0,,0.0,,0.0,,,0.0,1.0,,,0.0,1.0,,2.0,,,,,,,,,,,,,,,,,,,,,,,,,,,,,,,,,,,,,,,,,,,,,,,,,2.0,Bloodthirster,GuinsoosRageblade,TitansResolve,,,,,,,,,,,,,,,,,2.0,,,,,,,,,,,,,,,,,,,,,,,,,,,,,,,,2.0,,,,,,,,,,,,,,,,,,,,,,,,2.0,,,,,,,,,,,,,,,,,,,,,,,,,,,,,,,,,,,,,,,,1.0,MageEmblemItem,ZekesHerald,,,,,,,,,,2.0,Redemption,WarmogsArmor,RedBuff,,,,,,,,,,,,,,,,,3.0,TrainerSnax,None,None,,,,,,,,,,,,,,,,,,,,,,,,,,,,,,,,,1.0,,,
8,EUW1_5970852152,TFT6_Augment_TriForce2,TFT6_Augment_ThrillOfTheHunt1,TFT6_Augment_Recombobulator,,,,,,,1.0,0.0,0.0,,,2.0,0.0,,,0.0,0.0,,,1.0,,,,1.0,,,,,,,,,2.0,SeraphsEmbrace,,,,,,,1.0,,,,,,,,,,,,,,,,,,,,,,,,,,,,,,,,2.0,,,,,,,,,,,,,,,,1.0,,,,,,,,,,,,,,,,,,,,,,,,,,,,,,,,,,,,,,,,,,,,,,,,1.0,,,,,,,,,,,,,,,,,,,,,,,,,,,,,,,,,,,,,,,,,,,,,,,,,,,,,,,,,,,,,,,,,,,,,,,,,,,,,,,,,,,,,,,,,,None,None,,,,,,,,,,,,,,,,,,,,,2.0,GuinsoosRageblade,InfinityEdge,,,,,,,,,,,,,
1,EUW1_5970852152,TFT6_Augment_SalvageBin,TFT6_Augment_FirstAidKit,TFT7_Augment_WhispersTrait,1.0,,1.0,2.0,,,1.0,0.0,,,2.0,,0.0,0.0,0.0,0.0,0.0,,,,,,,,0.0,,1.0,3.0,,,,,,,,,,,,,,,,,,,,,1.0,,,,,,,,,,,,,,,,,,,,,,,,,,,,2.0,UnstableConcoction,InfinityEdge,GuinsoosRageblade,,,,,,,,,,,,,,,,,,,,,,,,,,,,,,,,,,,,,,,,,,,,,,,,,,,,,,,,,,,,,,,,,,,,,,,,,2.0,,,,1.0,RedBuff,FrozenHeart,,,,,,,,,,,,,,,,,,,,,,2.0,,,,,,,,,,,,,,,,,,,,,,,,2.0,,,,,,,,3.0,FrozenHeart,InfinityEdge,IonicSpark,,,,,,,,,,,None,None,,,,,,,,,,,,,,,,,,,,,,,,,2.0,ZekesHerald,SeraphsEmbrace,,,,,,,,,
3,EUW1_5970852152,TFT6_Augment_CyberneticShell2,TFT6_Augment_PandorasItems,TFT7_Augment_BestFriends1,,1.0,1.0,1.0,,,,,,,3.0,,,1.0,,1.0,,,,,,,,1.0,,,,0.0,,,,,,,,,,,,,,,,,,,,,1.0,,,,,,,,,,,,,,,,,,,,,,,,,,,,,,,,,,,,,,,,,,,,,,,,,,,,3.0,Redemption,RedBuff,WarmogsArmor,,,,,,,,,,,,,,,,,,,,,,,,,,,,,3.0,ArchangelsStaff,JeweledGauntlet,GuardianAngel,,,,,,,,,,,,,,,,,,,,,,,,,,,,,2.0,,,,,,,,,,,,,,,,,,,,,,,,,,,,,,,,,,,,,,,,1.0,BrambleVest,,,,,,,,,,,,,,,,,,,,,None,None,,,,,2.0,,,,3.0,Deathblade,GuinsoosRageblade,RunaansHurricane,,,,,,,,,,,,,,,,,,,,,,,,
2,EUW1_5971146258,TFT6_Augment_Twins1,TFT6_Augment_SecondWind2,TFT7_Augment_BestFriends2,,0.0,,1.0,,,,,,,1.0,,0.0,,,,0.0,,,,,,,2.0,1.0,,,,,,,,,,,,,,,,,,,,,,,,,,,,,,,,,,,,,,,,,,,,,,,,,,,,,,,,,,,,2.0,NeedlesslyLargeRod,,,,,,,,,,,,,,,2.0,TitanicHydra,WarmogsArmor,Redemption,,,,,,,,,,,,,,,,,,,,,,,,,,,,,,,,,,,,,,,,,,,,,,,,,2.0,ThiefsGloves,Quicksilver,Deathblade,,,,,,,,,,,,,,,,,,,,,,,,,,,,,,,,,,,,,,,,,,,,,,,,,,,,,,,,,,,,,,,,,,,,,,,None,None,,,,,2.0,,,,2.0,Bloodthirster,MadredsBloodrazor,UnstableConcoction,,,,,,,,,2.0,,,,,,,,,,,,,,,
3,EUW1_5971146258,TFT7_Augment_BandOfThieves1,TFT6_Augment_SalvageBin,TFT7_Augment_BigFriend2,,,,,,,,2.0,,1.0,,1.0,0.0,,0.0,,0.0,,,0.0,0.0,,,0.0,0.0,,,,,,,,,,,,,,,,2.0,StatikkShiv,Morellonomicon,GuinsoosRageblade,,,,,,,,,,,,,,,,,,,,,,,,,,,,,,,,,,,,,,,,,,,,,,,,,,,,,,,,,,,,,,,,,3.0,SeraphsEmbrace,JeweledGauntlet,InfinityEdge,,,,,1.0,ChainVest,,,3.0,GargoyleStoneplate,Redemption,FrozenHeart,,,,,,,,,,,,,,,,,,,,,,,,,,,,,,,,,,,,,,,,,,,,,,,,,,,,,3.0,ThiefsGloves,ChainVest,IonicSpark,,,,,,,,,,,,,,,,,,,,,1.0,,,,,,,,,,,,,,,,3.0,ThiefsGloves,TitansResolve,ArchangelsStaff,,,,,,,None,None,,,,,,,,,,,,,,,,,1.0,,,,,,,,,,,,,,,,,,,
7,EUW1_5971146258,TFT6_Augment_Weakspot,TFT6_Augment_PortableForge,TFT6_Augment_ThrillOfTheHunt2,,,1.0,,1.0,,1.0,,1.0,1.0,1.0,,,,,1.0,,1.0,,,1.0,,,,,1.0,,0.0,,,,,,,,,,,,,,,,,,,,,1.0,,,,,,,,2.0,GuinsoosRageblade,UnstableConcoction,Quicksilver,,,,,,,,,2.0,OrnnRocketPropelledFist,DragonsClaw,ShimmerscaleDiamondHands,,,,,,,,,,,,,,,,,,,,,,,,,,,,,,,,,,,,,,,,,,,,,,,,,,,,,,,,,2.0,SeraphsEmbrace,,,,,,,,,,,,,,,,,,,,,,,,,,,,,,,,,,,,,,,,,,,,,,,,,,,,,,,,,,,,,,,2.0,,,,,,,,,,,,,,,,,,,,,,,,,,,,1.0,ChainVest,,,1.0,TrainerSnax,None,None,2.0,InfinityEdge,,,,,,,,,,,,,,,,,,,,,,,,,,,,,,,,,,
8,EUW1_5971146258,TFT6_Augment_CyberneticImplants1,TFT6_Augment_Diversify2,TFT7_Augment_CavalierEmblem,0.0,,,0.0,,2.0,1.0,,,0.0,2.0,,,,,,1.0,,,,1.0,,,1.0,,,0.0,,,,,,,,,,,,,,,,,,,,,,,,,,,,,,,,,,,,,,,,,,2.0,ShimmerscaleDiamondHands,CavalierEmblemItem,,,,,,,,,,,,,,,,,,,,,,1.0,GiantsBelt,,,,,,,,,,,,,,,,,,,,,,,,,,,,,,,,,,,,,,,,,,,,,,,,,,,,,,,,,,,,,,,,,,,,,,,,,,,,,,,,,,,,,,,2.0,,,,,,,,,,,,,,,,,,,,,,,,,,,,,,,,2.0,CavalierEmblemItem,,,,,,,,,,,,,None,None,,,,,2.0,RecurveBow,,,,,,,,,,,,,,,1.0,Quicksilver,MadredsBloodrazor,RapidFireCannon,,,,,,,,,,,,
1,EUW1_5971146258,TFT7_Augment_BandOfThieves1,TFT6_Augment_LudensEcho2,TFT6_Augment_SecondWind2,,0.0,,1.0,,,,,0.0,0.0,1.0,,,2.0,,1.0,,,,,0.0,1.0,,,,1.0,,1.0,,,,,,,,,,,,,,,,,,,,,,,,,,,,,,,,,,,,,,,,,,,,,,,,,,,,,,,,,,,,,,,,,,,,,2.0,,,,3.0,ThiefsGloves,LocketOfTheIronSolari,TitanicHydra,,,,,,,,,,,,,,,,,,,,,,,,,2.0,Shroud,,,3.0,SpearOfShojin,,,,,,,,,,,,,,,,,,,,,,,,,,,,,,,3.0,HextechGunblade,SpearOfShojin,JeweledGauntlet,,,,,,,,,,,,,,,,,,,,,,,,,,,,,,,,,,,,,2.0,GargoyleStoneplate,IonicSpark,FrozenHeart,,,,,,,,,,,,,1.0,,,,3.0,TrainerSnax,None,None,,,,,,,,,,,,,,,,,,,,,,,,,,,,,,,,,2.0,LastWhisper,,
6,EUW1_5971146258,TFT6_Augment_ThrillOfTheHunt1,TFT7_Augment_BestFriends2,TFT6_Augment_ComponentGrabBag,,,,1.0,,0.0,1.0,,,0.0,,,,,3.0,,0.0,,0.0,,,,,,,,1.0,,,,,,,,,,,,,,,,,,,,,,,,,,,,,,,,,,,,,,2.0,JeweledGauntlet,GuinsoosRageblade,InfinityEdge,,,,,,,,,,,,,,,,,,,,,,,,,,,,,,,,,,,,,,,,,,,,,,,,,,,,,2.0,,,,,,,,,,,,,,,,,,,,,,,,2.0,SeraphsEmbrace,,,2.0,,,,,,,,,,,,,,,,,,,,,,,,,,,,,,,,2.0,Redemption,BrambleVest,,,,,,,,,,,,,,,,,,,,,,,,,,,,,,,,,,,,,,,,,,,,None,None,,,,,,,,,,,,,,,,,,,,,,,,,,,,,2.0,GuinsoosRageblade,TitansResolve,,,,,
5,EUW1_5971146258,TFT6_Augment_ItemGrabBag1,TFT7_Augment_DragonAlliance,TFT6_Augment_SunfireBoard,,,,1.0,,,2.0,,,1.0,,0.0,,0.0,2.0,,,,0.0,,,,1.0,,,,,2.0,,,,,,,,,,,,,,,,,,,,,,,,,2.0,TearOfTheGoddess,,,,,,,,,,,2.0,ArchangelsStaff,JeweledGauntlet,StatikkShiv,,,,,,,,,2.0,TitansResolve,Bloodthirster,MadredsBloodrazor,,,,,,,,,,,,,,,,,,,,,,,,,,,,,,,,,,,,,,,,,2.0,PowerGauntlet,,,,,,,,,,,,,,,,,,,,,,,,,,,,,,,,,,,,,,,,,,,,,,,,,,,,,,,,,,,,,,,,,,,,,,,,,,,1.0,SpearOfShojin,,,,,,,2.0,,,,,,,,,,,,,,,,,,,,,,None,None,,,,,,,,,,,,,,,,,,,,,,,,,,,,,,,,,,,,
4,EUW1_5971146258,TFT6_Augment_Featherweights1,TFT6_Augment_SecondWind2,TFT7_Augment_ShapeshifterBeastsDen,,0.0,,0.0,,,1.0,,0.0,,,1.0,0.0,,,,,,,2.0,,,,,,,,2.0,,,,,2.0,,,,,,,,,,,,,,,,,,,,,,,,,,,,,,,,,,,,,,,,,,,,2.0,Bloodthirster,FrozenHeart,TitansResolve,2.0,,,,,,,,2.0,,,,,,,,,,,,,,,,,,,,,,,,,,,,,,,,,,,,,,,,,,,,,,,,1.0,Redemption,Morellonomicon,,3.0,GuinsoosRageblade,Deathblade,Quicksilver,,,,,,,,,,,,,,,,,,,,,,,,,,,,,,,,,,,,,,,,,,,,,,,,,,,,,,,,,,,,,,,,,,,,,,,,,,,,,,,,,,,None,None,,,,,,,,,,,,,,,,,,,,,,,,,,,,,,,,,,,,
8,EUW1_5971005770,TFT7_Augment_MirageTrait,TFT7_Augment_DragonHorde,TFT6_Augment_SunfireBoard,,,1.0,,1.0,,2.0,,1.0,1.0,1.0,,,,0.0,1.0,,1.0,0.0,,1.0,,,,,1.0,,,,,,,,,,,,,,,,,,,,,,,1.0,,,,2.0,ShimmerscaleMogulsMail,GiantsBelt,GargoyleStoneplate,2.0,UnstableConcoction,InfinityEdge,GuinsoosRageblade,,,,,,,,,2.0,FrozenHeart,Quicksilver,GargoyleStoneplate,,,,,,,,,,,,,,,,,,,,,,,,,,,,,,,,,,,,,,,,,,,,,,,,,,,,,,,,,2.0,,,,,,,,,,,,,,,,,,,,,,,,,,,,,,,,,,,,,,,,,,,,,,,,,,,,,,,,,,,,,,,,2.0,,,,,,,,,,,,,,,,,,,,,,,,,,,,,,,,2.0,TrainerSnax,None,None,1.0,,,,,,,,,,,,,,,,,,,,,,,,,,,,,,,,,,,
3,EUW1_5971005770,TFT6_Augment_ItemGrabBag1,TFT6_Augment_Ascension,TFT6_Augment_TomeOfTraits1,,,,,,2.0,1.0,,,0.0,1.0,0.0,,,3.0,,0.0,,,,,,1.0,,,,0.0,,,,,,,,,,,,,,,,,,,,,,,,,,,,,,,,,,,,,,2.0,ArchangelsStaff,ArchangelsStaff,MadredsBloodrazor,,,,,,,,,,,,,,,,,,,,,,,,,2.0,MirageEmblemItem,NegatronCloak,,,,,,,,,,,,,,,,,,,,,,,,,,2.0,,,,,,,,,,,,,,,,,,,,,,,,2.0,RedBuff,LocketOfTheIronSolari,,,,,,,,,,,,,,,,,,,,,,2.0,Zephyr,,,,,,,,,,,,,,,,,,,,,,,,,,,1.0,SeraphsEmbrace,Chalice,PowerGauntlet,,,,,,,,,,,,,,,,,,,,,,,,,,,None,None,,,,,,,,,,,,,,,,,,,,,,,,,,,,,2.0,LastWhisper,,,,,,
5,EUW1_5971005770,TFT7_Augment_MysticTrait,TFT6_Augment_PortableForge,TFT6_Augment_SalvageBin,0.0,1.0,,1.0,,,,,0.0,,3.0,,,1.0,,2.0,,,,,,,,1.0,,0.0,,0.0,,,,,,,,,,,,,,,,,,,,,,,,,,,,,,,,,,,,,,,,,,,,,,,,,,,,,,,,,,,,,,,,,,,,,,,,,3.0,RedBuff,GargoyleStoneplate,Redemption,,,,,,,,,,,,,,,,,,,,,,,,,1.0,Chalice,,,3.0,StatikkShiv,ArchangelsStaff,GuardianAngel,,,,,,,,,,,,,,,,,,,,,,,,,,,,,2.0,,,,,,,,,,,,,,,,,,,,,,,,,,,,,,,,,,,,,,,,2.0,,,,,,,,1.0,,,,,,,,,,,,,,None,None,,,,,2.0,,,,3.0,RunaansHurricane,OrnnObsidianCleaver,InfinityEdge,,,,,,,,,,,,,,,,,,,,,,,,
6,EUW1_5971005770,TFT7_Augment_AFK,TFT7_Augment_DragonAlliance,TFT7_Augment_UrfsGrabBag1,,,,1.0,,,2.0,,,1.0,,,0.0,0.0,,,,,,,1.0,,,,2.0,,,2.0,,,,,,,,,1.0,ArchangelsStaff,SpearOfShojin,JeweledGauntlet,,,,,,,,,,,,,,,,,,,,,,,,,,,,,2.0,ShimmerscaleMogulsMail,GargoyleStoneplate,,,,,,2.0,RapidFireCannon,GuinsoosRageblade,Bloodthirster,,,,,,,,,,,,,,,,,,,,,,,,,,,,,,,,,,,,,,,,,,,,,,,,,,,,,,,,,,,,,,,,,,,,,,,,,1.0,,,,,,,,,,,,,,,,,,,,,,,,,,,,,,,,,,,,,,,,,,,,,,,,,,,,2.0,GuardianEmblemItem,,,,,,,,,,,,,,,,,,,,,None,None,,,,,,,,,,,,,,,,,,,,,,,,,,,,,,,,,,,,
1,EUW1_5971005770,TFT6_Augment_CyberneticShell1,TFT6_Augment_CyberneticImplants2,TFT6_Augment_FuturePeepers,0.0,,,1.0,,1.0,1.0,0.0,,,2.0,,0.0,,0.0,,2.0,,,0.0,,,,1.0,0.0,,1.0,,,,,,,,,,,,,,,,,,,,,,,,,,,,,,,,,,,,,,,,,,,,,,,,,,,,,,,,,,,,,,,,,,2.0,GiantsBelt,,,,,,,,,,,,,,,,,,,,,,,,,,,,,,,,,,,,,,,,,,,,,,,,,,,,,,,,,,,2.0,CavalierEmblemItem,TitanicHydra,,,,,,,,,,,,,,,,,,,,,,,,,,2.0,Zephyr,,,1.0,FrozenHeart,,,,,,,,,,,,,,,,,,,,,,,,,,,2.0,GuardianAngel,RedBuff,InfinityEdge,,,,,,,,,,,None,None,,,,,2.0,,,,,,,,,,,,,,,,2.0,MadredsBloodrazor,Quicksilver,GuinsoosRageblade,2.0,IonicSpark,GuardianAngel,,,,,,,,,
2,EUW1_5971005770,TFT6_Augment_CelestialBlessing1,TFT6_Augment_Twins2,TFT6_Augment_CelestialBlessing2,,0.0,,0.0,,,1.0,,,,,1.0,,,,,,,,2.0,,,1.0,,,,,2.0,,,,,,,,,,,,,,,,,,,,,,,,,,,,,,,,,,,,,,,,,,,,,,,,,2.0,TitansResolve,UnstableConcoction,TitansResolve,2.0,SparringGloves,LocketOfTheIronSolari,Quicksilver,,,,,2.0,,,,,,,,,,,,,,,,,,,,,,,,,,,,,,,,,,,,,,,,,,,,,,,,2.0,RedBuff,WarmogsArmor,Redemption,2.0,MadredsBloodrazor,GuinsoosRageblade,Quicksilver,,,,,,,,,,,,,,,,,,,,,,,,,,,,,,,,,,,,,,,,,,,,,,,,,,,,,1.0,,,,,,,,,,,,,,,,,,,,,,,,,,,,,,None,None,,,,,,,,,,,,,,,,,,,,,,,,,,,,,,,,,,,,
7,EUW1_5971005770,TFT6_Augment_Featherweights1,TFT7_Augment_ShapeshifterBeastsDen,TFT6_Augment_SecondWind2,,0.0,,,,,1.0,,,1.0,,1.0,,,,0.0,,,,2.0,,,,,,,,1.0,,,,,,,,,,,,,,,,,,,,,,,,,,,,,,,,,,,,,,,,,,,,,2.0,TitansResolve,InfinityEdge,LastWhisper,,,,,1.0,,,,,,,,2.0,,,,,,,,,,,,,,,,,,,,,,,,,,,,,,,,,,,,,,,,,,,,,,,,1.0,GuardianEmblemItem,BrambleVest,WarmogsArmor,3.0,GuinsoosRageblade,MadredsBloodrazor,Quicksilver,,,,,,,,,,,,,,,,,,,,,,,,,,,,,,,,,,,,,,,,,,,,,,,,,,,,,,,,,,,,,,,,,,,,,,,,,,,,,2.0,,,,,,None,None,,,,,,,,,,,,,,,,,,,,,,,,,,,,,,,,,,,,
4,EUW1_5971005770,TFT7_Augment_CannoneerTrait,TFT6_Augment_PortableForge,TFT7_Augment_BestFriends2,,,,1.0,2.0,,1.0,,0.0,,,,,1.0,,0.0,,0.0,,,0.0,1.0,,,,2.0,,2.0,,,,,,,,,,,,,,,,,,,,,,,,,,,,,2.0,UnstableConcoction,MadredsBloodrazor,InfinityEdge,,,,,,,,,,,,,,,,,2.0,,,,,,,,,,,,,,,,,,,,2.0,Zephyr,,,,,,,,,,,,,,,,,,,,,,,,,,,,,,,2.0,Redemption,,,,,,,,,,,,,,,,,,,,,,,,,,,,,,,,,,,,,,,,,,,,,,,,,,,,,,,,,,,,,,,,,,,,,,,,,,,2.0,Redemption,DragonsClaw,OrnnRocketPropelledFist,,,,,,,,,,,,,,,,,4.0,TrainerSnax,None,None,2.0,GuinsoosRageblade,Deathblade,,,,,,,,,,,,,,,,,,,,,,,,,,,,,,1.0,,,
1,EUW1_5971080386,TFT6_Augment_CyberneticUplink2,TFT7_Augment_LategameSpecialist,TFT6_Augment_SecondWind2,,,1.0,1.0,,,1.0,,0.0,,1.0,0.0,0.0,1.0,,1.0,,,,,0.0,1.0,1.0,,2.0,1.0,,0.0,,,,,,,,,2.0,JeweledGauntlet,Bloodthirster,SpearOfShojin,,,,,,,,,1.0,,,,,,,,,,,,,,,,,,,,,,,,,,,,,,,,,,,,,,,,,,,,,,,,1.0,,,,,,,,,,,,,,,,,,,,,,,,,,,,,,,,2.0,,,,,,,,,,,,,,,,,,,,,,,,2.0,BrambleVest,Shroud,,,,,,,,,,,,,,,,,,,,,,,,,,,,,,,,,,,,,,,,,,2.0,,,,,,,,2.0,BrambleVest,RedBuff,,,,,,,,,,,,,,,,,,2.0,TrainerSnax,None,None,,,,,,,,,,,,,,,,,,,,,,,,,,,,,,,,,2.0,SpearOfShojin,GuardianAngel,StatikkShiv
2,EUW1_5971080386,TFT7_Augment_SwiftshotPressTheAttack,TFT7_Augment_BandOfThieves1,TFT7_Augment_GuildEmblem,0.0,,1.0,1.0,,2.0,,0.0,,,5.0,,0.0,,0.0,0.0,1.0,,,,,,,1.0,0.0,,1.0,,,,,,,,,,,,,,,,,,,,,,1.0,RapidFireCannon,RecurveBow,,,,,,,,,,,,,,,,,,,,,,,,,,,,,,,,,,,,,,,,,,2.0,ThiefsGloves,DragonsClaw,HextechGunblade,,,,,,,,,,,,,,,,,,,,,,,,,,,,,,,,,,,,,,,,,,,,,,,,,,,,,,,,,2.0,GuildEmblemItem,TitanicHydra,RedBuff,,,,,,,,,,,,,2.0,,,,,,,,,,,,2.0,,,,,,,,,,,,,,,,,,,,,,,,,,,,,,,,2.0,,,,,,,,,,,,,,None,None,,,,,2.0,PowerGauntlet,,,,,,,,,,,,,,,2.0,Quicksilver,MadredsBloodrazor,GuinsoosRageblade,1.0,TitansResolve,CavalierEmblemItem,UnstableConcoction,,,,,,,,
7,EUW1_5971080386,TFT7_Augment_AssassinEmblem,TFT7_Augment_BestFriends1,TFT6_Augment_SunfireBoard,2.0,,,,,,1.0,,0.0,1.0,,1.0,0.0,,,0.0,0.0,,0.0,,0.0,,,,0.0,,,,,,,,2.0,JeweledGauntlet,,,,,,,,,,,,,,,,,,,2.0,GargoyleStoneplate,GiantsBelt,,,,,,2.0,RabadonsDeathcap,Quicksilver,FrozenHeart,,,,,,,,,2.0,MadredsBloodrazor,AssassinEmblemItem,GuardianAngel,,,,,,,,,,,,,,,,,,,,,,,,,,,,,,,,,,,,,2.0,,,,,,,,,,,,,,,,,,,,,,,,,,,,,,,,,,,,,,,,,,,,,,,,2.0,,,,,,,,,,,,,,,,,,,,,,,,,,,,,,,,,,,,,,,,,,,,,,,,,,,,,,,,1.0,,,,,,,,,,None,None,,,,,,,,,,,,,,,,,,,,,,,,,,,,,,,,,,,,
6,EUW1_5971080386,TFT6_Augment_PortableForge,TFT6_Augment_CelestialBlessing1,TFT7_Augment_JadeTrait,0.0,0.0,,,,,1.0,,,0.0,1.0,2.0,,,,0.0,,,,2.0,,,,,,,,1.0,,,,,,,,,,,,,,,,,,,,,,,,,,,,,,,,,,,,,,,,,,,,,1.0,,,,,,,,2.0,ArchangelsStaff,FrozenHeart,ArchangelsStaff,,,,,2.0,,,,,,,,,,,,,,,,,,,,,,,,,,,,,,,,,,,,,,,,,,,,,,,,1.0,Redemption,OrnnRocketPropelledFist,WarmogsArmor,3.0,InfinityEdge,GuinsoosRageblade,GuardianAngel,,,,,,,,,,,,,,,,,,,,,,,,,,,,,,,,,,,,,,,,,,,,,,,,,,,,,,,,,,,,,,,,,,,,,1.0,,,,,,,,2.0,,,,,,None,None,,,,,,,,,,,,,,,,,,,,,,,,,,,,,,,,,,,,
8,EUW1_5971080386,TFT6_Augment_SecondWind2,TFT7_Augment_RevelTrait,TFT6_Augment_ComponentGrabBag,,,,1.0,2.0,,,,1.0,,,,0.0,,,0.0,,4.0,,,,,,,0.0,1.0,,,,,,,,,,,,,,,,,,,,,,,,,,,,,,,2.0,GuinsoosRageblade,RapidFireCannon,UnstableConcoction,,,,,,,,,,,,,,,,,,,,,,,,,,,,,,,,,,,,,,,,,,,,,2.0,,,,,,,,,,,,,,,,,,,,,,,,2.0,PowerGauntlet,,,,,,,,,,,,,,,,,,,,,,,1.0,,,,,,,,,,,,,,,,,,,,,,,,,,,,,,,,,,,,,,,,2.0,ArchangelsStaff,SpearOfShojin,,,,,,,,,,,,,,2.0,GargoyleStoneplate,GargoyleStoneplate,,,,,,,,,,,,,,1.0,TrainerSnax,None,None,2.0,,,,,,,,,,,,,,,,,,,,,,,,,,,,,,,,,,,
5,EUW1_5971080386,TFT6_Augment_Distancing2,TFT6_Augment_SecondWind1,TFT6_Augment_Ascension,,1.0,,1.0,,,,,0.0,,1.0,,,1.0,,1.0,,,,,0.0,1.0,,1.0,,0.0,,0.0,,,,,,,,,,,,,,,,,,,,,,,,,,,,,,,,,,,,,,,,,,,,,,,,,,,,,,,,,,,,,,,,,,,,,,,,,3.0,FrozenHeart,RedBuff,DragonsClaw,,,,,,,,,,,,,,,,,,,,,,,,,1.0,,,,3.0,ArchangelsStaff,RecurveBow,,,,,,,,,,,,,,,,,,,,,,,,,,,,,,,,,,,,,,,,,,,,,,,,,,,,,,,,,,,,,,,,,,,,,,2.0,,,,,,,,,,,,,,,,,,,,,,None,None,,,,,2.0,,,,3.0,GuinsoosRageblade,MadredsBloodrazor,RapidFireCannon,,,,,,,,,,,,,,,,,,,,,1.0,StatikkShiv,,
4,EUW1_5971080386,TFT6_Augment_CyberneticUplink2,TFT7_Augment_AxiomArc1,TFT6_Augment_CyberneticShell2,,,1.0,1.0,,,,,1.0,,2.0,,0.0,2.0,,1.0,,0.0,,,0.0,1.0,,,0.0,1.0,,0.0,,,,,,,,,,,,,,,,,,,,,1.0,,,,,,,,,,,,,,,,,,,,,,,,,,,,,,,,,,,,,,,,,,,,,,,,1.0,,,,,,,,,,,,,,,,,,,,,,,,,,,,,,,,2.0,UnstableConcoction,,,,,,,,,,,,,,,,,,,,,,,1.0,,,,,,,,,,,,3.0,SpearOfShojin,ArchangelsStaff,UnstableConcoction,,,,,,,,,,,,,,,,,,,,,,,,,2.0,MageEmblemItem,,,,,,,,,,,2.0,GargoyleStoneplate,TitansResolve,RedBuff,,,,,,,,,,,,,,,,,2.0,TrainerSnax,None,None,,,,,,,,,,,,,,,,,,,,,,,,,,,,,,,,,1.0,SparringGloves,,
3,EUW1_5971080386,TFT6_Augment_CyberneticUplink2,TFT6_Augment_CyberneticUplink1,TFT7_Augment_BestFriends2,0.0,,,1.0,1.0,,1.0,,1.0,,,,,0.0,,0.0,,1.0,,,,,,,,1.0,,3.0,,,,,,,,,,,,,,,,,,,,,,,,,,,,,2.0,WhispersEmblemItem,MadredsBloodrazor,MadredsBloodrazor,,,,,,,,,,,,,,,,,2.0,GargoyleStoneplate,DragonsClaw,RedBuff,,,,,,,,,,,,,,,,,,,,,,,,,,,,,,,,,,,,,,,,,,,,,,,,,2.0,NegatronCloak,Shroud,,,,,,,,,,,,,,,,,,,,,,,,,,1.0,WarmogsArmor,Quicksilver,,,,,,,,,,,,,,,,,,,,,,,,,,,,,,,,,,2.0,GiantsBelt,Zephyr,,,,,,,,,,1.0,,,,,,,,,,,,,,,,,,,,4.0,TrainerSnax,None,None,2.0,SparringGloves,,,,,,,,,,,,,,,,,,,,,,,,,,,,,,,,,,
6,EUW1_5973061432,TFT6_Augment_SecondWind2,TFT6_Augment_Electrocharge1,TFT7_Augment_DragonAlliance,,0.0,,,,,2.0,,,1.0,,2.0,,,,0.0,,,,2.0,,,,,,,,1.0,,,,,,,,,,,,,,,,,,,,,,,,,,,,,,,,,,,,,,,,,,,,,1.0,LastWhisper,Quicksilver,UnstableConcoction,,,,,2.0,,,,,,,,2.0,,,,,,,,,,,,,,,,,,,,,,,,,,,,,,,,,,,,,,,,,,,,,,,,2.0,GargoyleStoneplate,TearOfTheGoddess,,3.0,Quicksilver,GuinsoosRageblade,MadredsBloodrazor,,,,,,,,,,,,,,,,,,,,,,,,,,,,,,,,,,,,,,,,,,,,,,,,,,,,,,,,,,,,,,,,,,,,,,,,,2.0,,,,1.0,,,,,,None,None,,,,,,,,,,,,,,,,,,,,,,,,,,,,,,,,,,,,
4,EUW1_5973061432,TFT6_Augment_TradeSector,TFT6_Augment_Meditation1,TFT6_Augment_SecondWind2,,1.0,,1.0,,,,,,,2.0,,,1.0,,1.0,,,,,0.0,1.0,,1.0,,,,0.0,,,,,,,,,,,,,,,,,,,,,,,,,,,,,,,,,,,,,,,,,,,,,,,,,,,,,,,,,,,,,,,,,,,,,,,,,3.0,ThiefsGloves,BFSword,Shroud,,,,,,,,,,,,,,,,,,,,,,,,,,,,,3.0,PowerGauntlet,Chalice,,,,,,,,,,,,,,,,,,,,,,,,,,,,,,2.0,,,,,,,,,,,,,,,,,,,,,,,,,,,,,,,,,,,,,,,,2.0,DragonsClaw,IonicSpark,,,,,,,,,,,,,,,,,,,,None,None,,,,,1.0,MysticEmblemItem,,,3.0,GuinsoosRageblade,MadredsBloodrazor,RunaansHurricane,,,,,,,,,,,,,,,,,,,,,1.0,,,
7,EUW1_5973061432,TFT6_Augment_PortableForge,TFT7_Augment_CannoneerTrait,TFT6_Augment_TargetDummies,,,1.0,,2.0,,1.0,0.0,1.0,1.0,1.0,,,,0.0,1.0,,1.0,,,1.0,,,,,1.0,0.0,,,,,,,,,,,,,,,,,,,,,,1.0,,,,,,,,1.0,MadredsBloodrazor,InfinityEdge,ShimmerscaleDravensAxe,,,,,,,,,1.0,OrnnRocketPropelledFist,RedBuff,WarmogsArmor,,,,,,,,,,,,,,,,,,,,,,,,,,,,,,,,,,,,,,,,,,,,,,,,,,,,,,,,,2.0,LocketOfTheIronSolari,LocketOfTheIronSolari,,,,,,,,,,,,,,,,,,,,,,,,,,,,,,,,,,,,,,,,,,,,,,,,,,,,,,,,,,,,,,2.0,ThiefsGloves,RecurveBow,Shroud,,,,,,,,,,,,,,,,,,,,,,,,,,,,,2.0,TrainerSnax,None,None,2.0,,,,,,,,,,,,,,,,,,,,,,,,1.0,GuardianEmblemItem,,,,,,,,,,
1,EUW1_5973061432,TFT7_Augment_CavalierEmblem,TFT6_Augment_Electrocharge1,TFT6_Augment_ComponentGrabBag,1.0,,,1.0,,3.0,1.0,,,,3.0,,0.0,,,,2.0,,,0.0,,,,1.0,1.0,,0.0,,,,,,,,,,,,,,,,,,,,,,,,,,,,,,,,,,,,,,,,,,,,,,,,,,,,,,,,,,,,,,,,,,2.0,WarmogsArmor,IonicSpark,SeraphsEmbrace,,,,,,,,,,,,,,,,,,,,,,,,,,,,,,,,,,,,,,,,,,,,,,,,,,,,,,,,,2.0,RedBuff,,,,,,,2.0,ZekesHerald,PowerGauntlet,,,,,,2.0,,,,,,,,,,,,2.0,,,,2.0,HextechGunblade,CavalierEmblemItem,ArchangelsStaff,,,,,,,,,,,,,,,,,,,,,,,,,2.0,InfinityEdge,CavalierEmblemItem,GuinsoosRageblade,,,,,,,,,,,None,None,,,,,2.0,,,,,,,,,,,,,,,,2.0,MadredsBloodrazor,Quicksilver,GuinsoosRageblade,,,,,,,,,,,,
2,EUW1_5973061432,TFT6_Augment_CalculatedLoss,TFT6_Augment_Featherweights1,TFT6_Augment_TargetDummies,0.0,0.0,1.0,,,,1.0,,,,1.0,2.0,,,,1.0,,,,2.0,,,1.0,,,,,1.0,,,,,,,,,,,,,,,,,,,,,2.0,,,,,,,,,,,,,,,,,,,,,,,,2.0,Bloodthirster,GuinsoosRageblade,TitansResolve,,,,,2.0,Shroud,,,,,,,2.0,LocketOfTheIronSolari,,,,,,,,,,,,,,,,,,,,,,,,,,,,,,,,,,,,,,,,,,,,,,,2.0,RedBuff,IonicSpark,,3.0,Deathblade,GuinsoosRageblade,Quicksilver,,,,,,,,,,,,,2.0,Shroud,,,,,,,,,,,,,,,,,,,,,,,,,,,,,,,,,,,,,,,2.0,PowerGauntlet,,,,,,,,,,,,,,,,,,,,,,,,,,,,,None,None,,,,,,,,,,,,,,,,,,,,,,,,,,,,,,,,,,,,
5,EUW1_5973061432,TFT6_Augment_CyberneticUplink2,TFT6_Augment_SecondWind1,TFT6_Augment_Ascension,,0.0,,1.0,,,1.0,,0.0,,,,0.0,1.0,,1.0,,,,,0.0,1.0,,,2.0,1.0,,0.0,,,,,,,,,1.0,SpearOfShojin,RabadonsDeathcap,RabadonsDeathcap,,,,,,,,,,,,,,,,,,,,,,,,,,,,,,,,,,,,,,,,,,,,,,,,,,,,,,,,,1.0,ChainVest,,,,,,,,,,,,,,,,,,,,,,,,,,,,,,,2.0,BFSword,,,2.0,SpearOfShojin,,,,,,,,,,,,,,,,,,,1.0,,,,,,,,,,,,,,,,,,,,,,,,,,,,,,,,,,,,,,,,,,,,,,,,,,,,2.0,RedBuff,GargoyleStoneplate,,,,,,,,,,,,,,,,,,2.0,TrainerSnax,None,None,,,,,,,,,,,,,,,,,,,,,,,,,,,,,,,,,1.0,RecurveBow,,
8,EUW1_5973061432,TFT7_Augment_GadgetExpert,TFT6_Augment_Weakspot,TFT6_Augment_SecondWind2,,,,,2.0,,1.0,,1.0,1.0,,,,,,0.0,,2.0,,,1.0,,,,,1.0,,0.0,,,,,,,,,,,,,,,,,,,,,,,,,,,,,2.0,ShimmerscaleDravensAxe,Quicksilver,GuinsoosRageblade,,,,,,,,,1.0,Redemption,GargoyleStoneplate,BrambleVest,,,,,,,,,,,,,,,,,,,,,,,,,,,,,,,,,2.0,StatikkShiv,LastWhisper,,,,,,,,,,,,,,,,,,,,,,2.0,ZekesHerald,,,,,,,,,,,,,,,,,,,,,,,,,,,,,,,,,,,,,,,,,,,,,,,,,,,,,,,,,,,,,,,1.0,,,,,,,,,,,,,,,,,,,,,,,,,,,,2.0,,,,2.0,TrainerSnax,None,None,1.0,,,,,,,,,,,,,,,,,,,,,,,,,,,,,,,,,,,
3,EUW1_5973061432,TFT6_Augment_ThreesCompany,TFT6_Augment_Meditation1,TFT6_Augment_TargetDummies,,0.0,,1.0,,,,,1.0,,1.0,,,2.0,,1.0,,,,,0.0,1.0,,,,1.0,,0.0,,,,,,,,,,,,,,,,,,,,,,,,,,,,,,,,,,,,,,,,,,,,,,,,,,,,,,,,,,,,,,,,,,,,,2.0,,,,2.0,,,,,,,,,,,,,,,,,,,,,,,,,,,,2.0,,,,3.0,RabadonsDeathcap,SpearOfShojin,StatikkShiv,,,,,,,,,,,,,,,,,,,,,,,,,,,,,2.0,SpearOfShojin,JeweledGauntlet,EvokerEmblemItem,,,,,,,,,,,,,,,,,,,,,,,,,,,,,,,,,,,,,2.0,RedBuff,ChainVest,PowerGauntlet,,,,,,,,,,,,,,,,,4.0,TrainerSnax,None,None,,,,,,,,,,,,,,,,,,,,,,,,,,,,,,,,,1.0,,,
5,EUW1_5973125816,TFT6_Augment_TomeOfTraits1,TFT7_Augment_UrfsGrabBag1,TFT7_Augment_WarriorTiamat,3.0,,,1.0,,0.0,,,,0.0,1.0,,,0.0,,,0.0,,2.0,,,,,,0.0,,1.0,0.0,,,,,,,,,,,,,,,,,,,,,,,,,2.0,,,,,,,,3.0,FrozenHeart,RedBuff,,,,,,,,,,,,,,,,,,,,,,,,,,,,,,,,,,,,,,,,,,,,,,,,,,,,,,,,,,,,,,1.0,AssassinEmblemItem,,,,,,,,,,,,,,,,,,,,,,,2.0,InfinityEdge,AssassinEmblemItem,RunaansHurricane,,,,,2.0,Chalice,HextechGunblade,Deathblade,2.0,,,,,,,,,,,,,,,,,,,,2.0,,,,,,,,,,,,,,,,,,,,,,,,,,,,,,,,2.0,InfinityEdge,RedBuff,,,,,,,,,,,,None,None,,,,,,,,,,,,,,,,,,,,,,,,,,,,,,,,,,,,
2,EUW1_5973125816,TFT6_Augment_MetabolicAccelerator,TFT6_Augment_ComponentGrabBag,TFT6_Augment_Ascension,0.0,0.0,,,,,1.0,,,1.0,,2.0,,,,0.0,0.0,,,2.0,,,,,,,,1.0,,,,,,,,,,,,,,,,,,,,,,,,,,,,,,,,,,,,,,,,,,,,,2.0,,,,,,,,3.0,ArchangelsStaff,GuinsoosRageblade,UnstableConcoction,,,,,2.0,RedBuff,TearOfTheGoddess,RagewingEmblemItem,,,,,,,,,,,,,,,,,,,,,,,,,,,,,,,,,,,,,,,,,,,,,2.0,GargoyleStoneplate,WarmogsArmor,BrambleVest,3.0,Deathblade,InfinityEdge,AssassinEmblemItem,,,,,,,,,,,,,,,,,,,,,,,,,,,,,,,,,,,,,,,,,,,,,,,,,,,,,,,,,,,,,,,,,,,,,,,,,1.0,,,,1.0,,,,,,None,None,,,,,,,,,,,,,,,,,,,,,,,,,,,,,,,,,,,,
4,EUW1_5973125816,TFT6_Augment_MakeshiftArmor2,TFT6_Augment_Diversify2,TFT6_Augment_Meditation2,,0.0,1.0,1.0,,,,,1.0,,2.0,,0.0,2.0,,2.0,,0.0,,,,,,,0.0,1.0,,0.0,,,,,,,,,,,,,,,,,,,,,1.0,Shroud,,,,,,,,,,,,,,,,,,,,,,,,,,,,,,,,,,,,,,,,,,,,,,,2.0,,,,,,,,,,,,,,,,,,,,,,,,,,,,,,,,2.0,,,,2.0,,,,,,,,,,,,,,,,,,,,2.0,,,,,,,,,,,,2.0,SpearOfShojin,RabadonsDeathcap,Bloodthirster,,,,,,,,,,,,,,,,,,,,,,,,,2.0,GuinsoosRageblade,ZekesHerald,MageEmblemItem,,,,,,,,,2.0,BrambleVest,DragonsClaw,RedBuff,,,,,,,,,,,,,,,,,2.0,TrainerSnax,None,None,,,,,,,,,,,,,,,,,,,,,,,,,,,,,,,,,,,,
3,EUW1_5973125816,TFT6_Augment_ThrillOfTheHunt2,TFT6_Augment_SunfireBoard,TFT7_Augment_PandorasBench,,,,,0.0,,1.0,,0.0,,,2.0,,0.0,,1.0,,,,1.0,,,1.0,,,2.0,,,,,,,,,,,,,,,,,,,,,,,,,,,,,,,,,,,,,,,,,,,,,,,2.0,TitansResolve,Bloodthirster,RunaansHurricane,,,,,,,,,,,,,2.0,Bloodthirster,,,,,,,2.0,,,,,,,,,,,,,,,,,,,,,,,,,,,,,,,,1.0,,,,,,,,2.0,Redemption,BrambleVest,WarmogsArmor,,,,,,,,,,,,,,,,,,,,,,,,,,,,,,,,,,,,,,,,,,,,,,,,,,,,,,,,,1.0,,,,,,,,,,,,,,,,,,,,,,,,,,,,4.0,TrainerSnax,None,None,2.0,StatikkShiv,,,,,,,,,,,,,,,,,,,,,,,,,,,,,,,,,,
7,EUW1_5973125816,TFT7_Augment_CavalierEmblem,TFT6_Augment_ThrillOfTheHunt2,TFT6_Augment_SunfireBoard,0.0,,,1.0,,2.0,,,,0.0,1.0,,,1.0,0.0,,,,2.0,,,,,,,,0.0,0.0,,,,,,,,,,,,,,,,,,,,,,,,,1.0,,,,,,,,1.0,,,,,,,,,,,,,,,,,,,,,,,,,,,,,,,,,,,,,,,,,,,,,,,,,,,,,,,,,,,,,,,,3.0,IonicSpark,Bloodthirster,ArchangelsStaff,,,,,,,,,,,,,,,,,2.0,TitansResolve,WarmogsArmor,Deathblade,3.0,TitansResolve,CavalierEmblemItem,Bloodthirster,,,,,,,,,,,,,2.0,,,,,,,,,,,,,,,,,,,,,,,,,,,,,,,,,,,,,,,,2.0,,,,,,,,,,,,,,,,,,,,,,None,None,,,,,,,,,,,,,,,,,,,,,,,,,,,,,,,,,,,,
8,EUW1_5973125816,TFT6_Augment_PortableForge,TFT6_Augment_CelestialBlessing2,TFT6_Augment_BlueBattery2,,1.0,,1.0,,,,,0.0,,1.0,,,2.0,,1.0,,,,,,,,,,1.0,,0.0,,,,,,,,,,,,,,,,,,,,,,,,,,,,,,,,,,,,,,,,,,,,,,,,,,,,,,,,,,,,,,,,,,,,,2.0,,,,2.0,IonicSpark,OrnnAnimaVisage,GargoyleStoneplate,,,,,,,,,,,,,,,,,,,,,,,,,2.0,,,,3.0,,,,,,,,,,,,,,,,,,,,,,,,,,,,,,,,2.0,ArchangelsStaff,InfinityEdge,JeweledGauntlet,,,,,,,,,,,,,,,,,,,,,,,,,,,,,,,,,,,,,1.0,RedBuff,,,,,,,,,,,,,,,,,,,2.0,TrainerSnax,None,None,,,,,,,,,,,,,2.0,,,,,,,,,,,,,,,,,,,,,,,
6,EUW1_5973125816,TFT7_Augment_BruiserEmblem,TFT6_Augment_PortableForge,TFT6_Augment_ComponentGrabBag,,0.0,,2.0,,,1.0,0.0,,,1.0,,,0.0,0.0,,,,,,,,,1.0,,,0.0,2.0,,,,,,,,,,,,,,,,,,,,,,,,,,,,,,,,,,,,,,,,,,,,,,,,,2.0,UnstableConcoction,InfinityEdge,OrnnDeathsDefiance,,,,,,,,,,,,,,,,,,,,,2.0,,,,,,,,,,,,,,,,,,,,,,,,,,,,,,,,,,,,,,,,,,,,,,,,,,,,,,,,,,,,,,,,,,,,,,,,,,,,,,,,,,,,,,,,,,,,,,,,,,,,,,,,2.0,Redemption,RedBuff,RabadonsDeathcap,,,,,,,,,,,,,,,,,,,None,None,,,,,2.0,,,,3.0,GuinsoosRageblade,RunaansHurricane,MadredsBloodrazor,,,,,,,,,,,,,1.0,MadredsBloodrazor,BruiserEmblemItem,SpearOfShojin,,,,,,,,
1,EUW1_5973125816,TFT6_Augment_ClearMind,TFT6_Augment_Diversify2,TFT7_Augment_CannoneerHotShot,,,1.0,,1.0,,1.0,0.0,1.0,1.0,1.0,,,,0.0,1.0,,1.0,,,1.0,,,,,1.0,0.0,0.0,,,,,,,,,,,,,,,,,,,,,1.0,Shroud,,,,,,,2.0,GuinsoosRageblade,UnstableConcoction,InfinityEdge,,,,,,,,,2.0,WarmogsArmor,GargoyleStoneplate,ShimmerscaleHeartOfGold,,,,,,,,,,,,,,,,,,,,,,,,,,,,,,,,,,,,,,,,,,,,,,,,,,,,,,,,,2.0,,,,,,,,,,,,,,,,,,,,,,,,,,,,,,,,,,,,,,,,,,,,,,,,,,,,,,,,,,,,,,,,2.0,Morellonomicon,GuinsoosRageblade,,,,,,,,,,,,,,,,,,,,,,,,,,2.0,Redemption,,,4.0,TrainerSnax,None,None,2.0,ThiefsGloves,WarmogsArmor,BrambleVest,,,,,,,,,,,,,,,,,,,,,1.0,,,,,,,,,,,
1,EUW1_5972104043,TFT6_Augment_Twins2,TFT6_Augment_TradeSectorPlus,TFT7_Augment_CursedCrown,,0.0,,2.0,,,1.0,0.0,,,,,0.0,0.0,0.0,,,,,,,,,1.0,1.0,,0.0,2.0,,,,,,,,,,,,,,,,,,,,,,,,,,,,,,,,,,,,,,,,,,,,,,,,,2.0,Deathblade,,,,,,,2.0,,,,,,,,,,,,,,,,2.0,WarmogsArmor,GargoyleStoneplate,Redemption,,,,,,,,,,,,,,,,,,,,,,,,,,,,,,,,,,,,,,,,,,,,,,,,,2.0,Morellonomicon,,,,,,,,,,,,,,,,,,,,,,,,,,,,,,,,,,,,,,,,,,,,,,,,,,,2.0,,,,,,,,,,,,,,,,,,,,,,None,None,,,,,,,,,2.0,GuinsoosRageblade,Deathblade,RunaansHurricane,,,,,,,,,,,,,1.0,ThiefsGloves,,,,,,,,,,
4,EUW1_5972104043,TFT7_Augment_GuardianEmblem,TFT6_Augment_SunfireBoard,TFT7_Augment_BestFriends3,,,,,,2.0,1.0,0.0,,1.0,1.0,,,,3.0,,0.0,,,,,,,,,,1.0,0.0,,,,,,,,,,,,,,,,,,,,,,,,,,,,,,,,,,,,,2.0,RabadonsDeathcap,JeweledGauntlet,InfinityEdge,,,,,,,,,,,,,,,,,,,,,,,,,2.0,SpearOfShojin,GargoyleStoneplate,,,,,,,,,,,,,,,,,,,,,,,,,,,,,,,,,,,,,,,,,,,,,,,,,,2.0,GuardianEmblemItem,WarmogsArmor,RedBuff,,,,,,,,,,,,,,,,,,,,,1.0,,,,,,,,,,,,,,,,,,,,,,,,,,,,,,,,,,,,,,,,,,,,,,,,,,,,2.0,Zephyr,,,,,None,None,,,,,,,,,,,,,,,,,,,,,,,,,1.0,PowerGauntlet,,,2.0,NeedlesslyLargeRod,,,,,,
8,EUW1_5972104043,TFT7_Augment_GadgetExpert,TFT6_Augment_ComponentGrabBag,TFT6_Augment_ForceOfNature,1.0,1.0,1.0,1.0,,,,,,,3.0,,0.0,0.0,,1.0,,,,,,,,1.0,1.0,,,0.0,,,,,,,,,,,,,,,,,,,,,1.0,,,,,,,,,,,,,,,,,,,,,,,,,,,,,,,,,,,,,,,,,,,,,,,,,,,,2.0,,,,,,,,,,,,,,,,,,,,,,,,,,,,,,,,2.0,StatikkShiv,,,,,,,,,,,,,,,,,,,1.0,FrozenHeart,GargoyleStoneplate,RedBuff,1.0,UnstableConcoction,InfinityEdge,,2.0,,,,,,,,,,,,,,,,,,,,,,,,,,,,,,,,,,,,,,,,,,,,,,,,,,,,2.0,,,,,,,,,,,,,,None,None,,,,,2.0,,,,2.0,GuinsoosRageblade,Deathblade,SpearOfShojin,,,,,,,,,,,,,,,,,,,,,,,,
2,EUW1_5972104043,TFT7_Augment_Bloodlust1,TFT6_Augment_TomeOfTraits1,TFT6_Augment_CelestialBlessing3,2.0,,,1.0,,0.0,,,,1.0,1.0,,,0.0,,,0.0,,2.0,,,,,,,,1.0,1.0,,,,,,,,,,,,,,,,,,,,,,,,,2.0,,,,,,,,2.0,RedBuff,FrozenHeart,ArchangelsStaff,,,,,,,,,,,,,,,,,,,,,,,,,,,,,,,,,,,,,,,,,,,,,,,,,,,,,,,,,,,,,2.0,,,,,,,,,,,,,,,,,,,,,,,,2.0,AssassinEmblemItem,UnstableConcoction,InfinityEdge,,,,,1.0,Zephyr,,,,,,,,,,,,,,,,,,,,,,,2.0,,,,,,,,,,,,,,,,,,,,,,,,,,,,,,,,2.0,LastWhisper,GuardianAngel,InfinityEdge,,,,,2.0,,,,,,None,None,,,,,,,,,,,,,,,,,,,,,,,,,,,,,,,,,,,,
7,EUW1_5972104043,TFT7_Augment_BruiserTitanicStrength,TFT7_Augment_DragonHorde,TFT6_Augment_TheGoldenEgg,,,,1.0,,,2.0,,,0.0,1.0,,,1.0,,,,,,,1.0,,,,1.0,,,2.0,,,,,,,,,1.0,ShimmerscaleGoldmancersStaff,ArchangelsStaff,MageEmblemItem,,,,,,,,,,,,,,,,,,,,,,,,,,,,,2.0,RedBuff,IonicSpark,,,,,,2.0,Bloodthirster,InfinityEdge,JeweledGauntlet,,,,,,,,,,,,,,,,,,,,,,,,,,,,,,,,,,,,,,,,,,,,,,,,,,,,,,,,,,,,,,,,,,,,,,,,,,,,,,,,,,,,,1.0,,,,,,,,,,,,,,,,,,,,,,,,,,,,,,,,,,,,,,,,2.0,,,,,,,,,,,,,,,,,,,,,,None,None,,,,,,,,,,,,,,,,,,,,,,,,,,,,,,,,,,,,
3,EUW1_5972104043,TFT7_Augment_RagewingScorch,TFT6_Augment_ComponentGrabBag,TFT6_Augment_Distancing3,1.0,,1.0,1.0,,0.0,,,,,3.0,,0.0,,,0.0,1.0,,,,,,,1.0,1.0,,0.0,,,,,,,,,,,,,,,,,,,,,,2.0,RunaansHurricane,,,,,,,,,,,,,,,,,,,,,,,,,,,,,,,,,,,,,,,,,,,2.0,TitansResolve,TearOfTheGoddess,,,,,,,,,,,,,,,,,,,,,,,,,,,,,,,,,,,,,,,,,,,,,,,,,,,,,,,,,,2.0,WarmogsArmor,,,,,,,1.0,,,,,,,,,,,,,,,,,,,,2.0,Redemption,,,,,,,,,,,,,,,,,,,,,,,,,,,,,,,2.0,FrozenHeart,LastWhisper,Bloodthirster,,,,,,,,,,,None,None,,,,,2.0,,,,,,,,,,,,,,,,2.0,Quicksilver,GuinsoosRageblade,MadredsBloodrazor,,,,,,,,,,,,
5,EUW1_5972104043,TFT7_Augment_MirageEmblem,TFT6_Augment_ThrillOfTheHunt2,TFT7_Augment_CavalierEmblem2,,,,,,4.0,1.0,0.0,,0.0,1.0,,,,4.0,,0.0,,,,,,,,,,1.0,,,,,,,,,,,,,,,,,,,,,,,,,,,,,,,,,,,,,,2.0,Quicksilver,GuinsoosRageblade,ArchangelsStaff,,,,,,,,,,,,,,,,,,,,,,,,,1.0,ThiefsGloves,TitansResolve,ArchangelsStaff,,,,,,,,,,,,,,,,,,,,,,,,,2.0,RedBuff,,,,,,,,,,,,,,,,,,,,,,,2.0,RedBuff,,,,,,,,,,,,,,,,,,,,,,,1.0,MirageEmblemItem,,,,,,,,,,,,,,,,,,,,,,,,,,,,,,,,,,,,,,,,,,,,,,,,,,,,,,,,,None,None,,,,,,,,,,,,,,,,,,,,,,,,,1.0,CavalierEmblemItem,TitansResolve,Bloodthirster,2.0,CavalierEmblemItem,,,,,,
6,EUW1_5972104043,TFT6_Augment_Distancing2,TFT6_Augment_SecondWind2,TFT7_Augment_ThinkFast,1.0,,,1.0,,1.0,,,,,3.0,,0.0,,,,1.0,,,,,,,1.0,1.0,,0.0,,,,,,,,,,,,,,,,,,,,,,,,,,,,,,,,,,,,,,,,,,,,,,,,,,,,,,,,,,,,,,,,,,2.0,RedBuff,RabadonsDeathcap,,,,,,,,,,,,,,,,,,,,,,,,,,,,,,,,,,,,,,,,,,,,,,,,,,,,,,,,,,1.0,,,,,,,,1.0,,,,,,,,2.0,,,,,,,,,,,,2.0,,,,,,,,,,,,,,,,,,,,,,,,,,,,,,,,2.0,RedBuff,FrozenHeart,,,,,,,,,,,,None,None,,,,,2.0,,,,,,,,,,,,,,,,2.0,Quicksilver,GuinsoosRageblade,MadredsBloodrazor,,,,,,,,,,,,
3,EUW1_5972865047,TFT6_Augment_TriForce1,TFT7_Augment_DragonmancerEmblem,TFT6_Augment_Diversify2,,,,1.0,,,,2.0,,,1.0,1.0,,0.0,,,1.0,,,1.0,,,,0.0,1.0,,0.0,,,,,,,,,,,,,,2.0,Zephyr,BFSword,,,,,,,,,,,,,,,,,,,,,,,,,,,,,,,,,,,,,,,,,,,,,,,,,,,,,,,,,,,,,,,,,,2.0,,,,,,,,3.0,Redemption,BruiserEmblemItem,,,,,,,,,,,,,,,,,,2.0,TitanicHydra,RedBuff,GargoyleStoneplate,,,,,,,,,,,,,,,,,,,,,,,,,1.0,,,,,,,,,,,,2.0,TempestEmblemItem,,,2.0,DragonmancerEmblemItem,,,,,,,,,,,,,,,,,,,3.0,JeweledGauntlet,GuinsoosRageblade,ArchangelsStaff,,,,,,,,,,,,,,,,,,,,,,,None,None,,,,,,,,,,,,,,,,,,,,,,,,,,,,,,,,,,,,
1,EUW1_5972865047,TFT6_Augment_LudensEcho1,TFT6_Augment_PortableForge,TFT6_Augment_ComponentGrabBag,0.0,,1.0,1.0,,,1.0,,0.0,,1.0,,0.0,1.0,,1.0,,,,,0.0,1.0,,,2.0,1.0,,1.0,,,,,,,,,2.0,SpearOfShojin,OrnnZhonyasParadox,ArchangelsStaff,,,,,,,,,2.0,StatikkShiv,,,,,,,,,,,,,,,,,,,,,,,,,,,,,,,,,,,,,,,,,,,,,,,2.0,,,,,,,,,,,,,,,,,,,,,,,,,,,,,,,,2.0,ZekesHerald,,,,,,,,,,,,,,,,,,,,,,,2.0,ThiefsGloves,GuardianAngel,Deathblade,2.0,HextechGunblade,HextechGunblade,FrozenHeart,,,,,,,,,,,,,,,,,,,,,,,,,,,,,,,,,,,,,,,,,,,,,2.0,Redemption,WarmogsArmor,DragonsClaw,,,,,,,,,,,,,,,,,3.0,TrainerSnax,None,None,,,,,,,,,,,,,,,,,,,,,,,,,,,,,,,,,2.0,UnstableConcoction,,
6,EUW1_5972865047,TFT7_Augment_MirageTrait,TFT6_Augment_Diversify2,TFT6_Augment_SecondWind2,1.0,,,1.0,,1.0,,0.0,,,3.0,,0.0,,1.0,,1.0,,,,,,,1.0,1.0,,1.0,,,,,,,,,,,,,,,,,,,,,,,,,,,,,,,,,,,,,,,,,,,,,,,,,,,,,,,,,,,,,,,,,,2.0,SeraphsEmbrace,,,,,,,,,,,,,,,,,,,,,,,,,,,,,,,,,,,,,,,,,,,,,,,,,,,,,,,,,,,1.0,RedBuff,WarmogsArmor,BrambleVest,,,,,2.0,,,,,,,,2.0,,,,,,,,,,,,2.0,,,,,,,,,,,,,,,,,,,,,,,,,,,,,,,,2.0,ThiefsGloves,PowerGauntlet,FrozenHeart,,,,,,,,,,,None,None,,,,,1.0,LastWhisper,,,,,,,,,,,,,,,2.0,MadredsBloodrazor,GuinsoosRageblade,GuardianAngel,1.0,ThiefsGloves,UnstableConcoction,SpearOfShojin,,,,,,,,
2,EUW1_5972865047,TFT6_Augment_LudensEcho1,TFT6_Augment_Electrocharge2,TFT6_Augment_CyberneticUplink2,,0.0,1.0,1.0,,,,,0.0,,2.0,,,2.0,,2.0,,,,,0.0,1.0,,0.0,,1.0,,0.0,,,,,,,,,,,,,,,,,,,,,1.0,,,,,,,,,,,,,,,,,,,,,,,,,,,,,,,,,,,,,,,,,,,,,,,,2.0,,,,3.0,TitansResolve,IonicSpark,,,,,,,,,,,,,,,,,,,,,,,,,,2.0,Shroud,,,3.0,StatikkShiv,,,,,,,,,,,,,,,,,,,,,,,,,,,,,,,3.0,SpearOfShojin,Bloodthirster,MadredsBloodrazor,,,,,,,,,,,,,,,,,,,,,,,,,,,,,,,,,,,,,2.0,RedBuff,WarmogsArmor,DragonsClaw,,,,,,,,,,,,,,,,,4.0,TrainerSnax,None,None,,,,,,,,,,,,,,,,,,,,,,,,,,,,,,,,,1.0,SwiftshotEmblemItem,,
4,EUW1_5972865047,TFT7_Augment_ShapeshifterTrait,TFT6_Augment_Electrocharge2,TFT7_Augment_FirstAidKit2,,,,1.0,,,1.0,,,0.0,,1.0,,0.0,,,,,,2.0,,,1.0,,,,,3.0,,,,,,,,,,,,,,,,,,,,,,,,,,,,,,,,,,,,,,,,,,,,,,,,,1.0,UnstableConcoction,Quicksilver,InfinityEdge,2.0,Quicksilver,UnstableConcoction,GuinsoosRageblade,,,,,2.0,,,,,,,,,,,,,,,,,,,,,,,,,,,,,,,,,,,,,,,,,,,,,,,,2.0,TitanicHydra,,,,,,,,,,,,,,,,,,,,,,,,,,,,,,,,,,,,,,,,,,,,,,,,,,,,,,,,,,,1.0,,,,,,,,1.0,,,,,,,,,,,,,,,,2.0,InfinityEdge,,,,,None,None,,,,,,,,,,,,,,,,,,,,,,,,,,,,,,,,,,,,
5,EUW1_5972865047,TFT7_Augment_AFK,TFT6_Augment_SunfireBoard,TFT6_Augment_ComponentGrabBag,,0.0,1.0,1.0,,,,,0.0,,2.0,,0.0,2.0,,2.0,,,,,0.0,1.0,,,0.0,1.0,,0.0,,,,,,,,,,,,,,,,,,,,,1.0,,,,,,,,,,,,,,,,,,,,,,,,,,,,,,,,,,,,,,,,,,,,,,,,2.0,,,,,,,,,,,,,,,,,,,,,,,,,,,,,,,,2.0,,,,2.0,,,,,,,,,,,,,,,,,,,,2.0,FrozenHeart,TitanicHydra,,,,,,,,,,2.0,SpearOfShojin,JeweledGauntlet,Bloodthirster,,,,,,,,,,,,,,,,,,,,,,,,,,,,,,,,,,,,,2.0,GargoyleStoneplate,TitanicHydra,IonicSpark,,,,,,,,,,,,,,,,,4.0,TrainerSnax,None,None,,,,,,,,,,,,,,,,,,,,,,,,,,,,,,,,,2.0,GuinsoosRageblade,PowerGauntlet,
8,EUW1_5972865047,TFT6_Augment_CyberneticUplink1,TFT7_Augment_RagewingEmblem,TFT6_Augment_SalvageBin,0.0,,,0.0,,,,1.0,,,,0.0,,,,,2.0,,,1.0,0.0,,,1.0,,,0.0,,,,,,,,,,,,,,1.0,RagewingEmblemItem,,,,,,,,,,,,,,,,,,,,,,,,,,,,,,,,,,,,,,,,,,,,,,,,,,,,,,,,,,,,,,,,,,,,,,,2.0,,,,,,,,,,,,,,,,,,,,,,,,1.0,,,,,,,,,,,,,,,,,,,,,,,,,,,,,,,,,,,,,,,,2.0,RedBuff,BrambleVest,,2.0,,,,,,,,,,,,,,,,,,,,2.0,StatikkShiv,,,,,,,,,,,,,,,,,,,,,,,,,None,None,,,,,,,,,,,,,,,,,,,,,1.0,GuinsoosRageblade,,,,,,,,,,,,,,
7,EUW1_5972865047,TFT7_Augment_AssassinTrait,TFT6_Augment_PortableForge,TFT6_Augment_CelestialBlessing2,3.0,,,1.0,,,,,,,1.0,,0.0,,,,0.0,,1.0,,0.0,,,,1.0,,1.0,,,,,,,,,,,,,,,,,,,,,,,,,,,,,,,,,,2.0,IonicSpark,TitansResolve,FrozenHeart,,,,,,,,,,,,,,,,,,,,,,,,,,,,,,,,,,,,,,,,,,,,,,,,,2.0,,,,,,,,,,,,,,,,,,,,,,,,,,,,,,,,,,,,2.0,AssassinEmblemItem,RunaansHurricane,InfinityEdge,1.0,,,,,,,,2.0,OrnnRocketPropelledFist,GiantsBelt,,,,,,,,,,,,,,,,,,2.0,,,,,,,,,,,,,,,,,,,,,,,,,,,,,,,,1.0,,,,,,,,,,,,,,None,None,,,,,,,,,,,,,,,,,,,,,,,,,,,,,,,,,,,,
1,EUW1_5971955990,TFT7_Augment_BandOfThieves1,TFT6_Augment_ThrillOfTheHunt2,TFT7_Augment_GadgetExpert,,1.0,1.0,2.0,,,,,,,1.0,,0.0,1.0,,1.0,0.0,,,,0.0,1.0,,1.0,1.0,,0.0,0.0,,,,,,,,,,,,,,,,,,,,,2.0,,,,,,,,,,,,,,,,,,,,,,,,,,,,,,,,,,,,2.0,UnstableConcoction,,,,,,,,,,,,,,,3.0,BrambleVest,Redemption,IonicSpark,,,,,,,,,,,,,,,,,,,,,,,,,,,,,3.0,ThiefsGloves,HextechGunblade,UnstableConcoction,,,,,,,,,,,,,,,,,2.0,RedBuff,Morellonomicon,,,,,,,,,,,,,,,,,,,,,,,,,,2.0,Shroud,,,,,,,,,,,,,,,,,,,,,,,2.0,Shroud,,,,,,,,,,,,,,,,,,,,,None,None,,,,,,,,,3.0,StatikkShiv,GuinsoosRageblade,GuinsoosRageblade,,,,,,,,,,,,,,,,,,,,,1.0,,,
6,EUW1_5971955990,TFT7_Augment_AxiomArc1,TFT6_Augment_ComponentGrabBag,TFT6_Augment_PortableForge,,,1.0,0.0,,0.0,1.0,0.0,,0.0,1.0,0.0,,,3.0,0.0,0.0,,,0.0,,,,,,,1.0,,,,,,,,,,,,,,,,,,,,,,1.0,,,,,,,,,,,,,,,,2.0,Quicksilver,GuinsoosRageblade,OrnnInfinityForce,,,,,,,,,,,,,,,,,,,,,,,,,,,,,,,,,,,,,,,,,,,,,,,,,,,,,2.0,,,,,,,,,,,,,,,,2.0,RedBuff,LocketOfTheIronSolari,,,,,,2.0,FrozenHeart,WarmogsArmor,IonicSpark,,,,,,,,,,,,,,,,,,,,,,,,,,,,,,,,,2.0,,,,,,,,,,,,,,,,,,,,,,,,,,,,,,,,,,,,,,,,,,,,,,None,None,,,,,,,,,,,,,,,,,,,,,,,,,1.0,GuinsoosRageblade,GuardianAngel,,,,,,,,,
2,EUW1_5971955990,TFT7_Augment_BestFriends1,TFT7_Augment_BestFriends2,TFT6_Augment_ThrillOfTheHunt2,1.0,0.0,,2.0,,,1.0,0.0,,,1.0,,0.0,0.0,,,,,,,,,,,1.0,,,2.0,,,,,,,,,,,,,,,,,,,,,,,,,,,,,,,,,,,,,,,,,,,,,,,,,2.0,TitansResolve,GuinsoosRageblade,Bloodthirster,,,,,,,,,,,,,,,,,,,,,2.0,Shroud,RecurveBow,,,,,,,,,,,,,,2.0,,,,,,,,,,,,,,,,,,,,,,,,,,,,,,,,,,,,2.0,WarmogsArmor,IonicSpark,Morellonomicon,2.0,MadredsBloodrazor,ArchangelsStaff,InfinityEdge,,,,,,,,,,,,,,,,,,,,,,,,,,,,,,,,,,,,,,,,,,,,,2.0,,,,,,,,2.0,ThiefsGloves,GiantsBelt,Redemption,,,,,,,,,,,None,None,,,,,,,,,,,,,,,,,,,,,,,,,,,,,,,,,,,,
7,EUW1_5971955990,TFT6_Augment_SecondWind1,TFT7_Augment_DragonHorde,TFT6_Augment_ComponentGrabBag,,,,,,,2.0,0.0,,0.0,,,,0.0,,,1.0,,,1.0,1.0,1.0,,0.0,,,,,,,,,,,,,,,,,,,,,,,,,,,,,,,,,,,,,,,,,,,,,1.0,ShimmerscaleHeartOfGold,WarmogsArmor,,,,,,,,,,,,,,,,,,,,,,,,,,,,,,,,,,,,,,,,,,,,,,,,,,,,,,,,,,,,,,,,,,,,,,,,,,,,,,,,,,,,,,,,,,,,,,,,,,,,,,,,,,,,,,,,,,1.0,Redemption,GiantsBelt,GargoyleStoneplate,,,,,,,,,,,,,2.0,HextechGunblade,GuinsoosRageblade,,,,,,,,,,,,,,,,,,,,,,,,None,None,,,,,,,,,,,,,,,,,,,,,1.0,ThiefsGloves,Zephyr,GuardianAngel,,,,,,,,,1.0,DragonmancerEmblemItem,SeraphsEmbrace,
8,EUW1_5971955990,TFT7_Augment_TempestTrait,TFT7_Augment_DragonAlliance,TFT6_Augment_ComponentGrabBag,,1.0,,1.0,,,2.0,,,,1.0,,,0.0,,0.0,,,,,,,,1.0,0.0,,,2.0,,,,,,,,,,,,,,,,,,,,,,,,,,,,,,,,,,,,,,,,,,,,,,,,,1.0,,,,,,,,,,,,,,,,,,,,,,,,2.0,BrambleVest,WarmogsArmor,GargoyleStoneplate,,,,,,,,,,,,,,,,,,,,,,,,,,,,,2.0,,,,,,,,,,,,,,,,,,,,,,,,,,,,,,,,,,,,,,,,,,,,,,,,,,,,,,,,,,,,,,,,,,,,,,,,2.0,,,,,,,,,,,,,,,,,,,,,,None,None,,,,,2.0,,,,2.0,RunaansHurricane,UnstableConcoction,,,,,,,,,,,,,,,,,,,,,,,,,
5,EUW1_5971955990,TFT6_Augment_TinyTitans,TFT7_Augment_RevelPartyTime,TFT7_Augment_RevelPartyFavors,,,,,1.0,,1.0,0.0,1.0,1.0,,,,,0.0,0.0,,1.0,0.0,,1.0,,,,,1.0,0.0,,,,,,,,,,,,,,,,,,,,,,,,,,2.0,,,,2.0,GuinsoosRageblade,MadredsBloodrazor,UnstableConcoction,,,,,,,,,2.0,RedBuff,GargoyleStoneplate,GargoyleStoneplate,,,,,,,,,,,,,,,,,,,,,,,,,,,,,,,,,,,,,,,,,,,,,,,,,,,,,,,,,2.0,,,,,,,,,,,,,,,,,,,,,,,,,,,,,,,,,,,,,,,,,,,,,,,,,,,,,,,,,,,,,,,,2.0,NeedlesslyLargeRod,,,,,,,,,,,,,,,,,,,,,,,,,,,,,,,2.0,TrainerSnax,None,None,2.0,ShimmerscaleHeartOfGold,LastWhisper,GuinsoosRageblade,,,,,,,,,,,,,,,,,,,,,1.0,Deathblade,RunaansHurricane,,,,,,,,,
4,EUW1_5971955990,TFT7_Augment_Preparation,TFT6_Augment_Diversify2,TFT6_Augment_TargetDummies,,,,1.0,,,1.0,,0.0,1.0,,1.0,0.0,0.0,,,,,,1.0,,,,,,,,3.0,,,,,1.0,,,,,,,,,,,,,,,,,,,,,,,,,,,,,,,,,,,,,,,,,,,,2.0,GuinsoosRageblade,Quicksilver,GuardianAngel,2.0,GuinsoosRageblade,Bloodthirster,Quicksilver,,,,,,,,,,,,,,,,,,,,,,,,,,,,,,,,,,,,,,,,,,,,,,,,,,,,,2.0,WarmogsArmor,HextechGunblade,TitansResolve,,,,,,,,,,,,,,,,,,,,,,,,,,,,,,,,,,,,,,,,,,,,,,,,,,,,,,,,,,,,,,,,,2.0,,,,,,,,,,,,2.0,,,,2.0,,,,,,None,None,,,,,,,,,,,,,,,,,,,,,,,,,,,,,,,,,,,,
3,EUW1_5971955990,TFT7_Augment_JadeEmblem,TFT6_Augment_LudensEcho2,TFT7_Augment_DragonAlliance,,,,,,,2.0,,1.0,,,2.0,0.0,,,1.0,,,,0.0,,,1.0,,1.0,0.0,,,,,,,2.0,Morellonomicon,,,1.0,SpearOfShojin,,,,,,,,,,,,,,,,,,,,,,,,,,,,,,,,,,,2.0,RedBuff,Bloodthirster,GuinsoosRageblade,,,,,,,,,,,,,,,,,,,,,,,,,,,,,,,,,,,,,,,,,,,,,,,,,,,,,2.0,JadeEmblemItem,,,,,,,2.0,HextechGunblade,GargoyleStoneplate,,,,,,,,,,,,,,,,,,,,,,,,,,,,,,,,,,,,,,,,,,,,,,,,,,,,,,,,,,2.0,Zephyr,GuinsoosRageblade,RabadonsDeathcap,,,,,,,,,,,,,,,,,,,,,,,,,,,None,None,,,,,,,,,,,,,,,,,,,,,,,,,,,,,,,,,,,,
2,EUW1_5971743448,TFT6_Augment_CyberneticUplink1,TFT7_Augment_GuildEmblem,TFT7_Augment_CavalierEmblem,0.0,,,1.0,,1.0,1.0,0.0,,,2.0,,0.0,,0.0,,2.0,,,0.0,,,,1.0,1.0,,1.0,,,,,,,,,,,,,,,,,,,,,,,,,,,,,,,,,,,,,,,,,,,,,,,,,,,,,,,,,,,,,,,,,,2.0,IonicSpark,SpearOfShojin,,,,,,,,,,,,,,,,,,,,,,,,,,,,,,,,,,,,,,,,,,,,,,,,,,,,,,,,,,2.0,CavalierEmblemItem,BrambleVest,,,,,,2.0,GuildEmblemItem,FrozenHeart,,,,,,,,,,,,,,,,,,1.0,LocketOfTheIronSolari,,,2.0,RedBuff,UnstableConcoction,,,,,,,,,,,,,,,,,,,,,,,,,,,,,,,,,,,,,,,,None,None,,,,,1.0,TearOfTheGoddess,,,,,,,,,,,,,,,2.0,GuinsoosRageblade,Quicksilver,MadredsBloodrazor,1.0,RunaansHurricane,,,,,,,,,,
4,EUW1_5971743448,TFT6_Augment_PandorasItems,TFT6_Augment_SecondWind2,TFT6_Augment_Ascension,,,,0.0,,2.0,1.0,,,1.0,1.0,,0.0,,1.0,,0.0,,,,,,,,2.0,,,0.0,,,,,,,,,1.0,ArchangelsStaff,ArchangelsStaff,SpearOfShojin,,,,,,,,,,,,,,,,,,,,,,,,,,,,,,,,,,,,,,,,,,,,,,,,,,,,,2.0,Redemption,,,,,,,,,,,,,,,,,,,,,,,,,,,2.0,,,,,,,,,,,,,,,,,,,,,,,,2.0,RedBuff,WarmogsArmor,TitansResolve,,,,,2.0,Chalice,Chalice,,,,,,,,,,,,,,1.0,,,,,,,,,,,,,,,,,,,,,,,,,,,,,,,,,,,,,,,,,,,,,,,,,,,,1.0,,,,,,None,None,,,,,,,,,,,,,,,,,,,,,,,,,,,,,,,,,,,,
6,EUW1_5971743448,TFT7_Augment_BestFriends1,TFT7_Augment_PandorasBench,TFT7_Augment_BestFriends2,0.0,0.0,,2.0,,,1.0,,,,1.0,,0.0,0.0,,,,,,,,,,1.0,1.0,,,2.0,,,,,,,,,,,,,,,,,,,,,,,,,,,,,,,,,,,,,,,,,,,,,,,,,2.0,Redemption,DragonsClaw,,,,,,,,,,,,,,,,,,,,,,1.0,Zephyr,,,,,,,,,,,,,,,,,,,,,,,,,,,,,,,,,,,,,,,,,,,,,,,,,,,1.0,,,,,,,,1.0,,,,,,,,,,,,,,,,,,,,,,,,,,,,,,,,,,,,,,,,,,,,2.0,,,,,,,,,,,,,,,,,,,,,,None,None,,,,,2.0,,,,3.0,Deathblade,GuinsoosRageblade,InfinityEdge,,,,,,,,,,,,,,,,,,,,,,,,
3,EUW1_5971743448,TFT6_Augment_PandorasItems,TFT6_Augment_ComponentGrabBag,TFT7_Augment_SwiftshotPressTheAttack,1.0,,1.0,1.0,,1.0,,,,,4.0,,0.0,,,0.0,1.0,,,,,,,1.0,1.0,,0.0,,,,,,,,,,,,,,,,,,,,,,1.0,,,,,,,,,,,,,,,,,,,,,,,,,,,,,,,,,,,,,,,,,,,,2.0,,,,,,,,,,,,,,,,,,,,,,,,,,,,,,,,,,,,,,,,,,,,,,,,,,,,,,,,,,,,1.0,ForceOfNature,Redemption,,,,,,2.0,Shroud,,,,,,,2.0,RedBuff,,,,,,,,,,,2.0,,,,,,,,,,,,,,,,,,,,,,,,,,,,,,,,2.0,FrozenHeart,UnstableConcoction,SparringGloves,,,,,,,,,,,None,None,,,,,2.0,,,,,,,,,,,,,,,,2.0,GuinsoosRageblade,LastWhisper,MadredsBloodrazor,,,,,,,,,,,,
7,EUW1_5971743448,TFT6_Augment_SecondWind1,TFT6_Augment_BlueBattery2,TFT7_Augment_EvokerEmblem,,,1.0,1.0,,,1.0,0.0,1.0,,2.0,,,1.0,0.0,1.0,,,,,,,,,,1.0,0.0,2.0,,,,,,,,,,,,,,,,,,,,,1.0,,,,,,,,,,,,,,,,,,,,,,,,,,,,2.0,ThiefsGloves,NeedlesslyLargeRod,JeweledGauntlet,,,,,,,,,,,,,,,,,2.0,,,,,,,,,,,,,,,,,,,,,,,,,,,,,,,,2.0,,,,,,,,,,,,,,,,,,,,,,,,,,,,,,,,,,,,2.0,SpearOfShojin,EvokerEmblemItem,HextechGunblade,,,,,,,,,,,,,,,,,,,,,,,,,,,,,,,,,,,,,2.0,WarmogsArmor,DragonsClaw,,,,,,,,,,,,,,,,,,2.0,TrainerSnax,None,None,,,,,,,,,,,,,,,,,,,,,,,,,2.0,GiantsBelt,ZekesHerald,,,,,,,,,
1,EUW1_5971743448,TFT7_Augment_BandOfThieves1,TFT6_Augment_Distancing2,TFT6_Augment_CelestialBlessing2,0.0,1.0,1.0,1.0,,0.0,,,,,5.0,,,0.0,,1.0,,,,,,,,1.0,,,,,,,,,,,,,,,,,,,,,,,,,1.0,ThiefsGloves,Morellonomicon,IonicSpark,,,,,,,,,,,,,,,,,,,,,,,,,,,,,,,,,,,,,,,,,,,,,,,,,3.0,GiantsBelt,BrambleVest,SeraphsEmbrace,,,,,,,,,,,,,,,,,,,,,,,,,,,,,3.0,SpearOfShojin,SeraphsEmbrace,HextechGunblade,,,,,,,,,,,,,,,,,,,,,,,,,,,,,2.0,,,,1.0,,,,,,,,,,,,,,,,,,,,3.0,ThiefsGloves,RecurveBow,TitanicHydra,,,,,,,,,,,,,,,,,,,,,1.0,,,,,,,,,,,,,,None,None,,,,,2.0,TitansResolve,,,3.0,GuinsoosRageblade,Deathblade,RunaansHurricane,,,,,,,,,,,,,,,,,,,,,,,,
8,EUW1_5971743448,TFT6_Augment_Distancing,TFT6_Augment_BlueBattery2,TFT6_Augment_MakeshiftArmor2,1.0,,,1.0,,2.0,,,,,3.0,,0.0,1.0,,,0.0,,0.0,,,,,,1.0,,,0.0,,,,,,,,,,,,,,,,,,,,,,,,,,,,,,,,,,,,,,,,,,,,,,,,,,,,,,,,,,,,,,,,,1.0,DragonsClaw,,,,,,,,,,,,,,,,,,,,,,,,,,,,,,,2.0,ArchangelsStaff,MadredsBloodrazor,RabadonsDeathcap,,,,,,,,,,,,,,,,,,,,,,,,,1.0,ThiefsGloves,InfinityEdge,JeweledGauntlet,,,,,2.0,FrozenHeart,,,2.0,,,,2.0,,,,,,,,,,,,,,,,,,,,,,,,,,,,,,,,,,,,2.0,DragonsClaw,,,,,,,1.0,,,,,,,,,,,,,,None,None,,,,,,,,,,,,,,,,,,,,,,,,,,,,,,,,,,,,
5,EUW1_5971743448,TFT7_Augment_AstralTrait,TFT6_Augment_JeweledLotus,TFT6_Augment_SecondWind2,,1.0,1.0,0.0,,,1.0,,0.0,,1.0,,,1.0,,2.0,,,,,,,,,1.0,1.0,,,,,,,,,,,1.0,SpearOfShojin,ArchangelsStaff,ArchangelsStaff,,,,,,,,,1.0,,,,,,,,,,,,,,,,,,,,,,,,,,,,,,,,,,,,,,,,,,,,,,,,2.0,,,,2.0,TitanicHydra,MageEmblemItem,RedBuff,,,,,,,,,,,,,,,,,,,,,,,,,2.0,,,,3.0,GargoyleStoneplate,IonicSpark,,,,,,,,,,,,,,,,,,,,,,,,,,,,,,,,,,,,,,,,,,,,,,,,,,,,,,,,,,,,,,,,,,,,,,,,,,,,,,,,,,,,,,,,,,2.0,TrainerSnax,None,None,,,,,,,,,,,,,2.0,,,,,,,,,,,,,,,,,,,,,,,
6,EUW1_5971813149,TFT7_Augment_SwiftshotEmblem2,TFT6_Augment_ThrillOfTheHunt1,TFT6_Augment_Ascension,0.0,,,1.0,,1.0,,,,,3.0,,0.0,,,,1.0,,,,,,,2.0,1.0,,0.0,,,,,,,,,,,,,,,,,,,,,,,,,,,,,,,,,,,,,,,,,,,,,,,,,,,,,,,,,,2.0,StatikkShiv,,,,,,,2.0,TearOfTheGoddess,,,,,,,,,,,,,,,,,,,,,,,,,,,,,,,,,,,,,,,,,,,,,,,,,,,,,,,,,,,1.0,GargoyleStoneplate,FrozenHeart,,,,,,,,,,,,,,1.0,,,,,,,,,,,,2.0,,,,,,,,,,,,,,,,,,,,,,,,,,,,,,,,2.0,SwiftshotEmblemItem,InfinityEdge,GuinsoosRageblade,,,,,,,,,,,None,None,,,,,2.0,,,,,,,,,,,,,,,,2.0,Quicksilver,GuinsoosRageblade,MadredsBloodrazor,,,,,,,,,,,,
7,EUW1_5971813149,TFT6_Augment_BandOfThieves2,TFT6_Augment_CelestialBlessing1,TFT6_Augment_ComponentGrabBag,,2.0,,1.0,,,,,,,1.0,,,1.0,,0.0,,,,0.0,,,,0.0,,,,,,,,,,,,,,,,,,,,,,,,,,,,,,,,,,,,,,,,,,,,,,,,,,,,,,,,,,,,,,,,,,,,,,,,,,,,,2.0,GuardianAngel,DragonsClaw,,,,,,,,,,,,,,,,,,,,,,,,,,,,,,3.0,ThiefsGloves,BFSword,ZekesHerald,,,,,2.0,ThiefsGloves,TitansResolve,MadredsBloodrazor,,,,,,,,,,,,,,,,,,,,,2.0,JeweledGauntlet,SpearOfShojin,RapidFireCannon,,,,,,,,,,,,,,,,,,,,,2.0,,,,,,,,,,,,,,,,,,,,,,,,,,,,,,,,,,,,,,None,None,,,,,,,,,2.0,InfinityEdge,GuinsoosRageblade,LastWhisper,3.0,TitanicHydra,,,,,,,,,,,,,,,,,,,,,,
3,EUW1_5971813149,TFT7_Augment_CavalierEmblem2,TFT6_Augment_Diversify1,TFT6_Augment_SecondWind2,,,1.0,0.0,,3.0,1.0,0.0,,,2.0,,,,2.0,0.0,0.0,,,,,,,,,,1.0,,,,,,,,,,,,,,,,,,,,,,2.0,ZekesHerald,GuinsoosRageblade,,,,,,,,,,,,,,2.0,JeweledGauntlet,InfinityEdge,HextechGunblade,,,,,,,,,,,,,,,,,,,,,,,,,2.0,GuardianAngel,RunaansHurricane,DragonsClaw,,,,,,,,,,,,,,,,,,,,,,,,,,,,,,,,,,,,,,,,,,,,,,,,,2.0,RedBuff,WarmogsArmor,FrozenHeart,,,,,,,,,,,,,,,,,,,,,2.0,,,,,,,,,,,,2.0,,,,,,,,,,,,,,,,,,,,,,,,,,,,,,,,,,,,,,,,,,,,,,None,None,,,,,,,,,,,,,,,,,,,,,,,,,1.0,CavalierEmblemItem,GargoyleStoneplate,,,,,,,,,
5,EUW1_5971813149,TFT7_Augment_WhispersEmblem2,TFT6_Augment_LudensEcho1,TFT6_Augment_Distancing2,,,1.0,1.0,0.0,,1.0,,1.0,,1.0,,0.0,1.0,,1.0,,,,,0.0,1.0,,,2.0,1.0,,1.0,,,,,,,,,1.0,MageEmblemItem,SeraphsEmbrace,ArchangelsStaff,,,,,,,,,2.0,WhispersEmblemItem,ChainVest,,,,,,,,,,,,,,,,,,,,,,,,,,,,,,,,,,,,,,,,,,,,,,,,,,,,,,,,,,,,,,,,,,,,,,,,,,,,,,2.0,,,,,,,,,,,,,,,,,,,,,,,,1.0,Zephyr,,,,,,,,,,,,,,,,,,,,,,,,,,,,,,,,,,,,,,,,,,,,,,,,,,,2.0,TitansResolve,GargoyleStoneplate,,,,,,,,,,,,,,,,,,4.0,TrainerSnax,None,None,2.0,,,,,,,,,,,,,,,,,,,,,,,,,,,,,,,,1.0,EvokerEmblemItem,UnstableConcoction,RabadonsDeathcap
4,EUW1_5971813149,TFT7_Augment_LivingForge,TFT6_Augment_SecondWind1,TFT6_Augment_CyberneticUplink2,0.0,0.0,,3.0,,,1.0,,,,1.0,,0.0,0.0,,,0.0,,0.0,,,,,,0.0,,1.0,2.0,,,,,,,,,,,,,,,,,,,,,,,,,,,,,,,,,,,,,,,,,,,,,,,,,2.0,Bloodthirster,OrnnDeathsDefiance,GuinsoosRageblade,,,,,,,,,,,,,,,,,,,,,2.0,GargoyleStoneplate,Bloodthirster,,,,,,,,,,,,,,,,,,,,,,,,,,,,,,,,,,,,,,,,,,,,,,2.0,ThiefsGloves,TitansResolve,MadredsBloodrazor,1.0,OrnnObsidianCleaver,,,,,,,,,,,,,,,,,,,,,,,,,,,2.0,BFSword,ZekesHerald,,,,,,,,,,,,,,,,,,,,,,2.0,GargoyleStoneplate,,,,,,,2.0,OrnnInfinityForce,RedBuff,,,,,,,,,,,,None,None,,,,,,,,,,,,,,,,,,,,,,,,,,,,,,,,,,,,
2,EUW1_5971813149,TFT7_Augment_SwiftshotEmblem2,TFT7_Augment_SwiftshotTrait,TFT7_Augment_BestFriends2,,1.0,1.0,2.0,,,,,0.0,,2.0,,0.0,0.0,,3.0,0.0,,,,,,,2.0,0.0,0.0,0.0,,,,,,,,,,,,,,,,,,,,,,1.0,,,,,,,,,,,,,,,,,,,,,,,,,,,,,,,,,,,,,,,,,,,,,,,,,,,,3.0,MysticEmblemItem,Redemption,,,,,,,,,,,,,,,,,,,,,,,,,,2.0,Zephyr,,,3.0,SwiftshotEmblemItem,StatikkShiv,InfinityEdge,,,,,,,,,,,,,,,,,2.0,FrozenHeart,RedBuff,IonicSpark,,,,,,,,,,,,,,,,,,,,,,,,,2.0,,,,,,,,2.0,,,,,,,,,,,,,,,,,,,,,,,,,,,,,,,,,,,,,,None,None,,,,,2.0,InfinityEdge,,,3.0,RunaansHurricane,MadredsBloodrazor,GuinsoosRageblade,,,,,,,,,,,,,,,,,,,,,,,,
1,EUW1_5971813149,TFT7_Augment_RevelEmblem2,TFT6_Augment_CelestialBlessing1,TFT6_Augment_Distancing2,,,,1.0,0.0,,1.0,0.0,1.0,,,,0.0,,2.0,0.0,,4.0,,,,,,,0.0,0.0,0.0,,,,,,,,,,,,,,,,,,,,,,,,,,,,,,2.0,InfinityEdge,StatikkShiv,RunaansHurricane,,,,,2.0,Quicksilver,GuinsoosRageblade,RevelEmblemItem,,,,,,,,,,,,,,,,,,,,,,,,,,,,,,,,,,,,,,,,,,,,,,,,,,,,,,,,,,,,,2.0,ZekesHerald,,,,,,,,,,,,,,,,,,,,,,,2.0,GargoyleStoneplate,BrambleVest,HextechGunblade,,,,,,,,,,,,,,,,,,,,,,,,,,,,,,,,,,,,,2.0,,,,,,,,,,,,,,,,2.0,,,,,,,,,,,,,,,,,,None,None,,,,,,,,,,,,,,,,,,,,,,,,,2.0,RevelEmblemItem,Quicksilver,WarmogsArmor,,,,,,,,
8,EUW1_5971813149,TFT6_Augment_Twins3,TFT6_Augment_PandorasItems,TFT7_Augment_DragonHorde,,,,0.0,,0.0,2.0,,,,,,,,2.0,,,,,,,,,,,,,1.0,,,,,,,,,,,,,,,,,,,,,,,,,,,,,,,,,,,,,1.0,StatikkShiv,MadredsBloodrazor,GuinsoosRageblade,,,,,,,,,1.0,BFSword,,,,,,,,,,,,,,,,,,,,,,,,,,,,,,,,,,,,,,,,,,,,,,,,,,,,,,,,,,,,,,,,,,,2.0,RedBuff,,,,,,,,,,,,,,,,,,,,,,,,,,,,,,,,,,,,,,,,,,,,,,,,,,,,,,,,,,,,,,,,,,,,,,,,,,,,,,,,,None,None,,,,,,,,,,,,,,,,,,,,,,,,,,,,,,,,,,,,
1,EUW1_5971738166,TFT6_Augment_LudensEcho2,TFT6_Augment_Diversify2,TFT7_Augment_GadgetExpert,,,1.0,,1.0,,1.0,,1.0,1.0,1.0,,,,,1.0,,1.0,,,1.0,,,,,1.0,,0.0,,,,,,,,,,,,,,,,,,,,,2.0,SeraphsEmbrace,,,,,,,2.0,StatikkShiv,StatikkShiv,ShimmerscaleGoldmancersStaff,,,,,,,,,2.0,GargoyleStoneplate,WarmogsArmor,,,,,,,,,,,,,,,,,,,,,,,,,,,,,,,,,,,,,,,,,,,,,,,,,,,,,,,,,,2.0,ZekesHerald,,,,,,,,,,,,,,,,,,,,,,,,,,,,,,,,,,,,,,,,,,,,,,,,,,,,,,,,,,,,,,,3.0,Bloodthirster,JeweledGauntlet,StatikkShiv,,,,,,,,,,,,,,,,,,,,,,,,,1.0,,,,3.0,TrainerSnax,None,None,2.0,ThiefsGloves,RunaansHurricane,MadredsBloodrazor,,,,,,,,,,,,,,,,,,,,,,,,,,,,,,,,
6,EUW1_5971738166,TFT7_Augment_CannoneerRicochet,TFT6_Augment_CelestialBlessing2,TFT7_Augment_GadgetExpert,,,,,2.0,,1.0,,1.0,1.0,,,,,,0.0,,2.0,0.0,,1.0,,,,,1.0,,,,,,,,,,,,,,,,,,,,,,,,,,,2.0,RecurveBow,,,2.0,RunaansHurricane,Quicksilver,GuinsoosRageblade,,,,,,,,,2.0,GargoyleStoneplate,GiantsBelt,IonicSpark,,,,,,,,,,,,,,,,,,,,,,,,,,,,,,,,,2.0,,,,,,,,,,,,,,,,,,,,,,,,1.0,,,,,,,,,,,,,,,,,,,,,,,,,,,,,,,,,,,,,,,,,,,,,,,,,,,,,,,,,,,,,,,,1.0,ShimmerscaleGoldmancersStaff,,,,,,,,,,,,,,,,,,,,,,,,,,,,,,,3.0,TrainerSnax,None,None,2.0,InfinityEdge,StatikkShiv,,,,,,,,,,,,,,,,,,,,,,,,,,,,,,,,,
2,EUW1_5971738166,TFT7_Augment_Preparation2,TFT7_Augment_BestFriends2,TFT6_Augment_Diversify2,0.0,1.0,1.0,1.0,,,,,0.0,,2.0,,0.0,0.0,,2.0,,,,,,,,1.0,1.0,0.0,,,,,,,,,,,,,,,,,,,,,,,1.0,,,,,,,,,,,,,,,,,,,,,,,,,,,,,,,,,,,,,,,,,,,,,,,,,,,,3.0,RedBuff,GargoyleStoneplate,,,,,,,,,,,,,,,,,,,,,,,,,,1.0,,,,3.0,LocketOfTheIronSolari,SeraphsEmbrace,,,,,,,,,,,,,,,,,,2.0,FrozenHeart,,,,,,,2.0,RedBuff,,,,,,,,,,,,,,,,,,,,,,,,,,,,,,,,,,,,,,,,,,,,,,,,,,,,,,,,,,,,,,,,,None,None,,,,,2.0,,,,3.0,GuinsoosRageblade,Deathblade,RunaansHurricane,,,,,,,,,,,,,,,,,,,,,,,,
7,EUW1_5971738166,TFT6_Augment_TargetDummies,TFT6_Augment_Ascension,TFT6_Augment_CyberneticShell2,,,,,,2.0,1.0,,1.0,,1.0,,,0.0,2.0,0.0,,0.0,0.0,,,,,,,0.0,,,,,,,,,,,,,,,,,,,,,,,,,,,,,,,,,,,,,,,2.0,GuinsoosRageblade,MadredsBloodrazor,JeweledGauntlet,,,,,,,,,,,,,,,,,,,,,,,,,,,,,,,,,,,,,,,,,,,,,,,,,,,,,,,,,2.0,,,,2.0,SeraphsEmbrace,Chalice,,,,,,,,,,,,,,2.0,RedBuff,,,,,,,,,,,,,,,,,,,,,,,2.0,,,,,,,,,,,,,,,,,,,,,,,,1.0,RecurveBow,,,,,,,,,,,,,,,,,,,,,,,,,,,,,,,,,None,None,,,,,,,,,,,,,,,,,,,,,,,,,,,,,,,,,,,,
5,EUW1_5971738166,TFT7_Augment_RagewingEmblem,TFT6_Augment_CelestialBlessing2,TFT6_Augment_Ascension,0.0,,1.0,1.0,,,,0.0,,,3.0,,0.0,,0.0,0.0,1.0,,,,,,,1.0,1.0,,1.0,,,,,,,,,,,,,,,,,,,,,,1.0,,,,,,,,,,,,,,,,,,,,,,,,,,,,,,,,,,,,,,,,,,,,,,,,,,,,,,,,,,,,,,,,,,,,1.0,,,,,,,,,,,,,,,,,,,,,,,,,,,,,,,,,,,,1.0,,,,,,,,,,,,,,,,,,,,,,,,,,,,2.0,,,,,,,,,,,,,,,,,,,,,,,,,,,,,,,,1.0,ZekesHerald,ZekesHerald,InfinityEdge,,,,,,,,,,,None,None,,,,,2.0,,,,,,,,,,,,,,,,2.0,GuinsoosRageblade,Deathblade,Quicksilver,1.0,RagewingEmblemItem,SparringGloves,,,,,,,,,
4,EUW1_5971738166,TFT7_Augment_RagewingTantrum,TFT6_Augment_PortableForge,TFT6_Augment_Diversify2,1.0,,,1.0,,1.0,,,,,3.0,,0.0,,,,1.0,,,,,,,1.0,1.0,,0.0,,,,,,,,,,,,,,,,,,,,,,,,,,,,,,,,,,,,,,,,,,,,,,,,,,,,,,,,,,,,,,,,,,1.0,Chalice,,,,,,,,,,,,,,,,,,,,,,,,,,,,,,,,,,,,,,,,,,,,,,,,,,,,,,,,,,,2.0,LocketOfTheIronSolari,WarmogsArmor,OrnnRocketPropelledFist,,,,,2.0,Zephyr,,,,,,,1.0,,,,,,,,,,,,2.0,,,,,,,,,,,,,,,,,,,,,,,,,,,,,,,,2.0,InfinityEdge,RedBuff,BFSword,,,,,,,,,,,None,None,,,,,2.0,,,,,,,,,,,,,,,,2.0,GuinsoosRageblade,LastWhisper,InfinityEdge,,,,,,,,,,,,
3,EUW1_5971738166,TFT7_Augment_GadgetExpert,TFT7_Augment_FirstAidKit2,TFT6_Augment_JeweledLotus,0.0,,,0.0,,0.0,1.0,,,,2.0,0.0,,,,,2.0,,,1.0,,,,1.0,,,0.0,,,,,,,,,,,,,,,,,,,,,,,,,,,,,,,,,,,,,,,,,,,,,,,,,,,,,,,,,,,,,,,,,,2.0,,,,,,,,,,,,,,,,,,,,,,,,,,,,,,,,,,,,,,,,,,,,2.0,WarmogsArmor,GargoyleStoneplate,,,,,,,,,,,,,,,,,,,,,,,,,,,,,,,,,,,,,,,,,,2.0,,,,1.0,RedBuff,IonicSpark,RabadonsDeathcap,,,,,,,,,,,,,,,,,,,,,,,,,2.0,StatikkShiv,FrozenHeart,,,,,,,,,,,,None,None,,,,,2.0,PowerGauntlet,,,,,,,,,,,,,,,2.0,GuinsoosRageblade,MadredsBloodrazor,,,,,,,,,,,,,
8,EUW1_5971738166,TFT7_Augment_TempestEmblem,TFT6_Augment_Ascension,TFT7_Augment_AxiomArc2,1.0,,,0.0,,1.0,,,,0.0,,,,0.0,,,0.0,,2.0,,,,,,1.0,,0.0,,,,,,,,,,,,,,,,,,,,,,,,,,2.0,,,,,,,,1.0,InfinityEdge,,,,,,,,,,,,,,,,,,,,,,,,,,,,,,,1.0,TempestEmblemItem,,,,,,,,,,,,,,,,,,,,,,,,,,,,,,,2.0,Bloodthirster,RabadonsDeathcap,,,,,,,,,,,,,,,,,,,,,,2.0,,,,,,,,,,,,2.0,,,,,,,,,,,,,,,,,,,,,,,,,,,,,,,,,,,,,,,,,,,,,,,,,,,,,,,,,,,,,,,,,,None,None,,,,,,,,,,,,,,,,,,,,,,,,,,,,,,,,,,,,
2,EUW1_5971879126,TFT6_Augment_CelestialBlessing2,TFT7_Augment_BruiserTitanicStrength,TFT7_Augment_AssassinEmblem,3.0,,,2.0,,,,,,,1.0,,0.0,0.0,,,0.0,,1.0,,,,,,1.0,,1.0,1.0,,,,,,,,,,,,,,,,,,,,,,,,,,,,,,,,,3.0,IonicSpark,HextechGunblade,InfinityEdge,,,,,,,,,,,,,,,,,,,,,,,,,,,,,,,,,,,,,,,,,,,,,,,,,,,,,,,,,,,,,,,,,,,,,,,,,,,,,,,,,,,,,2.0,InfinityEdge,LastWhisper,AssassinEmblemItem,2.0,AssassinEmblemItem,Morellonomicon,Zephyr,1.0,RunaansHurricane,SeraphsEmbrace,FrozenHeart,2.0,,,,,,,,,,,,,,,,,,,,2.0,Redemption,,,,,,,,,,,,,,,,,,,,,,,2.0,,,,,,,,2.0,,,,,,,,,,,,,,None,None,,,,,,,,,,,,,,,,,,,,,,,,,,,,,,,,,,,,
8,EUW1_5971879126,TFT7_Augment_JadeEternalProtection,TFT6_Augment_PortableForge,TFT6_Augment_TargetDummies,,0.0,,,,,1.0,,1.0,,,2.0,0.0,0.0,,2.0,,,,1.0,,,,,,0.0,,,,,,,2.0,SpearOfShojin,,,,,,,,,,,,,,,,,,,,,,,,,,,,,,,,,,,,,,,2.0,UnstableConcoction,GuinsoosRageblade,ChainVest,,,,,,,,,,,,,2.0,,,,,,,,,,,,,,,,,,,,,,,,,,,,,,,,,,,,,,,,1.0,,,,1.0,,,,1.0,OrnnAnimaVisage,GargoyleStoneplate,,,,,,,,,,,,,,,,,,,,,,,,,,,,,,,,,,,,,,,,,,,,,,,,,,,,,,,,,,,,,,,,,,,,,,,,,,,,,,,,,,,,,,,,None,None,,,,,,,,,,,,,,,,,,,,,,,,,,,,,,,,,,,,
3,EUW1_5971879126,TFT7_Augment_MirageHallucinate,TFT7_Augment_CavalierDevastatingCharge,TFT7_Augment_PandorasBench,,,,,,3.0,1.0,0.0,,,1.0,,,0.0,3.0,,0.0,,0.0,,,,,,,,1.0,,,,,,,,,,,,,,,,,,,,,,,,,,,,,,,,,,,,,,2.0,MadredsBloodrazor,HextechGunblade,MadredsBloodrazor,,,,,,,,,,,,,,,,,,,,,,,,,2.0,ZekesHerald,,,,,,,,,,,,,,,,,,,,,,,,,,,,,,,2.0,,,,,,,,,,,,,,,,,,,,3.0,RedBuff,TitansResolve,Redemption,,,,,,,,,,,,,,,,,,,,,1.0,,,,,,,,,,,,,,,,,,,,,,,,,,,,,,,,,,,,,,,,,,,,,,,,,,,,,,,,,,None,None,,,,,,,,,,,,,,,,,,,,,,,,,1.0,UnstableConcoction,SparringGloves,Quicksilver,2.0,,,,,,,
4,EUW1_5971879126,TFT6_Augment_SalvageBin,TFT6_Augment_ThrillOfTheHunt2,TFT6_Augment_SecondWind2,,,1.0,,1.0,,1.0,,1.0,1.0,1.0,,,,,1.0,,1.0,,,1.0,,,,,1.0,,0.0,,,,,,,,,,,,,,,,,,,,,1.0,,,,,,,,2.0,LastWhisper,GuinsoosRageblade,HextechGunblade,,,,,,,,,2.0,GargoyleStoneplate,RedBuff,GargoyleStoneplate,,,,,,,,,,,,,,,,,,,,,,,,,,,,,,,,,,,,,,,,,,,,,,,,,,,,,,,,,2.0,ShimmerscaleHeartOfGold,,,,,,,,,,,,,,,,,,,,,,,,,,,,,,,,,,,,,,,,,,,,,,,,,,,,,,,,,,,,,,,2.0,Morellonomicon,StatikkShiv,MadredsBloodrazor,,,,,,,,,,,,,,,,,,,,,,,,,1.0,,,,4.0,TrainerSnax,None,None,2.0,Shroud,,,,,,,,,,,,,,,,,,,,,,,,,,,,,,,,,,
1,EUW1_5971879126,TFT6_Augment_CyberneticShell2,TFT6_Augment_Twins2,TFT7_Augment_PandorasBench,,0.0,,0.0,,,1.0,0.0,,,,0.0,,,,,,,,1.0,,,,,,,,2.0,,,,,,,,,,,,,,,,,,,,,,,,,,,,,,,,,,,,,,,,,,,,,,,,,3.0,Deathblade,Quicksilver,Bloodthirster,2.0,Shroud,,,,,,,,,,,,,,,,,,,,,,,,,,,,,,,,,,,,,,,,,,,,,,,,,,,,,,,2.0,RedBuff,,,2.0,DragonmancerEmblemItem,Deathblade,Quicksilver,,,,,,,,,,,,,,,,,,,,,,,,,,,,,,,,,,,,,,,,,,,,,,,,,,,,,,,,,,,,,,,,,,,,,,,,,,,,,,,,,,,None,None,,,,,,,,,,,,,,,,,,,,,,,,,,,,,,,,,,,,
7,EUW1_5971879126,TFT7_Augment_CannoneerHotShot,TFT7_Augment_PandorasBench,TFT6_Augment_CyberneticUplink2,,,,,2.0,,1.0,,0.0,1.0,,,,,,0.0,,1.0,,,1.0,,,,,1.0,,0.0,,,,,,,,,,,,,,,,,,,,,,,,,,,,,2.0,GuinsoosRageblade,InfinityEdge,MadredsBloodrazor,,,,,,,,,2.0,GargoyleStoneplate,Redemption,,,,,,,,,,,,,,,,,,,,,,,,,,,,,,,,,,2.0,,,,,,,,,,,,,,,,,,,,,,,,1.0,,,,,,,,,,,,,,,,,,,,,,,,,,,,,,,,,,,,,,,,,,,,,,,,,,,,,,,,,,,,,,,,,,,,,,,,,,,,,,,,,,,,,,,,,,,,2.0,Morellonomicon,,,2.0,TrainerSnax,None,None,2.0,ShimmerscaleHeartOfGold,,,,,,,,,,,,,,,,,,,,,,,,,,,,,,,,,,
6,EUW1_5971879126,TFT7_Augment_BruiserEmblem,TFT6_Augment_CyberneticImplants2,TFT7_Augment_DragonHorde,,,,2.0,,,2.0,0.0,,1.0,,,0.0,,0.0,,0.0,,0.0,,1.0,,,,2.0,,1.0,,,,,,,,,,1.0,,,,,,,,,,,,,,,,,,,,,,,,,,,,,,,,2.0,RedBuff,ShimmerscaleHeartOfGold,BruiserEmblemItem,,,,,,,,,,,,,,,,,,,,,,,,,,,,,,,,,,,,,,,,,,,,,,,,,,,,,,,,,,,,,,,,,,,,,,,,,,,,,2.0,Deathblade,Quicksilver,,2.0,GuardianEmblemItem,FrozenHeart,,,,,,,,,,,,,,,,,,,,,,,,,,2.0,,,,,,,,,,,,,,,,,,,,,,,,,,,,,,,,,,,,,,,,,,,,,,None,None,,,,,,,,,,,,,,,,,,,,,,,,,1.0,RunaansHurricane,MadredsBloodrazor,Bloodthirster,,,,,,,,
5,EUW1_5971879126,TFT7_Augment_GuildEmblem,TFT6_Augment_Diversify2,TFT6_Augment_PortableForge,1.0,,,1.0,,1.0,,,,,4.0,,0.0,,,,1.0,,,,,,,1.0,1.0,,0.0,,,,,,,,,,,,,,,,,,,,,,,,,,,,,,,,,,,,,,,,,,,,,,,,,,,,,,,,,,,,,,,,,,1.0,,,,,,,,,,,,,,,,,,,,,,,,,,,,,,,,,,,,,,,,,,,,,,,,,,,,,,,,,,,,1.0,WarmogsArmor,GargoyleStoneplate,TearOfTheGoddess,,,,,2.0,FrozenHeart,,,,,,,2.0,,,,,,,,,,,,2.0,,,,,,,,,,,,,,,,,,,,,,,,,,,,,,,,2.0,GuardianAngel,InfinityEdge,RapidFireCannon,,,,,,,,,,,None,None,,,,,2.0,,,,,,,,,,,,,,,,2.0,GuildEmblemItem,OrnnInfinityForce,GuinsoosRageblade,,,,,,,,,,,,
7,EUW1_5972744961,TFT7_Augment_ScalescornTrait,TFT6_Augment_Electrocharge1,TFT6_Augment_PortableForge,,,,0.0,1.0,,1.0,,0.0,1.0,,,,,,,,3.0,0.0,,1.0,,,,,,,,,,,,,,,,,,,,,,,,,,,,,,,,2.0,FrozenHeart,GiantsBelt,ShimmerscaleMogulsMail,2.0,MadredsBloodrazor,InfinityEdge,MadredsBloodrazor,,,,,,,,,2.0,OrnnEternalWinter,TitansResolve,DragonsClaw,,,,,,,,,,,,,,,,,,,,,,,,,,,,,,,,,2.0,,,,,,,,,,,,,,,,,,,,,,,,,,,,,,,,,,,,,,,,,,,,,,,,,,,,,,,,,,,,,,,,,,,,,,,,,,,,,,,,,,,,,,,,1.0,,,,,,,,,,,,,,,,1.0,,,,,,,,,,,,,,,,,,None,None,,,,,,,,,,,,,,,,,,,,,,,,,,,,,,,,,,,,
1,EUW1_5972744961,TFT6_Augment_Meditation1,TFT6_Augment_ThrillOfTheHunt1,TFT6_Augment_MakeshiftArmor2,,,,1.0,,,1.0,,1.0,,1.0,,0.0,2.0,,0.0,,0.0,,,0.0,1.0,,,2.0,1.0,,0.0,,,,,,,,,2.0,HextechGunblade,ArchangelsStaff,SpearOfShojin,,,,,,,,,,,,,,,,,,,,,,,,,,,,,,,,,,,,,,,,,,,,,,,,,,,,,,,,,2.0,,,,,,,,,,,,,,,,,,,,,,,,,,,,,,,,2.0,,,,,,,,,,,,,,,,,,,,,,,,2.0,RedBuff,RunaansHurricane,,,,,,,,,,2.0,PowerGauntlet,ZekesHerald,ZekesHerald,,,,,,,,,,,,,,,,,,,,,,,,,2.0,MageEmblemItem,HextechGunblade,,,,,,,,,,2.0,GargoyleStoneplate,Shroud,TitansResolve,,,,,,,,,,,,,,,,,3.0,TrainerSnax,None,None,,,,,,,,,,,,,,,,,,,,,,,,,,,,,,,,,2.0,,,
4,EUW1_5972744961,TFT6_Augment_CyberneticUplink1,TFT6_Augment_Distancing,TFT6_Augment_CyberneticUplink2,,1.0,1.0,1.0,,,,,0.0,,2.0,,,2.0,,2.0,,,,,0.0,1.0,,,,0.0,,0.0,,,,,,,,,,,,,,,,,,,,,1.0,RunaansHurricane,,,,,,,,,,,,,,,,,,,,,,,,,,,,,,,,,,,,,,,,,,,,,,,,,,,2.0,Redemption,,,,,,,,,,,,,,,,,,,,,,,,,,,1.0,,,,2.0,LastWhisper,,,,,,,,,,,,,,,,,,,,,,,,,,,,,,,2.0,SpearOfShojin,ArchangelsStaff,ArchangelsStaff,,,,,,,,,,,,,,,,,,,,,,,,,,,,,,,,,,,,,2.0,IonicSpark,,,,,,,,,,,,,,,,,,,,,None,None,,,,,,,,,,,,,2.0,,,,,,,,,,,,,,,,,,,,1.0,RabadonsDeathcap,MadredsBloodrazor,StatikkShiv
2,EUW1_5972744961,TFT7_Augment_AFK,TFT7_Augment_Preparation,TFT7_Augment_SwiftshotPressTheAttack,,1.0,1.0,0.0,,,,,1.0,,2.0,0.0,,1.0,,2.0,,0.0,,,0.0,1.0,1.0,1.0,,0.0,,,,,,,,,,,,,,,,,,,,,,,2.0,,,,,,,,,,,,,,,,,,,,,,,,,,,,,,,,,,,,,,,,,,,,,,,,,,,,3.0,RedBuff,GargoyleStoneplate,Redemption,,,,,,,,,,,,,,,,,,,,,,,,,2.0,MageEmblemItem,PowerGauntlet,,3.0,LastWhisper,,,,,,,,,,,,,,,,,,,,,,,,,,,,,,,,,,,,,,,,,,,,,,,,,,,,,,,,,,,2.0,Zephyr,,,1.0,,,,,,,,,,,,,,,,,,,,,,,,,,,,,,None,None,,,,,2.0,,,,3.0,GuinsoosRageblade,Deathblade,Deathblade,,,,,,,,,,,,,,,,,,,,,2.0,HextechGunblade,Quicksilver,
6,EUW1_5972744961,TFT6_Augment_TinyTitans,TFT7_Augment_AxiomArc1,TFT7_Augment_DragonmancerEmblem,,,,0.0,,,,2.0,,,,1.0,0.0,,0.0,,0.0,,,1.0,,,,0.0,1.0,,0.0,,,,,,,,,,,,,,2.0,,,,,,,,,,,,,,,,,,,,,,,,,,,,,,,,,,,,,,,,,,,,,,,,,,,,,,,,,,,,,,,,,,,,2.0,,,,,,,,2.0,InfinityEdge,JeweledGauntlet,UnstableConcoction,,,,,,,,,,,,,,,,,1.0,HextechGunblade,,,,,,,,,,,,,,,1.0,DragonmancerEmblemItem,,,,,,,,,,,,,,,,,,,,,,,,,,,,,,,,,,,,,,,,,,,,,,,2.0,HextechGunblade,GuinsoosRageblade,RunaansHurricane,,,,,,,,,,,,,,,,,,,,,,,None,None,,,,,,,,,,,,,,,,,,,,,,,,,1.0,,,,,,,,,,,
5,EUW1_5972744961,TFT6_Augment_FirstAidKit,TFT7_Augment_MysticTrait,TFT7_Augment_GadgetExpert,,1.0,,1.0,,,,,1.0,,1.0,0.0,0.0,2.0,,2.0,,,,,,,,,,1.0,,0.0,,,,,1.0,,,,,,,,,,,,,,,,,,,,,,,,,,,,,,,,,,,,,,,,,,,,,,,,,,,,,,,,,,,,,,,,2.0,RunaansHurricane,StatikkShiv,,1.0,,,,,,,,,,,,,,,,,,,,,,,,,,,,2.0,,,,2.0,ArchangelsStaff,HextechGunblade,StatikkShiv,,,,,,,,,,,,,,,,,,,,,,,,,,,,,1.0,HextechGunblade,,,,,,,,,,,,,,,,,,,,,,,,,,,,,,,,,,,,,,,2.0,IonicSpark,RedBuff,WarmogsArmor,,,,,,,,,,,,,,,,,3.0,TrainerSnax,None,None,,,,,,,,,,,,,2.0,,,,,,,,,,,,,,,,,,,,,,,
3,EUW1_5972744961,TFT7_Augment_BestFriends1,TFT6_Augment_Weakspot,TFT7_Augment_CavalierEmblem,,,,,,4.0,1.0,0.0,,0.0,1.0,,,0.0,3.0,,0.0,,0.0,,,,,,,,0.0,,,,,,,,,,,,,,,,,,,,,,,,,,,,,,,,,,,,,,2.0,ArchangelsStaff,StatikkShiv,RapidFireCannon,,,,,,,,,,,,,,,,,,,,,,,,,2.0,RabadonsDeathcap,,,,,,,,,,,,,,,,,,,,,,,,,,,2.0,,,,2.0,GuinsoosRageblade,BFSword,,,,,,,,,,,,,,,,,,3.0,GargoyleStoneplate,WarmogsArmor,DragonsClaw,,,,,,,,,,,,,,,,,,,,,2.0,,,,,,,,,,,,,,,,,,,,,,,,,,,,,,,,,,,,,,,,,,,,,,,,,,,,,,,,,,None,None,,,,,,,,,,,,,,,,,,,,,,,,,1.0,CavalierEmblemItem,UnstableConcoction,WarmogsArmor,,,,,,,,
8,EUW1_5972744961,TFT6_Augment_Distancing,TFT6_Augment_FirstAidKit,,,1.0,,1.0,0.0,,,,,,1.0,,,1.0,,,,,,,,,,,,1.0,,,,,,,,,,,,,,,,,,,,,,,,,,,,,,,,,,,,,,,,,,,,,,,,,,,,,,,,,,,,,,,,,,,,,,,2.0,,,,2.0,,,,,,,,,,,,,,,,,,,,,,,,,,,,,,,,,,,,,,,,,,,,,,,,,,,,,,,,,,,,,,,,1.0,ArchangelsStaff,TearOfTheGoddess,,,,,,,,,,,,,,,,,,,,,,2.0,GiantsBelt,,,,,,,,,,,,,,,,,,,,,,,,,,,,,,,,,,,1.0,TrainerSnax,None,None,1.0,,,,,,,,,,,,2.0,,,,,,,,,,,,,,,,,,,,,,,
5,EUW1_5972643606,TFT6_Augment_MakeshiftArmor2,TFT6_Augment_Weakspot,TFT6_Augment_Meditation1,,,,,2.0,,1.0,,1.0,1.0,,0.0,,,,0.0,,2.0,,,1.0,,1.0,,,1.0,,,,,,,,,,,,,,,,,,,,,,,,,,,,,,,2.0,Quicksilver,InfinityEdge,GuinsoosRageblade,,,,,,,,,2.0,IonicSpark,ShimmerscaleHeartOfGold,GargoyleStoneplate,,,,,,,,,,,,,,,,,,,,,,,,,,,,,,,,,2.0,,,,,,,,,,,,,,,,,,,,,,,,2.0,,,,,,,,,,,,,,,,,,,,,,,,,,,,,,,,,,,,,,,,,,,,,,,,,,,,,,,,,,,,,,,,2.0,Morellonomicon,GuinsoosRageblade,GuardianEmblemItem,1.0,,,,,,,,,,,,,,,,,,,,,,,,,,,,3.0,TrainerSnax,None,None,2.0,,,,,,,,,,,,,,,,,,,,,,,,,,,,,,,,,,,
6,EUW1_5972643606,TFT6_Augment_Electrocharge2,TFT7_Augment_BruiserTrait,TFT6_Augment_Diversify1,1.0,,,3.0,,,1.0,,,,1.0,,0.0,0.0,,,0.0,,0.0,,,,,,0.0,,1.0,2.0,,,,,,,,,,,,,,,,,,,,,,,,,,,,,,,,,,,,,,,,,,,,,,,,,2.0,AssassinEmblemItem,InfinityEdge,Quicksilver,,,,,,,,,,,,,,,,,,,,,,,,,,,,,,,,,,,,,,,,,,,,,,,,,,,,,,,,,,,,,,,,,,,,,2.0,,,,1.0,WarmogsArmor,,,,,,,,,,,,,,,,,,,,,,,,,,,2.0,GargoyleStoneplate,RedBuff,Redemption,,,,,,,,,,,,,,,,,,,,,1.0,,,,,,,,2.0,SeraphsEmbrace,,,,,,,,,,,,,None,None,,,,,,,,,,,,,,,,,,,,,,,,,,,,,,,,,,,,
2,EUW1_5972643606,TFT7_Augment_MageEmblem,TFT7_Augment_MageTrait,TFT7_Augment_BestFriends1,,1.0,,1.0,,0.0,,,0.0,,1.0,,,4.0,,1.0,,,0.0,,0.0,1.0,,,,1.0,,0.0,,,,,,,,,,,,,,,,,,,,,,,,,,,,,,,,,,,,,,,,,,,,,,,,,,,,,,,,,,,,,,,,,,,,,2.0,,,,3.0,TitansResolve,IonicSpark,MageEmblemItem,,,,,,,,,,,,,,,,,,,,,1.0,,,,2.0,,,,3.0,GuardianAngel,GuinsoosRageblade,,,,,,,,,,,,,,,,,,,,,,,,,,,,,,2.0,JeweledGauntlet,SpearOfShojin,Bloodthirster,,,,,,,,,,,,,,,,,,,,,,,,,,,,,,,,,,,,,2.0,Redemption,Redemption,,,,,,,,,,,,,,,,,,3.0,TrainerSnax,None,None,,,,,,,,,,,,,2.0,ChainVest,,,,,,,,,,,,,,,,,,,1.0,SpearOfShojin,Quicksilver,
1,EUW1_5972643606,TFT6_Augment_CyberneticShell2,TFT6_Augment_PandorasItems,TFT6_Augment_SecondWind1,1.0,1.0,1.0,1.0,,,,,0.0,,3.0,,0.0,0.0,,2.0,,,,,,,,1.0,1.0,0.0,,,,,,,,,,,,,,,,,,,,,,,1.0,LocketOfTheIronSolari,,,,,,,,,,,,,,,,,,,,,,,,,,,,,,,,,,,,,,,,,,,,,,,,,,,3.0,RedBuff,GargoyleStoneplate,Redemption,,,,,,,,,,,,,,,,,,,,,,,,,1.0,,,,3.0,PowerGauntlet,,,,,,,,,,,,,,,,,,,2.0,GargoyleStoneplate,Quicksilver,,,,,,2.0,FrozenHeart,,,,,,,,,,,,,,,,,,,,,,,,,,,,,,,,,,,,,,,,,,,,,,,,,,,2.0,InfinityEdge,,,,,,,,,,,,,None,None,,,,,2.0,,,,3.0,RunaansHurricane,Deathblade,GuinsoosRageblade,,,,,,,,,,,,,,,,,,,,,,,,
7,EUW1_5972643606,TFT6_Augment_SecondWind2,TFT7_Augment_BandOfThieves1,TFT7_Augment_BruiserTrait,,0.0,,2.0,,,1.0,,,,1.0,,0.0,0.0,,,,,,,,,,1.0,0.0,,,2.0,,,,,,,,,,,,,,,,,,,,,,,,,,,,,,,,,,,,,,,,,,,,,,,,,1.0,WarmogsArmor,BrambleVest,,,,,,,,,,,,,,,,,,,,,,2.0,Zephyr,,,,,,,,,,,,,,,,,,,,,,,,,,,,,,,,,,,,,,,,,,,,,,,,,,,2.0,RedBuff,,,,,,,,,,,,,,,,,,,,,,,,,,,,,,,,,,,,,,,,,,,,,,,,,,,2.0,ThiefsGloves,TearOfTheGoddess,SpearOfShojin,,,,,,,,,,,,,,,,,,,None,None,,,,,1.0,,,,3.0,Quicksilver,GuinsoosRageblade,Deathblade,,,,,,,,,,,,,,,,,,,,,,,,
8,EUW1_5972643606,TFT7_Augment_BruiserEmblem,TFT6_Augment_ThrillOfTheHunt1,TFT7_Augment_BigFriend,1.0,,,2.0,,,1.0,,,0.0,1.0,,0.0,0.0,,,,,,0.0,,,,,0.0,,,3.0,,,,,,,,,,,,,,,,,,,,,,,,,,,,,,,,,,,,,,,,,,,,,,,,,1.0,Bloodthirster,GuinsoosRageblade,AssassinEmblemItem,2.0,ThiefsGloves,GiantsBelt,WarmogsArmor,,,,,,,,,,,,,,,,,,,,,,,,,,,,,,,,,,,,,,,,,,,,,,,,,,,,,,,,,,,,,,,,,,,,,1.0,,,,,,,,,,,,,,,,,,,,,,,,,,,,,,,,,,,,,,,,,,,,,,,,,,,,2.0,BrambleVest,,,,,,,2.0,BruiserEmblemItem,RedBuff,MadredsBloodrazor,,,,,2.0,NeedlesslyLargeRod,,,,,None,None,,,,,,,,,,,,,,,,,,,,,,,,,,,,,,,,,,,,
4,EUW1_5972643606,TFT6_Augment_SalvageBin,TFT6_Augment_ItemGrabBag1,TFT6_Augment_Weakspot,1.0,,,1.0,,1.0,,,,,3.0,,0.0,,,,1.0,,,,,,,1.0,1.0,,0.0,,,,,,,,,,,,,,,,,,,,,,,,,,,,,,,,,,,,,,,,,,,,,,,,,,,,,,,,,,,,,,,,,,2.0,ThiefsGloves,ZekesHerald,RapidFireCannon,,,,,,,,,,,,,,,,,,,,,,,,,,,,,,,,,,,,,,,,,,,,,,,,,,,,,,,,,2.0,Shroud,,,,,,,1.0,,,,,,,,2.0,Shroud,,,,,,,,,,,2.0,,,,,,,,,,,,,,,,,,,,,,,,,,,,,,,,2.0,InfinityEdge,RedBuff,LastWhisper,,,,,,,,,,,None,None,,,,,2.0,GuinsoosRageblade,MadredsBloodrazor,NeedlesslyLargeRod,,,,,,,,,,,,,2.0,GuinsoosRageblade,Deathblade,Quicksilver,,,,,,,,,,,,
3,EUW1_5972643606,TFT6_Augment_CyberneticImplants2,TFT6_Augment_CyberneticShell1,TFT7_Augment_BandOfThieves1,1.0,,,1.0,,1.0,,,,,3.0,,0.0,,,,1.0,,,,,,,1.0,1.0,,0.0,,,,,,,,,,,,,,,,,,,,,,,,,,,,,,,,,,,,,,,,,,,,,,,,,,,,,,,,,,,,,,,,,,2.0,WarmogsArmor,RedBuff,,,,,,,,,,,,,,,,,,,,,,,,,,,,,,,,,,,,,,,,,,,,,,,,,,,,,,,,,,2.0,ThiefsGloves,RecurveBow,StatikkShiv,,,,,2.0,,,,,,,,1.0,,,,,,,,,,,,2.0,RecurveBow,,,,,,,,,,,,,,,,,,,,,,,,,,,,,,,2.0,MadredsBloodrazor,LastWhisper,FrozenHeart,,,,,,,,,,,None,None,,,,,2.0,ZekesHerald,,,,,,,,,,,,,,,2.0,MadredsBloodrazor,Quicksilver,GuinsoosRageblade,,,,,,,,,,,,
7,EUW1_5970955020,TFT7_Augment_WarriorEmblem2,TFT6_Augment_ThriftShop,TFT7_Augment_UrfsGrabBag2,,,,,,0.0,1.0,0.0,,0.0,,,,,4.0,,,,,,0.0,,,,,,2.0,,2.0,MirageEmblemItem,,,,,,,,,,,,,,,,,,,,,,,,,,,,,,,,,,,1.0,WarriorEmblemItem,MadredsBloodrazor,GuinsoosRageblade,,,,,,,,,,,,,,,,,,,,,,,,,,,,,,,,,,,,,,,,,,,,,,,,,,,,,1.0,,,,,,,,,,,,,,,,,,,,,,,,2.0,RedBuff,SeraphsEmbrace,BrambleVest,,,,,,,,,,,,,,,,,,,,,,,,,,,,,,,,,,,,,,,,,,,,,,,,,,,,,,,,,,,,,,,,,,,,,,,,,,,,,,,None,None,,,,,,,,,,,,,,,,,,,,,,,,,1.0,ChainVest,WarmogsArmor,,2.0,,,,,,,
4,EUW1_5970955020,TFT7_Augment_CannoneerEmblem2,TFT6_Augment_ForceOfNature,TFT6_Augment_Diversify3,0.0,,1.0,,3.0,,1.0,,1.0,0.0,2.0,,,,,1.0,,2.0,,,1.0,,,,,1.0,,,,,,,,,,,,,,,,,,,,,,,1.0,,,,,,,,1.0,GuinsoosRageblade,Deathblade,RunaansHurricane,,,,,,,,,2.0,IonicSpark,RedBuff,,,,,,,,,,,,,,,,,,,,,,,,,,,,,,,,,,2.0,ShimmerscaleGoldmancersStaff,,,,,,,,,,,,,,,,,,,,,,,1.0,,,,,,,,,,,,,,,,,,,,,,,,,,,,,,,,,,,,,,,,,,,,,,,,,,,,,,,,,,,,,,,,2.0,SpearOfShojin,SpearOfShojin,SpearOfShojin,,,,,,,,,,,,,,,,,2.0,CannoneerEmblemItem,,,,,,,,,,,4.0,TrainerSnax,None,None,2.0,Morellonomicon,ArchangelsStaff,,,,,,,,,,,,,,,,,,,,,,,,,,,,,,,,,
2,EUW1_5970955020,TFT6_Augment_BandOfThieves2,TFT7_Augment_MageEmblem2,TFT6_Augment_Diversify3,,0.0,,1.0,,,1.0,,1.0,,,,0.0,2.0,,1.0,,,,,0.0,1.0,,,2.0,1.0,,0.0,,,,,,,,,1.0,MageEmblemItem,SpearOfShojin,,,,,,,,,,,,,,,,,,,,,,,,,,,,,,,,,,,,,,,,,,,,,,,,,,,,,,,,,,2.0,Deathblade,Zephyr,,2.0,ThiefsGloves,TitansResolve,ArchangelsStaff,,,,,,,,,,,,,,,,,,,,,,,,,1.0,ThiefsGloves,UnstableConcoction,SpearOfShojin,3.0,RabadonsDeathcap,SpearOfShojin,EvokerEmblemItem,,,,,,,,,,,,,,,,,2.0,ThiefsGloves,PowerGauntlet,Shroud,,,,,,,,,,,,,,,,,,,,,,,,,,,,,,,,,,,,,,,,,,,,,,,,,2.0,TitanicHydra,WarmogsArmor,TitanicHydra,,,,,,,,,,,,,,,,,4.0,TrainerSnax,None,None,,,,,,,,,,,,,,,,,,,,,,,,,,,,,,,,,1.0,WarmogsArmor,Shroud,Zephyr
5,EUW1_5970955020,TFT7_Augment_ScalescornEmblem2,TFT7_Augment_BestFriends3,TFT6_Augment_RadiantRelics,1.0,0.0,,2.0,,,,,,0.0,,,,0.0,,,0.0,,2.0,,,,,,0.0,,1.0,0.0,,,,,,,,,,,,,,,,,,,,,,,,,2.0,WarmogsArmorRadiant,Redemption,Quicksilver,,,,,2.0,InfinityEdge,ZekesHerald,HextechGunblade,,,,,,,,,,,,,,,,,,,,,,,,,,,,,,,,,,,,,2.0,,,,,,,,,,,,,,,,,,,,,,,,,,,,,,,,,,,,,,,,,,,,,,,,2.0,Bloodthirster,MadredsBloodrazor,RunaansHurricane,,,,,,,,,2.0,,,,,,,,,,,,,,,,,,,,2.0,,,,,,,,,,,,,,,,,,,,,,,,2.0,ScalescornEmblemItem,HextechGunblade,,,,,,,,,,,,,,,,,,,,None,None,,,,,,,,,,,,,,,,,,,,,,,,,,,,,,,,,,,,
6,EUW1_5970955020,TFT7_Augment_RagewingEmblem2,TFT6_Augment_Distancing3,TFT6_Augment_GrandGambler,,,,,0.0,0.0,1.0,0.0,,,1.0,,,,,,3.0,,,1.0,,,,1.0,,,,,,,,,,,,,,,,,,,,,,,,,,,,,,,,,,,,,,,,,,,,,,,,,,,,,,,,,,,,,,,,,,,,,2.0,,,,,,,,,,,,,,,,,,,,,,,,,,,,,,,,,,,,,,,,,,,,,,,,,,,,,,,,,,,,,,,,,,,,,,,,,,,,,,,,2.0,,,,2.0,,,,,,,,1.0,GuinsoosRageblade,,,,,,,,,,,,,,,1.0,ArchangelsStaff,,,,,,,,,,,,,,,,,,,,,,,,,None,None,,,,,2.0,RagewingEmblemItem,InfinityEdge,ZekesHerald,,,,,,,,,,,,,1.0,UnstableConcoction,GuinsoosRageblade,MadredsBloodrazor,,,,,,,,,,,,
3,EUW1_5970955020,TFT6_Augment_CyberneticShell3,TFT7_Augment_SwiftshotEmblem2,TFT6_Augment_RadiantRelics,1.0,,,1.0,,1.0,,,,,4.0,,0.0,,,,1.0,,,,,,,1.0,1.0,,0.0,,,,,,,,,,,,,,,,,,,,,,,,,,,,,,,,,,,,,,,,,,,,,,,,,,,,,,,,,,,,,,,,,,2.0,SunfireCapeRadiant,LocketOfTheIronSolari,SpearOfShojin,,,,,,,,,,,,,,,,,,,,,,,,,,,,,,,,,,,,,,,,,,,,,,,,,,,,,,,,,2.0,NeedlesslyLargeRod,,,,,,,2.0,LocketOfTheIronSolari,,,,,,,2.0,TitansResolve,,,,,,,,,,,2.0,ThiefsGloves,Bloodthirster,DragonsClaw,,,,,,,,,,,,,,,,,,,,,,,,,,,,,1.0,SwiftshotEmblemItem,InfinityEdge,UnstableConcoction,,,,,,,,,,,None,None,,,,,2.0,GuinsoosRageblade,,,,,,,,,,,,,,,2.0,MadredsBloodrazor,GuildEmblemItem,GuinsoosRageblade,,,,,,,,,,,,
8,EUW1_5970955020,TFT7_Augment_ShimmerscaleTrait2,TFT7_Augment_BestFriends3,TFT7_Augment_TomeOfTraits2,0.0,,1.0,0.0,,,1.0,0.0,,1.0,1.0,,0.0,,,0.0,1.0,,,,3.0,,,0.0,,,1.0,,1.0,ShimmerscaleGamblersBlade,,,,,,,,,,,,,,,,,,,1.0,ShimmerscaleHeartOfGold,ShimmerscaleEmblemItem,,,,,,,,,,,,,,,,,,2.0,GargoyleStoneplate,RedBuff,ShimmerscaleGoldmancersStaff,,,,,,,,,,,,,,,,,,,,,,,,,,,,,,,,,,,,,,,,,2.0,SeraphsEmbrace,,,,,,,,,,,,,,,,,,,,,,,,,,,,,,,,,,,,,,,,,,,,,,,,,,,,,,,,,,,,,,,,,,,2.0,GuardianEmblemItem,,,,,,,,,,,,,,,,,,,,,,,,,,,,,,,,,,,,,,,,,,,,,None,None,,,,,,,,,,,,,,,,,1.0,,,,1.0,ShimmerscaleDravensAxe,TitansResolve,StatikkShiv,,,,,,,,,,,,
1,EUW1_5970955020,TFT6_Augment_RadiantRelics,TFT7_Augment_UrfsGrabBag2,TFT6_Augment_ItemGrabBag2,1.0,,,0.0,,1.0,1.0,0.0,,,2.0,,0.0,,4.0,,,,,,,,,,1.0,,1.0,,,,,,,,,,,,,,,,,,,,,,,,,,,,,,,,,,,,,,2.0,JeweledGauntlet,GuinsoosRageblade,HandOfJusticeRadiant,,,,,,,,,,,,,,,,,,,,,,,,,,,,,,,,,,,,,,,,,,,,,,,,,,,,,,,,,,,,,,,,,,,,,,,,,,,,,2.0,GargoyleStoneplate,RedBuff,FrozenHeart,,,,,2.0,MirageEmblemItem,,,,,,,2.0,FrozenHeart,StatikkShiv,Shroud,,,,,1.0,,,,,,,,,,,,,,,,,,,,,,,,,,,,,,,,,,,,,,,,,,,,2.0,MirageEmblemItem,InfinityEdge,FrozenHeart,,,,,,,,,,,None,None,,,,,,,,,,,,,,,,,,,,,,,,,1.0,SeraphsEmbrace,InfinityEdge,Bloodthirster,1.0,,,,,,,
4,EUW1_5973177222,TFT7_Augment_AssassinEmblem,TFT6_Augment_ThrillOfTheHunt1,TFT6_Augment_Diversify1,2.0,,,2.0,,,,,,,1.0,,0.0,0.0,,,0.0,,1.0,,,,,,1.0,,1.0,1.0,,,,,,,,,,,,,,,,,,,,,,,,,,,,,,,,,2.0,IonicSpark,HextechGunblade,JeweledGauntlet,,,,,,,,,,,,,,,,,,,,,,,,,,,,,,,,,,,,,,,,,,,,,,,,,,,,,,,,,,,,,,,,,,,,,,,,,,,,,,,,,,,,,3.0,Bloodthirster,InfinityEdge,AssassinEmblemItem,1.0,PowerGauntlet,,,1.0,,,,2.0,SparringGloves,,,,,,,,,,,,,,,,,,,1.0,,,,,,,,,,,,,,,,,,,,,,,,2.0,Shroud,,,,,,,2.0,RunaansHurricane,RedBuff,InfinityEdge,,,,,,,,,,,None,None,,,,,,,,,,,,,,,,,,,,,,,,,,,,,,,,,,,,
8,EUW1_5973177222,TFT6_Augment_Ascension,TFT6_Augment_ThrillOfTheHunt1,TFT7_Augment_BestFriends1,1.0,,,1.0,,1.0,,,,,2.0,,0.0,,,,1.0,,,,,,,1.0,1.0,,0.0,,,,,,,,,,,,,,,,,,,,,,,,,,,,,,,,,,,,,,,,,,,,,,,,,,,,,,,,,,,,,,,,,,1.0,,,,,,,,,,,,,,,,,,,,,,,,,,,,,,,,,,,,,,,,,,,,,,,,,,,,,,,,,,,,2.0,CavalierEmblemItem,RedBuff,GargoyleStoneplate,,,,,1.0,,,,,,,,,,,,,,,,,,,,2.0,,,,,,,,,,,,,,,,,,,,,,,,,,,,,,,,2.0,RunaansHurricane,,,,,,,,,,,,,None,None,,,,,2.0,,,,,,,,,,,,,,,,2.0,Quicksilver,GuinsoosRageblade,MadredsBloodrazor,,,,,,,,,,,,
1,EUW1_5973177222,TFT7_Augment_AssassinEmblem,TFT6_Augment_SecondWind1,TFT7_Augment_BandOfThieves1,3.0,,,1.0,,,1.0,,,,1.0,,0.0,,,,,,0.0,,,,,,1.0,,0.0,2.0,,,,,,,,,,,,,,,,,,,,,,,,,,,,,,,,,2.0,IonicSpark,RedBuff,FrozenHeart,,,,,,,,,,,,,2.0,AssassinEmblemItem,UnstableConcoction,InfinityEdge,,,,,,,,,,,,,,,,,,,,,,,,,,,,,,,,,,,,,,,,,,,,,,,,,,,,,,,,,,,,,,,,,,,,,2.0,AssassinEmblemItem,RapidFireCannon,MadredsBloodrazor,2.0,GiantsBelt,,,2.0,MadredsBloodrazor,LocketOfTheIronSolari,MadredsBloodrazor,2.0,,,,,,,,,,,,,,,,,,,,,,,,,,,,,,,,,,,,,,,,,,,,,,,,,,,,2.0,ThiefsGloves,ZekesHerald,ZekesHerald,,,,,,,,,,,None,None,,,,,,,,,,,,,,,,,,,,,,,,,,,,,,,,,,,,
6,EUW1_5973177222,TFT6_Augment_TargetDummies,TFT6_Augment_Diversify1,TFT6_Augment_Meditation1,,0.0,,1.0,,,1.0,,0.0,,1.0,,,2.0,,1.0,,,,,0.0,1.0,,,,1.0,,2.0,,,,,,,,,,,,,,,,,,,,,,,,,,,,,,,,,,,,,,,,,,,,,,,,,1.0,ThiefsGloves,TearOfTheGoddess,SpearOfShojin,,,,,,,,,,,,,,,,,2.0,,,,,,,,,,,,,,,,,,,,,,,,,,,,,,,,1.0,,,,3.0,ArchangelsStaff,SpearOfShojin,SeraphsEmbrace,,,,,,,,,,,,,,,,,,,,,,,,,,,,,2.0,,,,,,,,,,,,,,,,,,,,,,,,,,,,,,,,,,,,,,,,2.0,WarmogsArmor,GargoyleStoneplate,IonicSpark,,,,,,,,,,,,,,,,,2.0,TrainerSnax,None,None,,,,,,,,,,,,,,,,,,,,,,,,,,,,,,,,,1.0,,,
3,EUW1_5973177222,TFT7_Augment_BestFriends2,TFT6_Augment_TinyTitans,TFT6_Augment_Weakspot,,1.0,,2.0,,,1.0,0.0,,,1.0,,,0.0,0.0,,,,,,,,,1.0,,,0.0,2.0,,,,,,,,,,,,,,,,,,,,,,,,,,,,,,,,,,,,,,,,,,,,,,,,,2.0,ThiefsGloves,PowerGauntlet,FrozenHeart,,,,,,,,,,,,,,,,,,,,,3.0,WarmogsArmor,Quicksilver,TitanicHydra,,,,,,,,,,,,,,,,,,,,,,,,,,,,,,,,,,,,,,,,,,,,,,,,,,,,,,,,,,,,,,,,,,,,,,,,,,,,,,,,,,,,,2.0,,,,,,,,,,,,,,,,2.0,,,,,,,,,,,,,,,,,,,,,,None,None,,,,,1.0,,,,3.0,MadredsBloodrazor,Deathblade,GuinsoosRageblade,,,,,,,,,,,,,2.0,WarmogsArmor,InfinityEdge,FrozenHeart,,,,,,,,
5,EUW1_5973177222,TFT7_Augment_ShimmerscaleTrait,TFT6_Augment_Diversify1,TFT6_Augment_CelestialBlessing1,,,,0.0,,,,2.0,1.0,,,1.0,1.0,,,0.0,0.0,,,0.0,0.0,,,0.0,1.0,0.0,,,,,,,2.0,DragonmancerEmblemItem,StatikkShiv,,,,,,2.0,,,,,,,,,,,,,,,,,,,,,,,,,,,,,,,,,,,,,,,,,,,,,,,,,,,,,,,,,,,,,,,,,,,,2.0,,,,,,,,2.0,,,,,,,,,,,,2.0,TitanicHydra,,,,,,,,,,,,,,,,,,,,,,,2.0,Redemption,BrambleVest,Quicksilver,,,,,,,,,,,,,,,,,,,,,,,,,,,,,,,,,,,,,,,,,,,,,2.0,,,,,,,,,,,,,,,,,,,,,,,,,,None,None,,,,,,,,,,,,,,,,,3.0,Bloodthirster,GuinsoosRageblade,TitansResolve,,,,,,,,,,,,,,,,
7,EUW1_5973177222,TFT6_Augment_TrueTwos,TFT6_Augment_SecondWind1,TFT6_Augment_ThrillOfTheHunt1,,,,1.0,,2.0,1.0,,,,1.0,0.0,0.0,0.0,2.0,,0.0,,,,,,1.0,,0.0,,,0.0,,,,,,,,,,,,,,,,,,,,,,,,,,,,,,,,,,,,,2.0,ArchangelsStaff,GuinsoosRageblade,TitansResolve,,,,,,,,,,,,,,,,,,,,,,,,,1.0,,,,,,,,,,,,,,,,,,,,,,,,,,,,,,,,,,,,,,,,,,,,,,,,,,,,2.0,RedBuff,GiantsBelt,,,,,,2.0,ThiefsGloves,PowerGauntlet,FrozenHeart,,,,,,,,,,,,,2.0,,,,,,,,,,,,,,,,,,,,,,,,,,,,1.0,,,,,,,,2.0,ZekesHerald,,,,,,,,,,,,,,,,,,,,,None,None,,,,,,,,,,,,,,,,,,,,,,,,,,,,,,,,,,,,
2,EUW1_5973177222,TFT6_Augment_TargetDummies,TFT6_Augment_Meditation1,TFT7_Augment_BestFriends1,1.0,,,1.0,,1.0,,0.0,,,3.0,,0.0,,0.0,,1.0,,,,,,,1.0,1.0,,1.0,,,,,,,,,,,,,,,,,,,,,,,,,,,,,,,,,,,,,,,,,,,,,,,,,,,,,,,,,,,,,,,,,,2.0,,,,,,,,,,,,,,,,,,,,,,,,,,,,,,,,,,,,,,,,,,,,,,,,,,,,,,,,,,,,2.0,,,,,,,,2.0,ThiefsGloves,RunaansHurricane,ArchangelsStaff,,,,,2.0,,,,,,,,,,,,2.0,,,,,,,,,,,,,,,,,,,,,,,,,,,,,,,,2.0,RedBuff,FrozenHeart,InfinityEdge,,,,,,,,,,,None,None,,,,,2.0,PowerGauntlet,ArchangelsStaff,,,,,,,,,,,,,,2.0,GuinsoosRageblade,MadredsBloodrazor,RunaansHurricane,2.0,HextechGunblade,,,,,,,,,,
7,EUW1_5972988920,TFT6_Augment_ThrillOfTheHunt2,TFT6_Augment_Diversify1,TFT6_Augment_TargetDummies,1.0,,,1.0,,1.0,,,,,3.0,,0.0,,,,1.0,,,,,,,1.0,1.0,,0.0,,,,,,,,,,,,,,,,,,,,,,,,,,,,,,,,,,,,,,,,,,,,,,,,,,,,,,,,,,,,,,,,,,2.0,BrambleVest,,,,,,,,,,,,,,,,,,,,,,,,,,,,,,,,,,,,,,,,,,,,,,,,,,,,,,,,,,,1.0,RedBuff,,,,,,,1.0,,,,,,,,2.0,,,,,,,,,,,,2.0,,,,,,,,,,,,,,,,,,,,,,,,,,,,,,,,2.0,UnstableConcoction,,,,,,,,,,,,,None,None,,,,,2.0,PowerGauntlet,Zephyr,,,,,,,,,,,,,,2.0,GuinsoosRageblade,TitansResolve,MadredsBloodrazor,,,,,,,,,,,,
5,EUW1_5972988920,TFT6_Augment_TradeSector,TFT6_Augment_ItemGrabBag1,TFT6_Augment_CyberneticUplink2,,,,,,,1.0,1.0,0.0,1.0,,2.0,,,0.0,1.0,0.0,,,,,,,0.0,,0.0,,,,,,,,,,,,,,,2.0,Chalice,,,,,,,,,,,,,,,,,,,,,,,,,,,,,,,1.0,Bloodthirster,HextechGunblade,,,,,,,,,,,,,,,,,,,,,,,,,,,,,,,,,,3.0,JeweledGauntlet,MadredsBloodrazor,ArchangelsStaff,,,,,,,,,3.0,Redemption,RedBuff,WarmogsArmor,,,,,2.0,TearOfTheGoddess,,,,,,,,,,,,,,,,,,,,,,,,,,,,,,,,,,,,,,,,,,,,,,,3.0,,,,,,,,,,,,,,,,,,,,,,,,,,,,,,,,,,,,,,,,3.0,ArchangelsStaff,ArchangelsStaff,,,,,,,,None,None,,,,,,,,,,,,,,,,,,,,,,,,,,,,,,,,,,,,
1,EUW1_5972988920,TFT6_Augment_RichGetRicher,TFT6_Augment_Weakspot,TFT6_Augment_SecondWind2,1.0,1.0,1.0,1.0,,,,,,,3.0,0.0,0.0,0.0,,1.0,,,,,,,1.0,1.0,1.0,,,,,,,,,,,,,,,,,,,,,,,,1.0,,,,,,,,,,,,,,,,,,,,,,,,,,,,,,,,,,,,,,,,,,,,,,,,,,,,3.0,Morellonomicon,WarmogsArmor,IonicSpark,,,,,,,,,,,,,,,,,,,,,,,,,,,,,3.0,ZekesHerald,PowerGauntlet,,,,,,,,,,,,,,,,,,2.0,,,,,,,,2.0,FrozenHeart,,,,,,,,,,,,,,,,,,,,,,,,,,,,,,,,,,,2.0,,,,,,,,,,,,,,,,2.0,IonicSpark,RedBuff,,,,,,,,,,,,None,None,,,,,2.0,,,,3.0,RunaansHurricane,MadredsBloodrazor,Deathblade,,,,,,,,,,,,,,,,,,,,,,,,
4,EUW1_5972988920,TFT6_Augment_TargetDummies,TFT6_Augment_SecondWind1,TFT7_Augment_MikaelsGift,0.0,0.0,,1.0,2.0,,,,1.0,,1.0,,0.0,,,0.0,,2.0,,,,,,,0.0,1.0,,,,,,,,,,,,,,,,,,,,,,,,,,,,,,,2.0,MadredsBloodrazor,GuinsoosRageblade,UnstableConcoction,,,,,,,,,,,,,,,,,,,,,,,,,,,,,,,,,,,,,,,,,2.0,,,,2.0,LocketOfTheIronSolari,,,,,,,,,,,,,,,,,,,,,,,2.0,,,,,,,,,,,,,,,,,,,,,,,,2.0,IonicSpark,FrozenHeart,,,,,,,,,,,,,,,,,,,,,,,,,,,,,,,,,,,,,,2.0,Bloodthirster,Chalice,PowerGauntlet,,,,,,,,,,,,,,,,,2.0,RedBuff,FrozenHeart,,,,,,,,,,3.0,TrainerSnax,None,None,2.0,,,,,,,,,,,,,,,,,,,,,,,,,,,,,,,,,,,
8,EUW1_5972988920,TFT7_Augment_ShapeshifterBeastsDen,TFT7_Augment_ShapeshifterTrait,TFT6_Augment_SalvageBin,,0.0,,1.0,,,1.0,0.0,,,,0.0,,0.0,,,0.0,,,3.0,,,,,,,,2.0,,,,,,,,,,,,,,,,,,,,,,,,,,,,,,,,,,,,,,,,,,,,,,,,,1.0,BrambleVest,TitansResolve,InfinityEdge,1.0,,,,,,,,2.0,,,,,,,,,,,,,,,,,,,,,,,,,,,,,,,,,,,,,,,,,,,,,,,,1.0,Morellonomicon,,,3.0,Deathblade,GuinsoosRageblade,Quicksilver,,,,,,,,,,,,,,,,,,,,,,,,,,,,,,,,,,,,,,,,,,,,,,,,,,,,,,,,,1.0,StatikkShiv,NeedlesslyLargeRod,,2.0,,,,,,,,,,,,,,,,,,,,,,None,None,,,,,,,,,,,,,,,,,,,,,,,,,,,,,,,,,,,,
2,EUW1_5972988920,TFT7_Augment_GadgetExpert,TFT6_Augment_ThrillOfTheHunt1,TFT7_Augment_ShapeshifterBeastsDen,,,,1.0,,,,1.0,,,,1.0,0.0,,,,1.0,,,1.0,,,1.0,0.0,1.0,,0.0,,,,,,,,,,,,,,,,,,,,,,,,,,,,,,,,,,,,,,,,,,,,,,,,,,,,,,,,,,,,,,2.0,DragonmancerEmblemItem,Shroud,RedBuff,,,,,,,,,,,,,,,,,,,,,,,,,2.0,,,,,,,,,,,,,,,,,,,,2.0,LocketOfTheIronSolari,,,,,,,,,,,,,,,2.0,,,,,,,,,,,,,,,,,,,,,,,,,,,,2.0,TitanicHydra,Redemption,,,,,,,,,,,,,,1.0,SeraphsEmbrace,,,3.0,Quicksilver,StatikkShiv,GuinsoosRageblade,,,,,,,,,,,,,,,,,,,,,,,None,None,,,,,,,,,,,,,,,,,,,,,2.0,MadredsBloodrazor,MadredsBloodrazor,RapidFireCannon,,,,,,,,,,,,
6,EUW1_5972988920,TFT6_Augment_CyberneticShell2,TFT6_Augment_LudensEcho1,TFT6_Augment_ComponentGrabBag,,,,,,,1.0,,1.0,,,2.0,0.0,,,1.0,,,,1.0,,,1.0,,,0.0,,,,,,,2.0,Morellonomicon,ArchangelsStaff,SpearOfShojin,,,,,,,,,,,,,,,,,,,,,,,,,,,,,,,,,,,,,2.0,GuardianAngel,UnstableConcoction,TitansResolve,,,,,,,,,,,,,1.0,,,,,,,,,,,,,,,,,,,,,,,,,,,,,,,,,,,,,,,,2.0,,,,,,,,2.0,GargoyleStoneplate,BrambleVest,,,,,,,,,,,,,,,,,,,,,,,,,,,,,,,,,,,,,,,,,,,,,,,,,,,,,,,,,,1.0,FrozenHeart,,,,,,,,,,,,,,,,,,,,,,,,,,,,,None,None,,,,,,,,,,,,,,,,,,,,,,,,,,,,,,,,,,,,
3,EUW1_5972988920,TFT6_Augment_CyberneticImplants2,TFT6_Augment_TinyTitans,TFT6_Augment_SecondWind2,3.0,,,1.0,,,,0.0,,,1.0,,,,0.0,,0.0,,1.0,,0.0,,,,0.0,,1.0,,,,,,,,,,,,,,,,,,,,,,,,,,,,,,,,,,2.0,FrozenHeart,ZekesHerald,,,,,,,,,,,,,,,,,,,,,,,,,,,,,,,,,,,,,,,,,,,,,,,,,,2.0,,,,,,,,,,,,,,,,,,,,,,,,,,,,,,,,,,,,3.0,RapidFireCannon,AssassinEmblemItem,MadredsBloodrazor,,,,,,,,,3.0,InfinityEdge,MadredsBloodrazor,LocketOfTheIronSolari,,,,,,,,,,,,,,,,,2.0,TitanicHydra,,,,,,,,,,,,,,,,,,,,,,,,,,,,,,,1.0,InfinityEdge,,,,,,,,,,,,,None,None,,,,,,,,,,,,,,,,,,,,,,,,,1.0,PowerGauntlet,AssassinEmblemItem,,,,,,,,,
1,EUW1_5972948141,TFT7_Augment_BestFriends1,TFT6_Augment_Diversify2,TFT6_Augment_ComponentGrabBag,1.0,,1.0,1.0,,1.0,,0.0,,,3.0,,0.0,,0.0,0.0,1.0,,,,,,,1.0,1.0,,1.0,,,,,,,,,,,,,,,,,,,,,,2.0,,,,,,,,,,,,,,,,,,,,,,,,,,,,,,,,,,,,,,,,,,,,2.0,,,,,,,,,,,,,,,,,,,,,,,,,,,,,,,,,,,,,,,,,,,,,,,,,,,,,,,,,,,,2.0,LocketOfTheIronSolari,Quicksilver,Morellonomicon,,,,,2.0,,,,,,,,,,,,,,,,,,,,2.0,,,,,,,,,,,,,,,,,,,,,,,,,,,,,,,,2.0,LastWhisper,InfinityEdge,FrozenHeart,,,,,,,,,,,None,None,,,,,2.0,,,,,,,,,,,,,,,,2.0,MadredsBloodrazor,GuinsoosRageblade,GuinsoosRageblade,2.0,CavalierEmblemItem,,,,,,,,,,
8,EUW1_5972948141,TFT7_Augment_ScalescornTrait,TFT7_Augment_BestFriends2,TFT6_Augment_Meditation2,,,,1.0,1.0,,1.0,,1.0,,,,,0.0,,0.0,,1.0,0.0,,,,,,,1.0,,2.0,,,,,,,,,,,,,,,,,,,,,,,,,,,,,1.0,UnstableConcoction,,,,,,,,,,,,,,,,,,,2.0,Quicksilver,Bloodthirster,GuinsoosRageblade,,,,,,,,,,,,,,,,,,,,,,,,,,,,,,,,,,,,,,,,,,,,,,,,,1.0,,,,,,,,,,,,,,,,,,,,,,,,,,,,,,,,,,,,,,,,,,,,,,,,,,,,,,,,,,,,,,,,1.0,,,,,,,,,,,,2.0,DragonsClaw,FrozenHeart,,,,,,,,,,,,,,,,,,1.0,TrainerSnax,None,None,1.0,,,,,,,,,,,,,,,,,,,,,,,,,,,,,,,,,,,
7,EUW1_5972948141,TFT7_Augment_AstralTrait,TFT6_Augment_TomeOfTraits1,TFT7_Augment_UrfsGrabBag1,,0.0,1.0,0.0,,1.0,1.0,,0.0,,2.0,,,2.0,,2.0,,,0.0,,,,,,,1.0,,1.0,,,,,,,,,,,,,,,,,,,,,1.0,,,,,,,,,,,,,,,,,,,,,,,,,,,,1.0,CavalierEmblemItem,MageEmblemItem,TitansResolve,,,,,,,,,,,,,,,,,2.0,,,,,,,,,,,,,,,,,,,,,,,,,,,,2.0,TitanicHydra,IonicSpark,,2.0,,,,3.0,,,,,,,,,,,,,,,,,,,,,,,,,,,,,,,,2.0,SpearOfShojin,JeweledGauntlet,ArchangelsStaff,,,,,,,,,,,,,,,,,,,,,,,,,,,,,,,,,,,,,,,,,,,,,,,,,,,,,,,,,2.0,TrainerSnax,None,None,,,,,,,,,,,,,,,,,,,,,,,,,,,,,,,,,,,,
2,EUW1_5972948141,TFT6_Augment_CyberneticShell1,TFT6_Augment_Twins2,TFT6_Augment_CyberneticImplants2,,0.0,,2.0,,,1.0,,,,1.0,,0.0,0.0,,,,,,,,,,1.0,0.0,,,2.0,,,,,,,,,,,,,,,,,,,,,,,,,,,,,,,,,,,,,,,,,,,,,,,,,2.0,ThiefsGloves,TitansResolve,MadredsBloodrazor,,,,,,,,,,,,,,,,,,,,,3.0,GargoyleStoneplate,PowerGauntlet,,,,,,,,,,,,,,,,,,,,,,,,,,,,,,,,,,,,,,,,,,,,,,,,,,2.0,SparringGloves,Morellonomicon,,,,,,,,,,,,,,,,,,,,,,,,,,,,,,,,,,,,,,,,,,,,,,,,,,2.0,GargoyleStoneplate,,,,,,,,,,,,,,,,,,,,,None,None,,,,,2.0,LastWhisper,,,3.0,RunaansHurricane,GuinsoosRageblade,Quicksilver,,,,,,,,,,,,,,,,,,,,,,,,
4,EUW1_5972948141,TFT7_Augment_BestFriends1,TFT6_Augment_CyberneticShell2,TFT6_Augment_Diversify2,0.0,,1.0,1.0,,1.0,,,,,4.0,,0.0,,,0.0,1.0,,,,,,,1.0,0.0,,0.0,,,,,,,,,,,,,,,,,,,,,,1.0,PowerGauntlet,,,,,,,,,,,,,,,,,,,,,,,,,,,,,,,,,,,,,,,,,,,2.0,ThiefsGloves,BFSword,LastWhisper,,,,,,,,,,,,,,,,,,,,,,,,,,,,,,,,,,,,,,,,,,,,,,,,,,,,,,,,,1.0,,,,,,,,,,,,,,,,1.0,Redemption,,,,,,,,,,,2.0,RedBuff,,,,,,,,,,,,,,,,,,,,,,,,,,,,,,,2.0,RecurveBow,,,,,,,,,,,,,None,None,,,,,2.0,Shroud,,,,,,,,,,,,,,,2.0,GuinsoosRageblade,MadredsBloodrazor,UnstableConcoction,,,,,,,,,,,,
5,EUW1_5972948141,TFT7_Augment_CavalierTrait,TFT6_Augment_CyberneticUplink2,TFT6_Augment_Distancing2,,,1.0,1.0,,1.0,,,0.0,,2.0,,0.0,2.0,,1.0,,,0.0,,0.0,1.0,,,0.0,1.0,,0.0,,,,,,,,,,,,,,,,,,,,,1.0,Zephyr,,,,,,,,,,,,,,,,,,,,,,,,,,,,,,,,,,,,,,,,,,,,,,,2.0,,,,,,,,,,,,,,,,,,,,,,,,,,,,2.0,UnstableConcoction,,,2.0,,,,,,,,,,,,,,,,,,,,,,,,1.0,Quicksilver,,,,,,,,,,,2.0,StatikkShiv,UnstableConcoction,,,,,,,,,,,,,,,,,,,,,,,,,,,,,,,,,,,,,,2.0,RedBuff,GargoyleStoneplate,DragonsClaw,,,,,,,,,,,,,,,,,4.0,TrainerSnax,None,None,,,,,,,,,,,,,,,,,,,,,,,,,,,,,,,,,1.0,SpearOfShojin,,
3,EUW1_5972948141,TFT6_Augment_ItemGrabBag1,TFT6_Augment_Twins2,TFT6_Augment_JeweledLotus,0.0,1.0,,1.0,,,,,,,1.0,,0.0,0.0,,0.0,,,,,,,,1.0,1.0,,,,,,,,,,,,,,,,,,,,,,,,,,,,,,,,,,,,,,,,,,,,,,,,,,,,,,,,,,,,,,,,,,,,,,,,,,,,3.0,WarmogsArmor,RedBuff,IonicSpark,,,,,,,,,,,,,,,,,,,,,,,,,,,,,3.0,,,,,,,,,,,,,,,,,,,,2.0,SeraphsEmbrace,,,,,,,1.0,TitanicHydra,,,,,,,,,,,,,,,,,,,,,,,,,,,,,,,,,,,,,,,,,,,,,,,,,,,,,,,,,,,,,,,,,None,None,,,,,2.0,PowerGauntlet,,,2.0,GuinsoosRageblade,InfinityEdge,Quicksilver,,,,,,,,,,,,,,,,,,,,,,,,
6,EUW1_5972948141,TFT7_Augment_WhispersTrait,TFT7_Augment_BruiserPersonalTraining,TFT6_Augment_SunfireBoard,0.0,0.0,1.0,2.0,,,1.0,,,0.0,1.0,,,0.0,,0.0,0.0,,,,,,,,,,0.0,4.0,,,,,,,,,,,,,,,,,,,,,1.0,ThiefsGloves,LocketOfTheIronSolari,LocketOfTheIronSolari,,,,,,,,,,,,,,,,,,,,,,,,,2.0,InfinityEdge,GuinsoosRageblade,Bloodthirster,,,,,,,,,,,,,,,,,,,,,2.0,WhispersEmblemItem,PowerGauntlet,PowerGauntlet,,,,,,,,,,,,,,,,,,,,,,,,,,,,,,,,,,,,,,,,,,,,,,,,,,,,,1.0,Shroud,,,,,,,,,,,,,,,,,,,,,,,2.0,,,,,,,,,,,,,,,,,,,,,,,,2.0,TitanicHydra,,,,,,,,,,,,,,,2.0,,,,,,None,None,,,,,,,,,,,,,,,,,,,,,,,,,,,,,,,,,,,,
8,EUW1_5971298390,TFT6_Augment_TradeSector,TFT6_Augment_Featherweights1,TFT6_Augment_CelestialBlessing1,,,,,,,1.0,1.0,,1.0,,2.0,,,0.0,0.0,,,,,,,,0.0,0.0,,,,,,,,,,,,,,,,2.0,,,,,,,,,,,,,,,,,,,,,,,,,,,,,,,,2.0,RecurveBow,,,,,,,,,,,,,,,,,,,,,,,,,,,,,,,,,,,3.0,JeweledGauntlet,SeraphsEmbrace,InfinityEdge,,,,,2.0,Morellonomicon,,,3.0,DragonsClaw,BrambleVest,,,,,,,,,,,,,,,,,,,,,,,,,,,,,,,,,,,,,,,,,,,,,,,,,,,,,,,,,,,,,,,,,,,,,,,,,,,,,,,,,,,,,,,,,,,,,,3.0,,,,,,,,,,None,None,,,,,,,,,,,,,,,,,,,,,,,,,,,,,,,,,,,,
4,EUW1_5971298390,TFT6_Augment_CyberneticShell2,TFT6_Augment_Electrocharge1,TFT6_Augment_SecondWind1,,,1.0,1.0,,1.0,,1.0,0.0,,1.0,1.0,1.0,,0.0,0.0,0.0,,,,0.0,,,0.0,0.0,,,,,,,,2.0,SpearOfShojin,LastWhisper,,,,,,2.0,WarmogsArmor,,,,,,,2.0,,,,,,,,,,,,,,,,,,,,,,,,,,,,,,,,,,,,,,,,,,,,2.0,BruiserEmblemItem,,,,,,,,,,,,,,,2.0,,,,,,,,,,,,,,,,,,,,,,,,,,,,,,,,,,,,3.0,BFSword,,,,,,,1.0,IonicSpark,RedBuff,,,,,,,,,,,,,,,,,,,,,,,,,,,,,,,,,,,,,,,,,,,,,,,,,,,,,,,,,,,,,,,,,,,,,,,,None,None,,,,,,,,,,,,,,,,,3.0,GuinsoosRageblade,Quicksilver,RapidFireCannon,,,,,,,,,,,,,,,,
7,EUW1_5971298390,TFT6_Augment_MetabolicAccelerator,TFT7_Augment_GuildTrait,TFT6_Augment_Diversify1,1.0,,,1.0,,0.0,,,,,3.0,,0.0,,,,1.0,,,,,,,1.0,1.0,,0.0,,,,,,,,,,,,,,,,,,,,,,,,,,,,,,,,,,,,,,,,,,,,,,,,,,,,,,,,,,,,,,,,,,2.0,,,,,,,,,,,,,,,,,,,,,,,,,,,,,,,,,,,,,,,,,,,,,,,,,,,,,,,,,,,,1.0,,,,,,,,2.0,,,,,,,,,,,,,,,,,,,,2.0,Shroud,,,,,,,,,,,,,,,,,,,,,,,,,,,,,,,1.0,InfinityEdge,RecurveBow,,,,,,,,,,,,None,None,,,,,2.0,PowerGauntlet,,,,,,,,,,,,,,,2.0,MadredsBloodrazor,GuinsoosRageblade,Quicksilver,,,,,,,,,,,,
2,EUW1_5971298390,TFT7_Augment_EvokerEmblem,TFT6_Augment_Meditation1,TFT6_Augment_CelestialBlessing1,0.0,0.0,,1.0,,,,,1.0,,1.0,,,2.0,,1.0,,,,,0.0,1.0,,,,1.0,,1.0,,,,,,,,,,,,,,,,,,,,,,,,,,,,,,,,,,,,,,,,,,,,,,,,,,,,,,,,,,,,,,,,,,,,,2.0,EvokerEmblemItem,Morellonomicon,,2.0,IonicSpark,WarmogsArmor,GargoyleStoneplate,,,,,,,,,,,,,,,,,,,,,,,,,2.0,,,,3.0,ArchangelsStaff,SpearOfShojin,MadredsBloodrazor,,,,,,,,,,,,,,,,,,,,,2.0,,,,,,,,2.0,,,,,,,,,,,,,,,,,,,,,,,,,,,,,,,,,,,,,,,,2.0,RedBuff,GargoyleStoneplate,IonicSpark,,,,,,,,,,,,,,,,,4.0,TrainerSnax,None,None,,,,,,,,,,,,,,,,,,,,,,,,,,,,,,,,,2.0,,,
1,EUW1_5971298390,TFT7_Augment_SwiftshotPressTheAttack,TFT7_Augment_SwiftshotTrait,TFT6_Augment_SecondWind1,0.0,1.0,1.0,2.0,,,,,,,3.0,,0.0,0.0,,0.0,,,,,,,,2.0,1.0,,,0.0,,,,,,,,,,,,,,,,,,,,,1.0,Quicksilver,,,,,,,,,,,,,,,,,,,,,,,,,,,,,,,,,,,2.0,,,,,,,,,,,,,,,,3.0,BrambleVest,RedBuff,GargoyleStoneplate,,,,,,,,,,,,,,,,,,,,,,,,,,,,,,,,,,,,,,,,,,,,,,,,,2.0,LocketOfTheIronSolari,TearOfTheGoddess,LocketOfTheIronSolari,,,,,,,,,,,,,,,,,,,,,,,,,,,,,,,,,2.0,TitanicHydra,,,,,,,,,,,,,,,2.0,,,,,,,,2.0,Shroud,,,,,,,,,,,,,None,None,,,,,2.0,,,,3.0,GuinsoosRageblade,RunaansHurricane,InfinityEdge,,,,,,,,,,,,,,,,,,,,,,,,
6,EUW1_5971298390,TFT6_Augment_PortableForge,TFT6_Augment_ThrillOfTheHunt1,TFT7_Augment_CannoneerTrait,,,1.0,,4.0,,,,0.0,1.0,1.0,,,,,1.0,0.0,1.0,0.0,,,,,,,1.0,,0.0,,,,,,,,,,,,,,,,,,,,,1.0,FrozenHeart,,,3.0,GargoyleStoneplate,GargoyleStoneplate,BrambleVest,1.0,SeraphsEmbrace,,,,,,,,,,,,,,,,,,,,,,,,,,,,,,,,,,,,,,,,,,,,,,,2.0,,,,,,,,,,,,,,,,,,,,,,,,2.0,PowerGauntlet,,,,,,,,,,,,,,,,,,,,,,,,,,,,,,,,,,,,,,,,,,,2.0,Shroud,,,,,,,,,,,,,,,,,,,,,,,,,,,,,,,,,,,,,,,,,,,,,,,3.0,ThiefsGloves,Chalice,RabadonsDeathcap,4.0,TrainerSnax,None,None,3.0,GuinsoosRageblade,Deathblade,OrnnInfinityForce,,,,,,,,,,,,,,,,,,,,,,,,,,,,,,,,
5,EUW1_5971298390,TFT7_Augment_JadeTrait,TFT6_Augment_Electrocharge1,TFT6_Augment_CyberneticShell1,1.0,,,2.0,,,1.0,,,,1.0,1.0,0.0,0.0,,,0.0,,,1.0,,,,,0.0,,0.0,2.0,,,,,,,,,,,,,,,,,,,,,,,,,,,,,,,,,,,,,,,,,,,,,,,,,2.0,Bloodthirster,InfinityEdge,AssassinEmblemItem,,,,,,,,,2.0,,,,,,,,,,,,,,,,,,,,,,,,,,,,,,,,,,,,,,,,,,,,,,,,2.0,Redemption,WarmogsArmor,ZekesHerald,,,,,,,,,,,,,1.0,,,,,,,,,,,,,,,,,,,,,,,,,,,,2.0,Zephyr,,,,,,,,,,,,,,,,,,,,,,,2.0,,,,,,,,2.0,InfinityEdge,MadredsBloodrazor,StatikkShiv,,,,,,,,,,,None,None,,,,,,,,,,,,,,,,,,,,,,,,,,,,,,,,,,,,
3,EUW1_5971298390,TFT6_Augment_HyperRoll,TFT6_Augment_PandorasItems,TFT6_Augment_CyberneticImplants1,1.0,,,1.0,,3.0,,0.0,,,3.0,,0.0,,0.0,,1.0,,,,,,,1.0,1.0,,1.0,,,,,,,,,,,,,,,,,,,,,,,,,,,,,,,,,,,,,,,,,,,,,,,,,,,,,,,,,,,,,,,,,,2.0,ThiefsGloves,InfinityEdge,MadredsBloodrazor,,,,,,,,,,,,,,,,,,,,,,,,,,,,,,,,,,,,,,,,,,,,,,,,,,,,,,,,,2.0,Bloodthirster,,,,,,,1.0,,,,,,,,2.0,,,,,,,,,,,,2.0,RecurveBow,,,,,,,,,,,,,,,,,,,,,,,,,,,,,,,2.0,LastWhisper,CavalierEmblemItem,,,,,,,,,,,,None,None,,,,,1.0,PowerGauntlet,,,,,,,,,,,,,,,2.0,GuinsoosRageblade,MadredsBloodrazor,MadredsBloodrazor,2.0,WarmogsArmor,InfinityEdge,CavalierEmblemItem,,,,,,,,
4,EUW1_5972671784,TFT6_Augment_ThrillOfTheHunt2,TFT6_Augment_Distancing2,TFT6_Augment_WindfallPlusPlus,1.0,,,1.0,,0.0,1.0,,,,2.0,,0.0,,,,2.0,,,0.0,,,,1.0,1.0,,0.0,,,,,,,,,,,,,,,,,,,,,,,,,,,,,,,,,,,,,,,,,,,,,,,,,,,,,,,,,,,,,,,,,,2.0,Shroud,,,,,,,,,,,,,,,,,,,,,,,,,,,,,,,,,,,,,,,,,,,,,,,,,,,,,,,,,,,1.0,GargoyleStoneplate,Chalice,,,,,,2.0,FrozenHeart,,,,,,,,,,,,,,,,,,,2.0,Shroud,,,1.0,,,,,,,,,,,,,,,,,,,,,,,,,,,,2.0,RunaansHurricane,RedBuff,FrozenHeart,,,,,,,,,,,None,None,,,,,1.0,,,,,,,,,,,,,,,,2.0,GuinsoosRageblade,Quicksilver,Deathblade,,,,,,,,,,,,
6,EUW1_5972671784,TFT6_Augment_ThreesCompany,TFT6_Augment_ComponentGrabBag,TFT6_Augment_WindfallPlusPlus,,0.0,,1.0,,,1.0,,,,2.0,0.0,,1.0,,0.0,,,,,,,1.0,1.0,,,,2.0,,,,,,,,,,,,,,,,,,,,,,,,,,,,,,,,,,,,,,,,,,,,,,,,,1.0,FrozenHeart,WarmogsArmor,,,,,,,,,,,,,,,,,,,,,,,,,,,,,,,,,,,,,,,,,,,,,,,,,,,,,,3.0,SpearOfShojin,ArchangelsStaff,GuardianAngel,,,,,,,,,,,,,,,,,,,,,,,,,,,,,2.0,ZekesHerald,,,,,,,,,,,,,,,,,,,,,,,,,,,,,,,1.0,,,,,,,,2.0,RedBuff,,,,,,,,,,,,,,,,,,,,,None,None,,,,,2.0,,,,3.0,Deathblade,Quicksilver,GuinsoosRageblade,,,,,,,,,,,,,,,,,,,,,,,,
8,EUW1_5972671784,TFT6_Augment_CelestialBlessing2,TFT7_Augment_ClutteredMind,TFT6_Augment_RadiantRelics,,0.0,,,,,1.0,,0.0,0.0,,2.0,,,,1.0,,,,2.0,,,,,,0.0,,0.0,,,,,,,,,,,,,,,,,,,,,,,,,,,,,,,,,,,,,,,,,,,,,2.0,,,,,,,,2.0,ZekesHeraldRadiant,,,,,,,2.0,NegatronCloak,,,,,,,,,,,,,,,,,,,,,,,,,,,,,,,,,,,,,,,1.0,,,,,,,,2.0,RedBuff,WarmogsArmor,Morellonomicon,3.0,MadredsBloodrazor,Quicksilver,GuardianAngel,,,,,,,,,,,,,,,,,,,,,,,,,,,,,,,,,,,,,,,,,,,,,,,,,,,,,,,,,,,,,,,,,,,,,,,,,1.0,,,,,,,,,,None,None,,,,,,,,,,,,,,,,,,,,,,,,,,,,,,,,,,,,
7,EUW1_5972671784,TFT6_Augment_ThrillOfTheHunt2,TFT6_Augment_Ascension,TFT7_Augment_DragonmancerEmblem2,,,1.0,0.0,,,,2.0,,,1.0,1.0,,,0.0,0.0,1.0,,,1.0,,,,1.0,,,1.0,,,,,,,,,,,,,,2.0,BFSword,,,,,,,1.0,,,,,,,,,,,,,,,,,,,,,,,,,,,,,,,,,,,,,,,,,,,,,,,,,,,,,,,,,,,,2.0,,,,,,,,,,,,,,,,,,,,,,,,,,,,1.0,DragonmancerEmblemItem,IonicSpark,,,,,,,,,,,,,,,,,,,,,,,,,,,,,,,,,,,,,,2.0,SwiftshotEmblemItem,,,2.0,,,,,,,,,,,,,,,,,,,,2.0,GuinsoosRageblade,ArchangelsStaff,Quicksilver,,,,,,,,,,,,,,,,,,,,,,,None,None,,,,,,,,,,,,,,,,,,,,,,,,,1.0,InfinityEdge,TitansResolve,UnstableConcoction,,,,,,,,
5,EUW1_5972671784,TFT6_Augment_SunfireBoard,TFT6_Augment_TradeSectorPlus,TFT7_Augment_GuildEmblem2,,,,,,1.0,1.0,0.0,,,3.0,,,,3.0,,,,,,,,,0.0,,,1.0,,,,,,,,,,,,,,,,,,,,,,,,,,,,,,,,,,,,,,2.0,JeweledGauntlet,SpearOfShojin,MadredsBloodrazor,,,,,,,,,,,,,,,,,,,,,,,,,,,,,,,,,,,,,,,,,,,,,,,,,,,,,,,,,,,,,,,,,,,,,,,,,,,,,3.0,Redemption,IonicSpark,Redemption,,,,,,,,,,,,,,,,,,,,,2.0,,,,,,,,,,,,,,,,,,,,,,,,,,,,,,,,,,,,,,,,,,,,,,,,,,,,,,,,,,None,None,,,,,2.0,,,,,,,,,,,,,,,,,,,,2.0,GuildEmblemItem,SeraphsEmbrace,MadredsBloodrazor,2.0,JeweledGauntlet,,,,,,
2,EUW1_5972671784,TFT6_Augment_Distancing2,TFT6_Augment_Twins2,TFT7_Augment_SwiftshotEmblem2,,0.0,,2.0,,,1.0,,,,,,0.0,0.0,,,,,,,,,,1.0,0.0,,,2.0,,,,,,,,,,,,,,,,,,,,,,,,,,,,,,,,,,,,,,,,,,,,,,,,,2.0,SwiftshotEmblemItem,InfinityEdge,GuinsoosRageblade,,,,,,,,,,,,,,,,,,,,,2.0,DragonsClaw,TitanicHydra,Quicksilver,,,,,,,,,,,,,,,,,,,,,,,,,,,,,,,,,,,,,,,,,,,,,,,,,2.0,IonicSpark,RunaansHurricane,SparringGloves,,,,,,,,,,,,,,,,,,,,,,,,,,,,,,,,,,,,,,,,,,,,,,,,,2.0,,,,,,,,,,,,,,,,,,,,,,None,None,,,,,,,,,2.0,Deathblade,Bloodthirster,WhispersEmblemItem,,,,,,,,,,,,,,,,,,,,,,,,
1,EUW1_5972671784,TFT7_Augment_AssassinEmblem,TFT6_Augment_CelestialBlessing2,TFT6_Augment_GrandGambler,3.0,0.0,,2.0,,,,,,,1.0,,0.0,0.0,,,0.0,,1.0,,0.0,,,,1.0,,0.0,1.0,,,,,,,,,,,,,,,,,,,,,,,,,,,,,,,,,3.0,UnstableConcoction,WarmogsArmor,HextechGunblade,,,,,,,,,,,,,,,,,,,,,,,,,,,,,,,,,,,,,1.0,,,,,,,,,,,,2.0,,,,,,,,,,,,,,,,,,,,,,,,,,,,,,,,,,,,3.0,AssassinEmblemItem,InfinityEdge,RunaansHurricane,1.0,,,,2.0,SeraphsEmbrace,LocketOfTheIronSolari,,1.0,,,,,,,,,,,,,,,,,,,,,,,,,,,,,,,,,,,,,,,,,,,,2.0,,,,,,,,3.0,SeraphsEmbrace,HextechGunblade,GuinsoosRageblade,,,,,,,,,,,None,None,,,,,,,,,,,,,,,,,,,,,,,,,,,,,,,,,,,,
3,EUW1_5972671784,TFT7_Augment_CannoneerHotShot,TFT7_Augment_BestFriends2,TFT6_Augment_RadiantRelics,,,1.0,1.0,1.0,,1.0,,0.0,,2.0,,0.0,1.0,,1.0,,0.0,,,0.0,1.0,,,,1.0,,2.0,,,,,,,,,,,,,,,,,,,,,1.0,,,,,,,,2.0,GiantSlayerRadiant,Quicksilver,GuinsoosRageblade,,,,,,,,,,,,,,,,,2.0,Bloodthirster,WarmogsArmor,IonicSpark,,,,,,,,,,,,,,,,,,,,,,,,,,,,,,,,,,,,,,,,,,,,,,,,,2.0,LegendEmblemItem,TitansResolve,,,,,,,,,,,,,,,,,,,,,,,,,,,,,,,,,,2.0,,,,,,,,,,,,,,,,,,,,,,,,,,,,,,,,,,,,,,,,2.0,FrozenHeart,GargoyleStoneplate,,,,,,,,,,,,,,,,,,3.0,TrainerSnax,None,None,2.0,LocketOfTheIronSolari,,,,,,,,,,,,,,,,,,,,,,,,,,,,,,,2.0,MadredsBloodrazor,JeweledGauntlet,MadredsBloodrazor
3,EUW1_5971484983,TFT7_Augment_CannoneerHotShot,TFT6_Augment_SecondWind2,TFT7_Augment_GadgetExpert,,,,,3.0,,1.0,,,1.0,,,,0.0,,,0.0,1.0,,,1.0,,,,,1.0,,0.0,,,,,,,,,,,,,,,,,,,,,,,,,,,,,2.0,GuinsoosRageblade,UnstableConcoction,StatikkShiv,,,,,,,,,2.0,GargoyleStoneplate,RedBuff,ShimmerscaleHeartOfGold,,,,,,,,,,,,,,,,,,,,,,,,,2.0,,,,,,,,2.0,TearOfTheGoddess,LastWhisper,,,,,,,,,,,,,,,,,,,,,,,,,,,,,,,,,,,,,,,,,,,,,,,,,,,,,,,,,,,,,,,,,,2.0,Zephyr,,,,,,,,,,,,,,,,,,,,,,,,,,,,,,,,,,,,,,,,,,,,,,,2.0,,,,4.0,TrainerSnax,None,None,2.0,SpearOfShojin,LocketOfTheIronSolari,Zephyr,,,,,,,,,,,,,,,,,,,,,,,,,,,,,,,,
1,EUW1_5971484983,TFT6_Augment_BlueBattery2,TFT7_Augment_UrfsGrabBag1,TFT6_Augment_CelestialBlessing2,,0.0,,1.0,,1.0,,,1.0,,2.0,,0.0,3.0,,1.0,,,0.0,,0.0,1.0,,,0.0,1.0,,0.0,,,,,,,,,,,,,,,,,,,,,,,,,,,,,,,,,,,,,,,,,,,,,,,,,,,,,,,,,,,,,,,,,,,,,2.0,,,,,,,,,,,,,,,,,,,,,,,,,,,,1.0,,,,2.0,,,,2.0,StatikkShiv,RunaansHurricane,,,,,,,,,,,,,,,,,,2.0,ForceOfNature,FrozenHeart,,,,,,,,,,3.0,EvokerEmblemItem,JeweledGauntlet,ArchangelsStaff,2.0,,,,,,,,,,,,,,,,,,,,,,,,,,,,,,,,,,,,2.0,RedBuff,WarmogsArmor,,,,,,,,,,,,,,,,,,4.0,TrainerSnax,None,None,,,,,,,,,,,,,1.0,,,,,,,,,,,,,,,,,,,,2.0,SpearOfShojin,MadredsBloodrazor,SpearOfShojin
7,EUW1_5971484983,TFT7_Augment_DragonmancerEmblem,TFT6_Augment_SunfireBoard,TFT7_Augment_FirstAidKit2,,,,0.0,,0.0,,2.0,,,,1.0,0.0,,,,1.0,,,1.0,,,,0.0,1.0,,,,,,,,,,,,,,,,2.0,,,,,,,,,,,,,,,,,,,,,,,,,,,,,,,,,,,,,,,,,,,,,,,,,,,,2.0,Quicksilver,DragonmancerEmblemItem,,,,,,,,,,,,,,2.0,,,,,,,,2.0,,,,,,,,,,,,,,,,,,,,2.0,Redemption,GargoyleStoneplate,GargoyleStoneplate,,,,,,,,,,,,,1.0,,,,,,,,,,,,,,,,,,,,,,,,2.0,,,,,,,,,,,,,,,,,,,,,,,,2.0,GuinsoosRageblade,Quicksilver,ArchangelsStaff,,,,,,,,,,,,,,,,,,,,,,,None,None,,,,,,,,,,,,,,,,,,,,,,,,,,,,,,,,,,,,
5,EUW1_5971484983,TFT7_Augment_SwiftshotPressTheAttack,TFT6_Augment_RichGetRicherPlus,TFT6_Augment_Diversify2,1.0,1.0,,2.0,,,,,,,,,0.0,0.0,,,0.0,,,,,,,1.0,1.0,,,1.0,,,,,,,,,,,,,,,,,,,,,,,,,,,,,,,,,,,,,,,,,,,,,,,,,,,,,,,,,,,,,,,,,,,,,,,,,3.0,RedBuff,GargoyleStoneplate,TitanicHydra,,,,,,,,,,,,,,,,,,,,,,,,,,,,,,,,,,,,,,,,,,,,,,,,,1.0,ThiefsGloves,RunaansHurricane,RunaansHurricane,1.0,,,,2.0,Chalice,,,,,,,,,,,,,,,,,,,,,,,,,,,2.0,NegatronCloak,,,,,,,,,,,,,,,2.0,,,,,,,,,,,,,,,,,,,,,,None,None,,,,,,,,,3.0,GuinsoosRageblade,Deathblade,RunaansHurricane,,,,,,,,,2.0,Quicksilver,,,,,,,,,,,,,,
4,EUW1_5971484983,TFT6_Augment_CelestialBlessing2,TFT7_Augment_GadgetExpert,TFT6_Augment_SunfireBoard,,,1.0,,1.0,,1.0,,1.0,1.0,1.0,0.0,,,,1.0,,1.0,,,1.0,,1.0,,,1.0,,,,,,,,,,,,,,,,,,,,,,,2.0,,,,,,,,2.0,RapidFireCannon,GuinsoosRageblade,InfinityEdge,,,,,,,,,2.0,WarmogsArmor,IonicSpark,,,,,,,,,,,,,,,,,,,,,,,,,,,,,,,,,,,,,,,,,,,,,,,,,,,,,,,,,,2.0,,,,,,,,,,,,,,,,,,,,,,,,,,,,,,,,,,,,,,,,,,,,,,,,,,,,,,,,,,,,,,,,2.0,StatikkShiv,StatikkShiv,JeweledGauntlet,2.0,GuardianEmblemItem,ShimmerscaleHeartOfGold,ZekesHerald,,,,,,,,,,,,,,,,,,,,,,,,,3.0,TrainerSnax,None,None,1.0,LastWhisper,,,,,,,,,,,,,,,,,,,,,,,,,,,,,,,,,,
2,EUW1_5971484983,TFT7_Augment_BestFriends2,TFT6_Augment_CelestialBlessing2,TFT7_Augment_UrfsGrabBag1,1.0,,1.0,1.0,,1.0,,,,,3.0,0.0,0.0,,,0.0,1.0,,,,,,1.0,1.0,1.0,,0.0,,,,,,,,,,,,,,,,,,,,,,2.0,SpearOfShojin,,,,,,,,,,,,,,,,,,,,,,,,,,,,,,,,,,,,,,,,,,,2.0,RedBuff,GargoyleStoneplate,DragonsClaw,,,,,,,,,,,,,,,,,,,,,,,,,,,,,,,,,,,,,,,,,,,,,,,,,,,,,,,,,2.0,ThiefsGloves,ZekesHerald,RapidFireCannon,,,,,2.0,Zephyr,,,,,,,,,,,,,,,,,,,2.0,,,,,,,,,,,,,,,,1.0,,,,,,,,,,,,,,,,2.0,CavalierEmblemItem,InfinityEdge,JeweledGauntlet,,,,,,,,,,,None,None,,,,,2.0,,,,,,,,,,,,,,,,2.0,InfinityEdge,GuinsoosRageblade,TitansResolve,,,,,,,,,,,,
8,EUW1_5971484983,TFT7_Augment_CannoneerEmblem,TFT6_Augment_TomeOfTraits1,TFT7_Augment_MikaelsGift,,,1.0,1.0,2.0,,,,1.0,,2.0,,0.0,,,1.0,,2.0,,,,,,,0.0,1.0,,,,,,,,,,,,,,,,,,,,,,,1.0,,,,,,,,1.0,Deathblade,UnstableConcoction,RecurveBow,,,,,,,,,,,,,,,,,,,,,,,,,,,,,,,,,,,,,,,,,,,,,,,,,,,,,,,,,,,,,,,,,,,,,2.0,,,,,,,,,,,,,,,,,,,,,,,,1.0,WarmogsArmor,Morellonomicon,GargoyleStoneplate,,,,,,,,,,,,,,,,,,,,,,,,,,,,,,,,,,,,,2.0,GuildEmblemItem,CannoneerEmblemItem,,,,,,,,,,,,,,1.0,,,,,,,,,,,,,,,,2.0,TrainerSnax,None,None,2.0,LocketOfTheIronSolari,,,,,,,,,,,,,,,,,,,,,,,,,,,,,,,,,,
6,EUW1_5971484983,TFT7_Augment_AxiomArc2,TFT6_Augment_CelestialBlessing2,TFT6_Augment_Ascension,,,,,,,,1.0,,1.0,,1.0,0.0,,0.0,,0.0,,,,0.0,,,0.0,,,,,,,,,,,,,,,,,2.0,Morellonomicon,,,,,,,,,,,,,,,,,,,,,,,,,,,,,,,,,,,,,,,,,,,,,,,,,,,,,,,,,,,,,,,,,,,3.0,SeraphsEmbrace,JeweledGauntlet,InfinityEdge,,,,,,,,,3.0,GargoyleStoneplate,BrambleVest,Redemption,,,,,,,,,,,,,,,,,,,,,,,,,,,,,,,,,,,,,,,,,,,,,,,,,,,,,3.0,,,,,,,,,,,,,,,,,,,,,,,,,,,,,,,,,,,,,,,,3.0,,,,,,,,,,None,None,,,,,,,,,,,,,,,,,1.0,,,,,,,,,,,,,,,,,,,
7,EUW1_5971073453,TFT6_Augment_CyberneticUplink1,TFT6_Augment_TinyTitans,TFT6_Augment_JeweledLotus,,1.0,,1.0,,,,,0.0,,1.0,,,3.0,,1.0,,0.0,,,,,,,,0.0,,0.0,,,,,,,,,,,,,,,,,,,,,,,,,,,,,,,,,,,,,,,,,,,,,,,,,,,,,,,,,,,,,,,,,,,,,2.0,MysticEmblemItem,,,2.0,RedBuff,GargoyleStoneplate,MageEmblemItem,,,,,,,,,,,,,,,,,,,,,,,,,,,,,3.0,PowerGauntlet,,,,,,,,,,,,,,,,,,,,,,,,,,,,,,,2.0,SpearOfShojin,RabadonsDeathcap,,,,,,,,,,,,,,,,,,,,,,,,,,2.0,MageEmblemItem,,,,,,,,,,,2.0,ChainVest,,,,,,,,,,,,,,,,,,,,,None,None,,,,,,,,,,,,,1.0,,,,,,,,,,,,,,,,,,,,,,,
2,EUW1_5971073453,TFT6_Augment_TriForce1,TFT6_Augment_Weakspot,TFT6_Augment_SecondWind2,0.0,0.0,,2.0,,1.0,1.0,,,,3.0,,0.0,0.0,,,0.0,,,,,,,1.0,0.0,,0.0,2.0,,,,,,,,,,,,,,,,,,,,,,,,,,,,,,,,,,,,,,,,,,,,,,,,,2.0,LocketOfTheIronSolari,TitansResolve,,,,,,,,,,,,,,,,,,,,,,,,,,,,,,,,,,,,,,,,,,,,,,,,,,,,,,,,,,,,,,,,,,,,,,,,,,2.0,CavalierEmblemItem,Shroud,,,,,,,,,,,,,,2.0,,,,,,,,,,,,2.0,,,,,,,,,,,,,,,,,,,,,,,,2.0,WarmogsArmor,Redemption,IonicSpark,,,,,1.0,,,,,,,,,,,,,,None,None,,,,,2.0,ZekesHerald,,,3.0,MadredsBloodrazor,RunaansHurricane,GuinsoosRageblade,,,,,,,,,,,,,,,,,,,,,,,,
4,EUW1_5971073453,TFT7_Augment_ShapeshifterTrait,TFT7_Augment_BandOfThieves1,TFT7_Augment_DragonmancerInspire,,,,,,0.0,,2.0,,,1.0,1.0,,,,,1.0,,,2.0,,,,1.0,0.0,,,,,,,,,,,,,,,,2.0,,,,,,,,,,,,,,,,,,,,,,,,,,,,,,,,,,,,,,,,,,,,,,,,2.0,ThiefsGloves,WarmogsArmor,IonicSpark,2.0,,,,,,,,,,,,,,,,2.0,ZekesHerald,ZekesHerald,,,,,,2.0,UnstableConcoction,TearOfTheGoddess,GuinsoosRageblade,,,,,,,,,,,,,,,,,2.0,WarmogsArmor,DragonmancerEmblemItem,,,,,,,,,,,,,,,,,,,,,,,,,,,,,,,,,,,,,,2.0,LocketOfTheIronSolari,Shroud,,,,,,,,,,,,,,,,,,,,,,2.0,Quicksilver,GuinsoosRageblade,ArchangelsStaff,,,,,,,,,,,,,,,,,,,,,,,None,None,,,,,1.0,,,,,,,,,,,,,,,,,,,,,,,,,,,,,,,
5,EUW1_5971073453,TFT7_Augment_ShapeshifterTrait,TFT6_Augment_TinyTitans,TFT7_Augment_UrfsGrabBag1,0.0,,,,,,,2.0,,,,1.0,0.0,,,,1.0,,,2.0,0.0,,,0.0,0.0,,,0.0,,,,,,,,,,,,,2.0,GuinsoosRageblade,,,,,,,,,,,,,,,,,,,,,,,,,,,,,,,,,,,,,,,2.0,ThiefsGloves,LocketOfTheIronSolari,LocketOfTheIronSolari,,,,,,,,,,,,,,,,,,,,,,,,,1.0,,,,1.0,,,,2.0,Bloodthirster,GargoyleStoneplate,,,,,,,,,,,,,,,,,,2.0,BrambleVest,NegatronCloak,WarmogsArmor,,,,,,,,,,,,,,,,,,,,,,,,,,,,,,,,,,,,,1.0,,,,,,,,,,,,,,,,,,,,,,,,2.0,GuinsoosRageblade,MadredsBloodrazor,ArchangelsStaff,,,,,,,,,,,,,,,,,,,,,,,None,None,,,,,,,,,,,,,,,,,1.0,,,,,,,,,,,,,,,,,,,
8,EUW1_5971073453,TFT6_Augment_CyberneticUplink1,TFT6_Augment_TinyTitans,TFT6_Augment_CelestialBlessing2,1.0,,,1.0,0.0,,,,1.0,,1.0,,0.0,,,0.0,,1.0,,,,,,,1.0,1.0,,,,,,,,,,,,,,,,,,,,,,,,,,,,,,,,,,,,,,,,,,,,,,,,,,,,,,,,,,,,,,,,,,,,,,,,,,,,,,,,,,,,,,,,,,,,,,,,,,,,,,,2.0,TearOfTheGoddess,,,,,,,,,,,,,,,,,,,,,,,1.0,ChainVest,,,,,,,2.0,ThiefsGloves,NegatronCloak,Deathblade,,,,,,,,,,,,,,,,,,,,,,,,,,,,,2.0,SpearOfShojin,,,,,,,,,,,,,,,2.0,GargoyleStoneplate,,,2.0,InfinityEdge,MadredsBloodrazor,,,,,,,,,,3.0,TrainerSnax,None,None,2.0,RecurveBow,,,,,,,,,,,,,,,,,,,,,,,,,,,,,,,,,,
1,EUW1_5971073453,TFT7_Augment_JadeEmblem,TFT7_Augment_BandOfThieves1,TFT6_Augment_Ascension,,,1.0,0.0,0.0,,1.0,,1.0,,1.0,2.0,0.0,,,2.0,,1.0,,1.0,,,,,1.0,0.0,,,,,,,,,,,,,,,,,,,,,,,2.0,JadeEmblemItem,,,,,,,2.0,HextechGunblade,InfinityEdge,RapidFireCannon,,,,,,,,,,,,,2.0,GuardianAngel,Bloodthirster,TitansResolve,,,,,,,,,,,,,2.0,,,,,,,,,,,,,,,,,,,,,,,,,,,,,,,,,,,,,,,,2.0,RecurveBow,,,,,,,2.0,RedBuff,Redemption,DragonsClaw,,,,,,,,,,,,,2.0,ThiefsGloves,DragonsClaw,HextechGunblade,,,,,,,,,,,,,,,,,,,,,,,,,,,,,,,,,,,,,2.0,UnstableConcoction,ArchangelsStaff,TempestEmblemItem,,,,,,,,,,,,,,,,,,,,,,,,,,,,,,,None,None,,,,,,,,,,,,,,,,,,,,,,,,,,,,,,,,,,,,
6,EUW1_5971073453,TFT6_Augment_CyberneticUplink1,TFT6_Augment_CyberneticShell1,TFT6_Augment_CyberneticShell2,2.0,,,2.0,,,1.0,,,,1.0,,0.0,0.0,,,0.0,,,,,,,,1.0,,0.0,2.0,,,,,,,,,,,,,,,,,,,,,,,,,,,,,,,,,,,,,,,,,,,,,,,,,1.0,MadredsBloodrazor,Quicksilver,AssassinEmblemItem,,,,,,,,,,,,,,,,,,,,,,,,,,,,,,,,,,,,,,,,,,,,,,,,,,,,,,,,,,,,,,,,,,,,,,,,,2.0,RecurveBow,WarmogsArmor,,1.0,TitansResolve,Quicksilver,,2.0,ThiefsGloves,PowerGauntlet,FrozenHeart,,,,,,,,,,,,,,,,,2.0,RedBuff,,,,,,,,,,,,,,,,,,,,,,,1.0,SparringGloves,,,,,,,2.0,BFSword,,,,,,,,,,,,,None,None,,,,,,,,,,,,,,,,,,,,,,,,,,,,,,,,,,,,
3,EUW1_5971073453,TFT6_Augment_Twins1,TFT6_Augment_ThrillOfTheHunt1,TFT6_Augment_PortableForge,,1.0,1.0,1.0,,,,,,,2.0,,,2.0,,1.0,,,,,,,,,,,,0.0,,,,,,,,,,,,,,,,,,,,,1.0,,,,,,,,,,,,,,,,,,,,,,,,,,,,,,,,,,,,,,,,,,,,,,,,,,,,2.0,BrambleVest,FrozenHeart,WarmogsArmor,,,,,,,,,,,,,,,,,,,,,,,,,,,,,3.0,StatikkShiv,SpearOfShojin,PowerGauntlet,,,,,,,,,,,,,,,,,,,,,,,,,,,,,2.0,UnstableConcoction,HextechGunblade,ArchangelsStaff,,,,,,,,,,,,,,,,,,,,,,,,,,,,,,,,,,,,,2.0,,,,,,,,,,,,,,,,,,,,,,None,None,,,,,,,,,,,,,2.0,,,,,,,,,,,,,,,,,,,,,,,
6,EUW1_5970947967,TFT7_Augment_CannoneerEmblem2,TFT6_Augment_SecondWind1,TFT6_Augment_Diversify2,,,,,2.0,,1.0,0.0,1.0,1.0,,,,,0.0,0.0,,1.0,0.0,,1.0,,,,,1.0,0.0,,,,,,,,,,,,,,,,,,,,,,,,,,2.0,CannoneerEmblemItem,,,2.0,MadredsBloodrazor,UnstableConcoction,RunaansHurricane,,,,,,,,,2.0,ShimmerscaleHeartOfGold,DragonsClaw,ChainVest,,,,,,,,,,,,,,,,,,,,,,,,,,,,,,,,,,,,,,,,,,,,,,,,,,,,,,,,,2.0,,,,,,,,,,,,,,,,,,,,,,,,,,,,,,,,,,,,,,,,,,,,,,,,,,,,,,,,,,,,,,,,1.0,ThiefsGloves,GiantsBelt,Zephyr,,,,,,,,,,,,,,,,,,,,,,,,,,,,,3.0,TrainerSnax,None,None,2.0,,,,,,,,,,,,,,,,,,,,,,,,1.0,SeraphsEmbrace,Bloodthirster,,,,,,,,,
1,EUW1_5970947967,TFT7_Augment_RevelEmblem2,TFT6_Augment_ThrillOfTheHunt1,TFT6_Augment_JeweledLotus,,,1.0,1.0,1.0,,1.0,,1.0,,1.0,,0.0,,1.0,1.0,,4.0,,,,,,,0.0,0.0,,,,,,,,,,,,,,,,,,,,,,,2.0,,,,,,,,2.0,LastWhisper,JeweledGauntlet,Quicksilver,,,,,2.0,GuinsoosRageblade,RevelEmblemItem,StatikkShiv,,,,,,,,,,,,,,,,,,,,,,,,,,,,,,,,,,,,,2.0,,,,,,,,,,,,,,,,,,,,,,,,2.0,,,,,,,,,,,,,,,,,,,,,,,,2.0,RedBuff,TitanicHydra,WarmogsArmor,,,,,,,,,,,,,,,,,,,,,,,,,,,,,,,,,,,,,2.0,JeweledGauntlet,InfinityEdge,Zephyr,,,,,,,,,,,,,2.0,TitanicHydra,DragonsClaw,,,,,,,,,,,,,,,,None,None,,,,,,,,,,,,,,,,,,,,,,,,,,,,,,,,,,,,
5,EUW1_5970947967,TFT7_Augment_UrfsGrabBag2,TFT7_Augment_MageTrait,TFT7_Augment_BestFriends2,,0.0,1.0,0.0,,,1.0,,0.0,,1.0,,,2.0,,2.0,,,,,0.0,1.0,,,1.0,1.0,,0.0,,,,,,,,,1.0,MageEmblemItem,MadredsBloodrazor,,,,,,,,,,1.0,,,,,,,,,,,,,,,,,,,,,,,,,,,,,,,,,,,,,,,,,,,,,,,,2.0,NeedlesslyLargeRod,,,,,,,,,,,,,,,,,,,,,,,,,,,,,,,1.0,Chalice,,,3.0,GuinsoosRageblade,SpearOfShojin,GuinsoosRageblade,,,,,,,,,,,,,,,,,,,,,,,,,,,,,,,,,,,,,,,,,,,,,,,,,,,,,,,,,,,,,,,,,,,,,2.0,WarmogsArmor,GargoyleStoneplate,IonicSpark,,,,,,,,,,,,,,,,,3.0,TrainerSnax,None,None,,,,,,,,,,,,,,,,,,,,,,,,,,,,,,,,,1.0,ThiefsGloves,ZekesHerald,Deathblade
2,EUW1_5970947967,TFT7_Augment_RevelEmblem2,TFT6_Augment_LudensEcho1,TFT6_Augment_JeweledLotus,,,1.0,0.0,1.0,,1.0,,1.0,,1.0,,,0.0,1.0,1.0,,4.0,,,,,,,,1.0,,,,,,,,,,,,,,,,,,,,,,,1.0,,,,,,,,2.0,JeweledGauntlet,,,,,,,2.0,RevelEmblemItem,GuinsoosRageblade,Quicksilver,,,,,,,,,,,,,,,,,,,,,,,,,,,,,2.0,,,,,,,,2.0,ZekesHerald,StatikkShiv,Chalice,,,,,,,,,,,,,,,,,,,,,2.0,,,,,,,,,,,,,,,,,,,,,,,,,,,,,,,,,,,,,,,,,,,,,,,,,,,,,,,,,,,,,,,,2.0,InfinityEdge,HextechGunblade,SeraphsEmbrace,,,,,,,,,,,,,2.0,IonicSpark,Zephyr,GargoyleStoneplate,,,,,,,,,,,,,4.0,TrainerSnax,None,None,,,,,,,,,,,,,,,,,,,,,,,,,,,,,,,,,,,,
3,EUW1_5970947967,TFT7_Augment_LivingForge,TFT6_Augment_ItemGrabBag1,TFT6_Augment_Diversify2,1.0,,,1.0,,1.0,,,,,3.0,,0.0,,,,1.0,,,,,,,1.0,1.0,,0.0,,,,,,,,,,,,,,,,,,,,,,,,,,,,,,,,,,,,,,,,,,,,,,,,,,,,,,,,,,,,,,,,,,2.0,OrnnEternalWinter,DragonsClaw,,,,,,,,,,,,,,,,,,,,,,,,,,,,,,,,,,,,,,,,,,,,,,,,,,,,,,,,,,2.0,WarmogsArmor,RedBuff,GargoyleStoneplate,,,,,2.0,FrozenHeart,,,,,,,2.0,,,,,,,,,,,,2.0,OrnnRanduinsSanctum,,,,,,,,,,,,,,,,,,,,,,,,,,,,,,,2.0,GuardianAngel,RunaansHurricane,,,,,,,,,,,,None,None,,,,,1.0,BFSword,,,,,,,,,,,,,,,2.0,OrnnInfinityForce,InfinityEdge,GuinsoosRageblade,,,,,,,,,,,,
8,EUW1_5970947967,TFT7_Augment_UrfsGrabBag2,TFT7_Augment_BestFriends1,TFT7_Augment_AssassinEmblem,3.0,0.0,,1.0,,,,,,,1.0,,,,,,0.0,,1.0,,0.0,,,,0.0,,1.0,,,,,,,,,,,,,,,,,,,,,,,,,,,,,,,,,,2.0,WarmogsArmor,RedBuff,FrozenHeart,,,,,,,,,,,,,,,,,,,,,,,,,,,,,,,,,,,,,1.0,,,,,,,,,,,,2.0,,,,,,,,,,,,,,,,,,,,,,,,,,,,,,,,,,,,2.0,RunaansHurricane,AssassinEmblemItem,InfinityEdge,,,,,,,,,2.0,,,,,,,,,,,,,,,,,,,,2.0,AssassinEmblemItem,,,,,,,,,,,,,,,,,,,,,,,,,,,,,,,1.0,RabadonsDeathcap,,,,,,,,,,,,,None,None,,,,,,,,,,,,,,,,,,,,,,,,,,,,,,,,,,,,
4,EUW1_5970947967,TFT7_Augment_DragonmancerEmblem2,TFT7_Augment_BandOfThieves1,TFT7_Augment_UrfsGrabBag1,,,,1.0,,,,2.0,,,,1.0,0.0,,,,1.0,,,1.0,,,,0.0,1.0,,0.0,,,,,,,,,,,,,,2.0,StatikkShiv,TitansResolve,,,,,,,,,,,,,,,,,,,,,,,,,,,,,,,,,,,,,,,,,,,,,,,,,,,,,,,,,,,,,,,,,,2.0,,,,,,,,3.0,UnstableConcoction,RedBuff,UnstableConcoction,,,,,,,,,,,,,,,,,2.0,DragonmancerEmblemItem,Zephyr,GargoyleStoneplate,,,,,,,,,,,,,2.0,ThiefsGloves,BFSword,Bloodthirster,,,,,,,,,,,,,,,,,,,,,1.0,,,,1.0,,,,,,,,,,,,,,,,,,,,2.0,Quicksilver,GuinsoosRageblade,MadredsBloodrazor,,,,,,,,,,,,,,,,,,,,,,,None,None,,,,,,,,,,,,,,,,,,,,,,,,,,,,,,,,,,,,
7,EUW1_5970947967,TFT7_Augment_ThinkFast,TFT7_Augment_ShapeshifterTrait,TFT6_Augment_SecondWind2,,0.0,,,,,1.0,0.0,0.0,,,2.0,0.0,,,0.0,0.0,,,3.0,,,,,,,,0.0,,,,,2.0,,,,,,,,,,,,,,,,,,,,,,,,,,,,,,,,,,,,,,,,2.0,Bloodthirster,StatikkShiv,DragonsClaw,,,,,2.0,,,,,,,,2.0,FrozenHeart,,,,,,,,,,,,,,,,,,,,,,,,,,,,,,,,,,,,,,,,,,,,,,,1.0,GargoyleStoneplate,,,3.0,Quicksilver,GuinsoosRageblade,MadredsBloodrazor,,,,,,,,,,,,,,,,,,,,,,,,,,,,,,,,,,,,,,,,,,,,,,,,,,,,,,,,,2.0,,,,,,,,,,,,,,,,,,,,,,,,,,None,None,,,,,,,,,,,,,,,,,,,,,,,,,,,,,,,,,,,,
1,EUW1_5971555627,TFT6_Augment_Electrocharge1,TFT6_Augment_Ascension,TFT7_Augment_CannoneerHotShot,,,1.0,,1.0,,1.0,,1.0,1.0,1.0,,,,,1.0,,1.0,0.0,,1.0,,,,,1.0,,,,,,,,,,,,,,,,,,,,,,,2.0,DragonsClaw,,,1.0,,,,3.0,UnstableConcoction,GuinsoosRageblade,RunaansHurricane,,,,,,,,,2.0,RedBuff,WarmogsArmor,WarmogsArmor,,,,,,,,,,,,,,,,,,,,,,,,,,,,,,,,,,,,,,,,,,,,,,,,,,,,,,,,,2.0,FrozenHeart,,,,,,,,,,,,,,,,,,,,,,,,,,,,,,,,,,,,,,,,,,,,,,,,,,,,,,,,,,,,,,,2.0,Zephyr,SpearOfShojin,,,,,,,,,,,,,,,,,,,,,,,,,,,,,,4.0,TrainerSnax,None,None,2.0,StatikkShiv,ShimmerscaleDravensAxe,GuinsoosRageblade,,,,,,,,,,,,,,,,,,,,,,,,,,,,,,,,
2,EUW1_5971555627,TFT7_Augment_Preparation,TFT7_Augment_AxiomArc2,TFT7_Augment_JadeEternalProtection,,,1.0,,,,1.0,1.0,,1.0,1.0,2.0,,,0.0,1.0,,,,,,,,1.0,1.0,,,,,,,,,,,,,,,,2.0,PowerGauntlet,,,,,,,1.0,,,,,,,,,,,,,,,,,,,,,,,,2.0,,,,,,,,,,,,3.0,UnstableConcoction,StatikkShiv,RabadonsDeathcap,,,,,,,,,,,,,,,,,,,,,3.0,SeraphsEmbrace,JeweledGauntlet,InfinityEdge,,,,,2.0,,,,3.0,RedBuff,IonicSpark,,,,,,,,,,,,,,,,,,,,,,,,,,,,,,,,,,,,,,,,,,,,,,,,,,,,,,,,,,,,,,,,,,,,,,,,,,,,,,,,,,,,,,,,,,,,,,3.0,TitanicHydra,IonicSpark,,,,,,,,None,None,,,,,,,,,,,,,,,,,,,,,,,,,,,,,,,,,,,,
6,EUW1_5971555627,TFT6_Augment_ThrillOfTheHunt1,TFT6_Augment_TomeOfTraits1,TFT6_Augment_PortableForge,0.0,,,,3.0,,1.0,,0.0,1.0,1.0,,,,,,,2.0,0.0,,1.0,,,,,0.0,,,,,,,,,,,,,,,,,,,,,,,,,,,2.0,DragonsClaw,,,2.0,InfinityEdge,ShimmerscaleDravensAxe,GuinsoosRageblade,,,,,,,,,2.0,BrambleVest,OrnnEternalWinter,WarmogsArmor,,,,,,,,,,,,,,,,,,,,,,,,,,,,,,,,,2.0,LocketOfTheIronSolari,,,,,,,,,,,,,,,,,,,,,,,,,,,,,,,,,,,,,,,,,,,,,,,,,,,,,,,,,,,,,,,,,,,,,,,,,,,,,,,,,,,,,,,2.0,CannoneerEmblemItem,Morellonomicon,,,,,,,,,,,,,,,,,,2.0,InfinityEdge,RecurveBow,,,,,,,,,,,,None,None,2.0,,,,,,,,,,,,,,,,,,,,,,,,,,,,,,,,,,,
7,EUW1_5971555627,TFT7_Augment_AFK,TFT6_Augment_Ascension,TFT6_Augment_ThrillOfTheHunt2,,,1.0,,,,1.0,,1.0,,1.0,2.0,0.0,,,2.0,,,,1.0,,,1.0,,,0.0,,,,,,,2.0,,,,,,,,,,,,,,,,1.0,,,,,,,,,,,,,,,,,,,,,,,,2.0,MadredsBloodrazor,GuinsoosRageblade,InfinityEdge,,,,,,,,,,,,,2.0,,,,,,,,,,,,,,,,,,,,,,,,,,,,,,,,,,,,,,,,2.0,,,,,,,,2.0,RedBuff,DragonsClaw,Redemption,,,,,,,,,,,,,,,,,,,,,,,,,,,,,,,,,,,,,,,,,,,,,,,,,,,,,,,,,1.0,,,,,,,,,,,,,,,,,,,,,,,,,,,,,,None,None,,,,,,,,,,,,,,,,,,,,,,,,,,,,,,,,,,,,
5,EUW1_5971555627,TFT6_Augment_SecondWind1,TFT7_Augment_FirstAidKit2,TFT6_Augment_SunfireBoard,,0.0,,1.0,,,,,0.0,,1.0,,,2.0,,1.0,,,,,0.0,1.0,,,,1.0,,0.0,,,,,,,,,,,,,,,,,,,,,,,,,,,,,,,,,,,,,,,,,,,,,,,,,,,,,,,,,,,,,,,,,,,,,2.0,,,,2.0,RedBuff,,,,,,,,,,,,,,,,,,,,,,,,,,,2.0,Shroud,,,3.0,ArchangelsStaff,,,,,,,,,,,,,,,,,,,,,,,,,,,,,,,3.0,RabadonsDeathcap,ArchangelsStaff,SpearOfShojin,,,,,,,,,,,,,,,,,,,,,,,,,,,,,,,,,,,,,2.0,DragonsClaw,GargoyleStoneplate,TitanicHydra,,,,,,,,,,,,,,,,,3.0,TrainerSnax,None,None,,,,,,,,,,,,,,,,,,,,,,,,,,,,,,,,,1.0,,,
4,EUW1_5971555627,TFT6_Augment_Electrocharge1,TFT7_Augment_MikaelsGift,TFT6_Augment_TomeOfTraits1,1.0,,,2.0,,,1.0,,,,,,0.0,1.0,,,0.0,,,,0.0,1.0,,,1.0,,0.0,2.0,,,,,,,,,,,,,,,,,,,,,,,,,,,,,,,,,,,,,,,,,,,,,,,,,2.0,Bloodthirster,InfinityEdge,GuinsoosRageblade,,,,,,,,,,,,,,,,,,,,,,,,,,,,,,,,,,,,,,,,,,,,,,,,,,,,,,,,,,,,,,,,,,,,,,,,,2.0,MageEmblemItem,ZekesHerald,,1.0,Bloodthirster,FrozenHeart,GuardianAngel,2.0,,,,,,,,,,,,,,,,,,,,2.0,,,,,,,,,,,,,,,,,,,,,,,,2.0,LocketOfTheIronSolari,Chalice,ZekesHerald,,,,,,,,,,,,,,,,,,,None,None,,,,,,,,,,,,,,,,,,,,,,,,,,,,,,,,,1.0,,,
3,EUW1_5971555627,TFT6_Augment_Electrocharge1,TFT6_Augment_SecondWind2,TFT6_Augment_PortableForge,,,1.0,,,,1.0,,1.0,,1.0,2.0,0.0,0.0,,2.0,,,,0.0,0.0,1.0,1.0,,,0.0,,,,,,,2.0,Morellonomicon,HextechGunblade,StatikkShiv,,,,,,,,,,,,,2.0,RabadonsDeathcap,,,,,,,,,,,,,,,,,,,,,,,2.0,Bloodthirster,MadredsBloodrazor,TitansResolve,,,,,,,,,,,,,,,,,,,,,,,,,,,,,,,,,,,,,,,,,,,,,,,,,,,,,2.0,,,,,,,,2.0,OrnnAnimaVisage,RedBuff,DragonsClaw,,,,,,,,,,,,,,,,,,,,,,,,,,,,,,,,,,,,,,,,,,,,,,,,,,,,,,,,,1.0,GiantsBelt,,,,,,,,,,,,,,,,,,,,,,,,,,,,,None,None,,,,,,,,,,,,,,,,,,,,,,,,,,,,,,,,,1.0,,,
8,EUW1_5971555627,TFT7_Augment_GuildTrait,TFT7_Augment_GuildGearUpgrades,TFT7_Augment_BestFriends2,0.0,,,1.0,,1.0,,,,,4.0,,0.0,,,,1.0,,,,,,,1.0,0.0,,0.0,,,,,,,,,,,,,,,,,,,,,,,,,,,,,,,,,,,,,,,,,,,,,,,,,,,,,,,,,,,,,,,,,,2.0,,,,,,,,,,,,,,,,,,,,,,,,,,,,,,,,,,,,,,,,,,,,,,,,,,,,,,,,,,,,1.0,,,,,,,,,,,,,,,,2.0,NegatronCloak,,,,,,,,,,,2.0,GargoyleStoneplate,,,,,,,,,,,,,,,,,,,,,,,,,,,,,,,2.0,TearOfTheGoddess,,,,,,,,,,,,,None,None,,,,,2.0,TearOfTheGoddess,,,,,,,,,,,,,,,1.0,GuinsoosRageblade,MadredsBloodrazor,,,,,,,,,,,,,
3,EUW1_5971439937,TFT7_Augment_GadgetExpert,TFT6_Augment_Diversify2,TFT7_Augment_PandorasBench,,,1.0,,1.0,,1.0,0.0,1.0,1.0,1.0,,,,0.0,1.0,,1.0,,,1.0,,,,,1.0,0.0,0.0,,,,,,,,,,,,,,,,,,,,,1.0,,,,,,,,2.0,UnstableConcoction,Deathblade,StatikkShiv,,,,,,,,,2.0,RedBuff,WarmogsArmor,BrambleVest,,,,,,,,,,,,,,,,,,,,,,,,,,,,,,,,,,,,,,,,,,,,,,,,,,,,,,,,,2.0,PowerGauntlet,,,,,,,,,,,,,,,,,,,,,,,,,,,,,,,,,,,,,,,,,,,,,,,,,,,,,,,,,,,,,,,2.0,RabadonsDeathcap,Quicksilver,GuinsoosRageblade,,,,,,,,,,,,,,,,,,,,,,,,,2.0,,,,4.0,TrainerSnax,None,None,1.0,ShimmerscaleGamblersBlade,,,,,,,,,,,,,,,,,,,,,,,1.0,Bloodthirster,FrozenHeart,,,,,,,,,
8,EUW1_5971439937,TFT6_Augment_BlueBattery2,TFT6_Augment_LudensEcho2,TFT7_Augment_SwiftshotEmblem,,1.0,,2.0,,,,,0.0,,1.0,,,1.0,,1.0,0.0,,,,,,,1.0,,0.0,0.0,0.0,,,,,,,,,,,,,,,,,,,,,,,,,,,,,,,,,,,,,,,,,,,,,,,,,,,,,,,,,,,,,,,,,,,,,,,,,3.0,RedBuff,FrozenHeart,,,,,,,,,,,,,,,,,,,,,,,,,,1.0,,,,3.0,SwiftshotEmblemItem,,,,,,,,,,,,,,,,,,,,,,,,,,,,,,,1.0,,,,,,,,,,,,,,,,1.0,SparringGloves,,,,,,,1.0,,,,,,,,,,,,,,,,1.0,,,,,,,,,,,,,,,,,,,,,,None,None,,,,,,,,,3.0,InfinityEdge,GuinsoosRageblade,RunaansHurricane,,,,,,,,,,,,,,,,,,,,,,,,
7,EUW1_5971439937,TFT6_Augment_TrueTwos,TFT6_Augment_Twins2,TFT7_Augment_GadgetExpert,0.0,,,1.0,,0.0,,,,,2.0,,0.0,0.0,,,,,,,,,,1.0,1.0,,,0.0,,,,,,,,,,,,,,,,,,,,,,,,,,,,,,,,,,,,,,,,,,,,,,,,,,,,,,,,,3.0,MadredsBloodrazor,GuinsoosRageblade,Quicksilver,,,,,,,,,,,,,,,,,,,,,,,,,,,,,,,,,,,,,,,,,,,,,,,,,,,,,,,,,,,,,,,,,1.0,GargoyleStoneplate,IonicSpark,WarmogsArmor,,,,,2.0,,,,,,,,2.0,,,,,,,,,,,,,,,,,,,,,,,,,,,,,,,,,,,,1.0,,,,,,,,,,,,,,,,,,,,,,None,None,,,,,2.0,,,,,,,,,,,,,,,,,,,,,,,,,,,,,,,
2,EUW1_5971439937,TFT7_Augment_TempestEyeOfTheStorm,TFT7_Augment_GadgetExpert,TFT6_Augment_CelestialBlessing2,0.0,,,0.0,,,1.0,1.0,,,,1.0,0.0,,1.0,,,,,,,,1.0,0.0,3.0,,0.0,,,,,,,,,,2.0,GuinsoosRageblade,ArchangelsStaff,WarmogsArmor,2.0,StatikkShiv,,,,,,,,,,,,,,,,,,,,,,,,,,,,,,,,,,,,,,,,,,,,,,,,,,,,,,,,,,,,,,,,,,,2.0,,,,,,,,3.0,Bloodthirster,GargoyleStoneplate,TitansResolve,,,,,,,,,,,,,,,,,,,,,,,,,,,,,,,,,2.0,Redemption,TitansResolve,MirageEmblemItem,,,,,1.0,,,,,,,,,,,,,,,,,,,,,,,,,,,,,,,,,,,,2.0,GuardianAngel,,,,,,,,,,,,,,,,,,,,,,,,,,,,,None,None,,,,,,,,,,,,,,,,,,,,,,,,,1.0,Zephyr,Shroud,,,,,,,,,
5,EUW1_5971439937,TFT6_Augment_Ascension,TFT7_Augment_MageConference,TFT7_Augment_MageEmblem,,1.0,,1.0,,0.0,,,0.0,,1.0,,,3.0,,1.0,,,0.0,,,,,,,1.0,,0.0,,,,,,,,,,,,,,,,,,,,,,,,,,,,,,,,,,,,,,,,,,,,,,,,,,,,,,,,,,,,,,,,,,,,,3.0,,,,2.0,MageEmblemItem,,,,,,,,,,,,,,,,,,,,,,,3.0,MadredsBloodrazor,,,1.0,,,,3.0,Chalice,ArchangelsStaff,ZekesHerald,,,,,,,,,,,,,,,,,,,,,,,,,,,,,3.0,ArchangelsStaff,UnstableConcoction,SpearOfShojin,,,,,,,,,,,,,,,,,,,,,,,,,,,,,,,,,,,,,3.0,ArchangelsStaff,RedBuff,,,,,,,,,,,,,,,,,,1.0,TrainerSnax,None,None,,,,,,,,,,,,,3.0,,,,,,,,,,,,,,,,,,,,,,,
1,EUW1_5971439937,TFT6_Augment_MetabolicAccelerator,TFT7_Augment_DragonHorde,TFT6_Augment_Ascension,0.0,,1.0,1.0,,,2.0,,,0.0,1.0,,0.0,,,0.0,,,,,1.0,,,,2.0,,,2.0,,,,,,,,,1.0,ArchangelsStaff,HextechGunblade,Bloodthirster,,,,,,,,,2.0,ShimmerscaleGamblersBlade,StatikkShiv,,,,,,,,,,,,,,,,,,2.0,RedBuff,WarmogsArmor,GargoyleStoneplate,,,,,2.0,Bloodthirster,RapidFireCannon,TitansResolve,,,,,,,,,,,,,,,,,,,,,,,,,,,,,,,,,,,,,,,,,,,,,,,,,,,,,,,,,,,,,,,,,,,,,,,,,2.0,,,,2.0,StatikkShiv,MadredsBloodrazor,,,,,,,,,,,,,,,,,,,,,,,,,,,,,,,,,,,,,,,,,,,,,,,,,,,,,,,,,,,,,,,,,,,,None,None,,,,,,,,,,,,,,,,,,,,,,,,,,,,,,,,,,,,
4,EUW1_5971439937,TFT6_Augment_TrueTwos,TFT7_Augment_GadgetExpert,TFT6_Augment_PortableForge,1.0,,1.0,1.0,,2.0,,,,,4.0,,0.0,,,0.0,1.0,,,,,,,1.0,1.0,,0.0,,,,,,,,,,,,,,,,,,,,,,2.0,,,,,,,,,,,,,,,,,,,,,,,,,,,,,,,,,,,,,,,,,,,,2.0,SeraphsEmbrace,HextechGunblade,IonicSpark,,,,,,,,,,,,,,,,,,,,,,,,,,,,,,,,,,,,,,,,,,,,,,,,,,,,,,,,,1.0,ThiefsGloves,JeweledGauntlet,ArchangelsStaff,,,,,2.0,ThiefsGloves,LocketOfTheIronSolari,GuinsoosRageblade,,,,,2.0,,,,,,,,,,,,2.0,OrnnEternalWinter,,,,,,,,,,,,,,,,,,,,,,,,,,,,,,,2.0,StatikkShiv,CavalierEmblemItem,,,,,,,,,,,,None,None,,,,,2.0,Chalice,,,,,,,,,,,,,,,2.0,GuinsoosRageblade,MadredsBloodrazor,Quicksilver,,,,,,,,,,,,
6,EUW1_5971439937,TFT7_Augment_SwiftshotEmblem,TFT7_Augment_SwiftshotPressTheAttack,TFT6_Augment_SecondWind2,,1.0,,2.0,,,,,,,1.0,,,,,,0.0,0.0,,,,,,2.0,,,0.0,,,,,,,,,,,,,,,,,,,,,,,,,,,,,,,,,,,,,,,,,,,,,,,,,,,,,,,,,,,,,,,,,,,,,,,,,,3.0,ThiefsGloves,RapidFireCannon,SpearOfShojin,,,,,,,,,,,,,,,,,,,,,,,,,,,,,,,,,,,,,,,,,,,,,,,,,,,,,,,,,,,,,,,,,,,,,,,,,,,,,1.0,BrambleVest,,,,,,,2.0,SwiftshotEmblemItem,,,,,,,,,,,,,,,,,,,2.0,,,,,,,,,,,,,,,,,,None,None,,,,,2.0,,,,3.0,MadredsBloodrazor,GuinsoosRageblade,UnstableConcoction,,,,,,,,,2.0,ZekesHerald,LastWhisper,PowerGauntlet,,,,,,,,,,,,
3,EUW1_5971562840,TFT7_Augment_BruiserPersonalTraining,TFT7_Augment_BestFriends2,TFT7_Augment_BruiserTitanicStrength,,0.0,,3.0,,,1.0,,,,,0.0,0.0,0.0,,,0.0,,0.0,,,,1.0,,0.0,,1.0,2.0,,,,,,,,,,,,,,,,,,,,,,,,,,,,,,,,,,,,,,,,,,,,,,,,,2.0,MadredsBloodrazor,UnstableConcoction,Quicksilver,,,,,,,,,,,,,,,,,,,,,2.0,,,,,,,,,,,,,,,,,,,,,,,,,,,,,,,,,,,,,,,,,,,,,,,,2.0,ForceOfNature,StatikkShiv,,2.0,,,,,,,,,,,,,,,,,,,,,,,,,,,,2.0,GiantsBelt,,,,,,,,,,,,,,,1.0,,,,,,,,2.0,Redemption,HextechGunblade,,,,,,,,,,,,,,,,,,,,None,None,,,,,,,,,,,,,,,,,,,,,,,,,,,,,,,,,,,,
7,EUW1_5971562840,TFT6_Augment_CelestialBlessing2,TFT7_Augment_GuildGearUpgrades,TFT6_Augment_TomeOfTraits1,0.0,,1.0,1.0,,1.0,,,,,5.0,,0.0,0.0,,0.0,1.0,,,,,,,1.0,1.0,,0.0,,,,,,,,,,,,,,,,,,,,,,1.0,StatikkShiv,,,,,,,,,,,,,,,,,,,,,,,,,,,,,,,,,,,,,,,,,,,1.0,,,,,,,,,,,,,,,,,,,,,,,,,,,,,,,,,,,,,,,,,,,,,,,,,,,,,,,,,,,,2.0,,,,,,,,,,,,1.0,ArchangelsStaff,NegatronCloak,,2.0,ForceOfNature,,,,,,,,,,,2.0,,,,,,,,,,,,,,,,,,,,,,,,,,,,,,,,1.0,FrozenHeart,InfinityEdge,,,,,,,,,,,,None,None,,,,,2.0,TempestEmblemItem,,,,,,,,,,,,,,,2.0,MadredsBloodrazor,Quicksilver,GuinsoosRageblade,,,,,,,,,,,,
1,EUW1_5971562840,TFT6_Augment_SunfireBoard,TFT6_Augment_JeweledLotus,TFT6_Augment_CelestialBlessing2,,,,,,,1.0,1.0,,1.0,,2.0,,,0.0,0.0,,,,,,,,1.0,1.0,,,,,,,,,,,,,,,,2.0,,,,,,,,,,,,,,,,,,,,,,,,,,,,,,,,2.0,GuardianAngel,Deathblade,Bloodthirster,,,,,,,,,2.0,,,,,,,,,,,,,,,,,,,,,,,,3.0,SeraphsEmbrace,InfinityEdge,MadredsBloodrazor,,,,,2.0,,,,3.0,WarmogsArmor,WarmogsArmor,DragonsClaw,,,,,,,,,,,,,,,,,,,,,,,,,,,,,,,,,,,,,,,,,,,,,,,,,,,,,,,,,,,,,,,,,,,,,,,,,,,,,,,,,,,,,,,,,,,,,3.0,GargoyleStoneplate,,,,,,,,,None,None,,,,,,,,,,,,,,,,,,,,,,,,,,,,,,,,,,,,
4,EUW1_5971562840,TFT6_Augment_PortableForge,TFT6_Augment_BlueBattery2,TFT7_Augment_BruiserTitanicStrength,,,1.0,,1.0,,1.0,,1.0,1.0,1.0,,,,,1.0,,1.0,,,1.0,,,,,1.0,,0.0,,,,,,,,,,,,,,,,,,,,,1.0,,,,,,,,2.0,Deathblade,UnstableConcoction,UnstableConcoction,,,,,,,,,2.0,GargoyleStoneplate,OrnnEternalWinter,RedBuff,,,,,,,,,,,,,,,,,,,,,,,,,,,,,,,,,,,,,,,,,,,,,,,,,,,,,,,,,2.0,LastWhisper,,,,,,,,,,,,,,,,,,,,,,,,,,,,,,,,,,,,,,,,,,,,,,,,,,,,,,,,,,,,,,,2.0,ShimmerscaleGamblersBlade,SpearOfShojin,JeweledGauntlet,,,,,,,,,,,,,,,,,,,,,,,,,2.0,,,,3.0,TrainerSnax,None,None,2.0,Shroud,,,,,,,,,,,,,,,,,,,,,,,,,,,,,,,,,,
2,EUW1_5971562840,TFT7_Augment_UrfsGrabBag1,TFT7_Augment_BestFriends2,TFT7_Augment_AssassinCutthroat,2.0,,1.0,1.0,,,1.0,,,,2.0,0.0,,0.0,,0.0,,,,1.0,0.0,,,,,,,3.0,,,,,,,,,,,,,,,,,,,,,1.0,,,,,,,,,,,,,,,,,,,,,,,,,,,,2.0,Bloodthirster,AssassinEmblemItem,,2.0,UnstableConcoction,GuinsoosRageblade,AssassinEmblemItem,,,,,,,,,,,,,,,,,,,,,,,,,,,,,,,,,,,,,,,,,,,,,,,,,,,,,2.0,RedBuff,TitanicHydra,IonicSpark,,,,,,,,,,,,,,,,,2.0,SeraphsEmbrace,,,,,,,,,,,,,,,,,,,,,,,,,,,,,,,,,,,,,,,,,,,,,,,2.0,,,,,,,,2.0,FrozenHeart,ShimmerscaleEmblemItem,,,,,,,,,,,,None,None,,,,,,,,,,,,,,,,,,,,,,,,,,,,,,,,,,,,
6,EUW1_5971562840,TFT6_Augment_ThrillOfTheHunt2,TFT6_Augment_BlueBattery2,TFT6_Augment_CyberneticUplink2,,,,1.0,,,1.0,,1.0,,,,0.0,1.0,,0.0,,0.0,,,0.0,1.0,,,2.0,1.0,,0.0,,,,,,,,,1.0,SpearOfShojin,StatikkShiv,RabadonsDeathcap,,,,,,,,,,,,,,,,,,,,,,,,,,,,,,,,,,,,,,,,,,,,,,,,,,,,,,,,,2.0,,,,,,,,,,,,,,,,,,,,,,,,,,,,,,,,2.0,,,,,,,,,,,,,,,,,,,,,,,,1.0,BFSword,,,,,,,,,,,,,,,,,,,,,,,,,,,,,,,,,,,,,,,2.0,RabadonsDeathcap,,,,,,,,,,,2.0,WarmogsArmor,RedBuff,TitansResolve,,,,,,,,,,,,,,,,,3.0,TrainerSnax,None,None,,,,,,,,,,,,,,,,,,,,,,,,,,,,,,,,,1.0,RabadonsDeathcap,,
5,EUW1_5971562840,TFT7_Augment_MirageEmblem,TFT7_Augment_UrfsGrabBag1,TFT6_Augment_ComponentGrabBag,,,,,,2.0,1.0,,,0.0,1.0,0.0,,,4.0,,0.0,,,,,,1.0,,,,0.0,,,,,,,,,,,,,,,,,,,,,,,,,,,,,,,,,,,,,,2.0,StatikkShiv,SpearOfShojin,GuinsoosRageblade,,,,,,,,,,,,,,,,,,,,,,,,,2.0,RedBuff,MirageEmblemItem,,,,,,,,,,,,,,,,,,,,,,,,,,1.0,IonicSpark,,,,,,,,,,,,,,,,,,,,,,,2.0,Bloodthirster,Quicksilver,Redemption,,,,,,,,,,,,,,,,,,,,,2.0,MirageEmblemItem,,,,,,,,,,,,,,,,,,,,,,,,,,,1.0,MirageEmblemItem,,,,,,,,,,,,,,,,,,,,,,,,,,,,,None,None,,,,,,,,,,,,,,,,,,,,,,,,,,,,,2.0,PowerGauntlet,TitansResolve,,,,,
8,EUW1_5971562840,TFT7_Augment_GuildEmblem,TFT6_Augment_CelestialBlessing2,TFT6_Augment_PortableForge,1.0,,,1.0,,1.0,,,,,4.0,,0.0,,,,1.0,,,,,,,1.0,1.0,,0.0,,,,,,,,,,,,,,,,,,,,,,,,,,,,,,,,,,,,,,,,,,,,,,,,,,,,,,,,,,,,,,,,,,1.0,,,,,,,,,,,,,,,,,,,,,,,,,,,,,,,,,,,,,,,,,,,,,,,,,,,,,,,,,,,,2.0,RedBuff,OrnnRocketPropelledFist,DragonsClaw,,,,,1.0,,,,,,,,1.0,,,,,,,,,,,,2.0,ThiefsGloves,DragonsClaw,HextechGunblade,,,,,,,,,,,,,,,,,,,,,,,,,,,,,2.0,PowerGauntlet,RabadonsDeathcap,,,,,,,,,,,,None,None,,,,,2.0,PowerGauntlet,,,,,,,,,,,,,,,2.0,GuildEmblemItem,MadredsBloodrazor,GuinsoosRageblade,,,,,,,,,,,,
5,EUW1_5971950160,TFT7_Augment_MageTrait,TFT7_Augment_PandorasBench,TFT6_Augment_Meditation2,,1.0,,2.0,,,1.0,,,,,0.0,0.0,1.0,,0.0,,,,,,,1.0,,2.0,,,0.0,,,,,,,,,1.0,ArchangelsStaff,HextechGunblade,JeweledGauntlet,,,,,,,,,,,,,,,,,,,,,,,,,,,,,,,,,,,,,,,,,,,,,,,,,,,,,,,,,,,,,3.0,Zephyr,,,,,,,,,,,,,,,,,,,,,,,,,,,,,,,3.0,,,,,,,,,,,,,,,,,,,,1.0,,,,,,,,,,,,,,,,,,,,,,,,,,,,,,,,,,,,1.0,,,,,,,,1.0,,,,,,,,2.0,GargoyleStoneplate,IonicSpark,Quicksilver,,,,,,,,,,,,,,,,,,,None,None,,,,,,,,,,,,,,,,,,,,,,,,,,,,,,,,,,,,
7,EUW1_5971950160,TFT6_Augment_ThrillOfTheHunt1,TFT6_Augment_ComponentGrabBag,TFT6_Augment_TomeOfTraits1,,0.0,,1.0,,,1.0,,0.0,,,,0.0,1.0,,2.0,,,,,0.0,1.0,,,2.0,1.0,,0.0,,,,,,,,,1.0,SpearOfShojin,,,,,,,,,,,,,,,,,,,,,,,,,,,,,,,,,,,,,,,,,,,,,,,,,,,,,,,,,,,2.0,MysticEmblemItem,,,,,,,,,,,,,,,,,,,,,,,,,,,,,,,2.0,,,,2.0,,,,,,,,,,,,,,,,,,,,2.0,Quicksilver,TitanicHydra,,,,,,,,,,,,,,,,,,,,,,,,,,,,,,,,,,,,,,,,,,,,,,,,,,2.0,IonicSpark,GargoyleStoneplate,DragonsClaw,,,,,,,,,,,,,,,,,1.0,TrainerSnax,None,None,,,,,,,,,,,,,,,,,,,,,,,,,,,,,,,,,1.0,ThiefsGloves,ChainVest,BrambleVest
4,EUW1_5971950160,TFT6_Augment_Electrocharge1,TFT6_Augment_SecondWind2,TFT6_Augment_Diversify2,,,,0.0,1.0,,1.0,,1.0,1.0,,,0.0,,,0.0,,1.0,0.0,,1.0,,,,0.0,1.0,,,,,,,,,,,,,,,,,,,,,,,,,,,2.0,,,,2.0,RunaansHurricane,Deathblade,Bloodthirster,,,,,,,,,1.0,RedBuff,DragonsClaw,WarmogsArmor,,,,,,,,,,,,,,,,,,,,,,,,,,,,,,,,,,,,,,,,,,,,,,,,,,,,,,,,,2.0,,,,,,,,,,,,,,,,,,,,,,,,2.0,TitanicHydra,ShimmerscaleHeartOfGold,,,,,,,,,,,,,,,,,,,,,,,,,,,,,,,,,,,,,,1.0,NeedlesslyLargeRod,,,,,,,,,,,,,,,,,,,,,,,,,,,,,,,2.0,TrainerSnax,None,None,2.0,,,,,,,,,,,,,,,,,,,,,,,,,,,,,,,,,,,
6,EUW1_5971950160,TFT6_Augment_LudensEcho1,TFT6_Augment_SunfireBoard,TFT7_Augment_MageEmblem,,,1.0,0.0,,,,0.0,1.0,,2.0,,,2.0,0.0,1.0,,0.0,,,0.0,1.0,,,,1.0,0.0,0.0,,,,,,,,,,,,,,,,,,,,,1.0,,,,,,,,,,,,,,,,,,,,,,,,,,,,,,,,,,,,,,,,,,,,,,,,2.0,Shroud,,,,,,,,,,,,,,,,,,,,,,,,,,,,,,,2.0,,,,,,,,,,,,,,,,,,,,,,,,,,,,,,,,,,,,2.0,SpearOfShojin,JeweledGauntlet,,,,,,,,,,,,,,,,,,,,,,,,,,1.0,MageEmblemItem,,,,,,,,,,,1.0,TitansResolve,,,,,,,,,,,,,,,,,,,2.0,TrainerSnax,None,None,,,,,,,,,,,,,,,,,,,,,,,,,1.0,MageEmblemItem,IonicSpark,GuardianAngel,,,,,1.0,ThiefsGloves,InfinityEdge,MadredsBloodrazor
8,EUW1_5971950160,TFT6_Augment_CelestialBlessing1,TFT6_Augment_TargetDummies,TFT7_Augment_MikaelsGift,,1.0,,1.0,,,,,,,2.0,,,1.0,,0.0,,,,,,,,1.0,,,,0.0,,,,,,,,,,,,,,,,,,,,,,,,,,,,,,,,,,,,,,,,,,,,,,,,,,,,,,,,,,,,,,,,,,,,,,,,,2.0,RedBuff,WarmogsArmor,HextechGunblade,,,,,,,,,,,,,,,,,,,,,,,,,,,,,2.0,LocketOfTheIronSolari,StatikkShiv,TearOfTheGoddess,,,,,,,,,,,,,,,,,,,,,,,,,,,,,1.0,,,,,,,,,,,,,,,,,,,,,,,,,,,,,,,,,,,,,,,,1.0,,,,,,,,,,,,,,,,,,,,,,None,None,,,,,1.0,,,,3.0,UnstableConcoction,Deathblade,RunaansHurricane,,,,,,,,,,,,,,,,,,,,,,,,
1,EUW1_5971950160,TFT6_Augment_SecondWind1,TFT7_Augment_CannoneerHotShot,TFT6_Augment_ThrillOfTheHunt2,,,1.0,,2.0,,1.0,,1.0,1.0,1.0,,,,,1.0,,2.0,,,1.0,,,,,1.0,,0.0,,,,,,,,,,,,,,,,,,,,,1.0,,,,,,,,2.0,MadredsBloodrazor,InfinityEdge,LastWhisper,,,,,,,,,2.0,WarmogsArmor,GargoyleStoneplate,DragonsClaw,,,,,,,,,,,,,,,,,,,,,,,,,,,,,,,,,2.0,,,,,,,,,,,,,,,,,,,,,,,,2.0,Chalice,,,,,,,,,,,,,,,,,,,,,,,,,,,,,,,,,,,,,,,,,,,,,,,,,,,,,,,,,,,,,,,2.0,SeraphsEmbrace,ShimmerscaleHeartOfGold,JeweledGauntlet,,,,,,,,,,,,,,,,,,,,,,,,,1.0,,,,4.0,TrainerSnax,None,None,2.0,,,,,,,,,,,,,,,,,,,,,,,,,,,,,,,,,,,
3,EUW1_5971950160,TFT6_Augment_CelestialBlessing1,TFT6_Augment_SecondWind2,TFT6_Augment_CyberneticUplink2,,1.0,,1.0,,,,,,,2.0,,,2.0,,0.0,,,,,,,,1.0,,,,0.0,,,,,,,,,,,,,,,,,,,,,,,,,,,,,,,,,,,,,,,,,,,,,,,,,,,,,,,,,,,,,,,,,,,,,,,,,2.0,MageEmblemItem,,,,,,,,,,,,,,,,,,,,,,,,,,,,,,,2.0,PowerGauntlet,,,,,,,,,,,,,,,,,,,,,,,,,,,,,,,2.0,HextechGunblade,,,,,,,,,,,,,,,,,,,,,,,,,,,,,,,,,,,,,,,2.0,RedBuff,GargoyleStoneplate,,,,,,,,,,,,,,,,,,,,None,None,,,,,2.0,,,,3.0,Deathblade,GuinsoosRageblade,RunaansHurricane,2.0,NegatronCloak,,,,,,,,,,,,,,,,,,,,,,
2,EUW1_5971950160,TFT7_Augment_CannoneerTrait,TFT6_Augment_Ascension,TFT7_Augment_BestFriends2,,,,1.0,2.0,,1.0,0.0,1.0,,,,,0.0,0.0,0.0,,1.0,,,,,,,,1.0,0.0,2.0,,,,,,,,,,,,,,,,,,,,,,,,,,,,,2.0,MadredsBloodrazor,Deathblade,Deathblade,,,,,,,,,,,,,,,,,2.0,RedBuff,Redemption,UnstableConcoction,,,,,,,,,,,,,,,,,,,,,,,,,,,,,,,,,,,,,,,,,,,,,,,,,2.0,,,,,,,,,,,,,,,,,,,,,,,,,,,,,,,,,,,,,,,,,,,,,,,,,,,,,,,,,,,,,,,,2.0,,,,,,,,,,,,2.0,ThiefsGloves,NeedlesslyLargeRod,JeweledGauntlet,,,,,,,,,,,,,,,,,3.0,TrainerSnax,None,None,2.0,,,,,,,,,,,,,,,,,,,,,,,,1.0,IonicSpark,IonicSpark,,,,,,,,,
4,EUW1_5972682153,TFT7_Augment_MageTrait,TFT7_Augment_UrfsGrabBag2,TFT6_Augment_CyberneticUplink1,,1.0,,1.0,,0.0,,,,,1.0,,,4.0,,0.0,,,0.0,,0.0,1.0,,,,0.0,,0.0,,,,,,,,,,,,,,,,,,,,,,,,,,,,,,,,,,,,,,,,,,,,,,,,,,,,,,,,,,,,,,,,,,,,,1.0,,,,2.0,MageEmblemItem,,,,,,,,,,,,,,,,,,,,,,,2.0,ThiefsGloves,StatikkShiv,RabadonsDeathcap,,,,,3.0,RecurveBow,,,,,,,,,,,,,,,,,,,,,,,,,,,,,,,2.0,RabadonsDeathcap,ArchangelsStaff,SpearOfShojin,,,,,,,,,,,,,,,,,,,,,,,,,,,,,,,,,,,,,2.0,WarmogsArmor,GargoyleStoneplate,FrozenHeart,,,,,,,,,,,,,,,,,,,None,None,,,,,,,,,,,,,2.0,GiantsBelt,,,,,,,,,,,,,,,,,,,1.0,NeedlesslyLargeRod,Quicksilver,
6,EUW1_5972682153,TFT6_Augment_CyberneticImplants1,TFT7_Augment_CavalierEmblem2,TFT6_Augment_PandorasItems,1.0,,,1.0,,3.0,,,,0.0,2.0,,,0.0,,,0.0,,2.0,,,,,,,,1.0,,,,,,,,,,,,,,,,,,,,,,,,,,2.0,CavalierEmblemItem,GargoyleStoneplate,,,,,,2.0,InfinityEdge,FrozenHeart,RedBuff,,,,,,,,,,,,,,,,,,,,,,,,,,,,,,,,,,,,,,,,,,,,,,,,,,,,,,,,,,,,,2.0,,,,,,,,,,,,,,,,,,,,,,,,3.0,RunaansHurricane,Quicksilver,InfinityEdge,,,,,,,,,,,,,,,,,2.0,,,,,,,,,,,,2.0,,,,,,,,,,,,,,,,,,,,,,,,,,,,,,,,2.0,CavalierEmblemItem,StatikkShiv,InfinityEdge,,,,,,,,,,,None,None,,,,,,,,,,,,,,,,,,,,,,,,,,,,,,,,,,,,
3,EUW1_5972682153,TFT7_Augment_TempestTrait,TFT6_Augment_Twins3,TFT6_Augment_FirstAidKit,,,,,,,1.0,1.0,,1.0,,2.0,,,0.0,0.0,,,,,,,,0.0,1.0,,,,,,,,,,,,,,,,2.0,,,,,,,,,,,,,,,,,,,,,,,,,,,,,,,,2.0,Deathblade,GuinsoosRageblade,LastWhisper,,,,,,,,,,,,,,,,,,,,,,,,,,,,,,,,,2.0,JeweledGauntlet,SeraphsEmbrace,UnstableConcoction,,,,,2.0,,,,3.0,TitanicHydra,RedBuff,DragonsClaw,,,,,,,,,,,,,,,,,,,,,,,,,,,,,,,,,,,,,,,,,,,,,,,,,,,,,,,,,,,,,,,,,,,,,,,,,,,,,,,,,,,,,,,,,,,,,2.0,,,,,,,,,,None,None,,,,,,,,,,,,,,,,,,,,,,,,,,,,,,,,,,,,
7,EUW1_5972682153,TFT7_Augment_GuildTrait,TFT7_Augment_BestFriends3,TFT7_Augment_BestFriends1,1.0,,,1.0,,1.0,,,,,5.0,,0.0,,,,1.0,,,,,,,1.0,1.0,,0.0,,,,,,,,,,,,,,,,,,,,,,,,,,,,,,,,,,,,,,,,,,,,,,,,,,,,,,,,,,,,,,,,,,2.0,,,,,,,,,,,,,,,,,,,,,,,,,,,,,,,,,,,,,,,,,,,,,,,,,,,,,,,,,,,,2.0,GargoyleStoneplate,PowerGauntlet,RedBuff,,,,,2.0,FrozenHeart,,,,,,,1.0,,,,,,,,,,,,2.0,,,,,,,,,,,,,,,,,,,,,,,,,,,,,,,,1.0,ThiefsGloves,JeweledGauntlet,SeraphsEmbrace,,,,,,,,,,,None,None,,,,,2.0,,,,,,,,,,,,,,,,2.0,Quicksilver,MadredsBloodrazor,GuildEmblemItem,,,,,,,,,,,,
5,EUW1_5972682153,TFT7_Augment_ShapeshifterTrait,TFT7_Augment_ShapeshifterTrait2,TFT7_Augment_BestFriends1,,0.0,1.0,1.0,,,1.0,,,,1.0,0.0,0.0,0.0,,0.0,1.0,,,3.0,,,,,0.0,,,1.0,,,,,,,,,,,,,,,,,,,,,1.0,StatikkShiv,,,,,,,,,,,,,,,,,,,,,,,,,,,,,,,3.0,TitansResolve,Bloodthirster,RapidFireCannon,,,,,,,,,,,,,,,,,,,,,,,,,,,,,,,,,,,,,,,,,,,,,,,,,,,,,1.0,,,,3.0,Quicksilver,GuinsoosRageblade,Deathblade,,,,,,,,,2.0,BFSword,,,,,,,,,,,,,,,,,,,,,,,,,,,,,,,1.0,WarmogsArmor,RedBuff,,,,,,,,,,,,,,,,,,2.0,,,,,,,,,,,,,,,,,,,,,,None,None,,,,,,,,,,,,,,,,,,,,,,,,,,,,,,,,,,,,
2,EUW1_5972682153,TFT6_Augment_PandorasItems,TFT6_Augment_Diversify3,TFT6_Augment_SecondWind1,0.0,1.0,,1.0,,,,,0.0,,1.0,,,1.0,,1.0,,,,,,,,1.0,,1.0,,1.0,,,,,,,,,,,,,,,,,,,,,,,,,,,,,,,,,,,,,,,,,,,,,,,,,,,,,,,,,,,,,,,,,,,,,2.0,Shroud,,,3.0,Zephyr,,,,,,,,,,,,,,,,,,,,,,,,,,,2.0,,,,3.0,,,,,,,,,,,,,,,,,,,,,,,,2.0,ZekesHerald,Quicksilver,Chalice,,,,,,,,,,,,,,,,,,,,,,,,,,,,,,,,,,,,,,,,,,,,,2.0,RedBuff,GargoyleStoneplate,IonicSpark,,,,,,,,,,,,,,,,,4.0,TrainerSnax,None,None,,,,,2.0,,,,3.0,Deathblade,RunaansHurricane,GuinsoosRageblade,,,,,,,,,,,,,,,,,,,,,,,,
1,EUW1_5972682153,TFT6_Augment_Electrocharge1,TFT6_Augment_CelestialBlessing3,TFT6_Augment_SecondWind1,,,1.0,,,,1.0,0.0,0.0,,1.0,1.0,,0.0,0.0,1.0,1.0,,,2.0,0.0,1.0,1.0,,,0.0,0.0,,,,,,,,,,,,,,,,,,,,,,1.0,,,,,,,,,,,,,,,,,,,,,,,,,,,,,,,,,,,,,,,,2.0,GargoyleStoneplate,,,,,,,,,,,,,,,,,,,,,,,,,,,,,,,,,,,,,,,2.0,,,,,,,,2.0,DragonsClaw,RedBuff,GargoyleStoneplate,,,,,,,,,,,,,,,,,,,,,,,,,,,,,,,,,,,,,,,,,,,,,2.0,ThiefsGloves,Bloodthirster,UnstableConcoction,,,,,,,,,2.0,ArchangelsStaff,TitansResolve,,2.0,,,,,,,,,,,,,,,,,,,,,,,,,,None,None,,,,,,,,,,,,,,,,,,,,,,,,,2.0,TitansResolve,UnstableConcoction,MadredsBloodrazor,,,,,2.0,ForceOfNature,,
8,EUW1_5972682153,TFT6_Augment_ThrillOfTheHunt1,TFT6_Augment_BinaryAirdrop,TFT7_Augment_BestFriends1,1.0,,,1.0,,0.0,,,,,2.0,,0.0,,,,1.0,,,,0.0,,,1.0,1.0,,0.0,,,,,,,,,,,,,,,,,,,,,,,,,,,,,,,,,,,,,,,,,,,,,,,,,,,,,,,,,,,,,,,,,,2.0,,,,,,,,,,,,,,,,,,,,2.0,UnstableConcoction,InfinityEdge,GuardianAngel,,,,,,,,,,,,,,,,,,,,,,,,,,,,,,,,,,,,,1.0,GiantsBelt,DragonsClaw,,,,,,2.0,,,,,,,,,,,,,,,,,,,,2.0,,,,,,,,,,,,,,,,,,,,,,,,,,,,,,,,1.0,,,,,,,,,,,,,,None,None,,,,,1.0,,,,,,,,,,,,,,,,1.0,GuinsoosRageblade,Quicksilver,UnstableConcoction,,,,,,,,,,,,
3,EUW1_5971044074,TFT6_Augment_PortableForge,TFT7_Augment_UrfsGrabBag1,TFT7_Augment_BestFriends2,0.0,,,1.0,,0.0,1.0,,,1.0,2.0,,0.0,,,,1.0,,,,1.0,,,1.0,0.0,,0.0,0.0,,,,,,,,,,,,,,,,,,,,,,,,,,,,,,,,,,,,,,,,,2.0,RedBuff,WarmogsArmor,Quicksilver,,,,,,,,,,,,,,,,,,,,,2.0,,,,,,,,,,,,,,,,,,,,,,,,,,,,,,,,,,,,,,,,,,,,,,,,,,,,,,,,,,,,1.0,,,,,,,,,,,,,,,,,,,,,,,,,,,,1.0,ZekesHerald,TitanicHydra,,,,,,,,,,,,,,,,,,,,,,,,,,,,,,1.0,OrnnInfinityForce,FrozenHeart,,,,,,2.0,,,,,,None,None,,,,,1.0,StatikkShiv,,,,,,,,,,,,,,,2.0,ShimmerscaleDravensAxe,Deathblade,GuinsoosRageblade,,,,,,,,,,,,
4,EUW1_5971044074,TFT6_Augment_SecondWind2,TFT6_Augment_PortableForge,TFT7_Augment_SwiftshotPressTheAttack,1.0,,,1.0,,1.0,,,,,3.0,,0.0,,,,1.0,,,,,,,1.0,1.0,,0.0,,,,,,,,,,,,,,,,,,,,,,,,,,,,,,,,,,,,,,,,,,,,,,,,,,,,,,,,,,,,,,,,,,1.0,RapidFireCannon,,,,,,,,,,,,,,,,,,,,,,,,,,,,,,,,,,,,,,,,,,,,,,,,,,,,,,,,,,,2.0,ThiefsGloves,ArchangelsStaff,Morellonomicon,,,,,2.0,,,,,,,,2.0,,,,,,,,,,,,2.0,,,,,,,,,,,,,,,,,,,,,,,,,,,,,,,,2.0,RedBuff,FrozenHeart,RunaansHurricane,,,,,,,,,,,None,None,,,,,2.0,Zephyr,,,,,,,,,,,,,,,2.0,OrnnTheCollector,Quicksilver,GuinsoosRageblade,,,,,,,,,,,,
1,EUW1_5971044074,TFT6_Augment_HyperRoll,TFT7_Augment_GadgetExpert,TFT6_Augment_CyberneticShell2,0.0,0.0,,,,,1.0,0.0,0.0,,,1.0,,,,1.0,1.0,,,3.0,,,1.0,,,0.0,,1.0,,,,,,,,,,,,,,,,,,,,,,,,,,,,,,,,,,,,,,,,,,,,,,,,,,,,,2.0,StatikkShiv,ZekesHerald,,,,,,1.0,SparringGloves,,,,,,,,,,,,,,,,,,,,,,,,,,,,,,,,,,,,,,,2.0,ForceOfNature,,,,,,,2.0,RedBuff,GargoyleStoneplate,,3.0,UnstableConcoction,RunaansHurricane,Deathblade,,,,,,,,,,,,,2.0,JadeEmblemItem,,,,,,,,,,,,,,,,,,,,,,,,,,,2.0,DragonsClaw,MysticEmblemItem,RabadonsDeathcap,,,,,,,,,1.0,,,,2.0,NeedlesslyLargeRod,,,,,,,,,,,,,,,,,,,,,,,,,None,None,,,,,,,,,,,,,,,,,,,,,,,,,,,,,,,,,,,,
8,EUW1_5971044074,TFT7_Augment_ShimmerscaleTrait,TFT7_Augment_BestFriends2,TFT6_Augment_ThrillOfTheHunt2,0.0,,,,,,1.0,0.0,,0.0,,,0.0,,,,1.0,,,,3.0,,,0.0,,,0.0,,2.0,,,,,,,,,,,,,,,,,,,,,,,,,,,,,,,,,,,,,,,,1.0,RedBuff,ShimmerscaleMogulsMail,ShimmerscaleHeartOfGold,,,,,,,,,,,,,,,,,,,,,,,,,,,,,,,,,,,,,,,,,2.0,MadredsBloodrazor,,,,,,,,,,,,,,,,,,,,,,,,,,,,,,,,,,,,,,,,,,,,,,,,,,,,,,,,,,,,,,,2.0,ShimmerscaleDeterminedInvestor,,,,,,,,,,,,,,,,,,,,,,,,,,,,,,,,,,,,,,,,,,,,,,,,,None,None,,,,,,,,,,,,,,,,,2.0,,,,1.0,GuinsoosRageblade,ShimmerscaleDravensAxe,Quicksilver,,,,,,,,,,,,
6,EUW1_5971044074,TFT7_Augment_AstralIntercosmicGifts,TFT6_Augment_Meditation2,TFT6_Augment_CelestialBlessing2,,1.0,,1.0,,,,,0.0,,1.0,,,1.0,,1.0,,,,,,,,1.0,,1.0,,0.0,,,,,,,,,,,,,,,,,,,,,,,,,,,,,,,,,,,,,,,,,,,,,,,,,,,,,,,,,,,,,,,,,,,,,2.0,,,,3.0,GargoyleStoneplate,GargoyleStoneplate,,,,,,,,,,,,,,,,,,,,,,,,,,2.0,,,,3.0,,,,,,,,,,,,,,,,,,,,,,,,,,,,,,,,,,,,,,,,,,,,,,,,,,,,,,,,,,,,,,,,,,,,,,,,2.0,WarmogsArmor,TitansResolve,IonicSpark,,,,,,,,,,,,,,,,,1.0,TrainerSnax,None,None,,,,,2.0,ZekesHerald,,,3.0,Deathblade,GuinsoosRageblade,RunaansHurricane,,,,,,,,,,,,,,,,,,,,,,,,
7,EUW1_5971044074,TFT6_Augment_RichGetRicher,TFT6_Augment_CyberneticUplink2,TFT7_Augment_MirageEmblem,,,,,,3.0,1.0,0.0,,,1.0,,,0.0,4.0,,0.0,,0.0,,,,,,,,1.0,,,,,,,,,,,,,,,,,,,,,,,,,,,,,,,,,,,,,,1.0,StatikkShiv,MadredsBloodrazor,GuinsoosRageblade,,,,,,,,,,,,,,,,,,,,,,,,,2.0,MirageEmblemItem,,,,,,,,,,,,,,,,,,,,,,,,,,,,,,,1.0,MirageEmblemItem,,,,,,,,,,,,,,,,,,,2.0,NegatronCloak,,,,,,,,,,,,,,,,,,,,,,,2.0,Zephyr,,,,,,,,,,,,,,,,,,,,,,,,,,,,,,,,,,,,,,,,,,,,,,,,,,,,,,,,,None,None,,,,,,,,,,,,,,,,,,,,,,,,,1.0,Bloodthirster,MadredsBloodrazor,UnstableConcoction,1.0,,,,,,,
5,EUW1_5971044074,TFT7_Augment_GadgetExpert,TFT7_Augment_PandorasBench,TFT6_Augment_CyberneticImplants2,,,,,1.0,,1.0,,1.0,1.0,,0.0,,,,0.0,,1.0,,0.0,1.0,,,,,1.0,,0.0,,,,,,,,,,,,,,,,,,,,,,,,,,,,,3.0,ShimmerscaleDravensAxe,Deathblade,GuinsoosRageblade,,,,,,,,,2.0,DragonsClaw,RedBuff,GargoyleStoneplate,,,,,,,,,,,,,,,,,,,,,,,,,,,,,,,,,,,,,,,,,,,,,,,,,,,,,,,,,2.0,,,,,,,,2.0,RedBuff,,,,,,,,,,,,,,,,,,,,,,,,,,,,,,,,,,,,,,,,,,,,,,,,,,,,,,,2.0,SpearOfShojin,,,,,,,,,,,,,,,,,,,,,,,,,,,1.0,ThiefsGloves,BFSword,LastWhisper,4.0,TrainerSnax,None,None,2.0,Shroud,StatikkShiv,,,,,,,,,,,,,,,,,,,,,,,,,,,,,,,,,
2,EUW1_5971044074,TFT7_Augment_UrfsGrabBag1,TFT6_Augment_Diversify2,TFT7_Augment_BigFriend2,2.0,,,2.0,,,,,,,1.0,,0.0,0.0,,,0.0,,1.0,,,,,,1.0,,1.0,0.0,,,,,,,,,,,,,,,,,,,,,,,,,,,,,,,,,3.0,InfinityEdge,ZekesHerald,FrozenHeart,,,,,,,,,,,,,,,,,,,,,,,,,,,,,,,,,,,,,,,,,,,,,,,,,,,,,,,,,,,,,,,,,,,,,,,,,,,,,,,,,,,,,3.0,RunaansHurricane,AssassinEmblemItem,InfinityEdge,2.0,WarmogsArmor,GargoyleStoneplate,Redemption,,,,,2.0,,,,,,,,,,,,,,,,,,,,2.0,,,,,,,,,,,,,,,,,,,,,,,,2.0,,,,,,,,2.0,RunaansHurricane,GuardianAngel,SpearOfShojin,,,,,,,,,,,None,None,,,,,,,,,,,,,,,,,,,,,,,,,,,,,,,,,,,,
1,EUW1_5970823995,TFT6_Augment_JeweledLotus,TFT7_Augment_BandOfThieves1,TFT7_Augment_JadeEternalProtection,,,1.0,,,,1.0,,1.0,,1.0,2.0,0.0,,,2.0,,,,1.0,,,,,,0.0,,,,,,,3.0,GuinsoosRageblade,ArchangelsStaff,Morellonomicon,,,,,,,,,,,,,2.0,Zephyr,,,,,,,,,,,,,,,,,,,,,,,2.0,ThiefsGloves,SeraphsEmbrace,RabadonsDeathcap,,,,,,,,,,,,,2.0,,,,,,,,,,,,,,,,,,,,,,,,,,,,,,,,,,,,,,,,2.0,,,,,,,,2.0,RabadonsDeathcap,Redemption,RabadonsDeathcap,,,,,,,,,,,,,,,,,,,,,,,,,,,,,,,,,,,,,,,,,,,,,,,,,,,,,,,,,,,,,,,,,,,,,,,,,,,,,,,,,,,,,,,None,None,,,,,,,,,,,,,,,,,,,,,,,,,,,,,,,,,,,,
2,EUW1_5970823995,TFT7_Augment_UrfsGrabBag1,TFT6_Augment_Distancing,TFT6_Augment_CyberneticImplants2,2.0,,,1.0,,0.0,,,,0.0,1.0,,,0.0,,,0.0,,2.0,,,,,,0.0,,1.0,,,,,,,,,,,,,,,,,,,,,,,,,,2.0,WarmogsArmor,,,,,,,2.0,IonicSpark,JeweledGauntlet,Morellonomicon,,,,,,,,,,,,,,,,,,,,,,,,,,,,,,,,,,,,,,,,,,,,,,,,,,,,,,,,,,,,,2.0,StatikkShiv,,,,,,,,,,,,,,,,,,,,,,,3.0,AssassinEmblemItem,InfinityEdge,RunaansHurricane,,,,,,,,,2.0,SeraphsEmbrace,,,,,,,,,,,,,,,,,,,2.0,TearOfTheGoddess,,,,,,,,,,,,,,,,,,,,,,,,,,,,,,,2.0,NegatronCloak,,,,,,,,,,,,,None,None,,,,,,,,,,,,,,,,,,,,,,,,,,,,,,,,,,,,
8,EUW1_5970823995,TFT6_Augment_Meditation2,TFT6_Augment_Weakspot,TFT6_Augment_FuturePeepers,,1.0,,1.0,,,,0.0,0.0,,,0.0,,0.0,,1.0,,,,,,,,1.0,,0.0,,0.0,,,,,,,,,,,,,1.0,,,,,,,,,,,,,,,,,,,,,,,,,,,,,,,,,,,,,,,,,,,,,,,,,,,,,,,,,,,,2.0,Zephyr,IonicSpark,Shroud,,,,,,,,,,,,,,,,,,,,,,,,,2.0,,,,3.0,,,,,,,,,,,,,,,,,,,,,,,,,,,,,,,,,,,,,,,,,,,,,,,,,,,,,,,,,,,,,,,,,,,,,,,,1.0,,,,,,,,,,,,,,,,,,,,,,None,None,,,,,,,,,3.0,RunaansHurricane,BFSword,,,,,,,,,,,,,,,,,,,,,,,,,
5,EUW1_5970823995,TFT7_Augment_CannoneerEmblem,TFT6_Augment_Diversify1,TFT6_Augment_SecondWind2,,,,1.0,2.0,,1.0,,1.0,,,,,0.0,,0.0,,1.0,,,,,,,,1.0,,2.0,,,,,,,,,,,,,,,,,,,,,,,,,,,,,2.0,GuinsoosRageblade,InfinityEdge,UnstableConcoction,,,,,,,,,,,,,,,,,2.0,Redemption,RedBuff,Zephyr,,,,,,,,,,,,,,,,,,,,,,,,,,,,,,,,,,,,,,,,,,,,,,,,,2.0,CannoneerEmblemItem,,,,,,,,,,,,,,,,,,,,,,,,,,,,,,,,,,,,,,,,,,,,,,,,,,,,,,,,,,,,,,,2.0,Zephyr,,,,,,,,,,,2.0,ThiefsGloves,BFSword,Bloodthirster,,,,,,,,,,,,,,,,,2.0,TrainerSnax,None,None,2.0,BFSword,,,,,,,,,,,,,,,,,,,,,,,,,,,,,,,,,,
7,EUW1_5970823995,TFT6_Augment_SalvageBin,TFT6_Augment_CelestialBlessing1,TFT7_Augment_CannoneerHotShot,,,,,2.0,,1.0,,1.0,1.0,,,,,,0.0,,2.0,,,1.0,,,,,1.0,,0.0,,,,,,,,,,,,,,,,,,,,,,,,,,,,,2.0,MadredsBloodrazor,GuinsoosRageblade,UnstableConcoction,,,,,,,,,2.0,ShimmerscaleDeterminedInvestor,GargoyleStoneplate,IonicSpark,,,,,,,,,,,,,,,,,,,,,,,,,,,,,,,,,2.0,,,,,,,,,,,,,,,,,,,,,,,,1.0,,,,,,,,,,,,,,,,,,,,,,,,,,,,,,,,,,,,,,,,,,,,,,,,,,,,,,,,,,,,,,,,2.0,LocketOfTheIronSolari,,,,,,,,,,,,,,,,,,,,,,,,,,,2.0,TitanicHydra,,,1.0,TrainerSnax,None,None,2.0,,,,,,,,,,,,,,,,,,,,,,,,,,,,,,,,,,,
6,EUW1_5970823995,TFT6_Augment_RichGetRicher,TFT6_Augment_Distancing,TFT6_Augment_SecondWind2,1.0,,1.0,1.0,,0.0,,,,,3.0,,0.0,,,0.0,1.0,,,,,,,1.0,1.0,,0.0,,,,,,,,,,,,,,,,,,,,,,1.0,,,,,,,,,,,,,,,,,,,,,,,,,,,,,,,,,,,,,,,,,,,,2.0,GargoyleStoneplate,Morellonomicon,,,,,,,,,,,,,,,,,,,,,,,,,,,,,,,,,,,,,,,,,,,,,,,,,,,,,,,,,,2.0,,,,,,,,2.0,,,,,,,,,,,,,,,,,,,,2.0,,,,,,,,,,,,,,,,,,,,,,,,,,,,,,,,2.0,Quicksilver,InfinityEdge,TitansResolve,,,,,,,,,,,None,None,,,,,2.0,,,,,,,,,,,,,,,,1.0,GuinsoosRageblade,Quicksilver,MadredsBloodrazor,,,,,,,,,,,,
3,EUW1_5970823995,TFT6_Augment_SunfireBoard,TFT7_Augment_BruiserTrait,TFT7_Augment_SwiftshotPressTheAttack,1.0,,,1.0,,1.0,,,,,3.0,,0.0,,,,1.0,,,,,,,1.0,1.0,,0.0,,,,,,,,,,,,,,,,,,,,,,,,,,,,,,,,,,,,,,,,,,,,,,,,,,,,,,,,,,,,,,,,,,2.0,WarmogsArmor,SpearOfShojin,,,,,,,,,,,,,,,,,,,,,,,,,,,,,,,,,,,,,,,,,,,,,,,,,,,,,,,,,,2.0,,,,,,,,1.0,LocketOfTheIronSolari,,,,,,,2.0,,,,,,,,,,,,2.0,,,,,,,,,,,,,,,,,,,,,,,,,,,,,,,,2.0,HextechGunblade,RunaansHurricane,GuinsoosRageblade,,,,,,,,,,,None,None,,,,,2.0,,,,,,,,,,,,,,,,2.0,GuinsoosRageblade,Quicksilver,MadredsBloodrazor,,,,,,,,,,,,
4,EUW1_5970823995,TFT6_Augment_JeweledLotus,TFT7_Augment_BandOfThieves1,TFT6_Augment_TargetDummies,,1.0,,1.0,,,1.0,,1.0,,,0.0,0.0,1.0,,1.0,,,,,0.0,1.0,1.0,,0.0,1.0,,0.0,,,,,,,,,,,,,,,,,2.0,SpearOfShojin,ArchangelsStaff,MadredsBloodrazor,,,,,,,,,,,,,,,,,,,,,,,,,,,,,,,,,,,,,,,,,,,,,,,,,2.0,,,,,,,,,,,,,,,,,,,,,,,,,,,,,,,,2.0,,,,3.0,ThiefsGloves,JeweledGauntlet,SeraphsEmbrace,,,,,,,,,,,,,,,,,1.0,,,,,,,,,,,,,,,,,,,,,,,,,,,,,,,,,,,,,,,,,,,,1.0,,,,,,,,2.0,GargoyleStoneplate,GargoyleStoneplate,GargoyleStoneplate,,,,,,,,,,,,,,,,,3.0,TrainerSnax,None,None,,,,,,,,,,,,,,,,,,,,,,,,,,,,,,,,,1.0,Shroud,Morellonomicon,
3,EUW1_5973109192,TFT6_Augment_MetabolicAccelerator,TFT6_Augment_TriForce2,TFT6_Augment_Ascension,,1.0,,1.0,,,,,1.0,,1.0,,,1.0,,1.0,,0.0,,,,,,1.0,,1.0,,0.0,,,,,,,,,,,,,,,,,,,,,,,,,,,,,,,,,,,,,,,,,,,,,,,,,,,,,,,,,,,,,,,,,,,,,2.0,,,,3.0,ThiefsGloves,RunaansHurricane,SeraphsEmbrace,,,,,,,,,,,,,,,,,,,,,,,,,2.0,ThiefsGloves,SeraphsEmbrace,ArchangelsStaff,3.0,Bloodthirster,ZekesHerald,,,,,,,,,,,,,,,,,,,,,,,,,,,,,,,,,,,,,,,,,,,,,,,,,,,,,,,,,,2.0,,,,,,,,,,,,2.0,FrozenHeart,BrambleVest,RedBuff,,,,,,,,,,,,,,,,,3.0,TrainerSnax,None,None,,,,,2.0,,,,3.0,GuinsoosRageblade,MadredsBloodrazor,GuinsoosRageblade,,,,,,,,,,,,,,,,,,,,,,,,
6,EUW1_5973109192,TFT7_Augment_MikaelsGift,TFT7_Augment_GadgetExpert,TFT6_Augment_TomeOfTraits1,,,1.0,,1.0,,1.0,,1.0,1.0,1.0,,,,,2.0,,1.0,,,1.0,,,,,1.0,,0.0,,,,,,,,,,,,,,,,,,,,,1.0,,,,,,,,2.0,GuinsoosRageblade,StatikkShiv,UnstableConcoction,,,,,,,,,2.0,WarmogsArmor,RedBuff,WarmogsArmor,,,,,,,,,,,,,,,,,,,,,,,,,,,,,,,,,,,,,,,,,,,,,,,,,,,,,,,,,2.0,ShimmerscaleGoldmancersStaff,,,,,,,,,,,,,,,,,,,,,,,,,,,,,,,,,,,,,,,,,,,,,,,,,,,,,,,,,,,,,,,2.0,LocketOfTheIronSolari,ZekesHerald,SpearOfShojin,,,,,,,,,,,,,,,,,,,,,,,,,2.0,MysticEmblemItem,,,3.0,TrainerSnax,None,None,1.0,MadredsBloodrazor,,,,,,,,,,,,,,,,,,,,,,,,,,,,,,,,,,
7,EUW1_5973109192,TFT7_Augment_DragonmancerInspire,TFT6_Augment_Ascension,TFT6_Augment_CelestialBlessing2,,,,,,,1.0,1.0,,,,2.0,,,,0.0,1.0,,,1.0,,,,1.0,,,,,,,,,,,,,,,,,2.0,,,,,,,,,,,,,,,,,,,,,,,,,,,,,,,,1.0,Bloodthirster,,,,,,,,,,,,,,,2.0,,,,,,,,,,,,,,,,,,,,,,,,,,,,,,,,,,,,,,,,,,,,,,,,2.0,RedBuff,GargoyleStoneplate,,,,,,,,,,,,,,,,,,,,,,,,,,,,,,,,,,,,,,1.0,,,,,,,,,,,,,,,,,,,,,,,,2.0,StatikkShiv,Quicksilver,GuinsoosRageblade,,,,,,,,,,,,,,,,,,,,,,,None,None,,,,,,,,,,,,,,,,,,,,,2.0,StatikkShiv,,,,,,,,,,,,,,
5,EUW1_5973109192,TFT6_Augment_CyberneticShell2,TFT6_Augment_Ascension,TFT6_Augment_ComponentGrabBag,,,1.0,,1.0,,1.0,,1.0,1.0,1.0,,,,,1.0,,1.0,,,1.0,,,,,1.0,,0.0,,,,,,,,,,,,,,,,,,,,,1.0,Redemption,,,,,,,2.0,InfinityEdge,GuinsoosRageblade,MadredsBloodrazor,,,,,,,,,1.0,BrambleVest,GargoyleStoneplate,DragonsClaw,,,,,,,,,,,,,,,,,,,,,,,,,,,,,,,,,,,,,,,,,,,,,,,,,,,,,,,,,2.0,ThiefsGloves,RedBuff,GargoyleStoneplate,,,,,,,,,,,,,,,,,,,,,,,,,,,,,,,,,,,,,,,,,,,,,,,,,,,,,,,,,,,,,2.0,RabadonsDeathcap,Chalice,,,,,,,,,,,,,,,,,,,,,,,,,,1.0,ChainVest,,,3.0,TrainerSnax,None,None,2.0,ShimmerscaleGoldmancersStaff,,,,,,,,,,,,,,,,,,,,,,,,,,,,,,,,,,
4,EUW1_5973109192,TFT6_Augment_SecondWind2,TFT6_Augment_PortableForge,TFT6_Augment_Meditation2,,1.0,,1.0,,,1.0,,1.0,,,,,1.0,,1.0,,0.0,,,0.0,1.0,,,,0.0,,0.0,,,,,,,,,,,,,,,,,1.0,,,,,,,,,,,,,,,,,,,,,,,,,,,,,,,,,,,,,,,,,,,,,,,,,,,,,,,,3.0,Redemption,IonicSpark,BrambleVest,,,,,,,,,,,,,,,,,,,,,,,,,1.0,,,,3.0,OrnnMuramana,StatikkShiv,SpearOfShojin,,,,,,,,,,,,,,,,,,,,,,,,,,,,,,,,,,,,,,,,,,,,,,,,,,,,,,,,,2.0,,,,,,,,,,,,2.0,RedBuff,GargoyleStoneplate,DragonsClaw,,,,,,,,,,,,,,,,,,,None,None,,,,,,,,,,,,,,,,,,,,,,,,,,,,,,,,,1.0,,,
2,EUW1_5973109192,TFT7_Augment_GadgetExpert,TFT6_Augment_CelestialBlessing2,TFT6_Augment_Diversify2,,,1.0,1.0,,,1.0,,,0.0,2.0,0.0,,1.0,,0.0,,,,1.0,0.0,1.0,,,,,,3.0,,,,,,,,,,,,,,,,,,,,,2.0,,,,,,,,,,,,,,,,,,,,,,,,,,,,2.0,RedBuff,StatikkShiv,GargoyleStoneplate,3.0,SeraphsEmbrace,GuinsoosRageblade,Quicksilver,,,,,,,,,,,,,,,,,,,,,,,,,,,,,,,,,,,,,,,,,,,,,,,,,,,,,2.0,PowerGauntlet,GargoyleStoneplate,,,,,,,,,,,,,,,,,,,,,,,,,,2.0,ForceOfNature,,,,,,,,,,,,,,,,,,,,,,,,,,,,,,,,,,,,,,,2.0,,,,,,,,,,,,,,,,2.0,,,,,,None,None,,,,,,,,,,,,,,,,,,,,,,,,,,,,,,,,,1.0,SpearOfShojin,RapidFireCannon,RabadonsDeathcap
1,EUW1_5973109192,TFT6_Augment_Meditation2,TFT7_Augment_UrfsGrabBag1,TFT6_Augment_TargetDummies,,0.0,1.0,1.0,,,,,1.0,,2.0,,0.0,3.0,,2.0,,0.0,,,0.0,1.0,,,0.0,1.0,,0.0,,,,,,,,,,,,,,,,,,,,,1.0,,,,,,,,,,,,,,,,,,,,,,,,,,,,,,,,,,,,,,,,,,,,,,,,2.0,,,,,,,,,,,,,,,,,,,,,,,,,,,,,,,,2.0,,,,2.0,,,,,,,,,,,,,,,,,,,,2.0,,,,,,,,,,,,2.0,,,,,,,,,,,,,,,,,,,,,,,,,,,,1.0,MageEmblemItem,PowerGauntlet,HextechGunblade,,,,,,,,,2.0,,,,,,,,,,,,,,,,,,,,4.0,TrainerSnax,None,None,,,,,,,,,,,,,2.0,TitanicHydra,IonicSpark,RunaansHurricane,,,,,,,,,,,,,,,,,2.0,GuinsoosRageblade,SpearOfShojin,JeweledGauntlet
8,EUW1_5973109192,TFT6_Augment_LudensEcho2,TFT7_Augment_UrfsGrabBag1,TFT6_Augment_Meditation2,,1.0,,1.0,,,,,0.0,,1.0,,,3.0,,1.0,,,,,0.0,1.0,,,,1.0,,0.0,,,,,,,,,,,,,,,,,,,,,,,,,,,,,,,,,,,,,,,,,,,,,,,,,,,,,,,,,,,,,,,,,,,,,1.0,,,,2.0,MageEmblemItem,TitanicHydra,LocketOfTheIronSolari,,,,,,,,,,,,,,,,,,,,,,,,,2.0,,,,3.0,,,,,,,,,,,,,,,,,,,,,,,,,,,,,,,,2.0,JeweledGauntlet,SpearOfShojin,UnstableConcoction,,,,,,,,,,,,,,,,,,,,,,,,,,,,,,,,,,,,,1.0,,,,,,,,,,,,,,,,,,,,2.0,TrainerSnax,None,None,,,,,,,,,,,,,2.0,,,,,,,,,,,,,,,,,,,,1.0,,,
7,EUW1_5973162507,TFT7_Augment_ClutteredMind,TFT7_Augment_SwiftshotEmblem,TFT7_Augment_BestFriends3,,1.0,,2.0,,,,,,,,,0.0,,,,0.0,,,,,,,2.0,1.0,,0.0,,,,,,,,,,,,,,,,,,,,,,,,,,,,,,,,,,,,,,,,,,,,,,,,,,,,,,,,,,1.0,,,,,,,,,,,,,,,,2.0,,,,,,,,,,,,,,,,,,,,,,,,,,,,,,,,,,,,,,,,,,,,,,,,,,,,2.0,,,,,,,,,,,,,,,,,,,,,,,,,,,,2.0,SwiftshotEmblemItem,LocketOfTheIronSolari,,,,,,2.0,,,,,,,,,,,,,,,,,,,,,,,,,,,,,,,,,,,,,,None,None,,,,,,,,,3.0,GuinsoosRageblade,MadredsBloodrazor,UnstableConcoction,,,,,,,,,2.0,RecurveBow,,,,,,,,,,,,,,
3,EUW1_5973162507,TFT6_Augment_Electrocharge2,TFT6_Augment_Twins2,TFT6_Augment_RadiantRelics,,1.0,,1.0,,,,,,,1.0,,,2.0,,0.0,,,,,,,,,,,,0.0,,,,,,,,,,,,,,,,,,,,,,,,,,,,,,,,,,,,,,,,,,,,,,,,,,,,,,,,,,,,,,,,,,,,,,,,,2.0,ThiefsGloves,GuardianAngel,Deathblade,,,,,,,,,,,,,,,,,,,,,,,,,,,,,3.0,StatikkShiv,ArchangelsStaff,StatikkShivRadiant,,,,,,,,,,,,,,,,,,,,,,,,,,,,,2.0,GuardianAngel,,,,,,,,,,,,,,,,,,,,,,,,,,,,,,,,,,,,,,,2.0,TitanicHydra,,,,,,,,,,,,,,,,,,,,,None,None,,,,,,,,,,,,,2.0,,,,,,,,,,,,,,,,,,,,,,,
4,EUW1_5973162507,TFT6_Augment_ThrillOfTheHunt2,TFT7_Augment_FirstAidKit2,TFT7_Augment_BestFriends3,,0.0,,1.0,,,,,1.0,,1.0,,,2.0,,1.0,,0.0,,,0.0,1.0,,,,1.0,,0.0,,,,,,,,,,,,,,,,,,,,,,,,,,,,,,,,,,,,,,,,,,,,,,,,,,,,,,,,,,,,,,,,,,,,,2.0,,,,2.0,,,,,,,,,,,,,,,,,,,,,,,,,,,,2.0,,,,2.0,,,,,,,,,,,,,,,,,,,,,,,,,,,,,,,,3.0,UnstableConcoction,SpearOfShojin,ArchangelsStaff,,,,,,,,,,,,,,,,,,,,,,,,,2.0,NeedlesslyLargeRod,Morellonomicon,,,,,,,,,,2.0,WarmogsArmor,GargoyleStoneplate,TitansResolve,,,,,,,,,,,,,,,,,4.0,TrainerSnax,None,None,,,,,,,,,,,,,,,,,,,,,,,,,,,,,,,,,2.0,SpearOfShojin,,
8,EUW1_5973162507,TFT6_Augment_SunfireBoard,TFT7_Augment_DragonAlliance,TFT7_Augment_CursedCrown,,0.0,,,,,2.0,,0.0,0.0,,0.0,,0.0,,1.0,1.0,,,1.0,1.0,,,,1.0,0.0,,,,,,,,,,,1.0,HextechGunblade,MadredsBloodrazor,,,,,,,,,,,,,,,,,,,,,,,,,,,,,,1.0,WarmogsArmor,ShimmerscaleMogulsMail,ChainVest,,,,,,,,,,,,,,,,,2.0,,,,,,,,,,,,,,,,,,,,,,,,,,,,,,,,,,,,,,,,2.0,,,,1.0,,,,,,,,,,,,,,,,,,,,,,,,,,,,,,,,,,,,,,,,,,,,,,,,,,,,1.0,,,,,,,,,,,,,,,,,,,,,,,,,,,,,,,,,,,,,,,,,,None,None,,,,,,,,,,,,,,,,,,,,,,,,,,,,,,,,,,,,
5,EUW1_5973162507,TFT7_Augment_EvokerEmblem,TFT6_Augment_SalvageBin,TFT7_Augment_BestFriends3,,,,1.0,,,1.0,,2.0,,,0.0,0.0,1.0,,0.0,,0.0,,,0.0,1.0,,,,1.0,,2.0,,,,,2.0,,,,,,,,,,,,,,,,,,,,,,,,,,,,,,,,,,,,,,,,,,,,2.0,Bloodthirster,GargoyleStoneplate,RedBuff,,,,,,,,,,,,,,,,,1.0,,,,,,,,,,,,,,,,,,,,,,,,,,,,,,,,2.0,Redemption,,,,,,,,,,,,,,,,,,,,,,,,,,,,,,,,,,,,,,,,,,,,,,,,,,,,,,,,,,,,,,,2.0,HextechGunblade,MadredsBloodrazor,Morellonomicon,,,,,,,,,2.0,TitanicHydra,WarmogsArmor,,,,,,,,,,,,,,,,,,2.0,TrainerSnax,None,None,,,,,,,,,,,,,,,,,,,,,,,,,,,,,,,,,1.0,EvokerEmblemItem,,
2,EUW1_5973162507,TFT6_Augment_SecondWind2,TFT6_Augment_ComponentGrabBag,TFT6_Augment_Diversify3,1.0,,,,,,1.0,0.0,1.0,,1.0,2.0,0.0,,0.0,1.0,,,,1.0,,,,,,0.0,0.0,,,,,,2.0,,,,,,,,,,,,,,,,,,,,,,,,,,,,,,,,,,,,,,,,2.0,UnstableConcoction,MadredsBloodrazor,TitansResolve,,,,,,,,,,,,,2.0,FrozenHeart,BrambleVest,LocketOfTheIronSolari,,,,,,,,,,,,,,,,,,,,,,,,,,,,,,,,,,,,,1.0,LastWhisper,Shroud,,,,,,2.0,RedBuff,GiantsBelt,DragonsClaw,,,,,,,,,,,,,,,,,,,,,,,,,,,,,,,,,,,,,,,,,,,,,,,,,,,,,,,,,,,,,,,,,,,,,,,,,1.0,ThiefsGloves,RecurveBow,TitansResolve,,,,,,,,,,,None,None,,,,,,,,,,,,,,,,,,,,,,,,,1.0,AssassinEmblemItem,,,,,,,,,,
6,EUW1_5973162507,TFT6_Augment_CyberneticUplink2,TFT7_Augment_MageConference,TFT6_Augment_CyberneticUplink3,,0.0,,1.0,,,1.0,,0.0,,,,0.0,1.0,,1.0,,,,,,,,,2.0,1.0,,0.0,,,,,,,,,1.0,SpearOfShojin,HextechGunblade,,,,,,,,,,,,,,,,,,,,,,,,,,,,,,,,,,,,,,,,,,,,,,,,,,,,,,,,,,2.0,SparringGloves,,,,,,,,,,,,,,,,,,,,,,,,,,,,,,,1.0,,,,2.0,SpearOfShojin,,,,,,,,,,,,,,,,,,,1.0,,,,,,,,,,,,,,,,,,,,,,,,,,,,,,,,,,,,,,,,,,,,,,,,,,,,2.0,NegatronCloak,RedBuff,,,,,,,,,,,,,,,,,,1.0,TrainerSnax,None,None,,,,,,,,,,,,,,,,,,,,,,,,,,,,,,,,,,,,
1,EUW1_5973162507,TFT6_Augment_Electrocharge2,TFT6_Augment_TargetDummies,TFT7_Augment_SwiftshotEmblem2,0.0,,,1.0,,2.0,,0.0,,,1.0,,0.0,,1.0,,1.0,,,,,,,2.0,1.0,,1.0,0.0,,,,,,,,,,,,,,,,,,,,,,,,,,,,,,,,,,,,,,,,,,,,,,,,,,,,,,,,,2.0,StatikkShiv,,,,,,,2.0,SwiftshotEmblemItem,UnstableConcoction,,,,,,,,,,,,,,,,,,,,,,,,,,,,,,,,,,,,,,,,,,,,,,,,,,2.0,Shroud,,,,,,,2.0,PowerGauntlet,,,1.0,FrozenHeart,,,,,,,,,,,,,,,,,,,,,,,2.0,,,,,,,,,,,,,,,,,,,,,,,,,,,,,,,,,,,,,,,,,,,,,,None,None,,,,,2.0,,,,,,,,,,,,,,,,2.0,MadredsBloodrazor,GuinsoosRageblade,Quicksilver,1.0,CavalierEmblemItem,DragonsClaw,SeraphsEmbrace,,,,,,,,
4,EUW1_5972635091,TFT6_Augment_Electrocharge2,TFT6_Augment_ItemGrabBag1,TFT6_Augment_PandorasItems,0.0,,,0.0,,1.0,1.0,0.0,,,2.0,,0.0,,3.0,,,,,,,,,,0.0,,1.0,,,,,,,,,,,,,,,,,,,,,,,,,,,,,,,,,,,,,,2.0,ArchangelsStaff,MadredsBloodrazor,Morellonomicon,,,,,,,,,,,,,,,,,,,,,,,,,,,,,,,,,,,,,,,,,,,,,,,,,,,,,,,,,,,,,,,,,,,,,,,,,,,,,2.0,,,,,,,,2.0,WarmogsArmor,RedBuff,,,,,,,,,,,,,,1.0,ZekesHerald,,,,,,,,,,,,,,,,,,,,,,,,,,,,,,,,,,,,,,,,,,,2.0,,,,,,,,,,,,,,None,None,,,,,,,,,,,,,,,,,,,,,,,,,1.0,Bloodthirster,TitansResolve,InfinityEdge,1.0,Shroud,,,,,,
8,EUW1_5972635091,TFT7_Augment_ShimmerscaleTrait,TFT7_Augment_ShimmerscaleEmblem,TFT6_Augment_Distancing,1.0,,,,,,1.0,0.0,,0.0,,,0.0,0.0,,,0.0,,,,4.0,1.0,,,1.0,,0.0,,2.0,,,,,,,,,,,,,,,,,,,,,,,,,,,,,,,,,,,,,,,,1.0,RedBuff,ShimmerscaleMogulsMail,ChainVest,,,,,,,,,,,,,,,,,,,,,,,,,,,,,,,,,,,,,,,,,2.0,,,,2.0,,,,,,,,,,,,,,,,,,,,,,,,,,,,,,,,,,,,,,,,,,,,2.0,ShimmerscaleEmblemItem,ShimmerscaleDravensAxe,,,,,,,,,,,,,,,,,,,,,,,,,,,,,,,,,,,,,,,,,,,,,,,,,,,,,,,,,,,,,,,,None,None,,,,,,,,,,,,,,,,,2.0,ShimmerscaleGoldmancersStaff,ShimmerscaleGamblersBlade,Quicksilver,,,,,,,,,,,,,1.0,SpearOfShojin,ArchangelsStaff,ShimmerscaleCrownOfChampions
6,EUW1_5972635091,TFT7_Augment_Bloodlust1,TFT6_Augment_CelestialBlessing1,TFT6_Augment_FirstAidKit,1.0,,,,,,1.0,,0.0,,1.0,2.0,0.0,,,0.0,,,,1.0,,,,,,,,,,,,,2.0,,,,,,,,,,,,,,,,,,,,,,,,,,,,,,,,,,,,,,,,2.0,Bloodthirster,MadredsBloodrazor,AssassinEmblemItem,,,,,,,,,,,,,2.0,NegatronCloak,,,,,,,,,,,,,,,,,,,,,,,,,,,,,,,,,,,,,,,,,,,,,,,2.0,WarmogsArmor,,,,,,,,,,,,,,,,,,,,,,,,,,,,,,,,,,,,,,,,,,,,,,,,,,,,,,,,,,,,,,,,,,,,,,,,,,,1.0,,,,,,,,,,,,,,None,None,,,,,,,,,,,,,,,,,,,,,,,,,,,,,,,,,,,,
3,EUW1_5972635091,TFT6_Augment_Twins2,TFT6_Augment_SecondWind1,TFT7_Augment_JadeEmblem,,0.0,1.0,,,,1.0,,,,1.0,2.0,,,,1.0,,,,2.0,,,,,,,,0.0,,,,,,,,,,,,,,,,,,,,,2.0,,,,,,,,,,,,,,,,,,,,,,,,2.0,ThiefsGloves,StatikkShiv,StatikkShiv,,,,,2.0,JadeEmblemItem,PowerGauntlet,IonicSpark,,,,,1.0,,,,,,,,,,,,,,,,,,,,,,,,,,,,,,,,,,,,,,,,,,,,,,,,2.0,RedBuff,Redemption,BrambleVest,2.0,MadredsBloodrazor,RapidFireCannon,Quicksilver,,,,,,,,,,,,,,,,,,,,,,,,,,,,,,,,,,,,,,,,,,,,,,,,,,,,,,,,,,,,,,,,,,,,,,,,,,,,,,,,,,,None,None,,,,,,,,,,,,,,,,,,,,,,,,,,,,,,,,,,,,
1,EUW1_5972635091,TFT6_Augment_PortableForge,TFT7_Augment_BandOfThieves1,TFT6_Augment_CyberneticUplink1,,2.0,,1.0,,,1.0,,1.0,,1.0,,,3.0,,1.0,,,,,0.0,1.0,,,,1.0,,0.0,,,,,,,,,,,,,,,,,1.0,ArchangelsStaff,MageEmblemItem,,,,,,,,,,,,,,,,,,,,,,,,,,,,,,,,,,,,,,,,,,,,,,,,,,2.0,ForceOfNature,,,2.0,ThiefsGloves,MadredsBloodrazor,RapidFireCannon,,,,,,,,,,,,,,,,,,,,,,,,,2.0,NeedlesslyLargeRod,,,3.0,SpearOfShojin,,,,,,,,,,,,,,,,,,,,,,,,,,,,,,,2.0,SpearOfShojin,GuinsoosRageblade,JeweledGauntlet,,,,,,,,,,,,,,,,,,,,,,,,,,,,,,,,,,,,,2.0,OrnnRocketPropelledFist,GargoyleStoneplate,Redemption,,,,,,,,,,,,,,,,,3.0,TrainerSnax,None,None,,,,,,,,,,,,,1.0,LocketOfTheIronSolari,,,,,,,,,,,,,,,,,,,1.0,TitanicHydra,,
7,EUW1_5972635091,TFT7_Augment_BestFriends2,TFT6_Augment_SecondWind1,TFT6_Augment_Diversify1,,,1.0,1.0,2.0,,,,1.0,,1.0,,0.0,,,1.0,0.0,2.0,,,,,,,0.0,1.0,0.0,,,,,,,,,,,,,,,,,,,,,,1.0,,,,,,,,2.0,UnstableConcoction,InfinityEdge,HextechGunblade,,,,,,,,,,,,,,,,,,,,,,,,,,,,,,,,,,,,,,,,,,,,,1.0,,,,,,,,,,,,,,,,,,,,,,,,2.0,Chalice,,,,,,,,,,,,,,,,,,,,,,,1.0,GargoyleStoneplate,IonicSpark,RedBuff,,,,,,,,,,,,,,,,,,,,,,,,,2.0,,,,,,,,,,,,2.0,,,,,,,,,,,,,,,,,,,,,,,,,,,,,,,,2.0,TrainerSnax,None,None,1.0,,,,,,,,,,,,,,,,,,,,,,,,,,,,,,,,,,,
5,EUW1_5972635091,TFT7_Augment_RagewingScorch,TFT6_Augment_CyberneticShell1,TFT6_Augment_Recombobulator,,1.0,,1.0,,0.0,1.0,,1.0,,,,,1.0,,1.0,1.0,,,,0.0,1.0,,,,0.0,0.0,0.0,,,,,,,,,,,,,,,,,2.0,UnstableConcoction,RagewingEmblemItem,ArchangelsStaff,,,,,,,,,,,,,,,,,,,,,,,,,,,,,,,,,,,,,,,,,,,,,2.0,GargoyleStoneplate,,,,,,,,,,,,,,,,,,,,,,,,,,,,,,,,,,,2.0,,,,2.0,,,,,,,,,,,,,,,,,,,,,,,,,,,,,,,,,,,,,,,,,,,,,,,,1.0,GiantsBelt,,,,,,,,,,,,,,,,,,,,,,,2.0,RedBuff,,,,,,,,,,,,,,,,,,,,,None,None,,,,,,,,,,,,,,,,,,,,,,,,,,,,,,,,,2.0,Quicksilver,SpearOfShojin,ArchangelsStaff
2,EUW1_5972635091,TFT6_Augment_CyberneticImplants2,TFT6_Augment_LudensEcho1,TFT7_Augment_BestFriends1,,0.0,,1.0,,,,,1.0,,1.0,,,2.0,,1.0,,0.0,,,0.0,1.0,,,,1.0,,0.0,,,,,,,,,,,,,,,,,,,,,,,,,,,,,,,,,,,,,,,,,,,,,,,,,,,,,,,,,,,,,,,,,,,,,2.0,,,,3.0,,,,,,,,,,,,,,,,,,,,,,,,,,,,2.0,ZekesHerald,,,3.0,StatikkShiv,UnstableConcoction,,,,,,,,,,,,,,,,,,,,,,,,,,,,,,3.0,ArchangelsStaff,HextechGunblade,SpearOfShojin,,,,,,,,,,,,,,,,,,,,,,,,,1.0,,,,,,,,,,,,2.0,GargoyleStoneplate,WarmogsArmor,GargoyleStoneplate,,,,,,,,,,,,,,,,,4.0,TrainerSnax,None,None,,,,,,,,,,,,,,,,,,,,,,,,,,,,,,,,,1.0,PowerGauntlet,,
6,EUW1_5971039468,TFT6_Augment_MakeshiftArmor1,TFT6_Augment_Electrocharge1,TFT6_Augment_SecondWind2,,,,1.0,,0.0,1.0,,,,1.0,0.0,0.0,,,,2.0,,,1.0,,,,2.0,1.0,,0.0,,,,,,,,,,,,,,,,,,,,,,,,,,,,,,,,,,,,,,,,,,,,,,,,,,,,,,,,,,1.0,,,,,,,,1.0,SwiftshotEmblemItem,Morellonomicon,,,,,,,,,,,,,,,,,,,,,,,,,,,,,,,,,,,,,,,,,,2.0,RedBuff,,,,,,,,,,,,,,,2.0,ThiefsGloves,InfinityEdge,RapidFireCannon,,,,,,,,,,,,,,,,,,,,,,,,,1.0,,,,2.0,ThiefsGloves,InfinityEdge,JeweledGauntlet,,,,,,,,,,,,,,,,,,,,,,,,,,,,,,,,,,,,,,,None,None,,,,,2.0,,,,,,,,,,,,,,,,2.0,RunaansHurricane,,,,,,,,,,,,,,
4,EUW1_5971039468,TFT6_Augment_CyberneticUplink1,TFT6_Augment_Weakspot,TFT6_Augment_ComponentGrabBag,1.0,,,1.0,,1.0,,,,,3.0,,0.0,,,,1.0,,,,,,,1.0,1.0,,0.0,,,,,,,,,,,,,,,,,,,,,,,,,,,,,,,,,,,,,,,,,,,,,,,,,,,,,,,,,,,,,,,,,,2.0,SeraphsEmbrace,,,,,,,,,,,,,,,,,,,,,,,,,,,,,,,,,,,,,,,,,,,,,,,,,,,,,,,,,,,2.0,WarmogsArmor,,,,,,,2.0,FrozenHeart,,,,,,,2.0,,,,,,,,,,,,2.0,Redemption,,,,,,,,,,,,,,,,,,,,,,,,,,,,,,,2.0,RedBuff,FrozenHeart,IonicSpark,,,,,,,,,,,None,None,,,,,2.0,,,,,,,,,,,,,,,,2.0,UnstableConcoction,GuinsoosRageblade,InfinityEdge,,,,,,,,,,,,
2,EUW1_5971039468,TFT7_Augment_MirageTrait,TFT6_Augment_SecondWind1,TFT7_Augment_GadgetExpert,,,1.0,,,2.0,1.0,0.0,,,2.0,,,,4.0,0.0,0.0,,,,,,,,,,1.0,,,,,,,,,,,,,,,,,,,,,,1.0,Chalice,GuinsoosRageblade,PowerGauntlet,,,,,,,,,,,,,2.0,MadredsBloodrazor,StatikkShiv,JeweledGauntlet,,,,,,,,,,,,,,,,,,,,,,,,,2.0,MirageEmblemItem,GuardianAngel,Shroud,,,,,,,,,,,,,,,,,,,,,,,,,,,,,,,,,,,,,,,,,,,,,,,,,2.0,RedBuff,IonicSpark,,,,,,,,,,,,,,,,,,,,,,2.0,,,,,,,,,,,,,,,,,,,,,,,,,,,,,,,,,,,,,,,,,,,,,,,,,,,,,,,,,,None,None,,,,,,,,,,,,,,,,,,,,,,,,,1.0,RunaansHurricane,,,2.0,,,,,,,
8,EUW1_5971039468,TFT7_Augment_RevelTrait,TFT6_Augment_Diversify1,TFT6_Augment_FuturePeepers,,,,,2.0,,1.0,,1.0,1.0,,,,,,0.0,,3.0,0.0,,1.0,,,,,1.0,,,,,,,,,,,,,,,,,,,,,,,,,,,1.0,,,,2.0,Deathblade,MadredsBloodrazor,GuinsoosRageblade,,,,,,,,,1.0,RedBuff,ShimmerscaleHeartOfGold,WarmogsArmor,,,,,,,,,,,,,,,,,,,,,,,,,,,,,,,,,2.0,,,,,,,,,,,,,,,,,,,,,,,,1.0,,,,,,,,,,,,,,,,,,,,,,,,,,,,,,,,,,,,,,,,,,,,,,,,,,,,,,,,,,,,,,,,1.0,ArchangelsStaff,JeweledGauntlet,,,,,,,,,,,,,,,,,,,,,,,,,,,,,,1.0,TrainerSnax,None,None,2.0,Zephyr,,,,,,,,,,,,,,,,,,,,,,,,,,,,,,,,,,
1,EUW1_5971039468,TFT7_Augment_BestFriends1,TFT6_Augment_SecondWind1,TFT6_Augment_SecondWind2,,0.0,1.0,1.0,,,1.0,,0.0,,1.0,,0.0,1.0,,2.0,,,,,0.0,1.0,,,2.0,1.0,,0.0,,,,,,,,,2.0,ArchangelsStaff,HextechGunblade,SpearOfShojin,,,,,,,,,1.0,,,,,,,,,,,,,,,,,,,,,,,,,,,,,,,,,,,,,,,,,,,,,,,,2.0,,,,,,,,,,,,,,,,,,,,,,,,,,,,,,,,2.0,,,,1.0,,,,,,,,,,,,,,,,,,,,1.0,Morellonomicon,,,,,,,,,,,,,,,,,,,,,,,,,,,,,,,,,,,,,,,,,,,,,,,,,,,2.0,RedBuff,GargoyleStoneplate,Redemption,,,,,,,,,,,,,,,,,4.0,TrainerSnax,None,None,,,,,,,,,,,,,,,,,,,,,,,,,,,,,,,,,2.0,ArchangelsStaff,JeweledGauntlet,
3,EUW1_5971039468,TFT6_Augment_CyberneticShell1,TFT6_Augment_SecondWind1,TFT6_Augment_Distancing2,,0.0,1.0,1.0,,,,,0.0,,2.0,,,2.0,,2.0,,,,,0.0,1.0,,,,1.0,,0.0,,,,,,,,,,,,,,,,,,,,,1.0,,,,,,,,,,,,,,,,,,,,,,,,,,,,,,,,,,,,,,,,,,,,,,,,2.0,,,,2.0,TitanicHydra,,,,,,,,,,,,,,,,,,,,,,,,,,,2.0,BFSword,,,3.0,Quicksilver,,,,,,,,,,,,,,,,,,,,,,,,,,,,,,,2.0,UnstableConcoction,SpearOfShojin,ArchangelsStaff,,,,,,,,,,,,,,,,,,,,,,,,,,,,,,,,,,,,,2.0,GargoyleStoneplate,DragonsClaw,PowerGauntlet,,,,,,,,,,,,,,,,,2.0,TrainerSnax,None,None,,,,,,,,,,,,,,,,,,,,,,,,,,,,,,,,,1.0,ZekesHerald,,
7,EUW1_5971039468,TFT6_Augment_ItemGrabBag1,TFT6_Augment_CyberneticUplink1,TFT6_Augment_ComponentGrabBag,,,,,,,1.0,1.0,,,,2.0,,,,0.0,0.0,,,1.0,,,,1.0,1.0,,,,,,,,,,,,,,,,2.0,PowerGauntlet,SparringGloves,,,,,,,,,,,,,,,,,,,,,,,,,,,,,,1.0,LastWhisper,Bloodthirster,,,,,,,,,,2.0,,,,1.0,,,,,,,,,,,,,,,,,,,,,,,,,,,,2.0,ThiefsGloves,RabadonsDeathcap,HextechGunblade,,,,,,,,,,,,,,,,,1.0,WarmogsArmor,RedBuff,BrambleVest,,,,,,,,,,,,,,,,,,,,,,,,,,,,,,,,,,,,,,,,,,,,,,,,,,,,,,,,,,,,,2.0,RapidFireCannon,MadredsBloodrazor,GuinsoosRageblade,,,,,,,,,,,,,,,,,,,,,,,None,None,,,,,,,,,,,,,,,,,,,,,,,,,,,,,,,,,,,,
5,EUW1_5971039468,TFT6_Augment_TinyTitans,TFT7_Augment_BandOfThieves1,TFT6_Augment_PortableForge,,0.0,,1.0,0.0,,1.0,,1.0,,,,,1.0,,1.0,,0.0,,,,,,,,2.0,,2.0,,,,,,,,,,,,,,,,,,,,,,,,,,,,,,,,,,,,,,,,,,,,,,,,,2.0,Quicksilver,Bloodthirster,InfinityEdge,,,,,,,,,,,,,,,,,2.0,,,,,,,,,,,,,,,,,,,,,,,,,,,,,,,,2.0,ThiefsGloves,TearOfTheGoddess,GuardianAngel,1.0,,,,,,,,,,,,,,,,,,,,,,,,,,,,,,,,,,,,,,,,,,,,,,,,,,,,,,,,,,,,2.0,StatikkShiv,MadredsBloodrazor,,,,,,,,,,2.0,FrozenHeart,WarmogsArmor,,,,,,,,,,,,,,,,,,4.0,TrainerSnax,None,None,2.0,OrnnObsidianCleaver,GuinsoosRageblade,GuinsoosRageblade,,,,,,,,,,,,,,,,,,,,,,,,,,,,,,,,
8,EUW1_5971309720,TFT6_Augment_ThreesCompany,TFT7_Augment_BestFriends2,TFT6_Augment_ThrillOfTheHunt2,1.0,,,0.0,,1.0,,,,,3.0,0.0,,,,,1.0,,,0.0,,,,1.0,0.0,,0.0,,,,,,,,,,,,,,,,,,,,,,,,,,,,,,,,,,,,,,,,,,,,,,,,,,,,,,,,,,,,,,,,,,2.0,RedBuff,NeedlesslyLargeRod,,,,,,,,,,,,,,,,,,,,,,,,,,,,,,,,,,,,,,,,,,2.0,ThiefsGloves,WarmogsArmor,InfinityEdge,,,,,,,,,,,,,,,,,,,,,2.0,,,,,,,,2.0,,,,,,,,,,,,2.0,,,,,,,,,,,,,,,,,,,,,,,,,,,,,,,,1.0,InfinityEdge,,,,,,,,,,,,,None,None,,,,,1.0,Zephyr,,,,,,,,,,,,,,,2.0,GuardianAngel,GuinsoosRageblade,UnstableConcoction,,,,,,,,,,,,
2,EUW1_5971309720,TFT6_Augment_TargetDummies,TFT7_Augment_RagewingScorch,TFT6_Augment_TomeOfTraits1,,,,,,1.0,1.0,1.0,,,,1.0,,,,,2.0,,,2.0,,,,0.0,,,,,,,,,,,,,,,,,2.0,ZekesHerald,,,,,,,,,,,,,,,,,,,,,,,,,,,,,,,,,,,,,,,,,,,,,,,1.0,,,,2.0,ThiefsGloves,TitansResolve,MadredsBloodrazor,,,,,,,,,,,,,,,,,,,,,,,,,,,,,,,,,,,,,,,,,2.0,CavalierEmblemItem,IonicSpark,Bloodthirster,,,,,,,,,,,,,,,,,,,,,,,,,,,,,,,,,,,,,2.0,,,,,,,,2.0,DragonsClaw,LocketOfTheIronSolari,ArchangelsStaff,,,,,,,,,,,,,2.0,Quicksilver,ArchangelsStaff,GuinsoosRageblade,,,,,,,,,,,,,,,,,,,,,,,None,None,,,,,,,,,,,,,,,,,,,,,,,,,,,,,,,,,,,,
4,EUW1_5971309720,TFT7_Augment_RagewingScorch,TFT7_Augment_GadgetExpert,TFT6_Augment_Diversify2,1.0,,1.0,1.0,,0.0,,,,,3.0,,0.0,,,0.0,1.0,,,,,,,1.0,1.0,,0.0,,,,,,,,,,,,,,,,,,,,,,1.0,StatikkShiv,,,,,,,,,,,,,,,,,,,,,,,,,,,,,,,,,,,,,,,,,,,2.0,,,,,,,,,,,,,,,,,,,,,,,,,,,,,,,,,,,,,,,,,,,,,,,,,,,,,,,,,,,,2.0,,,,,,,,2.0,IonicSpark,,,,,,,,,,,,,,,,,,,2.0,,,,,,,,,,,,,,,,,,,,,,,,,,,,,,,,2.0,Bloodthirster,FrozenHeart,RedBuff,,,,,,,,,,,None,None,,,,,1.0,ZekesHerald,ZekesHerald,,,,,,,,,,,,,,2.0,GuinsoosRageblade,MadredsBloodrazor,LastWhisper,,,,,,,,,,,,
1,EUW1_5971309720,TFT7_Augment_MageConference,TFT6_Augment_LudensEcho2,TFT6_Augment_Distancing2,,0.0,,0.0,,0.0,,,0.0,,1.0,,,3.0,,2.0,,,0.0,,0.0,1.0,,,,1.0,,1.0,,,,,,,,,,,,,,,,,,,,,,,,,,,,,,,,,,,,,,,,,,,,,,,,,,,,,,,,,,,,,,,,,,,,,3.0,,,,,,,,,,,,,,,,,,,,,,,,,,,,3.0,UnstableConcoction,NegatronCloak,MysticEmblemItem,2.0,,,,3.0,SpearOfShojin,,,,,,,,,,,,,,,,,,,,,,,,,,,,,,,3.0,UnstableConcoction,SpearOfShojin,WhispersEmblemItem,,,,,,,,,,,,,,,,,,,,,,,,,,,,,,,,,,,,,3.0,RedBuff,TitansResolve,DragonsClaw,,,,,,,,,,,,,,,,,2.0,TrainerSnax,None,None,,,,,,,,,,,,,3.0,,,,,,,,,,,,,,,,,,,,2.0,,,
7,EUW1_5971309720,TFT6_Augment_Distancing2,TFT7_Augment_LastStand,TFT6_Augment_SecondWind2,,,1.0,1.0,,0.0,1.0,0.0,,,1.0,,0.0,,0.0,0.0,0.0,,,,,,,,2.0,,1.0,,,,,,,,,,1.0,Quicksilver,GuinsoosRageblade,StatikkShiv,,,,,,,,,2.0,Shroud,,,,,,,,,,,,,,,,,,,,,,,,,,,,,,,,,,,,,,,,,,,1.0,,,,,,,,,,,,,,,,,,,,,,,,,,,,,,,,,,,,,,,,,,,,,,,,,,,,,,,,,,,,2.0,FrozenHeart,RedBuff,,,,,,,,,,,,,,,,,,,,,,,,,,2.0,,,,,,,,,,,,,,,,,,,,,,,,,,,,,,,,,,,,,,,,,,,,,,None,None,,,,,,,,,,,,,,,,,,,,,,,,,2.0,UnstableConcoction,,,,,,,,,,
6,EUW1_5971309720,TFT7_Augment_MikaelsGift,TFT6_Augment_ThrillOfTheHunt2,TFT7_Augment_UrfsGrabBag1,2.0,,1.0,1.0,,,1.0,,,,2.0,,0.0,0.0,,0.0,,,,,,,,,1.0,,,2.0,,,,,,,,,,,,,,,,,,,,,1.0,,,,,,,,,,,,,,,,,,,,,,,,,,,,2.0,AssassinEmblemItem,MadredsBloodrazor,InfinityEdge,,,,,,,,,,,,,,,,,,,,,,,,,,,,,,,,,,,,,,,,,,,,,,,,,,,,,,,,,,,,,,,,,,,,,,,,,2.0,RedBuff,GargoyleStoneplate,TitanicHydra,1.0,,,,1.0,,,,,,,,,,,,,,,,,,,,,,,,,,,,,,,,,,,,,,,,,,,,2.0,LocketOfTheIronSolari,LocketOfTheIronSolari,DragonsClaw,,,,,2.0,BFSword,RunaansHurricane,,,,,,,,,,,,None,None,,,,,,,,,,,,,,,,,,,,,,,,,,,,,,,,,,,,
3,EUW1_5971309720,TFT7_Augment_CannoneerHotShot,TFT7_Augment_CannoneerEmblem,TFT6_Augment_ComponentGrabBag,,,1.0,,2.0,,1.0,,1.0,1.0,1.0,,,,,1.0,,1.0,,,1.0,,,,,1.0,,0.0,,,,,,,,,,,,,,,,,,,,,1.0,GuardianEmblemItem,,,,,,,2.0,GuinsoosRageblade,UnstableConcoction,MadredsBloodrazor,,,,,,,,,2.0,IonicSpark,DragonsClaw,GargoyleStoneplate,,,,,,,,,,,,,,,,,,,,,,,,,,,,,,,,,,,,,,,,,,,,,,,,,,,,,,,,,2.0,LocketOfTheIronSolari,StatikkShiv,ShimmerscaleHeartOfGold,,,,,,,,,,,,,,,,,,,,,,,,,,,,,,,,,,,,,,,,,,,,,,,,,,,,,,,,,,,,,1.0,CannoneerEmblemItem,,,,,,,,,,,,,,,,,,,,,,,,,,,2.0,IonicSpark,,,4.0,TrainerSnax,None,None,1.0,SparringGloves,,,,,,,,,,,,,,,,,,,,,,,,,,,,,,,,,,
5,EUW1_5971309720,TFT6_Augment_TargetDummies,TFT6_Augment_SecondWind2,TFT6_Augment_Distancing2,,0.0,,1.0,2.0,,,,1.0,,,,,0.0,,0.0,,3.0,,,,,,,,2.0,,,,,,,,,,,,,,,,,,,,,,,,,,,,,,,2.0,GuinsoosRageblade,InfinityEdge,MadredsBloodrazor,,,,,,,,,,,,,,,,,,,,,,,,,,,,,,,,,,,,,2.0,,,,2.0,RedBuff,BrambleVest,TitansResolve,2.0,,,,,,,,,,,,,,,,,,,,,,,,2.0,SeraphsEmbrace,,,,,,,,,,,,,,,,,,,,,,,,,,,,,,,,,,,,,,,,,,,,,,,,,,,,,,,,,,,,,,,2.0,,,,,,,,,,,,,,,,2.0,,,,,,,,,,,,,,,,4.0,TrainerSnax,None,None,2.0,UnstableConcoction,,,,,,,,,,,,,,,,,,,,,,,,,,,,,,,,,,
5,EUW1_5971135535,TFT6_Augment_ItemGrabBag1,TFT6_Augment_TriForce2,TFT6_Augment_Distancing2,0.0,1.0,,1.0,,,,,,,3.0,,,1.0,,0.0,,,,,,,,1.0,,,,0.0,,,,,,,,,,,,,,,,,,,,,,,,,,,,,,,,,,,,,,,,,,,,,,,,,,,,,,,,,,,,,,,,,,,,,,,,,2.0,Redemption,RedBuff,DragonsClaw,,,,,,,,,,,,,,,,,,,,,,,,,,,,,3.0,SpearOfShojin,ArchangelsStaff,,,,,,,,,,,,,,,,,,,,,,,,,,,,,,2.0,,,,,,,,,,,,,,,,,,,,,,,,,,,,,,,,,,,,,,,,2.0,,,,,,,,1.0,Shroud,,,,,,,,,,,,,None,None,,,,,1.0,,,,3.0,RunaansHurricane,GuinsoosRageblade,MadredsBloodrazor,,,,,,,,,,,,,,,,,,,,,,,,
3,EUW1_5971135535,TFT6_Augment_MakeshiftArmor1,TFT7_Augment_BruiserTitanicStrength,TFT6_Augment_ComponentGrabBag,1.0,,,2.0,,,1.0,,,,1.0,0.0,0.0,0.0,,,0.0,,,,,,1.0,,1.0,,0.0,2.0,,,,,,,,,,,,,,,,,,,,,,,,,,,,,,,,,,,,,,,,,,,,,,,,,2.0,InfinityEdge,Bloodthirster,TitansResolve,,,,,,,,,,,,,,,,,,,,,,,,,,,,,,,,,,,,,,,,,,,,,,,,,,,,,,,,,,,,,,,,,,,,,,,,,2.0,,,,,,,,2.0,RabadonsDeathcap,ZekesHerald,Morellonomicon,,,,,,,,,,,,,,,,,2.0,,,,,,,,,,,,,,,,1.0,Quicksilver,,,,,,,2.0,,,,,,,,2.0,RedBuff,FrozenHeart,InfinityEdge,,,,,,,,,,,None,None,,,,,,,,,,,,,,,,,,,,,,,,,,,,,,,,,,,,
1,EUW1_5971135535,TFT6_Augment_Distancing,TFT6_Augment_FuturePeepers,TFT6_Augment_PortableForge,1.0,,1.0,1.0,,1.0,,0.0,,,4.0,,0.0,,0.0,0.0,1.0,,,,,,,1.0,0.0,,1.0,,,,,,,,,,,,,,,,,,,,,,1.0,Zephyr,,,,,,,,,,,,,,,,,,,,,,,,,,,,,,,,,,,,,,,,,,,2.0,ThiefsGloves,LocketOfTheIronSolari,GuinsoosRageblade,,,,,,,,,,,,,,,,,,,,,,,,,,,,,,,,,,,,,,,,,,,,,,,,,,,,,,,,,2.0,WarmogsArmor,,,,,,,,,,,,,,,2.0,,,,,,,,,,,,2.0,,,,,,,,,,,,,,,,,,,,,,,,,,,,,,,,2.0,RedBuff,,,,,,,,,,,,,None,None,,,,,2.0,LastWhisper,Deathblade,,,,,,,,,,,,,,2.0,GuinsoosRageblade,Quicksilver,MadredsBloodrazor,2.0,AssassinEmblemItem,UnstableConcoction,OrnnTheCollector,,,,,,,,
4,EUW1_5971135535,TFT6_Augment_SecondWind1,TFT6_Augment_BlueBattery2,TFT6_Augment_Meditation2,,1.0,,1.0,,,,,1.0,,1.0,,,2.0,,1.0,,0.0,,,,,,,,1.0,,0.0,,,,,,,,,,,,,,,,,,,,,,,,,,,,,,,,,,,,,,,,,,,,,,,,,,,,,,,,,,,,,,,,,,,,,2.0,,,,2.0,,,,,,,,,,,,,,,,,,,,,,,,,,,,2.0,,,,2.0,,,,,,,,,,,,,,,,,,,,,,,,,,,,,,,,2.0,HextechGunblade,SpearOfShojin,ArchangelsStaff,,,,,,,,,,,,,,,,,,,,,,,,,1.0,,,,,,,,,,,,2.0,GargoyleStoneplate,WarmogsArmor,WarmogsArmor,,,,,,,,,,,,,,,,,2.0,TrainerSnax,None,None,,,,,,,,,,,,,2.0,,,,,,,,,,,,,,,,,,,,,,,
2,EUW1_5971135535,TFT6_Augment_Distancing,TFT6_Augment_PortableForge,TFT6_Augment_FuturePeepers,,,1.0,,,1.0,1.0,0.0,1.0,,1.0,2.0,0.0,,0.0,2.0,0.0,,,0.0,,,1.0,,,0.0,0.0,,,,,,1.0,UnstableConcoction,,,,,,,,,,,,,,,1.0,,,,,,,,,,,,,,,,,,,,,,,,2.0,Quicksilver,Deathblade,UnstableConcoction,,,,,,,,,,,,,,,,,2.0,Quicksilver,,,,,,,,,,,,,,,,,,,,,,,,,,,,,,,,,,,1.0,,,,,,,,2.0,OrnnRocketPropelledFist,RedBuff,Morellonomicon,,,,,,,,,,,,,,,,,,,,,,,,,,,,,,,,,,,,,,,,,,,,,,,,,,,,,,,,,2.0,Zephyr,,,,,,,,,,,,,,,,,,,,,,,,,,,,,None,None,,,,,,,,,,,,,,,,,,,,,,,,,2.0,Quicksilver,SeraphsEmbrace,CavalierEmblemItem,,,,,,,,
6,EUW1_5971135535,TFT6_Augment_MakeshiftArmor1,TFT6_Augment_ComponentGrabBag,TFT6_Augment_Ascension,0.0,1.0,,1.0,,,1.0,,,,2.0,,,0.0,,0.0,,,,,,,,1.0,,,,1.0,,,,,,,,,,,,,,,,,,,,,,,,,,,,,,,,,,,,,,,,,,,,,,,,,1.0,Bloodthirster,UnstableConcoction,,,,,,,,,,,,,,,,,,,,,,2.0,RedBuff,Redemption,,,,,,,,,,,,,,,,,,,,,,,,,,,,,,2.0,,,,,,,,,,,,,,,,,,,,,,,,,,,,,,,,,,,,,,,,,,,,,,,,,,,,,,,,,,,,,,,,,,,,,,,,,,,,,,,,1.0,,,,,,,,,,,,,,None,None,,,,,2.0,PowerGauntlet,ZekesHerald,,3.0,Deathblade,RunaansHurricane,InfinityEdge,,,,,,,,,,,,,,,,,,,,,,,,
7,EUW1_5971135535,TFT6_Augment_LudensEcho1,TFT6_Augment_PortableForge,TFT7_Augment_BestFriends2,,,1.0,,2.0,,1.0,,0.0,1.0,1.0,,,,,0.0,,2.0,0.0,,1.0,,,,,0.0,,,,,,,,,,,,,,,,,,,,,,,1.0,RecurveBow,,,1.0,TitanicHydra,,,2.0,MadredsBloodrazor,InfinityEdge,OrnnInfinityForce,,,,,,,,,2.0,IonicSpark,FrozenHeart,RedBuff,,,,,,,,,,,,,,,,,,,,,,,,,,,,,,,,,1.0,,,,,,,,,,,,,,,,,,,,,,,,,,,,,,,,,,,,,,,,,,,,,,,,,,,,,,,,,,,,,,,,,,,,,,,,,,,,,,,,,,,,,,,,2.0,,,,,,,,,,,,,,,,,,,,,,,,,,,,,,,,,,None,None,2.0,ShimmerscaleHeartOfGold,,,,,,,,,,,,,,,,,,,,,,,,,,,,,,,,,,
8,EUW1_5971135535,TFT7_Augment_BestFriends1,TFT7_Augment_DragonAlliance,TFT6_Augment_SunfireBoard,,,,1.0,1.0,,2.0,,,1.0,,,0.0,,,,,1.0,,,1.0,,,,0.0,,,2.0,,,,,,,,,,,,,,,,,,,,,,,,,,,,,1.0,GuinsoosRageblade,LastWhisper,Quicksilver,,,,,,,,,2.0,BrambleVest,GargoyleStoneplate,,,,,,2.0,UnstableConcoction,GuardianAngel,,,,,,,,,,,,,,,,,,,,,,,,,,1.0,,,,,,,,,,,,,,,,,,,,,,,,,,,,,,,,,,,,,,,,,,,,,,,,1.0,,,,,,,,,,,,,,,,,,,,,,,,,,,,,,,,,,,,,,,,,,,,,,,,,,,,,,,,,,,,,,,,,,,,1.0,ShimmerscaleHeartOfGold,,,,,None,None,,,,,,,,,,,,,,,,,,,,,,,,,,,,,,,,,,,,
5,EUW1_5971271030,TFT6_Augment_Meditation2,TFT6_Augment_Ascension,TFT6_Augment_ComponentGrabBag,,0.0,1.0,1.0,,,,,0.0,,2.0,,,2.0,,2.0,,,,,0.0,1.0,,,,1.0,,1.0,,,,,,,,,,,,,,,,,,,,,1.0,,,,,,,,,,,,,,,,,,,,,,,,,,,,,,,,,,,,,,,,,,,,,,,,2.0,,,,2.0,WhispersEmblemItem,IonicSpark,TitansResolve,,,,,,,,,,,,,,,,,,,,,,,,,2.0,,,,3.0,,,,,,,,,,,,,,,,,,,,,,,,,,,,,,,,2.0,SpearOfShojin,JeweledGauntlet,InfinityEdge,,,,,,,,,,,,,,,,,,,,,,,,,,,,,,,,,,,,,2.0,TitansResolve,RedBuff,Redemption,,,,,,,,,,,,,,,,,1.0,TrainerSnax,None,None,,,,,,,,,,,,,,,,,,,,,,,,,,,,,,,,,1.0,,,
2,EUW1_5971271030,TFT6_Augment_ClearMind,TFT7_Augment_DragonAlliance,TFT7_Augment_GadgetExpert,,,,1.0,,,2.0,0.0,,1.0,,,,0.0,2.0,,,,,,1.0,,,,,,0.0,2.0,,,,,,,,,,,,,,,,,,,,,,,,,,,,,,,,,,,,,2.0,StatikkShiv,RapidFireCannon,,2.0,RedBuff,GargoyleStoneplate,BrambleVest,,,,,2.0,UnstableConcoction,TitansResolve,Bloodthirster,,,,,,,,,,,,,,,,,,,,,,,,,,,,,,,,,,,,,,,,,,,,,,,,,,,,,,,,,,,,,,,,,,,,,,,,,,,,,,,,,,,,,,,,,,,,,,,,,,,,,,,,,,,,,,,,,,,,,,,,,,,,,2.0,GargoyleStoneplate,,,,,,,,,,,,,,,1.0,,,,,,None,None,,,,,,,,,,,,,,,,,,,,,,,,,2.0,ZekesHerald,ShimmerscaleHeartOfGold,UnstableConcoction,,,,,,,,
3,EUW1_5971271030,TFT6_Augment_TradeSector,TFT6_Augment_TargetDummies,TFT6_Augment_Ascension,1.0,1.0,1.0,1.0,,,,,,,3.0,,,0.0,,1.0,,,,,,,,1.0,,,,1.0,,,,,,,,,,,,,,,,,,,,,1.0,DragonsClaw,GiantsBelt,SpearOfShojin,,,,,,,,,,,,,,,,,,,,,,,,,,,,,,,,,,,,,,,,,,,,,,,,,3.0,RedBuff,WarmogsArmor,DragonsClaw,,,,,,,,,,,,,,,,,,,,,,,,,,,,,3.0,,,,,,,,,,,,,,,,,,,,,,,,1.0,,,,,,,,,,,,,,,,,,,,,,,,,,,,,,,,,,,,,,,,,,,,,,,,2.0,,,,,,,,1.0,,,,,,,,,,,,,,None,None,,,,,2.0,,,,3.0,RunaansHurricane,GuinsoosRageblade,InfinityEdge,,,,,,,,,,,,,,,,,,,,,,,,
7,EUW1_5971271030,TFT7_Augment_BestFriends2,TFT6_Augment_SalvageBin,TFT7_Augment_RagewingScorch,,,,,,,,2.0,,,,1.0,0.0,,,,1.0,,,1.0,0.0,,,0.0,0.0,,,,,,,,,,,,,,,,2.0,RagewingEmblemItem,,,,,,,,,,,,,,,,,,,,,,,,,,,,,,,,,,,,,,,,,,,,,,,,,,,,,,,,,,,,,,,,,,,2.0,,,,,,,,2.0,,,,,,,,,,,,,,,,,,,,2.0,Redemption,GargoyleStoneplate,Quicksilver,,,,,,,,,,,,,,,,,,,,,,,,,,,,,,,,,,,,,2.0,,,,,,,,,,,,,,,,,,,,,,,,2.0,StatikkShiv,GuinsoosRageblade,Quicksilver,,,,,,,,,,,,,,,,,,,,,,,None,None,,,,,,,,,,,,,,,,,2.0,Shroud,,,,,,,,,,,,,,,,,,
8,EUW1_5971271030,TFT6_Augment_PortableForge,TFT6_Augment_Ascension,TFT6_Augment_ComponentGrabBag,,0.0,,1.0,,,1.0,0.0,,,,0.0,,,,,0.0,,,2.0,,,,,,,,2.0,,,,,,,,,,,,,,,,,,,,,,,,,,,,,,,,,,,,,,,,,,,,,,,,,1.0,GiantsBelt,,,2.0,SeraphsEmbrace,TitansResolve,JeweledGauntlet,,,,,1.0,,,,,,,,,,,,,,,,,,,,,,,,,,,,,,,,,,,,,,,,,,,,,,,,,,,,3.0,RunaansHurricane,GuinsoosRageblade,MadredsBloodrazor,,,,,,,,,,,,,,,,,,,,,,,,,,,,,,,,,,,,,,,,,,,,,3.0,OrnnEternalWinter,WarmogsArmor,RedBuff,,,,,,,,,1.0,,,,,,,,,,,,,,,,,,,,,,,,,,None,None,,,,,,,,,,,,,,,,,,,,,,,,,,,,,,,,,,,,
6,EUW1_5971271030,TFT7_Augment_CannoneerRicochet,TFT6_Augment_SalvageBin,TFT6_Augment_CyberneticImplants2,,,1.0,,2.0,,1.0,,1.0,0.0,1.0,,,,,1.0,,2.0,,,1.0,,,,,1.0,,,,,,,,,,,,,,,,,,,,,,,1.0,ShimmerscaleHeartOfGold,,,,,,,2.0,MadredsBloodrazor,InfinityEdge,,,,,,,,,,2.0,GargoyleStoneplate,GargoyleStoneplate,Redemption,,,,,,,,,,,,,,,,,,,,,,,,,,,,,,,,,2.0,ChainVest,,,,,,,,,,,,,,,,,,,,,,,2.0,PowerGauntlet,,,,,,,,,,,,,,,,,,,,,,,,,,,,,,,,,,,,,,,,,,,,,,,,,,,,,,,,,,,,,,,2.0,FrozenHeart,,,,,,,,,,,,,,,,,,,,,,,,,,,,,,,3.0,TrainerSnax,None,None,2.0,GuinsoosRageblade,,,,,,,,,,,,,,,,,,,,,,,,,,,,,,,,,,
4,EUW1_5971271030,TFT6_Augment_CalculatedLoss,TFT6_Augment_LudensEcho2,TFT6_Augment_Diversify2,,1.0,,1.0,,,1.0,,1.0,,1.0,,,2.0,,1.0,,,,,0.0,1.0,,,,0.0,,0.0,,,,,,,,,,,,,,,,,2.0,SpearOfShojin,MageEmblemItem,ArchangelsStaff,,,,,,,,,,,,,,,,,,,,,,,,,,,,,,,,,,,,,,,,,,,,,,,,,,,,,2.0,,,,,,,,,,,,,,,,,,,,,,,,,,,,2.0,,,,2.0,,,,,,,,,,,,,,,,,,,,,,,,,,,,,,,,2.0,ArchangelsStaff,ZekesHerald,Chalice,,,,,,,,,,,,,,,,,,,,,,,,,,,,,,,,,,,,,2.0,RedBuff,ChainVest,,,,,,,,,,,,,,,,,,,,None,None,,,,,,,,,,,,,,,,,,,,,,,,,,,,,,,,,2.0,,,
1,EUW1_5971271030,TFT6_Augment_MakeshiftArmor2,TFT6_Augment_Electrocharge2,TFT6_Augment_PortableForge,2.0,0.0,,2.0,,0.0,,,,0.0,1.0,,0.0,0.0,,,0.0,,2.0,,,,,,1.0,,1.0,0.0,,,,,,,,,,,,,,,,,,,,,,,,,2.0,,,,,,,,2.0,InfinityEdge,RabadonsDeathcap,ArchangelsStaff,,,,,,,,,,,,,,,,,,,,,,,,,,,,,,,,,,,,,2.0,,,,,,,,,,,,,,,,,,,,,,,,1.0,,,,,,,,,,,,,,,,,,,,,,,,3.0,InfinityEdge,AssassinEmblemItem,OrnnInfinityForce,2.0,Zephyr,,,,,,,2.0,SeraphsEmbrace,,,,,,,,,,,,,,,,,,,2.0,RedBuff,DragonsClaw,,,,,,,,,,,,,,,,,,,,,,,,,,,,,,2.0,ZekesHerald,Deathblade,,,,,,,,,,,,None,None,,,,,,,,,,,,,,,,,,,,,,,,,,,,,,,,,,,,
1,EUW1_5970916920,TFT7_Augment_AstralIntercosmicGifts,TFT6_Augment_TargetDummies,TFT6_Augment_Meditation2,,1.0,,1.0,,,,,0.0,,1.0,,,3.0,,1.0,,,,,0.0,1.0,,,,1.0,,0.0,,,,,,,,,,,,,,,,,,,,,,,,,,,,,,,,,,,,,,,,,,,,,,,,,,,,,,,,,,,,,,,,,,,,,2.0,,,,2.0,TitanicHydra,TitansResolve,ChainVest,,,,,,,,,,,,,,,,,,,,,,,,,2.0,Chalice,Chalice,MageEmblemItem,3.0,,,,,,,,,,,,,,,,,,,,,,,,,,,,,,,,3.0,SpearOfShojin,HextechGunblade,ArchangelsStaff,,,,,,,,,,,,,,,,,,,,,,,,,,,,,,,,,,,,,3.0,GargoyleStoneplate,WarmogsArmor,TitansResolve,,,,,,,,,,,,,,,,,4.0,TrainerSnax,None,None,,,,,,,,,,,,,1.0,,,,,,,,,,,,,,,,,,,,1.0,,,
7,EUW1_5970916920,TFT6_Augment_CyberneticImplants2,TFT7_Augment_MageEmblem,TFT6_Augment_SecondWind2,,2.0,,1.0,,,1.0,,1.0,,1.0,,,2.0,,1.0,,,,,,,,,,0.0,,0.0,,,,,,,,,,,,,,,,,1.0,SeraphsEmbrace,MageEmblemItem,,,,,,,,,,,,,,,,,,,,,,,,,,,,,,,,,,,,,,,,,,,,,,,,,,,,,,2.0,ThiefsGloves,RunaansHurricane,MadredsBloodrazor,,,,,,,,,,,,,,,,,,,,,,,,,2.0,,,,2.0,,,,,,,,,,,,,,,,,,,,,,,,,,,,,,,,2.0,SpearOfShojin,,,,,,,,,,,,,,,,,,,,,,,,,,,,,,,,,,,,,,,1.0,RedBuff,DragonsClaw,Redemption,,,,,,,,,,,,,,,,,,,None,None,,,,,,,,,,,,,2.0,Shroud,,,,,,,,,,,,,,,,,,,,,,
6,EUW1_5970916920,TFT7_Augment_SwiftshotPressTheAttack,TFT7_Augment_GadgetExpert,TFT7_Augment_PandorasBench,,1.0,,2.0,,,,,,,1.0,,0.0,,,,1.0,,,,,,,2.0,1.0,,0.0,,,,,,,,,,,,,,,,,,,,,,,,,,,,,,,,,,,,,,,,,,,,,,,,,,,,,,,,,,2.0,,,,,,,,,,,,,,,,2.0,GargoyleStoneplate,GargoyleStoneplate,GargoyleStoneplate,,,,,,,,,,,,,,,,,,,,,,,,,,,,,,,,,,,,,,,,,,,,,,,,,1.0,,,,,,,,,,,,,,,,,,,,,,,,,,,,2.0,,,,,,,,2.0,,,,,,,,,,,,,,,,,,,,,,,,,,,,,,,,,,,,,,None,None,,,,,2.0,StatikkShiv,ZekesHerald,RagewingEmblemItem,3.0,Quicksilver,GuinsoosRageblade,InfinityEdge,,,,,,,,,1.0,,,,,,,,,,,,,,,
8,EUW1_5970916920,TFT7_Augment_AstralIntercosmicGifts,TFT7_Augment_FirstAidKit2,TFT6_Augment_TomeOfTraits1,,1.0,,1.0,,,,,1.0,,1.0,,,0.0,,1.0,,,,,,,,1.0,,0.0,,0.0,,,,,,,,,,,,,,,,,,,,,,,,,,,,,,,,,,,,,,,,,,,,,,,,,,,,,,,,,,,,,,,,,,,,,,,,,3.0,GargoyleStoneplate,TitansResolve,,,,,,,,,,,,,,,,,,,,,,,,,,2.0,,,,2.0,EvokerEmblemItem,,,,,,,,,,,,,,,,,,,,,,,,,,,,,,,,,,,,,,,,,,,,,,,,,,,,,,,,,,,,,,,,,,,,,,,2.0,,,,,,,,,,,,,,,,,,,,,,None,None,,,,,2.0,,,,2.0,GuinsoosRageblade,Deathblade,RunaansHurricane,,,,,,,,,,,,,,,,,,,,,,,,
4,EUW1_5970916920,TFT7_Augment_DragonmancerEmblem,TFT7_Augment_LastStand,TFT6_Augment_ComponentGrabBag,,,,1.0,,0.0,,2.0,,,,1.0,0.0,,,,1.0,,,1.0,,,,0.0,1.0,,0.0,,,,,,,,,,,,,,2.0,Chalice,,,,,,,,,,,,,,,,,,,,,,,,,,,,,,,,,,,,,,,,,,,,,,,,,,,2.0,DragonmancerEmblemItem,,,,,,,,,,,,,,,2.0,,,,,,,,2.0,,,,,,,,,,,,,,,,,,,,2.0,FrozenHeart,DragonmancerEmblemItem,WarmogsArmor,,,,,,,,,,,,,2.0,Morellonomicon,WarmogsArmor,,,,,,,,,,,,,,,,,,,,,,,,,,2.0,ThiefsGloves,Zephyr,GuardianAngel,,,,,,,,,,,,,,,,,3.0,MadredsBloodrazor,GuinsoosRageblade,MadredsBloodrazor,,,,,,,,,,,,,,,,,,,,,,,None,None,,,,,,,,,,,,,,,,,,,,,,,,,,,,,,,,,,,,
3,EUW1_5970916920,TFT7_Augment_MirageEmblem,TFT6_Augment_ComponentGrabBag,TFT6_Augment_Ascension,,,1.0,,,3.0,1.0,0.0,1.0,,2.0,,,,3.0,1.0,0.0,0.0,,,,,,,,0.0,0.0,,,,,,,,,,,,,,,,,,,,,,1.0,,,,,,,,,,,,,,,,2.0,Quicksilver,ArchangelsStaff,MadredsBloodrazor,,,,,,,,,,,,,,,,,,,,,,,,,2.0,MirageEmblemItem,,,,,,,,,,,,,,,,,,,,,,,,,,,,,,,,,,,2.0,ZekesHerald,,,,,,,,,,,,,,,2.0,WarmogsArmor,GargoyleStoneplate,FrozenHeart,,,,,,,,,,,,,,,,,,,,,2.0,Shroud,,,,,,,,,,,,,,,,,,,,,,,1.0,ThiefsGloves,UnstableConcoction,Zephyr,,,,,,,,,,,,,,,,,,,,,,,,,,,,,,,None,None,,,,,,,,,,,,,,,,,,,,,,,,,2.0,FrozenHeart,CavalierEmblemItem,,,,,,,,,
2,EUW1_5970916920,TFT6_Augment_ThrillOfTheHunt2,TFT7_Augment_GadgetExpert,TFT7_Augment_ShapeshifterBeastsDen,,,,,,,1.0,1.0,,,,3.0,,,,0.0,0.0,,,2.0,,,1.0,0.0,,,,0.0,,,,,,,,,,,,,2.0,,,,,,,,,,,,,,,,,,,,,,,,,,,,,,,,2.0,UnstableConcoction,UnstableConcoction,MadredsBloodrazor,,,,,2.0,JadeEmblemItem,,,,,,,2.0,Bloodthirster,,,,,,,,,,,,,,,,,,,1.0,,,,,,,,,,,,,,,,,,,,,,,,,,,,2.0,GargoyleStoneplate,RedBuff,ChainVest,,,,,,,,,,,,,,,,,,,,,,,,,,,,,,,,,,,,,,,,,,,,,,,,,,,,,,,,,1.0,ThiefsGloves,Morellonomicon,GuardianAngel,2.0,StatikkShiv,UnstableConcoction,StatikkShiv,,,,,,,,,,,,,,,,,,,,,,,None,None,,,,,,,,,,,,,,,,,,,,,,,,,,,,,,,,,,,,
5,EUW1_5970916920,TFT6_Augment_LudensEcho2,TFT6_Augment_TomeOfTraits1,TFT6_Augment_ComponentGrabBag,,1.0,1.0,1.0,,,1.0,,,,1.0,,,2.0,,1.0,,,,,0.0,1.0,,,1.0,,,0.0,,,,,,,,,1.0,ArchangelsStaff,UnstableConcoction,RabadonsDeathcap,,,,,,,,,1.0,,,,,,,,,,,,,,,,,,,,,,,,,,,,,,,,,,,,,,,,,,,,,,,,,,,,2.0,MageEmblemItem,,,,,,,,,,,,,,,,,,,,,,,,,,,,,,,3.0,,,,,,,,,,,,,,,,,,,,,,,,,,,,,,,,,,,,,,,,,,,,,,,,,,,,,,,,,,,,,,,,,,,,,,,,2.0,WarmogsArmor,TitansResolve,TitanicHydra,,,,,,,,,,,,,,,,,,,None,None,,,,,,,,,,,,,2.0,Shroud,,,,,,,,,,,,,,,,,,,1.0,GuinsoosRageblade,RabadonsDeathcap,GuinsoosRageblade
8,EUW1_5972817432,TFT7_Augment_UrfsGrabBag1,TFT6_Augment_FirstAidKit,TFT7_Augment_BestFriends1,,,,1.0,,3.0,,0.0,0.0,,1.0,0.0,1.0,,0.0,,0.0,,,,0.0,,,,0.0,,0.0,,,,,,2.0,JeweledGauntlet,GuinsoosRageblade,,,,,,,,,,,,,,,,,,,,,,,,,,,,,,,,,,,,,,,,,,,,,,,,,,,,,,,,,,1.0,,,,,,,,,,,,,,,,,,,,,,,,,,,,,,,,,,,,,,,,,,,,,,,,,,,,2.0,ZekesHerald,,,,,,,1.0,CavalierEmblemItem,Morellonomicon,,,,,,,,,,,,,,2.0,,,,,,,,,,,,1.0,,,,,,,,,,,,,,,,,,,,,,,,,,,,,,,,,,,,,,,,,,,,,,None,None,,,,,,,,,,,,,,,,,2.0,GuinsoosRageblade,Quicksilver,Bloodthirster,,,,,,,,,,,,,,,,
6,EUW1_5972817432,TFT7_Augment_ClutteredMind,TFT7_Augment_BestFriends1,TFT6_Augment_SecondWind1,0.0,1.0,,2.0,,0.0,,,,,2.0,,0.0,0.0,,,0.0,,,,,,,1.0,0.0,,,0.0,,,,,,,,,,,,,,,,,,,,,,,,,,,,,,,,,,,,,,,,,,,,,,,,,,,,,,,,,,,,,,,,,,,,,,,,,2.0,RedBuff,Redemption,,,,,,,,,,,,,,,,,,,,,,,,,,,,,,,,,,,,,,,,,,,,,,,,,,2.0,ThiefsGloves,RedBuff,InfinityEdge,,,,,,,,,,,,,2.0,GiantsBelt,,,,,,,,,,,,,,,,,,,2.0,,,,,,,,,,,,,,,,2.0,TitanicHydra,,,,,,,1.0,,,,,,,,,,,,,,None,None,,,,,,,,,3.0,GuinsoosRageblade,MadredsBloodrazor,MadredsBloodrazor,,,,,,,,,2.0,GuinsoosRageblade,,,,,,,,,,,,,,
7,EUW1_5972817432,TFT7_Augment_PandorasBench,TFT6_Augment_ItemGrabBag1,TFT6_Augment_SecondWind1,,,1.0,,1.0,,1.0,,1.0,1.0,1.0,,,,,1.0,,1.0,0.0,,1.0,,,,,1.0,,,,,,,,,,,,,,,,,,,,,,,1.0,RecurveBow,,,1.0,GargoyleStoneplate,Zephyr,,2.0,LastWhisper,ShimmerscaleGamblersBlade,MadredsBloodrazor,,,,,,,,,2.0,RedBuff,GargoyleStoneplate,DragonsClaw,,,,,,,,,,,,,,,,,,,,,,,,,,,,,,,,,,,,,,,,,,,,,,,,,,,,,,,,,1.0,,,,,,,,,,,,,,,,,,,,,,,,,,,,,,,,,,,,,,,,,,,,,,,,,,,,,,,,,,,,,,,,2.0,SpearOfShojin,Bloodthirster,,,,,,,,,,,,,,,,,,,,,,,,,,,,,,2.0,TrainerSnax,None,None,2.0,,,,,,,,,,,,,,,,,,,,,,,,,,,,,,,,,,,
1,EUW1_5972817432,TFT6_Augment_CyberneticImplants2,TFT6_Augment_Distancing,TFT6_Augment_CyberneticUplink1,,,1.0,,1.0,,1.0,0.0,1.0,1.0,1.0,,,,0.0,1.0,,1.0,,,1.0,,,,,1.0,0.0,0.0,,,,,,,,,,,,,,,,,,,,,2.0,NeedlesslyLargeRod,,,,,,,2.0,GuinsoosRageblade,RunaansHurricane,StatikkShiv,,,,,,,,,2.0,Redemption,RedBuff,BrambleVest,,,,,,,,,,,,,,,,,,,,,,,,,,,,,,,,,,,,,,,,,,,,,,,,,,,,,,,,,2.0,BFSword,,,,,,,,,,,,,,,,,,,,,,,,,,,,,,,,,,,,,,,,,,,,,,,,,,,,,,,,,,,,,,,2.0,ShimmerscaleGamblersBlade,,,,,,,,,,,,,,,,,,,,,,,,,,,1.0,ThiefsGloves,Morellonomicon,TitanicHydra,2.0,TrainerSnax,None,None,2.0,BFSword,,,,,,,,,,,,,,,,,,,,,,,2.0,FrozenHeart,Zephyr,,,,,,,,,
5,EUW1_5972817432,TFT6_Augment_CyberneticImplants2,TFT6_Augment_Distancing,TFT6_Augment_CyberneticUplink1,,0.0,,2.0,,,1.0,,,,,0.0,0.0,0.0,,,,,,,,,1.0,1.0,1.0,,,2.0,,,,,,,,,,,,,,,,,,,,,,,,,,,,,,,,,,,,,,,,,,,,,,,,,1.0,ThiefsGloves,RecurveBow,MadredsBloodrazor,,,,,2.0,BFSword,,,,,,,,,,,,,,,3.0,Quicksilver,RunaansHurricane,,,,,,,,,,,,,,,,,,,,,,,,,,,,,,,,,,,,,,,,,,,,,,,,,,1.0,GiantsBelt,,,,,,,,,,,,,,,,,,,,,,,,,,,,,,,,,,,,,,,,,,,1.0,RapidFireCannon,,,,,,,1.0,GiantsBelt,,,,,,,,,,,,,,,,,,,,,None,None,,,,,,,,,3.0,RunaansHurricane,GuinsoosRageblade,MadredsBloodrazor,,,,,,,,,,,,,,,,,,,,,,,,
4,EUW1_5972817432,TFT7_Augment_CannoneerRicochet,TFT7_Augment_CannoneerTrait,TFT6_Augment_SecondWind1,,,1.0,1.0,2.0,,1.0,,1.0,,1.0,,,0.0,,1.0,,1.0,,,,,,,,1.0,,2.0,,,,,,,,,,,,,,,,,,,,,1.0,,,,,,,,2.0,GuinsoosRageblade,UnstableConcoction,MadredsBloodrazor,,,,,,,,,,,,,,,,,2.0,UnstableConcoction,Deathblade,LastWhisper,,,,,,,,,,,,,,,,,,,,,,,,,,,,,,,,,,,,,,,,,,,,,,,,,2.0,GiantsBelt,,,,,,,,,,,,,,,,,,,,,,,,,,,,,,,,,,,,,,,,,,,,,,,,,,,,,,,,,,,,,,,2.0,RabadonsDeathcap,MadredsBloodrazor,,,,,,,,,,2.0,Redemption,,,,,,,,,,,,,,,,,,,4.0,TrainerSnax,None,None,1.0,,,,,,,,,,,,,,,,,,,,,,,,,,,,,,,,,,,
2,EUW1_5972817432,TFT7_Augment_MageConference,TFT7_Augment_Preparation,TFT6_Augment_Meditation1,,0.0,,0.0,,0.0,1.0,,1.0,,1.0,,,3.0,,0.0,,0.0,0.0,,0.0,1.0,,,1.0,0.0,,0.0,,,,,,,,,1.0,MageEmblemItem,EvokerEmblemItem,,,,,,,,,,,,,,,,,,,,,,,,,,,,,,,,,,,,,,,,,,,,,,,,,,,,,,,,,,3.0,,,,,,,,,,,,,,,,,,,,,,,,,,,,3.0,,,,,,,,3.0,,,,,,,,,,,,,,,,,,,,,,,,,,,,,,,,3.0,ArchangelsStaff,HextechGunblade,SpearOfShojin,,,,,,,,,,,,,,,,,,,,,,,,,1.0,,,,,,,,,,,,3.0,Redemption,DragonsClaw,TitanicHydra,,,,,,,,,,,,,,,,,,,None,None,,,,,,,,,,,,,,,,,,,,,,,,,,,,,,,,,2.0,HextechGunblade,ArchangelsStaff,
3,EUW1_5972817432,TFT6_Augment_HyperRoll,TFT7_Augment_BandOfThieves1,TFT6_Augment_Distancing,1.0,,,1.0,,1.0,,,,,3.0,,0.0,,,,1.0,,,,,,,1.0,1.0,,0.0,,,,,,,,,,,,,,,,,,,,,,,,,,,,,,,,,,,,,,,,,,,,,,,,,,,,,,,,,,,,,,,,,,2.0,ThiefsGloves,Quicksilver,Deathblade,,,,,,,,,,,,,,,,,,,,,,,,,,,,,,,,,,,,,,,,,,,,,,,,,,,,,,,,,2.0,Redemption,RedBuff,GargoyleStoneplate,,,,,2.0,,,,,,,,2.0,,,,,,,,,,,,2.0,,,,,,,,,,,,,,,,,,,,,,,,,,,,,,,,2.0,StatikkShiv,RunaansHurricane,InfinityEdge,,,,,,,,,,,None,None,,,,,2.0,,,,,,,,,,,,,,,,2.0,GuinsoosRageblade,InfinityEdge,RunaansHurricane,,,,,,,,,,,,
8,EUW1_5972339105,TFT6_Augment_ClearMind,TFT7_Augment_MageTrait,TFT6_Augment_JeweledLotus,,1.0,,1.0,,0.0,,,0.0,,1.0,,,3.0,,1.0,,,0.0,,,,,,,1.0,,0.0,,,,,,,,,,,,,,,,,,,,,,,,,,,,,,,,,,,,,,,,,,,,,,,,,,,,,,,,,,,,,,,,,,,,,2.0,,,,2.0,,,,,,,,,,,,,,,,,,,,,,,,2.0,,,,1.0,,,,3.0,TearOfTheGoddess,,,,,,,,,,,,,,,,,,,,,,,,,,,,,,,2.0,ArchangelsStaff,SpearOfShojin,MadredsBloodrazor,,,,,,,,,,,,,,,,,,,,,,,,,,,,,,,,,,,,,2.0,WarmogsArmor,BrambleVest,Quicksilver,,,,,,,,,,,,,,,,,1.0,TrainerSnax,None,None,,,,,,,,,,,,,2.0,,,,,,,,,,,,,,,,,,,,,,,
6,EUW1_5972339105,TFT7_Augment_CannoneerHotShot,TFT6_Augment_Diversify1,TFT6_Augment_JeweledLotus,,,1.0,,2.0,,1.0,,1.0,0.0,1.0,,,,,1.0,,2.0,,,1.0,,,,,1.0,,,,,,,,,,,,,,,,,,,,,,,1.0,,,,,,,,2.0,Deathblade,GuinsoosRageblade,UnstableConcoction,,,,,,,,,2.0,ShimmerscaleMogulsMail,DragonsClaw,,,,,,,,,,,,,,,,,,,,,,,,,,,,,,,,,,1.0,,,,,,,,,,,,,,,,,,,,,,,,2.0,,,,,,,,,,,,,,,,,,,,,,,,,,,,,,,,,,,,,,,,,,,,,,,,,,,,,,,,,,,,,,,,1.0,SpearOfShojin,ArchangelsStaff,,,,,,,,,,,,,,,,,,,,,,,,,,,,,,3.0,TrainerSnax,None,None,1.0,ThiefsGloves,PowerGauntlet,FrozenHeart,,,,,,,,,,,,,,,,,,,,,,,,,,,,,,,,
7,EUW1_5972339105,TFT6_Augment_CyberneticImplants2,TFT6_Augment_Weakspot,TFT6_Augment_CelestialBlessing2,,,,1.0,1.0,1.0,,,1.0,,1.0,,0.0,,,0.0,0.0,1.0,,,,,,,0.0,1.0,0.0,,,,,,,,,,,,,,,,,,,,,,,,,,,,,,2.0,GuinsoosRageblade,InfinityEdge,LastWhisper,,,,,,,,,,,,,,,,,,,,,,,,,,,,,,,,,2.0,Morellonomicon,,,,,,,,,,,,,,,,,,,,,,,,,,,,,,,,,,,1.0,,,,,,,,,,,,,,,,,,,,,,,,2.0,,,,,,,,,,,,,,,,2.0,,,,,,,,,,,,2.0,FrozenHeart,DragonsClaw,,,,,,,,,,1.0,,,,,,,,,,,,,,,,,,,,,,,,,,,,,,,,1.0,TrainerSnax,None,None,1.0,NeedlesslyLargeRod,,,,,,,,,,,,,,,,,,,,,,,,,,,,,,,,,,
1,EUW1_5972339105,TFT6_Augment_PortableForge,TFT6_Augment_Meditation1,TFT7_Augment_FirstAidKit2,,0.0,1.0,,,,1.0,0.0,1.0,,1.0,2.0,0.0,0.0,0.0,3.0,,,,1.0,,,,,,0.0,0.0,,,,,,2.0,SeraphsEmbrace,StatikkShiv,RabadonsDeathcap,,,,,,,,,,,,,2.0,,,,,,,,,,,,,,,,,,,,,,,,2.0,Bloodthirster,TitansResolve,MadredsBloodrazor,,,,,,,,,,,,,1.0,Shroud,,,,,,,,,,,,,,,,,,,,,,,,,,,,,,,,,,,,,,,2.0,,,,1.0,,,,2.0,WarmogsArmor,GargoyleStoneplate,OrnnEternalWinter,,,,,,,,,,,,,,,,,,,,,,,,,,,,,,,,,,,,,,,,,,,,,,,,,,,,,,,,,,,,,,,,,,,,,,,,,,,,,,,,,,,,,,,None,None,,,,,,,,,,,,,,,,,,,,,,,,,1.0,,,,,,,,,,,
2,EUW1_5972339105,TFT6_Augment_LudensEcho2,TFT6_Augment_FirstAidKit,TFT6_Augment_ComponentGrabBag,,1.0,,1.0,,,,,0.0,,1.0,0.0,,3.0,,1.0,,,,,0.0,1.0,1.0,,,1.0,,0.0,,,,,,,,,,,,,,,,,,,,,,,,,,,,,,,,,,,,,,,,,,,,,,,,,,,,,,,,,,,,,,,,,,,,,2.0,,,,3.0,MageEmblemItem,BrambleVest,WarmogsArmor,,,,,,,,,,,,,,,,,,,,,,,,,2.0,,,,3.0,,,,,,,,,,,,,,,,,,,,,,,,,,,,,,,,2.0,HextechGunblade,,,,,,,,,,,,,,,,,,,,,,,,,,,,,,,1.0,,,,,,,,2.0,TitansResolve,WarmogsArmor,GargoyleStoneplate,,,,,,,,,,,,,,,,,4.0,TrainerSnax,None,None,,,,,,,,,,,,,2.0,RedBuff,,,,,,,,,,,,,,,,,,,2.0,StatikkShiv,GuardianAngel,SpearOfShojin
5,EUW1_5972339105,TFT6_Augment_FuturePeepers,TFT6_Augment_ItemGrabBag1,TFT6_Augment_Diversify2,1.0,,,0.0,,0.0,,0.0,,,2.0,0.0,0.0,,,,1.0,,,1.0,,,,1.0,1.0,,,,,,,,,,,,,,,,,,,,,,,,,,,,,,,,,,,,,,,,,,,,,,,,,,,,,,,,,,,,,,,,,,,,2.0,,,,,,,,,,,,,,,,,,,,,,,,,,,,,,,,,,,,,,,,,,,,2.0,RedBuff,GargoyleStoneplate,TitanicHydra,,,,,,,,,,,,,1.0,,,,,,,,1.0,Zephyr,,,,,,,,,,,,,,,,,,,,,,,,,,,,,,,,,,,,,,,2.0,,,,,,,,,,,,2.0,GuardianAngel,UnstableConcoction,MadredsBloodrazor,,,,,,,,,,,None,None,,,,,1.0,,,,,,,,,,,,,,,,2.0,GuinsoosRageblade,MadredsBloodrazor,TitansResolve,,,,,,,,,,,,
3,EUW1_5972339105,TFT7_Augment_GadgetExpert,TFT7_Augment_BandOfThieves1,TFT6_Augment_CyberneticImplants2,,,,,2.0,,1.0,,1.0,1.0,,,,,,0.0,,2.0,0.0,,1.0,,,,,1.0,,,,,,,,,,,,,,,,,,,,,,,,,,,2.0,ThiefsGloves,ZekesHerald,ZekesHerald,2.0,MadredsBloodrazor,UnstableConcoction,RunaansHurricane,,,,,,,,,1.0,WarmogsArmor,ShimmerscaleMogulsMail,DragonsClaw,,,,,,,,,,,,,,,,,,,,,,,,,,,,,,,,,2.0,ThiefsGloves,ChainVest,LocketOfTheIronSolari,,,,,,,,,,,,,,,,,,,,,2.0,ZekesHerald,,,,,,,,,,,,,,,,,,,,,,,,,,,,,,,,,,,,,,,,,,,,,,,,,,,,,,,,,,,,,,,2.0,StatikkShiv,,,,,,,,,,,,,,,,,,,,,,,,,,,,,,,2.0,TrainerSnax,None,None,1.0,BFSword,,,,,,,,,,,,,,,,,,,,,,,,,,,,,,,,,,
4,EUW1_5972339105,TFT7_Augment_GuildEmblem,TFT6_Augment_Diversify1,TFT7_Augment_GuildGearUpgrades,0.0,,,1.0,,0.0,1.0,,,,5.0,,0.0,1.0,,,,,,,,,,0.0,2.0,,,0.0,,,,,,,,,1.0,MageEmblemItem,GuildEmblemItem,SpearOfShojin,,,,,,,,,,,,,,,,,,,,,,,,,,,,,,,,,,,,,,,,,,,,,,,,,,,,,,,,,,,,,,,,,,,,,,,,,,,,,,,,,,,,,,,,,,,,,,,,,,,,,,,,,,,,,,,,,2.0,DragonsClaw,RedBuff,,,,,,,,,,2.0,ArchangelsStaff,,,2.0,RecurveBow,,,,,,,,,,,,,,,,,,,,,,,,,,,,,,,,,,,1.0,,,,,,,,2.0,RunaansHurricane,InfinityEdge,LastWhisper,,,,,,,,,,,None,None,,,,,2.0,,,,,,,,,,,,,,,,,,,,,,,,,,,,,,,
8,EUW1_5972619546,TFT6_Augment_CyberneticUplink2,TFT6_Augment_Distancing2,TFT6_Augment_TargetDummies,0.0,1.0,,2.0,,,,,,,1.0,,0.0,0.0,,,,,,,,,,1.0,0.0,,,1.0,,,,,,,,,,,,,,,,,,,,,,,,,,,,,,,,,,,,,,,,,,,,,,,,,,,,,,,,,,,,,,,,,,,,,,,,,2.0,,,,,,,,,,,,,,,,,,,,,,,,,,,,,,,,,,,,,,,,,,,,,,,,,,,,2.0,RedBuff,,,1.0,UnstableConcoction,,,,,,,,,,,,,,,,,,,,,,,,,,,,,,,3.0,,,,,,,,,,,,,,,,1.0,,,,,,,,,,,,,,,,,,,,,,None,None,,,,,2.0,,,,3.0,GuinsoosRageblade,MadredsBloodrazor,UnstableConcoction,,,,,,,,,,,,,,,,,,,,,,,,
6,EUW1_5972619546,TFT7_Augment_BestFriends2,TFT6_Augment_Electrocharge2,TFT6_Augment_PortableForge,,,,,2.0,,1.0,,1.0,1.0,,,,,,0.0,,2.0,0.0,,1.0,,,,,1.0,,,,,,,,,,,,,,,,,,,,,,,,,,,2.0,,,,2.0,GuinsoosRageblade,OrnnInfinityForce,MadredsBloodrazor,,,,,,,,,2.0,Redemption,WarmogsArmor,ShimmerscaleDeterminedInvestor,,,,,,,,,,,,,,,,,,,,,,,,,,,,,,,,,2.0,,,,,,,,,,,,,,,,,,,,,,,,2.0,,,,,,,,,,,,,,,,,,,,,,,,,,,,,,,,,,,,,,,,,,,,,,,,,,,,,,,,,,,,,,,,2.0,Quicksilver,ArchangelsStaff,Morellonomicon,,,,,,,,,,,,,,,,,,,,,,,,,,,,,1.0,TrainerSnax,None,None,1.0,InfinityEdge,,,,,,,,,,,,,,,,,,,,,,,,,,,,,,,,,,
7,EUW1_5972619546,TFT7_Augment_DragonmancerEmblem,TFT7_Augment_BigFriend2,TFT7_Augment_FirstAidKit2,,,,1.0,,0.0,,2.0,,,,1.0,0.0,,0.0,,1.0,,,1.0,,,,0.0,1.0,,1.0,,,,,,,,,,,,,,2.0,,,,,,,,,,,,,,,,,,,,,,,,,,,,,,,,,,,,,,,,,,,,,,,,,,,,1.0,,,,,,,,,,,,,,,,1.0,ForceOfNature,,,,,,,1.0,,,,,,,,,,,,,,,,,,,,1.0,DragonmancerEmblemItem,IonicSpark,GiantsBelt,,,,,,,,,,,,,1.0,,,,,,,,,,,,,,,,,,,,,,,,,,,,1.0,,,,,,,,,,,,,,,,,,,,2.0,Quicksilver,GuinsoosRageblade,MadredsBloodrazor,,,,,,,,,,,,,,,,,,,,,,,None,None,,,,,,,,,,,,,,,,,,,,,,,,,1.0,,,,,,,,,,,
1,EUW1_5972619546,TFT7_Augment_AstralIntercosmicGifts,TFT6_Augment_Ascension,TFT6_Augment_CyberneticUplink2,,0.0,1.0,1.0,,,1.0,,0.0,,1.0,,,1.0,,1.0,,,,,0.0,1.0,,,1.0,1.0,,0.0,,,,,,,,,1.0,SpearOfShojin,ArchangelsStaff,HextechGunblade,,,,,,,,,2.0,BFSword,,,,,,,,,,,,,,,,,,,,,,,,,,,,,,,,,,,,,,,,,,,,,,,2.0,RecurveBow,,,3.0,NegatronCloak,,,,,,,,,,,,,,,,,,,,,,,,,,,2.0,IonicSpark,,,,,,,,,,,,,,,,,,,,,,,,,,,,,,,,,,,,,,,,,,,,,,,,,,,,,,,,,,,,,,,,,,,,,,,,,,,2.0,GargoyleStoneplate,IonicSpark,BrambleVest,,,,,,,,,,,,,,,,,3.0,TrainerSnax,None,None,,,,,,,,,,,,,,,,,,,,,,,,,,,,,,,,,2.0,Chalice,PowerGauntlet,RecurveBow
2,EUW1_5972619546,TFT7_Augment_BruiserEmblem,TFT6_Augment_SecondWind2,TFT6_Augment_SunfireBoard,1.0,0.0,1.0,3.0,,,1.0,,,,2.0,,0.0,0.0,,0.0,0.0,,,,,,,,1.0,,0.0,2.0,,,,,,,,,,,,,,,,,,,,,1.0,ChainVest,,,,,,,,,,,,,,,,,,,,,,,,,,,2.0,MadredsBloodrazor,TitansResolve,Bloodthirster,,,,,,,,,,,,,,,,,,,,,2.0,,,,,,,,,,,,,,,,,,,,,,,,,,,,,,,,,,,,,,,,,,,,,,,,,,,,2.0,ZekesHerald,IonicSpark,Redemption,,,,,1.0,,,,,,,,,,,,,,,,,,,,2.0,FrozenHeart,GargoyleStoneplate,,,,,,,,,,,,,,,,,,,,,,2.0,ThiefsGloves,WarmogsArmor,InfinityEdge,,,,,2.0,BruiserEmblemItem,Bloodthirster,,,,,,,,,,,,None,None,,,,,,,,,,,,,,,,,,,,,,,,,,,,,,,,,,,,
3,EUW1_5972619546,TFT6_Augment_LudensEcho2,TFT7_Augment_MageConference,TFT6_Augment_Ascension,,0.0,,1.0,,,1.0,,1.0,,,,0.0,1.0,,1.0,,0.0,,,0.0,1.0,,,2.0,1.0,,0.0,,,,,,,,,2.0,MadredsBloodrazor,SpearOfShojin,MadredsBloodrazor,,,,,,,,,,,,,,,,,,,,,,,,,,,,,,,,,,,,,,,,,,,,,,,,,,,,,,,,,2.0,,,,,,,,,,,,,,,,,,,,,,,,,,,,,,,,2.0,Chalice,Chalice,,3.0,StatikkShiv,,,,,,,,,,,,,,,,,,,1.0,,,,,,,,,,,,,,,,,,,,,,,,,,,,,,,,,,,,,,,,1.0,,,,,,,,,,,,2.0,GargoyleStoneplate,RedBuff,WarmogsArmor,,,,,,,,,,,,,,,,,2.0,TrainerSnax,None,None,,,,,,,,,,,,,,,,,,,,,,,,,,,,,,,,,2.0,HextechGunblade,,
4,EUW1_5972619546,TFT6_Augment_CyberneticUplink2,TFT6_Augment_SecondWind2,TFT7_Augment_BestFriends2,,,,,2.0,,1.0,,1.0,1.0,,,,,,0.0,,2.0,0.0,,1.0,,,,,1.0,,,,,,,,,,,,,,,,,,,,,,,,,,,2.0,GargoyleStoneplate,,,2.0,UnstableConcoction,GuinsoosRageblade,MadredsBloodrazor,,,,,,,,,2.0,RedBuff,ShimmerscaleDiamondHands,,,,,,,,,,,,,,,,,,,,,,,,,,,,,,,,,,2.0,NegatronCloak,,,,,,,,,,,,,,,,,,,,,,,2.0,NegatronCloak,,,,,,,,,,,,,,,,,,,,,,,,,,,,,,,,,,,,,,,,,,,,,,,,,,,,,,,,,,,,,,,2.0,ZekesHerald,Chalice,,,,,,,,,,,,,,,,,,,,,,,,,,,,,,4.0,TrainerSnax,None,None,2.0,UnstableConcoction,,,,,,,,,,,,,,,,,,,,,,,,,,,,,,,,,,
5,EUW1_5972619546,TFT7_Augment_BestFriends2,TFT6_Augment_Ascension,TFT6_Augment_JeweledLotus,,,,1.0,,1.0,,1.0,0.0,,1.0,0.0,1.0,0.0,1.0,,,,,,0.0,,,,1.0,,0.0,0.0,,,,,2.0,,,,,,,,,,,,,,,,,,,,,,,,,,,,,,,,,,,,,,,,,,,,,,,,,,,,,,,,,,,,,,,,,,,,,,,,,,,,,,,,,,,,2.0,PowerGauntlet,TitanicHydra,,,,,,,,,,,,,,,,,,,,,,,,,,2.0,ZekesHerald,ZekesHerald,Chalice,,,,,1.0,,,,,,,,,,,,,,,,2.0,,,,,,,,,,,,,,,,,,,,,,,,,,,,,,,,,,,,1.0,,,,,,,,,,,,,,,,,,,,,,None,None,,,,,,,,,,,,,,,,,3.0,GuinsoosRageblade,Quicksilver,Bloodthirster,,,,,1.0,WarmogsArmor,,,,,,,,,,
3,EUW1_5971924024,TFT6_Augment_TrueTwos,TFT7_Augment_BestFriends2,TFT6_Augment_SunfireBoard,0.0,,,1.0,,1.0,,,,,3.0,0.0,0.0,,,,1.0,,,,,,1.0,1.0,0.0,,0.0,,,,,,,,,,,,,,,,,,,,,,,,,,,,,,,,,,,,,,,,,,,,,,,,,,,,,,,,,,,,,,,,,,2.0,,,,,,,,,,,,,,,,,,,,,,,,,,,,,,,,,,,,,,,,,,,,,,,,,,,,,,,,,,,,1.0,WarmogsArmor,,,,,,,,,,,,,,,2.0,,,,,,,,,,,,2.0,,,,,,,,,,,,,,,,2.0,ArchangelsStaff,StatikkShiv,Shroud,,,,,,,,,,,,,2.0,InfinityEdge,GuardianAngel,,,,,,,,,,,,None,None,,,,,2.0,,,,,,,,,,,,,,,,2.0,GuinsoosRageblade,Deathblade,Quicksilver,,,,,,,,,,,,
8,EUW1_5971924024,TFT7_Augment_AssassinEmblem,TFT6_Augment_ComponentGrabBag,TFT6_Augment_CelestialBlessing2,2.0,,,1.0,,,1.0,,,,1.0,,,0.0,,,0.0,,,,0.0,,,,0.0,,0.0,2.0,,,,,,,,,,,,,,,,,,,,,,,,,,,,,,,,,,,,,,,,,,,,,,,,,2.0,InfinityEdge,MadredsBloodrazor,AssassinEmblemItem,,,,,,,,,,,,,,,,,,,,,,,,,,,,,,,,,2.0,,,,,,,,,,,,,,,,,,,,,,,,,,,,,,,,,,,,,,,,,,,,,,,,2.0,FrozenHeart,GuinsoosRageblade,,,,,,,,,,,,,,,,,,2.0,RedBuff,IonicSpark,WarmogsArmor,,,,,,,,,,,,,,,,,,,,,2.0,,,,,,,,1.0,,,,,,,,,,,,,,None,None,,,,,,,,,,,,,,,,,,,,,,,,,,,,,,,,,,,,
6,EUW1_5971924024,TFT6_Augment_CyberneticImplants2,TFT6_Augment_JeweledLotus,TFT6_Augment_CelestialBlessing2,,,,1.0,,,,,,1.0,,0.0,,,1.0,,0.0,,0.0,,0.0,,1.0,,,,2.0,0.0,2.0,ZekesHerald,PowerGauntlet,,,,,,,,,,,,,,,,,,,,,,,,,,,,,,,,,,,,,,,,,,,,,,,,,,,,,,,,,,,,,,,,,,,,,,,,,,,,,,,,,,,,,,,,,,2.0,,,,,,,,,,,,,,,,,,,,,,,,,,,,2.0,NegatronCloak,,,,,,,,,,,,,,,,,,,,,,,,,,,,,,,3.0,ThiefsGloves,Quicksilver,RabadonsDeathcap,,,,,,,,,,,,,1.0,,,,,,,,,,,,,,,,,,,,,,,,3.0,Zephyr,,,,,None,None,,,,,,,,,,,,,,,,,,,,,,,,,,,,,3.0,RapidFireCannon,Bloodthirster,InfinityEdge,,,,
4,EUW1_5971924024,TFT7_Augment_AstralIntercosmicGifts,TFT6_Augment_Meditation2,TFT6_Augment_TargetDummies,,0.0,,1.0,,,1.0,,0.0,,,,0.0,1.0,,1.0,,,,,0.0,1.0,,,2.0,1.0,,0.0,,,,,,,,,1.0,SpearOfShojin,TitansResolve,JeweledGauntlet,,,,,,,,,,,,,,,,,,,,,,,,,,,,,,,,,,,,,,,,,,,,,,,,,,,,,,,,,2.0,,,,,,,,,,,,,,,,,,,,,,,,,,,,,,,,2.0,Shroud,,,3.0,,,,,,,,,,,,,,,,,,,,2.0,IonicSpark,,,,,,,,,,,,,,,,,,,,,,,,,,,,,,,,,,,,,,,,,,,,,,,,,,,2.0,RedBuff,GargoyleStoneplate,WarmogsArmor,,,,,,,,,,,,,,,,,2.0,TrainerSnax,None,None,,,,,,,,,,,,,,,,,,,,,,,,,,,,,,,,,2.0,ThiefsGloves,SparringGloves,InfinityEdge
1,EUW1_5971924024,TFT6_Augment_RichGetRicher,TFT6_Augment_Ascension,TFT6_Augment_CelestialBlessing2,1.0,1.0,1.0,1.0,,0.0,,,,,4.0,,0.0,0.0,,1.0,,,,,,,,1.0,1.0,,,,,,,,,,,,,,,,,,,,,,,,2.0,,,,,,,,,,,,,,,,,,,,,,,,,,,,,,,,,,,,,,,,,,,,,,,,,,,,3.0,BrambleVest,DragonsClaw,IonicSpark,,,,,,,,,,,,,,,,,,,,,,,,,,,,,3.0,Morellonomicon,,,,,,,,,,,,,,,,,,,2.0,ThiefsGloves,StatikkShiv,SpearOfShojin,,,,,2.0,,,,,,,,2.0,NegatronCloak,,,,,,,,,,,,,,,,,,,,,,,,,,,,,,,,,,,,,,,,,,,2.0,RedBuff,InfinityEdge,,,,,,,,,,,,None,None,,,,,2.0,,,,3.0,RunaansHurricane,SpearOfShojin,GuinsoosRageblade,,,,,,,,,,,,,,,,,,,,,,,,
5,EUW1_5971924024,TFT7_Augment_BestFriends2,TFT6_Augment_PortableForge,TFT6_Augment_SalvageBin,,,,0.0,,3.0,,0.0,0.0,,1.0,0.0,1.0,0.0,0.0,,0.0,,0.0,,0.0,,,,0.0,,,,,,,,2.0,ThiefsGloves,RecurveBow,Shroud,,,,,,,,,,,,,,,,,,,,,,,,,,,,,,,,,,,,,,,,,,,,,,,,,,,,,,,,,2.0,ThiefsGloves,NegatronCloak,StatikkShiv,,,,,,,,,,,,,,,,,,,,,,,,,,,,,2.0,,,,,,,,,,,,,,,,,,,,2.0,Chalice,NeedlesslyLargeRod,,,,,,1.0,OrnnAnimaVisage,BrambleVest,Morellonomicon,,,,,,,,,,,,,1.0,,,,,,,,,,,,,,,,,,,,,,,,,,,,,,,,,,,,,,,,,,,,,,,,,,,,,,,,,,None,None,,,,,,,,,,,,,,,,,2.0,Quicksilver,GuinsoosRageblade,Bloodthirster,,,,,,,,,,,,,,,,
2,EUW1_5971924024,TFT7_Augment_GadgetExpert,TFT6_Augment_Ascension,TFT7_Augment_MirageEmblem,,,,,,2.0,1.0,0.0,0.0,0.0,1.0,,,,3.0,0.0,0.0,,,,,,,,,0.0,0.0,,,,,,,,,,,,,,,,,,,,,,,,,,,,,,,,,,,,,,2.0,GuinsoosRageblade,Quicksilver,JeweledGauntlet,,,,,,,,,,,,,,,,,,,,,,,,,1.0,MirageEmblemItem,,,,,,,,,,,,,,,,,,,,,,,,,,,2.0,RedBuff,WarmogsArmor,,,,,,2.0,MirageEmblemItem,StatikkShiv,,,,,,,,,,,,,,2.0,LocketOfTheIronSolari,LocketOfTheIronSolari,,,,,,,,,,,,,,,,,,,,,,2.0,,,,,,,,,,,,,,,,,,,,,,,,,,,,,,,,,,,,,,,,,,,,,,,,,,,,,,,,,,None,None,,,,,,,,,,,,,,,,,,,,,,,,,2.0,RedBuff,Quicksilver,,,,,,,,,
7,EUW1_5971924024,TFT7_Augment_MageEmblem,TFT6_Augment_ThrillOfTheHunt2,TFT6_Augment_Meditation2,,0.0,,0.0,,,,,0.0,,1.0,,,3.0,,1.0,,,,,0.0,1.0,,,,1.0,,0.0,,,,,,,,,,,,,,,,,,,,,,,,,,,,,,,,,,,,,,,,,,,,,,,,,,,,,,,,,,,,,,,,,,,,,2.0,,,,,,,,,,,,,,,,,,,,,,,,,,,,,,,,2.0,MageEmblemItem,FrozenHeart,,3.0,,,,,,,,,,,,,,,,,,,,,,,,,,,,,,,,2.0,,,,,,,,,,,,,,,,,,,,,,,,,,,,,,,,,,,,,,,,2.0,RedBuff,TitanicHydra,WarmogsArmor,,,,,,,,,,,,,,,,,2.0,TrainerSnax,None,None,,,,,,,,,,,,,2.0,,,,,,,,,,,,,,,,,,,,1.0,SpearOfShojin,GuinsoosRageblade,JeweledGauntlet
6,EUW1_5971948719,TFT7_Augment_BestFriends2,TFT6_Augment_TargetDummies,TFT6_Augment_CelestialBlessing2,,,,1.0,1.0,,1.0,,1.0,,,0.0,,0.0,,0.0,,1.0,,,,,1.0,,,1.0,,2.0,,,,,,,,,,,,,,,,,,,,,,,,,,,,,1.0,UnstableConcoction,InfinityEdge,MadredsBloodrazor,,,,,,,,,,,,,,,,,1.0,Bloodthirster,,,,,,,,,,,,,,,,,,,,,,,,,,,,,,,,,,,,,,,,,,,,,,,,,,,2.0,,,,,,,,,,,,,,,,,,,,,,,,,,,,,,,,,,,,,,,,,,,,,,,,,,,,,,,,,,,,,,,,1.0,RabadonsDeathcap,,,1.0,,,,,,,,2.0,GargoyleStoneplate,LocketOfTheIronSolari,,,,,,,,,,,,,,,,,,2.0,TrainerSnax,None,None,1.0,,,,,,,,,,,,,,,,,,,,,,,,,,,,,,,,,,,
5,EUW1_5971948719,TFT6_Augment_Ascension,TFT6_Augment_ComponentGrabBag,TFT6_Augment_CyberneticImplants2,0.0,1.0,,1.0,,,,,0.0,,2.0,,,1.0,,1.0,,,,,,,,1.0,,0.0,,1.0,,,,,,,,,,,,,,,,,,,,,,,,,,,,,,,,,,,,,,,,,,,,,,,,,,,,,,,,,,,,,,,,,,,,,,,,,3.0,Redemption,RedBuff,GargoyleStoneplate,,,,,,,,,,,,,,,,,,,,,,,,,1.0,,,,3.0,SpearOfShojin,ArchangelsStaff,ArchangelsStaff,,,,,,,,,,,,,,,,,,,,,1.0,FrozenHeart,,,,,,,1.0,,,,,,,,,,,,,,,,,,,,,,,,,,,,,,,,,,,,,,,,2.0,ChainVest,,,,,,,,,,,,,,,,,,,,,None,None,,,,,1.0,,,,3.0,GuinsoosRageblade,RunaansHurricane,InfinityEdge,,,,,,,,,,,,,,,,,,,,,,,,
1,EUW1_5971948719,TFT6_Augment_Electrocharge2,TFT7_Augment_GuildEmblem,TFT6_Augment_TomeOfTraits1,,,1.0,1.0,,2.0,1.0,,,,6.0,,0.0,1.0,,0.0,,,,,0.0,1.0,,0.0,2.0,,,0.0,,,,,,,,,1.0,GuildEmblemItem,SpearOfShojin,JeweledGauntlet,,,,,,,,,1.0,RunaansHurricane,CavalierEmblemItem,,,,,,,,,,,,,,,,,,,,,,,,,,,,,,,,,,,,,,,,,,,,,,,,,,,,,,,,,,,,,,,,,,,,,,,,,,,,,,,,,,,,,,,,,,,,,,,,,,,,,,2.0,Morellonomicon,CavalierEmblemItem,IonicSpark,,,,,,,,,2.0,,,,2.0,TitansResolve,,,,,,,,,,,,,,,,,,,,,,,,,,,,,,,,,,,2.0,,,,,,,,,,,,,,,,,,,,,,None,None,,,,,1.0,,,,,,,,,,,,,,,,,,,,,,,,,,,,2.0,GuildEmblemItem,Quicksilver,StatikkShiv
2,EUW1_5971948719,TFT7_Augment_GuildEmblem,TFT7_Augment_BestFriends2,TFT7_Augment_GuildGearUpgrades,1.0,,1.0,1.0,,1.0,,,,,5.0,,0.0,,,0.0,1.0,,,,,,,1.0,1.0,,0.0,,,,,,,,,,,,,,,,,,,,,,1.0,,,,,,,,,,,,,,,,,,,,,,,,,,,,,,,,,,,,,,,,,,,,2.0,ThiefsGloves,DragonsClaw,HextechGunblade,,,,,,,,,,,,,,,,,,,,,,,,,,,,,,,,,,,,,,,,,,,,,,,,,,,,,,,,,2.0,Morellonomicon,Shroud,,,,,,2.0,ZekesHerald,,,,,,,2.0,RedBuff,,,,,,,,,,,2.0,,,,,,,,,,,,,,,,,,,,,,,,,,,,,,,,2.0,InfinityEdge,FrozenHeart,,,,,,,,,,,,None,None,,,,,2.0,NeedlesslyLargeRod,,,,,,,,,,,,,,,2.0,GuildEmblemItem,MadredsBloodrazor,GuinsoosRageblade,,,,,,,,,,,,
3,EUW1_5971948719,TFT7_Augment_GadgetExpert,TFT6_Augment_PortableForge,TFT6_Augment_CyberneticShell2,,,1.0,,1.0,,1.0,,1.0,1.0,1.0,,,,,1.0,,1.0,0.0,,1.0,,,,,1.0,,,,,,,,,,,,,,,,,,,,,,,2.0,ShimmerscaleHeartOfGold,,,2.0,LocketOfTheIronSolari,,,2.0,OrnnInfinityForce,Deathblade,HextechGunblade,,,,,,,,,2.0,RedBuff,WarmogsArmor,DragonsClaw,,,,,,,,,,,,,,,,,,,,,,,,,,,,,,,,,,,,,,,,,,,,,,,,,,,,,,,,,2.0,StatikkShiv,,,,,,,,,,,,,,,,,,,,,,,,,,,,,,,,,,,,,,,,,,,,,,,,,,,,,,,,,,,,,,,2.0,Morellonomicon,SpearOfShojin,JeweledGauntlet,,,,,,,,,,,,,,,,,,,,,,,,,,,,,1.0,TrainerSnax,None,None,2.0,,,,,,,,,,,,,,,,,,,,,,,,,,,,,,,,,,,
8,EUW1_5971948719,TFT6_Augment_MakeshiftArmor2,TFT6_Augment_SecondWind2,TFT7_Augment_BigFriend2,,,,,,,1.0,,1.0,,,2.0,0.0,,,1.0,0.0,,,1.0,,,,0.0,,0.0,,,,,,,2.0,,,,,,,,,,,,,,,,,,,,,,,,,,,,,,,,,,,,,,,,2.0,TitansResolve,TitansResolve,,,,,,,,,,,,,,1.0,,,,,,,,,,,,,,,,,,,,,,,,,,,,,,,,,,,,,,,,1.0,,,,,,,,1.0,,,,,,,,,,,,,,,,,,,,,,,,,,,,,,,,,,,,,,,,,,,,,,,,,,,,,,,,,,,,,,,,,,,,,,,,,,,,,,,,,,,,,,,,,,None,None,,,,,,,,,,,,,,,,,,,,,2.0,GuinsoosRageblade,MadredsBloodrazor,,,,,,,,,,,,,
7,EUW1_5971948719,TFT6_Augment_Twins2,TFT6_Augment_CyberneticShell2,TFT6_Augment_SecondWind2,,,,0.0,,,,1.0,0.0,,,0.0,1.0,,,,0.0,,,1.0,0.0,,,,1.0,,,,,,,,1.0,,,,,,,,,,,,,,,,,,,,,,,,,,,,,,,,,,,,,,,,,,,,,,,,,,,,,,,,,,,,,,,,,,,,,,,,,,,,,,,,,,,,2.0,,,,,,,,,,,,,,,,,,,,1.0,,,,,,,,,,,,,,,,1.0,ShimmerscaleEmblemItem,,,,,,,,,,,,,,,,,,,,,,,,,,,,,,,,,,,,,,,,,,,,,,,2.0,Zephyr,,,,,,,,,,,,,,,,,,,,,,,,,None,None,,,,,,,,,,,,,,,,,2.0,Chalice,Quicksilver,Bloodthirster,,,,,,,,,,,,,,,,
4,EUW1_5971948719,TFT7_Augment_Preparation2,TFT7_Augment_SwiftshotPressTheAttack,TFT6_Augment_ComponentGrabBag,,,,,,,1.0,1.0,,1.0,,2.0,,,0.0,0.0,,,,,,,,1.0,1.0,,,,,,,,,,,,,,,,2.0,TitanicHydra,,,,,,,,,,,,,,,,,,,,,,,,,,,,,,,1.0,,,,,,,,,,,,3.0,MadredsBloodrazor,UnstableConcoction,ArchangelsStaff,,,,,,,,,,,,,,,,,,,,,3.0,,,,,,,,2.0,ThiefsGloves,TearOfTheGoddess,FrozenHeart,3.0,RedBuff,GargoyleStoneplate,WarmogsArmor,,,,,,,,,,,,,,,,,,,,,,,,,,,,,,,,,,,,,,,,,,,,,,,,,,,,,,,,,,,,,,,,,,,,,,,,,,,,,,,,,,,,,,,,,,,,,3.0,IonicSpark,,,,,,,,,None,None,,,,,,,,,,,,,,,,,,,,,,,,,,,,,,,,,,,,
4,EUW1_5971485406,TFT7_Augment_ShimmerscaleEmblem,TFT6_Augment_Diversify1,TFT6_Augment_RadiantRelics,1.0,,1.0,1.0,,0.0,,0.0,,,3.0,,0.0,,,0.0,1.0,,,,,,,1.0,1.0,,0.0,,,,,,,,,,,,,,,,,,,,,,1.0,SwiftshotEmblemItem,,,,,,,,,,,,,,,,,,,,,,,,,,,,,,,,,,,,,,,,,,,2.0,ThiefsGloves,IonicSpark,StatikkShiv,,,,,,,,,,,,,,,,,,,,,,,,,,,,,,,,,,,,,,,,,,,,,,,,,,,,,,,,,2.0,GargoyleStoneplate,Redemption,,,,,,1.0,,,,,,,,,,,,,,,,,,,,2.0,GiantsBelt,DragonmancerEmblemItem,,,,,,,,,,,,,,,,,,,,,,,,,,,,,,1.0,InfinityEdge,RedBuff,GuinsoosRageblade,,,,,,,,,,,None,None,,,,,2.0,,,,,,,,,,,,,,,,2.0,MadredsBloodrazor,GuinsoosRageblade,InfinityEdgeRadiant,,,,,,,,,,,,
1,EUW1_5971485406,TFT7_Augment_ShimmerscaleEmblem,TFT7_Augment_MirageTrait,TFT6_Augment_CyberneticShell3,,,1.0,1.0,,,1.0,0.0,1.0,,1.0,,0.0,1.0,1.0,1.0,,,,,1.0,1.0,,,2.0,0.0,1.0,0.0,2.0,Shroud,,,,,,,2.0,HextechGunblade,MageEmblemItem,ShimmerscaleGoldmancersStaff,,,,,,,,,2.0,ShimmerscaleEmblemItem,,,,,,,,,,,,,,,,,,,,,,,,,,,,,,,,,,,,,,,,,,,,,,,,,,,,,,,,,,,,,,,,,,,,,,,,,,,,,,,2.0,Chalice,ZekesHerald,,,,,,,,,,,,,,,,,,,,,,2.0,Morellonomicon,,,,,,,,,,,,,,,,,,,,,,,,,,,,,,,,,,,,,,,,,,,,,,,,,,,2.0,RedBuff,,,,,,,,,,,,,,,,,,,,,None,None,,,,,,,,,,,,,,,,,,,,,,,,,2.0,InfinityEdge,Quicksilver,,,,,,2.0,GuinsoosRageblade,EvokerEmblemItem,
8,EUW1_5971485406,TFT7_Augment_BandOfThieves1,TFT6_Augment_CelestialBlessing1,TFT6_Augment_Meditation3,,0.0,,1.0,,,,,0.0,,1.0,,,2.0,,1.0,,,,,0.0,1.0,,,,1.0,,0.0,,,,,,,,,,,,,,,,,,,,,,,,,,,,,,,,,,,,,,,,,,,,,,,,,,,,,,,,,,,,,,,,,,,,,2.0,,,,2.0,IonicSpark,Shroud,RedBuff,,,,,,,,,,,,,,,,,,,,,,,,,2.0,,,,3.0,,,,,,,,,,,,,,,,,,,,,,,,,,,,,,,,2.0,SpearOfShojin,ArchangelsStaff,ZekesHerald,,,,,,,,,,,,,,,,,,,,,,,,,,,,,,,,,,,,,1.0,ThiefsGloves,TearOfTheGoddess,PowerGauntlet,,,,,,,,,,,,,,,,,1.0,TrainerSnax,None,None,,,,,,,,,,,,,,,,,,,,,,,,,,,,,,,,,1.0,,,
5,EUW1_5971485406,TFT6_Augment_TriForce1,TFT6_Augment_TinyTitans,TFT7_Augment_MageEmblem2,,0.0,,1.0,,,1.0,,0.0,,1.0,,0.0,2.0,,1.0,,,,,,,,,2.0,1.0,,0.0,,,,,,,,,1.0,SpearOfShojin,ArchangelsStaff,MageEmblemItem,,,,,,,,,,,,,,,,,,,,,,,,,,,,,,,,,,,,,,,,,,,,,,,,,,,,,,,,,1.0,,,,,,,,,,,,,,,,,,,,,,,,,,,,,,,,2.0,,,,2.0,SpearOfShojin,Chalice,SpearOfShojin,,,,,,,,,,,,,,,,,1.0,,,,,,,,,,,,2.0,Chalice,NeedlesslyLargeRod,,,,,,,,,,,,,,,,,,,,,,,,,,,,,,,,,,,,,,2.0,GargoyleStoneplate,Redemption,GargoyleStoneplate,,,,,,,,,,,,,,,,,1.0,TrainerSnax,None,None,,,,,,,,,,,,,,,,,,,,,,,,,,,,,,,,,,,,
3,EUW1_5971485406,TFT6_Augment_CelestialBlessing1,TFT6_Augment_PandorasItems,TFT7_Augment_ThinkFast,1.0,,,1.0,,0.0,1.0,,,,2.0,,0.0,,,,2.0,,,0.0,,,,1.0,1.0,,0.0,,,,,,,,,,,,,,,,,,,,,,,,,,,,,,,,,,,,,,,,,,,,,,,,,,,,,,,,,,,,,,,,,,2.0,RedBuff,GiantsBelt,GargoyleStoneplate,,,,,,,,,,,,,,,,,,,,,,,,,,,,,,,,,,,,,,,,,,,,,,,,,,,,,,,,,2.0,Morellonomicon,,,,,,,2.0,InfinityEdge,,,,,,,,,,,,,,,,,,,2.0,,,,1.0,,,,,,,,,,,,,,,,,,,,,,,,,,,,2.0,InfinityEdge,MadredsBloodrazor,Quicksilver,,,,,,,,,,,None,None,,,,,2.0,,,,,,,,,,,,,,,,2.0,Quicksilver,MadredsBloodrazor,GuinsoosRageblade,,,,,,,,,,,,
6,EUW1_5971485406,TFT7_Augment_AFK,TFT6_Augment_PandorasItems,TFT6_Augment_VerdantVeil,,1.0,,1.0,,,,,0.0,,1.0,0.0,,1.0,,1.0,,,,,,,1.0,1.0,,1.0,,0.0,,,,,,,,,,,,,,,,,,,,,,,,,,,,,,,,,,,,,,,,,,,,,,,,,,,,,,,,,,,,,,,,,,,,,2.0,,,,3.0,RedBuff,Shroud,,,,,,,,,,,,,,,,,,,,,,,,,,1.0,ZekesHerald,,,3.0,SeraphsEmbrace,NeedlesslyLargeRod,,,,,,,,,,,,,,,,,,,,,,,,,,,,,,,,,,,,,,,,,,,,,,,,,,,,,,,,,,,,,,1.0,,,,,,,,2.0,TitanicHydra,,,,,,,,,,,,,,,,,,,1.0,TrainerSnax,None,None,,,,,2.0,,,,3.0,MadredsBloodrazor,GuinsoosRageblade,RunaansHurricane,,,,,,,,,,,,,,,,,,,,,,,,
7,EUW1_5971485406,TFT7_Augment_BruiserTrait,TFT7_Augment_WhispersTrait,TFT6_Augment_TheGoldenEgg,0.0,,,2.0,,,1.0,,,0.0,,0.0,0.0,0.0,,,,,,1.0,,,,,1.0,,,3.0,,,,,,,,,,,,,,,,,,,,,,,,,,,,,,,,,,,,,,,,,,,,,,,,,2.0,UnstableConcoction,RunaansHurricane,InfinityEdge,1.0,,,,,,,,,,,,,,,,,,,,,,,,,,,,,,,,,,,,,,,,,,,,,,,,,,,,,,,,2.0,,,,,,,,,,,,,,,,2.0,RedBuff,,,,,,,2.0,Shroud,,,,,,,,,,,,,,,,,,,,,,,,,,,,,,,,,,,,,,,,,,,1.0,Shroud,,,,,,,,,,,,,,,2.0,,,,,,None,None,,,,,,,,,,,,,,,,,,,,,,,,,,,,,,,,,,,,
2,EUW1_5971485406,TFT6_Augment_Traitless1,TFT6_Augment_CelestialBlessing1,TFT6_Augment_Distancing3,0.0,,,0.0,0.0,0.0,,0.0,,0.0,1.0,0.0,0.0,,0.0,,0.0,0.0,0.0,0.0,,,,0.0,0.0,,0.0,,,,,,,,,,,,,,,,,,,,,,,,,,2.0,,,,2.0,GuinsoosRageblade,InfinityEdge,UnstableConcoction,,,,,,,,,,,,,,,,,,,,,,,,,,,,,,,,,1.0,ThiefsGloves,RedBuff,InfinityEdge,,,,,,,,,,,,,,,,,,,,,,,,,,,,,,,,,,,,,,,,,2.0,IonicSpark,,,,,,,,,,,,,,,2.0,RedBuff,TearOfTheGoddess,,,,,,,,,,,,,,,,,,,,,,,,,,,,,,,,,,,,,,,,,,,,,,,,,,,,,,,,,,2.0,Zephyr,,,,,,,,,,,,,None,None,,,,,,,,,,,,,,,,,,,,,2.0,MadredsBloodrazor,GuinsoosRageblade,,2.0,ThiefsGloves,RecurveBow,TitanicHydra,,,,,,,,
8,EUW1_5971409282,TFT6_Augment_TrueTwos,TFT7_Augment_BestFriends2,TFT6_Augment_MakeshiftArmor2,1.0,,,1.0,,1.0,,,,,3.0,,0.0,,,,1.0,,,,,,,1.0,1.0,,0.0,,,,,,,,,,,,,,,,,,,,,,,,,,,,,,,,,,,,,,,,,,,,,,,,,,,,,,,,,,,,,,,,,,1.0,,,,,,,,,,,,,,,,,,,,,,,,,,,,,,,,,,,,,,,,,,,,,,,,,,,,,,,,,,,,1.0,,,,,,,,2.0,,,,,,,,1.0,,,,,,,,,,,,1.0,,,,,,,,,,,,,,,,,,,,,,,,,,,,,,,,2.0,FrozenHeart,Quicksilver,,,,,,,,,,,,None,None,,,,,2.0,ZekesHerald,,,,,,,,,,,,,,,2.0,Quicksilver,MadredsBloodrazor,GuinsoosRageblade,,,,,,,,,,,,
5,EUW1_5971409282,TFT7_Augment_GuildLoot,TFT6_Augment_SunfireBoard,TFT6_Augment_ComponentGrabBag,0.0,,,1.0,,1.0,,0.0,,,3.0,,0.0,,,,1.0,,,,,,,1.0,1.0,,0.0,,,,,,,,,,,,,,,,,,,,,,,,,,,,,,,,,,,,,,,,,,,,,,,,,,,,,,,,,,,,,,,,,,2.0,ThiefsGloves,JeweledGauntlet,RabadonsDeathcap,,,,,,,,,,,,,,,,,,,,,1.0,,,,,,,,,,,,,,,,,,,,,,,,,,,,,,,,,,,,2.0,WarmogsArmor,GargoyleStoneplate,PowerGauntlet,,,,,,,,,,,,,2.0,,,,,,,,,,,,2.0,,,,,,,,,,,,,,,,,,,,,,,,,,,,,,,,1.0,RunaansHurricane,MadredsBloodrazor,InfinityEdge,,,,,,,,,,,None,None,,,,,2.0,SparringGloves,,,,,,,,,,,,,,,2.0,MadredsBloodrazor,GuinsoosRageblade,Quicksilver,,,,,,,,,,,,
6,EUW1_5971409282,TFT6_Augment_TomeOfTraits1,TFT6_Augment_Twins2,TFT6_Augment_SalvageBin,1.0,,,2.0,,0.0,,,,,,,0.0,0.0,,,0.0,,2.0,,,,,,0.0,,1.0,0.0,,,,,,,,,,,,,,,,,,,,,,,,,,,,,,,,,2.0,Bloodthirster,FrozenHeart,InfinityEdge,,,,,,,,,,,,,,,,,,,,,,,,,,,,,,,,,,,,,,,,,,,,,,,,,,,,,,,,,,,,,2.0,PowerGauntlet,,,,,,,,,,,,,,,,,,,,,,,2.0,AssassinEmblemItem,MadredsBloodrazor,InfinityEdge,1.0,,,,,,,,,,,,,,,,,,,,,,,,,,,,2.0,,,,,,,,,,,,,,,,,,,,,,,,2.0,ScalescornEmblemItem,WarmogsArmor,Quicksilver,,,,,,,,,,,,,,,,,,,None,None,,,,,,,,,,,,,,,,,,,,,,,,,,,,,,,,,,,,
2,EUW1_5971409282,TFT6_Augment_SalvageBin,TFT7_Augment_RagewingScorch,TFT6_Augment_SunfireBoard,,,,,,,1.0,2.0,,,,1.0,0.0,,,,1.0,,,1.0,0.0,,,0.0,0.0,,,,,,,,,,,,,,,,2.0,,,,,,,,,,,,,,,,,,,,,,,,,,,,,,,,,,,,,,,,,,,,,,,,,,,,,,,,,,,,,,,,,,,,2.0,ZekesHerald,,,,,,,2.0,,,,,,,,,,,,,,,,,,,,2.0,TitansResolve,WarmogsArmor,DragonsClaw,,,,,,,,,,,,,,,,,,,,,,,,,,,,,,,,,,,,,2.0,,,,,,,,2.0,WarmogsArmor,DragonsClaw,ArchangelsStaff,,,,,,,,,,,,,3.0,Quicksilver,StatikkShiv,GuinsoosRageblade,,,,,,,,,,,,,,,,,,,,,,,None,None,,,,,,,,,,,,,,,,,2.0,RabadonsDeathcap,,,,,,,,,,,,,,,,,,
1,EUW1_5971409282,TFT7_Augment_MageEmblem,TFT6_Augment_BlueBattery2,TFT7_Augment_PandorasBench,,0.0,1.0,1.0,0.0,,,0.0,1.0,,1.0,,,2.0,0.0,2.0,,1.0,,,0.0,1.0,,,,1.0,0.0,0.0,,,,,,,,,,,,,,,,,,,,,1.0,,,,,,,,3.0,UnstableConcoction,MageEmblemItem,SpearOfShojin,,,,,,,,,,,,,,,,,,,,,,,,,,,,,,,,,,,,,2.0,,,,2.0,,,,,,,,,,,,,,,,,,,,,,,,,,,,2.0,,,,3.0,LocketOfTheIronSolari,Chalice,LocketOfTheIronSolari,,,,,,,,,,,,,,,,,,,,,,,,,,,,,,,,,,,,,,,,,,,,,,,,,,,,,,,,,2.0,Morellonomicon,,,,,,,,,,,2.0,WarmogsArmor,IonicSpark,,,,,,,,,,,,,,,,,,4.0,TrainerSnax,None,None,,,,,,,,,,,,,,,,,,,,,,,,,2.0,,,,,,,,1.0,SpearOfShojin,RabadonsDeathcap,
4,EUW1_5971409282,TFT6_Augment_TrueTwos,TFT6_Augment_TargetDummies,TFT6_Augment_Ascension,,,1.0,0.0,2.0,,1.0,,1.0,,1.0,,,,,1.0,,2.0,,,,,,,,1.0,,1.0,,,,,,,,,,,,,,,,,,,,,1.0,,,,,,,,2.0,SeraphsEmbrace,InfinityEdge,MadredsBloodrazor,,,,,,,,,,,,,,,,,2.0,IonicSpark,RedBuff,Redemption,,,,,,,,,,,,,,,,,,,,,,,,,2.0,,,,,,,,,,,,,,,,,,,,,,,,2.0,,,,,,,,,,,,,,,,,,,,,,,,,,,,,,,,,,,,,,,,,,,,,,,,,,,,,,,,,,,,,,,,2.0,SeraphsEmbrace,,,,,,,,,,,,,,,,,,,,,,,,,,,,,,,3.0,TrainerSnax,None,None,2.0,RunaansHurricane,Deathblade,,,,,,,,,,,,,,,,,,,,,,,,,,,,,,,,,
3,EUW1_5971409282,TFT7_Augment_BestFriends2,TFT6_Augment_PortableForge,TFT6_Augment_BlueBattery2,,0.0,1.0,1.0,,,1.0,,0.0,,1.0,,0.0,1.0,,2.0,,,,,,,,,2.0,1.0,,0.0,,,,,,,,,1.0,ArchangelsStaff,MadredsBloodrazor,SpearOfShojin,,,,,,,,,1.0,,,,,,,,,,,,,,,,,,,,,,,,,,,,,,,,,,,,,,,,,,,,,,,,2.0,,,,,,,,,,,,,,,,,,,,,,,,,,,,,,,,2.0,Zephyr,,,3.0,RabadonsDeathcap,SpearOfShojin,Bloodthirster,,,,,,,,,,,,,,,,,2.0,,,,,,,,,,,,,,,,,,,,,,,,,,,,,,,,,,,,,,,,,,,,,,,,,,,,2.0,OrnnRocketPropelledFist,IonicSpark,RedBuff,,,,,,,,,,,,,,,,,4.0,TrainerSnax,None,None,,,,,,,,,,,,,,,,,,,,,,,,,,,,,,,,,,,,
7,EUW1_5971409282,TFT7_Augment_GadgetExpert,TFT6_Augment_Ascension,TFT6_Augment_CelestialBlessing2,,,,,,2.0,1.0,,,1.0,1.0,,,,3.0,,0.0,,0.0,,,,,,,,0.0,,,,,,,,,,,,,,,,,,,,,,,,,,1.0,,,,,,,,,,,,1.0,GuinsoosRageblade,StatikkShiv,Quicksilver,,,,,,,,,,,,,,,,,,,,,,,,,2.0,ChainVest,,,,,,,,,,,,,,,,,,,,,,,,,,,2.0,,,,,,,,,,,,,,,,,,,,,,,,2.0,GargoyleStoneplate,DragonsClaw,TitanicHydra,,,,,,,,,,,,,,,,,,,,,2.0,,,,,,,,,,,,,,,,,,,,,,,,,,,,,,,,,,,,,,,,,,,,,,,,,,,,,,,,,,None,None,,,,,,,,,,,,,,,,,,,,,,,,,,,,,2.0,ThiefsGloves,TearOfTheGoddess,FrozenHeart,,,,
5,EUW1_5970903959,TFT6_Augment_RichGetRicher,TFT7_Augment_BandOfThieves1,TFT6_Augment_PandorasItems,,0.0,,2.0,,,1.0,0.0,,,,,0.0,,0.0,,0.0,0.0,,,,,,,2.0,,1.0,,,,,,,,,,1.0,StatikkShiv,UnstableConcoction,SpearOfShojin,,,,,,,,,,,,,,,,,,,,,,,,,,,,,,,,,,,,,,,,,,,,,,,,,,,,,,,,,,,,,2.0,TitanicHydra,Shroud,,,,,,,,,,,,,,2.0,,,,,,,,,,,,,,,,,,,,,,,,,,,,,,,,,,,,1.0,TearOfTheGoddess,ZekesHerald,,,,,,,,,,,,,,,,,,,,,,,,,,2.0,Zephyr,,,,,,,,,,,,,,,,,,,,,,,,,,,2.0,RedBuff,,,,,,,,,,,,,,,,,None,None,,,,,,,,,,,,,,,,,,,,,,,,,2.0,ThiefsGloves,Redemption,BrambleVest,,,,,,,,
6,EUW1_5970903959,TFT7_Augment_RagewingScorch,TFT6_Augment_CyberneticUplink1,TFT6_Augment_Diversify1,1.0,,,1.0,,1.0,,,,,3.0,,0.0,,,,1.0,,,,,,,1.0,1.0,,0.0,,,,,,,,,,,,,,,,,,,,,,,,,,,,,,,,,,,,,,,,,,,,,,,,,,,,,,,,,,,,,,,,,,1.0,SeraphsEmbrace,,,,,,,,,,,,,,,,,,,,,,,,,,,,,,,,,,,,,,,,,,,,,,,,,,,,,,,,,,,1.0,LocketOfTheIronSolari,,,,,,,2.0,,,,,,,,2.0,,,,,,,,,,,,2.0,,,,,,,,,,,,,,,,,,,,,,,,,,,,,,,,2.0,FrozenHeart,LastWhisper,,,,,,,,,,,,None,None,,,,,2.0,,,,,,,,,,,,,,,,1.0,GuinsoosRageblade,MadredsBloodrazor,Quicksilver,,,,,,,,,,,,
2,EUW1_5970903959,TFT6_Augment_TriForce2,TFT6_Augment_Weakspot,TFT7_Augment_BandOfThieves1,0.0,1.0,,1.0,,,,,0.0,,2.0,,,1.0,,1.0,,,,,0.0,1.0,,1.0,,0.0,,0.0,,,,,,,,,,,,,,,,,,,,,,,,,,,,,,,,,,,,,,,,,,,,,,,,,,,,,,,,,,,,,,,,,,,,,,,,,3.0,GargoyleStoneplate,Redemption,,,,,,,,,,,,,,,,,,,,,,,,,,2.0,ThiefsGloves,Bloodthirster,HextechGunblade,3.0,LocketOfTheIronSolari,PowerGauntlet,,,,,,,,,,,,,,,,,,,,,,,,,,,,,,,,,,,,,,,,,,,,,,,,,,,,,,,,,,,,,,,,,,,,,,2.0,ThiefsGloves,RapidFireCannon,SpearOfShojin,,,,,1.0,,,,,,,,,,,,,,None,None,,,,,2.0,,,,3.0,GuinsoosRageblade,Deathblade,RunaansHurricane,,,,,,,,,,,,,,,,,,,,,1.0,TearOfTheGoddess,,
3,EUW1_5970903959,TFT7_Augment_MageEmblem,TFT6_Augment_PandorasItems,TFT7_Augment_MysticTrait,,1.0,,1.0,,0.0,,,0.0,,2.0,,,3.0,,2.0,,,0.0,,,,,,,1.0,,0.0,,,,,,,,,,,,,,,,,,,,,,,,,,,,,,,,,,,,,,,,,,,,,,,,,,,,,,,,,,,,,,,,,,,,,2.0,,,,2.0,MageEmblemItem,,,,,,,,,,,,,,,,,,,,,,,1.0,,,,2.0,,,,3.0,SpearOfShojin,MadredsBloodrazor,RapidFireCannon,,,,,,,,,,,,,,,,,,,,,,,,,,,,,3.0,ArchangelsStaff,SpearOfShojin,HextechGunblade,,,,,,,,,,,,,,,,,,,,,,,,,,,,,,,,,,,,,2.0,WarmogsArmor,IonicSpark,GuildEmblemItem,,,,,,,,,,,,,,,,,4.0,TrainerSnax,None,None,,,,,,,,,,,,,2.0,ThiefsGloves,SparringGloves,Chalice,,,,,,,,,,,,,,,,,,,,
1,EUW1_5970903959,TFT7_Augment_MikaelsGift,TFT7_Augment_MirageTrait,TFT7_Augment_CavalierTrait,,,1.0,,,4.0,1.0,0.0,,,3.0,0.0,,0.0,3.0,0.0,0.0,,,,,,1.0,,,,0.0,,,,,,,,,,,,,,,,,,,,,,2.0,,,,,,,,,,,,,,,,2.0,ArchangelsStaff,JeweledGauntlet,UnstableConcoction,,,,,,,,,,,,,,,,,,,,,,,,,2.0,GuardianAngel,,,,,,,,,,,,,,,,,,,,,,,,,,,,,,,,,,,,,,,,,,,,,,,,,,,2.0,WarmogsArmor,IonicSpark,,,,,,,,,,,,,,,,,,1.0,,,,2.0,LocketOfTheIronSolari,,,,,,,,,,,,,,,,,,,,,,,,,,,1.0,,,,,,,,,,,,,,,,,,,,,,,,,,,,,,None,None,,,,,,,,,,,,,,,,,,,,,,,,,2.0,CavalierEmblemItem,Deathblade,HextechGunblade,,,,,,,,
8,EUW1_5970903959,TFT7_Augment_ShimmerscaleTrait,TFT6_Augment_ThrillOfTheHunt1,TFT6_Augment_Diversify1,0.0,,1.0,0.0,,,1.0,0.0,,,1.0,0.0,0.0,,,0.0,0.0,,,1.0,1.0,,,,2.0,,,,,,,,,,,,1.0,GuinsoosRageblade,UnstableConcoction,ShimmerscaleHeartOfGold,,,,,,,,,1.0,GiantsBelt,,,,,,,,,,,,,,,,,,,,,,,,,,,,,,,,,,,,,,,1.0,,,,,,,,,,,,,,,,,,,,,,,,2.0,,,,,,,,,,,,,,,,,,,,,,,,1.0,RedBuff,,,,,,,,,,,,,,,1.0,,,,,,,,,,,,,,,,,,,,,,,,,,,,,,,,,,,,,,,,,,,,,,,,,,,,,,,,,,,,,,,,,,,,,,,,,,None,None,,,,,,,,,,,,,,,,,2.0,,,,,,,,,,,,,,,,,,,
7,EUW1_5970903959,TFT7_Augment_RagewingScorch,TFT7_Augment_BestFriends1,TFT6_Augment_Weakspot,0.0,,,0.0,,1.0,1.0,,,,1.0,,,,,,2.0,,,0.0,,,,1.0,1.0,,0.0,,,,,,,,,,,,,,,,,,,,,,,,,,,,,,,,,,,,,,,,,,,,,,,,,,,,,,,,,,2.0,RunaansHurricane,GuinsoosRageblade,,,,,,2.0,,,,,,,,,,,,,,,,,,,,,,,,,,,,,,,,,,,,,,,,,,,,,,,,,,,,,,,,,,,,,,,,,,,,2.0,,,,,,,,2.0,,,,,,,,,,,,2.0,,,,1.0,UnstableConcoction,UnstableConcoction,RedBuff,,,,,,,,,,,,,,,,,,,,,,,,,,,,,,,,,,,,,,,None,None,,,,,,,,,,,,,,,,,,,,,2.0,GuinsoosRageblade,Deathblade,Quicksilver,,,,,,,,,,,,
4,EUW1_5970903959,TFT6_Augment_Meditation2,TFT7_Augment_LategameSpecialist,TFT7_Augment_MageTrait,,,1.0,1.0,,,,0.0,0.0,,2.0,,0.0,2.0,0.0,2.0,,,,,0.0,1.0,,,0.0,1.0,0.0,0.0,,,,,,,,,,,,,,,,,,,,,2.0,,,,,,,,,,,,,,,,,,,,,,,,,,,,,,,,,,,,,,,,,,,,,,,,2.0,,,,,,,,,,,,,,,,,,,,,,,,,,,,,,,,2.0,,,,,,,,,,,,,,,,,,,,,,,,2.0,GuardianAngel,,,,,,,,,,,1.0,,,,,,,,,,,,,,,,,,,,,,,,,,,,,,,,,,,,,,,,2.0,RedBuff,MysticEmblemItem,DragonsClaw,,,,,,,,,,,,,,,,,2.0,TrainerSnax,None,None,,,,,,,,,,,,,,,,,,,,,,,,,2.0,TitansResolve,RapidFireCannon,RedBuff,,,,,1.0,SpearOfShojin,SpearOfShojin,Quicksilver
2,EUW1_5970969951,TFT6_Augment_Electrocharge1,TFT7_Augment_JadeEmblem,TFT7_Augment_GadgetExpert,,,,,,,1.0,,1.0,0.0,,2.0,0.0,,,,,0.0,,1.0,,,1.0,,1.0,,,,,,,,3.0,ArchangelsStaff,Morellonomicon,JeweledGauntlet,1.0,PowerGauntlet,SpearOfShojin,StatikkShiv,,,,,,,,,,,,,,,,,,,,,,,,,,,,,,,,,,,,,,,,,,,,,,,,,2.0,,,,,,,,,,,,,,,,,,,,,,,,,,,,,,,,,,,,,,,,,,,,,,,,2.0,InfinityEdge,IonicSpark,DragonsClaw,,,,,,,,,,,,,,,,,,,,,,,,,,,,,,,,,,,,,,,,,,,,,,,,,,,,,1.0,JadeEmblemItem,,,1.0,StatikkShiv,PowerGauntlet,,,,,,,,,,,,,,,,,,2.0,LocketOfTheIronSolari,,,,,,,,,None,None,,,,,,,,,,,,,,,,,,,,,,,,,,,,,,,,,,,,
6,EUW1_5970969951,TFT6_Augment_CelestialBlessing1,TFT6_Augment_TinyTitans,TFT7_Augment_GadgetExpert,,1.0,,2.0,,,,,,,1.0,,0.0,,,,0.0,,,,,,,2.0,1.0,,0.0,,,,,,,,,,,,,,,,,,,,,,,,,,,,,,,,,,,,,,,,,,,,,,,,,,,,,,,,,,1.0,,,,,,,,,,,,,,,,3.0,BrambleVest,DragonsClaw,,,,,,,,,,,,,,,,,,,,,,,,,,,,,,,,,,,,,,,,,,,,,,,,,,1.0,,,,,,,,,,,,,,,,,,,,,,,,,,,,2.0,,,,,,,,2.0,,,,,,,,,,,,,,,,,,,,,,,,,,,,,,,,,,,,,,None,None,,,,,2.0,StatikkShiv,ZekesHerald,ZekesHerald,3.0,Deathblade,UnstableConcoction,,,,,,,,,,1.0,,,,,,,,,,,,,,,
7,EUW1_5970969951,TFT6_Augment_CyberneticUplink1,TFT6_Augment_ThrillOfTheHunt1,TFT7_Augment_UrfsGrabBag1,1.0,,,2.0,,,1.0,0.0,,,,,0.0,0.0,0.0,,0.0,,,,,,,,1.0,,1.0,2.0,,,,,,,,,,,,,,,,,,,,,,,,,,,,,,,,,,,,,,,,,,,,,,,,,2.0,AssassinEmblemItem,MadredsBloodrazor,InfinityEdge,,,,,,,,,,,,,,,,,,,,,,,,,,,,,,,,,,,,,,,,,,,,,,,,,,,,,,,,,,,,,,,,,,,,,,,,,2.0,ThiefsGloves,BFSword,Shroud,,,,,1.0,FrozenHeart,Shroud,,,,,,,,,,,,,,,,,,1.0,,,,,,,,,,,,,,,,,,,,,,,,2.0,TitanicHydra,GargoyleStoneplate,,,,,,,,,,,,,,,,,,,,None,None,,,,,,,,,,,,,,,,,,,,,,,,,1.0,,,,,,,,,,,
4,EUW1_5970969951,TFT6_Augment_SecondWind1,TFT6_Augment_Weakspot,TFT6_Augment_PortableForge,,0.0,,,,,1.0,0.0,,0.0,,1.0,,,,,1.0,,,3.0,,,,,,,,0.0,,,,,,,,,,,,,,,,,,,,,,,,,,,,,,,,,,,,,,,,,,,,,,,,,,,,,2.0,,,,,,,,2.0,,,,,,,,,,,,,,,,,,,,,,,,,,,,,,,,,,,,,,,,,,,,,,,,2.0,GargoyleStoneplate,WarmogsArmor,WarmogsArmor,3.0,GuinsoosRageblade,Quicksilver,Deathblade,,,,,,,,,,,,,,,,,,,,,,,,,,,,,,,,,,,,,,,,,1.0,GuardianAngel,OrnnZhonyasParadox,RabadonsDeathcap,,,,,,,,,,,,,1.0,Shroud,,,,,,,,,,,,,,,2.0,,,,,,,,,,None,None,,,,,,,,,,,,,,,,,,,,,,,,,,,,,,,,,,,,
5,EUW1_5970969951,TFT6_Augment_CyberneticUplink1,TFT6_Augment_SecondWind1,TFT7_Augment_RagewingScorch,1.0,,,1.0,,0.0,,0.0,,,1.0,,0.0,,,,2.0,,,0.0,0.0,,,0.0,0.0,,0.0,,,,,,,,,,,,,,,,,,,,,,,,,,,,,,,,,,,,,,,,,,,,,,,,,,,,,,,,,,,,,,,,,,2.0,WarmogsArmor,SpearOfShojin,,,,,,,,,,,,,,,,,,2.0,,,,,,,,,,,,,,,,,,,,,,,,,,,,,,,,,,,,,,,,2.0,ThiefsGloves,ZekesHerald,Deathblade,,,,,,,,,,,,,,,,,,,,,,,,,2.0,,,,,,,,,,,,,,,,,,,,2.0,,,,,,,,,,,,2.0,RagewingEmblemItem,MadredsBloodrazor,UnstableConcoction,,,,,,,,,,,None,None,,,,,,,,,,,,,,,,,,,,,2.0,Quicksilver,MadredsBloodrazor,GuinsoosRageblade,,,,,,,,,,,,
1,EUW1_5970969951,TFT6_Augment_FirstAidKit,TFT6_Augment_TinyTitans,TFT6_Augment_PortableForge,,0.0,1.0,1.0,,,,,1.0,,2.0,,0.0,2.0,,2.0,,,,,0.0,1.0,,,0.0,1.0,,0.0,,,,,,,,,,,,,,,,,,,,,1.0,,,,,,,,,,,,,,,,,,,,,,,,,,,,,,,,,,,,,,,,,,,,,,,,1.0,,,,,,,,,,,,,,,,,,,,,,,,,,,,,,,,2.0,,,,2.0,EvokerEmblemItem,UnstableConcoction,Chalice,,,,,,,,,,,,,,,,,2.0,IonicSpark,,,,,,,,,,,3.0,ArchangelsStaff,MadredsBloodrazor,SpearOfShojin,,,,,,,,,,,,,,,,,,,,,,,,,,,,,,,,,,,,,2.0,RedBuff,OrnnEternalWinter,DragonsClaw,,,,,,,,,,,,,,,,,2.0,TrainerSnax,None,None,,,,,,,,,,,,,,,,,,,,,,,,,,,,,,,,,1.0,StatikkShiv,GuinsoosRageblade,RunaansHurricane
3,EUW1_5970969951,TFT6_Augment_Meditation1,TFT6_Augment_LudensEcho1,TFT7_Augment_GadgetExpert,,0.0,1.0,1.0,,,1.0,,0.0,,1.0,,0.0,1.0,,2.0,,,,,,,,,2.0,1.0,,0.0,,,,,,,,,1.0,SpearOfShojin,SpearOfShojin,HextechGunblade,,,,,,,,,1.0,,,,,,,,,,,,,,,,,,,,,,,,,,,,,,,,,,,,,,,,,,,,,,,,2.0,,,,,,,,,,,,,,,,,,,,,,,,,,,,,,,,2.0,,,,3.0,StatikkShiv,PowerGauntlet,Quicksilver,,,,,,,,,,,,,,,,,1.0,Quicksilver,NegatronCloak,,,,,,,,,,,,,,,,,,,,,,,,,,,,,,,,,,,,,,,,,,,,,,,,,,2.0,TitanicHydra,TitanicHydra,GargoyleStoneplate,,,,,,,,,,,,,,,,,3.0,TrainerSnax,None,None,,,,,,,,,,,,,,,,,,,,,,,,,,,,,,,,,,,,
8,EUW1_5970969951,TFT7_Augment_CannoneerTrait,TFT6_Augment_Weakspot,TFT6_Augment_CyberneticUplink2,,,,,3.0,,1.0,,0.0,1.0,,,,,,0.0,,1.0,0.0,,1.0,,,,,1.0,,,,,,,,,,,,,,,,,,,,,,,,,,,2.0,WarmogsArmor,,,1.0,,,,,,,,,,,,2.0,TitansResolve,ShimmerscaleMogulsMail,GargoyleStoneplate,,,,,,,,,,,,,,,,,,,,,,,,,,,,,,,,,2.0,,,,,,,,,,,,,,,,,,,,,,,,2.0,NeedlesslyLargeRod,,,,,,,,,,,,,,,,,,,,,,,,,,,,,,,,,,,,,,,,,,,,,,,,,,,,,,,,,,,,,,,,,,,,,,,,,,,,,,,,,,,,,,,,,,,,,,,3.0,TrainerSnax,None,None,2.0,LastWhisper,InfinityEdge,MadredsBloodrazor,,,,,,,,,,,,,,,,,,,,,,,,,,,,,,,,
4,EUW1_5971208807,TFT7_Augment_CannoneerTrait,TFT6_Augment_Distancing2,TFT6_Augment_CelestialBlessing3,,,1.0,1.0,2.0,,,,1.0,,2.0,,,1.0,,1.0,,2.0,,,,,,,,1.0,,0.0,,,,,,,,,,,,,,,,,,,,,1.0,,,,,,,,2.0,UnstableConcoction,InfinityEdge,GuinsoosRageblade,,,,,,,,,,,,,,,,,,,,,,,,,,,,,,,,,,,,,,,,,,,,,,,,,,,,,,,,,,,,,,,,,,,,,2.0,,,,,,,,,,,,,,,,,,,,,,,,,,,,,,,,,,,,1.0,,,,,,,,,,,,,,,,,,,,,,,,,,,,2.0,MageEmblemItem,TearOfTheGoddess,SpearOfShojin,,,,,,,,,2.0,PowerGauntlet,GargoyleStoneplate,,2.0,GargoyleStoneplate,RedBuff,BrambleVest,,,,,,,,,,,,,2.0,TrainerSnax,None,None,2.0,,,,,,,,,,,,,,,,,,,,,,,,,,,,,,,,,,,
8,EUW1_5971208807,TFT6_Augment_CyberneticImplants1,TFT6_Augment_Twins2,TFT6_Augment_TheGoldenEgg,,1.0,,,,0.0,,,,,,0.0,,1.0,,0.0,,,0.0,1.0,,,,,,,,,,,,,,,,,,,,,,,,,,,,,,,,,,,,,,,,,,,,,,,,,,,,,,,,,,,,,,,,,,,,,2.0,WarmogsArmor,,,,,,,,,,,,,,,,,,,,,,,,,,,,,,,,,,,1.0,,,,,,,,3.0,SpearOfShojin,,,,,,,2.0,GuinsoosRageblade,MadredsBloodrazor,,,,,,,,,,,,,,,,,,,,,,,,,,,,,,,,,,,,,,,,,,,,,,,,,,,,,,,,,,,,,,,,,,,,,,,,,,,,,,,,,,,,None,None,,,,,,,,,,,,,3.0,,,,,,,,,,,,,,,,,,,,,,,
6,EUW1_5971208807,TFT6_Augment_FirstAidKit,TFT7_Augment_AssassinCutthroat,TFT6_Augment_VerdantVeil,2.0,,,1.0,,,1.0,,,0.0,1.0,,,0.0,,,,,0.0,,,,,,0.0,,,3.0,,,,,,,,,,,,,,,,,,,,,,,,,,,,,,,,,2.0,RabadonsDeathcap,InfinityEdge,HextechGunblade,,,,,,,,,,,,,2.0,,,,,,,,,,,,,,,,,,,,,,,,,,,,,,,,,,,,,,,,,,,,,,,,,,,,,,,,,,,,,,,,,,,,,,,,,,,,,,,,1.0,IonicSpark,,,2.0,FrozenHeart,,,,,,,,,,,,,,,,,,,,,,,,,,,,,,,,,,,,,,,,,,,2.0,,,,,,,,2.0,InfinityEdge,Deathblade,TitansResolve,,,,,2.0,,,,,,None,None,,,,,,,,,,,,,,,,,,,,,,,,,,,,,,,,,,,,
3,EUW1_5971208807,TFT6_Augment_ThrillOfTheHunt1,TFT7_Augment_DragonAlliance,TFT7_Augment_ThinkFast,,,1.0,0.0,,,2.0,,,1.0,1.0,1.0,0.0,,,1.0,,,,,1.0,,,,2.0,,,0.0,,,,,,,,,2.0,UnstableConcoction,HextechGunblade,SpearOfShojin,,,,,,,,,2.0,ShimmerscaleGoldmancersStaff,NeedlesslyLargeRod,,,,,,,,,,,,,,,,,,2.0,IonicSpark,TitanicHydra,RedBuff,2.0,ThiefsGloves,IonicSpark,Deathblade,,,,,,,,,,,,,,,,,,,,,,,,,,,,,,,,,,,,,,,,,,,,,,,,,,,,,,,,,,,,,,,,,,,,,,,,,,,,,2.0,MadredsBloodrazor,,,,,,,,,,,,,,,,,,,,,,,,,,,,,,,,,,,,,,,,,,,,,,,,,,,,,,,,,,,,,,,,,,,1.0,Zephyr,,,,,None,None,,,,,,,,,,,,,,,,,,,,,,,,,,,,,,,,,,,,
5,EUW1_5971208807,TFT6_Augment_ThrillOfTheHunt1,TFT7_Augment_GadgetExpert,TFT6_Augment_CyberneticImplants3,1.0,,,1.0,,0.0,,,,,2.0,,0.0,,,,1.0,,,,,,,1.0,1.0,,0.0,,,,,,,,,,,,,,,,,,,,,,,,,,,,,,,,,,,,,,,,,,,,,,,,,,,,,,,,,,,,,,,,,,2.0,NegatronCloak,,,,,,,,,,,,,,,,,,,,,,,,,,,,,,,,,,,,,,,,,,,,,,,,,,,,,,,,,,,2.0,DragonsClaw,,,,,,,2.0,FrozenHeart,Zephyr,,,,,,,,,,,,,,,,,,2.0,RedBuff,,,,,,,,,,,,,,,,,,,,,,,,,,,,,,,2.0,Zephyr,IonicSpark,GuardianAngel,,,,,,,,,,,None,None,,,,,2.0,StatikkShiv,,,,,,,,,,,,,,,2.0,GuinsoosRageblade,ZekesHerald,,,,,,,,,,,,,
1,EUW1_5971208807,TFT6_Augment_Weakspot,TFT7_Augment_BestFriends2,TFT6_Augment_CelestialBlessing3,2.0,,,2.0,,,,,,,1.0,,0.0,0.0,,,0.0,,1.0,,,,,,1.0,,1.0,1.0,,,,,,,,,,,,,,,,,,,,,,,,,,,,,,,,,2.0,FrozenHeart,IonicSpark,,,,,,,,,,,,,,,,,,,,,,,,,,,,,,,,,,,,,,,,,,,,,,,,,,,,,,,,,,,,,,,,,,,,,,,,,,,,,,,,,,,,,,3.0,RapidFireCannon,InfinityEdge,AssassinEmblemItem,2.0,BrambleVest,,,1.0,,,,2.0,ZekesHerald,ZekesHerald,ZekesHerald,,,,,,,,,,,,,,,,,2.0,,,,,,,,,,,,,,,,,,,,,,,,2.0,Shroud,,,,,,,2.0,FrozenHeart,,,,,,,,,,,,,None,None,,,,,,,,,,,,,,,,,,,,,,,,,,,,,,,,,,,,
2,EUW1_5971208807,TFT6_Augment_CyberneticShell1,TFT6_Augment_CelestialBlessing2,TFT7_Augment_ThinkFast,,0.0,,1.0,,,,0.0,1.0,,1.0,,0.0,2.0,0.0,1.0,,0.0,,,0.0,1.0,,,0.0,1.0,0.0,0.0,,,,,,,,,,,,,,,,,,,,,,,,,,,,,,,,,,,,,,,,,,,,,,,,,,,,,,,,,,,,,,,,,,,,,2.0,,,,,,,,,,,,,,,,,,,,,,,,,,,,,,,,2.0,,,,3.0,StatikkShiv,BrambleVest,,,,,,,,,,,,,,,,,,2.0,IonicSpark,,,,,,,,,,,3.0,ArchangelsStaff,SpearOfShojin,JeweledGauntlet,,,,,,,,,,,,,,,,,,,,,,,,,2.0,,,,,,,,,,,,3.0,WarmogsArmor,GargoyleStoneplate,IonicSpark,,,,,,,,,,,,,,,,,2.0,TrainerSnax,None,None,,,,,,,,,,,,,,,,,,,,,,,,,2.0,ThiefsGloves,Redemption,LastWhisper,,,,,2.0,GuardianAngel,,
7,EUW1_5971208807,TFT6_Augment_ThrillOfTheHunt1,TFT6_Augment_Distancing2,TFT6_Augment_ForceOfNature,,,,,2.0,,1.0,,1.0,1.0,,,,,,0.0,,2.0,0.0,,1.0,,,,,1.0,,,,,,,,,,,,,,,,,,,,,,,,,,,2.0,,,,2.0,Deathblade,TitansResolve,MadredsBloodrazor,,,,,,,,,2.0,ThiefsGloves,TitansResolve,ArchangelsStaff,,,,,,,,,,,,,,,,,,,,,,,,,,,,,,,,,2.0,,,,,,,,,,,,,,,,,,,,,,,,2.0,,,,,,,,,,,,,,,,,,,,,,,,,,,,,,,,,,,,,,,,,,,,,,,,,,,,,,,,,,,,,,,,2.0,StatikkShiv,ShimmerscaleGoldmancersStaff,HextechGunblade,,,,,,,,,,,,,,,,,,,,,,,,,,,,,3.0,TrainerSnax,None,None,2.0,,,,,,,,,,,,,,,,,,,,,,,,,,,,,,,,,,,
8,EUW1_5972986437,TFT6_Augment_Twins2,TFT6_Augment_Weakspot,TFT6_Augment_Diversify2,,1.0,,1.0,,,,,,,1.0,,,0.0,,0.0,,,,,,,,1.0,,,,0.0,,,,,,,,,,,,,,,,,,,,,,,,,,,,,,,,,,,,,,,,,,,,,,,,,,,,,,,,,,,,,,,,,,,,,,,,,2.0,FrozenHeart,DragonsClaw,Redemption,,,,,,,,,,,,,,,,,,,,,,,,,,,,,2.0,SpearOfShojin,,,,,,,,,,,,,,,,,,,,,,,,,,,,,,,,,,,,,,,,,,,,,,,,,,,,,,,,,,,,,,,,,,,,,,,2.0,,,,,,,,,,,,,,,,,,,,,,None,None,,,,,2.0,,,,2.0,GuinsoosRageblade,Deathblade,TitansResolve,,,,,,,,,,,,,,,,,,,,,,,,
1,EUW1_5972986437,TFT7_Augment_GadgetExpert,TFT6_Augment_TinyTitans,TFT6_Augment_TomeOfTraits1,0.0,,1.0,1.0,,1.0,,0.0,,,4.0,0.0,0.0,,0.0,0.0,1.0,,,0.0,,,,1.0,1.0,,1.0,,,,,,,,,,,,,,,,,,,,,,2.0,,,,,,,,,,,,,,,,,,,,,,,,,,,,,,,,,,,,,,,,,,,,2.0,,,,,,,,,,,,,,,,,,,,,,,,,,,,,,,,,,,,,,,,,,,,2.0,,,,,,,,,,,,,,,,2.0,RedBuff,,,,,,,,,,,,,,,2.0,,,,,,,,,,,,2.0,TempestEmblemItem,,,,,,,,,,,,,,,,,,,,,,,,,,,,,,,2.0,InfinityEdge,RunaansHurricane,LastWhisper,,,,,,,,,,,None,None,,,,,2.0,,,,,,,,,,,,,,,,2.0,StatikkShiv,InfinityEdge,RunaansHurricane,2.0,HextechGunblade,TitansResolve,WarmogsArmor,,,,,,,,
6,EUW1_5972986437,TFT7_Augment_EvokerEmblem,TFT6_Augment_SecondWind1,TFT6_Augment_Distancing2,,0.0,,1.0,,,,,1.0,0.0,1.0,,,2.0,,1.0,,,,,0.0,1.0,,,,1.0,,1.0,,,,,,,,,,,,,,,,,,,,,,,,,,,,,,,,,,,,,,,,,,,,,,,,,,,,,,,,,,,,,,,,,,,,,2.0,,,,2.0,,,,,,,,,,,,,,,,,,,,,,,,,,,,2.0,,,,2.0,,,,,,,,,,,,,,,,,,,,,,,,,,,,,,,,2.0,EvokerEmblemItem,JeweledGauntlet,MadredsBloodrazor,,,,,,,,,,,,,,,,,,,,,,,,,,,,,,,,,,,,,2.0,RedBuff,GargoyleStoneplate,IonicSpark,,,,,,,,,,,,,2.0,,,,3.0,TrainerSnax,None,None,,,,,,,,,,,,,,,,,,,,,,,,,,,,,,,,,2.0,GuinsoosRageblade,,
4,EUW1_5972986437,TFT7_Augment_ClutteredMind,TFT7_Augment_BestFriends1,TFT7_Augment_CavalierEmblem,1.0,,,1.0,,2.0,,,,,3.0,,0.0,,,,1.0,,,,,,,1.0,1.0,,0.0,,,,,,,,,,,,,,,,,,,,,,,,,,,,,,,,,,,,,,,,,,,,,,,,,,,,,,,,,,,,,,,,,,2.0,RedBuff,,,,,,,,,,,,,,,,,,,,,,,,,,,,,,,,,,,,,,,,,,,,,,,,,,,,,,,,,,,2.0,CavalierEmblemItem,Zephyr,,,,,,2.0,RabadonsDeathcap,IonicSpark,HextechGunblade,,,,,2.0,,,,,,,,,,,,2.0,,,,,,,,,,,,,,,,,,,,,,,,,,,,,,,,2.0,InfinityEdge,,,,,,,,,,,,,None,None,,,,,2.0,,,,,,,,,,,,,,,,2.0,Quicksilver,GuinsoosRageblade,MadredsBloodrazor,,,,,,,,,,,,
7,EUW1_5972986437,TFT7_Augment_SwiftshotPressTheAttack,TFT6_Augment_TinyTitans,TFT6_Augment_SalvageBin,,0.0,,2.0,,,1.0,,,,1.0,,,0.0,,,0.0,,0.0,,,,,1.0,,,1.0,2.0,,,,,,,,,,,,,,,,,,,,,,,,,,,,,,,,,,,,,,,,,,,,,,,,,2.0,GargoyleStoneplate,Deathblade,,,,,,,,,,,,,,,,,,,,,,,,,,,,,,,,,,,,,,,,,,,,,,,,,,,,,,,,,,,,,,,,,,,,,,1.0,,,,,,,,,,,,,,,,,,,,,,,,,,,,,,,,1.0,,,,,,,,,,,,,,,,,,,,,,,,1.0,WarmogsArmor,TitanicHydra,,,,,,,,,,,,,,,,,,,,None,None,,,,,2.0,,,,3.0,GuinsoosRageblade,UnstableConcoction,MadredsBloodrazor,,,,,,,,,,,,,,,,,,,,,,,,
5,EUW1_5972986437,TFT6_Augment_Electrocharge2,TFT6_Augment_FirstAidKit,TFT6_Augment_CelestialBlessing2,,,,,,,1.0,0.0,0.0,0.0,,3.0,0.0,,,0.0,,,,1.0,,,,0.0,,,,,,,,,2.0,MadredsBloodrazor,SeraphsEmbrace,,,,,,2.0,BFSword,,,,,,,,,,,,,,,,,,,,,,,,,,,,,,,1.0,InfinityEdge,GuardianAngel,TitansResolve,,,,,,,,,,,,,1.0,,,,,,,,,,,,,,,,,,,,2.0,,,,,,,,,,,,,,,,,,,,,,,,,,,,2.0,IonicSpark,Morellonomicon,Bloodthirster,,,,,,,,,,,,,,,,,,,,,,,,,,,,,,,,,,,,,,,,,,,,,,,,,,,,,,,,,,,,,,,,,,,,,,,,,,,,,2.0,,,,,,,,,,None,None,,,,,,,,,,,,,,,,,,,,,,,,,,,,,,,,,,,,
3,EUW1_5972986437,TFT7_Augment_AstralIntercosmicGifts,TFT7_Augment_BestFriends1,TFT7_Augment_FirstAidKit2,,0.0,1.0,1.0,,,,,0.0,,2.0,,,2.0,,2.0,,,,,0.0,1.0,,,,1.0,,0.0,,,,,,,,,,,,,,,,,,,,,2.0,,,,,,,,,,,,,,,,,,,,,,,,,,,,,,,,,,,,,,,,,,,,,,,,2.0,,,,3.0,WarmogsArmor,,,,,,,,,,,,,,,,,,,,,,,,,,,2.0,Chalice,,,3.0,SpearOfShojin,MadredsBloodrazor,GuinsoosRageblade,,,,,,,,,,,,,,,,,,,,,,,,,,,,,2.0,,,,,,,,,,,,,,,,,,,,,,,,,,,,,,,,,,,,,,,,2.0,IonicSpark,RedBuff,Quicksilver,,,,,,,,,,,,,,,,,3.0,TrainerSnax,None,None,,,,,,,,,,,,,,,,,,,,,,,,,,,,,,,,,1.0,,,
2,EUW1_5972986437,TFT7_Augment_MikaelsGift,TFT6_Augment_Electrocharge1,TFT6_Augment_PortableForge,1.0,,,2.0,,,1.0,,,,,,0.0,1.0,,,0.0,,,,0.0,1.0,,,1.0,,0.0,2.0,,,,,,,,,,,,,,,,,,,,,,,,,,,,,,,,,,,,,,,,,,,,,,,,,2.0,Bloodthirster,OrnnInfinityForce,TitansResolve,,,,,,,,,,,,,,,,,,,,,,,,,,,,,,,,,,,,,,,,,,,,,,,,,,,,,,,,,,,,,,,,,,,,,,,,,2.0,DragonsClaw,,,2.0,IonicSpark,Quicksilver,FrozenHeart,2.0,FrozenHeart,MageEmblemItem,GuardianAngel,,,,,,,,,,,,,,,,,2.0,LocketOfTheIronSolari,ZekesHerald,RedBuff,,,,,,,,,,,,,,,,,,,,,2.0,TitanicHydra,,,,,,,,,,,,,,,,,,,,,None,None,,,,,,,,,,,,,,,,,,,,,,,,,,,,,,,,,2.0,,,
6,EUW1_5972783954,TFT6_Augment_GrandGambler,TFT6_Augment_PandorasItems,TFT7_Augment_UrfsGrabBag1,,0.0,,1.0,,0.0,1.0,,,,1.0,,,2.0,,0.0,,,0.0,,0.0,1.0,,,,,,2.0,,,,,,,,,,,,,,,,,,,,,,,,,,,,,,,,,,,,,,,,,,,,,,,,,2.0,MageEmblemItem,,,,,,,,,,,,,,,,,,,,,,,,,,,,,,,,,,,,,,,,,,,,,,,3.0,Bloodthirster,ArchangelsStaff,,,,,,3.0,SpearOfShojin,,,,,,,,,,,,,,,,,,,,,,,,,,,,,,,2.0,ThiefsGloves,Quicksilver,RabadonsDeathcap,,,,,,,,,,,,,,,,,,,,,,,,,,,,,,,,,,,,,2.0,RedBuff,DragonsClaw,,,,,,,,,,,,,,,,,,,,None,None,,,,,,,,,,,,,,,,,,,,,,,,,,,,,,,,,1.0,SeraphsEmbrace,,
1,EUW1_5972783954,TFT6_Augment_CyberneticUplink3,TFT6_Augment_CyberneticShell1,TFT7_Augment_GadgetExpert,,0.0,,1.0,,,1.0,,0.0,,1.0,,0.0,2.0,,1.0,,,,,0.0,1.0,,,2.0,1.0,,0.0,,,,,,,,,2.0,SpearOfShojin,ArchangelsStaff,JeweledGauntlet,,,,,,,,,,,,,,,,,,,,,,,,,,,,,,,,,,,,,,,,,,,,,,,,,,,,,,,,,2.0,SparringGloves,,,,,,,,,,,,,,,,,,,,,,,,,,,,,,,2.0,StatikkShiv,,,1.0,Shroud,,,,,,,,,,,,,,,,,,,2.0,RedBuff,,,,,,,,,,,2.0,Chalice,Chalice,,,,,,,,,,,,,,,,,,,,,,,,,,,,,,,,,,,,,,2.0,GargoyleStoneplate,,,,,,,,,,,,,,,,,,,3.0,TrainerSnax,None,None,,,,,,,,,,,,,,,,,,,,,,,,,,,,,,,,,2.0,Quicksilver,MadredsBloodrazor,
5,EUW1_5972783954,TFT7_Augment_RevelEmblem2,TFT7_Augment_BestFriends1,TFT6_Augment_MakeshiftArmor2,,,,0.0,1.0,,1.0,,0.0,,,0.0,,,1.0,,0.0,3.0,,0.0,,,,,,,0.0,,,,,,,,,,,,,,,,,,,,,,,,,,,,,,1.0,MadredsBloodrazor,InfinityEdge,LastWhisper,,,,,1.0,RevelEmblemItem,StatikkShiv,Quicksilver,,,,,,,,,,,,,,,,,,,,,,,,,,,,,,,,,,,,,2.0,LastWhisper,,,,,,,,,,,,,,,,,,,,,,,,,,,,,,,2.0,RedBuff,Quicksilver,IonicSpark,,,,,,,,,,,,,,,,,,,,,,,,,,,,,,,,,,,,,,,,,2.0,,,,,,,,,,,,1.0,,,,,,,,,,,,,,,,,,,,,,,,,,,,,,,,,,None,None,,,,,,,,,,,,,,,,,,,,,,,,,,,,,,,,,,,,
2,EUW1_5972783954,TFT7_Augment_CannoneerEmblem2,TFT6_Augment_TinyTitans,TFT6_Augment_CyberneticUplink2,0.0,,1.0,,3.0,,1.0,,1.0,0.0,1.0,,,,,1.0,,2.0,,,1.0,,,,,1.0,,0.0,,,,,,,,,,,,,,,,,,,,,1.0,BFSword,,,,,,,2.0,RunaansHurricane,Deathblade,UnstableConcoction,,,,,,,,,2.0,TitanicHydra,RedBuff,,,,,,,,,,,,,,,,,,,,,,,,,,,,,,,,,,2.0,ZekesHerald,StatikkShiv,Deathblade,,,,,,,,,,,,,,,,,,,,,2.0,CannoneerEmblemItem,,,,,,,,,,,,,,,,,,,,,,,,,,,1.0,,,,,,,,,,,,,,,,,,,,,,,,,,,,,,,,,,,,2.0,ThiefsGloves,UnstableConcoction,SpearOfShojin,,,,,,,,,,,,,,,,,,,,,,,,,,,,,4.0,TrainerSnax,None,None,2.0,NeedlesslyLargeRod,ShimmerscaleHeartOfGold,GuinsoosRageblade,,,,,,,,,,,,,,,,,,,,,,,,,,,,,,,,
8,EUW1_5972783954,TFT6_Augment_SlowAndSteady,TFT6_Augment_ItemGrabBag1,TFT6_Augment_ComponentGrabBag,1.0,,,1.0,,0.0,,,,,2.0,,0.0,,,,1.0,,,,,,,1.0,1.0,,0.0,,,,,,,,,,,,,,,,,,,,,,,,,,,,,,,,,,,,,,,,,,,,,,,,,,,,,,,,,,,,,,,,,,2.0,,,,,,,,,,,,,,,,,,,,,,,,,,,,,,,,,,,,,,,,,,,,,,,,,,,,,,,,,,,,2.0,RedBuff,WarmogsArmor,,,,,,2.0,,,,,,,,,,,,,,,,,,,,2.0,,,,,,,,,,,,,,,,,,,,,,,,,,,,,,,,2.0,HextechGunblade,UnstableConcoction,,,,,,,,,,,,None,None,,,,,2.0,,,,,,,,,,,,,,,,2.0,GuinsoosRageblade,InfinityEdge,MadredsBloodrazor,,,,,,,,,,,,
7,EUW1_5972783954,TFT7_Augment_SwiftshotEmblem2,TFT6_Augment_PandorasItems,TFT7_Augment_BestFriends2,,0.0,,2.0,,,1.0,,,,,,0.0,0.0,,,,,,,,,,1.0,1.0,,,2.0,,,,,,,,,,,,,,,,,,,,,,,,,,,,,,,,,,,,,,,,,,,,,,,,,1.0,SwiftshotEmblemItem,GuinsoosRageblade,Quicksilver,,,,,2.0,,,,,,,,,,,,,,,,2.0,WarmogsArmor,DragonsClaw,GargoyleStoneplate,,,,,,,,,,,,,,,,,,,,,,,,,,,,,,,,,,,,,,,,,,,,,,,,,2.0,,,,,,,,,,,,,,,,,,,,,,,,,,,,,,,,,,,,,,,,,,,,,,,,,,,,1.0,,,,,,,,,,,,,,,,,,,,,,None,None,,,,,,,,,3.0,MadredsBloodrazor,RunaansHurricane,GuinsoosRageblade,,,,,,,,,,,,,,,,,,,,,,,,
4,EUW1_5972783954,TFT6_Augment_Meditation3,TFT6_Augment_TinyTitans,TFT6_Augment_PortableForge,,0.0,,1.0,,,1.0,,0.0,,,0.0,0.0,1.0,,1.0,,,,,,,1.0,,2.0,1.0,,0.0,,,,,,,,,1.0,OrnnInfinityForce,SpearOfShojin,UnstableConcoction,,,,,,,,,,,,,,,,,,,,,,,,,,,,,,,,,,,,,,,,,,,,,,,,,,,,,,,,,2.0,,,,,,,,,,,,,,,,,,,,,,,,,,,,,,,,2.0,PowerGauntlet,Chalice,Chalice,3.0,,,,,,,,,,,,,,,,,,,,2.0,BrambleVest,,,,,,,,,,,,,,,,,,,,,,,,,,,,,,,,,,,,,,,,,,,2.0,ZekesHerald,NeedlesslyLargeRod,GuinsoosRageblade,,,,,2.0,IonicSpark,RabadonsDeathcap,BrambleVest,,,,,,,,,,,,,,,,,4.0,TrainerSnax,None,None,,,,,,,,,,,,,,,,,,,,,,,,,,,,,,,,,,,,
3,EUW1_5972783954,TFT7_Augment_RevelEmblem2,TFT6_Augment_CelestialBlessing1,TFT7_Augment_FirstAidKit2,,,1.0,1.0,1.0,,1.0,0.0,0.0,,1.0,,0.0,,2.0,0.0,,4.0,,,,,,,0.0,,0.0,,,,,,,,,,,,,,,,,,,,,,1.0,,,,,,,,2.0,GuinsoosRageblade,InfinityEdge,Quicksilver,,,,,2.0,RevelEmblemItem,StatikkShiv,GuinsoosRageblade,,,,,,,,,,,,,,,,,,,,,,,,,,,,,,,,,,,,,2.0,,,,,,,,,,,,,,,,,,,,,,,,,,,,,,,,,,,,,,,,,,,,,,,,1.0,Redemption,RedBuff,,,,,,,,,,,,,,,,,,,,,,,,,,,,,,,,,,,,,,2.0,PowerGauntlet,NeedlesslyLargeRod,,,,,,,,,,,,,,1.0,Shroud,,,,,,,,,,,,,,,,,None,None,,,,,,,,,,,,,,,,,,,,,,,,,2.0,GuardianAngel,WarmogsArmor,TitansResolve,,,,,,,,
6,EUW1_5973069285,TFT7_Augment_CavalierEmblem,TFT6_Augment_FirstAidKit,TFT6_Augment_HighEndShopping,,0.0,1.0,1.0,,0.0,,,0.0,,2.0,0.0,,2.0,,2.0,,,,,0.0,1.0,1.0,,,0.0,,0.0,,,,,,,,,,,,,,,,,,,,,1.0,,,,,,,,,,,,,,,,,,,,,,,,,,,,,,,,,,,,,,,,,,,,,,,,,,,,2.0,GiantsBelt,,,,,,,,,,,,,,,,,,,,,,,,,,,2.0,MageEmblemItem,,,3.0,SpearOfShojin,,,,,,,,,,,,,,,,,,,,,,,,,,,,,,,2.0,ThiefsGloves,WarmogsArmor,GargoyleStoneplate,,,,,,,,,,,,,,,,,,,,,,,,,,,,,2.0,Quicksilver,,,,,,,2.0,CavalierEmblemItem,RedBuff,TitanicHydra,,,,,,,,,,,,,,,,,,,None,None,,,,,,,,,,,,,,,,,,,,,,,,,,,,,,,,,2.0,ThiefsGloves,Redemption,BrambleVest
7,EUW1_5973069285,TFT6_Augment_Traitless2,TFT7_Augment_BandOfThieves1,TFT7_Augment_BestFriends3,0.0,,,0.0,0.0,,,,0.0,0.0,1.0,0.0,0.0,,,,0.0,0.0,0.0,0.0,,,,0.0,0.0,,,,,,,,2.0,,,,,,,,,,,,,,,,,,,,2.0,RedBuff,Zephyr,,2.0,UnstableConcoction,GuinsoosRageblade,Deathblade,,,,,,,,,,,,,,,,,,,,,,,,,,,,,,,,,,,,,,,,,,,,,,,,,,,,,,,,,,,,,,,,,,,,,,,,,,,,,1.0,ThiefsGloves,GiantsBelt,DragonsClaw,,,,,,,,,,,,,1.0,,,,,,,,,,,,,,,,,,,,,,,,,,,,,,,,,,,,,,,,,,,,,,,,,,,,,,,,,,,,1.0,FrozenHeart,,,,,,,,,,,,,None,None,,,,,,,,,,,,,,,,,,,,,2.0,Bloodthirster,,,,,,,,,,,,,,
2,EUW1_5973069285,TFT7_Augment_BestFriends2,TFT6_Augment_CelestialBlessing1,TFT6_Augment_TheGoldenEgg,,0.0,,1.0,,,1.0,,1.0,,,,,2.0,,1.0,,0.0,,,0.0,1.0,,,,1.0,,2.0,,,,,,,,,,,,,,,,,,,,,,,,,,,,,,,,,,,,,,,,,,,,,,,,,2.0,HextechGunblade,HextechGunblade,ChainVest,,,,,,,,,,,,,,,,,2.0,,,,,,,,,,,,,,,,,,,,,,,,,,,,,,,,2.0,TitanicHydra,,,3.0,SpearOfShojin,ArchangelsStaff,BlueBuffRadiant,,,,,,,,,,,,,,,,,,,,,,,,,,,,,,,,,,,,,,,,,,,,,,,,,,,,,,,,,1.0,MageEmblemItem,,,,,,,,,,,2.0,RedBuff,GargoyleStoneplate,Redemption,,,,,,,,,,,,,,,,,4.0,TrainerSnax,None,None,,,,,,,,,,,,,,,,,,,,,,,,,,,,,,,,,1.0,Chalice,ZekesHerald,
3,EUW1_5973069285,TFT6_Augment_BlueBattery2,TFT6_Augment_ThrillOfTheHunt1,TFT6_Augment_MaxLevel10,,,,,,,1.0,2.0,,,,1.0,,,0.0,,0.0,,,1.0,,,,0.0,2.0,,0.0,,,,,,,,,,1.0,GuinsoosRageblade,StatikkShiv,GuinsoosRageblade,2.0,,,,,,,,,,,,,,,,,,,,,,,,,,,,,,,,,,,,,,,,,,,,,,,,,,,,,,,,,,,,,,,,,,,,3.0,JeweledGauntlet,HextechGunblade,InfinityEdge,,,,,2.0,,,,,,,,,,,,,,,,,,,,2.0,GargoyleStoneplate,BrambleVest,,,,,,,,,,,,,,,,,,,,,,,,,,,,,,,,,,,,,,2.0,,,,,,,,,,,,,,,,,,,,,,,,2.0,,,,,,,,,,,,,,,,,,,,,,,,,,None,None,,,,,,,,,,,,,,,,,,,,,,,,,1.0,BrambleVest,,,,,,,,,,
4,EUW1_5973069285,TFT6_Augment_ThreesCompany,TFT7_Augment_SwiftshotTrait,TFT6_Augment_TheGoldenEgg,1.0,0.0,,2.0,,,,0.0,,,2.0,0.0,0.0,,,,0.0,,,,,,,2.0,1.0,,0.0,,,,,,,,,,,,,,2.0,,,,,,,,,,,,,,,,,,,,,,,,,,,,,,,,,,,,,,,,,,,,,,,,,,,,,,,,,,,,3.0,Bloodthirster,TitansResolve,OrnnAnimaVisage,,,,,,,,,,,,,,,,,,,,,,,,,,,,,,,,,,,,,,,,,,,,,,,,,2.0,,,,,,,,1.0,,,,,,,,,,,,,,,,,,,,2.0,RedBuff,TitanicHydra,,,,,,,,,,,,,,,,,,,,,,,,,,,,,,2.0,FrozenHeart,OrnnZhonyasParadox,OrnnInfinityForce,,,,,,,,,,,None,None,,,,,2.0,BruiserEmblemItem,HextechGunblade,,3.0,GuinsoosRageblade,MadredsBloodrazor,RunaansHurricane,,,,,,,,,,,,,,,,,,,,,,,,
5,EUW1_5973069285,TFT7_Augment_CavalierEmblem,TFT7_Augment_BandOfThieves1,TFT7_Augment_BestFriends3,1.0,,,2.0,,1.0,1.0,,,,1.0,,0.0,0.0,,,0.0,,,,,,,,1.0,,0.0,2.0,,,,,,,,,,,,,,,,,,,,,,,,,,,,,,,,,,,,,,,,,,,,,,,,,2.0,UnstableConcoction,Bloodthirster,TitansResolve,,,,,,,,,,,,,2.0,Chalice,,,,,,,,,,,,,,,,,,,,,,,,,,,,,,,,,,,,,,,,,,,,,,,,,,,,,,,,,,,2.0,ThiefsGloves,RedBuff,InfinityEdge,,,,,2.0,Shroud,,,,,,,,,,,,,,,,,,,2.0,,,,,,,,,,,,,,,,,,,,,,,,1.0,,,,,,,,2.0,CavalierEmblemItem,InfinityEdge,GuardianAngel,,,,,,,,,,,None,None,,,,,,,,,,,,,,,,,,,,,,,,,,,,,,,,,,,,
1,EUW1_5973069285,TFT7_Augment_MikaelsGift,TFT6_Augment_FirstAidKit,TFT6_Augment_VerdantVeil,2.0,,,2.0,,,1.0,,,0.0,1.0,,0.0,0.0,,,0.0,,,,,,,,1.0,,0.0,3.0,,,,,,,,,,,,,,,,,,,,,,,,,,,,,,,,,,,,,,,,,,,,,,,,,2.0,RunaansHurricane,InfinityEdge,AssassinEmblemItem,,,,,,,,,,,,,,,,,,,,,,,,,,,,,,,,,,,,,,,,,,,,,,,,,,,,,,,,,,,,,,,,,,,,,,,,,1.0,,,,1.0,RabadonsDeathcap,GuinsoosRageblade,InfinityEdge,1.0,,,,,,,,,,,,,,,,,,,,2.0,,,,,,,,,,,,,,,,,,,,,,,,2.0,LocketOfTheIronSolari,LocketOfTheIronSolari,LocketOfTheIronSolari,,,,,1.0,,,,,,,,2.0,ZekesHerald,RecurveBow,ZekesHerald,,,None,None,,,,,,,,,,,,,,,,,,,,,,,,,,,,,,,,,,,,
8,EUW1_5973069285,TFT6_Augment_PortableForge,TFT6_Augment_Recombobulator,TFT6_Augment_Diversify3,,,,1.0,,0.0,1.0,,,,1.0,,0.0,,,,2.0,,,0.0,,,,1.0,0.0,,0.0,,,,,,,,,,,,,,,,,,,,,,,,,,,,,,,,,,,,,,,,,,,,,,,,,,,,,,,,,,,,,,,,,,2.0,SeraphsEmbrace,,,,,,,,,,,,,,,,,,,,,,,,,,,,,,,,,,,,,,,,,,,,,,,,,,,,,,,,,,,1.0,GiantsBelt,,,,,,,,,,,,,,,,,,,,,,,,,,,2.0,OrnnRanduinsSanctum,,,1.0,Bloodthirster,,,,,,,,,,,,,,,,,,,,,,,,,,,,,,,,,,,,,,,,,None,None,,,,,1.0,,,,,,,,,,,,,,,,2.0,LastWhisper,MadredsBloodrazor,,,,,,,,,,,,,
1,EUW1_5972959604,TFT6_Augment_SunfireBoard,TFT7_Augment_Preparation2,TFT7_Augment_UrfsGrabBag1,1.0,1.0,,1.0,,,,,0.0,,2.0,,0.0,1.0,,1.0,,,,,0.0,1.0,,1.0,1.0,1.0,,,,,,,,,,,,,,,,,,,,,,,,,,,,,,,,,,,,,,,,,,,,,,,,,,,,,,,,,,,,,,,,,,,,,,,2.0,,,,3.0,GargoyleStoneplate,BrambleVest,,,,,,,,,,,,,,,,,,,,,,,,,,2.0,,,,2.0,,,,,,,,,,,,,,,,,,,,2.0,ThiefsGloves,PowerGauntlet,Shroud,,,,,1.0,ForceOfNature,ForceOfNature,,,,,,,,,,,,,,,,,,,,,,,,,,,,,,,,,,,,,,,,,,,,,,,,,,2.0,HextechGunblade,,,,,,,,,,,2.0,TrainerSnax,None,None,,,,,2.0,,,,3.0,RunaansHurricane,LastWhisper,GuinsoosRageblade,,,,,,,,,,,,,,,,,,,,,1.0,GuinsoosRageblade,SpearOfShojin,StatikkShiv
2,EUW1_5972959604,TFT6_Augment_HyperRoll,TFT6_Augment_Meditation2,TFT7_Augment_BestFriends2,1.0,,,2.0,,,1.0,0.0,,0.0,,,0.0,0.0,0.0,,0.0,,,,,,,,1.0,,1.0,3.0,,,,,,,,,,,,,,,,,,,,,,,,,,,,,,,,,,,,,,,,,,,,,,,,,2.0,MadredsBloodrazor,UnstableConcoction,GuinsoosRageblade,,,,,,,,,,,,,,,,,,,,,,,,,,,,,,,,,,,,,,,,,,,,,,,,,,,,,,,,,,,,,,,,,,,,,,,,,2.0,,,,1.0,ChainVest,Redemption,LocketOfTheIronSolari,2.0,,,,,,,,,,,,,,,,,,,,2.0,,,,,,,,,,,,,,,,,,,,,,,,2.0,ZekesHerald,WarmogsArmor,RedBuff,,,,,,,,,,,,,2.0,,,,,,None,None,,,,,,,,,,,,,,,,,,,,,,,,,2.0,RunaansHurricane,RunaansHurricane,RapidFireCannon,,,,,,,,
6,EUW1_5972959604,TFT6_Augment_PortableForge,TFT7_Augment_BestFriends2,TFT6_Augment_ThrillOfTheHunt2,,,,1.0,,,1.0,,1.0,,1.0,,,1.0,,0.0,,0.0,,,,,,,,1.0,,2.0,,,,,,,,,,,,,,,,,,,,,,,,,,,,,,,,,,,,,,,,,,,,,,,,,2.0,Bloodthirster,OrnnTheCollector,InfinityEdge,,,,,,,,,,,,,,,,,2.0,,,,,,,,,,,,,,,,,,,,,,,,,,,,,,,,1.0,,,,,,,,,,,,,,,,,,,,,,,,,,,,,,,,,,,,2.0,ArchangelsStaff,SpearOfShojin,,,,,,,,,,,,,,,,,,,,,,,,,,2.0,,,,,,,,,,,,2.0,Quicksilver,Zephyr,RedBuff,,,,,,,,,,,,,,,,,2.0,TrainerSnax,None,None,,,,,,,,,,,,,,,,,,,,,,,,,,,,,,,,,,,,
7,EUW1_5972959604,TFT7_Augment_GuildEmblem,TFT6_Augment_SalvageBin,TFT7_Augment_RevelPartyTime,,,,1.0,2.0,,1.0,,0.0,,1.0,,,,,0.0,,2.0,,,,,,,,1.0,,1.0,,,,,,,,,,,,,,,,,,,,,,,,,,,,,2.0,UnstableConcoction,InfinityEdge,GuinsoosRageblade,,,,,,,,,,,,,,,,,1.0,RedBuff,Bloodthirster,Deathblade,,,,,,,,,,,,,,,,,,,,,,,,,2.0,PowerGauntlet,,,,,,,,,,,,,,,,,,,,,,,2.0,,,,,,,,,,,,,,,,,,,,,,,,,,,,,,,,,,,,,,,,,,,,,,,,,,,,,,,,,,,,,,,,,,,,,,,,,,,,,,,,2.0,GargoyleStoneplate,,,,,,,,,,,,,,,2.0,TrainerSnax,None,None,2.0,GuildEmblemItem,,,,,,,,,,,,,,,,,,,,,,,,,,,,,,,,,,
5,EUW1_5972959604,TFT7_Augment_GadgetExpert,TFT6_Augment_TradeSectorPlus,TFT7_Augment_BestFriends2,,1.0,,1.0,,,,,0.0,,2.0,,,2.0,,1.0,,,,,,,,0.0,,1.0,,0.0,,,,,,,,,,,,,,,,,,,,,,,,,,,,,,,,,,,,,,,,,,,,,,,,,,,,,,,,,,,,,,,,,,,,,1.0,Shroud,,,3.0,RedBuff,TitansResolve,,,,,,,,,,,,,,,,,,,,,,,,,,2.0,,,,3.0,StatikkShiv,GuinsoosRageblade,SpearOfShojin,,,,,,,,,,,,,,,,,,,,,,,,,,,,,2.0,SpearOfShojin,GuinsoosRageblade,MadredsBloodrazor,,,,,,,,,,,,,,,,,,,,,,,,,,,,,,,,,,,,,2.0,,,,,,,,,,,,,,,,,,,,2.0,TrainerSnax,None,None,,,,,1.0,,,,,,,,2.0,SparringGloves,,,,,,,,,,,,,,,,,,,,,,
8,EUW1_5972959604,TFT7_Augment_AstralIntercosmicGifts,TFT6_Augment_LudensEcho2,TFT6_Augment_SalvageBin,,0.0,,1.0,,,1.0,,0.0,,,,,1.0,,0.0,,,,,0.0,1.0,,,1.0,1.0,,0.0,,,,,,,,,1.0,SpearOfShojin,ArchangelsStaff,Bloodthirster,,,,,,,,,,,,,,,,,,,,,,,,,,,,,,,,,,,,,,,,,,,,,,,,,,,,,,,,,2.0,ThiefsGloves,JeweledGauntlet,SeraphsEmbrace,2.0,DragonsClaw,,,,,,,,,,,,,,,,,,,,,,,,,,,1.0,,,,,,,,,,,,,,,,,,,,,,,,,,,,,,,,,,,,,,,,,,,,,,,,,,,,,,,,,,,,,,,,,,,,,,,,,,,,1.0,ThiefsGloves,NegatronCloak,Deathblade,,,,,,,,,,,,,,,,,1.0,TrainerSnax,None,None,,,,,,,,,,,,,,,,,,,,,,,,,,,,,,,,,1.0,RecurveBow,,
4,EUW1_5972959604,TFT6_Augment_PortableForge,TFT7_Augment_MikaelsGift,TFT7_Augment_GadgetExpert,,,,,,,1.0,0.0,1.0,,,2.0,0.0,,0.0,1.0,,,,1.0,,,,,1.0,0.0,0.0,,,,,,2.0,StatikkShiv,SpearOfShojin,,,,,,,,,,,,,,,,,,,,,,,,,,,,,,,,,,,,,,2.0,OrnnInfinityForce,Bloodthirster,TempestEmblemItem,,,,,,,,,,,,,2.0,ZekesHerald,,,,,,,,,,,,,,,,,,,,,,,,,,,1.0,,,,,,,,,,,,2.0,LocketOfTheIronSolari,LocketOfTheIronSolari,,,,,,2.0,Redemption,BrambleVest,GargoyleStoneplate,,,,,,,,,,,,,,,,,,,,,,,,,,,,,,,,,,,,,,,,,,,,,,,,,,,,,,,,,,,,,,,,,,,,,,,,,,,,,,,,,,,,,,,None,None,,,,,,,,,,,,,,,,,,,,,,,,,1.0,ThiefsGloves,PowerGauntlet,Shroud,,,,,,,,
3,EUW1_5972959604,TFT6_Augment_CyberneticUplink2,TFT6_Augment_TriForce2,TFT6_Augment_CelestialBlessing2,,1.0,1.0,1.0,,,,,1.0,,2.0,,,2.0,,2.0,,0.0,,,,,,,,1.0,,0.0,,,,,,,,,,,,,,,,,,,,,1.0,,,,,,,,,,,,,,,,,,,,,,,,,,,,,,,,,,,,,,,,,,,,,,,,2.0,,,,2.0,WarmogsArmor,TitanicHydra,,,,,,,,,,,,,,,,,,,,,,,,,,1.0,,,,3.0,TearOfTheGoddess,,,,,,,,,,,,,,,,,,,,,,,,,,,,,,,2.0,SpearOfShojin,SpearOfShojin,MadredsBloodrazor,,,,,,,,,,,,,,,,,,,,,,,,,2.0,RapidFireCannon,,,,,,,,,,,2.0,GargoyleStoneplate,DragonsClaw,Shroud,,,,,,,,,,,,,,,,,4.0,TrainerSnax,None,None,,,,,,,,,,,,,2.0,GuinsoosRageblade,,,,,,,,,,,,,,,,,,,,,,
4,EUW1_5972357741,TFT6_Augment_CyberneticImplants1,TFT7_Augment_JadeEternalProtection,TFT6_Augment_PortableForge,,,,,,,1.0,0.0,0.0,,,3.0,0.0,,,0.0,,,,1.0,,,1.0,0.0,,,,,,,,,2.0,JeweledGauntlet,OrnnObsidianCleaver,InfinityEdge,,,,,2.0,,,,,,,,,,,,,,,,,,,,,,,,,,,,,,,,2.0,GuinsoosRageblade,Bloodthirster,InfinityEdge,,,,,,,,,,,,,2.0,,,,,,,,,,,,,,,,,,,,2.0,,,,,,,,,,,,,,,,,,,,,,,,,,,,2.0,RedBuff,DragonsClaw,BrambleVest,,,,,,,,,,,,,,,,,,,,,,,,,,,,,,,,,,,,,,,,,,,,,,,,,,,,,,,,,1.0,LocketOfTheIronSolari,,,,,,,,,,,,,,,,,,,,,,,,,,,,,None,None,,,,,,,,,,,,,,,,,,,,,,,,,,,,,,,,,,,,
8,EUW1_5972357741,TFT6_Augment_CyberneticUplink1,TFT7_Augment_BestFriends2,TFT7_Augment_UrfsGrabBag1,,1.0,,1.0,,0.0,,,,,1.0,,,3.0,,0.0,,,0.0,,,,,,,0.0,,0.0,,,,,,,,,,,,,,,,,,,,,,,,,,,,,,,,,,,,,,,,,,,,,,,,,,,,,,,,,,,,,,,,,,,,,2.0,NegatronCloak,,,2.0,WarmogsArmor,MageEmblemItem,,,,,,,,,,,,,,,,,,,,,,2.0,SparringGloves,,,,,,,3.0,StatikkShiv,,,,,,,,,,,,,,,,,,,,,,,,,,,,,,,2.0,RabadonsDeathcap,MadredsBloodrazor,Quicksilver,,,,,,,,,,,,,,,,,,,,,,,,,,,,,,,,,,,,,1.0,GargoyleStoneplate,GargoyleStoneplate,,,,,,,,,,,,,,,,,,,,None,None,,,,,,,,,,,,,2.0,,,,,,,,,,,,,,,,,,,,,,,
2,EUW1_5972357741,TFT6_Augment_Distancing,TFT6_Augment_Meditation2,TFT6_Augment_Diversify2,1.0,,1.0,1.0,,1.0,,,,,4.0,,0.0,,,0.0,1.0,,,,,,,1.0,1.0,,0.0,,,,,,,,,,,,,,,,,,,,,,2.0,,,,,,,,,,,,,,,,,,,,,,,,,,,,,,,,,,,,,,,,,,,,2.0,,,,,,,,,,,,,,,,,,,,,,,,,,,,,,,,,,,,,,,,,,,,,,,,,,,,,,,,,,,,2.0,RedBuff,Morellonomicon,,,,,,2.0,,,,,,,,2.0,,,,,,,,,,,,2.0,,,,,,,,,,,,,,,,,,,,,,,,,,,,,,,,1.0,FrozenHeart,GuardianAngel,MadredsBloodrazor,,,,,,,,,,,None,None,,,,,2.0,,,,,,,,,,,,,,,,2.0,InfinityEdge,Deathblade,Quicksilver,,,,,,,,,,,,
3,EUW1_5972357741,TFT6_Augment_ThrillOfTheHunt1,TFT7_Augment_BestFriends2,TFT6_Augment_FuturePeepers,1.0,1.0,,2.0,,,,,,,1.0,,0.0,0.0,,,,,,,,,,1.0,1.0,,,1.0,,,,,,,,,,,,,,,,,,,,,,,,,,,,,,,,,,,,,,,,,,,,,,,,,,,,,,,,,2.0,,,,,,,,,,,,,,,,3.0,Zephyr,WarmogsArmor,,,,,,,,,,,,,,,,,,,,,,,,,,,,,,,,,,,,,,,,,,,,,,,,,,2.0,Redemption,,,1.0,ArchangelsStaff,BruiserEmblemItem,SpearOfShojin,,,,,,,,,,,,,,,,,,,,,,,,,,,,,2.0,,,,,,,,,,,,,,,,2.0,,,,,,,,2.0,LastWhisper,,,,,,,,,,,,,None,None,,,,,,,,,3.0,GuinsoosRageblade,Deathblade,RunaansHurricane,,,,,,,,,,,,,,,,,,,,,,,,
6,EUW1_5972357741,TFT7_Augment_BestFriends1,TFT6_Augment_Electrocharge2,TFT7_Augment_CannoneerHotShot,,,1.0,,1.0,,1.0,,1.0,1.0,1.0,,,0.0,,1.0,,1.0,0.0,,1.0,,,,,1.0,,,,,,,,,,,,,,,,,,,,,,,1.0,MageEmblemItem,,,2.0,IonicSpark,,,1.0,InfinityEdge,LastWhisper,GuinsoosRageblade,,,,,,,,,1.0,RedBuff,ShimmerscaleHeartOfGold,TitanicHydra,,,,,,,,,,,,,,,,,,,,,,,,,,,,,,,,,,,,,,,,,,,,,,,,,,,,,,,,,2.0,,,,,,,,,,,,,,,,,,,,,,,,,,,,,,,,,,,,,,,,,,,,,,,,,,,,,,,,,,,,,,,,2.0,,,,,,,,,,,,,,,,,,,,,,,,,,,,,,,,2.0,TrainerSnax,None,None,2.0,BFSword,,,,,,,,,,,,,,,,,,,,,,,,,,,,,,,,,,
7,EUW1_5972357741,TFT7_Augment_AFK,TFT7_Augment_CannoneerHotShot,TFT6_Augment_ComponentGrabBag,,,,,1.0,,1.0,,1.0,1.0,,,,,,0.0,,1.0,,,1.0,,,,,1.0,,0.0,,,,,,,,,,,,,,,,,,,,,,,,,,,,,1.0,Quicksilver,GuinsoosRageblade,Deathblade,,,,,,,,,2.0,IonicSpark,Redemption,GargoyleStoneplate,,,,,,,,,,,,,,,,,,,,,,,,,,,,,,,,,,,,,,,,,,,,,,,,,,,,,,,,,2.0,PowerGauntlet,,,,,,,,,,,,,,,,,,,,,,,,,,,,,,,,,,,,,,,,,,,,,,,,,,,,,,,,,,,,,,,1.0,ShimmerscaleHeartOfGold,,,,,,,,,,,,,,,,,,,,,,,,,,,3.0,,,,2.0,TrainerSnax,None,None,2.0,HextechGunblade,,,,,,,,,,,,,,,,,,,,,,,,,,,,,,,,,,
5,EUW1_5972357741,TFT6_Augment_Meditation1,TFT7_Augment_BestFriends2,TFT7_Augment_RevelPartyFavors,,,,,2.0,0.0,1.0,,1.0,1.0,,,,,,0.0,0.0,1.0,,,1.0,,,,,1.0,,0.0,,,,,,,,,,,,,,,,,,,,,,,,,,,,,2.0,LastWhisper,StatikkShiv,GuinsoosRageblade,,,,,,,,,2.0,GargoyleStoneplate,RedBuff,Quicksilver,,,,,,,,,,,,,,,,,,,,,2.0,ThiefsGloves,FrozenHeart,GuardianAngel,,,,,,,,,,,,,,,,,,,,,,,,,,,,,,,,,1.0,,,,,,,,,,,,,,,,,,,,,,,,,,,,,,,,,,,,,,,,,,,,,,,,,,,,,,,,,,,,,,,,2.0,CannoneerEmblemItem,SpearOfShojin,SpearOfShojin,,,,,,,,,,,,,,,,,,,,,,,,,1.0,,,,2.0,TrainerSnax,None,None,2.0,NeedlesslyLargeRod,ShimmerscaleHeartOfGold,,,,,,,,,,,,,,,,,,,,,,,,,,,,,,,,,
1,EUW1_5972357741,TFT7_Augment_MageTrait,TFT6_Augment_ComponentGrabBag,TFT6_Augment_CyberneticUplink2,,0.0,1.0,1.0,,,1.0,,,,2.0,,0.0,3.0,,1.0,,,,,0.0,1.0,,,2.0,0.0,,0.0,,,,,,,,,1.0,MageEmblemItem,SpearOfShojin,MadredsBloodrazor,,,,,,,,,1.0,,,,,,,,,,,,,,,,,,,,,,,,,,,,,,,,,,,,,,,,,,,,,,,,2.0,BFSword,,,,,,,,,,,,,,,,,,,,,,,,,,,,,,,,,,,3.0,SparringGloves,,,,,,,,,,,,,,,,,,,2.0,ThiefsGloves,IonicSpark,IonicSpark,,,,,,,,,1.0,Zephyr,,,,,,,,,,,,,,,,,,,,,,,,,,,,,,,,,,,,,,,2.0,WarmogsArmor,GargoyleStoneplate,Redemption,,,,,,,,,,,,,,,,,,,None,None,,,,,,,,,,,,,,,,,,,,,,,,,,,,,,,,,1.0,NeedlesslyLargeRod,SpearOfShojin,RabadonsDeathcap
4,EUW1_5972663900,TFT6_Augment_ThrillOfTheHunt2,TFT7_Augment_WhispersTrait,TFT6_Augment_CyberneticImplants1,1.0,,1.0,2.0,,,1.0,,,,1.0,,0.0,0.0,,0.0,0.0,,,,,,,,1.0,,0.0,3.0,,,,,,,,,,,,,,,,,,,,,1.0,,,,,,,,,,,,,,,,,,,,,,,,,,,,2.0,TitansResolve,Bloodthirster,GuardianAngel,,,,,,,,,,,,,,,,,,,,,,,,,,,,,,,,,,,,,,,,,,,,,,,,,,,,,,,,,,,,,,,,,,,,,,,,,1.0,,,,1.0,RabadonsDeathcap,UnstableConcoction,RabadonsDeathcap,2.0,HextechGunblade,,,,,,,,,,,,,,,,,,,2.0,,,,,,,,,,,,,,,,,,,,,,,,2.0,TitanicHydra,RedBuff,,,,,,,,,,,,,,,,,,,,None,None,,,,,,,,,,,,,,,,,,,,,,,,,,,,,,,,,,,,
7,EUW1_5972663900,TFT6_Augment_PortableForge,TFT6_Augment_PandorasItems,TFT6_Augment_FirstAidKit,,1.0,,1.0,,,,,0.0,,1.0,,,2.0,,1.0,,,,,0.0,1.0,,,,1.0,,0.0,,,,,,,,,,,,,,,,,,,,,,,,,,,,,,,,,,,,,,,,,,,,,,,,,,,,,,,,,,,,,,,,,,,,,2.0,,,,2.0,,,,,,,,,,,,,,,,,,,,,,,,,,,,2.0,,,,2.0,,,,,,,,,,,,,,,,,,,,,,,,,,,,,,,,2.0,OrnnTheCollector,ArchangelsStaff,SpearOfShojin,,,,,,,,,,,,,,,,,,,,,,,,,,,,,,,,,,,,,2.0,RedBuff,WarmogsArmor,DragonsClaw,,,,,,,,,,,,,,,,,2.0,TrainerSnax,None,None,,,,,,,,,,,,,2.0,,,,,,,,,,,,,,,,,,,,1.0,JeweledGauntlet,UnstableConcoction,UnstableConcoction
1,EUW1_5972663900,TFT6_Augment_MetabolicAccelerator,TFT6_Augment_ItemGrabBag1,TFT6_Augment_CyberneticImplants1,0.0,1.0,1.0,1.0,,,,,0.0,,3.0,,0.0,0.0,,2.0,,,,,,,,1.0,0.0,0.0,,,,,,,,,,,,,,,,,,,,,,,1.0,,,,,,,,,,,,,,,,,,,,,,,,,,,,,,,,,,,,,,,,,,,,,,,,,,,,3.0,WarmogsArmor,GargoyleStoneplate,FrozenHeart,,,,,,,,,,,,,,,,,,,,,,,,,2.0,,,,3.0,,,,,,,,,,,,,,,,,,,,2.0,ThiefsGloves,Chalice,RabadonsDeathcap,,,,,,,,,,,,,,,,,,,,,,,,,,,,,,,,,,,,,,,,,,,,,,,,,,,,,,,,,2.0,UnstableConcoction,IonicSpark,DragonsClaw,,,,,,,,,,,None,None,,,,,2.0,ZekesHerald,,,3.0,GuinsoosRageblade,Deathblade,RunaansHurricane,,,,,,,,,,,,,,,,,,,,,,,,
5,EUW1_5972663900,TFT7_Augment_GuardianEmblem,TFT6_Augment_SecondWind1,TFT6_Augment_Distancing,,0.0,,1.0,,,1.0,,,1.0,,0.0,0.0,0.0,,,,,,1.0,,,,,0.0,,,3.0,,,,,,,,,,,,,,,,,,,,,,,,,,,,,,,,,,,,,,,,,,,,,,,,,2.0,Redemption,RedBuff,GuardianEmblemItem,2.0,ArchangelsStaff,LastWhisper,NeedlesslyLargeRod,,,,,,,,,,,,,,,,,,,,,,,,,,,,,,,,,,,,,,,,,,,,,,,,,,,,,1.0,,,,3.0,GuinsoosRageblade,Deathblade,Quicksilver,,,,,,,,,2.0,,,,,,,,,,,,,,,,,,,,,,,,,,,,,,,,,,,,,,,,,,,,,,,,,,,,2.0,,,,,,,,,,,,,,,,2.0,Zephyr,,,,,None,None,,,,,,,,,,,,,,,,,,,,,,,,,,,,,,,,,,,,
2,EUW1_5972663900,TFT7_Augment_CavalierEmblem,TFT7_Augment_BestFriends1,TFT7_Augment_MirageTrait,,,1.0,,,3.0,1.0,0.0,,,2.0,,,,4.0,0.0,0.0,,,,,,,,,,1.0,,,,,,,,,,,,,,,,,,,,,,2.0,,,,,,,,,,,,,,,,2.0,InfinityEdge,JeweledGauntlet,,,,,,,,,,,,,,,,,,,,,,,,,,2.0,MirageEmblemItem,,,,,,,,,,,,,,,,,,,,,,,,,,,,,,,,,,,,,,,,,,,,,,,,,,,2.0,RedBuff,,,,,,,,,,,,,,,,,,,,,,,1.0,NegatronCloak,,,,,,,,,,,,,,,,,,,,,,,,,,,,,,,,,,,,,,,,,,,,,,,,,,,,,,,,,None,None,,,,,,,,,,,,,,,,,,,,,,,,,2.0,Deathblade,MadredsBloodrazor,InfinityEdge,3.0,CavalierEmblemItem,UnstableConcoction,JeweledGauntlet,,,,
6,EUW1_5972663900,TFT7_Augment_MageEmblem,TFT6_Augment_SecondWind1,TFT7_Augment_MysticTrait,,0.0,,1.0,,,,,1.0,,1.0,,0.0,2.0,,2.0,,0.0,,,,,,,0.0,1.0,,0.0,,,,,,,,,,,,,,,,,,,,,,,,,,,,,,,,,,,,,,,,,,,,,,,,,,,,,,,,,,,,,,,,,,,,,1.0,,,,,,,,,,,,,,,,,,,,,,,,,,,,,,,,2.0,,,,2.0,,,,,,,,,,,,,,,,,,,,2.0,,,,,,,,,,,,2.0,SpearOfShojin,ArchangelsStaff,,,,,,,,,,,,,,,,,,,,,,,,,,1.0,MageEmblemItem,Morellonomicon,StatikkShiv,,,,,,,,,2.0,GargoyleStoneplate,WarmogsArmor,GargoyleStoneplate,,,,,,,,,,,,,,,,,1.0,TrainerSnax,None,None,,,,,,,,,,,,,,,,,,,,,,,,,,,,,,,,,,,,
8,EUW1_5972663900,TFT6_Augment_CyberneticImplants2,TFT6_Augment_SecondWind1,TFT7_Augment_ShapeshifterTrait,,,,,,,1.0,0.0,,0.0,,0.0,,,,,1.0,,,3.0,,,,,,,,1.0,,,,,,,,,,,,,,,,,,,,,,,,,,,,,,,,,,,,,,,,,,,,,,,,,,,,,2.0,ArchangelsStaff,GuinsoosRageblade,Quicksilver,,,,,2.0,,,,,,,,,,,,,,,,,,,,,,,,,,,,,,,,,,,,,,,,,,,,,,,,2.0,WarmogsArmor,,,,,,,,,,,,,,,,,,,,,,,,,,,,,,,,,,,,,,,,,,,,,,,1.0,BFSword,,,,,,,,,,,,,,,1.0,,,,,,,,,,,,,,,,,,,,2.0,,,,,,None,None,,,,,,,,,,,,,,,,,,,,,,,,,,,,,,,,,,,,
3,EUW1_5972663900,TFT6_Augment_Twins2,TFT7_Augment_MageTrait,TFT6_Augment_ThrillOfTheHunt1,,0.0,,1.0,,,1.0,0.0,,,,,0.0,2.0,0.0,0.0,,,,,0.0,1.0,,,2.0,,0.0,0.0,,,,,,,,,1.0,HextechGunblade,SpearOfShojin,,,,,,,,,,,,,,,,,,,,,,,,,,,,,,,,,,,,,,,,,,,,,,,,,,,,,,,,,,,,,,,,,,,,,,,,,,,,,,,,,,,,,,,,,,,,,,3.0,StatikkShiv,,,,,,,,,,,,,,,,,,,1.0,BrambleVest,TitanicHydra,WarmogsArmor,,,,,,,,,,,,,,,,,,,,,,,,,,,,,,,,,,,,,,,,,,,,,,,,,2.0,Shroud,,,,,,,,,,,,,,,,,,,,,None,None,,,,,,,,,,,,,3.0,ChainVest,,,,,,,,,,,1.0,,,,,,,,2.0,ThiefsGloves,BrambleVest,TitansResolve
7,EUW1_5972778470,TFT6_Augment_TinyTitans,TFT6_Augment_PandorasItems,TFT7_Augment_UrfsGrabBag1,,,,1.0,,2.0,,0.0,,,2.0,0.0,0.0,,0.0,,1.0,,,0.0,,,,1.0,0.0,,1.0,,,,,,,,,,,,,,,,,,,,,,,,,,,,,,,,,,,,,,,,,,,,,,,,,,,,,,,,,,,,,,,,,,2.0,,,,,,,,,,,,,,,,,,,,,,,,,,,,,,,,,,,,,,,,,,,,2.0,WarmogsArmor,DragonsClaw,RedBuff,,,,,,,,,,,,,1.0,,,,,,,,,,,,,,,,2.0,,,,,,,,,,,,1.0,,,,,,,,,,,,,,,,,,,,,,,,,,,,,,,,,,,,,,,,,,,,,,None,None,,,,,2.0,,,,,,,,,,,,,,,,2.0,GuinsoosRageblade,MadredsBloodrazor,Quicksilver,1.0,CavalierEmblemItem,FrozenHeart,ChainVest,,,,,,,,
2,EUW1_5972778470,TFT6_Augment_CyberneticUplink1,TFT6_Augment_Distancing,TFT7_Augment_UrfsGrabBag1,,0.0,,1.0,,,,0.0,0.0,,1.0,,0.0,3.0,,1.0,,,,,0.0,1.0,,,0.0,1.0,,0.0,,,,,,,,,,,,,,,,,,,,,,,,,,,,,,,,,,,,,,,,,,,,,,,,,,,,,,,,,,,,,,,,,,,,,2.0,GargoyleStoneplate,,,,,,,,,,,,,,,,,,,,,,,,,,,,,,,2.0,MageEmblemItem,,,3.0,StatikkShiv,,,,,,,,,,,,,,,,,,,2.0,LocketOfTheIronSolari,GargoyleStoneplate,FrozenHeart,,,,,,,,,3.0,Quicksilver,SpearOfShojin,,,,,,,,,,,,,,,,,,,,,,,,,,,,,,,,,,,,,,2.0,GargoyleStoneplate,WarmogsArmor,GargoyleStoneplate,,,,,,,,,,,,,,,,,4.0,TrainerSnax,None,None,,,,,,,,,,,,,2.0,,,,,,,,,,,,,,,,,,,,1.0,DragonmancerEmblemItem,,
1,EUW1_5972778470,TFT6_Augment_SecondWind1,TFT6_Augment_Diversify1,TFT7_Augment_JadeTrait,,,1.0,,,,1.0,1.0,,,1.0,3.0,,,1.0,1.0,,,,1.0,,,1.0,0.0,,,0.0,,,,,,,,,,,,,,2.0,,,,,,,,2.0,,,,,,,,,,,,,,,,,,,,,,,,2.0,Bloodthirster,UnstableConcoction,MadredsBloodrazor,,,,,,,,,,,,,2.0,,,,,,,,,,,,,,,,,,,,2.0,,,,,,,,,,,,,,,,,,,,,,,,,,,,2.0,WarmogsArmor,WarmogsArmor,Quicksilver,,,,,,,,,,,,,,,,,,,,,,,,,,,,,,,,,,,,,,,,,,,,,,,,,,,,,,,,,2.0,MirageEmblemItem,RabadonsDeathcap,,,,,,,,,,,,,,,,,,,,,,,,,,,,None,None,,,,,,,,,,,,,,,,,,,,,,,,,1.0,InfinityEdge,Bloodthirster,HextechGunblade,,,,,,,,
8,EUW1_5972778470,TFT7_Augment_BestFriends1,TFT6_Augment_LudensEcho1,TFT7_Augment_RagewingScorch,,,,0.0,,,,2.0,,,,1.0,,,0.0,,1.0,,,1.0,,,,0.0,0.0,,1.0,,,,,,,,,,,,,,1.0,,,,,,,,,,,,,,,,,,,,,,,,,,,,,,,,,,,,,,,,,,,,,,,,,,,,,,,,,,,,,,,,,,,,1.0,,,,,,,,2.0,HextechGunblade,,,,,,,,,,,,,,,,,,,1.0,,,,,,,,,,,,,,,,,,,,,,,,,,,,,,,,,,,,,,,,2.0,,,,2.0,,,,,,,,,,,,,,,,,,,,2.0,GuinsoosRageblade,ArchangelsStaff,,,,,,,,,,,,,,,,,,,,,,,,None,None,,,,,,,,,,,,,,,,,,,,,,,,,1.0,FrozenHeart,,,,,,,,,,
4,EUW1_5972778470,TFT6_Augment_PandorasItems,TFT6_Augment_CelestialBlessing1,TFT6_Augment_ComponentGrabBag,,,,1.0,,,1.0,,0.0,,1.0,,0.0,2.0,,0.0,,,,,0.0,1.0,,,2.0,1.0,,0.0,,,,,,,,,2.0,SpearOfShojin,MageEmblemItem,ArchangelsStaff,,,,,,,,,,,,,,,,,,,,,,,,,,,,,,,,,,,,,,,,,,,,,,,,,,,,,,,,,2.0,,,,,,,,,,,,,,,,,,,,,,,,,,,,,,,,1.0,PowerGauntlet,ZekesHerald,Chalice,,,,,,,,,,,,,,,,,,,,,1.0,BrambleVest,NegatronCloak,,,,,,,,,,1.0,,,,,,,,,,,,,,,,,,,,,,,,,,,,,,,,,,,,,,,,2.0,RedBuff,IonicSpark,GargoyleStoneplate,,,,,,,,,,,,,,,,,4.0,TrainerSnax,None,None,,,,,,,,,,,,,,,,,,,,,,,,,,,,,,,,,2.0,RabadonsDeathcap,,
6,EUW1_5972778470,TFT6_Augment_CyberneticImplants1,TFT6_Augment_Weakspot,TFT6_Augment_Ascension,,1.0,,1.0,,,,,0.0,,1.0,,,1.0,,1.0,,,,,,,,1.0,,1.0,,0.0,,,,,,,,,,,,,,,,,,,,,,,,,,,,,,,,,,,,,,,,,,,,,,,,,,,,,,,,,,,,,,,,,,,,,2.0,,,,3.0,DragonsClaw,RedBuff,,,,,,,,,,,,,,,,,,,,,,,,,,2.0,ZekesHerald,LocketOfTheIronSolari,,3.0,TearOfTheGoddess,,,,,,,,,,,,,,,,,,,,,,,,,,,,,,,,,,,,,,,,,,,,,,,,,,,,,,,,,,,,,,,,,,,,,,,2.0,,,,,,,,,,,,,,,,,,,,3.0,TrainerSnax,None,None,,,,,1.0,,,,3.0,GuinsoosRageblade,RunaansHurricane,Deathblade,,,,,,,,,,,,,,,,,,,,,,,,
5,EUW1_5972778470,TFT6_Augment_CyberneticShell1,TFT6_Augment_CyberneticUplink1,TFT7_Augment_BruiserEmblem,0.0,,1.0,1.0,,1.0,,,,,4.0,,0.0,,,0.0,1.0,,,,,,,1.0,0.0,,0.0,,,,,,,,,,,,,,,,,,,,,,1.0,,,,,,,,,,,,,,,,,,,,,,,,,,,,,,,,,,,,,,,,,,,,1.0,GargoyleStoneplate,,,,,,,,,,,,,,,,,,,,,,,,,,,,,,,,,,,,,,,,,,,,,,,,,,,,,,,,,,,2.0,NegatronCloak,,,,,,,,,,,,,,,2.0,HextechGunblade,,,,,,,,,,,2.0,GargoyleStoneplate,,,,,,,,,,,,,,,,,,,,,,,,,,,,,,,2.0,FrozenHeart,BruiserEmblemItem,,,,,,,,,,,,None,None,,,,,2.0,,,,,,,,,,,,,,,,2.0,Quicksilver,MadredsBloodrazor,GuinsoosRageblade,,,,,,,,,,,,
3,EUW1_5972778470,TFT7_Augment_CannoneerTrait,TFT6_Augment_Weakspot,TFT6_Augment_PortableForge,1.0,,1.0,2.0,0.0,,1.0,,,1.0,1.0,,0.0,0.0,,0.0,0.0,,,,,,,,1.0,,0.0,3.0,,,,,,,,,,,,,,,,,,,,,1.0,GuardianEmblemItem,,,,,,,,,,,,,,,,,,,,,,,,,,,2.0,GuinsoosRageblade,Bloodthirster,Quicksilver,,,,,,,,,,,,,,,,,,,,,,,,,,,,,,,,,,,,,,,,,,,,,,,,,,,,,,,,,,,,,,,,,,,,,,,,,1.0,,,,2.0,IonicSpark,FrozenHeart,DragonsClaw,2.0,TitansResolve,,,,,,,,,,,,,,,,,,,1.0,,,,,,,,,,,,,,,,,,,,,,,,2.0,WarmogsArmor,OrnnRanduinsSanctum,ZekesHerald,,,,,,,,,,,,,2.0,,,,,,None,None,,,,,,,,,,,,,,,,,,,,,,,,,,,,,,,,,,,,
6,EUW1_5972842433,TFT6_Augment_ClearMind,TFT6_Augment_ItemGrabBag1,TFT6_Augment_SalvageBin,,,1.0,,2.0,,1.0,,1.0,1.0,2.0,,,,,1.0,,2.0,,,1.0,,,0.0,,1.0,,,,,,,,,,,,,,,,,,,,,,,1.0,GuinsoosRageblade,StatikkShiv,,,,,,2.0,GuinsoosRageblade,MadredsBloodrazor,LastWhisper,,,,,,,,,2.0,GargoyleStoneplate,WarmogsArmor,GargoyleStoneplate,,,,,,,,,,,,,,,,,,,,,,,,,,,,,,,,,2.0,,,,,,,,,,,,,,,,,,,,,,,,2.0,GuardianEmblemItem,TitanicHydra,,,,,,,,,,,,,,,,,,,,,,,,,,,,,,,,,,,,,,,,,,,,,,,,,,,,,,,,,,,,,,1.0,ShimmerscaleGoldmancersStaff,SpearOfShojin,NeedlesslyLargeRod,,,,,,,,,,,,,,,,,,,,,,,,,,,,,3.0,TrainerSnax,None,None,1.0,,,,1.0,,,,,,,,,,,,,,,,,,,,,,,,,,,,,,,
4,EUW1_5972842433,TFT7_Augment_ShapeshifterBeastsDen,TFT6_Augment_TinyTitans,TFT6_Augment_SunfireBoard,1.0,,,,,,,0.0,,0.0,1.0,1.0,,,,,0.0,,,2.0,,,1.0,,,,,1.0,,,,,,,,,,,,,,,,,,,,,,,,,,,,,,,,,,,,,,,,,,,,,,,,,,,,,1.0,,,,,,,,2.0,,,,,,,,,,,,,,,,,,,,,,,,,,,,,,,,,,,,,,,,,,,,,,,,2.0,RedBuff,BrambleVest,TitansResolve,,,,,,,,,,,,,,,,,2.0,InfinityEdge,GuinsoosRageblade,UnstableConcoction,,,,,,,,,,,,,,,,,,,,,,,,,,,,,,,,,,,,,1.0,SpearOfShojin,,,2.0,NeedlesslyLargeRod,,,,,,,,,,,2.0,InfinityEdge,GuinsoosRageblade,,,,,,2.0,,,,,,None,None,,,,,,,,,,,,,,,,,,,,,,,,,,,,,,,,,,,,
3,EUW1_5972842433,TFT6_Augment_Electrocharge2,TFT6_Augment_PandorasItems,TFT7_Augment_PandorasBench,,,,1.0,,,1.0,,,1.0,,1.0,,0.0,,,,,,1.0,,,,,,,,3.0,,,,,,,,,,,,,,,,,,,,,,,,,,,,,,,,,,,,,,,,,,,,,,,,,2.0,UnstableConcoction,Bloodthirster,TitansResolve,3.0,ArchangelsStaff,GuinsoosRageblade,Bloodthirster,,,,,2.0,,,,,,,,,,,,,,,,,,,,,,,,,,,,,,,,,,,,,,,,,,,,,,,,2.0,ThiefsGloves,ArchangelsStaff,HextechGunblade,,,,,,,,,,,,,,,,,,,,,,,,,,,,,,,,,,,,,,,,,,,,,,,,,,,,,,,,,,,,,,,,,2.0,,,,,,,,,,,,2.0,LocketOfTheIronSolari,,,2.0,,,,,,None,None,,,,,,,,,,,,,,,,,,,,,,,,,,,,,,,,,,,,
8,EUW1_5972842433,TFT6_Augment_Twins2,TFT6_Augment_TinyTitans,TFT6_Augment_ComponentGrabBag,,0.0,,,,,1.0,,,,,2.0,,,,0.0,,,,2.0,,,1.0,,,,,0.0,,,,,,,,,,,,,,,,,,,,,,,,,,,,,,,,,,,,,,,,,,,,,1.0,,,,,,,,1.0,ArchangelsStaff,,,,,,,2.0,,,,,,,,,,,,,,,,,,,,,,,,,,,,,,,,,,,,,,,,,,,,,,,,1.0,RedBuff,Redemption,DragonsClaw,3.0,RapidFireCannon,Quicksilver,MadredsBloodrazor,,,,,,,,,,,,,,,,,,,,,,,,,,,,,,,,,,,,,,,,,,,,,,,,,,,,,1.0,,,,,,,,,,,,,,,,,,,,,,,,,,,,,,None,None,,,,,,,,,,,,,,,,,,,,,,,,,,,,,,,,,,,,
1,EUW1_5972842433,TFT6_Augment_TrueTwos,TFT6_Augment_PandorasItems,TFT7_Augment_DragonHorde,,,,1.0,,,2.0,,1.0,,,,0.0,1.0,,0.0,,,,,0.0,1.0,,,2.0,1.0,,2.0,,,,,,,,,1.0,SpearOfShojin,ArchangelsStaff,EvokerEmblemItem,,,,,,,,,,,,,,,,,,,,,,,,,,,,,,,,,,,,,2.0,TitansResolve,Quicksilver,Bloodthirster,,,,,,,,,,,,,,,,,2.0,,,,,,,,,,,,,,,,,,,,,,,,,,,,,,,,2.0,PowerGauntlet,ZekesHerald,,,,,,,,,,,,,,,,,,,,,,2.0,,,,,,,,,,,,,,,,,,,,,,,,,,,,,,,,,,,,,,,,,,,,,,,,,,,,2.0,BrambleVest,WarmogsArmor,,,,,,,,,,,,,,,,,,4.0,TrainerSnax,None,None,,,,,,,,,,,,,,,,,,,,,,,,,,,,,,,,,2.0,JeweledGauntlet,,
5,EUW1_5972842433,TFT7_Augment_CannoneerHotShot,TFT7_Augment_BestFriends1,TFT7_Augment_CannoneerRicochet,,,1.0,,1.0,,1.0,,1.0,1.0,1.0,,,,,1.0,,1.0,0.0,,1.0,,,,,1.0,,,,,,,,,,,,,,,,,,,,,,,1.0,,,,2.0,,,,2.0,GuinsoosRageblade,UnstableConcoction,LastWhisper,,,,,,,,,2.0,RedBuff,DragonsClaw,GargoyleStoneplate,,,,,,,,,,,,,,,,,,,,,,,,,,,,,,,,,,,,,,,,,,,,,,,,,,,,,,,,,2.0,,,,,,,,,,,,,,,,,,,,,,,,,,,,,,,,,,,,,,,,,,,,,,,,,,,,,,,,,,,,,,,,2.0,Morellonomicon,ShimmerscaleGoldmancersStaff,HextechGunblade,,,,,,,,,,,,,,,,,,,,,,,,,,,,,4.0,TrainerSnax,None,None,2.0,NeedlesslyLargeRod,,,,,,,,,,,,,,,,,,,,,,,,,,,,,,,,,,
7,EUW1_5972842433,TFT6_Augment_HyperRoll,TFT6_Augment_MakeshiftArmor1,TFT6_Augment_ComponentGrabBag,1.0,,,1.0,,1.0,,,,,3.0,,0.0,,,,1.0,,,,,,,1.0,1.0,,0.0,,,,,,,,,,,,,,,,,,,,,,,,,,,,,,,,,,,,,,,,,,,,,,,,,,,,,,,,,,,,,,,,,,2.0,WarmogsArmor,GargoyleStoneplate,Redemption,,,,,,,,,,,,,,,,,,,,,,,,,,,,,,,,,,,,,,,,,,,,,,,,,,,,,,,,,2.0,ThiefsGloves,Morellonomicon,IonicSpark,,,,,2.0,FrozenHeart,NeedlesslyLargeRod,StatikkShiv,,,,,1.0,,,,,,,,,,,,2.0,,,,,,,,,,,,,,,,,,,,,,,,,,,,,,,,2.0,FrozenHeart,,,,,,,,,,,,,None,None,,,,,2.0,,,,,,,,,,,,,,,,2.0,InfinityEdge,MadredsBloodrazor,GuinsoosRageblade,,,,,,,,,,,,
2,EUW1_5972842433,TFT6_Augment_HyperRoll,TFT6_Augment_TinyTitans,TFT6_Augment_JeweledLotus,,1.0,1.0,2.0,,,1.0,,,,2.0,,0.0,2.0,,1.0,,,,,,,,,0.0,,,2.0,,,,,,,,,,,,,,,,,,,,,1.0,,,,,,,,,,,,,,,,,,,,,,,,,,,,2.0,HextechGunblade,InfinityEdge,TitansResolve,,,,,,,,,,,,,,,,,,,,,3.0,MageEmblemItem,LocketOfTheIronSolari,,,,,,,,,,,,,,,,,,,,,,,,,,,,,,3.0,StatikkShiv,,,,,,,,,,,,,,,,,,,2.0,,,,,,,,,,,,3.0,SpearOfShojin,JeweledGauntlet,,,,,,,,,,,,,,,,,,,,,,,,,,,,,,,,,,,,,,2.0,RedBuff,,,,,,,,,,,,,,,,,,,,,None,None,,,,,,,,,,,,,2.0,,,,,,,,,,,,,,,,,,,,,,,
4,EUW1_5972573581,TFT7_Augment_CannoneerTrait,TFT7_Augment_BestFriends1,TFT7_Augment_CannoneerEmblem2,0.0,,,1.0,4.0,,,,1.0,,1.0,,,,,0.0,0.0,3.0,,,,,,,,1.0,0.0,,,,,,,,,,,,,,,,,,,,,,,,,,,,,,2.0,UnstableConcoction,GuinsoosRageblade,RunaansHurricane,,,,,,,,,,,,,,,,,,,,,,,,,,,,,,,,,,,,,,,,,,,,,2.0,InfinityEdge,,,,,,,,,,,,,,,,,,,,,,,2.0,,,,,,,,,,,,,,,,,,,,,,,,,,,,,,,,,,,,,,,,,,,,,,,,,,,,2.0,RedBuff,IonicSpark,,,,,,,,,,2.0,HextechGunblade,,,,,,,,,,,,,,,1.0,,,,2.0,CannoneerEmblemItem,ZekesHerald,ZekesHerald,,,,,,,,,4.0,TrainerSnax,None,None,1.0,,,,,,,,,,,,,,,,,,,,,,,,,,,,,,,,,,,
5,EUW1_5972573581,TFT6_Augment_Electrocharge1,TFT7_Augment_CannoneerTrait,TFT6_Augment_CyberneticImplants3,,,1.0,,2.0,,1.0,,1.0,1.0,1.0,,,,,1.0,,1.0,0.0,,1.0,,,,,1.0,,,,,,,,,,,,,,,,,,,,,,,1.0,,,,2.0,ShimmerscaleHeartOfGold,,,2.0,Quicksilver,Deathblade,GuinsoosRageblade,,,,,,,,,2.0,RedBuff,WarmogsArmor,Redemption,,,,,,,,,,,,,,,,,,,,,,,,,,,,,,,,,,,,,,,,,,,,,,,,,,,,,,,,,2.0,Shroud,,,,,,,,,,,,,,,,,,,,,,,,,,,,,,,,,,,,,,,,,,,,,,,,,,,,,,,,,,,,,,,1.0,RunaansHurricane,,,,,,,,,,,,,,,,,,,,,,,,,,,,,,,3.0,TrainerSnax,None,None,2.0,PowerGauntlet,,,,,,,,,,,,,,,,,,,,,,,,,,,,,,,,,,
2,EUW1_5972573581,TFT6_Augment_Twins1,TFT7_Augment_BestFriends1,TFT6_Augment_CyberneticShell3,,1.0,1.0,1.0,,,,,,,2.0,,,1.0,,1.0,,,,,0.0,1.0,,1.0,,,,0.0,,,,,,,,,,,,,,,,,,,,,1.0,,,,,,,,,,,,,,,,,,,,,,,,,,,,,,,,,,,,,,,,,,,,,,,,,,,,2.0,NeedlesslyLargeRod,WarmogsArmor,WarmogsArmor,,,,,,,,,,,,,,,,,,,,,,,,,,,,,3.0,GuinsoosRageblade,,,,,,,,,,,,,,,,,,,,,,,,,,,,,,,,,,,,,,,,,,,,,,,,,,,,,,,,,,,,,,,,,,,,,,,2.0,SparringGloves,,,,,,,,,,,,,,,,,,,,,None,None,,,,,2.0,NeedlesslyLargeRod,,,2.0,RapidFireCannon,RunaansHurricane,MadredsBloodrazor,,,,,,,,,,,,,,,,,,,,,2.0,SeraphsEmbrace,StatikkShiv,
1,EUW1_5972573581,TFT7_Augment_CavalierTrait,TFT7_Augment_MageTrait,TFT7_Augment_ThinkFast,,,1.0,1.0,,1.0,1.0,,,,2.0,0.0,0.0,2.0,,0.0,,,0.0,,0.0,1.0,1.0,,2.0,,,0.0,,,,,,,,,2.0,Bloodthirster,JeweledGauntlet,SpearOfShojin,,,,,,,,,1.0,Zephyr,,,,,,,,,,,,,,,,,,,,,,,,,,,,,,,,,,,,,,,,,,,,,,,,,,,,,,,,,,,,,,,,,,,,,,,,,,,1.0,,,,,,,,,,,,,,,,,,,,,,,,,,,,2.0,Zephyr,WarmogsArmor,,,,,,,,,,2.0,Quicksilver,RunaansHurricane,,,,,,,,,,,,,,,,,,,,,,,,,,,,,,1.0,,,,,,,,2.0,TitanicHydra,DragonsClaw,TitanicHydra,,,,,,,,,,,,,,,,,,,None,None,,,,,,,,,,,,,,,,,,,,,,,,,,,,,,,,,2.0,UnstableConcoction,,
3,EUW1_5972573581,TFT7_Augment_AFK,TFT6_Augment_CelestialBlessing1,TFT6_Augment_Diversify3,1.0,,,1.0,,1.0,,0.0,,,4.0,,0.0,,0.0,,1.0,,,,,,,1.0,1.0,,1.0,,,,,,,,,,,,,,,,,,,,,,,,,,,,,,,,,,,,,,,,,,,,,,,,,,,,,,,,,,,,,,,,,,2.0,ThiefsGloves,GuinsoosRageblade,MadredsBloodrazor,,,,,,,,,,,,,,,,,,,,,,,,,,,,,,,,,,,,,,,,,,,,,,,,,,,,,,,,,2.0,GiantsBelt,GuildEmblemItem,,,,,,2.0,RedBuff,Chalice,,,,,,2.0,,,,,,,,,,,,2.0,,,,,,,,,,,,,,,,,,,,,,,,,,,,,,,,2.0,GuardianAngel,Bloodthirster,RapidFireCannon,,,,,,,,,,,None,None,,,,,2.0,,,,,,,,,,,,,,,,2.0,MadredsBloodrazor,GuinsoosRageblade,UnstableConcoction,1.0,,,,,,,,,,,
6,EUW1_5972573581,TFT6_Augment_Electrocharge1,TFT6_Augment_Weakspot,TFT6_Augment_VerdantVeil,1.0,,,1.0,,,1.0,,,,,0.0,,0.0,,,,,,1.0,,,,,0.0,,0.0,3.0,,,,,,,,,,,,,,,,,,,,,,,,,,,,,,,,,,,,,,,,,,,,,,,,,2.0,RapidFireCannon,Bloodthirster,SpearOfShojin,2.0,BrambleVest,SpearOfShojin,,,,,,,,,,,,,,,,,,,,,,,,,,,,,,,,,,,,,,,,,,,,,,,,,,,,,,2.0,ThiefsGloves,NeedlesslyLargeRod,Bloodthirster,,,,,,,,,,,,,,,,,1.0,WarriorEmblemItem,ArchangelsStaff,MadredsBloodrazor,1.0,,,,,,,,,,,,,,,,,,,,,,,,,,,,,,,,,,,,,,,,,,,,1.0,,,,,,,,,,,,,,,,,,,,,,None,None,,,,,,,,,,,,,,,,,,,,,,,,,,,,,,,,,,,,
8,EUW1_5972573581,TFT6_Augment_SecondWind1,TFT6_Augment_ItemGrabBag1,TFT6_Augment_ForceOfNature,2.0,,,1.0,,,1.0,,,,1.0,0.0,0.0,,,,,,0.0,1.0,,,,,1.0,,,2.0,,,,,,,,,,,,,,,,,,,,,,,,,,,,,,,,,1.0,,,,,,,,,,,,,,,,2.0,InfinityEdge,AssassinEmblemItem,UnstableConcoction,2.0,GuinsoosRageblade,Bloodthirster,UnstableConcoction,,,,,,,,,,,,,,,,,,,,,,,,,,,,,,,,,,,,,,,,,,,,,,,,,,,,,2.0,,,,,,,,,,,,,,,,2.0,JeweledGauntlet,NeedlesslyLargeRod,,,,,,2.0,,,,,,,,,,,,,,,,,,,,,,,,,,,,,,,,,,,,,,,,,,,,,,,,,,,,1.0,,,,,,,,,,,,,,None,None,,,,,,,,,,,,,,,,,,,,,,,,,,,,,,,,,,,,
7,EUW1_5972573581,TFT6_Augment_CyberneticImplants1,TFT6_Augment_TinyTitans,TFT7_Augment_BruiserEmblem2,,1.0,,1.0,,,1.0,,1.0,,1.0,,,2.0,,1.0,,,,,0.0,1.0,,,,1.0,,0.0,,,,,,,,,,,,,,,,,1.0,Chalice,,,,,,,,,,,,,,,,,,,,,,,,,,,,,,,,,,,,,,,,,,,,,,,,,,,2.0,,,,,,,,,,,,,,,,,,,,,,,,,,,,,,,,1.0,,,,1.0,,,,,,,,,,,,,,,,,,,,,,,,,,,,,,,,2.0,ArchangelsStaff,SpearOfShojin,UnstableConcoction,,,,,,,,,,,,,,,,,,,,,,,,,,,,,,,,,,,,,2.0,Redemption,WarmogsArmor,RedBuff,,,,,,,,,,,,,,,,,2.0,TrainerSnax,None,None,,,,,,,,,,,,,,,,,,,,,,,,,,,,,,,,,1.0,UnstableConcoction,BruiserEmblemItem,Shroud
7,EUW1_5972607930,TFT7_Augment_CannoneerHotShot,TFT6_Augment_TradeSectorPlus,TFT6_Augment_Diversify2,,,,1.0,1.0,,1.0,,1.0,,,,,0.0,,0.0,,1.0,,,0.0,1.0,,,,1.0,,2.0,,,,,,,,,,,,,,,,,,,,,,,,,,,,,2.0,ThiefsGloves,LocketOfTheIronSolari,GuinsoosRageblade,,,,,,,,,,,,,,,,,2.0,,,,,,,,,,,,,,,,,,,,,,,,,,,,,,,,,,,,,,,,,,,,,,,,,,,,2.0,,,,,,,,,,,,,,,,,,,,,,,,,,,,,,,,,,,,,,,,,,,,,,,,,,,,,,,,,,,,,,,,2.0,GuinsoosRageblade,,,,,,,,,,,2.0,RedBuff,GargoyleStoneplate,GiantsBelt,,,,,,,,,,,,,,,,,3.0,TrainerSnax,None,None,2.0,,,,,,,,,,,,,,,,,,,,,,,,,,,,,,,,1.0,,,
1,EUW1_5972607930,TFT7_Augment_UrfsGrabBag1,TFT7_Augment_BruiserTitanicStrength,TFT6_Augment_Distancing2,2.0,0.0,,2.0,,,,,,,1.0,,0.0,,,,0.0,,1.0,,0.0,,,,1.0,,1.0,,,,,,,,,,,,,,,,,,,,,,,,,,,,,,,,,,3.0,StatikkShiv,HextechGunblade,FrozenHeart,,,,,,,,,,,,,,,,,,,,,,,,,,,,,,,,,,,,,2.0,,,,,,,,,,,,1.0,,,,,,,,,,,,,,,,,,,,,,,,,,,,,,,,,,,,3.0,AssassinEmblemItem,InfinityEdge,Bloodthirster,2.0,SpearOfShojin,GargoyleStoneplate,,,,,,2.0,Zephyr,,,,,,,,,,,,,,,,,,,2.0,Zephyr,LastWhisper,,,,,,,,,,,,,,,,,,,,,,,,,,,,,,3.0,StatikkShiv,JeweledGauntlet,InfinityEdge,,,,,,,,,,,None,None,,,,,,,,,,,,,,,,,,,,,,,,,,,,,,,,,,,,
6,EUW1_5972607930,TFT6_Augment_PortableForge,TFT7_Augment_ClutteredMind,TFT7_Augment_RevelPartyFavors,,,,,2.0,,1.0,,1.0,1.0,,,,,,0.0,,2.0,,,1.0,,,,,1.0,,0.0,,,,,,,,,,,,,,,,,,,,,,,,,,,,,2.0,OrnnTheCollector,InfinityEdge,MadredsBloodrazor,,,,,,,,,2.0,GargoyleStoneplate,ShimmerscaleDiamondHands,RedBuff,,,,,,,,,,,,,,,,,,,,,,,,,,,,,,,,,2.0,,,,,,,,,,,,,,,,,,,,,,,,2.0,,,,,,,,,,,,,,,,,,,,,,,,,,,,,,,,,,,,,,,,,,,,,,,,,,,,,,,,,,,,,,,,2.0,SpearOfShojin,StatikkShiv,JeweledGauntlet,,,,,,,,,,,,,,,,,,,,,,,,,2.0,TitanicHydra,,,3.0,TrainerSnax,None,None,1.0,,,,,,,,,,,,,,,,,,,,,,,,,,,,,,,,,,,
2,EUW1_5972607930,TFT7_Augment_MageConference,TFT6_Augment_Meditation2,TFT6_Augment_JeweledLotus,0.0,,1.0,1.0,,,1.0,0.0,,,2.0,,0.0,1.0,0.0,0.0,,,,,0.0,1.0,,,3.0,,0.0,0.0,,,,,,,,,2.0,StatikkShiv,SpearOfShojin,Bloodthirster,,,,,,,,,2.0,,,,,,,,,,,,,,,,,,,,,,,,,,,,,,,,,,,,,,,,,,,,,,,,,,,,,,,,,,,,,,,,,,,,,,,,,,,,,,,,,,,,,,,,,,,,,,,,,,,,,,,,2.0,TitanicHydra,GargoyleStoneplate,Morellonomicon,,,,,1.0,,,,2.0,,,,,,,,,,,,,,,,,,,,,,,,,,,,,,,,,,,,,,,,2.0,RedBuff,IonicSpark,Redemption,,,,,,,,,,,,,,,,,,,None,None,,,,,,,,,,,,,,,,,,,,,,,,,2.0,TempestEmblemItem,LocketOfTheIronSolari,,,,,,1.0,SpearOfShojin,SparringGloves,
5,EUW1_5972607930,TFT7_Augment_DragonmancerEmblem,TFT6_Augment_TradeSectorPlus,TFT6_Augment_TomeOfTraits1,,,,1.0,,,,2.0,,,,0.0,0.0,,0.0,,1.0,,,1.0,,,,,1.0,,1.0,,,,,,,,,,,,,,,,,,,,,,,,,,,,,,,,,,,,,,,,,,,,,,,,,,,,,,,,,,,,,,,,,,,,,,,,,,,,,,,,,,,,,,,,,,2.0,,,,,,,,,,,,,,,,,,,,1.0,WarmogsArmor,DragonmancerEmblemItem,TitanicHydra,,,,,,,,,,,,,2.0,DragonmancerEmblemItem,Morellonomicon,,,,,,,,,,,,,,,,,,,,,,2.0,,,,2.0,DragonmancerEmblemItem,,,,,,,,,,,,,,,,,,,3.0,ArchangelsStaff,Quicksilver,GuinsoosRageblade,,,,,,,,,,,,,,,,,,,,,,,None,None,,,,,,,,,,,,,,,,,,,,,,,,,1.0,,,,,,,,,,,
3,EUW1_5972607930,TFT6_Augment_Ascension,TFT7_Augment_FirstAidKit2,TFT6_Augment_JeweledLotus,,0.0,1.0,1.0,,1.0,,0.0,,,3.0,,,2.0,0.0,1.0,,,0.0,,0.0,1.0,,,,,0.0,0.0,,,,,,,,,,,,,,,,,,,,,1.0,,,,,,,,,,,,,,,,,,,,,,,,,,,,,,,,,,,,,,,,,,,,,,,,,,,,2.0,,,,,,,,,,,,,,,,,,,,,,,,2.0,BFSword,,,,,,,3.0,ArchangelsStaff,SpearOfShojin,GuinsoosRageblade,,,,,,,,,,,,,,,,,,,,,,,,,,,,,2.0,MadredsBloodrazor,Chalice,,2.0,,,,,,,,,,,,,,,,,,,,,,,,,,,,,,,,,,,,2.0,GargoyleStoneplate,RedBuff,GargoyleStoneplate,,,,,,,,,,,,,,,,,,,None,None,,,,,,,,,,,,,,,,,,,,,,,,,1.0,ThiefsGloves,InfinityEdge,RapidFireCannon,,,,,2.0,JeweledGauntlet,TitansResolve,ArchangelsStaff
8,EUW1_5972607930,TFT6_Augment_PortableForge,TFT7_Augment_BestFriends2,TFT7_Augment_UrfsGrabBag1,2.0,,,1.0,,,1.0,,,0.0,1.0,,,,,,0.0,,0.0,,,,,,0.0,,0.0,1.0,,,,,,,,,,,,,,,,,,,,,,,,,2.0,RedBuff,,,,,,,2.0,FrozenHeart,OrnnDeathsDefiance,MadredsBloodrazor,,,,,,,,,,,,,1.0,AssassinEmblemItem,Bloodthirster,GuinsoosRageblade,,,,,,,,,,,,,,,,,,,,,,,,,,,,,,,,,,,,,,,,,,,,,,,,,,,,,,,,,,,,,,,,,,,,,,,,,,,,,,,,,2.0,PowerGauntlet,,,,,,,,,,,,,,,,,,,2.0,,,,,,,,,,,,,,,,,,,,,,,,,,,,,,,,1.0,ThiefsGloves,BFSword,FrozenHeart,,,,,,,,,,,None,None,,,,,,,,,,,,,,,,,,,,,,,,,,,,,,,,,,,,
4,EUW1_5972607930,TFT6_Augment_TrueTwos,TFT7_Augment_CannoneerHotShot,TFT7_Augment_RevelPartyTime,,,1.0,,1.0,,1.0,,1.0,1.0,1.0,,,,,1.0,,1.0,,,1.0,,,,,1.0,,0.0,,,,,,,,,,,,,,,,,,,,,2.0,FrozenHeart,,,,,,,2.0,InfinityEdge,GuardianAngel,MadredsBloodrazor,,,,,,,,,2.0,BrambleVest,ShimmerscaleDiamondHands,,,,,,,,,,,,,,,,,,,,,,,,,,,,,,,,,,,,,,,,,,,,,,,,,,,,,,,,,,2.0,ZekesHerald,,,,,,,,,,,,,,,,,,,,,,,,,,,,,,,,,,,,,,,,,,,,,,,,,,,,,,,,,,,,,,,2.0,ThiefsGloves,WarmogsArmor,GargoyleStoneplate,,,,,,,,,,,,,,,,,,,,,,,,,2.0,,,,3.0,TrainerSnax,None,None,2.0,MadredsBloodrazor,,,,,,,,,,,,,,,,,,,,,,,,,,,,,,,,,,
7,EUW1_5972753733,TFT7_Augment_UrfsGrabBag1,TFT6_Augment_Recombobulator,TFT7_Augment_AssassinEmblem,3.0,,,1.0,,,1.0,,,,1.0,,0.0,0.0,,,0.0,,0.0,,0.0,,,,1.0,,,2.0,,,,,,,,,,,,,,,,,,,,,,,,,,,,,,,,,2.0,TitansResolve,RunaansHurricane,Quicksilver,,,,,,,,,,,,,1.0,InfinityEdge,AssassinEmblemItem,UnstableConcoction,,,,,,,,,,,,,,,,,,,,,,,,,,,,,,,,,2.0,,,,,,,,,,,,,,,,,,,,,,,,,,,,,,,,,,,,,,,,1.0,TitanicHydra,TitanicHydra,,,,,,1.0,,,,,,,,,,,,,,,,,,,,,,,,,,,,,,,,,,,,,,,,,,,,2.0,AssassinEmblemItem,,,,,,,1.0,,,,,,,,,,,,,,None,None,,,,,,,,,,,,,,,,,,,,,,,,,,,,,,,,,,,,
2,EUW1_5972753733,TFT6_Augment_Featherweights2,TFT6_Augment_CelestialBlessing1,TFT6_Augment_ComponentGrabBag,,0.0,1.0,,,,1.0,0.0,,,1.0,1.0,,,,0.0,1.0,,,3.0,,,1.0,,,,,0.0,,,,,,,,,,,,,,,,,,,,,1.0,,,,,,,,,,,,,,,,,,,,,,,,,,,,,,,,2.0,,,,,,,,2.0,BrambleVest,,,,,,,,,,,,,,,,,,,,,,,,,,,,,,,,,,,,,,,,,,,,,,,2.0,WarmogsArmor,RedBuff,Redemption,3.0,GuinsoosRageblade,Deathblade,Quicksilver,,,,,,,,,,,,,,,,,,,,,,,,,,,,,,,,,,,,,,,,,2.0,JeweledGauntlet,Bloodthirster,DragonsClaw,,,,,,,,,2.0,LastWhisper,DragonmancerEmblemItem,,1.0,,,,,,,,,,,,,,,,,,,,,,,,,,None,None,,,,,,,,,,,,,,,,,,,,,,,,,,,,,,,,,,,,
8,EUW1_5972753733,TFT6_Augment_TradeSector,TFT7_Augment_Preparation,TFT6_Augment_CyberneticUplink2,1.0,1.0,,1.0,,,,,,,2.0,,0.0,0.0,,0.0,,,,,,,,1.0,1.0,,,,,,,,,,,,,,,,,,,,,,,,,,,,,,,,,,,,,,,,,,,,,,,,,,,,,,,,,,,,,,,,,,,,,,,,,,,,3.0,WarmogsArmor,BrambleVest,,,,,,,,,,,,,,,,,,,,,,,,,,,,,,3.0,ArchangelsStaff,,,,,,,,,,,,,,,,,,,1.0,,,,,,,,2.0,,,,,,,,,,,,,,,,,,,,,,,,,,,,,,,,,,,,,,,,,,,,,,,,,,,,1.0,,,,,,,,,,,,,,None,None,,,,,1.0,,,,3.0,GuinsoosRageblade,MadredsBloodrazor,,,,,,,,,,,,,,,,,,,,,,,,,
6,EUW1_5972753733,TFT6_Augment_Distancing2,TFT6_Augment_MakeshiftArmor1,TFT6_Augment_SecondWind2,1.0,0.0,,2.0,,,1.0,,,,,,0.0,0.0,,,0.0,,,,,,,,1.0,,0.0,2.0,,,,,,,,,,,,,,,,,,,,,,,,,,,,,,,,,,,,,,,,,,,,,,,,,2.0,MadredsBloodrazor,Bloodthirster,InfinityEdge,,,,,,,,,,,,,,,,,,,,,2.0,,,,,,,,,,,,,,,,,,,,,,,,,,,,,,,,,,,,,,,,,,,,,,,,,,,,2.0,RedBuff,WarmogsArmor,,1.0,ArchangelsStaff,,,1.0,,,,,,,,,,,,,,,,,,,,2.0,,,,,,,,,,,,,,,,,,,,,,,,2.0,,,,,,,,,,,,,,,,,,,,,,None,None,,,,,,,,,,,,,,,,,,,,,,,,,,,,,,,,,,,,
5,EUW1_5972753733,TFT7_Augment_MageEmblem,TFT7_Augment_BestFriends1,TFT7_Augment_SwiftshotPressTheAttack,,1.0,,1.0,,,,,,,2.0,,,2.0,,0.0,,,,,,,,1.0,,,,0.0,,,,,,,,,,,,,,,,,,,,,,,,,,,,,,,,,,,,,,,,,,,,,,,,,,,,,,,,,,,,,,,,,,,,,,,,,3.0,MageEmblemItem,,,,,,,,,,,,,,,,,,,,,,,,,,,,,,,3.0,SpearOfShojin,,,,,,,,,,,,,,,,,,,,,,,,,,,,,,,2.0,,,,,,,,,,,,,,,,,,,,,,,,,,,,,,,,,,,,,,,,2.0,GargoyleStoneplate,RedBuff,GuardianAngel,,,,,,,,,,,,,,,,,,,None,None,,,,,2.0,,,,3.0,RunaansHurricane,MadredsBloodrazor,Deathblade,2.0,,,,,,,,,,,,,,,,,,,,,,,
3,EUW1_5972753733,TFT6_Augment_PortableForge,TFT6_Augment_PandorasItems,TFT6_Augment_ThrillOfTheHunt2,1.0,,,1.0,,1.0,,,,,3.0,,0.0,,,,1.0,,,,,,,1.0,1.0,,0.0,,,,,,,,,,,,,,,,,,,,,,,,,,,,,,,,,,,,,,,,,,,,,,,,,,,,,,,,,,,,,,,,,,2.0,,,,,,,,,,,,,,,,,,,,,,,,,,,,,,,,,,,,,,,,,,,,,,,,,,,,,,,,,,,,2.0,OrnnAnimaVisage,RedBuff,GargoyleStoneplate,,,,,2.0,IonicSpark,,,,,,,1.0,,,,,,,,,,,,2.0,,,,,,,,,,,,,,,,,,,,,,,,,,,,,,,,2.0,UnstableConcoction,InfinityEdge,FrozenHeart,,,,,,,,,,,None,None,,,,,2.0,,,,,,,,,,,,,,,,2.0,GuinsoosRageblade,MadredsBloodrazor,Quicksilver,,,,,,,,,,,,
4,EUW1_5972753733,TFT6_Augment_PortableForge,TFT7_Augment_CannoneerTrait,TFT6_Augment_CyberneticShell2,,,1.0,1.0,2.0,,,0.0,1.0,,1.0,,0.0,,0.0,1.0,,2.0,,,,,,,0.0,1.0,0.0,,,,,,,,,,,,,,,,,,,,,,1.0,,,,,,,,2.0,OrnnObsidianCleaver,InfinityEdge,GuinsoosRageblade,,,,,,,,,,,,,,,,,,,,,,,,,,,,,,,,,,,,,,,,,,,,,,,,,,,,,,,,,,,,,,,,,,,,,2.0,Chalice,,,,,,,,,,,,,,,,,,,,,,,2.0,Redemption,GargoyleStoneplate,RedBuff,,,,,,,,,,,,,,,,,,,,,,,,,,,,,,,,,,,,,2.0,JeweledGauntlet,,,,,,,,,,,,,,,2.0,Zephyr,,,,,,,,,,,,,,,3.0,TrainerSnax,None,None,2.0,,,,,,,,,,,,,,,,,,,,,,,,2.0,InfinityEdge,,,,,,,,,,
1,EUW1_5972753733,TFT6_Augment_CyberneticShell2,TFT6_Augment_Electrocharge1,TFT6_Augment_PortableForge,,,,1.0,,2.0,1.0,0.0,,,1.0,0.0,0.0,,3.0,,0.0,,,,,,1.0,,1.0,,0.0,,,,,,,,,,,,,,,,,,,,,,,,,,,,,,,,,,,,,,2.0,GuinsoosRageblade,JeweledGauntlet,MadredsBloodrazor,,,,,,,,,,,,,,,,,,,,,,,,,2.0,MirageEmblemItem,IonicSpark,,,,,,,,,,,,,,,,,,,,,,2.0,PowerGauntlet,,,,,,,,,,,,,,,,,,,,,,,,,,,2.0,OrnnAnimaVisage,RedBuff,BrambleVest,,,,,2.0,MirageEmblemItem,Morellonomicon,,,,,,,,,,,,,,2.0,ThiefsGloves,GuinsoosRageblade,SpearOfShojin,,,,,,,,,2.0,NeedlesslyLargeRod,,,,,,,,,,,,,,,1.0,,,,,,,,,,,,,,,,,,,,,,,,,,,,,,None,None,,,,,,,,,,,,,,,,,,,,,,,,,,,,,,,,,,,,
3,EUW1_5972591289,TFT6_Augment_Weakspot,TFT6_Augment_PortableForge,TFT7_Augment_FirstAidKit2,,,,1.0,,1.0,1.0,0.0,,0.0,1.0,,0.0,,4.0,,0.0,,,,,,,,0.0,,1.0,,,,,,,,,,,,,,,,,,,,,,,,,,,,,,,,,,,,,,2.0,ArchangelsStaff,JeweledGauntlet,GuinsoosRageblade,,,,,,,,,,,,,,,,,,,,,,,,,,,,,,,,,,,,,,,,,,,,,,,,,,,,,2.0,RedBuff,OrnnAnimaVisage,Redemption,,,,,,,,,,,,,,,,,,,,,2.0,,,,,,,,2.0,MirageEmblemItem,,,,,,,,,,,,,,,2.0,,,,,,,,,,,,2.0,MirageEmblemItem,,,,,,,,,,,,,,,,,,,,,,,,,,,,,,,,,,,,,,,,,,,,,None,None,,,,,,,,,,,,,,,,,,,,,,,,,2.0,UnstableConcoction,,,,,,,,,,
8,EUW1_5972591289,TFT6_Augment_ItemGrabBag1,TFT7_Augment_MageConference,TFT7_Augment_BigFriend2,,0.0,,1.0,,1.0,,,,,2.0,,,2.0,,,,,1.0,,,,,,,0.0,0.0,0.0,,,,,,,,,,,,,,,,,,,,,,,,,,,,,,,,,,,,,,,,,,,,,,,,,,,,,,,,,,,,,,,,,,,,,3.0,ThiefsGloves,TearOfTheGoddess,FrozenHeart,,,,,,,,,,,,,,,,,,,,,,,,,3.0,Bloodthirster,ArchangelsStaff,BrambleVest,,,,,,,,,,,,,,,,,,,,,2.0,,,,,,,,,,,,,,,,3.0,SpearOfShojin,,,1.0,,,,,,,,,,,,,,,,,,,,,,,,,,,,,,,,,,,,2.0,WarmogsArmor,Morellonomicon,BrambleVest,,,,,,,,,,,,,,,,,,,None,None,,,,,,,,,,,,,3.0,,,,,,,,,,,,,,,,,,,,,,,
7,EUW1_5972591289,TFT7_Augment_GuildTrait,TFT7_Augment_Preparation2,TFT6_Augment_Diversify2,,1.0,,1.0,,,,,0.0,,3.0,,,1.0,,1.0,,,,,,,,1.0,,0.0,,0.0,,,,,,,,,,,,,,,,,,,,,,,,,,,,,,,,,,,,,,,,,,,,,,,,,,,,,,,,,,,,,,,,,,,,,,,,,3.0,WarmogsArmor,ChainVest,,,,,,,,,,,,,,,,,,,,,,,,,,1.0,,,,3.0,SeraphsEmbrace,,,,,,,,,,,,,,,,,,,,,,,,,,,,,,,1.0,,,,,,,,,,,,,,,,,,,,,,,,,,,,,,,,,,,,,,,,2.0,,,,,,,,,,,,,,,,,,,,,,None,None,,,,,2.0,PowerGauntlet,,,3.0,GuinsoosRageblade,MadredsBloodrazor,MadredsBloodrazor,,,,,,,,,,,,,,,,,,,,,,,,
5,EUW1_5972591289,TFT6_Augment_CelestialBlessing1,TFT6_Augment_Ascension,TFT7_Augment_PandorasBench,,,,,,2.0,1.0,0.0,,1.0,1.0,,,,3.0,,0.0,,,,,,,,,,0.0,,,,,,,,,,,,,,,,,,,,,,,,,,,,,,,,,,,,,,2.0,Quicksilver,ArchangelsStaff,,,,,,,,,,,,,,,,,,,,,,,,,,2.0,,,,,,,,,,,,,,,,,,,,,,,,,,,,2.0,IonicSpark,,,,,,,,,,,,,,,,,,,,,,,2.0,RedBuff,Bloodthirster,,,,,,,,,,,,,,,,,,,,,,2.0,,,,,,,,,,,,,,,,,,,,,,,,,,,,,,,,,,,,,,,,,,,,,,,,,,,,,,,,,,None,None,,,,,,,,,,,,,,,,,,,,,,,,,1.0,GuardianEmblemItem,ZekesHerald,RunaansHurricane,,,,,,,,
6,EUW1_5972591289,TFT6_Augment_SecondWind1,TFT7_Augment_MikaelsGift,TFT7_Augment_FirstAidKit2,,0.0,,1.0,,,,,0.0,,1.0,,,2.0,,1.0,,,,,0.0,1.0,,,,1.0,,0.0,,,,,,,,,,,,,,,,,,,,,,,,,,,,,,,,,,,,,,,,,,,,,,,,,,,,,,,,,,,,,,,,,,,,,2.0,,,,2.0,TitanicHydra,Shroud,,,,,,,,,,,,,,,,,,,,,,,,,,2.0,,,,2.0,LocketOfTheIronSolari,,,,,,,,,,,,,,,,,,,,,,,,,,,,,,,2.0,JeweledGauntlet,SpearOfShojin,HextechGunblade,,,,,,,,,,,,,,,,,,,,,,,,,,,,,,,,,,,,,2.0,GargoyleStoneplate,,,,,,,,,,,,,,,,,,,3.0,TrainerSnax,None,None,,,,,,,,,,,,,,,,,,,,,,,,,,,,,,,,,1.0,ChainVest,SeraphsEmbrace,Morellonomicon
4,EUW1_5972591289,TFT6_Augment_ItemGrabBag1,TFT6_Augment_Twins2,TFT6_Augment_Ascension,0.0,0.0,,,,,1.0,,,,,2.0,,,,0.0,,,,2.0,,,1.0,,,,,1.0,,,,,,,,,,,,,,,,,,,,,,,,,,,,,,,,,,,,,,,,,,,,,1.0,TitansResolve,Bloodthirster,GuardianAngel,,,,,2.0,,,,,,,,2.0,,,,,,,,,,,,,,,,,,,,,,,,,,,,,,,,,,,,,,,,,,,,,,,,2.0,Morellonomicon,BrambleVest,Shroud,2.0,GuardianAngel,GuinsoosRageblade,UnstableConcoction,,,,,,,,,,,,,1.0,,,,,,,,,,,,,,,,,,,,,,,,,,,,,,,,,,,,,,,,1.0,,,,,,,,,,,,,,,,,,,,,,,,,,,,,,None,None,,,,,,,,,,,,,,,,,,,,,,,,,,,,,,,,,,,,
2,EUW1_5972591289,TFT7_Augment_MysticTrait,TFT7_Augment_Preparation2,TFT7_Augment_BestFriends2,,1.0,1.0,1.0,,,,,0.0,,2.0,,,1.0,,3.0,,,,,0.0,1.0,,1.0,,0.0,,0.0,,,,,,,,,,,,,,,,,,,,,1.0,,,,,,,,,,,,,,,,,,,,,,,,,,,,,,,,,,,,,,,,,,,,,,,,,,,,3.0,ThiefsGloves,GiantsBelt,GargoyleStoneplate,,,,,,,,,,,,,,,,,,,,,,,,,2.0,ZekesHerald,GiantsBelt,Chalice,3.0,,,,,,,,,,,,,,,,,,,,,,,,,,,,,,,,,,,,,,,,,,,,,,,,,,,,,,,,,,,,,,,,,,,,,,,,3.0,Redemption,RedBuff,WarmogsArmor,,,,,,,,,,,,,,,,,,,None,None,,,,,2.0,,,,3.0,MadredsBloodrazor,UnstableConcoction,GuinsoosRageblade,,,,,,,,,,,,,,,,,,,,,1.0,Zephyr,,
1,EUW1_5972591289,TFT7_Augment_ShimmerscaleEmblem,TFT6_Augment_CyberneticImplants2,TFT6_Augment_PortableForge,1.0,,,1.0,,3.0,,0.0,,,4.0,,0.0,,0.0,,1.0,,,,0.0,,,1.0,1.0,,1.0,,,,,,,,,,,,,,,,,,,,,,,,,,,,,,,,,,,,,,,,,,,,,,,,,,,,,,,,,,,,,,,,,,2.0,TearOfTheGoddess,,,,,,,,,,,,,,,,,,,,,,,,,,,,,,,,,,,,,,,,,,,,,,,,,,,,,,,,,,,2.0,CavalierEmblemItem,OrnnRocketPropelledFist,GargoyleStoneplate,,,,,2.0,FrozenHeart,,,,,,,2.0,,,,,,,,,,,,2.0,ZekesHerald,,,,,,,,,,,,,,,,,,,,,,,,,,,,,,,2.0,ThiefsGloves,ZekesHerald,Deathblade,,,,,,,,,,,None,None,,,,,2.0,ShimmerscaleEmblemItem,,,,,,,,,,,,,,,2.0,MadredsBloodrazor,Quicksilver,GuinsoosRageblade,2.0,Quicksilver,CavalierEmblemItem,GuildEmblemItem,,,,,,,,
3,EUW1_5972911105,TFT7_Augment_CannoneerTrait,TFT6_Augment_ComponentGrabBag,TFT6_Augment_PortableForge,,,1.0,,2.0,,1.0,,1.0,1.0,1.0,,,,,1.0,,1.0,,,1.0,,,,,1.0,,0.0,,,,,,,,,,,,,,,,,,,,,1.0,SpearOfShojin,StatikkShiv,GuinsoosRageblade,,,,,2.0,OrnnInfinityForce,UnstableConcoction,ShimmerscaleDravensAxe,,,,,,,,,2.0,GargoyleStoneplate,RedBuff,GargoyleStoneplate,,,,,,,,,,,,,,,,,,,,,,,,,,,,,,,,,,,,,,,,,,,,,,,,,,,,,,,,,2.0,,,,,,,,,,,,,,,,,,,,,,,,,,,,,,,,,,,,,,,,,,,,,,,,,,,,,,,,,,,,,,,,2.0,RabadonsDeathcap,ArchangelsStaff,ArchangelsStaff,,,,,,,,,,,,,,,,,,,,,,,,,2.0,IonicSpark,GiantsBelt,,4.0,TrainerSnax,None,None,2.0,,,,,,,,,,,,,,,,,,,,,,,,,,,,,,,,,,,
4,EUW1_5972911105,TFT7_Augment_BandOfThieves1,TFT6_Augment_TradeSectorPlus,TFT7_Augment_SwiftshotPressTheAttack,,2.0,,1.0,,,1.0,,1.0,,1.0,,,1.0,,1.0,,,,,,,,1.0,,0.0,,0.0,,,,,,,,,,,,,,,,,2.0,GuardianAngel,SpearOfShojin,MageEmblemItem,,,,,,,,,,,,,,,,,,,,,,,,,,,,,,,,,,,,,,,,,,,,,,,,,,,,,3.0,Shroud,GargoyleStoneplate,RedBuff,,,,,,,,,,,,,,,,,,,,,,,,,2.0,NeedlesslyLargeRod,,,3.0,,,,,,,,,,,,,,,,,,,,,,,,,,,,,,,,,,,,,,,,,,,,,,,,,,,,,,,,,,,,,,,,,,,,,,,,3.0,ThiefsGloves,Bloodthirster,HextechGunblade,,,,,,,,,,,,,,,,,,,None,None,,,,,2.0,,,,3.0,Deathblade,GuinsoosRageblade,RunaansHurricane,,,,,,,,,,,,,,,,,,,,,,,,
1,EUW1_5972911105,TFT7_Augment_GuildTrait,TFT6_Augment_CelestialBlessing2,TFT6_Augment_SalvageBin,1.0,,1.0,1.0,,2.0,,,,,5.0,,0.0,,,0.0,1.0,,,,,,,1.0,1.0,,0.0,,,,,,,,,,,,,,,,,,,,,,2.0,ThiefsGloves,RunaansHurricane,TitanicHydra,,,,,,,,,,,,,,,,,,,,,,,,,,,,,,,,,,,,,,,,,2.0,RedBuff,GargoyleStoneplate,TitanicHydra,,,,,,,,,,,,,,,,,,,,,,,,,,,,,,,,,,,,,,,,,,,,,,,,,,,,,,,,,2.0,CavalierEmblemItem,Bloodthirster,,,,,,2.0,NeedlesslyLargeRod,,,,,,,2.0,,,,,,,,,,,,2.0,,,,,,,,,,,,,,,,,,,,,,,,,,,,,,,,2.0,InfinityEdge,MadredsBloodrazor,FrozenHeart,,,,,,,,,,,None,None,,,,,2.0,,,,,,,,,,,,,,,,2.0,MadredsBloodrazor,GuinsoosRageblade,Quicksilver,,,,,,,,,,,,
6,EUW1_5972911105,TFT6_Augment_Twins1,TFT6_Augment_ComponentGrabBag,TFT6_Augment_FuturePeepers,,0.0,,1.0,0.0,,,,0.0,,1.0,,,2.0,,1.0,,,,,,,,,,2.0,,0.0,,,,,,,,,,,,,,,,,,,,,,,,,,,,,,,,,,,,,,,,,,,,,,,,,,,,,,,,,,,,,,,,,,,,,2.0,,,,2.0,MageEmblemItem,Zephyr,,,,,,,,,,,,,,,,,,,,,,,,,,2.0,,,,3.0,ArchangelsStaff,StatikkShiv,ArchangelsStaff,,,,,,,,,,,,,,,,,,,,,,,,,,,,,2.0,,,,,,,,,,,,,,,,,,,,,,,,,,,,,,,,,,,,,,,,2.0,RedBuff,Quicksilver,WarmogsArmor,,,,,,,,,,,,,,,,,3.0,TrainerSnax,None,None,2.0,,,,,,,,,,,,,,,,,,,,,,,,,,,,,,,,,,,
5,EUW1_5972911105,TFT6_Augment_SecondWind1,TFT6_Augment_CelestialBlessing2,TFT7_Augment_BestFriends2,,,,1.0,2.0,,1.0,,1.0,,,,,,,0.0,0.0,2.0,,,,,,,,1.0,0.0,1.0,,,,,,,,,,,,,,,,,,,,,,,,,,,,,2.0,UnstableConcoction,LastWhisper,InfinityEdge,,,,,,,,,,,,,,,,,2.0,TitansResolve,TitansResolve,Quicksilver,,,,,,,,,,,,,,,,,,,,,,,,,1.0,,,,,,,,,,,,,,,,,,,,,,,,1.0,RecurveBow,,,,,,,,,,,,,,,,,,,,,,,,,,,,,,,,,,,,,,,,,,,,,,,,,,,2.0,WarmogsArmor,,,,,,,,,,,1.0,,,,,,,,,,,,,,,,,,,,,,,,,,,,,,,,1.0,TrainerSnax,None,None,2.0,,,,,,,,,,,,,,,,,,,,,,,,,,,,,,,,,,,
7,EUW1_5972911105,TFT6_Augment_FirstAidKit,TFT7_Augment_LastStand,TFT6_Augment_ComponentGrabBag,,0.0,,1.0,,,1.0,,1.0,,,,0.0,1.0,,1.0,,0.0,,,,,,,0.0,1.0,,2.0,,,,,,,,,,,,,,,,,,,,,,,,,,,,,,,,,,,,,,,,,,,,,,,,,2.0,GuinsoosRageblade,InfinityEdge,Bloodthirster,,,,,,,,,,,,,,,,,1.0,,,,,,,,,,,,,,,,,,,,,,,,,,,,,,,,2.0,,,,2.0,ArchangelsStaff,,,,,,,,,,,,,,,,,,,1.0,ThiefsGloves,RecurveBow,GuinsoosRageblade,,,,,,,,,,,,,,,,,,,,,,,,,,,,,,,,,,,,,1.0,,,,,,,,,,,,1.0,Redemption,BrambleVest,RedBuff,,,,,,,,,,,,,,,,,3.0,TrainerSnax,None,None,,,,,,,,,,,,,,,,,,,,,,,,,,,,,,,,,,,,
8,EUW1_5972911105,TFT6_Augment_Twins1,TFT6_Augment_ThrillOfTheHunt2,TFT7_Augment_DragonAlliance,,,,,,0.0,,1.0,,,,1.0,,,,,1.0,,,1.0,,,,0.0,0.0,,,,,,,,,,,,,,,,1.0,,,,,,,,,,,,,,,,,,,,,,,,,,,,,,,,,,,,,,,,,,,,,,,,,,,,2.0,,,,,,,,,,,,,,,,1.0,,,,,,,,2.0,,,,,,,,,,,,,,,,,,,,2.0,GargoyleStoneplate,HextechGunblade,,,,,,,,,,,,,,,,,,,,,,,,,,,,,,,,,,,,,,2.0,,,,,,,,,,,,,,,,,,,,,,,,2.0,StatikkShiv,GuinsoosRageblade,Quicksilver,,,,,,,,,,,,,,,,,,,,,,,None,None,,,,,,,,,,,,,,,,,,,,,,,,,,,,,,,,,,,,
2,EUW1_5972911105,TFT7_Augment_BandOfThieves1,TFT6_Augment_Ascension,TFT6_Augment_SecondWind2,,,,,,0.0,1.0,1.0,,,,1.0,,,0.0,,2.0,,,2.0,,,,1.0,,,0.0,,,,,,,,,,,,,,2.0,,,,,,,,,,,,,,,,,,,,,,,,,,,,,,,,,,,,,,,,,,,,,,,,2.0,,,,2.0,Redemption,DragonmancerEmblemItem,,,,,,,,,,,,,,,,,,,,,,,,,,,,,,,,,,,,,,,,,,2.0,WarmogsArmor,RedBuff,DragonsClaw,,,,,,,,,,,,,,,,,,,,,,,,,,,,,,,,,,,,,,,,,,,,,1.0,ThiefsGloves,ZekesHerald,Deathblade,,,,,,,,,,,,,1.0,,,,,,,,,,,,,,,,,,,,,,,,,,None,None,,,,,,,,,,,,,,,,,,,,,2.0,Quicksilver,LastWhisper,InfinityEdge,1.0,Bloodthirster,UnstableConcoction,,,,,,,,,
8,EUW1_5971748372,TFT6_Augment_FirstAidKit,TFT6_Augment_SecondWind1,TFT7_Augment_RagewingTantrum,1.0,,,1.0,,0.0,,,,,2.0,,0.0,,,,1.0,,,,,,,1.0,1.0,,0.0,,,,,,,,,,,,,,,,,,,,,,,,,,,,,,,,,,,,,,,,,,,,,,,,,,,,,,,,,,,,,,,,,,2.0,,,,,,,,,,,,,,,,,,,,,,,,,,,,,,,,,,,,,,,,,,,,,,,,,,,,,,,,,,,,2.0,WarmogsArmor,GiantsBelt,,,,,,1.0,,,,,,,,,,,,,,,,,,,,2.0,,,,,,,,,,,,,,,,,,,,,,,,,,,,,,,,1.0,,,,,,,,,,,,,,None,None,,,,,2.0,,,,,,,,,,,,,,,,1.0,InfinityEdge,UnstableConcoction,RecurveBow,,,,,,,,,,,,
4,EUW1_5971748372,TFT6_Augment_SecondWind1,TFT7_Augment_BestFriends1,TFT6_Augment_Ascension,,0.0,,,,,1.0,0.0,0.0,,,2.0,,,,1.0,,,,2.0,,,,0.0,,0.0,,0.0,,,,,,,,,,,,,1.0,,,,,,,,,,,,,,,,,,,,,,,,,,,,,,,,2.0,Bloodthirster,LastWhisper,FrozenHeart,,,,,2.0,,,,,,,,2.0,,,,,,,,,,,,,,,,,,,,,,,,,,,,,,,,,,,,,,,,2.0,,,,,,,,2.0,RedBuff,Redemption,WarmogsArmor,3.0,GuinsoosRageblade,MadredsBloodrazor,Quicksilver,,,,,,,,,,,,,,,,,,,,,,,,,,,,,,,,,,,,,,,,,,,,,,,,,,,,,,,,,,,,,,,,,,,,,,,,,,,,,,,,,,,None,None,,,,,,,,,,,,,,,,,,,,,,,,,,,,,,,,,,,,
3,EUW1_5971748372,TFT7_Augment_ShimmerscaleEmblem,TFT6_Augment_PandorasItems,TFT6_Augment_Distancing2,,,1.0,,1.0,,1.0,,1.0,1.0,1.0,,,0.0,,1.0,,1.0,,,2.0,1.0,,,,1.0,,0.0,,,,,,,,,,,,,,,,,,,,,2.0,NeedlesslyLargeRod,,,,,,,2.0,GuinsoosRageblade,Quicksilver,ShimmerscaleDravensAxe,,,,,,,,,2.0,ShimmerscaleMogulsMail,FrozenHeart,GargoyleStoneplate,,,,,,,,,,,,,,,,,,,,,,,,,,,,,,,,,,,,,,,,,,,,,,,,,,,,,,,,,2.0,ShimmerscaleEmblemItem,TitanicHydra,,,,,,,,,,,,,,,,,,,,,,,,,,,,,,,,,,,,,,,,,,,,,,,,,,,,,,,,,,,,,,2.0,SpearOfShojin,ArchangelsStaff,GuinsoosRageblade,,,,,,,,,,,,,,,,,,,,,,,,,2.0,TitanicHydra,TitanicHydra,ChainVest,2.0,TrainerSnax,None,None,2.0,StatikkShiv,LastWhisper,,,,,,,,,,,,,,,,,,,,,,,,,,,,,,1.0,,,
2,EUW1_5971748372,TFT6_Augment_CelestialBlessing1,TFT7_Augment_BestFriends1,TFT6_Augment_CyberneticImplants2,,0.0,,3.0,,,1.0,0.0,,,,,0.0,0.0,,,0.0,,0.0,,,,,,1.0,,1.0,2.0,,,,,,,,,,,,,,,,,,,,,,,,,,,,,,,,,,,,,,,,,,,,,,,,,2.0,Bloodthirster,GuinsoosRageblade,Quicksilver,,,,,,,,,,,,,,,,,,,,,2.0,TitanicHydra,,,,,,,,,,,,,,,2.0,,,,,,,,,,,,,,,,,,,,,,,,,,,,,,,,2.0,FrozenHeart,,,1.0,Redemption,,,,,,,,,,,,,,,,,,,,,,,,,,,2.0,RedBuff,ZekesHerald,GuardianAngel,,,,,,,,,,,,,,,,,,,,,2.0,GiantsBelt,,,,,,,,,,,,,,,,,,,,,None,None,,,,,,,,,,,,,,,,,,,,,,,,,,,,,,,,,,,,
6,EUW1_5971748372,TFT6_Augment_LudensEcho1,TFT6_Augment_ThrillOfTheHunt1,TFT6_Augment_PortableForge,,0.0,,1.0,,,1.0,,0.0,,1.0,,,2.0,,1.0,,,,,,,,,,1.0,,2.0,,,,,,,,,,,,,,,,,,,,,,,,,,,,,,,,,,,,,,,,,,,,,,,,,1.0,WarmogsArmor,RedBuff,,,,,,,,,,,,,,,,,,2.0,,,,,,,,,,,,,,,,,,,,,,,,,,,,,,,,1.0,,,,3.0,SeraphsEmbrace,LocketOfTheIronSolari,,,,,,,,,,,,,,,,,,,,,,,,,,,,,,2.0,Bloodthirster,ArchangelsStaff,ArchangelsStaff,,,,,,,,,,,,,,,,,,,,,,,,,,,,,,,,,,,,,2.0,OrnnEternalWinter,DragonsClaw,Quicksilver,,,,,,,,,,,,,,,,,4.0,TrainerSnax,None,None,,,,,,,,,,,,,2.0,,,,,,,,,,,,,,,,,,,,,,,
1,EUW1_5971748372,TFT6_Augment_CyberneticUplink1,TFT6_Augment_Diversify1,TFT7_Augment_BestFriends2,2.0,,,2.0,,0.0,,,,,3.0,,0.0,0.0,,,0.0,,1.0,,,,,,1.0,,1.0,0.0,,,,,,,,,,,,,,,,,,,,,,,,,,,,,,,,,3.0,FrozenHeart,RedBuff,GuildEmblemItem,,,,,,,,,,,,,,,,,,,,,,,,,,,,,,,,,,,,,,,,,,,,,,,,,,,,,,,,,,,,,,,,,,,,,,,,,,,,,,,,,,,,,2.0,AssassinEmblemItem,InfinityEdge,RunaansHurricane,1.0,WarmogsArmor,,,,,,,2.0,NegatronCloak,,,,,,,1.0,,,,,,,,,,,,2.0,,,,,,,,,,,,,,,,,,,,,,,,2.0,,,,,,,,2.0,LastWhisper,Deathblade,HextechGunblade,,,,,,,,,,,None,None,,,,,,,,,,,,,,,,,,,,,,,,,,,,,,,,,,,,
5,EUW1_5971748372,TFT6_Augment_MakeshiftArmor1,TFT6_Augment_Electrocharge1,TFT6_Augment_PortableForge,,,,0.0,0.0,,1.0,,1.0,,,2.0,0.0,,,0.0,,1.0,,1.0,,,,,0.0,,,,,,,,2.0,SeraphsEmbrace,JeweledGauntlet,JeweledGauntlet,,,,,,,,,,,,,,,,,,,,,1.0,,,,,,,,,,,,,,,,2.0,GuardianAngel,GuinsoosRageblade,Quicksilver,,,,,,,,,,,,,1.0,,,,,,,,,,,,,,,,,,,,,,,,,,,,,,,,,,,,,,,,,,,,,,,,2.0,OrnnEternalWinter,RedBuff,WarmogsArmor,,,,,,,,,,,,,2.0,Zephyr,,,,,,,,,,,,,,,,,,,,,,,,,,,,,,,,,,,,,,,2.0,,,,,,,,,,,,,,,,,,,,,,,,,,,,,,,,,,None,None,,,,,,,,,,,,,,,,,,,,,,,,,,,,,,,,,,,,
7,EUW1_5971748372,TFT6_Augment_SecondWind1,TFT7_Augment_BestFriends1,TFT6_Augment_TargetDummies,2.0,,,1.0,,,1.0,,,0.0,1.0,,0.0,0.0,,,,,,,,,,,1.0,,,3.0,,,,,,,,,,,,,,,,,,,,,,,,,,,,,,,,,,,,,,,,,,,,,,,,,2.0,UnstableConcoction,AssassinEmblemItem,,,,,,,,,,,,,,,,,,,,,,,,,,,,,,,,,,,,,,,,,,,,,,,,,,,,,,,,,,,,,,,,,,,,,,,,,,2.0,ChainVest,,,1.0,FrozenHeart,Chalice,,2.0,FrozenHeart,IonicSpark,,,,,,,,,,,,,,,,,,,,,,,,,,,,,,,,,,,,,,,,,,1.0,,,,,,,,1.0,,,,,,,,2.0,,,,,,None,None,,,,,,,,,,,,,,,,,,,,,,,,,,,,,,,,,,,,
5,EUW1_5972041856,TFT6_Augment_Weakspot,TFT7_Augment_UrfsGrabBag1,TFT6_Augment_SecondWind2,1.0,,,1.0,,,1.0,,,0.0,,0.0,0.0,0.0,,,,,,,,,1.0,,1.0,,,3.0,,,,,,,,,,,,,,,,,,,,,,,,,,,,,,,,,,,,,,,,,,,,,,,,,2.0,TitansResolve,RunaansHurricane,Bloodthirster,,,,,,,,,,,,,,,,,,,,,,,,,,,,,,,,,,,,,,,,,,,,,,,,,,,,,,,,,,,,,,,,,,,,,,,,,2.0,WarmogsArmor,GargoyleStoneplate,,1.0,ThiefsGloves,Shroud,JeweledGauntlet,2.0,Zephyr,,,,,,,,,,,,,,,,,,,,,,,,,,,,,,,,,,,2.0,Quicksilver,RecurveBow,,,,,,1.0,Zephyr,,,,,,,,,,,,,,,1.0,,,,,,None,None,,,,,,,,,,,,,,,,,,,,,,,,,,,,,,,,,,,,
8,EUW1_5972041856,TFT6_Augment_LudensEcho1,TFT6_Augment_Ascension,TFT6_Augment_MakeshiftArmor2,,,,,,,1.0,0.0,,1.0,,1.0,,,0.0,0.0,,,,,,,,1.0,1.0,,,,,,,,,,,,,,,,1.0,,,,,,,,,,,,,,,,,,,,,,,,,,,,,,,,1.0,,,,,,,,,,,,3.0,SeraphsEmbrace,MadredsBloodrazor,ArchangelsStaff,,,,,,,,,,,,,,,,,,,,,,,,,,,,,1.0,,,,3.0,DragonsClaw,,,,,,,,,,,,,,,,,,,,,,,,,,,,,,,,,,,,,,,,,,,,,,,,,,,,,,,,,,,,,,,,,,,,,,,,,,,,,,,,,,,,,,,,,,,,,,,2.0,,,,,,,,,,None,None,,,,,,,,,,,,,,,,,,,,,,,,,,,,,,,,,,,,
1,EUW1_5972041856,TFT7_Augment_MageTrait,TFT7_Augment_ClutteredMind,TFT6_Augment_SalvageBin,,0.0,1.0,1.0,,,1.0,,0.0,,1.0,,0.0,2.0,,2.0,,,,,0.0,1.0,,,2.0,1.0,,0.0,,,,,,,,,2.0,ArchangelsStaff,SpearOfShojin,HextechGunblade,,,,,,,,,1.0,BFSword,,,,,,,,,,,,,,,,,,,,,,,,,,,,,,,,,,,,,,,,,,,,,,,2.0,,,,,,,,,,,,,,,,,,,,,,,,,,,,,,,,2.0,ThiefsGloves,,,2.0,SparringGloves,,,,,,,,,,,,,,,,,,,2.0,Shroud,,,,,,,,,,,,,,,,,,,,,,,,,,,,,,,,,,,,,,,,,,,,,,,,,,,2.0,GargoyleStoneplate,RedBuff,GargoyleStoneplate,,,,,,,,,,,,,,,,,4.0,TrainerSnax,None,None,,,,,,,,,,,,,,,,,,,,,,,,,,,,,,,,,2.0,MadredsBloodrazor,RabadonsDeathcap,ArchangelsStaff
2,EUW1_5972041856,TFT6_Augment_ThrillOfTheHunt1,TFT6_Augment_Twins2,TFT6_Augment_ThrillOfTheHunt2,3.0,,,1.0,,,,,,,1.0,,0.0,,,,0.0,,1.0,,0.0,,,,1.0,,0.0,0.0,,,,,,,,,,,,,,,,,,,,,,,,,,,,,,,,,3.0,UnstableConcoction,FrozenHeart,RedBuff,,,,,,,,,,,,,,,,,,,,,,,,,,,,,,,,,,,,,,,,,,,,,,,,,2.0,,,,,,,,,,,,,,,,,,,,,,,,,,,,,,,,,,,,2.0,InfinityEdge,RunaansHurricane,AssassinEmblemItem,2.0,NeedlesslyLargeRod,TitanicHydra,,1.0,,,,2.0,,,,,,,,,,,,,,,,,,,,,,,,,,,,,,,,,,,,,,,,,,,,,,,,,,,,2.0,InfinityEdge,MadredsBloodrazor,Deathblade,,,,,,,,,,,None,None,,,,,,,,,,,,,,,,,,,,,,,,,,,,,,,,,,,,
4,EUW1_5972041856,TFT7_Augment_SwiftshotTrait,TFT7_Augment_LastStand,TFT6_Augment_SecondWind2,0.0,0.0,,2.0,,,1.0,,,,1.0,,0.0,,,,0.0,,,,,,,2.0,1.0,,0.0,1.0,,,,,,,,,,,,,,,,,,,,,,,,,,,,,,,,,,,,,,,,,,,,,,,,,1.0,,,,,,,,2.0,,,,,,,,,,,,,,,,3.0,BrambleVest,RedBuff,Quicksilver,,,,,,,,,,,,,,,,,,,,,,,,,,,,,,,,,,,,,,,,,,,,,,,,,2.0,AssassinEmblemItem,TearOfTheGoddess,SpearOfShojin,,,,,,,,,,,,,,,,,,,,,,,,,2.0,,,,,,,,,,,,,,,,,,,,,,,,,,,,,,,,,,,,,,,,,,,,,,None,None,,,,,2.0,,,,3.0,GuinsoosRageblade,GuinsoosRageblade,MadredsBloodrazor,,,,,,,,,,,,,,,,,,,,,,,,
7,EUW1_5972041856,TFT6_Augment_CyberneticUplink1,TFT7_Augment_DragonHorde,TFT6_Augment_TomeOfTraits1,,,,1.0,,,2.0,,,,1.0,,,1.0,1.0,,1.0,,,0.0,,,,,,,,2.0,,,,,,,,,,,,,,,,,,,,,,,,,,,,,,,,,,,,,2.0,JeweledGauntlet,MageEmblemItem,SpearOfShojin,,,,,,,,,2.0,TitansResolve,Bloodthirster,UnstableConcoction,,,,,,,,,,,,,,,,,,,,,,,,,,,,,,,,,,,,,,,,,,,,,,,,,,,,,,,,,,,,,,,,,,,,,,,,,,,,,,,,,,,,,2.0,SpearOfShojin,,,,,,,,,,,,,,,,,,,1.0,Redemption,RedBuff,,,,,,,,,,,,,,,,,,2.0,,,,,,,,,,,,,,,,,,,,,,None,None,,,,,,,,,,,,,,,,,,,,,,,,,,,,,,,,,,,,
6,EUW1_5972041856,TFT7_Augment_MageTrait,TFT6_Augment_TradeSectorPlus,TFT6_Augment_Ascension,,0.0,1.0,0.0,,,1.0,,0.0,,1.0,,,2.0,,2.0,,,,,0.0,1.0,,,1.0,1.0,,0.0,,,,,,,,,2.0,SpearOfShojin,ArchangelsStaff,RabadonsDeathcap,,,,,,,,,1.0,,,,,,,,,,,,,,,,,,,,,,,,,,,,,,,,,,,,,,,,,,,,,,,,1.0,Shroud,,,,,,,,,,,,,,,,,,,,,,,,,,,,,,,2.0,,,,3.0,StatikkShiv,,,,,,,,,,,,,,,,,,,,,,,,,,,,,,,,,,,,,,,,,,,,,,,,,,,,,,,,,,,,,,,,,,,,,,,2.0,RedBuff,IonicSpark,Redemption,,,,,,,,,,,,,,,,,2.0,TrainerSnax,None,None,,,,,,,,,,,,,,,,,,,,,,,,,,,,,,,,,1.0,,,
3,EUW1_5972041856,TFT6_Augment_ItemGrabBag1,TFT7_Augment_GadgetExpert,TFT6_Augment_TargetDummies,,,1.0,,1.0,,1.0,,1.0,1.0,1.0,,,,,1.0,,1.0,,,1.0,,,,,1.0,,0.0,,,,,,,,,,,,,,,,,,,,,2.0,BFSword,,,,,,,2.0,LastWhisper,MadredsBloodrazor,ShimmerscaleGamblersBlade,,,,,,,,,2.0,RedBuff,IonicSpark,Redemption,,,,,,,,,,,,,,,,,,,,,,,,,,,,,,,,,,,,,,,,,,,,,,,,,,,,,,,,,2.0,,,,,,,,,,,,,,,,,,,,,,,,,,,,,,,,,,,,,,,,,,,,,,,,,,,,,,,,,,,,,,,,2.0,Quicksilver,StatikkShiv,PowerGauntlet,,,,,,,,,,,,,,,,,,,,,,,,,2.0,,,,4.0,TrainerSnax,None,None,1.0,ZekesHerald,ZekesHerald,PowerGauntlet,,,,,,,,,,,,,,,,,,,,,,,,,,,,,,,,
8,EUW1_5971813383,TFT7_Augment_CavalierDevastatingCharge,TFT6_Augment_ThrillOfTheHunt2,TFT6_Augment_ComponentGrabBag,,,1.0,0.0,,2.0,,,0.0,0.0,2.0,,,1.0,0.0,1.0,,,1.0,,,,,,,1.0,,0.0,,,,,,,,,,,,,,,,,,,,,1.0,,,,2.0,DragonsClaw,,,,,,,,,,,,,,,,,,,,,,,,,,,,,,,,,,,,,,,,,,,2.0,,,,,,,,,,,,,,,,,,,,,,,,,,,,3.0,JeweledGauntlet,SeraphsEmbrace,TitansResolve,2.0,,,,,,,,,,,,,,,,2.0,WarmogsArmor,,,,,,,,,,,,,,,,,,,,,,,1.0,,,,,,,,,,,,,,,,,,,,,,,,,,,,,,,,,,,,2.0,DragonsClaw,RedBuff,GargoyleStoneplate,,,,,,,,,,,,,,,,,3.0,TrainerSnax,None,None,,,,,,,,,,,,,,,,,,,,,,,,,,,,,,,,,,,,
1,EUW1_5971813383,TFT7_Augment_ClutteredMind,TFT6_Augment_TomeOfTraits1,TFT6_Augment_CyberneticShell2,,,,1.0,,1.0,1.0,0.0,,1.0,1.0,,0.0,,2.0,,0.0,,,,,,,,2.0,,1.0,0.0,,,,,,,,,2.0,HextechGunblade,JeweledGauntlet,MadredsBloodrazor,,,,,,,,,,,,,,,,,,,,,,,,,,,,,,,,,,,,,,,,,,,,,,,,,,,,,,,,,,,,,,,,,,,,,,,,,,,,,,,,,2.0,IonicSpark,,,,,,,,,,,,,,,,,,,,,,,2.0,TitansResolve,WarmogsArmor,Zephyr,,,,,2.0,MirageEmblemItem,Morellonomicon,,,,,,,,,,,,,,2.0,Zephyr,,,,,,,,,,,2.0,,,,,,,,,,,,,,,,,,,,,,,,,,,,,,,,,,,,,,,,2.0,,,,,,None,None,,,,,,,,,,,,,,,,,,,,,,,,,1.0,Bloodthirster,BFSword,,,,,,,,,
4,EUW1_5971813383,TFT7_Augment_ScalescornEmblem,TFT7_Augment_UrfsGrabBag1,TFT6_Augment_PortableForge,2.0,,,1.0,,0.0,,,,0.0,1.0,,0.0,,,,0.0,,2.0,,,,,,1.0,,1.0,,,,,,,,,,,,,,,,,,,,,,,,,,2.0,,,,,,,,2.0,HextechGunblade,OrnnInfinityForce,TitansResolve,,,,,,,,,,,,,,,,,,,,,,,,,,,,,1.0,,,,,,,,,,,,,,,,,,,,,,,,,,,,,,,,,,,,,,,,,,,,,,,,,,,,,,,,2.0,RapidFireCannon,AssassinEmblemItem,InfinityEdge,2.0,Morellonomicon,Redemption,,,,,,2.0,FrozenHeart,ScalescornEmblemItem,,,,,,,,,,,,,,,,,,2.0,,,,,,,,,,,,,,,,,,,,,,,,,,,,,,,,2.0,MadredsBloodrazor,InfinityEdge,,,,,,,,,,,,None,None,,,,,,,,,,,,,,,,,,,,,,,,,,,,,,,,,,,,
3,EUW1_5971813383,TFT6_Augment_ClearMind,TFT6_Augment_PortableForge,TFT7_Augment_MikaelsGift,0.0,,,1.0,,,1.0,0.0,,,,0.0,,0.0,,,0.0,,,2.0,,,,,,,,3.0,,,,,,,,,,,,,,,,,,,,,,,,,,,,,,,,,,,,,,,,,,,,,,,,,1.0,GargoyleStoneplate,,,3.0,GuinsoosRageblade,ArchangelsStaff,Bloodthirster,,,,,2.0,,,,,,,,,,,,,,,,,,,,,,,,,,,,,,,,,,,,,,,,,,,,,,,,2.0,RedBuff,OrnnEternalWinter,WarmogsArmor,,,,,,,,,,,,,,,,,1.0,,,,,,,,,,,,,,,,,,,,,,,,,,,,,,,,,,,,,,,,,,,,2.0,ArchangelsStaff,Quicksilver,GuinsoosRageblade,2.0,LocketOfTheIronSolari,,,,,,,,,,,,,,,,,,,,,None,None,,,,,,,,,,,,,,,,,,,,,,,,,,,,,,,,,,,,
2,EUW1_5971813383,TFT7_Augment_AssassinEmblem,TFT6_Augment_ThrillOfTheHunt2,TFT6_Augment_Distancing2,3.0,,,1.0,,,1.0,,,,1.0,,0.0,,,,0.0,,0.0,,0.0,,,,1.0,,,2.0,,,,,,,,,,,,,,,,,,,,,,,,,,,,,,,,,3.0,RedBuff,FrozenHeart,UnstableConcoction,,,,,,,,,,,,,2.0,Bloodthirster,InfinityEdge,AssassinEmblemItem,,,,,,,,,,,,,,,,,,,,,,,,,,,,,,,,,2.0,,,,,,,,,,,,,,,,,,,,,,,,,,,,,,,,,,,,,,,,2.0,WarmogsArmor,,,1.0,UnstableConcoction,RabadonsDeathcap,,2.0,,,,,,,,,,,,,,,,,,,,,,,,,,,,,,,,,,,,,,,,,,,,,,,,,,,,2.0,FrozenHeart,,,,,,,,,,,,,None,None,,,,,,,,,,,,,,,,,,,,,,,,,,,,,,,,,,,,
7,EUW1_5971813383,TFT6_Augment_ThrillOfTheHunt2,TFT7_Augment_Preparation2,TFT7_Augment_CannoneerEmblem,,,,,3.0,,1.0,,0.0,1.0,,,,,,,,2.0,0.0,,1.0,,,,,0.0,,,,,,,,,,,,,,,,,,,,,,,,,,,2.0,,,,1.0,,,,,,,,,,,,1.0,GargoyleStoneplate,RedBuff,,,,,,,,,,,,,,,,,,,,,,,,,,,,,,,,,,3.0,ArchangelsStaff,SpearOfShojin,,,,,,,,,,,,,,,,,,,,,,,,,,,,,,,,,,,,,,,,,,,,,,,,,,,,,,,,,,,,,,,,,,,,,,,,,,,,,,,,,,,,,,2.0,CannoneerEmblemItem,SeraphsEmbrace,,,,,,,,,,,,,,,,,,,,,,,,,,,,,,,,None,None,3.0,ShimmerscaleGamblersBlade,LastWhisper,InfinityEdge,,,,,,,,,,,,,,,,,,,,,,,,,,,,,,,,
5,EUW1_5971813383,TFT7_Augment_MageEmblem,TFT6_Augment_Meditation2,TFT6_Augment_Diversify2,,1.0,,1.0,,,,,0.0,,1.0,,,3.0,,1.0,,,,,0.0,1.0,,,,1.0,,0.0,,,,,,,,,,,,,,,,,,,,,,,,,,,,,,,,,,,,,,,,,,,,,,,,,,,,,,,,,,,,,,,,,,,,,2.0,,,,2.0,MageEmblemItem,TitanicHydra,TitansResolve,,,,,,,,,,,,,,,,,,,,,,,,,2.0,,,,3.0,,,,,,,,,,,,,,,,,,,,,,,,,,,,,,,,2.0,SpearOfShojin,ArchangelsStaff,RabadonsDeathcap,,,,,,,,,,,,,,,,,,,,,,,,,,,,,,,,,,,,,2.0,BrambleVest,WarmogsArmor,RedBuff,,,,,,,,,,,,,,,,,3.0,TrainerSnax,None,None,,,,,,,,,,,,,2.0,,,,,,,,,,,,,,,,,,,,1.0,,,
6,EUW1_5971813383,TFT7_Augment_MageConference,TFT7_Augment_PandorasBench,TFT6_Augment_PortableForge,,1.0,,1.0,,0.0,,,0.0,,1.0,,,2.0,,1.0,,,0.0,,,,,,,1.0,,0.0,,,,,,,,,,,,,,,,,,,,,,,,,,,,,,,,,,,,,,,,,,,,,,,,,,,,,,,,,,,,,,,,,,,,,3.0,,,,2.0,ThiefsGloves,GiantsBelt,WarmogsArmor,,,,,,,,,,,,,,,,,,,,,2.0,,,,2.0,Shroud,,,3.0,StatikkShiv,ArchangelsStaff,SpearOfShojin,,,,,,,,,,,,,,,,,,,,,,,,,,,,,1.0,,,,,,,,,,,,,,,,,,,,,,,,,,,,,,,,,,,,,,,,2.0,OrnnDeathsDefiance,RedBuff,IonicSpark,,,,,,,,,,,,,,,,,2.0,TrainerSnax,None,None,,,,,,,,,,,,,2.0,,,,,,,,,,,,,,,,,,,,,,,
4,EUW1_5971859706,TFT7_Augment_GuildEmblem,TFT6_Augment_Weakspot,TFT6_Augment_TargetDummies,1.0,1.0,1.0,1.0,,,,,,,4.0,,0.0,0.0,,1.0,,,,,,,,1.0,1.0,,,,,,,,,,,,,,,,,,,,,,,,1.0,,,,,,,,,,,,,,,,,,,,,,,,,,,,,,,,,,,,,,,,,,,,,,,,,,,,3.0,RedBuff,TitansResolve,IonicSpark,,,,,,,,,,,,,,,,,,,,,,,,,,,,,3.0,PowerGauntlet,ZekesHerald,,,,,,,,,,,,,,,,,,1.0,,,,,,,,2.0,ChainVest,,,,,,,,,,,,,,,,,,,,,,,,,,,,,,,,,,,,,,,,,,,,,,,,,,,2.0,FrozenHeart,Shroud,,,,,,,,,,,,None,None,,,,,2.0,,,,3.0,GuinsoosRageblade,GuildEmblemItem,Deathblade,,,,,,,,,,,,,,,,,,,,,,,,
3,EUW1_5971859706,TFT7_Augment_UrfsGrabBag1,TFT6_Augment_TinyTitans,TFT6_Augment_CyberneticShell2,,,,,,2.0,1.0,0.0,,0.0,1.0,,,,4.0,,0.0,,,,,,,,,,1.0,,,,,,,,,,,,,,,,,,,,,,,,,,,,,,,,,,,,,,2.0,MadredsBloodrazor,JeweledGauntlet,Quicksilver,,,,,,,,,,,,,,,,,,,,,,,,,2.0,MirageEmblemItem,GuardianAngel,,,,,,,,,,,,,,,,,,,,,,,,,,2.0,,,,,,,,,,,,,,,,,,,,,,,,3.0,Redemption,RedBuff,,,,,,,,,,,,,,,,,,,,,,2.0,,,,,,,,,,,,,,,,,,,,,,,,,,,,,,,,,,,,,,,,,,,,,,,,,,,,,,,,,,None,None,,,,,,,,,,,,,,,,,,,,,,,,,1.0,TitansResolve,SeraphsEmbrace,GuardianAngel,2.0,BFSword,,,,,,
7,EUW1_5971859706,TFT6_Augment_ThreesCompany,TFT7_Augment_BestFriends1,TFT7_Augment_BestFriends2,0.0,1.0,,2.0,,,,,,,2.0,,0.0,0.0,,,,,,,,,,1.0,1.0,,,0.0,,,,,,,,,,,,,,,,,,,,,,,,,,,,,,,,,,,,,,,,,,,,,,,,,,,,,,,,,1.0,,,,,,,,,,,,,,,,2.0,RedBuff,WarmogsArmor,,,,,,,,,,,,,,,,,,,,,,,,,,,,,,,,,,,,,,,,,,,,,,,,,,1.0,,,,,,,,,,,,,,,,,,,,,,,,,,,,,,,,,,,,1.0,,,,,,,,,,,,,,,,2.0,NeedlesslyLargeRod,,,,,,,2.0,UnstableConcoction,FrozenHeart,,,,,,,,,,,,None,None,,,,,2.0,,,,3.0,InfinityEdge,GuinsoosRageblade,Deathblade,,,,,,,,,,,,,,,,,,,,,,,,
2,EUW1_5971859706,TFT7_Augment_GadgetExpert,TFT6_Augment_Diversify1,TFT6_Augment_CyberneticShell2,,,1.0,,1.0,,1.0,0.0,1.0,1.0,1.0,,,,0.0,1.0,,1.0,0.0,,1.0,,,,,1.0,0.0,,,,,,,,,,,,,,,,,,,,,,2.0,Chalice,,,2.0,,,,2.0,GuinsoosRageblade,UnstableConcoction,InfinityEdge,,,,,,,,,2.0,RedBuff,WarmogsArmor,ShimmerscaleDiamondHands,,,,,,,,,,,,,,,,,,,,,,,,,,,,,,,,,,,,,,,,,,,,,,,,,,,,,,,,,2.0,,,,,,,,,,,,,,,,,,,,,,,,,,,,,,,,,,,,,,,,,,,,,,,,,,,,,,,,,,,,,,,,2.0,StatikkShiv,SpearOfShojin,UnstableConcoction,,,,,,,,,,,,,,,,,,,,,,,,,,,,,4.0,TrainerSnax,None,None,2.0,StatikkShiv,RunaansHurricane,,,,,,,,,,,,,,,,,,,,,,2.0,Morellonomicon,,,,,,,,,,
5,EUW1_5971859706,TFT7_Augment_AssassinEmblem,TFT6_Augment_CyberneticImplants1,TFT6_Augment_CyberneticImplants2,2.0,,,2.0,,,,,,,2.0,,0.0,0.0,,,0.0,,1.0,,,,,0.0,1.0,,1.0,0.0,,,,,,,,,,,,,,,,,,,,,,,,,,,,,,,,,3.0,InfinityEdge,PowerGauntlet,,,,,,,,,,,,,,,,,,,,,,,,,,,,,,,,,,,,,,,,,,,,,,,,,,,,,,,,,,,,,,,,,,,,,,,,,,,,,,,,,,,,,,2.0,AssassinEmblemItem,InfinityEdge,RunaansHurricane,2.0,,,,,,,,2.0,RecurveBow,,,,,,,,,,,,,,,,,,,2.0,,,,,,,,,,,,,,,,,,,,,,,,2.0,LocketOfTheIronSolari,,,,,,,2.0,FrozenHeart,InfinityEdge,Deathblade,,,,,,,,,,,None,None,,,,,1.0,,,,,,,,,,,,,,,,,,,,,,,,,,,,,,,
6,EUW1_5971859706,TFT7_Augment_BestFriends2,TFT7_Augment_CannoneerTrait,TFT7_Augment_CannoneerHotShot,0.0,,,1.0,3.0,,,,1.0,,,,0.0,,,0.0,,3.0,,,,,,,1.0,1.0,,,,,,,,,,,,,,,,,,,,,,,,,,,,,,,2.0,MadredsBloodrazor,LastWhisper,GuinsoosRageblade,,,,,,,,,,,,,,,,,,,,,,,,,,,,,,,,,,,,,,,,,,,,,1.0,,,,,,,,,,,,,,,,,,,,,,,,2.0,,,,,,,,,,,,,,,,,,,,,,,,2.0,ThiefsGloves,RecurveBow,TitanicHydra,,,,,1.0,,,,,,,,,,,,,,,,,,,,,,,,,,,,,,,,2.0,ThiefsGloves,Redemption,LastWhisper,,,,,,,,,,,,,2.0,WarmogsArmor,GargoyleStoneplate,GargoyleStoneplate,,,,,,,,,,,,,4.0,TrainerSnax,None,None,2.0,MadredsBloodrazor,,,,,,,,,,,,,,,,,,,,,,,,,,,,,,,,,,
8,EUW1_5971859706,TFT6_Augment_HyperRoll,TFT6_Augment_PandorasItems,TFT7_Augment_DragonmancerEmblem,,,,0.0,,,,2.0,0.0,,,1.0,1.0,,,,0.0,,,1.0,0.0,,,0.0,1.0,,,,,,,,1.0,DragonmancerEmblemItem,,,,,,,2.0,,,,,,,,,,,,,,,,,,,,,,,,,,,,,,,,,,,,,,,,,,,,,,,,,,,,,,,,,,,,,,,,,,,,1.0,,,,,,,,2.0,,,,,,,,,,,,,,,,,,,,1.0,ZekesHerald,Chalice,,,,,,,,,,,,,,2.0,FrozenHeart,,,,,,,,,,,,,,,,,,,,,,,,,,,,,,,,,,,,,,,,,,,,,,,2.0,,,,,,,,,,,,,,,,,,,,,,,,,,None,None,,,,,,,,,,,,,,,,,2.0,Quicksilver,GuinsoosRageblade,GuinsoosRageblade,,,,,,,,,,,,,,,,
1,EUW1_5971859706,TFT7_Augment_BestFriends2,TFT7_Augment_CavalierTrait,TFT7_Augment_MirageHallucinate,,,1.0,,,3.0,1.0,0.0,,0.0,2.0,,,,4.0,0.0,0.0,,,,,,,,,,1.0,,,,,,,,,,,,,,,,,,,,,,1.0,,,,,,,,,,,,,,,,2.0,MadredsBloodrazor,JeweledGauntlet,ArchangelsStaff,,,,,,,,,,,,,,,,,,,,,,,,,2.0,MirageEmblemItem,,,,,,,,,,,,,,,,,,,,,,,,,,,2.0,,,,,,,,,,,,,,,,,,,,,,,,2.0,NeedlesslyLargeRod,IonicSpark,,,,,,,,,,,,,,,,,,,,,,2.0,,,,,,,,,,,,,,,,,,,,,,,,,,,,,,,,,,,,,,,,,,,,,,,,,,,,,,,,,,None,None,,,,,,,,,,,,,,,,,,,,,,,,,2.0,Quicksilver,GuinsoosRageblade,FrozenHeart,2.0,Chalice,RunaansHurricane,,,,,
7,EUW1_5973224660,TFT6_Augment_PortableForge,TFT6_Augment_TradeSectorPlus,TFT6_Augment_SecondWind2,,,,1.0,,,1.0,0.0,,,,0.0,0.0,1.0,0.0,,,,,0.0,0.0,1.0,,,2.0,,0.0,0.0,,,,,,,,,1.0,SpearOfShojin,ArchangelsStaff,OrnnMuramana,,,,,,,,,,,,,,,,,,,,,,,,,,,,,,,,,,,,,,,,,,,,,,,,,,,,,,,,,,,,,,,,,,,,,,,,,,,,,,,,,,,,,,,,,,,,,,,,,2.0,GargoyleStoneplate,RedBuff,WarmogsArmor,,,,,,,,,,,,,1.0,GuardianAngel,RecurveBow,,,,,,,,,,,,,,,,,,,,,,,,,,,,,,,,,,,,,,,,,,,,,,,,,,2.0,,,,,,,,,,,,,,,,,,,,,,None,None,,,,,,,,,,,,,,,,,2.0,,,,,,,,1.0,MageEmblemItem,,,,,,,1.0,,,
6,EUW1_5973224660,TFT6_Augment_TrueTwos,TFT6_Augment_CelestialBlessing2,TFT7_Augment_CannoneerEmblem,,0.0,,1.0,1.0,,1.0,,1.0,,,,,1.0,,1.0,,1.0,,,,,,,,1.0,,2.0,,,,,,,,,,,,,,,,,,,,,,,,,,,,,2.0,Deathblade,LastWhisper,GuinsoosRageblade,,,,,,,,,,,,,,,,,2.0,RedBuff,WarmogsArmor,,,,,,,,,,,,,,,,,,2.0,CannoneerEmblemItem,LastWhisper,,,,,,,,,,,,,,,,,,,,,,,,,,,,,,2.0,RabadonsDeathcap,,,2.0,,,,,,,,,,,,,,,,,,,,,,,,,,,,,,,,,,,,,,,,,,,,,,,,,,,,,,,,,,,,1.0,,,,,,,,,,,,2.0,NegatronCloak,TitanicHydra,,,,,,,,,,,,,,,,,,4.0,TrainerSnax,None,None,,,,,,,,,,,,,,,,,,,,,,,,,,,,,,,,,,,,
3,EUW1_5973224660,TFT6_Augment_HyperRoll,TFT6_Augment_JeweledLotus,TFT7_Augment_CavalierEmblem,1.0,,,1.0,,4.0,,,,,2.0,,,0.0,0.0,,0.0,,2.0,,,,,,,,1.0,,,,,,,,,,,,,,,,,,,,,,,,,,,,,,,,,,3.0,RedBuff,,,,,,,,,,,,,,,,,,,,,,,,,,,,,,,2.0,ScalescornEmblemItem,,,,,,,,,,,,,,,,,,,,,,,,,,,,,,,3.0,ArchangelsStaff,TitansResolve,IonicSpark,,,,,,,,,,,,,,,,,1.0,Zephyr,,,3.0,GuinsoosRageblade,CavalierEmblemItem,Bloodthirster,,,,,,,,,,,,,,,,,2.0,,,,,,,,,,,,1.0,,,,,,,,,,,,,,,,,,,,,,,,,,,,,,,,1.0,,,,,,,,,,,,,,None,None,,,,,,,,,,,,,,,,,,,,,,,,,,,,,,,,,,,,
5,EUW1_5973224660,TFT6_Augment_JeweledLotus,TFT6_Augment_ThrillOfTheHunt2,TFT7_Augment_MageEmblem,,0.0,,2.0,,,1.0,,,,1.0,0.0,0.0,2.0,,0.0,,,,,,,1.0,,0.0,,,2.0,,,,,,,,,,,,,,,,,,,,,,,,,,,,,,,,,,,,,,,,,,,,,,,,,2.0,MageEmblemItem,UnstableConcoction,JeweledGauntlet,,,,,,,,,,,,,,,,,,,,,2.0,,,,,,,,,,,,,,,,,,,,,,,,,,,,,,,,3.0,,,,,,,,,,,,,,,,,,,,1.0,MageEmblemItem,SparringGloves,,,,,,,,,,2.0,RabadonsDeathcap,SeraphsEmbrace,,,,,,,,,,,,,,,,,,,,,,,,,,,,,,1.0,,,,,,,,2.0,TitansResolve,GargoyleStoneplate,GargoyleStoneplate,,,,,,,,,,,,,,,,,,,None,None,,,,,,,,,,,,,,,,,,,,,,,,,,,,,,,,,,,,
8,EUW1_5973224660,TFT6_Augment_Meditation2,TFT6_Augment_Ascension,TFT6_Augment_JeweledLotus,,0.0,,0.0,,1.0,,,1.0,,2.0,,,2.0,,0.0,,0.0,0.0,,,,,,,1.0,,0.0,,,,,,,,,,,,,,,,,,,,,,,,,,,,,,,,,,,,,,,,,,,,,,,,,,,,,,,,,,,,,,,,,,,,,2.0,,,,,,,,,,,,,,,,,,,,,,,,,,,,2.0,GargoyleStoneplate,,,1.0,,,,,,,,,,,,,,,,,,,,,,,,,,,,,,,,,,,,1.0,SpearOfShojin,HextechGunblade,InfinityEdge,2.0,,,,,,,,,,,,,,,,,,,,,,,,1.0,,,,,,,,,,,,2.0,,,,,,,,,,,,,,,,,,,,3.0,TrainerSnax,None,None,,,,,,,,,,,,,1.0,,,,,,,,,,,,,,,,,,,,,,,
4,EUW1_5973224660,TFT6_Augment_CalculatedLoss,TFT6_Augment_Ascension,TFT7_Augment_GuardianHeroicPresence,,,,,,,1.0,1.0,,2.0,,1.0,,,0.0,,,,,,1.0,,,0.0,0.0,,,0.0,,,,,,,,,,,,,2.0,,,,,,,,,,,,,,,,,,,,,,,,,,,,2.0,ArchangelsStaff,,,,,,,,,,,,,,,,,,,,,,,,,,,,,,,,,,,,,,,3.0,SeraphsEmbrace,JeweledGauntlet,InfinityEdge,,,,,2.0,GuinsoosRageblade,ShimmerscaleDeterminedInvestor,,3.0,GargoyleStoneplate,GargoyleStoneplate,Redemption,,,,,,,,,,,,,,,,,,,,,,,,,,,,,,,,,,,,,,,,,,,,,,,,,,,,,,,,,,,,,,,,,,,,,,,,,,,,,,,,,,,,,,,,,,,,,3.0,GargoyleStoneplate,,,2.0,,,,,,None,None,,,,,,,,,,,,,,,,,,,,,,,,,,,,,,,,,,,,
2,EUW1_5973224660,TFT6_Augment_Electrocharge2,TFT7_Augment_DragonAlliance,TFT6_Augment_Distancing2,,,1.0,0.0,,0.0,2.0,0.0,,0.0,1.0,0.0,0.0,,0.0,0.0,1.0,,0.0,1.0,,,,,2.0,,0.0,,,,,,,,,,2.0,ArchangelsStaff,GuinsoosRageblade,,,,,,,,,,2.0,StatikkShiv,RapidFireCannon,,1.0,,,,,,,,,,,,,,,,,,,,,,,,,,,,,,,,,,,,,,,,,,,,,,,,,,,,,,,,,,,,,,,,,,,,,,,,,,,,,,,,,,,,1.0,,,,,,,,,,,,,,,,2.0,CavalierEmblemItem,BrambleVest,DragonsClaw,,,,,,,,,,,,,,,,,,,,,,,,,,,,,2.0,ThiefsGloves,Chalice,PowerGauntlet,,,,,,,,,,,,,,,,,,,,,,,,,,,,,,,,,,,,,,,None,None,,,,,,,,,,,,,,,,,,,,,,,,,2.0,UnstableConcoction,,,,,,,,,,
1,EUW1_5973224660,TFT7_Augment_GadgetExpert,TFT7_Augment_SwiftshotPressTheAttack,TFT6_Augment_PortableForge,,1.0,,1.0,,,,,0.0,,1.0,,0.0,0.0,,1.0,1.0,,,,,,,2.0,1.0,0.0,0.0,,,,,,,,,,,,,,,,,,,,,,,,,,,,,,,,,,,,,,,,,,,,,,,,,,,,,,,,,,1.0,,,,,,,,,,,,,,,,3.0,FrozenHeart,OrnnAnimaVisage,RedBuff,,,,,,,,,,,,,,,,,,,,,,,,,2.0,,,,2.0,ZekesHerald,,,,,,,,,,,,,,,,,,,2.0,Shroud,GiantsBelt,,,,,,,,,,,,,,,,,,,,,,,,,,1.0,,,,,,,,,,,,,,,,,,,,,,,,,,,,,,,,,,,,,,,,,,,,,,None,None,,,,,2.0,,,,3.0,StatikkShiv,GuinsoosRageblade,RagewingEmblemItem,,,,,,,,,2.0,GuinsoosRageblade,Deathblade,Quicksilver,,,,,,,,,,,,
5,EUW1_5973074438,TFT6_Augment_TargetDummies,TFT6_Augment_SecondWind2,TFT6_Augment_Diversify2,,,1.0,1.0,,,1.0,,1.0,,1.0,0.0,,1.0,,1.0,,0.0,,,,,1.0,,,1.0,,2.0,,,,,,,,,,,,,,,,,,,,,1.0,,,,,,,,,,,,,,,,,,,,,,,,,,,,1.0,Bloodthirster,MadredsBloodrazor,UnstableConcoction,,,,,,,,,,,,,,,,,1.0,,,,,,,,,,,,,,,,,,,,,,,,,,,,,,,,2.0,RecurveBow,,,,,,,,,,,,,,,,,,,,,,,,,,,,,,,,,,,,,,,,,,,,,,,,,,,,,,,,,,,,,,,2.0,MageEmblemItem,,,1.0,ThiefsGloves,WarmogsArmor,GargoyleStoneplate,,,,,2.0,RedBuff,Redemption,IonicSpark,,,,,,,,,,,,,,,,,2.0,TrainerSnax,None,None,,,,,,,,,,,,,,,,,,,,,,,,,,,,,,,,,,,,
3,EUW1_5973074438,TFT7_Augment_BruiserEmblem,TFT6_Augment_SecondWind2,TFT6_Augment_SunfireBoard,,,1.0,1.0,,,1.0,,1.0,,1.0,,,1.0,,1.0,,0.0,,,0.0,1.0,,,1.0,1.0,,0.0,,,,,,,,,1.0,SpearOfShojin,ArchangelsStaff,MadredsBloodrazor,,,,,,,,,2.0,StatikkShiv,,,,,,,,,,,,,,,,,,,,,,,,,,,,,,,,,,,,,,,,,,,,,,,2.0,,,,,,,,,,,,,,,,,,,,,,,,,,,,,,,,2.0,,,,,,,,,,,,,,,,,,,,,,,,,,,,,,,,,,,,,,,,,,,,,,,,,,,,,,,,,,,,,,,,2.0,Morellonomicon,,,,,,,,,,,2.0,TitanicHydra,WarmogsArmor,DragonsClaw,,,,,,,,,,,,,,,,,4.0,TrainerSnax,None,None,,,,,,,,,,,,,,,,,,,,,,,,,,,,,,,,,2.0,SpearOfShojin,BruiserEmblemItem,EvokerEmblemItem
2,EUW1_5973074438,TFT6_Augment_CyberneticShell2,TFT6_Augment_Diversify2,TFT6_Augment_Ascension,,,,0.0,,0.0,1.0,,,,1.0,0.0,,,,,2.0,,,1.0,,,,1.0,,,0.0,,,,,,,,,,,,,,,,,,,,,,,,,,,,,,,,,,,,,,,,,,,,,,,,,,,,,,,,,,,,,,,,,,2.0,ThiefsGloves,Shroud,JeweledGauntlet,,,,,,,,,,,,,,,,,,,,,,,,,,,,,,,,,,,,,,,,,2.0,Redemption,,,,,,,,,,,,,,,,,,,,,,,,,,,,,,,,,,,,,,,,,,,2.0,GiantsBelt,Shroud,,1.0,ArchangelsStaff,FrozenHeart,BrambleVest,,,,,,,,,,,,,,,,,,,,,,,,,,,,,,,,,,,,,,,None,None,,,,,2.0,,,,,,,,,,,,,,,,2.0,GuinsoosRageblade,Deathblade,Quicksilver,,,,,,,,,,,,
1,EUW1_5973074438,TFT6_Augment_TradeSector,TFT6_Augment_Diversify2,TFT6_Augment_CyberneticShell2,1.0,,1.0,1.0,1.0,,,0.0,1.0,,2.0,,0.0,,0.0,1.0,0.0,1.0,,,,,,,1.0,0.0,1.0,,,,,,,,,,,,,,,,,,,,,,2.0,,,,,,,,2.0,GuinsoosRageblade,MadredsBloodrazor,MadredsBloodrazor,,,,,,,,,,,,,,,,,,,,,,,,,,,,,,,,,,,,,,,,,,,,,,,,,,,,,,,,,,,,,,,,,,,,,2.0,NegatronCloak,,,,,,,,,,,,,,,,,,,,,,,2.0,GargoyleStoneplate,BrambleVest,Redemption,,,,,2.0,Spatula,,,,,,,,,,,,,,,,,,,2.0,TearOfTheGoddess,,,,,,,,,,,2.0,ZekesHerald,ZekesHerald,ZekesHerald,,,,,,,,,,,,,,,,,2.0,InfinityEdge,FrozenHeart,,,,,,,,,,,,None,None,,,,,,,,,,,,,,,,,,,,,,,,,2.0,CannoneerEmblemItem,,,,,,,,,,
6,EUW1_5973074438,TFT6_Augment_Electrocharge2,TFT7_Augment_BruiserTitanicStrength,TFT6_Augment_CelestialBlessing2,0.0,0.0,,3.0,,,1.0,,,,,,0.0,0.0,,,0.0,,0.0,,,,,,1.0,,1.0,2.0,,,,,,,,,,,,,,,,,,,,,,,,,,,,,,,,,,,,,,,,,,,,,,,,,1.0,Bloodthirster,MadredsBloodrazor,Quicksilver,,,,,,,,,,,,,,,,,,,,,1.0,,,,,,,,,,,,,,,,,,,,,,,,,,,,,,,,,,,,,,,,,,,,,,,,2.0,RunaansHurricane,,,2.0,WarmogsArmor,RedBuff,,,,,,1.0,,,,,,,,,,,,,,,,,,,,2.0,,,,,,,,,,,,,,,,,,,,,,,,1.0,,,,,,,,,,,,,,,,,,,,,,None,None,,,,,,,,,,,,,,,,,,,,,,,,,,,,,,,,,,,,
4,EUW1_5973074438,TFT6_Augment_TriForce2,TFT6_Augment_Twins2,TFT6_Augment_SalvageBin,,1.0,,1.0,,,,,,,1.0,,,1.0,,0.0,,,,,0.0,1.0,,1.0,,,,0.0,,,,,,,,,,,,,,,,,,,,,,,,,,,,,,,,,,,,,,,,,,,,,,,,,,,,,,,,,,,,,,,,,,,,,,,,,3.0,RedBuff,GargoyleStoneplate,BrambleVest,,,,,,,,,,,,,,,,,,,,,,,,,,,,,3.0,ArchangelsStaff,SpearOfShojin,,,,,,,,,,,,,,,,,,,,,,,,,,,,,,,,,,,,,,,,,,,,,,,,,,,,,,,,,,,,,,,,,,,,,,1.0,TitanicHydra,,,,,,,,,,,,,,,,,,,,,None,None,,,,,1.0,,,,2.0,InfinityEdge,UnstableConcoction,InfinityEdge,,,,,,,,,,,,,,,,,,,,,1.0,,,
7,EUW1_5973074438,TFT6_Augment_TrueTwos,TFT6_Augment_TomeOfTraits1,TFT6_Augment_SalvageBin,,1.0,,0.0,,0.0,1.0,,1.0,,2.0,,,3.0,,1.0,,,0.0,,,,,,,1.0,,0.0,,,,,,,,,,,,,,,,,1.0,MageEmblemItem,JeweledGauntlet,BFSword,,,,,,,,,,,,,,,,,,,,,,,,,,,,,,,,,,,,,,,,,,,,,,,,,1.0,,,,,,,,,,,,,,,,,,,,,,,,,,,,2.0,TitanicHydra,Zephyr,NegatronCloak,1.0,MageEmblemItem,,,2.0,GuildEmblemItem,,,,,,,,,,,,,,,,,,,,,,,,,,,,,,,2.0,ForceOfNature,,,,,,,,,,,,,,,,,,,,,,,,,,,,,,,,,,,,,,,1.0,,,,,,,,,,,,,,,,,,,,2.0,TrainerSnax,None,None,,,,,,,,,,,,,,,,,,,,,,,,,,,,,,,,,,,,
8,EUW1_5973074438,TFT7_Augment_BruiserEmblem,TFT6_Augment_ComponentGrabBag,TFT6_Augment_CyberneticShell2,,1.0,,3.0,,,,,,,1.0,,0.0,0.0,,,0.0,,,,,,,1.0,0.0,,0.0,0.0,,,,,,,,,,,,,,,,,,,,,,,,,,,,,,,,,,,,,,,,,,,,,,,,,,,,,,,,,,,,,,,,,,,,,,,,,2.0,ChainVest,Shroud,,,,,,,,,,,,,,,,,,,,,,,,,,,,,,,,,,,,,,,,,,,,,,,,,,1.0,,,,,,,,,,,,,,,,,,,,,,,,,,,,1.0,,,,,,,,2.0,,,,,,,,,,,,,,,,2.0,RabadonsDeathcap,,,,,,,,,,,,,,,,,,,,,None,None,,,,,2.0,BruiserEmblemItem,,,2.0,UnstableConcoction,GuinsoosRageblade,MadredsBloodrazor,,,,,,,,,,,,,,,,,,,,,,,,
3,EUW1_5972640438,TFT6_Augment_SecondWind2,TFT6_Augment_TradeSectorPlus,TFT7_Augment_MageEmblem,,1.0,,1.0,,,,,0.0,,1.0,,,3.0,,1.0,,,,,0.0,1.0,,,,1.0,,0.0,,,,,,,,,,,,,,,,,,,,,,,,,,,,,,,,,,,,,,,,,,,,,,,,,,,,,,,,,,,,,,,,,,,,,2.0,,,,2.0,MageEmblemItem,,,,,,,,,,,,,,,,,,,,,,,,,,,2.0,,,,2.0,StatikkShiv,,,,,,,,,,,,,,,,,,,,,,,,,,,,,,,2.0,SpearOfShojin,UnstableConcoction,JeweledGauntlet,,,,,,,,,,,,,,,,,,,,,,,,,,,,,,,,,,,,,2.0,RedBuff,WarmogsArmor,,,,,,,,,,,,,,,,,,2.0,TrainerSnax,None,None,,,,,,,,,,,,,3.0,HextechGunblade,,,,,,,,,,,,,,,,,,,2.0,LastWhisper,RabadonsDeathcap,StatikkShiv
5,EUW1_5972640438,TFT6_Augment_Ascension,TFT6_Augment_TomeOfTraits1,TFT7_Augment_BruiserTitanicStrength,1.0,,,2.0,,,1.0,,,1.0,,,0.0,0.0,,,0.0,,,,,,,,1.0,,0.0,3.0,,,,,,,,,,,,,,,,,,,,,,,,,,,,,,,,,,,,,,,,,,,,,,,,,2.0,Quicksilver,GuinsoosRageblade,UnstableConcoction,,,,,,,,,,,,,,,,,,,,,,,,,,,,,,,,,,,,,,,,,,,,,,,,,,,,,,,,,,,,,,,,,,,,,,,,,2.0,Morellonomicon,,,1.0,InfinityEdge,MadredsBloodrazor,WarmogsArmor,2.0,InfinityEdge,,,,,,,,,,,,,,,,,,,2.0,ZekesHerald,,,,,,,,,,,,,,,,,,,,,,,2.0,GuardianEmblemItem,,,,,,,,,,,,,,,2.0,,,,,,None,None,,,,,,,,,,,,,,,,,,,,,,,,,,,,,,,,,,,,
4,EUW1_5972640438,TFT6_Augment_Meditation2,TFT6_Augment_TradeSectorPlus,TFT7_Augment_MageEmblem,,1.0,,1.0,,,,,0.0,,1.0,,,3.0,,1.0,,,,,0.0,1.0,,,,1.0,,0.0,,,,,,,,,,,,,,,,,,,,,,,,,,,,,,,,,,,,,,,,,,,,,,,,,,,,,,,,,,,,,,,,,,,,,2.0,,,,2.0,,,,,,,,,,,,,,,,,,,,,,,,,,,,2.0,MageEmblemItem,PowerGauntlet,SeraphsEmbrace,2.0,,,,,,,,,,,,,,,,,,,,,,,,,,,,,,,,2.0,JeweledGauntlet,SpearOfShojin,MadredsBloodrazor,,,,,,,,,,,,,,,,,,,,,,,,,,,,,,,,,,,,,1.0,GargoyleStoneplate,TitanicHydra,GargoyleStoneplate,,,,,,,,,,,,,,,,,4.0,TrainerSnax,None,None,,,,,,,,,,,,,2.0,,,,,,,,,,,,,,,,,,,,1.0,,,
6,EUW1_5972640438,TFT7_Augment_BruiserPersonalTraining,TFT6_Augment_Ascension,TFT7_Augment_BestFriends2,,1.0,1.0,1.0,,,,,0.0,,2.0,,,2.0,,2.0,,,,,,,,,,1.0,,0.0,,,,,,,,,,,,,,,,,,,,,1.0,JeweledGauntlet,,,,,,,,,,,,,,,,,,,,,,,,,,,,,,,,,,,,,,,,,,,,,,,2.0,,,,1.0,,,,,,,,,,,,,,,,,,,,,,,,,,,,1.0,,,,3.0,LocketOfTheIronSolari,,,,,,,,,,,,,,,,,,,,,,,,,,,,,,,2.0,UnstableConcoction,SpearOfShojin,ArchangelsStaff,,,,,,,,,,,,,,,,,,,,,,,,,,,,,,,,,,,,,2.0,GargoyleStoneplate,GargoyleStoneplate,TitanicHydra,,,,,,,,,,,,,,,,,1.0,TrainerSnax,None,None,,,,,,,,,,,,,2.0,,,,,,,,,,,,,,,,,,,,,,,
7,EUW1_5972640438,TFT7_Augment_ShimmerscaleTrait,TFT6_Augment_Diversify2,TFT6_Augment_ComponentGrabBag,,,,,1.0,,1.0,0.0,,1.0,,,0.0,0.0,,,,1.0,0.0,,3.0,1.0,,,,,0.0,,2.0,LocketOfTheIronSolari,,,,,,,,,,,,,,,,,,,,,,,1.0,,,,2.0,ShimmerscaleDravensAxe,SeraphsEmbrace,UnstableConcoction,,,,,,,,,2.0,ArchangelsStaff,ShimmerscaleMogulsMail,,,,,,,,,,,,,,,,,,,,,,,,,,,,,,,,,,2.0,ZekesHerald,ShimmerscaleGamblersBlade,Chalice,,,,,,,,,,,,,,,,,,,,,,,,,,,,,,,,,,,,,,,,,,,,,,,,,,,,,,,,,,,,,,,,,,,,,,,,,,,,,,,,,,,,,,,,,,,,,,,,,,,,,,,,,,,,,,,,,,,,,,,None,None,,,,,,,,,,,,,,,,,2.0,,,,,,,,,,,,,,,,1.0,JeweledGauntlet,ShimmerscaleGoldmancersStaff,InfinityEdge
1,EUW1_5972640438,TFT6_Augment_TradeSector,TFT6_Augment_ComponentGrabBag,TFT7_Augment_GadgetExpert,,1.0,,1.0,,,,,0.0,,1.0,,,1.0,,1.0,,,,,0.0,1.0,,1.0,,1.0,,0.0,,,,,,,,,,,,,,,,,,,,,,,,,,,,,,,,,,,,,,,,,,,,,,,,,,,,,,,,,,,,,,,,,,,,,2.0,,,,3.0,DragonsClaw,BrambleVest,IonicSpark,,,,,,,,,,,,,,,,,,,,,,,,,2.0,,,,3.0,StatikkShiv,TitansResolve,JeweledGauntlet,,,,,,,,,,,,,,,,,,,,,,,,,,,,,,,,,,,,,,,,,,,,,,,,,,,,,,,,,,,,,,,,,,,,,3.0,ThiefsGloves,Bloodthirster,HextechGunblade,,,,,,,,,,,,,,,,,4.0,TrainerSnax,None,None,,,,,2.0,,,,3.0,UnstableConcoction,GuinsoosRageblade,MadredsBloodrazor,,,,,,,,,,,,,,,,,,,,,1.0,HextechGunblade,SpearOfShojin,
2,EUW1_5972640438,TFT7_Augment_SwiftshotPressTheAttack,TFT6_Augment_Electrocharge2,TFT6_Augment_SecondWind2,,,,1.0,,1.0,1.0,,,,2.0,0.0,0.0,,,,2.0,,,1.0,,,,1.0,0.0,,0.0,,,,,,,,,,,,,,,,,,,,,,,,,,,,,,,,,,,,,,,,,,,,,,,,,,,,,,,,,,,,,,,,,,1.0,,,,,,,,,,,,,,,,,,,,,,,,,,,,,,,,,,,,,,,,,,,,2.0,RedBuff,IonicSpark,,,,,,,,,,,,,,2.0,,,,,,,,,,,,,,,,2.0,,,,,,,,,,,,2.0,,,,1.0,Redemption,UnstableConcoction,JeweledGauntlet,,,,,,,,,,,,,,,,,,,,,,,,,,,,,,,,,,,,,,,None,None,,,,,2.0,BFSword,Zephyr,,,,,,,,,,,,,,2.0,UnstableConcoction,Deathblade,GuinsoosRageblade,,,,,,,,,,,,
8,EUW1_5972640438,TFT7_Augment_GadgetExpert,TFT6_Augment_CelestialBlessing2,TFT6_Augment_SunfireBoard,,,1.0,0.0,,1.0,1.0,0.0,,,3.0,,0.0,,2.0,0.0,,,,,,,,0.0,0.0,,0.0,,,,,,,,,,,,,,,,,,,,,,1.0,,,,,,,,,,,,,,,,1.0,StatikkShiv,TearOfTheGoddess,,,,,,,,,,,,,,,,,,,,,,,,,,,,,,,,,,,,,,,,,,,,,,,,,,,,,,,,,,,,,,,,,,,,,,,,,,,,,,1.0,,,,,,,,2.0,,,,,,,,,,,,,,,,1.0,,,,,,,,,,,,,,,,,,,,,,,,,,,,,,,,,,,,,,,,,,,,,,,,,,,,,,,,,,None,None,,,,,2.0,,,,,,,,,,,,,,,,,,,,1.0,WarmogsArmor,DragonsClaw,Redemption,,,,,,,,
8,EUW1_5972717838,TFT6_Augment_JeweledLotus,TFT6_Augment_LudensEcho2,TFT7_Augment_MageEmblem,,,,0.0,,,1.0,,0.0,1.0,1.0,,,2.0,,0.0,,,0.0,,1.0,1.0,,,,1.0,,0.0,,,,,,,,,,,,,,,,,,,,,,,,,2.0,,,,,,,,,,,,,,,,2.0,RedBuff,MageEmblemItem,ShimmerscaleDiamondHands,,,,,,,,,,,,,,,,,,,,,,,,,2.0,,,,,,,,,,,,,,,,,,,,,,,,,,,,,,,,2.0,,,,,,,,,,,,,,,,,,,,,,,,,,,,,,,,,,,,2.0,ArchangelsStaff,InfinityEdge,SpearOfShojin,,,,,,,,,,,,,,,,,,,,,,,,,,,,,,,,,,,,,2.0,Shroud,WarmogsArmor,,,,,,,,,,,,,,,,,,1.0,TrainerSnax,None,None,,,,,,,,,,,,,,,,,,,,,,,,,,,,,,,,,1.0,ArchangelsStaff,,
2,EUW1_5972717838,TFT6_Augment_TriForce2,TFT7_Augment_RagewingScorch,TFT7_Augment_DragonmancerInspire,,,,,,0.0,,2.0,,,,1.0,0.0,,,,1.0,,,1.0,0.0,,,0.0,0.0,,,,,,,,,,,,,,,,2.0,,,,,,,,,,,,,,,,,,,,,,,,,,,,,,,,,,,,,,,,,,,,,,,,,,,,2.0,BrambleVest,,,,,,,,,,,,,,,2.0,Chalice,LocketOfTheIronSolari,,,,,,2.0,TitanicHydra,,,,,,,,,,,,,,,,,,,1.0,TitanicHydra,RedBuff,TitansResolve,,,,,,,,,,,,,,,,,,,,,,,,,,,,,,,,,,,,,2.0,,,,,,,,,,,,,,,,,,,,,,,,3.0,GuinsoosRageblade,StatikkShiv,Quicksilver,,,,,,,,,,,,,,,,,,,,,,,None,None,,,,,,,,,,,,,,,,,2.0,,,,,,,,,,,,,,,,,,,
3,EUW1_5972717838,TFT6_Augment_TomeOfTraits1,TFT6_Augment_CelestialBlessing2,TFT6_Augment_Ascension,1.0,,,1.0,,1.0,,,,,4.0,,0.0,,,,1.0,,,,,,,1.0,1.0,,0.0,,,,,,,,,,,,,,,,,,,,,,,,,,,,,,,,,,,,,,,,,,,,,,,,,,,,,,,,,,,,,,,,,,2.0,SeraphsEmbrace,,,,,,,,,,,,,,,,,,,,,,,,,,,,,,,,,,,,,,,,,,,,,,,,,,,,,,,,,,,2.0,,,,,,,,2.0,IonicSpark,FrozenHeart,,,,,,2.0,,,,,,,,,,,,2.0,,,,,,,,,,,,,,,,,,,,,,,,,,,,,,,,2.0,InfinityEdge,RedBuff,UnstableConcoction,,,,,,,,,,,None,None,,,,,1.0,ZekesHerald,Zephyr,,,,,,,,,,,,,,2.0,GuildEmblemItem,InfinityEdge,GuinsoosRageblade,,,,,,,,,,,,
1,EUW1_5972717838,TFT6_Augment_ClearMind,TFT6_Augment_BlueBattery2,TFT6_Augment_SecondWind2,,,1.0,,1.0,,1.0,0.0,1.0,0.0,1.0,0.0,,,0.0,1.0,,1.0,,0.0,1.0,,,,,1.0,0.0,,,,,,,,,,,,,,,,,,,,,,2.0,,,,,,,,3.0,MadredsBloodrazor,LastWhisper,UnstableConcoction,,,,,,,,,2.0,RedBuff,ShimmerscaleDiamondHands,FrozenHeart,,,,,,,,,,,,,,,,,,,,,,,,,,,,,,,,,,,,,,,,,,,,,,,,,,,,,,,,,2.0,,,,,,,,2.0,TitanicHydra,IonicSpark,,,,,,,,,,,,,,,,,,,,,,,,,,,,,,,,,,,,,,,,,,,,,,,,,,,,,,2.0,,,,,,,,,,,,,,,,,,,,,,,,,,,,,,,,4.0,TrainerSnax,None,None,2.0,,,,,,,,,,,,,,,,,,,,,,,,2.0,Quicksilver,TitansResolve,MadredsBloodrazor,,,,,,,,
4,EUW1_5972717838,TFT6_Augment_Electrocharge2,TFT6_Augment_CelestialBlessing2,TFT6_Augment_Diversify2,1.0,,,1.0,,0.0,,,0.0,,2.0,,0.0,,,0.0,1.0,,,,,,,1.0,1.0,0.0,0.0,,,,,,,,,,,,,,,,,,,,,,,,,,,,,,,,,,,,,,,,,,,,,,,,,,,,,,,,,,,,,,,,,,2.0,Shroud,,,,,,,,,,,,,,,,,,,,,,,,,,,,,,,,,,,2.0,RecurveBow,,,,,,,,,,,,,,,,,,,,,,,2.0,GargoyleStoneplate,RedBuff,,,,,,1.0,,,,,,,,,,,,,,,,,,,,2.0,,,,,,,,,,,,,,,,,,,,,,,,,,,,,,,,2.0,FrozenHeart,Bloodthirster,,,,,,,,,,,,None,None,,,,,2.0,,,,,,,,,,,,,,,,2.0,GuinsoosRageblade,MadredsBloodrazor,UnstableConcoction,,,,,,,,,,,,
7,EUW1_5972717838,TFT7_Augment_ClutteredMind,TFT6_Augment_SunfireBoard,TFT7_Augment_UrfsGrabBag1,,0.0,,2.0,,,1.0,0.0,,,1.0,,0.0,0.0,,,,,,,,,,1.0,1.0,,,2.0,,,,,,,,,,,,,,,,,,,,,,,,,,,,,,,,,,,,,,,,,,,,,,,,,2.0,Quicksilver,GuinsoosRageblade,,,,,,,,,,,,,,,,,,,,,,3.0,,,,,,,,,,,,,,,,1.0,,,,,,,,,,,,,,,,,,,,,,,,,,,,,,,,,,,,2.0,,,,,,,,,,,,,,,,,,,,,,,,,,,,,,,,,,,,,,,,,,,,,,,,,,,,2.0,,,,,,,,,,,,,,,,,,,,,,None,None,,,,,2.0,,,,3.0,MadredsBloodrazor,GuinsoosRageblade,Deathblade,,,,,,,,,,,,,,,,,,,,,,,,
6,EUW1_5972717838,TFT6_Augment_PortableForge,TFT6_Augment_LudensEcho2,TFT6_Augment_CyberneticUplink2,1.0,,,0.0,,3.0,,,,0.0,,,,0.0,0.0,,0.0,,2.0,,0.0,,,,,,0.0,,,,,,,,,,,,,,,,,,,,,,,,,,2.0,ArchangelsStaff,,,,,,,3.0,ThiefsGloves,GiantsBelt,Redemption,,,,,,,,,,,,,,,,,,,,,,,,,,,,,1.0,TearOfTheGoddess,,,,,,,,,,,,,,,,,,,1.0,PowerGauntlet,,,,,,,,,,,3.0,IonicSpark,ArchangelsStaff,Bloodthirster,,,,,,,,,,,,,,,,,2.0,RecurveBow,,,2.0,CavalierEmblemItem,OrnnAnimaVisage,RapidFireCannon,,,,,,,,,,,,,,,,,,,,,,,,,,,,,,,,,,,,,,,,,,,,,,,,,,,,,,,,,,,,,,,,,,,,,,,,,,,None,None,,,,,,,,,,,,,,,,,,,,,,,,,,,,,,,,,,,,
5,EUW1_5972717838,TFT7_Augment_Bloodlust1,TFT7_Augment_ShapeshifterBeastsDen,TFT7_Augment_PandorasBench,,0.0,1.0,,,,1.0,,,,1.0,2.0,,,,2.0,,,,2.0,,,1.0,,,,,0.0,,,,,,,,,,,,,,,,,,,,,1.0,,,,,,,,,,,,,,,,,,,,,,,,2.0,Bloodthirster,MadredsBloodrazor,,,,,,2.0,,,,,,,,2.0,MysticEmblemItem,,,,,,,,,,,,,,,,,,,,,,,,,,,,,,,,,,,,,,,,,,,,,,,2.0,RedBuff,GargoyleStoneplate,RabadonsDeathcap,3.0,UnstableConcoction,GuinsoosRageblade,Quicksilver,,,,,,,,,,,,,,,,,,,,,,,,,,,,,,,,,,,,,,,,,,,,,,,,,,,,,1.0,ArchangelsStaff,,,,,,,,,,,,,,,,,,,,,,,,,,,,,None,None,,,,,,,,,,,,,,,,,,,,,,,,,,,,,,,,,,,,
7,EUW1_5972044752,TFT6_Augment_ForceOfNature,TFT6_Augment_TriForce1,TFT7_Augment_PandorasBench,,,,,,2.0,,1.0,0.0,,1.0,0.0,0.0,,0.0,,0.0,,,0.0,0.0,,,,0.0,,,,,,,,2.0,SpearOfShojin,,,,,,,,,,,,,,,,,,,,,,,,,,,,,,,,,,,,,,,,,,,,,,,,,,,,,,,,,,,1.0,,,,,,,,,,,,,,,,,,,,,,,,2.0,,,,,,,,,,,,,,,,,,,,,,,,,,,,2.0,WarmogsArmor,ZekesHerald,,,,,,,,,,,,,,,,,,,,,,2.0,,,,,,,,,,,,,,,,,,,,,,,,,,,,,,,,2.0,,,,,,,,,,,,,,,,,,,,,,,,,,None,None,,,,,,,,,,,,,,,,,2.0,Quicksilver,,,,,,,,,,,,,,,,,,
6,EUW1_5972044752,TFT7_Augment_UrfsGrabBag2,TFT6_Augment_CelestialBlessing1,TFT7_Augment_FirstAidKit2,,,,,,,1.0,0.0,1.0,,,2.0,0.0,,,1.0,,,,1.0,,,,0.0,,0.0,,,,,,,1.0,Morellonomicon,,,,,,,1.0,,,,,,,,,,,,,,,,,,,,,,,,,,,,,,,,2.0,MadredsBloodrazor,GuardianAngel,HextechGunblade,,,,,,,,,,,,,1.0,FrozenHeart,,,,,,,,,,,,,,,,,,,2.0,,,,,,,,,,,,,,,,,,,,1.0,,,,,,,,2.0,BrambleVest,Quicksilver,DragonsClaw,,,,,,,,,,,,,,,,,,,,,,,,,,,,,,,,,,,,,,,,,,,,,,,,,,,,,,,,,,,,,,,,,,,,,,,,,,,,,,,,,,,,,,,None,None,,,,,,,,,,,,,,,,,,,,,,,,,,,,,,,,,,,,
2,EUW1_5972044752,TFT6_Augment_RadiantRelics,TFT6_Augment_Diversify1,TFT7_Augment_SwiftshotPressTheAttack,1.0,,1.0,1.0,,2.0,,,,,4.0,,0.0,,,0.0,1.0,,,,,,,1.0,1.0,,0.0,,,,,,,,,,,,,,,,,,,,,,1.0,,,,,,,,,,,,,,,,,,,,,,,,,,,,,,,,,,,,,,,,,,,,2.0,TearOfTheGoddess,RedBuff,SeraphsEmbrace,,,,,,,,,,,,,,,,,,,,,,,,,,,,,,,,,,,,,,,,,,,,,,,,,,,,,,,,,2.0,WarmogsArmor,MadredsBloodrazor,,,,,,2.0,,,,,,,,2.0,,,,,,,,,,,,2.0,CavalierEmblemItem,LocketOfTheIronSolari,,,,,,,,,,,,,,,,,,,,,,,,,,,,,,2.0,RabadonsDeathcap,InfinityEdge,LastWhisper,,,,,,,,,,,None,None,,,,,2.0,,,,,,,,,,,,,,,,2.0,Quicksilver,MadredsBloodrazor,GuinsoosRagebladeRadiant,,,,,,,,,,,,
8,EUW1_5972044752,TFT6_Augment_Featherweights3,TFT7_Augment_MageTrait,TFT6_Augment_CyberneticShell2,0.0,,,1.0,,,1.0,0.0,0.0,,,,0.0,0.0,2.0,0.0,,,,,,,,,0.0,0.0,0.0,1.0,,,,,,,,,,,,,,,,,,,,,,,,,,,,,,,,,,,,,1.0,ArchangelsStaff,SpearOfShojin,,,,,,,,,,,,,,,,,,,,,,,,,,,,,,,,,,,,,,,,,,,,,,,,,,,,,,,,,,,,,,2.0,,,,,,,,,,,,,,,,,,,,,,,,1.0,,,,1.0,RecurveBow,,,,,,,,,,,,,,,,,,,,,,,,,,,,,,,,,,,,,,,,,,,,,,,1.0,,,,,,,,,,,,,,,,,,,,,,None,None,,,,,,,,,,,,,,,,,,,,,,,,,1.0,GargoyleStoneplate,StatikkShiv,,,,,,,,,
3,EUW1_5972044752,TFT7_Augment_SwiftshotEmblem2,TFT7_Augment_SwiftshotTrait,TFT6_Augment_TargetDummies,,0.0,,2.0,,,,,,,1.0,,0.0,0.0,,,0.0,,,,,,,3.0,1.0,,0.0,0.0,,,,,,,,,,,,,,,,,,,,,,,,,,,,,,,,,,,,,,,,,,,,,,,,,,,,,,,,,1.0,,,,,,,,,,,,,,,,3.0,FrozenHeart,RedBuff,GargoyleStoneplate,,,,,,,,,,,,,,,,,,,,,,,,,,,,,,,,,,,,,,,,,,,,,,,,,1.0,SwiftshotEmblemItem,,,,,,,,,,,,,,,,,,,,,,,,,,,2.0,,,,,,,,,,,,,,,,,,,,,,,,2.0,TitanicHydra,Shroud,,,,,,,,,,,,,,,,,,,,None,None,,,,,2.0,ThiefsGloves,Chalice,RabadonsDeathcap,3.0,GuinsoosRageblade,MadredsBloodrazor,RunaansHurricane,,,,,,,,,2.0,MadredsBloodrazor,,,,,,,,,,,,,,
1,EUW1_5972044752,TFT6_Augment_Meditation3,TFT6_Augment_LudensEcho1,TFT7_Augment_MageEmblem,,0.0,1.0,1.0,,,1.0,,0.0,,1.0,,0.0,2.0,,2.0,,,,,0.0,1.0,,,2.0,1.0,,0.0,,,,,,,,,2.0,HextechGunblade,MageEmblemItem,SpearOfShojin,,,,,,,,,2.0,,,,,,,,,,,,,,,,,,,,,,,,,,,,,,,,,,,,,,,,,,,,,,,,2.0,,,,,,,,,,,,,,,,,,,,,,,,,,,,,,,,2.0,,,,3.0,StatikkShiv,ArchangelsStaff,TitansResolve,,,,,,,,,,,,,,,,,2.0,,,,,,,,,,,,,,,,,,,,,,,,,,,,,,,,,,,,,,,,,,,,,,,,,,,,2.0,RedBuff,GargoyleStoneplate,IonicSpark,,,,,,,,,,,,,,,,,3.0,TrainerSnax,None,None,,,,,,,,,,,,,,,,,,,,,,,,,,,,,,,,,2.0,,,
4,EUW1_5972044752,TFT7_Augment_SwiftshotEmblem2,TFT6_Augment_Diversify1,TFT7_Augment_SwiftshotPressTheAttack,,1.0,,2.0,,,,,,,1.0,,0.0,0.0,,0.0,0.0,,,,,,,2.0,1.0,,0.0,0.0,,,,,,,,,,,,,,,,,,,,,,,,,,,,,,,,,,,,,,,,,,,,,,,,,,,,,,,,,1.0,,,,,,,,,,,,,,,,2.0,Morellonomicon,TitansResolve,BrambleVest,,,,,,,,,,,,,,,,,,,,,,,,,,,,,3.0,SwiftshotEmblemItem,,,,,,,,,,,,,,,,,,,2.0,ThiefsGloves,RecurveBow,TitansResolve,,,,,,,,,,,,,,,,,,,,,,,,,2.0,ThiefsGloves,Quicksilver,DragonsClaw,,,,,,,,,,,,,,,,,,,,,2.0,Bloodthirster,,,,,,,,,,,,,,,,,,,,,None,None,,,,,2.0,,,,3.0,GuinsoosRageblade,Deathblade,MadredsBloodrazor,,,,,,,,,,,,,,,,,,,,,,,,
5,EUW1_5972044752,TFT6_Augment_MaxLevel10,TFT7_Augment_CannoneerTrait,TFT6_Augment_PortableForge,,,,1.0,1.0,,1.0,0.0,1.0,0.0,,,0.0,,0.0,0.0,0.0,1.0,,,1.0,,,,0.0,0.0,1.0,,,,,,,,,,,,,,,,,,,,,,,,,,,,,,2.0,UnstableConcoction,MadredsBloodrazor,GuinsoosRageblade,,,,,,,,,2.0,BrambleVest,GiantsBelt,,,,,,,,,,,,,,,,,,,,,,,,,,,,,,,,,,,,,,,,,,,,,,,,,,,,,,,,,,2.0,RedBuff,OrnnRanduinsSanctum,,,,,,,,,,,,,,,,,,,,,,2.0,,,,,,,,,,,,,,,,,,,,,,,,,,,,1.0,,,,,,,,,,,,2.0,,,,,,,,,,,,,,,,,,,,,,,,,,,,,,,,,,None,None,,,,,,,,,,,,,,,,,,,,,,,,,1.0,ShimmerscaleGamblersBlade,MadredsBloodrazor,,,,,,,,,
5,EUW1_5973057465,TFT7_Augment_GuildEmblem,TFT6_Augment_Recombobulator,TFT7_Augment_BestFriends3,1.0,,,1.0,,1.0,,,,,4.0,,0.0,,,,1.0,,,,,,,1.0,1.0,,0.0,,,,,,,,,,,,,,,,,,,,,,,,,,,,,,,,,,,,,,,,,,,,,,,,,,,,,,,,,,,,,,,,,,2.0,DragonsClaw,Morellonomicon,SeraphsEmbrace,,,,,,,,,,,,,,,,,,,,,,,,,,,,,,,,,,,,,,,,,,,,,,,,,,,,,,,,,1.0,NegatronCloak,DragonsClaw,,,,,,2.0,FrozenHeart,,,,,,,2.0,,,,,,,,,,,,2.0,,,,,,,,,,,,,,,,,,,,,,,,,,,,,,,,2.0,UnstableConcoction,Deathblade,,,,,,,,,,,,None,None,,,,,2.0,Zephyr,,,,,,,,,,,,,,,2.0,GuildEmblemItem,GuinsoosRageblade,InfinityEdge,,,,,,,,,,,,
7,EUW1_5973057465,TFT7_Augment_UrfsGrabBag1,TFT7_Augment_BestFriends1,TFT6_Augment_VerdantVeil,,1.0,,0.0,,0.0,1.0,,1.0,,,,,2.0,,1.0,,,0.0,,0.0,1.0,,,,0.0,,0.0,,,,,,,,,,,,,,,,,1.0,MageEmblemItem,Bloodthirster,JeweledGauntlet,,,,,,,,,,,,,,,,,,,,,,,,,,,,,,,,,,,,,,,,,,,,,,,,,,,,,,,,,,,,,,,,,,,,,,,,,,,,,2.0,,,,2.0,,,,3.0,SpearOfShojin,,,,,,,,,,,,,,,,,,,,,,,,,,,,,,,,,,,,,,,,,,,,,,,,,,,,,,,,,,,,,,,,,,,,,,,1.0,RedBuff,GiantsBelt,,,,,,,,,,,,,,,,,,,,None,None,,,,,,,,,,,,,,,,,,,,,,,,,,,,,,,,,1.0,NeedlesslyLargeRod,,
6,EUW1_5973057465,TFT7_Augment_CannoneerHotShot,TFT6_Augment_Electrocharge1,TFT7_Augment_WhispersEmblem2,,,,1.0,1.0,,1.0,,1.0,0.0,,,,0.0,,0.0,,1.0,,,,,,,,1.0,,3.0,,,,,,,,,,,,,,,,,,,,,,,,,,,,,2.0,GuinsoosRageblade,WhispersEmblemItem,UnstableConcoction,,,,,,,,,,,,,,,,,2.0,TitansResolve,Quicksilver,,,,,,,,,,,,,,,,,,,,,,,,,,,,,,,,,,,,,,,,,,,,,,,,,,2.0,,,,,,,,,,,,,,,,,,,,,,,,,,,,,,,,,,,,,,,,,,,,,,,,,,,,,,,,,,,,,,,,1.0,,,,,,,,,,,,2.0,TitanicHydra,WarmogsArmor,GargoyleStoneplate,,,,,,,,,,,,,1.0,,,,2.0,TrainerSnax,None,None,2.0,RecurveBow,,,,,,,,,,,,,,,,,,,,,,,,,,,,,,,,,,
4,EUW1_5973057465,TFT7_Augment_AstralIntercosmicGifts,TFT6_Augment_Weakspot,TFT7_Augment_DragonmancerEmblem2,,0.0,,,,,,2.0,,,,1.0,0.0,,,,0.0,,,2.0,0.0,,,0.0,0.0,,,0.0,,,,,,,,,,,,,2.0,LastWhisper,,,,,,,,,,,,,,,,,,,,,,,,,,,,,,,,,,,,,,,2.0,WarmogsArmor,GuinsoosRageblade,RabadonsDeathcap,,,,,,,,,,,,,,,,,,,,,,,,,1.0,,,,,,,,2.0,ThiefsGloves,JeweledGauntlet,ArchangelsStaff,,,,,,,,,,,,,,,,,2.0,Morellonomicon,DragonmancerEmblemItem,FrozenHeart,3.0,Quicksilver,RunaansHurricane,MadredsBloodrazor,,,,,,,,,,,,,,,,,,,,,,,,,,,,,,,,,,,,,,,,,,,,,,,,,,,,,,,,,2.0,UnstableConcoction,StatikkShiv,ZekesHerald,,,,,,,,,,,,,,,,,,,,,,,None,None,,,,,,,,,,,,,,,,,2.0,,,,,,,,,,,,,,,,,,,
2,EUW1_5973057465,TFT6_Augment_CyberneticImplants2,TFT6_Augment_Electrocharge1,TFT6_Augment_RadiantRelics,1.0,,1.0,2.0,,,1.0,0.0,,,3.0,,0.0,0.0,0.0,0.0,0.0,,,,,,,,0.0,,1.0,2.0,,,,,,,,,,,,,,,,,,,,,2.0,LastWhisper,,,,,,,,,,,,,,,,,,,,,,,,,,,2.0,Bloodthirster,MadredsBloodrazor,QuicksilverRadiant,,,,,,,,,,,,,,,,,,,,,,,,,,,,,,,,,,,,,,,,,,,,,,,,,,,,,,,,,,,,,,,,,,,,,,,,,2.0,GargoyleStoneplate,RedBuff,Redemption,2.0,ThiefsGloves,RedBuff,InfinityEdge,,,,,,,,,,,,,,,,,,,,,2.0,WarmogsArmor,,,,,,,,,,,,,,,,,,,,,,,2.0,,,,,,,,2.0,LastWhisper,FrozenHeart,Shroud,,,,,,,,,,,None,None,,,,,,,,,,,,,,,,,,,,,,,,,2.0,GuardianAngel,GuinsoosRageblade,GuildEmblemItem,,,,,,,,
8,EUW1_5973057465,TFT7_Augment_ShimmerscaleTrait,TFT6_Augment_Distancing,TFT6_Augment_BandOfThieves2,0.0,,,2.0,,1.0,1.0,,,,1.0,,0.0,0.0,0.0,,0.0,,,,0.0,,,,0.0,,0.0,2.0,,,,,,,,,,,,,,,,,,,,,,,,,,,,,,,,,,,,,,,,,,,,,,,,,1.0,GuinsoosRageblade,CavalierEmblemItem,,,,,,,,,,,,,,,,,,,,,,,,,,,,,,,,,,,,,,,,,,,,,,,,,,,,,,,,,,,,,,,,,,2.0,ThiefsGloves,GiantsBelt,DragonsClaw,,,,,1.0,DragonsClaw,WarmogsArmor,,,,,,,,,,,,,,,,,,,,,,,,,,2.0,,,,,,,,,,,,,,,,,,,,,,,,2.0,,,,,,,,2.0,ThiefsGloves,NeedlesslyLargeRod,TitanicHydra,,,,,,,,,,,None,None,,,,,,,,,,,,,,,,,,,,,,,,,,,,,,,,,,,,
3,EUW1_5973057465,TFT6_Augment_SalvageBin,TFT6_Augment_Diversify1,TFT7_Augment_BestFriends3,,,1.0,1.0,,,1.0,,0.0,,1.0,0.0,0.0,1.0,,1.0,,,,0.0,0.0,1.0,,,2.0,1.0,,0.0,,,,,,,,,1.0,SpearOfShojin,JeweledGauntlet,InfinityEdge,,,,,,,,,1.0,ForceOfNature,,,,,,,,,,,,,,,,,,,,,,,,,,,,,,,,,,,,,,,,,,,,,,,2.0,Zephyr,Chalice,SeraphsEmbrace,,,,,,,,,,,,,,,,,,,,,,,,,,,,,2.0,RapidFireCannon,,,,,,,2.0,ThiefsGloves,TearOfTheGoddess,SpearOfShojin,,,,,,,,,,,,,2.0,IonicSpark,SparringGloves,,,,,,,,,,,,,,,,,,,,,,,,,,,,,,,,,,,,,,,,,,,,,,,,,,2.0,RedBuff,WarmogsArmor,TitansResolve,,,,,,,,,,,,,,,,,4.0,TrainerSnax,None,None,,,,,,,,,,,,,,,,,,,,,,,,,,,,,,,,,1.0,RabadonsDeathcap,,
1,EUW1_5973057465,TFT6_Augment_TomeOfTraits1,TFT6_Augment_TinyTitans,TFT6_Augment_ItemGrabBag2,,,1.0,1.0,0.0,,1.0,0.0,0.0,,1.0,,0.0,,2.0,0.0,,4.0,,,,,,,0.0,,0.0,,,,,,,,,,,,,,,,,,,,,,2.0,Zephyr,,,,,,,2.0,MadredsBloodrazor,StatikkShiv,,,,,,2.0,Quicksilver,RevelEmblemItem,GuinsoosRageblade,,,,,,,,,,,,,,,,,,,,,,,,,,,,,,,,,,,,,,,,,,,,,,,,,,,,,,,,,,,,,,,,,,,,,,,,,,,,,,,,,,,,,2.0,Redemption,RedBuff,IonicSpark,,,,,,,,,,,,,,,,,,,,,,,,,,,,,,,,,,,,,2.0,Morellonomicon,,,,,,,,,,,,,,,2.0,GiantsBelt,WarmogsArmor,TitanicHydra,,,,,,,,,,,,,,,None,None,,,,,,,,,,,,,,,,,,,,,,,,,2.0,IonicSpark,SeraphsEmbrace,InfinityEdge,,,,,,,,
1,EUW1_5972048782,TFT7_Augment_UrfsGrabBag1,TFT7_Augment_AssassinCutthroat,TFT6_Augment_ComponentGrabBag,3.0,,,1.0,,,,0.0,,,3.0,,0.0,,0.0,0.0,,,1.0,,,,,0.0,1.0,,1.0,0.0,,,,,,,,,,,,,,,,,,,,,,,,,,,,,,,,,3.0,FrozenHeart,IonicSpark,RedBuff,,,,,,,,,,,,,,,,,,,,,,,,,,,,,,,,,,,,,,,,,,,,,,,,,,,,,,,,,,,,,,,,,,,,,,,,,,,,,,,,,,,,,3.0,RapidFireCannon,InfinityEdge,AssassinEmblemItem,2.0,AssassinEmblemItem,GuildEmblemItem,ZekesHerald,1.0,UnstableConcoction,,,2.0,Zephyr,,,,,,,,,,,,,,,,,,,,,,,,,,,,,,,,,,,,,,,,,,,,,,,,,,,2.0,,,,,,,,,,,,,,None,None,,,,,2.0,,,,,,,,,,,,,,,,,,,,1.0,InfinityEdge,AssassinEmblemItem,WarmogsArmor,,,,,,,,
6,EUW1_5972048782,TFT6_Augment_TargetDummies,TFT6_Augment_TomeOfTraits1,TFT7_Augment_GadgetExpert,,,,1.0,2.0,,,,1.0,,,,,1.0,,0.0,,3.0,,,,,,,,2.0,,0.0,,,,,,,,,,,,,,,,,,,,,,,,,,,,,2.0,HextechGunblade,MageEmblemItem,StatikkShiv,,,,,,,,,,,,,,,,,,,,,,,,,,,,,,,,,,,,,2.0,,,,,,,,2.0,,,,,,,,,,,,,,,,,,,,,,,,2.0,PowerGauntlet,,,,,,,,,,,,,,,,,,,,,,,,,,,,,,,,,,,,,,,,,,,,,,,,,,,,,,,,,,,,,,,1.0,ArchangelsStaff,StatikkShiv,SpearOfShojin,,,,,,,,,1.0,RedBuff,IonicSpark,,1.0,,,,,,,,,,,,,,,,3.0,TrainerSnax,None,None,2.0,ThiefsGloves,Bloodthirster,HextechGunblade,,,,,,,,,,,,,,,,,,,,,,,,,,,,,,,,
4,EUW1_5972048782,TFT6_Augment_MetabolicAccelerator,TFT6_Augment_LudensEcho2,TFT7_Augment_GadgetExpert,,1.0,,1.0,,,,0.0,1.0,,1.0,0.0,,2.0,0.0,2.0,,0.0,,,,,1.0,,,1.0,0.0,0.0,,,,,,,,,,,,,,,,,,,,,,,,,,,,,,,,,,,,,,,,,,,,,,,,,,,,,,,,,,,,,,,,,,,,,2.0,,,,2.0,DragonsClaw,RedBuff,Quicksilver,,,,,,,,,,,,,,,,,,,,,,,,,2.0,,,,2.0,StatikkShiv,JeweledGauntlet,,,,,,,,,,,,,,,,,,,,,,,,,,,,,,3.0,SpearOfShojin,Bloodthirster,RabadonsDeathcap,,,,,,,,,,,,,,,,,,,,,,,,,1.0,,,,2.0,ForceOfNature,,,,,,,2.0,,,,,,,,,,,,,,,,,,,,3.0,TrainerSnax,None,None,,,,,,,,,,,,,2.0,,,,,,,,,,,,1.0,MysticEmblemItem,,,,,,,,,,
8,EUW1_5972048782,TFT7_Augment_AssassinEmblem,TFT7_Augment_MirageEmblem,TFT6_Augment_Distancing2,2.0,,,1.0,,,1.0,,,,1.0,,0.0,0.0,0.0,,,,0.0,,,,,,1.0,,,2.0,,,,,,,,,,,,,,,,,,,,,,,,,,,,,,,,,2.0,InfinityEdge,UnstableConcoction,RunaansHurricane,,,,,,,,,,,,,2.0,InfinityEdge,AssassinEmblemItem,Bloodthirster,,,,,,,,,,,,,,,,,,,,,,,,,,,,,,,,,,,,,,,,,,,,,,,,,,,,,,,,,,,,,,,,,,,,,,,,,1.0,MirageEmblemItem,,,,,,,2.0,,,,,,,,,,,,,,,,,,,,,,,,,,,,,,,,,,,,,,,,,,,,1.0,GargoyleStoneplate,,,,,,,2.0,,,,,,,,,,,,,,None,None,,,,,,,,,,,,,,,,,,,,,,,,,,,,,,,,,,,,
3,EUW1_5972048782,TFT6_Augment_CyberneticShell2,TFT6_Augment_Electrocharge2,TFT6_Augment_CyberneticUplink2,0.0,1.0,,1.0,,,,,0.0,,1.0,,,1.0,,1.0,,,,,0.0,1.0,,1.0,,0.0,,1.0,,,,,,,,,,,,,,,,,,,,,,,,,,,,,,,,,,,,,,,,,,,,,,,,,,,,,,,,,,,,,,,,,,,,,,,,,3.0,RedBuff,BrambleVest,,,,,,,,,,,,,,,,,,,,,,,,,,2.0,,,,3.0,JeweledGauntlet,,,,,,,,,,,,,,,,,,,,,,,2.0,GargoyleStoneplate,Morellonomicon,,,,,,,,,,,,,,,,,,,,,,,,,,,,,,,,,,,,,,,,,,,,,,2.0,NegatronCloak,,,,,,,,,,,,,,,,,,,,,None,None,,,,,2.0,TitansResolve,,,3.0,UnstableConcoction,GuinsoosRageblade,MadredsBloodrazor,,,,,,,,,,,,,,,,,,,,,1.0,PowerGauntlet,,
5,EUW1_5972048782,TFT6_Augment_PortableForge,TFT7_Augment_DragonHorde,TFT6_Augment_SunfireBoard,,,,,,0.0,2.0,,,0.0,,1.0,,0.0,2.0,0.0,,,,,1.0,1.0,,,,,,,,,,,,,,,,,,,,,,,,,,,,,,,,,,,,,,,,,,,2.0,ArchangelsStaff,MadredsBloodrazor,GuinsoosRageblade,2.0,OrnnRocketPropelledFist,IonicSpark,TitanicHydra,2.0,ShimmerscaleGamblersBlade,Bloodthirster,GuardianAngel,,,,,,,,,,,,,,,,,,,,,,,,,,,,,,,,,,,,,,,,,,,,,,,,,,,,,,,,,,,,,,,,,,,,,2.0,Zephyr,,,,,,,,,,,,,,,,,,,,,,,,,,,,,,,,,,,,,,,,,,,,,,,,,,,,,,,,,,,,,,,,,,,,,,,,,,,,,,,,,None,None,,,,,,,,,,,,,,,,,,,,,,,,,,,,,,,,,1.0,JeweledGauntlet,,
2,EUW1_5972048782,TFT6_Augment_Meditation2,TFT7_Augment_BestFriends2,TFT7_Augment_GadgetExpert,,,1.0,1.0,,,1.0,,0.0,,1.0,0.0,0.0,1.0,,1.0,,,,,0.0,1.0,1.0,,2.0,1.0,,0.0,,,,,,,,,2.0,SpearOfShojin,ArchangelsStaff,ArchangelsStaff,,,,,,,,,2.0,TitanicHydra,,,,,,,,,,,,,,,,,,,,,,,,,,,,,,,,,,,,,,,,,,,,,,,1.0,,,,,,,,,,,,,,,,,,,,,,,,,,,,,,,,2.0,,,,,,,,,,,,,,,,,,,,,,,,2.0,Morellonomicon,FrozenHeart,MadredsBloodrazor,,,,,,,,,,,,,,,,,,,,,,,,,,,,,,,,,,,,,,,,,2.0,,,,,,,,2.0,GargoyleStoneplate,TitanicHydra,DragonsClaw,,,,,,,,,,,,,,,,,3.0,TrainerSnax,None,None,,,,,,,,,,,,,,,,,,,,,,,,,,,,,,,,,2.0,StatikkShiv,GuardianAngel,Zephyr
7,EUW1_5972048782,TFT6_Augment_JeweledLotus,TFT6_Augment_ThrillOfTheHunt2,TFT6_Augment_ComponentGrabBag,,1.0,,1.0,,,1.0,,1.0,,1.0,,,1.0,,0.0,,,,,,,,,,1.0,,0.0,,,,,,,,,,,,,,,,,1.0,MageEmblemItem,HextechGunblade,MadredsBloodrazor,,,,,,,,,,,,,,,,,,,,,,,,,,,,,,,,,,,,,,,,,,,,,,,,,2.0,,,,3.0,BrambleVest,RedBuff,ZekesHerald,,,,,,,,,,,,,,,,,,,,,,,,,2.0,,,,,,,,,,,,,,,,,,,,,,,,,,,,,,,,,,,,2.0,InfinityEdge,ArchangelsStaff,SpearOfShojin,,,,,,,,,,,,,,,,,,,,,,,,,,,,,,,,,,,,,1.0,ThiefsGloves,NeedlesslyLargeRod,GuardianAngel,,,,,,,,,,,,,,,,,2.0,TrainerSnax,None,None,,,,,,,,,,,,,,,,,,,,,,,,,,,,,,,,,,,,
5,EUW1_5973050535,TFT6_Augment_MetabolicAccelerator,TFT6_Augment_Distancing2,TFT6_Augment_ComponentGrabBag,1.0,,,1.0,,0.0,,0.0,,,2.0,,0.0,,0.0,,1.0,,,,,,,1.0,1.0,,1.0,,,,,,,,,,,,,,,,,,,,,,,,,,,,,,,,,,,,,,,,,,,,,,,,,,,,,,,,,,,,,,,,,,2.0,,,,,,,,,,,,,,,,,,,,,,,,,,,,,,,,,,,,,,,,,,,,,,,,,,,,,,,,,,,,2.0,,,,,,,,2.0,,,,,,,,,,,,,,,,,,,,2.0,TearOfTheGoddess,Shroud,,,,,,,,,,,,,,,,,,,,,,,,,,,,,,2.0,InfinityEdge,RedBuff,FrozenHeart,,,,,,,,,,,None,None,,,,,2.0,RapidFireCannon,,,,,,,,,,,,,,,1.0,GuinsoosRageblade,RunaansHurricane,MadredsBloodrazor,1.0,GuardianAngel,RabadonsDeathcap,,,,,,,,,
6,EUW1_5973050535,TFT7_Augment_UrfsGrabBag1,TFT7_Augment_ClutteredMind,TFT6_Augment_CyberneticUplink2,,0.0,,1.0,,,1.0,,0.0,,,,,2.0,,1.0,,,,,0.0,1.0,,,1.0,1.0,,0.0,,,,,,,,,1.0,SpearOfShojin,ArchangelsStaff,MageEmblemItem,,,,,,,,,,,,,,,,,,,,,,,,,,,,,,,,,,,,,,,,,,,,,,,,,,,,,,,,,1.0,,,,1.0,,,,,,,,,,,,,,,,,,,,,,,,,,,,2.0,,,,3.0,StatikkShiv,HextechGunblade,,,,,,,,,,,,,,,,,,,,,,,,,,,,,,,,,,,,,,,,,,,,,,,,,,,,,,,,,,,,,,,,,,,,,,2.0,WarmogsArmor,RedBuff,DragonsClaw,,,,,,,,,,,,,,,,,2.0,TrainerSnax,None,None,,,,,,,,,,,,,,,,,,,,,,,,,,,,,,,,,1.0,ThiefsGloves,RecurveBow,StatikkShiv
8,EUW1_5973050535,TFT6_Augment_Twins2,TFT7_Augment_Preparation2,TFT6_Augment_CelestialBlessing2,,1.0,,1.0,,0.0,,,,,,,,3.0,,0.0,,,0.0,,0.0,1.0,,,,0.0,,0.0,,,,,,,,,,,,,,,,,,,,,,,,,,,,,,,,,,,,,,,,,,,,,,,,,,,,,,,,,,,,,,,,,,,,,2.0,,,,2.0,MageEmblemItem,IonicSpark,,,,,,,,,,,,,,,,,,,,,,2.0,,,,,,,,3.0,ArchangelsStaff,SpearOfShojin,RabadonsDeathcap,,,,,,,,,,,,,,,,,,,,,,,,,,,,,,,,,,,,,,,,,,,,,,,,,,,,,,,,,,,,,,,,,,,,,1.0,GargoyleStoneplate,,,,,,,,,,,,,,,,,,,,,None,None,,,,,,,,,,,,,3.0,TitanicHydra,,,,,,,,,,,,,,,,,,,1.0,,,
7,EUW1_5973050535,TFT6_Augment_ClearMind,TFT6_Augment_TargetDummies,TFT7_Augment_CannoneerRicochet,,,,,3.0,,1.0,,1.0,0.0,,,,0.0,,0.0,,2.0,,,1.0,1.0,,,,1.0,,,,,,,,,,,,,,,,,,,,,,,,,,,,,,,2.0,ShimmerscaleGamblersBlade,UnstableConcoction,,,,,,,,,,2.0,BrambleVest,GargoyleStoneplate,FrozenHeart,,,,,,,,,,,,,,,,,,,,,,,,,,,,,,,,,1.0,,,,,,,,,,,,,,,,,,,,,,,,1.0,,,,,,,,,,,,,,,,,,,,,,,,,,,,,,,,,,,,,,,,,,,,,,,,,,,,,,,,,,,,,,,,1.0,RabadonsDeathcap,CannoneerEmblemItem,,,,,,,,,,,,,,,,,,,,,,,,,,,,,,3.0,TrainerSnax,None,None,2.0,ThiefsGloves,GiantsBelt,WarmogsArmor,,,,,,,,,,,,,,,,,,,,,,,,,,,,,1.0,,,
4,EUW1_5973050535,TFT6_Augment_Traitless2,TFT7_Augment_GadgetExpert,TFT6_Augment_MakeshiftArmor2,,,1.0,0.0,0.0,0.0,,0.0,,,1.0,0.0,0.0,,0.0,0.0,0.0,0.0,,0.0,,,1.0,0.0,0.0,,0.0,,,,,,,,,,,,,,,,,,,,,,1.0,ZekesHerald,ZekesHerald,,,,,,2.0,StatikkShiv,GuinsoosRageblade,StatikkShiv,,,,,,,,,,,,,,,,,,,,,,,,,,,,,,,,,2.0,,,,,,,,,,,,,,,,,,,,,,,,,,,,,,,,,,,,,,,,,,,,2.0,,,,,,,,,,,,,,,,2.0,DragonsClaw,WarmogsArmor,TitanicHydra,,,,,,,,,,,,,,,,,,,,,,,,,,,,,,,,,,,,,,,,,1.0,,,,,,,,,,,,,,,,,,,,,,,,,,,,,,None,None,,,,,,,,,,,,,,,,,,,,,2.0,Quicksilver,GuinsoosRageblade,GuinsoosRageblade,1.0,,,,,,,,,,,
1,EUW1_5973050535,TFT7_Augment_Preparation2,TFT6_Augment_Electrocharge2,TFT6_Augment_Distancing2,,1.0,,2.0,,,1.0,,,0.0,,,,0.0,,,,,,1.0,,,,,,,,3.0,,,,,,,,,,,,,,,,,,,,,,,,,,,,,,,,,,,,,,,,,,,,,,,,,2.0,Bloodthirster,BrambleVest,SpearOfShojin,3.0,JeweledGauntlet,Quicksilver,InfinityEdge,,,,,,,,,,,,,,,,,3.0,Morellonomicon,IonicSpark,FrozenHeart,,,,,,,,,,,,,,,,,,,,,,,,,,,,,,,,,,,,,3.0,Quicksilver,GuinsoosRageblade,MadredsBloodrazor,,,,,,,,,,,,,,,,,,,,,,,,,,,,,,,,,,,,,,,,,,,,,3.0,,,,,,,,,,,,,,,,2.0,,,,,,,,,,,,,,,,2.0,,,,,,None,None,,,,,,,,,,,,,,,,,,,,,,,,,,,,,,,,,,,,
2,EUW1_5973050535,TFT6_Augment_PortableForge,TFT6_Augment_CelestialBlessing2,TFT7_Augment_UrfsGrabBag1,3.0,,,2.0,,,1.0,,,,1.0,,0.0,,,,0.0,,0.0,,,,,0.0,1.0,,1.0,2.0,,,,,,,,,,,,,,,,,,,,,,,,,,,,,,,,,1.0,,,,,,,,,,,,,,,,2.0,AssassinEmblemItem,OrnnInfinityForce,MadredsBloodrazor,,,,,,,,,,,,,,,,,,,,,,,,,,,,,,,,,,,,,,,,,,,,,,,,,,,,,,,,,,,,,,,,,,,,,3.0,InfinityEdge,AssassinEmblemItem,Deathblade,1.0,WarmogsArmor,GargoyleStoneplate,,2.0,SwiftshotEmblemItem,,,2.0,LocketOfTheIronSolari,,,,,,,,,,,,,,,,,,,1.0,NegatronCloak,,,,,,,,,,,,,,,,,,,,,,,,,,,,,,,2.0,ZekesHerald,InfinityEdge,Bloodthirster,,,,,,,,,,,None,None,,,,,,,,,,,,,,,,,,,,,,,,,,,,,,,,,,,,
3,EUW1_5973050535,TFT6_Augment_TrueTwos,TFT6_Augment_CelestialBlessing2,TFT6_Augment_SunfireBoard,1.0,,,1.0,,1.0,,0.0,,,3.0,,0.0,,0.0,,1.0,,,,,,,1.0,1.0,,1.0,,,,,,,,,,,,,,,,,,,,,,,,,,,,,,,,,,,,,,,,,,,,,,,,,,,,,,,,,,,,,,,,,,2.0,,,,,,,,,,,,,,,,,,,,,,,,,,,,,,,,,,,,,,,,,,,,,,,,,,,,,,,,,,,,1.0,,,,,,,,2.0,FrozenHeart,,,,,,,2.0,,,,,,,,,,,,2.0,,,,,,,,,,,,,,,,,,,,,,,,,,,,,,,,2.0,Deathblade,FrozenHeart,MadredsBloodrazor,,,,,,,,,,,None,None,,,,,2.0,,,,,,,,,,,,,,,,2.0,GuinsoosRageblade,UnstableConcoction,InfinityEdge,2.0,Quicksilver,RedBuff,UnstableConcoction,,,,,,,,
1,EUW1_5971967673,TFT6_Augment_RichGetRicher,TFT6_Augment_Meditation3,TFT6_Augment_SecondWind2,,,,1.0,,,1.0,0.0,0.0,,,,0.0,1.0,0.0,0.0,,,,,0.0,1.0,,,2.0,1.0,0.0,0.0,,,,,,,,,2.0,SpearOfShojin,NeedlesslyLargeRod,TitansResolve,,,,,,,,,,,,,,,,,,,,,,,,,,,,,,,,,,,,,,,,,,,,,,,,,,,,,,,,,2.0,Zephyr,,,,,,,,,,,,,,,,,,,,,,,,,,,,,,,2.0,,,,,,,,,,,,,,,,,,,,,,,,2.0,,,,,,,,,,,,,,,,,,,,,,,,,,,,,,,,,,,,,,,,,,,,,,,,,,,,2.0,GargoyleStoneplate,BrambleVest,IonicSpark,,,,,,,,,,,,,,,,,4.0,TrainerSnax,None,None,,,,,,,,,,,,,,,,,,,,,,,,,2.0,GuardianAngel,UnstableConcoction,UnstableConcoction,,,,,2.0,,,
3,EUW1_5971967673,TFT6_Augment_SalvageBin,TFT6_Augment_MaxLevel10,TFT6_Augment_ComponentGrabBag,1.0,,,1.0,,0.0,,0.0,,,2.0,,0.0,,0.0,,1.0,,,,,,,2.0,1.0,,1.0,,,,,,,,,,,,,,,,,,,,,,,,,,,,,,,,,,,,,,,,,,,,,,,,,,,,,,,,,,1.0,,,,,,,,2.0,Zephyr,NeedlesslyLargeRod,Redemption,,,,,,,,,,,,,,,,,,,,,,,,,,,,,,,,,,,,,,,,,,,,,,,,,,,,,,,,,1.0,WarmogsArmor,BrambleVest,,,,,,2.0,,,,,,,,,,,,,,,,,,,,2.0,,,,,,,,,,,,,,,,,,,,,,,,,,,,,,,,2.0,Deathblade,Deathblade,SwiftshotEmblemItem,,,,,,,,,,,None,None,,,,,2.0,,,,,,,,,,,,,,,,2.0,GuinsoosRageblade,Quicksilver,MadredsBloodrazor,2.0,ThiefsGloves,LocketOfTheIronSolari,GargoyleStoneplate,,,,,,,,
8,EUW1_5971967673,TFT7_Augment_MirageEmblem,TFT6_Augment_CyberneticUplink3,TFT6_Augment_CyberneticShell2,0.0,,1.0,,,2.0,1.0,,,0.0,3.0,,,,3.0,0.0,0.0,,,,,,,,,,,,,,,,,,,,,,,,,,,,,,,,1.0,NeedlesslyLargeRod,,,,,,,,,,,,,,,1.0,JeweledGauntlet,MadredsBloodrazor,GuinsoosRageblade,,,,,,,,,,,,,,,,,,,,,,,,,2.0,TearOfTheGoddess,,,,,,,,,,,,,,,,,,,,,,,,,,,2.0,BFSword,,,,,,,,,,,,,,,,,,,,,,,2.0,RedBuff,IonicSpark,,,,,,,,,,,,,,,,,,,,,,1.0,SparringGloves,,,,,,,,,,,,,,,,,,,,,,,,,,,,,,,,,,,,,,,,,,,1.0,MirageEmblemItem,,,,,,,,,,,,,None,None,,,,,,,,,,,,,,,,,,,,,,,,,,,,,,,,,,,,
7,EUW1_5971967673,TFT6_Augment_CyberneticUplink2,TFT6_Augment_GrandGambler,TFT7_Augment_UrfsGrabBag1,,1.0,1.0,1.0,,,,,0.0,,2.0,0.0,,1.0,,2.0,,,,,,,1.0,1.0,,1.0,,0.0,,,,,,,,,,,,,,,,,,,,,1.0,,,,,,,,,,,,,,,,,,,,,,,,,,,,,,,,,,,,,,,,,,,,,,,,2.0,ForceOfNature,,,3.0,Redemption,GargoyleStoneplate,TitansResolve,,,,,,,,,,,,,,,,,,,,,,,,,2.0,,,,3.0,LocketOfTheIronSolari,,,,,,,,,,,,,,,,,,,,,,,,,,,,,,,,,,,,,,,,,,,,,,,,,,,,,,,,,,,,,,,1.0,,,,,,,,2.0,RedBuff,,,,,,,,,,,,,,,,,,,1.0,TrainerSnax,None,None,,,,,2.0,,,,3.0,RunaansHurricane,GuinsoosRageblade,GuardianAngel,,,,,,,,,,,,,,,,,,,,,,,,
6,EUW1_5971967673,TFT6_Augment_CyberneticImplants2,TFT6_Augment_Distancing3,TFT6_Augment_CelestialBlessing2,,,,1.0,,,1.0,,0.0,0.0,,0.0,0.0,0.0,,0.0,,,0.0,0.0,,,1.0,,2.0,1.0,,,,,,,,,,,1.0,MadredsBloodrazor,StatikkShiv,RabadonsDeathcap,,,,,,,,,,,,,2.0,GargoyleStoneplate,BruiserEmblemItem,,,,,,,,,,,,,,,,,,,,,,,,,,,,,,,,,,,,,,,,,,2.0,,,,,,,,,,,,,,,,,,,,,,,,,,,,,,,,2.0,,,,,,,,2.0,ThiefsGloves,InfinityEdge,MadredsBloodrazor,,,,,,,,,,,,,2.0,GargoyleStoneplate,IonicSpark,,,,,,,,,,,,,,,,,,,,,,,,,,,,,,,,,,,,,,,,,,1.0,RabadonsDeathcap,GuinsoosRageblade,,,,,,,,,,,,,,,,,,,,,,,,,,3.0,TrainerSnax,None,None,,,,,,,,,,,,,,,,,,,,,,,,,,,,,,,,,,,,
5,EUW1_5971967673,TFT6_Augment_CelestialBlessing2,TFT7_Augment_RevelEmblem2,TFT6_Augment_CyberneticShell2,,,,1.0,1.0,,1.0,,1.0,,,,0.0,,1.0,0.0,,3.0,,,,,,,0.0,1.0,,,,,,,,,,,,,,,,,,,,,,,,,,,,,,,2.0,,,,,,,,2.0,RapidFireCannon,Quicksilver,RevelEmblemItem,,,,,,,,,,,,,,,,,,,,,,,,,,,,,,,,,,,,,,,,,,,,,,,,,,,,,,,,,,,,,2.0,Chalice,ZekesHerald,,,,,,,,,,,,,,,,,,,,,,1.0,WarmogsArmor,GuardianAngel,,,,,,,,,,,,,,,,,,,,,,,,,,,,,,,,,,,,,,2.0,StatikkShiv,SpearOfShojin,RapidFireCannon,,,,,,,,,,,,,2.0,Redemption,,,,,,,,,,,,,,,4.0,TrainerSnax,None,None,2.0,,,,,,,,,,,,,,,,,,,,,,,,,,,,,,,,,,,
2,EUW1_5971967673,TFT6_Augment_CelestialBlessing2,TFT6_Augment_CelestialBlessing3,TFT6_Augment_Ascension,1.0,0.0,,1.0,,,1.0,,,,,,0.0,0.0,,,,,,1.0,,,,,1.0,,,3.0,,,,,,,,,,,,,,,,,,,,,,,,,,,,,,,,,,,,,,,,,,,,,,,,,2.0,GuardianAngel,RapidFireCannon,RunaansHurricane,2.0,,,,,,,,,,,,,,,,,,,,,,,,,,,,,,,,,,,,,,,,,,,,,,,,,,,,,,,,,,,,3.0,Deathblade,GuinsoosRageblade,Quicksilver,,,,,,,,,1.0,,,,2.0,RedBuff,Quicksilver,,2.0,,,,,,,,,,,,,,,,,,,,,,,,,,,,,,,,,,,,,,,,,,,,2.0,RedBuff,DragonsClaw,,,,,,,,,,,,,,,,,,,,None,None,,,,,,,,,,,,,,,,,,,,,,,,,,,,,,,,,,,,
4,EUW1_5971967673,TFT6_Augment_TradeSector,TFT6_Augment_ForceOfNature,TFT6_Augment_PortableForge,1.0,,1.0,1.0,,1.0,,,,,4.0,,0.0,,,0.0,1.0,,,,,,,1.0,1.0,,0.0,,,,,,,,,,,,,,,,,,,,,,1.0,,,,,,,,,,,,,,,,,,,,,,,,,,,,,,,,,,,,,,,,,,,,2.0,Quicksilver,,,,,,,,,,,,,,,,,,,,,,,,,,,,,,,,,,,,,,,,,,,,,,,,,,,,,,,,,,,1.0,WarmogsArmor,WarmogsArmor,OrnnEternalWinter,,,,,2.0,,,,,,,,2.0,,,,,,,,,,,,2.0,,,,,,,,,,,,,,,,,,,,,,,,,,,,,,,,2.0,FrozenHeart,Deathblade,LastWhisper,,,,,,,,,,,None,None,,,,,2.0,,,,,,,,,,,,,,,,2.0,MadredsBloodrazor,GuinsoosRageblade,Quicksilver,,,,,,,,,,,,
6,EUW1_5971921801,TFT6_Augment_MakeshiftArmor2,TFT7_Augment_BandOfThieves1,TFT7_Augment_BestFriends1,1.0,0.0,,2.0,,,1.0,0.0,,,1.0,,0.0,,0.0,,0.0,,,,,,,,1.0,,1.0,1.0,,,,,,,,,,,,,,,,,,,,,,,,,,,,,,,,,,,,,,,,,,,,,,,,,1.0,Bloodthirster,TitansResolve,MadredsBloodrazor,,,,,,,,,,,,,,,,,,,,,2.0,ZekesHerald,,,,,,,,,,,,,,,,,,,,,,,,,,,,,,,,,,,,,,,,,,,,,,,,,,,1.0,,,,,,,,1.0,,,,,,,,,,,,,,,,,,,,2.0,,,,,,,,,,,,,,,,,,,,,,,,,,,,,,,,1.0,RedBuff,FrozenHeart,SpearOfShojin,,,,,,,,,,,None,None,,,,,,,,,,,,,,,,,,,,,,,,,1.0,ThiefsGloves,RapidFireCannon,Bloodthirster,,,,,,,,
3,EUW1_5971921801,TFT6_Augment_SecondWind2,TFT6_Augment_Recombobulator,TFT7_Augment_BestFriends1,1.0,,1.0,2.0,,,1.0,0.0,,,2.0,,0.0,0.0,0.0,0.0,0.0,,,,,,,,1.0,,1.0,2.0,,,,,,,,,,,,,,,,,,,,,1.0,,,,,,,,,,,,,,,,,,,,,,,,,,,,2.0,TitansResolve,Bloodthirster,UnstableConcoction,,,,,,,,,,,,,,,,,,,,,,,,,,,,,,,,,,,,,,,,,,,,,,,,,,,,,,,,,,,,,,,,,,,,,,,,,2.0,GiantsBelt,,,,,,,1.0,,,,,,,,,,,,,,,,,,,,2.0,,,,,,,,,,,,,,,,,,,,,,,,2.0,,,,,,,,2.0,InfinityEdge,UnstableConcoction,RedBuff,,,,,,,,,,,None,None,,,,,,,,,,,,,,,,,,,,,,,,,1.0,UnstableConcoction,Bloodthirster,,,,,,,,,
8,EUW1_5971921801,TFT6_Augment_CyberneticShell2,TFT6_Augment_Distancing,,,,,1.0,1.0,0.0,,,0.0,,1.0,,,0.0,,0.0,,1.0,,,,,,,,1.0,,0.0,,,,,,,,,,,,,,,,,,,,,,,,,,,,,,,,,,,,,,,,,,,,,,,,,,,,,,,,,,,,,,,,,,,,,,,,,,,,,2.0,RecurveBow,,,,,,,,,,,,,,,,,,,,,,,1.0,,,,,,,,,,,,,,,,,,,,,,,,,,,,,,,,,,,,,,,,1.0,RecurveBow,,,,,,,,,,,,,,,,,,,,,,,,,,,,,,,,,,,1.0,,,,1.0,WarmogsArmor,,,,,,,,,,,,,,,1.0,TrainerSnax,None,None,2.0,UnstableConcoction,,,,,,,,,,,,,,,,,,,,,,,,,,,,,,,,,,
4,EUW1_5971921801,TFT7_Augment_ShimmerscaleTrait,TFT6_Augment_Diversify1,TFT6_Augment_CelestialBlessing1,0.0,,1.0,,0.0,,1.0,0.0,,1.0,1.0,,0.0,0.0,,0.0,0.0,0.0,,,4.0,1.0,,,,,0.0,0.0,2.0,,,,,,,,,,,,,,,,,,,,2.0,,,,,,,,2.0,ShimmerscaleDravensAxe,ShimmerscaleGamblersBlade,RapidFireCannon,,,,,,,,,2.0,DragonsClaw,ShimmerscaleMogulsMail,RedBuff,,,,,,,,,,,,,,,,,,,,,,,,,,,,,,,,,,,,,,,,,2.0,FrozenHeart,ZekesHerald,PowerGauntlet,,,,,,,,,,,,,,,,,,,,,,,,,,,,,,,,,,,,,,,,,,,,,,,,,,,,,,,,,,,,,,,,,,,,,,,,,,,,,,,,,,,,,,,,,,,,,,,,,,,,,,,,,2.0,ShimmerscaleEmblemItem,WarmogsArmor,TitanicHydra,,,None,None,,,,,,,,,,,,,,,,,2.0,,,,,,,,,,,,,,,,1.0,SeraphsEmbrace,ShimmerscaleHeartOfGold,ShimmerscaleCrownOfChampions
2,EUW1_5971921801,TFT7_Augment_UrfsGrabBag1,TFT6_Augment_ItemGrabBag1,TFT6_Augment_CelestialBlessing1,3.0,,,1.0,,,,0.0,,,1.0,,0.0,0.0,0.0,,,,1.0,,,,,,1.0,,1.0,1.0,,,,,,,,,,,,,,,,,,,,,,,,,,,,,,,,,1.0,,,,,,,,,,,,,,,,,,,,,,,,,,,,,,,,,,,,,,,,,,,,,,,,,,,,,,,,,,,,,,,,,,,,,,,,,,,,,,,,,,,,,,,,2.0,InfinityEdge,AssassinEmblemItem,RapidFireCannon,1.0,,,,1.0,Chalice,Morellonomicon,RabadonsDeathcap,2.0,,,,,,,,,,,,,,,,,,,,,,,,,,,,,,,,,,,,,,,,,,,,2.0,GiantsBelt,,,,,,,2.0,InfinityEdge,FrozenHeart,IonicSpark,,,,,,,,,,,None,None,,,,,,,,,,,,,,,,,,,,,,,,,2.0,AssassinEmblemItem,UnstableConcoction,SeraphsEmbrace,,,,,,,,
5,EUW1_5971921801,TFT7_Augment_Bloodlust1,TFT7_Augment_BruiserTrait,TFT6_Augment_CyberneticImplants1,,,,2.0,1.0,,1.0,,1.0,,,,,0.0,,0.0,0.0,1.0,,,,,,,,1.0,0.0,2.0,,,,,,,,,,,,,,,,,,,,,,,,,,,,,1.0,GuinsoosRageblade,StatikkShiv,UnstableConcoction,,,,,,,,,,,,,,,,,1.0,Bloodthirster,FrozenHeart,GuinsoosRageblade,,,,,,,,,,,,,,,,,,,,,,,,,,,,,,,,,,,,,,,,,,,,,,,,,2.0,,,,,,,,,,,,,,,,,,,,,,,,,,,,,,,,,,,,,,,,,,,,,,,,,,,,2.0,RedBuff,,,,,,,,,,,1.0,,,,,,,,,,,,1.0,,,,,,,,,,,,,,,,,,,,3.0,TrainerSnax,None,None,2.0,PowerGauntlet,,,,,,,,,,,,,,,,,,,,,,,,,,,,,,,,,,
7,EUW1_5971921801,TFT7_Augment_EvokerEmblem,TFT7_Augment_EvokerTrait,TFT6_Augment_SecondWind1,,0.0,,1.0,,,,,2.0,,1.0,,,1.0,,0.0,,0.0,,,0.0,1.0,,,,1.0,,0.0,,,,,,,,,,,,,,,,,,,,,,,,,,,,,,,,,,,,,,,,,,,,,,,,,,,,,,,,,,,,,,,,,,,,,1.0,,,,,,,,,,,,,,,,,,,,,,,,,,,,,,,,2.0,Shroud,,,,,,,,,,,,,,,,,,,,,,,,,,,,,,,,,,,3.0,SpearOfShojin,MadredsBloodrazor,EvokerEmblemItem,,,,,,,,,,,,,,,,,,,,,2.0,RedBuff,IonicSpark,,2.0,,,,,,,,,,,,2.0,BrambleVest,TitansResolve,,,,,,,,,,,,,,,,,,2.0,TrainerSnax,None,None,,,,,,,,,,,,,,,,,,,,,,,,,,,,,,,,,1.0,,,
1,EUW1_5971921801,TFT7_Augment_BruiserPersonalTraining,TFT6_Augment_SecondWind1,TFT7_Augment_ShapeshifterTrait,0.0,,,1.0,,,1.0,0.0,,,,1.0,,0.0,,,,,,2.0,,,,0.0,,,,3.0,,,,,,,,,,,,,1.0,,,,,,,,,,,,,,,,,,,,,,,,,,,,,,,,,,,,2.0,Bloodthirster,TitansResolve,Quicksilver,3.0,GuinsoosRageblade,UnstableConcoction,Quicksilver,,,,,2.0,TitanicHydra,,,,,,,,,,,,,,,,,,,,,,,,,,,,,,,,,,,,,,,,,,,,,,,2.0,FrozenHeart,WarmogsArmor,,,,,,,,,,,,,,,,,,1.0,FrozenHeart,,,,,,,,,,,,,,,,,,,,,,,,,,,,,,,,,,,,,,,,,,,,,,,2.0,,,,,,,,,,,,,,,,,,,,,,None,None,,,,,,,,,,,,,,,,,,,,,,,,,,,,,,,,,,,,
2,EUW1_5970886692,TFT7_Augment_RevelEmblem2,TFT7_Augment_BestFriends1,TFT6_Augment_CyberneticShell2,,,,1.0,1.0,0.0,1.0,,0.0,,,,0.0,,1.0,,0.0,4.0,,,,,,,0.0,,,,,,,,,,,,,,,,,,,,,,,,,,,,,,,,2.0,MadredsBloodrazor,StatikkShiv,,,,,,2.0,RevelEmblemItem,StatikkShiv,GuinsoosRageblade,,,,,,,,,,,,,,,,,,,,,,,,,2.0,,,,,,,,,,,,1.0,,,,,,,,,,,,,,,,,,,,,,,,,,,,,,,,,,,,,,,,,,,,,,,,2.0,FrozenHeart,IonicSpark,,,,,,,,,,,,,,,,,,,,,,,,,,,,,,,,,,,,,,1.0,Morellonomicon,,,,,,,,,,,,,,,2.0,GargoyleStoneplate,RedBuff,GargoyleStoneplate,,,,,,,,,,,,,,,None,None,,,,,,,,,,,,,,,,,,,,,,,,,,,,,,,,,,,,
1,EUW1_5970886692,TFT7_Augment_LivingForge,TFT6_Augment_CelestialBlessing1,TFT6_Augment_Ascension,,0.0,1.0,,,,1.0,,0.0,,1.0,2.0,,,,2.0,,,,2.0,,,1.0,,,0.0,,0.0,,,,,,,,,,,,,,,,,,,,,1.0,,,,,,,,,,,,,,,,,,,,,,,,2.0,GuardianAngel,RunaansHurricane,OrnnAnimaVisage,,,,,1.0,,,,,,,,2.0,ThiefsGloves,,,,,,,,,,,,,,,,,,,,,,,,,,,,,,,,,,,,,,,2.0,,,,,,,,2.0,WarmogsArmor,RedBuff,OrnnEternalWinter,3.0,Quicksilver,GuinsoosRageblade,OrnnZhonyasParadox,,,,,,,,,,,,,,,,,,,,,,,,,,,,,,,,,,,,,,,,,,,,,,,,,,,,,1.0,ArchangelsStaff,Quicksilver,,,,,,,,,,,,,,,,,,,,,,,,,,,,None,None,,,,,,,,,,,,,,,,,,,,,,,,,,,,,,,,,,,,
5,EUW1_5970886692,TFT7_Augment_LivingForge,TFT6_Augment_Weakspot,TFT7_Augment_CannoneerHotShot,,,,,2.0,,1.0,,1.0,0.0,,,,,,0.0,,2.0,,,1.0,,,,,1.0,,,,,,,,,,,,,,,,,,,,,,,,,,,,,,,2.0,OrnnDeathsDefiance,RunaansHurricane,InfinityEdge,,,,,,,,,1.0,OrnnEternalWinter,GargoyleStoneplate,ShimmerscaleHeartOfGold,,,,,,,,,,,,,,,,,,,,,,,,,,,,,,,,,2.0,ZekesHerald,Redemption,,,,,,,,,,,,,,,,,,,,,,2.0,Shroud,,,,,,,,,,,,,,,,,,,,,,,,,,,,,,,,,,,,,,,,,,,,,,,,,,,,,,,,,,,,,,,2.0,SpearOfShojin,StatikkShiv,,,,,,,,,,,,,,,,,,,,,,,,,,,,,,3.0,TrainerSnax,None,None,2.0,,,,,,,,,,,,,,,,,,,,,,,,,,,,,,,,,,,
4,EUW1_5970886692,TFT7_Augment_ScalescornEmblem2,TFT6_Augment_PandorasItems,TFT6_Augment_ThrillOfTheHunt2,2.0,,,1.0,,,,,,1.0,1.0,,,,0.0,,0.0,,2.0,,,,,,0.0,,1.0,,,,,,,,,,,,,,,,,,,,,,,,,,2.0,,,,,,,,2.0,TitansResolve,InfinityEdge,MadredsBloodrazor,,,,,,,,,,,,,,,,,,,,,,,,,,,,,,,,,,,,,,,,,,,,,,,,,,,,,,,,,2.0,,,,,,,,,,,,,,,,,,,,,,,,,,,,2.0,InfinityEdge,AssassinEmblemItem,TitansResolve,,,,,,,,,2.0,IonicSpark,NeedlesslyLargeRod,GargoyleStoneplate,,,,,,,,,,,,,,,,,2.0,,,,,,,,,,,,,,,,,,,,,,,,,,,,,,,,2.0,FrozenHeart,ScalescornEmblemItem,MadredsBloodrazor,,,,,,,,,,,None,None,,,,,,,,,,,,,,,,,,,,,,,,,,,,,,,,,,,,
7,EUW1_5970886692,TFT7_Augment_CannoneerEmblem2,TFT6_Augment_CelestialBlessing1,TFT7_Augment_JadePenitence,,,,,2.0,,1.0,,1.0,,,2.0,0.0,,,0.0,,3.0,,1.0,,,,,,,,,,,,,2.0,RevelEmblemItem,,,,,,,,,,,,,,,,,,,,,,,2.0,HextechGunblade,LastWhisper,RunaansHurricane,,,,,,,,,,,,,1.0,GuardianAngel,CannoneerEmblemItem,Bloodthirster,,,,,,,,,,,,,2.0,,,,,,,,,,,,,,,,2.0,,,,,,,,,,,,,,,,,,,,,,,,,,,,,,,,1.0,WarmogsArmor,,,,,,,,,,,,,,,,,,,,,,,,,,,,,,,,,,,,,,,,,,,,,,,,,,,,,,,2.0,SpearOfShojin,GuinsoosRageblade,,,,,,,,,,,,,,,,,,,,,,,,,,,,,,,,None,None,,,,,,,,,,,,,,,,,,,,,,,,,,,,,,,,,,,,
3,EUW1_5970886692,TFT7_Augment_UrfsGrabBag2,TFT6_Augment_PandorasItems,TFT7_Augment_BruiserEmblem,2.0,0.0,,3.0,,,,,,,,,0.0,0.0,,,0.0,,1.0,,,,,,1.0,,1.0,1.0,,,,,,,,,,,,,,,,,,,,,,,,,,,,,,,,,2.0,FrozenHeart,IonicSpark,BruiserEmblemItem,,,,,,,,,,,,,,,,,,,,,,,,,,,,,,,,,,,,,1.0,,,,,,,,,,,,,,,,,,,,,,,,,,,,,,,,,,,,,,,,,,,,,,,,3.0,InfinityEdge,AssassinEmblemItem,RunaansHurricane,2.0,Morellonomicon,,,1.0,ZekesHerald,MadredsBloodrazor,LocketOfTheIronSolari,2.0,ZekesHerald,GuinsoosRageblade,,,,,,,,,,,,,,,,,,2.0,,,,,,,,,,,,,,,,,,,,,,,,2.0,,,,,,,,,,,,,,,,,,,,,,None,None,,,,,,,,,,,,,,,,,,,,,,,,,,,,,,,,,,,,
8,EUW1_5970886692,TFT6_Augment_MaxLevel10,TFT7_Augment_ShimmerscaleEmblem,TFT6_Augment_CyberneticImplants2,1.0,,1.0,,,,1.0,1.0,,0.0,1.0,,0.0,0.0,0.0,0.0,0.0,,,0.0,3.0,1.0,,,,,0.0,0.0,,,,,,,,,,,,,,,,,,,,,2.0,,,,,,,,,,,,,,,,,,,,2.0,RedBuff,ShimmerscaleHeartOfGold,GargoyleStoneplate,,,,,,,,,,,,,,,,,,,,,,,,,,,,,,,,,,,,,,,,,2.0,RecurveBow,,,,,,,,,,,,,,,,,,,,,,,,,,,,,,,,,,,,,,,,,,,2.0,,,,,,,,,,,,,,,,,,,,,,,,,,,,,,,,,,,,,,,,,,,,1.0,ShimmerscaleEmblemItem,,,,,,,,,,,,,,,,,,,,,,,,,None,None,,,,,,,,,,,,,,,,,2.0,NeedlesslyLargeRod,,,,,,,1.0,UnstableConcoction,ShimmerscaleDiamondHands,GuinsoosRageblade,,,,,2.0,SparringGloves,ShimmerscaleGoldmancersStaff,ShimmerscaleGamblersBlade
6,EUW1_5970886692,TFT6_Augment_CyberneticShell3,TFT7_Augment_MirageTrait,TFT7_Augment_UrfsGrabBag1,,,,0.0,,2.0,1.0,0.0,,,,,,0.0,4.0,,0.0,,0.0,,,,,,,,1.0,,,,,,,,,,,,,,,,,,,,,,,,,,,,,,,,,,,,,,2.0,InfinityEdge,JeweledGauntlet,ArchangelsStaff,,,,,,,,,,,,,,,,,,,,,,,,,2.0,MirageEmblemItem,GargoyleStoneplate,DragonsClaw,,,,,,,,,,,,,,,,,,,,,,,,,,,,,2.0,,,,,,,,,,,,,,,,,,,,2.0,,,,,,,,,,,,,,,,,,,,,,,,,,,,,,,,,,,,2.0,RedBuff,,,,,,,,,,,,,,,,,,,,,,,,,,,,,,,,,,,,,,,,,,,,,None,None,,,,,,,,,,,,,,,,,,,,,,,,,1.0,SeraphsEmbrace,RabadonsDeathcap,,2.0,,,,,,,
1,EUW1_5970917428,TFT6_Augment_MakeshiftArmor1,TFT7_Augment_BestFriends2,TFT6_Augment_Diversify2,1.0,,1.0,1.0,,0.0,,0.0,,,3.0,,0.0,,0.0,0.0,1.0,,,,,,,1.0,0.0,,1.0,0.0,,,,,,,,,,,,,,,,,,,,,1.0,,,,,,,,,,,,,,,,,,,,,,,,,,,,,,,,,,,,,,,,,,,,2.0,Zephyr,NegatronCloak,FrozenHeart,,,,,,,,,,,,,,,,,,,,,,,,,,,,,,,,,,,,,,,,,,,,,,,,,,,,,,,,,2.0,,,,2.0,,,,,,,,,,,,,,,,,,,,,,,,2.0,,,,,,,,,,,,,,,,,,,,,,,,,,,,,,,,2.0,GuardianAngel,UnstableConcoction,RedBuff,,,,,,,,,,,None,None,,,,,1.0,,,,,,,,,,,,,,,,2.0,Quicksilver,MadredsBloodrazor,GuinsoosRageblade,2.0,Redemption,GuardianAngel,,,,,,,,,
2,EUW1_5970917428,TFT6_Augment_CyberneticUplink1,TFT6_Augment_PortableForge,TFT6_Augment_ComponentGrabBag,,,1.0,,1.0,,1.0,0.0,1.0,1.0,1.0,,,,0.0,1.0,,1.0,,,1.0,,,,,1.0,0.0,0.0,,,,,,,,,,,,,,,,,,,,,1.0,NeedlesslyLargeRod,,,,,,,2.0,InfinityEdge,LastWhisper,GuinsoosRageblade,,,,,,,,,2.0,WarmogsArmor,GargoyleStoneplate,WarmogsArmor,,,,,,,,,,,,,,,,,,,,,,,,,,,,,,,,,,,,,,,,,,,,,,,,,,,,,,,,,2.0,NegatronCloak,,,,,,,,,,,,,,,,,,,,,,,,,,,,,,,,,,,,,,,,,,,,,,,,,,,,,,,,,,,,,,,2.0,ShimmerscaleGoldmancersStaff,Zephyr,,,,,,,,,,,,,,,,,,,,,,,,,,2.0,OrnnRocketPropelledFist,Redemption,RedBuff,3.0,TrainerSnax,None,None,1.0,ThiefsGloves,PowerGauntlet,Shroud,,,,,,,,,,,,,,,,,,,,,1.0,MadredsBloodrazor,,,,,,,,,,
4,EUW1_5970917428,TFT6_Augment_ItemGrabBag1,TFT6_Augment_PortableForge,TFT6_Augment_CelestialBlessing2,,,1.0,0.0,,,,2.0,,,1.0,0.0,0.0,,0.0,0.0,0.0,,,0.0,0.0,,,0.0,1.0,,0.0,,,,,,,,,,,,,,2.0,StatikkShiv,,,,,,,2.0,SpearOfShojin,StatikkShiv,,,,,,,,,,,,,,,,,,,,,,,,,,,,,,,,,,,,,,,,,,,,,,,,,,,,,,,,,,2.0,,,,,,,,2.0,InfinityEdge,JeweledGauntlet,OrnnZhonyasParadox,,,,,,,,,,,,,,,,,,,,,,,,,,,,,,,,,2.0,GargoyleStoneplate,IonicSpark,Morellonomicon,,,,,,,,,,,,,,,,,,,,,,,,,,,,,,,,,,,,,,,,,,,,,1.0,,,,,,,,,,,,,,,,,,,,,,,,,,None,None,,,,,,,,,,,,,,,,,2.0,ThiefsGloves,SparringGloves,InfinityEdge,,,,,1.0,ThiefsGloves,PowerGauntlet,Shroud,,,,,,,,
3,EUW1_5970917428,TFT7_Augment_AFK,TFT7_Augment_MageConference,TFT6_Augment_CyberneticShell2,,0.0,1.0,1.0,,,1.0,,0.0,,1.0,,0.0,1.0,,2.0,,,,,0.0,1.0,,,2.0,0.0,,0.0,,,,,,,,,1.0,ArchangelsStaff,SpearOfShojin,Bloodthirster,,,,,,,,,1.0,,,,,,,,,,,,,,,,,,,,,,,,,,,,,,,,,,,,,,,,,,,,,,,,,,,,,,,,,,,,,,,,,,,,,,,,,,,,,,,,2.0,Chalice,PowerGauntlet,,3.0,,,,,,,,,,,,,,,,,,,,2.0,NegatronCloak,,,,,,,,,,,,,,,,,,,,,,,,,,,,,,,,,,,,,,,,,,,,,,,,,,,3.0,TitanicHydra,IonicSpark,GargoyleStoneplate,,,,,,,,,,,,,,,,,,,None,None,,,,,,,,,,,,,,,,,,,,,,,,,,,,,,,,,2.0,Shroud,,
5,EUW1_5970917428,TFT6_Augment_Distancing,TFT6_Augment_PortableForge,TFT7_Augment_GadgetExpert,0.0,,1.0,,0.0,1.0,,,0.0,,5.0,,,1.0,,1.0,,,0.0,,,,,0.0,,2.0,,,,,,,,,,,,,,,,,,,,,,,1.0,,,,,,,,,,,,,,,,,,,,,,,,,,,,,,,,,,,,,,,,,,,,,,,,2.0,,,,,,,,,,,,,,,,,,,,,,,,,,,,2.0,Shroud,,,1.0,SpearOfShojin,,,,,,,,,,,,,,,,,,,,,,,,,,,,,,,,,,,2.0,OrnnMuramana,SpearOfShojin,ArchangelsStaff,2.0,Shroud,RedBuff,,,,,,,,,,,,,,,,,,,,,,,,,,,,,,,,,,,,,,,,,,2.0,LastWhisper,BFSword,,,,,,,,,,4.0,TrainerSnax,None,None,2.0,StatikkShiv,StatikkShiv,,1.0,,,,,,,,,,,,,,,,,,,,,,,,,,,,,,,
6,EUW1_5970917428,TFT7_Augment_ShimmerscaleEmblem,TFT7_Augment_GadgetExpert,TFT6_Augment_ThrillOfTheHunt2,0.0,,,,,,1.0,1.0,,0.0,1.0,,0.0,0.0,,,1.0,,,0.0,3.0,1.0,,1.0,,,,,,,,,,,,,,,,,,,,,,,,,,,,,,,,,,,,,,,,,,,,,1.0,ShimmerscaleMogulsMail,GargoyleStoneplate,RedBuff,,,,,,,,,,,,,,,,,,,,,,,,,,,,,,,,,,,,,,,,,2.0,ShimmerscaleGamblersBlade,ZekesHerald,UnstableConcoction,,,,,,,,,,,,,,,,,,,,,,,,,,,,,,,,,,,,,,,,,,,,,,,,,,,,,,,,,,,,,,,,,,,,,,,,,,,,,,,,,,,,,2.0,GuinsoosRageblade,StatikkShiv,ShimmerscaleGoldmancersStaff,,,,,,,,,,,,,,,,,,,,,,,None,None,,,,,1.0,ShimmerscaleEmblemItem,DragonmancerEmblemItem,,,,,,,,,,2.0,,,,2.0,GuinsoosRageblade,ShimmerscaleDravensAxe,Quicksilver,,,,,,,,,1.0,JeweledGauntlet,,
8,EUW1_5970917428,TFT7_Augment_WarriorTrait,TFT7_Augment_UrfsGrabBag1,TFT7_Augment_WarriorEmblem,,,,2.0,,,,,,1.0,,,0.0,0.0,1.0,,0.0,,1.0,,0.0,,,,0.0,,3.0,0.0,2.0,,,,,,,,,,,,,,,,,,,,,,,,2.0,,,,,,,,,,,,,,,,,,,,,,,,,,,,,,,,,,,,,,,,,,,,,,,,,,,,,,,,,,,,,,,,,,,,2.0,WarriorEmblemItem,,,,,,,,,,,,,,,,,,,,,,,,,,,3.0,GuinsoosRageblade,UnstableConcoction,SparringGloves,1.0,,,,,,,,,,,,,,,,,,,,,,,,,,,,2.0,RedBuff,,,,,,,,,,,,,,,,,,,,,,,2.0,,,,,,,,,,,,,,,,,,,,,,None,None,,,,,,,,,,,,,,,,,,,,,,,,,,,,,3.0,HextechGunblade,,,,,,
7,EUW1_5970917428,TFT6_Augment_Weakspot,TFT7_Augment_LastStand,TFT6_Augment_Ascension,,,1.0,,,,1.0,,1.0,,1.0,2.0,0.0,,,2.0,,,,1.0,,,,,,0.0,,,,,,,3.0,RabadonsDeathcap,Morellonomicon,,,,,,,,,,,,,,1.0,,,,,,,,,,,,,,,,,,,,,,,,1.0,Bloodthirster,DragonsClaw,,,,,,,,,,,,,,2.0,ZekesHerald,,,,,,,,,,,,,,,,,,,,,,,,,,,,,,,,,,,,,,,2.0,,,,,,,,2.0,GargoyleStoneplate,RedBuff,WarmogsArmor,,,,,,,,,,,,,,,,,,,,,,,,,,,,,,,,,,,,,,,,,,,,,,,,,,,,,,,,,,,,,,,,,,,,,,,,,,,,,,,,,,,,,,,None,None,,,,,,,,,,,,,,,,,,,,,,,,,,,,,,,,,,,,
4,EUW1_5972936240,TFT6_Augment_Twins3,TFT6_Augment_Electrocharge1,TFT6_Augment_PortableForge,0.0,1.0,,1.0,,0.0,,,,,3.0,,,,,,,,,,,,,1.0,,,,,,,,,,,,,,,,,,,,,,,,,,,,,,,,,,,,,,,,,,,,,,,,,,,,,,,,,,,,,,,,,,,,,,,,,,,,,2.0,RedBuff,Redemption,WarmogsArmor,,,,,,,,,,,,,,,,,,,,,,,,,,,,,,,,,,,,,,,,,,,,,,,,,,,,,,,,,,,,,,,,,1.0,,,,,,,,,,,,,,,,,,,,2.0,,,,,,,,,,,,,,,,,,,,,,,,1.0,RedBuff,,,,,,,,,,,,,None,None,,,,,2.0,,,,2.0,Deathblade,RunaansHurricane,MadredsBloodrazor,,,,,,,,,,,,,,,,,,,,,,,,
6,EUW1_5972936240,TFT6_Augment_SlowAndSteady,TFT6_Augment_Recombobulator,TFT6_Augment_ComponentGrabBag,0.0,,,,,0.0,1.0,0.0,,,2.0,0.0,,,,,2.0,,,1.0,,,,1.0,,,,,,,,,,,,,,,,,,,,,,,,,,,,,,,,,,,,,,,,,,,,,,,,,,,,,,,,,,,,,,,,,,,,,2.0,GargoyleStoneplate,,,,,,,,,,,,,,,1.0,,,,,,,,,,,,,,,,,,,,,,,,,,,,,,,,,,,,,,,,,,,,,,,,,,,,,,,,,,,,,,,,,,,,,,,,,,,,2.0,Morellonomicon,WarmogsArmor,RabadonsDeathcap,,,,,,,,,,,,,2.0,,,,,,,,,,,,2.0,UnstableConcoction,RunaansHurricane,,,,,,,,,,,,None,None,,,,,2.0,,,,,,,,,,,,,,,,2.0,Quicksilver,MadredsBloodrazor,GuinsoosRageblade,,,,,,,,,,,,
3,EUW1_5972936240,TFT6_Augment_CyberneticUplink3,TFT6_Augment_Electrocharge1,TFT6_Augment_JeweledLotus,,0.0,,1.0,,,,,1.0,,1.0,,0.0,2.0,,1.0,,0.0,,,0.0,1.0,,,0.0,1.0,,0.0,,,,,,,,,,,,,,,,,,,,,,,,,,,,,,,,,,,,,,,,,,,,,,,,,,,,,,,,,,,,,,,,,,,,,2.0,StatikkShiv,,,,,,,,,,,,,,,,,,,,,,,,,,,,,,,2.0,,,,2.0,FrozenHeart,,,,,,,,,,,,,,,,,,,2.0,IonicSpark,,,,,,,,,,,2.0,SpearOfShojin,InfinityEdge,MadredsBloodrazor,,,,,,,,,,,,,,,,,,,,,,,,,2.0,GiantsBelt,Morellonomicon,,,,,,,,,,2.0,DragonsClaw,,,,,,,,,,,,,,,,,,,3.0,TrainerSnax,None,None,,,,,,,,,,,,,,,,,,,,,,,,,,,,,,,,,1.0,TearOfTheGoddess,,
2,EUW1_5972936240,TFT7_Augment_BestFriends3,TFT6_Augment_Weakspot,TFT6_Augment_Diversify2,1.0,0.0,,,,,1.0,0.0,,,1.0,1.0,,,,,1.0,,,3.0,,,,,,,,1.0,,,,,,,,,,,,,,,,,,,,,,,,,,,,,,,,,,,,,,,,,,,,,,,,,,,,,2.0,,,,,,,,2.0,Shroud,,,,,,,,,,,,,,,,,,,,,,,,,,,,,,,,,,,,,,,,,,,,,,,2.0,Redemption,RedBuff,WarmogsArmor,3.0,Quicksilver,GuinsoosRageblade,Bloodthirster,,,,,,,,,,,,,1.0,,,,,,,,,,,,,,,,,,,,,,,,,,,,2.0,MadredsBloodrazor,HextechGunblade,Quicksilver,,,,,,,,,,,,,2.0,JadeEmblemItem,StatikkShiv,,,,,,,,,,1.0,,,,,,,,,,,,,,None,None,,,,,,,,,,,,,,,,,,,,,,,,,,,,,,,,,,,,
8,EUW1_5972936240,TFT6_Augment_SlowAndSteady,TFT6_Augment_PandorasItems,TFT6_Augment_PortableForge,1.0,,,1.0,,0.0,1.0,,,0.0,1.0,,0.0,,,,1.0,,,,1.0,,,0.0,1.0,,0.0,,,,,,,,,,,,,,,,,,,,,,,,,,,,,,,,,,,,,,,,,,2.0,GargoyleStoneplate,RedBuff,WarmogsArmor,,,,,,,,,,,,,,,,,,,,,2.0,Shroud,,,,,,,,,,,,,,,,,,,,,,,,,,,,,,,,,,,,,,,,,,,,,,,,,,,,,,,,,,,2.0,SparringGloves,,,,,,,1.0,,,,,,,,,,,,,,,,,,,,2.0,,,,,,,,,,,,,,,,,,,,,,,,,,,,,,,,2.0,OrnnInfinityForce,UnstableConcoction,ShimmerscaleGamblersBlade,,,,,,,,,,,None,None,,,,,,,,,,,,,,,,,,,,,2.0,MadredsBloodrazor,GuinsoosRageblade,InfinityEdge,,,,,,,,,,,,
7,EUW1_5972936240,TFT6_Augment_TriForce3,TFT6_Augment_TinyTitans,TFT6_Augment_PortableForge,,,,0.0,,1.0,1.0,0.0,,,1.0,,,1.0,3.0,,,,0.0,,,,,,,,1.0,0.0,,,,,,,,,,,,,,,,,,,,,,,,,,,,,,,,,,,,,2.0,MadredsBloodrazor,StatikkShiv,ArchangelsStaff,,,,,,,,,,,,,,,,,,,,,,,,,,,,,,,,,,,,,,,,,,,,,,,,,,,,,,,,,1.0,,,,,,,,,,,,,,,,,,,,3.0,OrnnEternalWinter,DragonsClaw,Redemption,,,,,,,,,,,,,,,,,2.0,ThiefsGloves,TitansResolve,MadredsBloodrazor,,,,,,,,,,,,,,,,,,,,,,,,,,,,,,,,,,,,,2.0,RedBuff,,,,,,,,,,,,,,,,,,,,,None,None,,,,,,,,,,,,,,,,,,,,,,,,,2.0,UnstableConcoction,DragonsClaw,,2.0,,,,,,,
5,EUW1_5972936240,TFT6_Augment_Distancing3,TFT6_Augment_ItemGrabBag1,TFT6_Augment_Ascension,,,1.0,1.0,,,1.0,,,0.0,1.0,0.0,,0.0,,0.0,,,,1.0,,,,,,,,3.0,,,,,,,,,,,,,,,,,,,,,1.0,,,,,,,,,,,,,,,,,,,,,,,,,,,,2.0,UnstableConcoction,RapidFireCannon,,2.0,GuinsoosRageblade,Bloodthirster,Quicksilver,,,,,,,,,,,,,,,,,,,,,,,,,,,,,,,,,,,,,,,,,,,,,,,,,,,,,2.0,WarmogsArmor,IonicSpark,Morellonomicon,,,,,,,,,,,,,,,,,,,,,,,,,,,,,,,,,,,,,,,,,,,,,,,,,,,,,,,,,,,,,,,,,2.0,Shroud,,,,,,,,,,,,,,,2.0,,,,,,None,None,,,,,,,,,,,,,,,,,,,,,,,,,,,,,,,,,,,,
1,EUW1_5972936240,TFT6_Augment_RadiantRelics,TFT6_Augment_LudensEcho1,TFT7_Augment_BestFriends2,,0.0,1.0,1.0,,,,,1.0,,2.0,,,2.0,,2.0,,0.0,,,0.0,1.0,,,,1.0,,0.0,,,,,,,,,,,,,,,,,,,,,1.0,,,,,,,,,,,,,,,,,,,,,,,,,,,,,,,,,,,,,,,,,,,,,,,,2.0,,,,3.0,IonicSpark,WarmogsArmor,,,,,,,,,,,,,,,,,,,,,,,,,,2.0,Chalice,ArchangelsStaff,,3.0,StatikkShiv,MadredsBloodrazor,JeweledGauntlet,,,,,,,,,,,,,,,,,,,,,,,,,,,,,2.0,ThiefsGloves,DragonsClaw,HextechGunblade,,,,,,,,,,,,,,,,,,,,,,,,,2.0,,,,,,,,,,,,2.0,GargoyleStoneplateRadiant,TitansResolve,RedBuff,,,,,,,,,,,,,,,,,2.0,TrainerSnax,None,None,,,,,,,,,,,,,,,,,,,,,,,,,,,,,,,,,1.0,,,
6,EUW1_5971737934,TFT6_Augment_TradeSector,TFT6_Augment_ThrillOfTheHunt2,TFT6_Augment_SalvageBin,,,,1.0,,,1.0,,1.0,,1.0,,0.0,1.0,,0.0,,0.0,,,,,,,2.0,1.0,,0.0,,,,,,,,,1.0,ArchangelsStaff,SpearOfShojin,GuinsoosRageblade,,,,,,,,,,,,,,,,,,,,,,,,,,,,,,,,,,,,,,,,,,,,,,,,,,,,,,,,,2.0,,,,,,,,,,,,,,,,,,,,,,,,,,,,,,,,2.0,,,,,,,,,,,,,,,,,,,,,,,,1.0,ThiefsGloves,JeweledGauntlet,SeraphsEmbrace,,,,,,,,,1.0,SparringGloves,,,,,,,,,,,,,,,,,,,,,,,,,,,2.0,PowerGauntlet,Chalice,,,,,,,,,,2.0,RedBuff,GargoyleStoneplate,Redemption,,,,,,,,,,,,,,,,,4.0,TrainerSnax,None,None,,,,,,,,,,,,,,,,,,,,,,,,,,,,,,,,,,,,
2,EUW1_5971737934,TFT7_Augment_GuildEmblem,TFT6_Augment_CelestialBlessing2,TFT7_Augment_GuildGearUpgrades,1.0,,,1.0,,1.0,,,,,4.0,,0.0,,,,1.0,,,,,,,1.0,1.0,,0.0,,,,,,,,,,,,,,,,,,,,,,,,,,,,,,,,,,,,,,,,,,,,,,,,,,,,,,,,,,,,,,,,,,2.0,SeraphsEmbrace,GargoyleStoneplate,,,,,,,,,,,,,,,,,,,,,,,,,,,,,,,,,,,,,,,,,,,,,,,,,,,,,,,,,,1.0,,,,,,,,2.0,,,,,,,,2.0,ChainVest,,,,,,,,,,,2.0,,,,,,,,,,,,,,,,,,,,,,,,,,,,,,,,2.0,InfinityEdge,IonicSpark,RedBuff,,,,,,,,,,,None,None,,,,,2.0,LastWhisper,,,,,,,,,,,,,,,2.0,GuinsoosRageblade,GuildEmblemItem,MadredsBloodrazor,,,,,,,,,,,,
5,EUW1_5971737934,TFT7_Augment_BruiserEmblem,TFT7_Augment_BestFriends2,TFT6_Augment_FuturePeepers,0.0,,,3.0,,,1.0,,,0.0,,,0.0,0.0,,,0.0,,0.0,,,,,,0.0,,1.0,3.0,,,,,,,,,,,,,,,,,,,,,,,,,,,,,,,,,,,,,,,,,,,,,,,,,2.0,Bloodthirster,InfinityEdge,Quicksilver,,,,,,,,,,,,,,,,,,,,,,,,,,,,,,,,,,,,,,,,,,,,,,,,,,,,,,,,,,,,,,,,,,,,,1.0,RecurveBow,Bloodthirster,,2.0,FrozenHeart,,,1.0,IonicSpark,JeweledGauntlet,Zephyr,,,,,,,,,,,,,,,,,,,,,2.0,,,,,,,,,,,,,,,,,,,,,,,,2.0,ZekesHerald,,,,,,,,,,,,,,,2.0,BruiserEmblemItem,,,,,None,None,,,,,,,,,,,,,,,,,,,,,,,,,,,,,,,,,,,,
8,EUW1_5971737934,TFT6_Augment_MetabolicAccelerator,TFT6_Augment_LudensEcho2,TFT6_Augment_Ascension,,,1.0,,1.0,,1.0,,1.0,1.0,1.0,,,,,1.0,,1.0,0.0,,1.0,,,,,1.0,,,,,,,,,,,,,,,,,,,,,,,1.0,,,,1.0,,,,1.0,LastWhisper,InfinityEdge,RecurveBow,,,,,,,,,2.0,Redemption,ShimmerscaleDeterminedInvestor,FrozenHeart,,,,,,,,,,,,,,,,,,,,,,,,,,,,,,,,,,,,,,,,,,,,,,,,,,,,,,,,,2.0,,,,,,,,,,,,,,,,,,,,,,,,,,,,,,,,,,,,,,,,,,,,,,,,,,,,,,,,,,,,,,,,1.0,,,,,,,,,,,,,,,,,,,,,,,,,,,,,,,,3.0,TrainerSnax,None,None,2.0,NeedlesslyLargeRod,,,,,,,,,,,,,,,,,,,,,,,,,,,,,,,,,,
3,EUW1_5971737934,TFT6_Augment_Meditation2,TFT6_Augment_SalvageBin,TFT6_Augment_CelestialBlessing2,,,1.0,0.0,1.0,,1.0,,1.0,0.0,1.0,,0.0,,,1.0,,2.0,,,1.0,,,,0.0,0.0,,,,,,,,,,,,,,,,,,,,,,,1.0,,,,,,,,2.0,InfinityEdge,GuinsoosRageblade,LastWhisper,,,,,,,,,2.0,GargoyleStoneplate,GargoyleStoneplate,WarmogsArmor,,,,,,,,,,,,,,,,,,,,,,,,,,,,,,,,,2.0,,,,,,,,,,,,,,,,,,,,,,,,2.0,,,,,,,,,,,,,,,,,,,,,,,,2.0,ShimmerscaleDiamondHands,RedBuff,FrozenHeart,,,,,,,,,,,,,,,,,,,,,,,,,,,,,,,,,,,,,2.0,SpearOfShojin,JeweledGauntlet,LocketOfTheIronSolari,,,,,,,,,,,,,,,,,,,,,,,,,,,,,,,None,None,,,,,,,,,,,,,,,,,,,,,,,,,,,,,,,,,,,,
4,EUW1_5971737934,TFT6_Augment_CalculatedLoss,TFT7_Augment_BestFriends2,TFT6_Augment_SecondWind2,,0.0,,0.0,,,1.0,0.0,,,,0.0,,,,,1.0,,,3.0,,,,,,,,0.0,,,,,,,,,,,,,,,,,,,,,,,,,,,,,,,,,,,,,,,,,,,,,,,,,,,,,1.0,,,,,,,,2.0,InfinityEdge,,,,,,,,,,,3.0,RedBuff,DragonsClaw,GiantsBelt,,,,,,,,,,,,,,,,,,,,,,,,,,,,,,,,,2.0,,,,3.0,Deathblade,GuardianAngel,GuinsoosRageblade,,,,,,,,,,,,,,,,,,,,,,,,,,,,,,,,,,,,,,,,,2.0,LocketOfTheIronSolari,WarmogsArmor,,,,,,,,,,,,,,1.0,,,,,,,,,,,,,,,,,,,,,,,,,,None,None,,,,,,,,,,,,,,,,,,,,,,,,,,,,,,,,,,,,
7,EUW1_5971737934,TFT7_Augment_GadgetExpert,TFT7_Augment_LastStand,TFT7_Augment_MirageEmblem,,,,,,2.0,1.0,,,1.0,,,,0.0,4.0,,,,0.0,,,,,,,,0.0,,,,,,,,,,,,,,,,,,,,,,,,,,2.0,MirageEmblemItem,CavalierEmblemItem,,,,,,,,,,1.0,StatikkShiv,StatikkShiv,Quicksilver,,,,,,,,,,,,,,,,,,,,,,,,,,,,,,,,,,,,,,,,,,,,,,,,,,,,,2.0,TitanicHydra,,,2.0,MirageEmblemItem,Shroud,,,,,,,,,,,,,,,,,,2.0,WarmogsArmor,RedBuff,,,,,,,,,,,,,,,,,,,,,,,,,,,,,,,,,,,,,,,,,,,,,,,,,,,,,,,,,,,,,,,,,,,,,,,,,,,,,,,,None,None,,,,,,,,,,,,,,,,,,,,,,,,,,,,,2.0,BFSword,,,,,,
1,EUW1_5971737934,TFT7_Augment_BestFriends2,TFT7_Augment_GadgetExpert,TFT6_Augment_ComponentGrabBag,,,1.0,,,2.0,1.0,0.0,,1.0,2.0,0.0,,,3.0,0.0,0.0,,,,,,1.0,,,,0.0,,,,,,,,,,,,,,,,,,,,,,1.0,,,,,,,,,,,,,,,,2.0,MadredsBloodrazor,ArchangelsStaff,HextechGunblade,,,,,,,,,,,,,,,,,,,,,,,,,2.0,,,,,,,,,,,,,,,,,,,,,,,,,,,,2.0,RedBuff,,,,,,,,,,,,,,,,,,,,,,,2.0,GuardianEmblemItem,GargoyleStoneplate,,,,,,,,,,,,,,,,,,,,,,2.0,,,,,,,,,,,,,,,,,,,,,,,,,,,,2.0,ZekesHerald,StatikkShiv,,,,,,,,,,,,,,,,,,,,,,,,,,,,None,None,,,,,,,,,,,,,,,,,,,,,,,,,1.0,HextechGunblade,InfinityEdge,RapidFireCannon,,,,,,,,
5,EUW1_5971989971,TFT6_Augment_Featherweights1,TFT6_Augment_PortableForge,TFT7_Augment_DragonmancerEmblem,,,,,,,1.0,1.0,,1.0,,2.0,,,,0.0,,,,,,,,1.0,0.0,,,0.0,,,,,,,,,,,,,2.0,,,,,,,,,,,,,,,,,,,,,,,,,,,,,,,,2.0,DragonmancerEmblemItem,GuardianAngel,Bloodthirster,,,,,,,,,3.0,JeweledGauntlet,OrnnInfinityForce,UnstableConcoction,,,,,,,,,,,,,,,,,,,,,2.0,RedBuff,,,,,,,,,,,,,,,,,,,,,,,,,,,,,,,,,,,,,,,,,,,,,,,,,,,,,,,,,,,,,,,,,,,,,,,,,,,,,,,,,,,,,,,,,,,,,,,,,,,,,,,,,,,3.0,Shroud,BrambleVest,RedBuff,2.0,ThiefsGloves,NegatronCloak,Zephyr,,,None,None,,,,,,,,,,,,,,,,,,,,,,,,,,,,,,,,,,,,
1,EUW1_5971989971,TFT6_Augment_ItemGrabBag1,TFT7_Augment_BestFriends2,TFT6_Augment_Ascension,,,1.0,,,2.0,1.0,0.0,,0.0,2.0,,,,3.0,0.0,0.0,,,,,,,,,,1.0,,,,,,,,,,,,,,,,,,,,,,1.0,,,,,,,,,,,,,,,,2.0,GuinsoosRageblade,UnstableConcoction,ArchangelsStaff,,,,,,,,,,,,,,,,,,,,,,,,,2.0,Chalice,,,,,,,,,,,,,,,,,,,,,,,,,,,,,,,,,,,,,,,,,,,,,,,,,,,2.0,WarmogsArmor,MadredsBloodrazor,GargoyleStoneplate,,,,,,,,,,,,,,,,,,,,,2.0,Zephyr,,,,,,,,,,,,,,,,,,,,,,,,,,,,,,,,,,,,,,,,,,,,,,,,,,,,,,,,,None,None,,,,,,,,,,,,,,,,,,,,,,,,,2.0,Redemption,,,2.0,LastWhisper,GuardianEmblemItem,UnstableConcoction,,,,
8,EUW1_5971989971,TFT7_Augment_ShimmerscaleEmblem,TFT7_Augment_ShimmerscaleTrait,TFT6_Augment_PortableForge,0.0,,,,,,1.0,0.0,,0.0,1.0,,0.0,,,,1.0,,,,3.0,,,1.0,,,,,,,,,,,,,,,,,,,,,,,,,,,,,,,,,,,,,,,,,,,,,2.0,WarmogsArmor,Redemption,ShimmerscaleMogulsMail,,,,,,,,,,,,,,,,,,,,,,,,,,,,,,,,,,,,,,,,,2.0,,,,,,,,,,,,,,,,,,,,,,,,,,,,,,,,,,,,,,,,,,,,,,,,,,,,,,,,,,,,,,,,2.0,ThiefsGloves,ChainVest,RedBuff,,,,,,,,,,,,,,,,,,,,,,,,,,,,,,,,,,,,,,,,,,,,,,,None,None,,,,,2.0,ShimmerscaleEmblemItem,,,,,,,,,,,2.0,ShimmerscaleHeartOfGold,DragonsClaw,ShimmerscaleDiamondHands,2.0,OrnnInfinityForce,UnstableConcoction,ShimmerscaleGamblersBlade,,,,,,,,,,,,
4,EUW1_5971989971,TFT6_Augment_CelestialBlessing1,TFT6_Augment_JeweledLotus,TFT6_Augment_Diversify2,,,1.0,,,,1.0,,1.0,,1.0,2.0,0.0,,,1.0,,0.0,,1.0,,,1.0,,,,,,,,,,2.0,SpearOfShojin,MadredsBloodrazor,InfinityEdge,,,,,,,,,,,,,1.0,,,,,,,,,,,,,,,,,,,,,,,,2.0,InfinityEdge,TitansResolve,Bloodthirster,,,,,,,,,,,,,2.0,,,,,,,,,,,,,,,,,,,,,,,,,,,,,,,,,,,,,,,,,,,,,,,,2.0,,,,,,,,,,,,,,,,,,,,,,,,,,,,,,,,,,,,,,,,,,,,,,,,,,,,,,,,2.0,StatikkShiv,RunaansHurricane,JeweledGauntlet,1.0,SpearOfShojin,,,,,,,,,,,,,,,,,,,,,,,,,,,,,None,None,,,,,,,,,,,,,,,,,,,,,,,,,,,,,,,,,,,,
2,EUW1_5971989971,TFT6_Augment_ItemGrabBag1,TFT6_Augment_ComponentGrabBag,TFT6_Augment_CyberneticImplants2,,,1.0,0.0,,1.0,1.0,0.0,1.0,,1.0,,0.0,,1.0,1.0,0.0,0.0,,,,,,,2.0,0.0,0.0,,,,,,,,,,2.0,GuinsoosRageblade,GuinsoosRageblade,ArchangelsStaff,,,,,,,,,2.0,Redemption,,,,,,,,,,,,,,,,,,,,,,,,,,,,,,,,,,,,,,,,,,,2.0,ThiefsGloves,StatikkShiv,RabadonsDeathcap,,,,,,,,,,,,,,,,,,,,,,,,,,,,,,,,,2.0,Zephyr,,,,,,,,,,,,,,,1.0,,,,,,,,1.0,RedBuff,FrozenHeart,Quicksilver,,,,,,,,,,,,,,,,,,,,,,,,,,,,,,,,,,,,,2.0,Chalice,ZekesHerald,,,,,,,,,,,,,,,,,,,,,,,,,,,,,,,,None,None,,,,,,,,,,,,,,,,,,,,,,,,,2.0,UnstableConcoction,GargoyleStoneplate,BrambleVest,,,,,,,,
7,EUW1_5971989971,TFT6_Augment_ItemGrabBag1,TFT7_Augment_PandorasBench,TFT6_Augment_ThrillOfTheHunt2,,0.0,,2.0,,,1.0,,1.0,,,,0.0,0.0,,0.0,0.0,0.0,,,,,,,2.0,0.0,0.0,0.0,,,,,,,,,1.0,JeweledGauntlet,InfinityEdge,ArchangelsStaff,,,,,,,,,,,,,,,,,,,,,,,,,,,,,,,,,,,,,,,,,,,,,,,,,,,,,,,,,,,,,2.0,GargoyleStoneplate,Redemption,WarmogsArmor,,,,,,,,,,,,,,,,,,,,,,,,,2.0,ThiefsGloves,JeweledGauntlet,SeraphsEmbrace,,,,,,,,,,,,,,,,,,,,,1.0,Morellonomicon,,,,,,,,,,,,,,,,,,,,,,,,,,,1.0,,,,,,,,,,,,1.0,,,,,,,,,,,,1.0,,,,,,,,,,,,,,,,,,,,,,None,None,,,,,,,,,,,,,,,,,,,,,,,,,,,,,,,,,,,,
3,EUW1_5971989971,TFT7_Augment_CannoneerTrait,TFT6_Augment_SalvageBin,TFT7_Augment_CannoneerHotShot,,,1.0,,2.0,,1.0,,1.0,1.0,1.0,,,,,1.0,,1.0,,,1.0,,,,,1.0,,0.0,,,,,,,,,,,,,,,,,,,,,1.0,Shroud,,,,,,,2.0,MadredsBloodrazor,LastWhisper,RunaansHurricane,,,,,,,,,2.0,ShimmerscaleHeartOfGold,Redemption,GargoyleStoneplate,,,,,,,,,,,,,,,,,,,,,,,,,,,,,,,,,,,,,,,,,,,,,,,,,,,,,,,,,2.0,,,,,,,,,,,,,,,,,,,,,,,,,,,,,,,,,,,,,,,,,,,,,,,,,,,,,,,,,,,,,,,,2.0,Morellonomicon,ArchangelsStaff,,,,,,,,,,,,,,,,,,,,,,,,,,2.0,Redemption,Zephyr,,4.0,TrainerSnax,None,None,2.0,Shroud,,,,,,,,,,,,,,,,,,,,,,,,,,,,,,,,,,
6,EUW1_5971989971,TFT6_Augment_Distancing,TFT6_Augment_Distancing2,TFT7_Augment_PandorasBench,,,1.0,,1.0,,1.0,,1.0,1.0,1.0,,,,,1.0,,1.0,0.0,,1.0,,,,,1.0,,,,,,,,,,,,,,,,,,,,,,,1.0,,,,1.0,,,,1.0,Bloodthirster,GuinsoosRageblade,InfinityEdge,,,,,,,,,2.0,IonicSpark,TitanicHydra,WarmogsArmor,,,,,,,,,,,,,,,,,,,,,,,,,,,,,,,,,,,,,,,,,,,,,,,,,,,,,,,,,1.0,,,,,,,,,,,,,,,,,,,,,,,,,,,,,,,,,,,,,,,,,,,,,,,,,,,,,,,,,,,,,,,,1.0,Morellonomicon,,,,,,,,,,,,,,,,,,,,,,,,,,,,,,,2.0,TrainerSnax,None,None,2.0,ShimmerscaleHeartOfGold,,,,,,,,,,,,,,,,,,,,,,,,,,,,,,,,,,
8,EUW1_5971821631,TFT7_Augment_ShapeshifterBeastsDen,TFT6_Augment_VerdantVeil,TFT6_Augment_ComponentGrabBag,,,,1.0,,,1.0,,,0.0,,0.0,,0.0,,,,,,1.0,,,,,,,,3.0,,,,,,,,,,,,,,,,,,,,,,,,,,,,,,,,,,,,,,,,,,,,,,,,,1.0,,,,2.0,GuinsoosRageblade,ArchangelsStaff,Bloodthirster,,,,,2.0,,,,,,,,,,,,,,,,,,,,,,,,,,,,,,,,,,,,,,,,,,,,,,,,1.0,GargoyleStoneplate,WarmogsArmor,,,,,,,,,,,,,,,,,,,,,,,,,,,,,,,,,,,,,,,,,,,,,,,,,,,,,,,,,,,,,,,,,,1.0,TitanicHydra,,,,,,,,,,,,,,,2.0,,,,,,None,None,,,,,,,,,,,,,,,,,,,,,,,,,,,,,,,,,,,,
7,EUW1_5971821631,TFT6_Augment_PortableForge,TFT6_Augment_MaxLevel10,TFT6_Augment_CyberneticImplants2,,,,0.0,,0.0,1.0,,,,1.0,0.0,,,,,2.0,,,1.0,,,,1.0,,,0.0,,,,,,,,,,,,,,,,,,,,,,,,,,,,,,,,,,,,,,,,,,,,,,,,,,,,,,,,,,,,,,2.0,,,,1.0,,,,,,,,,,,,,,,,,,,,,,,,,,,,,,,,,,,,,,,,,,,,2.0,OrnnRocketPropelledFist,,,,,,,,,,,,,,,,,,,,,,,,,,,,,,,,,,,,,,,,,,,2.0,,,,1.0,FrozenHeart,,,,,,,,,,,,,,,,,,,,,,,,,,,,,,,,,,,,,,,,,None,None,,,,,2.0,,,,,,,,,,,,,,,,1.0,Quicksilver,MadredsBloodrazor,GuinsoosRageblade,,,,,,,,,,,,
1,EUW1_5971821631,TFT6_Augment_CalculatedLoss,TFT6_Augment_Twins3,TFT6_Augment_CelestialBlessing2,1.0,,,1.0,,1.0,,,,0.0,1.0,,,0.0,,,0.0,,2.0,,,,,,,,1.0,,,,,,,,,,,,,,,,,,,,,,,,,,2.0,RedBuff,,,,,,,3.0,UnstableConcoction,Chalice,ArchangelsStaff,,,,,,,,,,,,,,,,,,,,,,,,,,,,,1.0,,,,,,,,,,,,,,,,,,,,,,,,,,,,,,,,2.0,TitanicHydra,,,,,,,,,,,,,,,,,,,,,,,3.0,Quicksilver,InfinityEdge,MadredsBloodrazor,,,,,,,,,,,,,,,,,,,,,,,,,,,,,2.0,,,,,,,,,,,,,,,,,,,,,,,,,,,,,,,,2.0,,,,,,,,,,,,,,None,None,,,,,,,,,,,,,,,,,,,,,,,,,,,,,,,,,,,,
5,EUW1_5971821631,TFT7_Augment_DragonmancerEmblem,TFT7_Augment_DragonmancerEmblem2,TFT7_Augment_RagewingScorch,,,1.0,1.0,,,,2.0,,,1.0,0.0,0.0,,,0.0,1.0,,,0.0,0.0,,,1.0,1.0,,0.0,,,,,,,,,,,,,,2.0,,,,,,,,1.0,,,,,,,,,,,,,,,,,,,,,,,,,,,,,,,,,,,,,,,,,,,,,,,,,,,,,,,,,,,,,,,,,,,,2.0,TearOfTheGoddess,,,,,,,,,,,,,,,,,,,,,,,,,,,,,,,,,,,1.0,ThiefsGloves,Bloodthirster,DragonsClaw,,,,,,,,,,,,,,,,,,,,,,,,,2.0,DragonmancerEmblemItem,GargoyleStoneplate,IonicSpark,,,,,,,,,,,,,,,,,2.0,StatikkShiv,GuinsoosRageblade,Quicksilver,,,,,,,,,,,,,,,,,,,,,,,None,None,,,,,,,,,,,,,,,,,2.0,Zephyr,,,2.0,UnstableConcoction,DragonmancerEmblemItem,,,,,,,,,,,,,
3,EUW1_5971821631,TFT6_Augment_TriForce2,TFT7_Augment_Preparation3,TFT6_Augment_CelestialBlessing2,,0.0,,2.0,,,,,,,1.0,,0.0,0.0,,,0.0,,,,,,,2.0,1.0,,0.0,0.0,,,,,,,,,,,,,,,,,,,,,,,,,,,,,,,,,,,,,,,,,,,,,,,,,,,,,,,,,2.0,,,,,,,,,,,,,,,,3.0,RedBuff,Redemption,WarmogsArmor,,,,,,,,,,,,,,,,,,,,,,,,,,,,,,,,,,,,,,,,,,,,,,,,,2.0,,,,,,,,,,,,,,,,,,,,,,,,,,,,2.0,LocketOfTheIronSolari,LocketOfTheIronSolari,,,,,,,,,,,,,,,,,,,,,,2.0,,,,,,,,,,,,,,,,,,,,,,None,None,,,,,2.0,,,,3.0,Quicksilver,GuinsoosRageblade,GuardianAngel,,,,,,,,,2.0,RecurveBow,LastWhisper,,,,,,,,,,,,,
4,EUW1_5971821631,TFT6_Augment_Ascension,TFT7_Augment_UrfsGrabBag2,TFT7_Augment_CavalierEmblem,,,,,,4.0,1.0,,1.0,,1.0,,,0.0,3.0,0.0,0.0,0.0,0.0,,,,,,,0.0,0.0,,,,,,,,,,,,,,,,,,,,,,,,,,,,,,,,,,,,,,2.0,UnstableConcoction,MadredsBloodrazor,StatikkShiv,,,,,,,,,,,,,,,,,,,,,,,,,2.0,WarmogsArmor,RedBuff,DragonsClaw,,,,,,,,,,,,,,,,,,,,,,,,,,,,,2.0,ForceOfNature,,,2.0,,,,,,,,,,,,,,,,2.0,Zephyr,WarmogsArmor,,,,,,,,,,,,,,,,,,,,,,2.0,,,,,,,,,,,,,,,,,,,,,,,,1.0,MirageEmblemItem,,,,,,,,,,,,,,,,,,,,,,,,,,,,,,,,,None,None,,,,,,,,,,,,,,,,,,,,,,,,,,,,,2.0,CavalierEmblemItem,Zephyr,,,,,
6,EUW1_5971821631,TFT7_Augment_EvokerEmblem,TFT6_Augment_LudensEcho3,TFT7_Augment_BestFriends2,,1.0,,1.0,,,1.0,,2.0,,1.0,,,1.0,,0.0,0.0,0.0,,,,,,,,1.0,0.0,0.0,,,,,,,,,,,,,,,,,1.0,,,,,,,,,,,,,,,,,,,,,,,,,,,,,,,,,,,,,,,,,,,,,,,,,,,,2.0,,,,,,,,,,,,,,,,,,,,,,,,,,,,,,,,2.0,TearOfTheGoddess,,,,,,,,,,,,,,,,,,,,,,,,,,,,,,,,,,,2.0,ArchangelsStaff,EvokerEmblemItem,HextechGunblade,,,,,,,,,,,,,1.0,,,,,,,,,,,,2.0,ThiefsGloves,Redemption,LastWhisper,,,,,,,,,2.0,GargoyleStoneplate,DragonsClaw,,,,,,,,,,,,,,,,,,3.0,TrainerSnax,None,None,,,,,,,,,,,,,,,,,,,,,,,,,,,,,,,,,,,,
2,EUW1_5971821631,TFT6_Augment_ThreesCompany,TFT6_Augment_HighEndShopping,TFT6_Augment_SecondWind2,1.0,,1.0,1.0,,,1.0,,,,1.0,1.0,0.0,0.0,,0.0,,,,1.0,,,1.0,,2.0,,,1.0,,,,,,,,,2.0,SpearOfShojin,RabadonsDeathcap,ArchangelsStaff,,,,,,,,,2.0,StatikkShiv,,,,,,,,,,,,,,,,,,,,,,,,,,,,,,,,,,,,,,,2.0,,,,,,,,,,,,,,,,,,,,,,,,,,,,,,,,,,,,,,,,,,,,,,,,2.0,Shroud,,,,,,,,,,,,,,,2.0,GargoyleStoneplate,WarmogsArmor,Morellonomicon,1.0,,,,,,,,,,,,,,,,,,,,,,,,,,,,,,,,,,,,,,,,2.0,PowerGauntlet,ArchangelsStaff,,,,,,2.0,AssassinEmblemItem,,,,,,,,,,,,,,,,,,,,,None,None,,,,,,,,,,,,,,,,,,,,,,,,,,,,,,,,,,,,
2,EUW1_5971207233,TFT6_Augment_MetabolicAccelerator,TFT6_Augment_ThriftShop,TFT6_Augment_Meditation2,,0.0,1.0,1.0,,,,0.0,1.0,,2.0,,0.0,2.0,,2.0,,0.0,,,0.0,1.0,,,0.0,1.0,,0.0,,,,,,,,,,,,,,,,,,,,,2.0,,,,,,,,,,,,,,,,,,,,,,,,,,,,,,,,,,,,,,,,,,,,,,,,2.0,PowerGauntlet,Chalice,DragonmancerEmblemItem,,,,,,,,,,,,,,,,,,,,,,,,,,,,,2.0,,,,3.0,,,,,,,,,,,,,,,,,,,,2.0,,,,,,,,,,,,3.0,ArchangelsStaff,SpearOfShojin,JeweledGauntlet,,,,,,,,,,,,,,,,,,,,,,,,,2.0,UnstableConcoction,,,,,,,,,,,2.0,RedBuff,DragonsClaw,Redemption,,,,,,,,,,,,,,,,,4.0,TrainerSnax,None,None,,,,,,,,,,,,,,,,,,,,,,,,,,,,,,,,,2.0,,,
7,EUW1_5971207233,TFT7_Augment_ClutteredMind,TFT7_Augment_ThinkFast,TFT6_Augment_Meditation2,,0.0,,1.0,,,,,0.0,,1.0,,,2.0,,1.0,,,,,0.0,1.0,,,,1.0,,0.0,,,,,,,,,,,,,,,,,,,,,,,,,,,,,,,,,,,,,,,,,,,,,,,,,,,,,,,,,,,,,,,,,,,,,2.0,,,,3.0,RedBuff,,,,,,,,,,,,,,,,,,,,,,,,,,,2.0,,,,3.0,,,,,,,,,,,,,,,,,,,,,,,,,,,,,,,,3.0,SpearOfShojin,ArchangelsStaff,MadredsBloodrazor,,,,,,,,,,,,,,,,,,,,,,,,,,,,,,,,,,,,,2.0,IonicSpark,,,,,,,,,,,,,,,,,,,1.0,TrainerSnax,None,None,,,,,,,,,,,,,,,,,,,,,,,,,,,,,,,,,1.0,ArchangelsStaff,,
3,EUW1_5971207233,TFT6_Augment_MetabolicAccelerator,TFT6_Augment_Twins3,TFT6_Augment_ThrillOfTheHunt2,,0.0,,,,,1.0,,,,,1.0,,,,0.0,,,,1.0,,,,,,,,,,,,,,,,,,,,,,,,,,,,,,,,,,,,,,,,,,,,,,,,,,,,,2.0,ThiefsGloves,ArchangelsStaff,Morellonomicon,,,,,,,,,,,,,,,,,,,,,,,,,,,,,,,,,,,,,,,,,,,,,,,,,,,,,,,,,,,,,1.0,Chalice,,,3.0,GuinsoosRageblade,MadredsBloodrazor,Quicksilver,,,,,,,,,,,,,,,,,,,,,,,,,,,,,,,,,,,,,,,,,,,,,,,,,,,,,,,,,,,,,,,,,,,,,,,,,,,,,,,,,,,None,None,,,,,,,,,,,,,,,,,,,,,,,,,,,,,,,,,,,,
6,EUW1_5971207233,TFT6_Augment_SunfireBoard,TFT7_Augment_TomeOfTraits2,TFT6_Augment_SalvageBin,,,,,,,1.0,0.0,0.0,,,3.0,0.0,,,1.0,0.0,,,1.0,,,,1.0,,,,,,,,,2.0,,,,,,,,2.0,MysticEmblemItem,,,,,,,,,,,,,,,,,,,,,,,,,,,,,,,2.0,Quicksilver,RunaansHurricane,MadredsBloodrazor,,,,,,,,,,,,,1.0,TitanicHydra,,,,,,,,,,,,,,,,,,,2.0,,,,,,,,,,,,,,,,,,,,,,,,,,,,2.0,GargoyleStoneplate,BrambleVest,GargoyleStoneplate,,,,,,,,,,,,,,,,,,,,,,,,,,,,,,,,,,,,,,,,,,,,,,,,,,,,,,,,,,,,,,,,,,,,,,,,,,,,,,,,,,,,,,,None,None,,,,,,,,,,,,,,,,,,,,,2.0,JadeEmblemItem,GuinsoosRageblade,Quicksilver,,,,,,,,,,,,
1,EUW1_5971207233,TFT6_Augment_SecondWind2,TFT7_Augment_BestFriends3,TFT7_Augment_BruiserTitanicStrength,3.0,,,2.0,,,,,,,1.0,,0.0,0.0,,,0.0,,1.0,,,,,,1.0,,1.0,1.0,,,,,,,,,,,,,,,,,,,,,,,,,,,,,,,,,3.0,FrozenHeart,Bloodthirster,MadredsBloodrazor,,,,,,,,,,,,,,,,,,,,,,,,,,,,,,,,,,,,,,,,,,,,,,,,,,,,,,,,,,,,,,,,,,,,,,,,,,,,,,,,,,,,,3.0,InfinityEdge,RapidFireCannon,AssassinEmblemItem,2.0,LocketOfTheIronSolari,TitanicHydra,,1.0,HextechGunblade,,,2.0,PowerGauntlet,,,,,,,,,,,,,,,,,,,2.0,,,,,,,,,,,,,,,,,,,,,,,,2.0,AssassinEmblemItem,,,,,,,2.0,,,,,,,,,,,,,,None,None,,,,,,,,,,,,,,,,,,,,,,,,,,,,,,,,,,,,
4,EUW1_5971207233,TFT7_Augment_TempestEyeOfTheStorm,TFT6_Augment_RadiantRelics,TFT6_Augment_ThrillOfTheHunt2,,,,0.0,,,,2.0,,,,1.0,0.0,,0.0,,0.0,,,1.0,0.0,,,0.0,1.0,,0.0,,,,,,,,,,,,,,2.0,,,,,,,,,,,,,,,,,,,,,,,,,,,,,,,,,,,,,,,,,,,,,,,,,,,,,,,,,,,,,,,,,,,,2.0,Shroud,,,,,,,3.0,InfinityEdge,Bloodthirster,JeweledGauntlet,,,,,,,,,,,,,,,,,2.0,BrambleVest,Morellonomicon,,,,,,,,,,,,,,1.0,NegatronCloak,,,,,,,,,,,,,,,,,,,,,,,,,,,,,,,,,,,,,,,,,,,,,,,3.0,,,,,,,,,,,,,,,,,,,,,,,,,,None,None,,,,,,,,,,,,,,,,,2.0,Redemption,ChaliceOfPowerRadiant,PowerGauntlet,,,,,1.0,PowerGauntlet,,,,,,,,,,
5,EUW1_5971207233,TFT6_Augment_Twins2,TFT7_Augment_ThinkFast,TFT6_Augment_CyberneticImplants2,,0.0,,1.0,1.0,,,,1.0,,,,,,,0.0,0.0,1.0,,,,,,,,1.0,0.0,,,,,,,,,,,,,,,,,,,,,,,,,,,,,,2.0,ZekesHerald,RapidFireCannon,,,,,,,,,,,,,,,,,,,,,,,,,,,,,,,,,,,,,,,,,,2.0,NegatronCloak,,,,,,,,,,,,,,,,,,,,,,,,,,,2.0,,,,,,,,,,,,,,,,,,,,,,,,,,,,,,,,,,,,,,,,,,,,,,,,,,,,2.0,GargoyleStoneplate,WarmogsArmor,GargoyleStoneplate,,,,,,,,,2.0,,,,,,,,,,,,,,,,,,,,,,,,,,,,,,,,4.0,TrainerSnax,None,None,3.0,MadredsBloodrazor,GuinsoosRageblade,InfinityEdge,,,,,,,,,,,,,,,,,,,,,,,,,,,,,,,,
8,EUW1_5971207233,TFT7_Augment_GadgetExpert,TFT7_Augment_UrfsGrabBag2,TFT6_Augment_CyberneticUplink2,,,,,,2.0,1.0,,,1.0,1.0,,,,3.0,,0.0,,0.0,,,,,,,,0.0,,,,,,,,,,,,,,,,,,,,,,,,,,2.0,WarmogsArmor,GargoyleStoneplate,DragonsClaw,,,,,,,,,1.0,Quicksilver,MadredsBloodrazor,StatikkShiv,,,,,,,,,,,,,,,,,,,,,,,,,1.0,MirageEmblemItem,,,,,,,,,,,,,,,,,,,,,,,,,,,2.0,,,,,,,,,,,,,,,,,,,,,,,,2.0,ZekesHerald,ZekesHerald,WarmogsArmor,,,,,,,,,,,,,,,,,,,,,2.0,,,,,,,,,,,,,,,,,,,,,,,,,,,,,,,,,,,,,,,,,,,,,,,,,,,,,,,,,,None,None,,,,,,,,,,,,,,,,,,,,,,,,,,,,,2.0,StatikkShiv,,,,,,
6,EUW1_5971365001,TFT6_Augment_CalculatedLoss,TFT6_Augment_Diversify3,TFT6_Augment_CyberneticUplink1,,0.0,,1.0,,,,,1.0,,1.0,,,2.0,,1.0,,0.0,,,0.0,1.0,,,,1.0,,0.0,,,,,,,,,,,,,,,,,,,,,,,,,,,,,,,,,,,,,,,,,,,,,,,,,,,,,,,,,,,,,,,,,,,,,2.0,,,,2.0,RedBuff,,,,,,,,,,,,,,,,,,,,,,,,,,,2.0,,,,3.0,GuinsoosRageblade,SpearOfShojin,,,,,,,,,,,,,,,,,,,,,,,,,,,,,,2.0,ThiefsGloves,Chalice,RabadonsDeathcap,,,,,,,,,,,,,,,,,,,,,,,,,2.0,,,,,,,,,,,,2.0,WarmogsArmor,GargoyleStoneplate,TitansResolve,,,,,,,,,,,,,,,,,2.0,TrainerSnax,None,None,,,,,,,,,,,,,,,,,,,,,,,,,,,,,,,,,1.0,,,
1,EUW1_5971365001,TFT6_Augment_CelestialBlessing2,TFT6_Augment_ForceOfNature,TFT6_Augment_MakeshiftArmor1,1.0,,1.0,1.0,,1.0,1.0,,,,4.0,,0.0,,,0.0,2.0,,,0.0,,,,1.0,1.0,,0.0,,,,,,,,,,,,,,,,,,,,,,2.0,LastWhisper,SpearOfShojin,Shroud,,,,,,,,,,,,,,,,,,,,,,,,,,,,,,,,,,,,,,,,,2.0,,,,,,,,,,,,,,,,,,,,,,,,,,,,,,,,,,,,,,,,,,,,,,,,,,,,,,,,,,,,2.0,RedBuff,FrozenHeart,,,,,,2.0,,,,,,,,2.0,,,,,,,,,,,,2.0,,,,1.0,,,,,,,,,,,,,,,,,,,,,,,,,,,,2.0,MadredsBloodrazor,UnstableConcoction,FrozenHeart,,,,,,,,,,,None,None,,,,,2.0,,,,,,,,,,,,,,,,2.0,Deathblade,GuinsoosRageblade,MadredsBloodrazor,,,,,,,,,,,,
4,EUW1_5971365001,TFT6_Augment_Twins2,TFT7_Augment_TomeOfTraits2,TFT6_Augment_SecondWind1,2.0,,1.0,1.0,,,,0.0,,,2.0,,0.0,,1.0,0.0,,,0.0,,,,,,1.0,,1.0,,,,,,,,,,,,,,,,,,,,,,1.0,,,,,,,,,,,,1.0,TitansResolve,ArchangelsStaff,IonicSpark,,,,,,,,,,,,,,,,,,,,,,,,,,,,,,,,,,,,,,,,,,,,,,,,,,,,,,,,,,,,,,,,,,,,,,,,,,,,,,,,,,,,,,,,,2.0,WarmogsArmor,,,,,,,2.0,BruiserEmblemItem,,,,,,,,,,,,,,,,,,,,,,,,,,,,,,,,,,,,,,,,,,,,,,,,,,,1.0,Chalice,IonicSpark,StatikkShiv,,,,,,,,,,,None,None,,,,,,,,,,,,,,,,,,,,,,,,,1.0,BrambleVest,AssassinEmblemItem,Quicksilver,1.0,RecurveBow,,,,,,
5,EUW1_5971365001,TFT7_Augment_SwiftshotEmblem,TFT6_Augment_Twins3,TFT6_Augment_ThrillOfTheHunt1,,0.0,,2.0,,,,,,,1.0,0.0,0.0,0.0,,,0.0,,,,,,1.0,2.0,1.0,,0.0,0.0,,,,,,,,,,,,,,,,,,,,,,,,,,,,,,,,,,,,,,,,,,,,,,,,,,,,,,,,,2.0,,,,,,,,,,,,,,,,3.0,RedBuff,WarmogsArmor,TitanicHydra,,,,,,,,,,,,,,,,,,,,,,,,,,,,,,,,,,,,,,,,,,,,,,,,,1.0,SwiftshotEmblemItem,,,,,,,,,,,,,,,,,,,,,,,,,,,1.0,,,,,,,,,,,,,,,,1.0,Shroud,,,,,,,1.0,,,,,,,,,,,,,,,,,,,,,,None,None,,,,,2.0,LocketOfTheIronSolari,,,3.0,UnstableConcoction,Deathblade,GuinsoosRageblade,,,,,,,,,,,,,,,,,,,,,,,,
7,EUW1_5971365001,TFT6_Augment_HyperRoll,TFT6_Augment_RadiantRelics,TFT7_Augment_CannoneerTrait,,,,,3.0,,1.0,,1.0,1.0,,,,,,0.0,,2.0,,,1.0,,,,,1.0,,0.0,,,,,,,,,,,,,,,,,,,,,,,,,,,,,2.0,MadredsBloodrazor,StatikkShiv,GuinsoosRageblade,,,,,,,,,2.0,WarmogsArmorRadiant,DragonsClaw,RedBuff,,,,,,,,,,,,,,,,,,,,,,,,,,,,,,,,,2.0,,,,,,,,,,,,,,,,,,,,,,,,1.0,,,,,,,,,,,,,,,,,,,,,,,,,,,,,,,,,,,,,,,,,,,,,,,,,,,,,,,,,,,,,,,,2.0,ShimmerscaleHeartOfGold,NeedlesslyLargeRod,,,,,,,,,,,,,,,,,,,,,,,,,,2.0,,,,2.0,TrainerSnax,None,None,1.0,,,,,,,,,,,,,,,,,,,,,,,,,,,,,,,,,,,
3,EUW1_5971365001,TFT7_Augment_BestFriends2,TFT7_Augment_CannoneerEmblem2,TFT7_Augment_BestFriends1,,,,,3.0,,1.0,,1.0,1.0,,,,,,0.0,,2.0,0.0,,1.0,,,,,1.0,,0.0,,,,,,,,,,,,,,,,,,,,,,,,,3.0,RedBuff,DragonsClaw,WarmogsArmor,1.0,Morellonomicon,,,,,,,,,,,1.0,,,,,,,,,,,,,,,,,,,,,,,,,,,,,,,,,,,,3.0,JeweledGauntlet,StatikkShiv,ShimmerscaleHeartOfGold,,,,,,,,,,,,,,,,,,,,,2.0,CannoneerEmblemItem,SeraphsEmbrace,,,,,,,,,,,,,,,,,,,,,,,,,,,,,,,,,,,,,,,,,,,,,,,,,,,,,,,,,,,,,,1.0,,,,,,,,,,,,,,,,,,,,,,,,,,,,2.0,,,,4.0,TrainerSnax,None,None,3.0,Deathblade,Quicksilver,RunaansHurricane,,,,,,,,,,,,,,,,,,,,,,,,,,,,,,,,
2,EUW1_5971365001,TFT6_Augment_PortableForge,TFT6_Augment_Diversify3,TFT6_Augment_CelestialBlessing1,1.0,,1.0,2.0,,,1.0,0.0,,,2.0,,0.0,0.0,0.0,0.0,0.0,,,,,,,,1.0,,1.0,2.0,,,,,,,,,,,,,,,,,,,,,1.0,,,,,,,,,,,,,,,,,,,,,,,,,,,,2.0,OrnnTheCollector,InfinityEdge,Bloodthirster,,,,,,,,,,,,,,,,,,,,,,,,,,,,,,,,,,,,,,,,,,,,,,,,,,,,,,,,,,,,,,,,,,,,,,,,,2.0,RedBuff,,,1.0,HextechGunblade,,,2.0,,,,,,,,,,,,,,,,,,,,2.0,,,,,,,,,,,,,,,,,,,,,,,,2.0,,,,,,,,2.0,RedBuff,IonicSpark,FrozenHeart,,,,,,,,,,,None,None,,,,,,,,,,,,,,,,,,,,,,,,,2.0,Bloodthirster,SeraphsEmbrace,JeweledGauntlet,,,,,,,,
8,EUW1_5971365001,TFT7_Augment_CavalierEmblem,TFT6_Augment_RadiantRelics,TFT7_Augment_GuildTrait,0.0,,,0.0,,2.0,,,,0.0,4.0,,,0.0,,,,,2.0,,,,,0.0,,,0.0,,,,,,,,,,,,,,,,,,,,,,,,,,2.0,CavalierEmblemItem,,,,,,,2.0,FrozenHeart,SparringGloves,,,,,,,,,,,,,,,,,,,,,,,,,,,,,,,,,,,,,,,,,,,,,,,,,,,,,,,,,,,,,,3.0,IonicSpark,Bloodthirster,ArchangelsStaff,,,,,,,,,,,,,,,,,,,,,2.0,Quicksilver,,,,,,,,,,,,,,,1.0,,,,2.0,LocketOfTheIronSolariRadiant,LocketOfTheIronSolari,,,,,,,,,,,,,,,,,,,,,,,,,,,,,,,,,,,,,,,,,,,,,,,,,,,,,,,,None,None,,,,,2.0,,,,,,,,,,,,,,,,,,,,,,,,,,,,,,,
6,EUW1_5971216307,TFT6_Augment_HyperRoll,TFT6_Augment_TinyTitans,TFT7_Augment_BestFriends1,1.0,,,1.0,,1.0,,,,,3.0,,0.0,,,,1.0,,,,,,,1.0,1.0,,0.0,,,,,,,,,,,,,,,,,,,,,,,,,,,,,,,,,,,,,,,,,,,,,,,,,,,,,,,,,,,,,,,,,,2.0,,,,,,,,,,,,,,,,,,,,,,,,,,,,,,,,,,,,,,,,,,,,,,,,,,,,,,,,,,,,2.0,,,,,,,,2.0,Zephyr,,,,,,,2.0,,,,,,,,,,,,2.0,,,,,,,,,,,,,,,,,,,,,,,,,,,,,,,,2.0,RedBuff,FrozenHeart,RabadonsDeathcap,,,,,,,,,,,None,None,,,,,2.0,,,,,,,,,,,,,,,,2.0,MadredsBloodrazor,Quicksilver,GuinsoosRageblade,,,,,,,,,,,,
4,EUW1_5971216307,TFT6_Augment_Ascension,TFT6_Augment_Electrocharge1,TFT7_Augment_TempestTrait,0.0,,,,,,1.0,0.0,,,,1.0,,,0.0,,,,,1.0,,,1.0,,3.0,,0.0,,,,,,,,,,2.0,HextechGunblade,ArchangelsStaff,MadredsBloodrazor,,,,,,,,,,,,,,,,,,,,,,,,,,,,,,,,,,,,,,,,,,,,,,,,,2.0,,,,,,,,,,,,,,,,,,,,,,,,,,,,2.0,Shroud,,,,,,,,,,,,,,,,,,,2.0,WarmogsArmor,WarmogsArmor,WarmogsArmor,,,,,,,,,,,,,,,,,,,,,2.0,FrozenHeart,PowerGauntlet,ChainVest,,,,,,,,,,,,,,,,,,,,,,,,,,,,,,,,,1.0,,,,,,,,,,,,,,,,,,,,,,,,,,,,,,None,None,,,,,,,,,,,,,,,,,,,,,,,,,2.0,,,,,,,,,,,
1,EUW1_5971216307,TFT6_Augment_ClearMind,TFT6_Augment_TinyTitans,TFT6_Augment_PandorasItems,,0.0,1.0,1.0,,,1.0,,0.0,,1.0,,0.0,1.0,,2.0,,,,,0.0,1.0,,,2.0,0.0,,0.0,,,,,,,,,1.0,SpearOfShojin,RabadonsDeathcap,MadredsBloodrazor,,,,,,,,,2.0,,,,,,,,,,,,,,,,,,,,,,,,,,,,,,,,,,,,,,,,,,,,,,,,,,,,2.0,TitanicHydra,,,,,,,,,,,,,,,,,,,,,,,,,,,2.0,,,,3.0,Chalice,ZekesHerald,,,,,,,,,,,,,,,,,,2.0,,,,,,,,,,,,,,,,,,,,,,,,,,,,,,,,,,,,,,,,,,,,,,,,,,,,2.0,TitansResolve,TitansResolve,RedBuff,,,,,,,,,,,,,,,,,,,None,None,,,,,,,,,,,,,,,,,,,,,,,,,,,,,,,,,2.0,MadredsBloodrazor,GuinsoosRageblade,ArchangelsStaff
5,EUW1_5971216307,TFT6_Augment_PortableForge,TFT6_Augment_Weakspot,TFT6_Augment_Distancing,0.0,1.0,1.0,1.0,,,,,0.0,,1.0,,0.0,0.0,,2.0,,,,,,,,1.0,1.0,0.0,,,,,,,,,,,,,,,,,,,,,,,2.0,,,,,,,,,,,,,,,,,,,,,,,,,,,,,,,,,,,,,,,,,,,,,,,,,,,,2.0,OrnnAnimaVisage,DragonsClaw,RedBuff,,,,,,,,,,,,,,,,,,,,,,,,,2.0,,,,3.0,SwiftshotEmblemItem,RunaansHurricane,,,,,,,,,,,,,,,,,,1.0,BrambleVest,IonicSpark,,,,,,2.0,,,,,,,,,,,,,,,,,,,,,,,,,,,,,,,,,,,,,,,,,,,,,,,,,,,,,,,,,,,,,,,,,,None,None,,,,,,,,,3.0,GuinsoosRageblade,InfinityEdge,MadredsBloodrazor,,,,,,,,,,,,,,,,,,,,,,,,
7,EUW1_5971216307,TFT7_Augment_MirageHallucinate,TFT6_Augment_ItemGrabBag1,TFT6_Augment_ThrillOfTheHunt1,,,,,,1.0,1.0,0.0,,1.0,,,,,4.0,,0.0,,0.0,,,,,,,,1.0,,,,,,,,,,,,,,,,,,,,,,,,,,1.0,,,,,,,,,,,,2.0,GuinsoosRageblade,HextechGunblade,ArchangelsStaff,,,,,,,,,,,,,,,,,,,,,,,,,2.0,MirageEmblemItem,,,,,,,,,,,,,,,,,,,,,,,,,,,2.0,,,,,,,,,,,,,,,,,,,,,,,,2.0,GargoyleStoneplate,GargoyleStoneplate,IonicSpark,,,,,,,,,,,,,,,,,,,,,,,,,,,,,,,,,,,,,,,,,,,,,,,,,,,,,,,,,,,,,,,,,,,,,,,,,,,,,,,None,None,,,,,,,,,,,,,,,,,,,,,,,,,1.0,InfinityEdge,ZekesHerald,,1.0,,,,,,,
8,EUW1_5971216307,TFT6_Augment_Featherweights2,TFT7_Augment_CavalierTrait,TFT6_Augment_ThrillOfTheHunt1,,,,,,4.0,1.0,,,,2.0,,,0.0,2.0,,0.0,,0.0,,,,,,,,,,,,,,,,,,,,,,,,,,,,,,,,,,,,,,,,,,,,,,2.0,GuinsoosRageblade,InfinityEdge,JeweledGauntlet,,,,,,,,,,,,,,,,,,,,,,,,,2.0,,,,,,,,,,,,,,,,,,,,,,,,,,,,,,,,2.0,SpearOfShojin,,,,,,,,,,,,,,,,,,,2.0,RedBuff,GargoyleStoneplate,GiantsBelt,,,,,,,,,,,,,,,,,1.0,,,,2.0,,,,,,,,,,,,,,,,,,,,,,,,,,,,,,,,,,,,,,,,,,,,,,,,,,,,,,,,,,None,None,,,,,,,,,,,,,,,,,,,,,,,,,,,,,,,,,,,,
2,EUW1_5971216307,TFT7_Augment_AstralIntercosmicGifts,TFT6_Augment_Weakspot,TFT6_Augment_CyberneticShell1,,0.0,,2.0,,,,,,,1.0,,0.0,0.0,,,0.0,,,,,,,2.0,1.0,,0.0,0.0,,,,,,,,,,,,,,,,,,,,,,,,,,,,,,,,,,,,,,,,,,,,,,,,,,,,,,,,,2.0,NeedlesslyLargeRod,,,,,,,,,,,,,,,3.0,RedBuff,FrozenHeart,,,,,,,,,,,,,,,,,,,,,,,,,,,,,,,,,,,,,,,,,,,,,,,,,,2.0,ThiefsGloves,RecurveBow,TitansResolve,,,,,,,,,,,,,,,,,,,,,,,,,2.0,LocketOfTheIronSolari,,,,,,,,,,,,,,,,,,,,,,,2.0,Shroud,,,,,,,,,,,,,,,,,,,,,None,None,,,,,2.0,ZekesHerald,ZekesHerald,,3.0,Deathblade,GuinsoosRageblade,MadredsBloodrazor,,,,,,,,,2.0,GuardianAngel,,,,,,,,,,,,,,
3,EUW1_5971216307,TFT6_Augment_BlueBattery2,TFT6_Augment_TinyTitans,TFT7_Augment_MysticTrait,,2.0,,1.0,,0.0,1.0,,0.0,,1.0,,,3.0,,1.0,,,0.0,,0.0,1.0,,,,,,0.0,,,,,,,,,,,,,,,,,2.0,MageEmblemItem,SpearOfShojin,GuinsoosRageblade,,,,,,,,,,,,,,,,,,,,,,,,,,,,,,,,,,,,,,,,,,,,,,,,,,,,,2.0,DragonsClaw,,,,,,,,,,,,,,,,,,,,,,,1.0,,,,,,,,2.0,,,,,,,,,,,,,,,,,,,,,,,,,,,,,,,,3.0,RabadonsDeathcap,SpearOfShojin,RapidFireCannon,,,,,,,,,,,,,,,,,,,,,,,,,,,,,,,,,,,,,2.0,TitanicHydra,IonicSpark,RedBuff,,,,,,,,,,,,,,,,,,,None,None,,,,,,,,,,,,,2.0,,,,,,,,,,,,,,,,,,,,2.0,GuinsoosRageblade,,
3,EUW1_5973082472,TFT6_Augment_SalvageBin,TFT6_Augment_PortableForge,TFT7_Augment_CannoneerHotShot,,,1.0,,1.0,,1.0,,1.0,1.0,1.0,,,,,1.0,,1.0,,,1.0,,,,,1.0,,0.0,,,,,,,,,,,,,,,,,,,,,2.0,Shroud,,,,,,,2.0,Deathblade,GuinsoosRageblade,UnstableConcoction,,,,,,,,,2.0,ShimmerscaleMogulsMail,OrnnEternalWinter,RedBuff,,,,,,,,,,,,,,,,,,,,,,,,,,,,,,,,,,,,,,,,,,,,,,,,,,,,,,,,,2.0,Shroud,,,,,,,,,,,,,,,,,,,,,,,,,,,,,,,,,,,,,,,,,,,,,,,,,,,,,,,,,,,,,,,2.0,GuinsoosRageblade,,,,,,,,,,,,,,,,,,,,,,,,,,,2.0,NegatronCloak,,,4.0,TrainerSnax,None,None,2.0,LocketOfTheIronSolari,Chalice,MadredsBloodrazor,,,,,,,,,,,,,,,,,,,,,,,,,,,,,,,,
1,EUW1_5973082472,TFT7_Augment_MageConference,TFT6_Augment_TomeOfTraits1,TFT7_Augment_ScalescornEmblem,2.0,,1.0,1.0,,1.0,,0.0,,,3.0,,,1.0,0.0,0.0,,,2.0,,,,,,,,1.0,1.0,,,,,,,,,,,,,,,,,,,,,2.0,,,,,,,,,,,,2.0,FrozenHeart,,,,,,,,,,,,,,,,,,,,,,,,,,,,,,,,,,,,,,,,,,,,,,,,,,,,,,,,,,,,,,,3.0,AssassinEmblemItem,Bloodthirster,ArchangelsStaff,,,,,,,,,,,,,,,,,,,,,2.0,,,,,,,,1.0,InfinityEdge,GuardianAngel,ScalescornEmblemItem,,,,,,,,,2.0,,,,,,,,,,,,,,,,,,,,,,,,,,,,,,,,,,,,2.0,DragonsClaw,BrambleVest,,,,,,2.0,RapidFireCannon,,,,,,,,,,,,,None,None,,,,,,,,,,,,,,,,,,,,,,,,,2.0,MageEmblemItem,BrambleVest,,,,,,,,,
4,EUW1_5973082472,TFT6_Augment_CelestialBlessing2,TFT6_Augment_LudensEcho2,TFT7_Augment_GuardianEmblem,,,,,,,,1.0,,2.0,,1.0,,,0.0,,,,0.0,0.0,,,,1.0,1.0,,,,,,,,,,,,,,,,2.0,Morellonomicon,,,,,,,,,,,1.0,,,,,,,,,,,,,,,,,,,,,,,,,,,,,,,,2.0,StatikkShiv,GuardianAngel,,,,,,,,,,,,,,,,,,,,,,3.0,InfinityEdge,SeraphsEmbrace,JeweledGauntlet,,,,,2.0,GuardianEmblemItem,IonicSpark,,2.0,NegatronCloak,,,,,,,,,,,,,,,2.0,,,,,,,,,,,,,,,,,,,,,,,,,,,,,,,,,,,,,,,,,,,,,,,,,,,,,,,,,,,,,,,,,,,,,,,,,,,,,,,,3.0,GargoyleStoneplate,WarmogsArmor,RedBuff,,,,,,,None,None,,,,,,,,,,,,,,,,,,,,,,,,,,,,,,,,,,,,
2,EUW1_5973082472,TFT6_Augment_PortableForge,TFT7_Augment_UrfsGrabBag1,TFT6_Augment_CyberneticImplants2,3.0,,,0.0,,,1.0,,,0.0,1.0,,0.0,0.0,,,0.0,,0.0,,2.0,1.0,,,1.0,,,0.0,,,,,,,,,,,,,,,,,,,,,,,,,,,,,,,,,1.0,Deathblade,,,,,,,2.0,RedBuff,ShimmerscaleHeartOfGold,ShimmerscaleMogulsMail,,,,,,,,,,,,,,,,,,,,,,,,,,,,,,,,,,,,,,,,,2.0,Chalice,BFSword,,,,,,,,,,,,,,,,,,,,,,,,,,,,,,,,,,,,,,3.0,LocketOfTheIronSolari,,,2.0,ArchangelsStaff,ShimmerscaleEmblemItem,,2.0,,,,,,,,,,,,,,,,,,,,,,,,,,,,,,,,,,,,,,,,,,,,,,,,,,,,2.0,InfinityEdge,OrnnTheCollector,UnstableConcoction,,,,,,,,,,,None,None,,,,,,,,,,,,,,,,,,,,,,,,,,,,,,,,,2.0,Quicksilver,StatikkShiv,AssassinEmblemItem
5,EUW1_5973082472,TFT6_Augment_TargetDummies,TFT7_Augment_FirstAidKit2,TFT6_Augment_Diversify2,,1.0,,1.0,,0.0,,,0.0,,1.0,,,3.0,,1.0,,,0.0,,,,,,,1.0,,0.0,,,,,,,,,,,,,,,,,,,,,,,,,,,,,,,,,,,,,,,,,,,,,,,,,,,,,,,,,,,,,,,,,,,,,1.0,TearOfTheGoddess,,,2.0,MageEmblemItem,,,,,,,,,,,,,,,,,,,,,,,2.0,,,,2.0,,,,3.0,JeweledGauntlet,,,,,,,,,,,,,,,,,,,,,,,,,,,,,,,2.0,UnstableConcoction,SpearOfShojin,MadredsBloodrazor,,,,,,,,,,,,,,,,,,,,,,,,,,,,,,,,,,,,,2.0,Redemption,RedBuff,Redemption,,,,,,,,,,,,,,,,,2.0,TrainerSnax,None,None,,,,,,,,,,,,,2.0,,,,,,,,,,,,,,,,,,,,,,,
8,EUW1_5973082472,TFT6_Augment_CalculatedLoss,TFT6_Augment_BlueBattery2,TFT7_Augment_ScalescornEmblem,1.0,,,1.0,,2.0,,,,,2.0,,,1.0,0.0,,,,2.0,,,,,,,,0.0,0.0,,,,,,,,,,,,,,,,,,,,,,,,,,,,,,,,,2.0,FrozenHeart,SparringGloves,,,,,,,,,,,,,,,,,,,,,,,,,,,,,,,,,,,,,,,,,,,,,,,,,,,,,,,,,,,,,,2.0,Bloodthirster,MadredsBloodrazor,ArchangelsStaff,,,,,,,,,,,,,,,,,2.0,ScalescornEmblemItem,WarmogsArmor,,3.0,AssassinEmblemItem,MadredsBloodrazor,InfinityEdge,,,,,,,,,,,,,2.0,,,,2.0,,,,,,,,,,,,,,,,,,,,,,,,,,,,,,,,,,,,2.0,,,,,,,,,,,,,,,,,,,,,,None,None,,,,,,,,,,,,,,,,,,,,,,,,,,,,,,,,,,,,
6,EUW1_5973082472,TFT7_Augment_CannoneerHotShot,TFT6_Augment_CelestialBlessing2,TFT6_Augment_Ascension,,,,,2.0,,1.0,,1.0,,,1.0,,,,1.0,,2.0,,0.0,,,,,,1.0,,,,,,,,,,,,,,,,,,,,,,,,,,,,,,,2.0,UnstableConcoction,RunaansHurricane,GuinsoosRageblade,,,,,,,,,,,,,2.0,ThiefsGloves,Redemption,BrambleVest,,,,,,,,,,,,,,,,,,,,,,,,,,,,,2.0,,,,,,,,,,,,,,,,,,,,,,,,2.0,,,,,,,,1.0,GargoyleStoneplate,RedBuff,Redemption,,,,,,,,,,,,,,,,,,,,,,,,,,,,,,,,,,,,,,,,,,,,,,,,,,,,,1.0,ArchangelsStaff,,,,,,,,,,,,,,,,,,,,,,,,,,,,,,,2.0,TrainerSnax,None,None,1.0,,,,,,,,,,,,,,,,,,,,,,,,,,,,,,,,,,,
7,EUW1_5973082472,TFT6_Augment_CelestialBlessing2,TFT6_Augment_SalvageBin,TFT7_Augment_BestFriends2,,0.0,,1.0,,,,,,,1.0,,0.0,0.0,,,0.0,,,,0.0,1.0,,2.0,1.0,,,,,,,,,,,,,,,,,,,,,,,,,,,,,,,,,,,,,,,,,,,,,,,,,,,,,,,,,,,,1.0,,,,,,,,,,,,,,,,2.0,RedBuff,,,,,,,,,,,,,,,,,,,,,,,,,,,,,,,,,,,,,,,,,,,,,,,,,,,1.0,ThiefsGloves,RecurveBow,GuinsoosRageblade,,,,,,,,,,,,,,,,,,,,,,,,,,,,,,,,,,,,,,,,,,,,,,,,,,,,,,,,,,,,,,,,,,,,,,,None,None,,,,,2.0,,,,3.0,InfinityEdge,MadredsBloodrazor,RapidFireCannon,,,,,,,,,1.0,ZekesHerald,ZekesHerald,ZekesHerald,,,,,,,,,1.0,SpearOfShojin,JeweledGauntlet,
5,EUW1_5972840289,TFT7_Augment_GuildEmblem,TFT7_Augment_BandOfThieves1,TFT6_Augment_FuturePeepers,1.0,,,1.0,,1.0,,,,,4.0,,0.0,,,,1.0,,,,,,,1.0,1.0,,0.0,,,,,,,,,,,,,,,,,,,,,,,,,,,,,,,,,,,,,,,,,,,,,,,,,,,,,,,,,,,,,,,,,,2.0,GiantsBelt,,,,,,,,,,,,,,,,,,,,,,,,,,,,,,,,,,,,,,,,,,,,,,,,,,,,,,,,,,,2.0,RedBuff,WarmogsArmor,FrozenHeart,,,,,2.0,ThiefsGloves,PowerGauntlet,FrozenHeart,,,,,2.0,,,,,,,,,,,,2.0,WarmogsArmor,,,,,,,,,,,,,,,,,,,,,,,,,,,,,,,2.0,Zephyr,FrozenHeart,,,,,,,,,,,,None,None,,,,,2.0,Shroud,,,,,,,,,,,,,,,2.0,MadredsBloodrazor,UnstableConcoction,GuildEmblemItem,,,,,,,,,,,,
1,EUW1_5972840289,TFT6_Augment_Ascension,TFT7_Augment_MirageTrait,TFT7_Augment_GadgetExpert,1.0,,1.0,,,1.0,1.0,0.0,,0.0,2.0,,,,4.0,0.0,,,,,,,,,,,1.0,1.0,,,,,,,,,,,,,,,,,,,,,2.0,,,,,,,,,,,,,,,,2.0,RabadonsDeathcap,StatikkShiv,ArchangelsStaff,,,,,,,,,,,,,,,,,,,,,,,,,,,,,,,,,,,,,,,,,,,,,,,,,,,,,,,,,,,,,,,,,,,,,,,,,,,,,3.0,WarmogsArmor,BrambleVest,RedBuff,,,,,,,,,1.0,SpearOfShojin,,,,,,,,,,,2.0,,,,,,,,,,,,,,,,,,,,,,,,,,,,,,,,,,,,,,,,,,,,,,,,,,,,2.0,MirageEmblemItem,TitanicHydra,LocketOfTheIronSolari,,,None,None,,,,,,,,,,,,,,,,,,,,,,,,,2.0,AssassinEmblemItem,InfinityEdge,,2.0,,,,,,,
7,EUW1_5972840289,TFT7_Augment_DragonmancerEmblem,TFT6_Augment_CelestialBlessing1,TFT6_Augment_SecondWind2,,,,0.0,,,1.0,2.0,,,,0.0,0.0,,,,0.0,,,1.0,0.0,,,0.0,0.0,,,2.0,,,,,,,,,,,,,2.0,StatikkShiv,SeraphsEmbrace,,,,,,,,,,,,,,,,,,,,,,,,,,,,,,,,,,2.0,TitansResolve,DragonmancerEmblemItem,Quicksilver,2.0,Bloodthirster,DragonmancerEmblemItem,JeweledGauntlet,,,,,,,,,,,,,,,,,,,,,,,,,,,,,,,,,2.0,ChainVest,,,,,,,,,,,,,,,,,,,,,,,,,,,,,,,,,,,,,,,,,,,,,,,,,,,,,,,,,,,,,,,,,,,,,,,,,,,,,,,,,,,1.0,,,,,,,,,,,,,,,,,,,,,,,,,,None,None,,,,,,,,,,,,,,,,,2.0,,,,,,,,,,,,,,,,,,,
8,EUW1_5972840289,TFT7_Augment_SwiftshotEmblem,TFT6_Augment_Diversify1,TFT6_Augment_SalvageBin,,1.0,,2.0,,,,,,,,,0.0,0.0,,0.0,0.0,,,,,,,1.0,0.0,,0.0,0.0,,,,,,,,,,,,,,,,,,,,,,,,,,,,,,,,,,,,,,,,,,,,,,,,,,,,,,,,,,,,,,,,,,,,,,,,,2.0,RedBuff,ChainVest,,,,,,,,,,,,,,,,,,,,,,,,,,,,,,2.0,SwiftshotEmblemItem,SpearOfShojin,,,,,,,,,,,,,,,,,,2.0,,,,,,,,,,,,,,,,,,,,,,,,,,,,2.0,,,,,,,,,,,,,,,,,,,,,,,,2.0,,,,,,,,,,,,,,,,,,,,,,None,None,,,,,,,,,2.0,Deathblade,GuinsoosRageblade,BFSword,,,,,,,,,,,,,,,,,,,,,,,,
4,EUW1_5972840289,TFT7_Augment_SwiftshotPressTheAttack,TFT6_Augment_Distancing,TFT6_Augment_SecondWind2,,1.0,,1.0,,,,,0.0,,1.0,,,1.0,,1.0,,,,,0.0,1.0,,1.0,,1.0,,0.0,,,,,,,,,,,,,,,,,,,,,,,,,,,,,,,,,,,,,,,,,,,,,,,,,,,,,,,,,,,,,,,,,,,,,1.0,,,,3.0,RedBuff,Redemption,DragonsClaw,,,,,,,,,,,,,,,,,,,,,,,,,2.0,,,,2.0,,,,,,,,,,,,,,,,,,,,,,,,,,,,,,,,,,,,,,,,,,,,,,,,,,,,,,,,,,,,,,,,,,,,,,,,2.0,Shroud,,,,,,,,,,,,,,,,,,,2.0,TrainerSnax,None,None,,,,,2.0,,,,3.0,UnstableConcoction,GuinsoosRageblade,RunaansHurricane,,,,,,,,,,,,,,,,,,,,,1.0,GuinsoosRageblade,FrozenHeart,
2,EUW1_5972840289,TFT7_Augment_ShapeshifterBeastsDen,TFT6_Augment_Weakspot,TFT6_Augment_ComponentGrabBag,,0.0,1.0,,,,1.0,0.0,,,1.0,1.0,,,,0.0,1.0,,,3.0,,,1.0,,,,,0.0,,,,,,,,,,,,,,,,,,,,,1.0,,,,,,,,,,,,,,,,,,,,,,,,,,,,,,,,2.0,ZekesHerald,Morellonomicon,,,,,,2.0,,,,,,,,,,,,,,,,,,,,,,,,,,,,,,,,,,,,,,,,,,,,,,,,2.0,TitanicHydra,Redemption,RedBuff,3.0,RunaansHurricane,Deathblade,Quicksilver,,,,,,,,,,,,,,,,,,,,,,,,,,,,,,,,,,,,,,,,,2.0,Shroud,IonicSpark,GuinsoosRageblade,,,,,,,,,1.0,,,,2.0,,,,,,,,,,,,,,,,,,,,,,,,,,None,None,,,,,,,,,,,,,,,,,,,,,,,,,,,,,,,,,,,,
3,EUW1_5972840289,TFT7_Augment_MageConference,TFT6_Augment_LudensEcho1,TFT6_Augment_SunfireBoard,,2.0,,1.0,,,1.0,,1.0,,,,,2.0,,1.0,,,,,0.0,1.0,,,,1.0,,0.0,,,,,,,,,,,,,,,,,2.0,SeraphsEmbrace,GuardianAngel,ArchangelsStaff,,,,,,,,,,,,,,,,,,,,,,,,,,,,,,,,,,,,,,,,,,,,,,,,,3.0,Deathblade,,,2.0,,,,,,,,,,,,,,,,,,,,,,,,,,,,2.0,,,,3.0,StatikkShiv,,,,,,,,,,,,,,,,,,,,,,,,,,,,,,,,,,,,,,,,,,,,,,,,,,,,,,,,,,,,,,,,,,,,,,,2.0,IonicSpark,TitansResolve,RedBuff,,,,,,,,,,,,,,,,,3.0,TrainerSnax,None,None,,,,,,,,,,,,,3.0,ThiefsGloves,Bloodthirster,HextechGunblade,,,,,,,,,,,,,,,,,2.0,ZekesHerald,,
6,EUW1_5972840289,TFT6_Augment_LudensEcho2,TFT6_Augment_ItemGrabBag1,TFT6_Augment_CyberneticUplink2,,0.0,,1.0,,,,,1.0,0.0,1.0,,,2.0,,1.0,,0.0,,,,,,,,1.0,,1.0,,,,,,,,,,,,,,,,,,,,,,,,,,,,,,,,,,,,,,,,,,,,,,,,,,,,,,,,,,,,,,,,,,,,,1.0,,,,2.0,,,,,,,,,,,,,,,,,,,,,,,,,,,,2.0,Chalice,,,2.0,SpearOfShojin,StatikkShiv,,,,,,,,,,,,,,,,,,,,,,,,,,,,,,2.0,RabadonsDeathcap,SpearOfShojin,,,,,,,,,,,,,,,,,,,,,,,,,,2.0,MageEmblemItem,,,,,,,,,,,2.0,BrambleVest,GargoyleStoneplate,DragonsClaw,,,,,,,,,,,,,1.0,,,,2.0,TrainerSnax,None,None,,,,,,,,,,,,,,,,,,,,,,,,,,,,,,,,,,,,
7,EUW1_5972906844,TFT7_Augment_PandorasBench,TFT7_Augment_BestFriends3,TFT6_Augment_CyberneticImplants2,,,,0.0,1.0,,1.0,,1.0,0.0,,,,,,0.0,,2.0,,,1.0,,,,,1.0,,,,,,,,,,,,,,,,,,,,,,,,,,,,,,,2.0,InfinityEdge,GuinsoosRageblade,LastWhisper,,,,,,,,,2.0,ShimmerscaleDiamondHands,WarmogsArmor,Redemption,,,,,,,,,,,,,,,,,,,,,,,,,,,,,,,,,,,,,,,,,,,,,,,,,,,,,,,,,2.0,GiantsBelt,,,,,,,,,,,,,,,,,,,,,,,,,,,,,,,,,,,,,,,,,,,,,,,,,,,,,,,,,,,,,,,2.0,ArchangelsStaff,,,,,,,,,,,,,,,2.0,RedBuff,,,,,,,,,,,,,,,2.0,TrainerSnax,None,None,1.0,,,,,,,,,,,,,,,,,,,,,,,,,,,,,,,,,,,
5,EUW1_5972906844,TFT7_Augment_CavalierEmblem,TFT6_Augment_ForceOfNature,TFT7_Augment_BestFriends2,1.0,,,1.0,,2.0,,,,,3.0,,0.0,,,,1.0,,,,,,,1.0,1.0,,0.0,,,,,,,,,,,,,,,,,,,,,,,,,,,,,,,,,,,,,,,,,,,,,,,,,,,,,,,,,,,,,,,,,,2.0,,,,,,,,,,,,,,,,,,,,,,,,,,,,,,,,,,,,,,,,,,,,,,,,,,,,,,,,,,,,1.0,CavalierEmblemItem,WarmogsArmor,,,,,,2.0,,,,,,,,2.0,,,,,,,,,,,,2.0,,,,,,,,,,,,,,,,,,,,,,,,,,,,,,,,2.0,RedBuff,FrozenHeart,RunaansHurricane,,,,,,,,,,,None,None,,,,,2.0,PowerGauntlet,,,,,,,,,,,,,,,2.0,MadredsBloodrazor,GuinsoosRageblade,Deathblade,,,,,,,,,,,,
8,EUW1_5972906844,TFT7_Augment_CannoneerRicochet,TFT7_Augment_ThinkFast,TFT6_Augment_CelestialBlessing2,,,,1.0,2.0,,,,0.0,,,,,0.0,,0.0,0.0,1.0,,,,,,,,2.0,0.0,0.0,,,,,,,,,,,,,,,,,,,,,,,,,,,,,1.0,GuardianAngel,,,,,,,,,,,,,,,,,,,,,,,,,,,,,,,,,,,,,,,3.0,,,,,,,,2.0,,,,,,,,,,,,,,,,,,,,,,,,2.0,,,,,,,,,,,,,,,,,,,,,,,,,,,,,,,,,,,,,,,,,,,,,,,,,,,,2.0,,,,,,,,,,,,,,,,,,,,,,,,2.0,RedBuff,WarmogsArmor,BrambleVest,,,,,,,,,,,,,,,,,4.0,TrainerSnax,None,None,3.0,MadredsBloodrazor,GuinsoosRageblade,RunaansHurricane,,,,,,,,,,,,,,,,,,,,,,,,,,,,,,,,
4,EUW1_5972906844,TFT7_Augment_ShimmerscaleTrait,TFT7_Augment_BestFriends3,TFT6_Augment_ThrillOfTheHunt2,0.0,,,,,,1.0,1.0,,0.0,,,0.0,,0.0,,1.0,,,0.0,3.0,,,0.0,,,1.0,,2.0,SpearOfShojin,,,,,,,,,,,,,,,,,,,,,,,,,,,,,,,,,,,,,,,2.0,Redemption,GargoyleStoneplate,WarmogsArmor,,,,,,,,,,,,,,,,,,,,,,,,,,,,,,,,,,,,,,,,,2.0,,,,,,,,,,,,,,,,,,,,,,,,,,,,,,,,,,,,,,,,,,,,,,,,,,,,,,,,,,,,,,,,,,,,,,,,,,,,,,,,,,,,,,,,3.0,ShimmerscaleGamblersBlade,JeweledGauntlet,GuinsoosRageblade,,,,,,,,,,,,,,,,,,,,,,,None,None,,,,,,,,,,,,,,,,,2.0,,,,2.0,GuinsoosRageblade,MadredsBloodrazor,ShimmerscaleDravensAxe,1.0,SeraphsEmbrace,ShimmerscaleDiamondHands,ShimmerscaleHeartOfGold,,,,,,,,
1,EUW1_5972906844,TFT6_Augment_TriForce2,TFT6_Augment_Twins3,TFT7_Augment_GadgetExpert,,1.0,,2.0,,0.0,,,,,,,0.0,,,,,,,,,,,1.0,1.0,,,,,,,,,,,,,,,,,,,,,,,,,,,,,,,,,,,,,,,,,,,,,,,,,,,,,,,,,,,,2.0,BruiserEmblemItem,,,,,,,,,,,,,,,3.0,WarmogsArmor,Redemption,ArchangelsStaff,,,,,,,,,,,,,,,,,,,,,,,,,,,,,,,,,,,,,,,,,,,,,,,,,2.0,TearOfTheGoddess,,,,,,,,,,,,,,,,,,,,,,,,,,,,,,,,,,,3.0,,,,,,,,,,,,,,,,,,,,,,,,,,,,,,,,,,,,,,None,None,,,,,,,,,2.0,StatikkShiv,StatikkShiv,InfinityEdge,,,,,,,,,,,,,,,,,,,,,,,,
6,EUW1_5972906844,TFT6_Augment_BlueBattery2,TFT6_Augment_LudensEcho3,TFT7_Augment_GadgetExpert,,1.0,1.0,1.0,,,,,0.0,,2.0,,,2.0,,2.0,,,,,,,,,,1.0,,0.0,,,,,,,,,,,,,,,,,,,,,1.0,PowerGauntlet,,,,,,,,,,,,,,,,,,,,,,,,,,,,,,,,,,,,,,,,,,,,,,,1.0,,,,2.0,,,,,,,,,,,,,,,,,,,,,,,,,,,,2.0,TearOfTheGoddess,,,3.0,StatikkShiv,LocketOfTheIronSolari,TearOfTheGoddess,,,,,,,,,,,,,,,,,,,,,,,,,,,,,2.0,HextechGunblade,SpearOfShojin,TearOfTheGoddess,,,,,,,,,,,,,,,,,,,,,,,,,,,,,,,,,,,,,2.0,GargoyleStoneplate,WarmogsArmor,,,,,,,,,,,,,,,,,,1.0,TrainerSnax,None,None,,,,,,,,,,,,,3.0,,,,,,,,,,,,,,,,,,,,,,,
2,EUW1_5972906844,TFT7_Augment_ShimmerscaleTrait,TFT6_Augment_MaxLevel10,TFT6_Augment_CelestialBlessing2,0.0,,,,,,1.0,1.0,,1.0,,0.0,0.0,0.0,0.0,,1.0,,,0.0,3.0,1.0,1.0,0.0,,,0.0,0.0,,,,,,,,,,,,,,,,,,,,,,,,,,,,,,,,,,,,,,,,,2.0,RedBuff,GargoyleStoneplate,Redemption,,,,,,,,,,,,,,,,,,,,,,,,,,,,,,,,,,,,,,,,,2.0,Shroud,,,,,,,,,,,,,,,,,,,,,,,,,,,,,,,,,,,,,,,,,,,,,,,,,,,,,,,,,,,,,,,,,,,,,,,,,,,,,,,,,,,2.0,Chalice,GuinsoosRageblade,Quicksilver,1.0,,,,,,,,,,,,,,,,,,,,2.0,ShimmerscaleHeartOfGold,,,,,None,None,,,,,,,,,,,,,,,,,2.0,Quicksilver,LocketOfTheIronSolari,,2.0,ShimmerscaleDravensAxe,ShimmerscaleGamblersBlade,GuinsoosRageblade,2.0,TitansResolve,ShimmerscaleDiamondHands,Bloodthirster,,,,,2.0,PowerGauntlet,Morellonomicon,
3,EUW1_5972906844,TFT7_Augment_CavalierEmblem,TFT7_Augment_MageEmblem2,TFT6_Augment_BlueBattery2,,,,1.0,,4.0,,,,,2.0,,,2.0,0.0,,0.0,,1.0,,,,,,,0.0,0.0,0.0,,,,,,,,,,,,,,,,,,,,,,,,,,,,,,,,,,,,,,,,,,,,,,,,,,,,,,,,,,,,,,,,,1.0,SpearOfShojin,MageEmblemItem,MadredsBloodrazor,1.0,,,,,,,,,,,,,,,,,,,,,,,,,,,,3.0,ArchangelsStaff,IonicSpark,Bloodthirster,,,,,,,,,,,,,,,,,1.0,,,,2.0,,,,,,,,,,,,,,,,2.0,SpearOfShojin,RabadonsDeathcap,UnstableConcoction,2.0,,,,,,,,,,,,,,,,,,,,,,,,,,,,,,,,,,,,2.0,CavalierEmblemItem,RedBuff,Quicksilver,,,,,,,,,,,,,,,,,,,None,None,,,,,,,,,,,,,,,,,,,,,,,,,,,,,,,,,,,,
3,EUW1_5973036495,TFT6_Augment_Electrocharge1,TFT6_Augment_Weakspot,TFT7_Augment_DragonAlliance,,,,1.0,,,2.0,,,1.0,,,0.0,,,,,,,,1.0,,,,2.0,,,2.0,,,,,,,,,1.0,MadredsBloodrazor,ArchangelsStaff,StatikkShiv,,,,,,,,,,,,,,,,,,,,,,,,,,,,,2.0,Redemption,BrambleVest,,,,,,2.0,ShimmerscaleDravensAxe,GuinsoosRageblade,UnstableConcoction,,,,,,,,,,,,,,,,,,,,,,,,,,,,,,,,,,,,,,,,,,,,,,,,,,,,,,,,,,,,,,,,,,,,,,,,,2.0,TitanicHydra,FrozenHeart,,,,,,,,,,,,,,,,,,,,,,,,,,,,,,,,,,,,,,,,,,,,,,,,,,,,,,,,,,,,,,,,,,2.0,,,,,,None,None,,,,,,,,,,,,,,,,,,,,,,,,,,,,,,,,,,,,
4,EUW1_5973036495,TFT6_Augment_LudensEcho1,TFT6_Augment_CelestialBlessing1,TFT7_Augment_RevelPartyTime,,,,1.0,2.0,,1.0,,1.0,,1.0,,0.0,0.0,,0.0,,3.0,,,,,,,2.0,1.0,,,,,,,,,,,1.0,SpearOfShojin,MadredsBloodrazor,ArchangelsStaff,,,,,,,,,,,,,,,,,2.0,SpearOfShojin,,,,,,,,,,,,,,,,,,,,,,,,,,,,,,,,,,,,,,,,,,,,,,,2.0,,,,,,,,,,,,,,,,,,,,,,,,2.0,ZekesHerald,ZekesHerald,,,,,,,,,,,,,,,,,,,,,,2.0,,,,,,,,,,,,1.0,,,,,,,,,,,,,,,,,,,,,,,,,,,,2.0,SpearOfShojin,,,,,,,,,,,,,,,2.0,GargoyleStoneplate,,,,,,,,,,,,,,,3.0,TrainerSnax,None,None,2.0,,,,,,,,,,,,,,,,,,,,,,,,,,,,,,,,,,,
8,EUW1_5973036495,TFT6_Augment_PandorasItems,TFT6_Augment_ItemGrabBag1,TFT7_Augment_BestFriends2,,,,1.0,,1.0,1.0,,,0.0,,,,0.0,3.0,,0.0,,,,,,,,,,0.0,0.0,,,,,,,,,,,,,,,,,,,,,,,,,,,,,,,,,,,,,2.0,GuinsoosRageblade,MadredsBloodrazor,ArchangelsStaff,,,,,,,,,,,,,,,,,,,,,,,,,1.0,Morellonomicon,TearOfTheGoddess,,,,,,,,,,,,,,,,,,,,,,,,,,1.0,,,,,,,,,,,,,,,,,,,,,,,,2.0,RedBuff,LocketOfTheIronSolari,LocketOfTheIronSolari,,,,,,,,,,,,,,,,,,,,,,,,,,,,,,,,,2.0,,,,,,,,,,,,,,,,,,,,,,,,2.0,MirageEmblemItem,,,,,,,,,,,,,,,,,,,,,None,None,,,,,,,,,,,,,,,,,,,,,,,,,,,,,,,,,,,,
7,EUW1_5973036495,TFT6_Augment_Electrocharge1,TFT7_Augment_BandOfThieves1,TFT6_Augment_ThrillOfTheHunt2,,,,,,,,2.0,,,,1.0,0.0,,,,1.0,,,1.0,0.0,,,0.0,0.0,,,,,,,,,,,,,,,,2.0,RagewingEmblemItem,,,,,,,,,,,,,,,,,,,,,,,,,,,,,,,,,,,,,,,,,,,,,,,2.0,RedBuff,WarmogsArmor,,,,,,,,,,,,,,,,,,2.0,,,,,,,,2.0,HextechGunblade,,,,,,,,,,,,,,,,,,,,,,,,,,,,,,,,,,,,,,,,,,,,,,,,,,,,,,,,,,,2.0,,,,,,,,,,,,,,,,,,,,,,,,2.0,ArchangelsStaff,GuinsoosRageblade,Quicksilver,,,,,,,,,,,,,,,,,,,,,,,None,None,,,,,,,,,,,,,,,,,2.0,ThiefsGloves,GuardianAngel,Deathblade,,,,,,,,,,,,,,,,
5,EUW1_5973036495,TFT6_Augment_CyberneticShell1,TFT7_Augment_CannoneerTrait,TFT7_Augment_AxiomArc2,,,,,3.0,,1.0,,1.0,1.0,,,,,,0.0,,2.0,,,1.0,,,,,1.0,,0.0,,,,,,,,,,,,,,,,,,,,,,,,,,,,,2.0,InfinityEdge,GuinsoosRageblade,GuardianAngel,,,,,,,,,1.0,WarmogsArmor,TitansResolve,RedBuff,,,,,,,,,,,,,,,,,,,,,,,,,,,,,,,,,2.0,ShimmerscaleDravensAxe,,,,,,,,,,,,,,,,,,,,,,,2.0,SeraphsEmbrace,,,,,,,,,,,,,,,,,,,,,,,,,,,,,,,,,,,,,,,,,,,,,,,,,,,,,,,,,,,,,,,2.0,,,,,,,,,,,,,,,,,,,,,,,,,,,,1.0,,,,3.0,TrainerSnax,None,None,2.0,ThiefsGloves,Chalice,RabadonsDeathcap,,,,,,,,,,,,,,,,,,,,,,,,,,,,,,,,
1,EUW1_5973036495,TFT7_Augment_BandOfThieves1,TFT6_Augment_CelestialBlessing1,TFT6_Augment_FuturePeepers,,0.0,1.0,1.0,,,1.0,0.0,,,1.0,,0.0,2.0,0.0,1.0,,,,,0.0,1.0,,,2.0,0.0,0.0,0.0,,,,,,,,,2.0,JeweledGauntlet,SpearOfShojin,UnstableConcoction,,,,,,,,,2.0,,,,,,,,,,,,,,,,,,,,,,,,,,,,,,,,,,,,,,,,,,,,,,,,2.0,,,,,,,,,,,,,,,,,,,,,,,,,,,,,,,,,,,,3.0,ArchangelsStaff,SpearOfShojin,,,,,,,,,,,,,,,,,,2.0,ChainVest,Zephyr,,,,,,,,,,,,,,,,,,,,,,,,,,,,,,,,,,,,,,,,,,,,,,,,,,2.0,RedBuff,TitanicHydra,,,,,,,,,,,,,,,,,,,,None,None,,,,,,,,,,,,,,,,,,,,,,,,,2.0,WarmogsArmor,MageEmblemItem,RabadonsDeathcap,,,,,2.0,ThiefsGloves,ZekesHerald,RapidFireCannon
6,EUW1_5973036495,TFT6_Augment_CelestialBlessing1,TFT7_Augment_MageTrait,TFT7_Augment_GadgetExpert,,1.0,,1.0,,,,,,,2.0,,,3.0,,0.0,,,,,0.0,1.0,,1.0,,,,0.0,,,,,,,,,,,,,,,,,,,,,,,,,,,,,,,,,,,,,,,,,,,,,,,,,,,,,,,,,,,,,,,,,,,,,,,,,1.0,MageEmblemItem,,,,,,,,,,,,,,,,,,,,,,,,,,,,,,,3.0,StatikkShiv,,,,,,,,,,,,,,,,,,,,,,,,,,,,,,,2.0,,,,,,,,,,,,,,,,,,,,,,,,,,,,,,,,,,,,,,,,2.0,DragonsClaw,,,,,,,,,,,,,,,,,,,,,None,None,,,,,1.0,MageEmblemItem,RecurveBow,,3.0,Deathblade,MadredsBloodrazor,GuinsoosRageblade,,,,,,,,,,,,,,,,,,,,,1.0,SpearOfShojin,,
2,EUW1_5973036495,TFT6_Augment_TriForce1,TFT7_Augment_WhispersTrait,TFT7_Augment_ShapeshifterBeastsDen,1.0,,,1.0,,,1.0,,0.0,0.0,1.0,0.0,,0.0,,,,0.0,,1.0,,,,,,,,4.0,,,,,,,,,,,,,,,,,,,,,,,,,,,,,,,,,,,,,,,,,,,,,,,,,2.0,Bloodthirster,BrambleVest,GuinsoosRageblade,3.0,Bloodthirster,Quicksilver,GuinsoosRageblade,,,,,,,,,,,,,,,,,,,,,,,,,,,,,,,,,,,,,,,,,,,,,,,,,,,,,2.0,,,,,,,,,,,,,,,,,,,,2.0,FrozenHeart,ArchangelsStaff,InfinityEdge,,,,,,,,,,,,,,,,,,,,,,,,,,,,,,,,,1.0,,,,,,,,,,,,2.0,RedBuff,,,,,,,2.0,,,,,,,,2.0,,,,,,None,None,,,,,,,,,,,,,,,,,,,,,,,,,,,,,,,,,,,,
2,EUW1_5971735221,TFT7_Augment_WarriorEmblem,TFT7_Augment_WarriorTrait,TFT6_Augment_PortableForge,0.0,,,1.0,,,,0.0,,1.0,,,,,1.0,,0.0,,2.0,0.0,,,,,,,3.0,1.0,,,,,,,,,,,,,,,,,,,,,,,,,2.0,WarmogsArmor,BrambleVest,RedBuff,,,,,3.0,WarriorEmblemItem,Shroud,IonicSpark,,,,,,,,,,,,,,,,,1.0,,,,,,,,,,,,,,,,,,,,,,,,,,,,,,,,,,,,,,,,,,,,,,,,,,,,,,,,,,,,,,,,,,,,3.0,GuinsoosRageblade,Bloodthirster,Quicksilver,,,,,,,,,,,,,,,,,,,,,,,,,,,,,2.0,ZekesHerald,ZekesHerald,IonicSpark,,,,,,,,,,,,,,,,,,,,,,,,,,,,,,,,,,,,,2.0,,,,,,None,None,,,,,,,,,,,,,,,,,,,,,,,,,1.0,ChainVest,,,3.0,ScalescornEmblemItem,OrnnZhonyasParadox,RedBuff,,,,
1,EUW1_5971735221,TFT7_Augment_ClutteredMind,TFT6_Augment_ItemGrabBag1,TFT6_Augment_TomeOfTraits1,,,,0.0,,2.0,1.0,1.0,0.0,1.0,1.0,0.0,1.0,,1.0,,,,,,1.0,,,,1.0,,0.0,,,,,,3.0,RabadonsDeathcap,SpearOfShojin,StatikkShiv,,,,,,,,,,,,,,,,,,,,,,,,,,,,,,,,,2.0,BrambleVest,GargoyleStoneplate,Quicksilver,,,,,,,,,,,,,,,,,,,,,,,,,,,,,,,,,,,,,,,,,,,,,2.0,NeedlesslyLargeRod,,,,,,,,,,,,,,,,,,,,,,,,,,,2.0,,,,,,,,3.0,GuardianEmblemItem,FrozenHeart,RedBuff,,,,,,,,,,,,,2.0,Chalice,ZekesHerald,,,,,,,,,,,,,,,,,,,,,,,,,,,,,,,,,,,,,,,,,,,,,,,,,,,,,,,,None,None,,,,,,,,,,,,,,,,,3.0,GuinsoosRageblade,ShimmerscaleGoldmancersStaff,Quicksilver,,,,,2.0,RunaansHurricane,CavalierEmblemItem,TitansResolve,,,,,,,,
4,EUW1_5971735221,TFT6_Augment_ThreesCompany,TFT6_Augment_SecondWind1,TFT6_Augment_Meditation2,,0.0,,1.0,,0.0,,,1.0,,1.0,,,2.0,,1.0,,0.0,0.0,,,,,,,1.0,,0.0,,,,,,,,,,,,,,,,,,,,,,,,,,,,,,,,,,,,,,,,,,,,,,,,,,,,,,,,,,,,,,,,,,,,,1.0,Zephyr,,,2.0,RedBuff,,,,,,,,,,,,,,,,,,,,,,,2.0,ThiefsGloves,RecurveBow,RunaansHurricane,2.0,,,,3.0,HextechGunblade,ArchangelsStaff,,,,,,,,,,,,,,,,,,,,,,,,,,,,,,2.0,JeweledGauntlet,SpearOfShojin,ArchangelsStaff,,,,,,,,,,,,,,,,,,,,,,,,,2.0,Zephyr,,,,,,,,,,,2.0,GargoyleStoneplate,WarmogsArmor,,,,,,,,,,,,,,,,,,2.0,TrainerSnax,None,None,,,,,,,,,,,,,,,,,,,,,,,,,,,,,,,,,,,,
8,EUW1_5971735221,TFT7_Augment_CavalierEmblem,TFT7_Augment_BestFriends1,TFT7_Augment_AxiomArc2,,,,,,2.0,1.0,0.0,,0.0,1.0,,,,3.0,,,,,,,,,,,,0.0,,,,,,,,,,,,,,,,,,,,,,,,,,,,,,,,,,,,,,2.0,RapidFireCannon,InfinityEdge,JeweledGauntlet,,,,,,,,,,,,,,,,,,,,,,,,,,,,,,,,,,,,,,,,,,,,,,,,,,,,,2.0,,,,,,,,,,,,,,,,,,,,,,,,2.0,TearOfTheGoddess,,,,,,,,,,,,,,,,,,,,,,,2.0,,,,,,,,,,,,,,,,,,,,,,,,,,,,,,,,,,,,,,,,,,,,,,,,,,,,,,,,,,None,None,,,,,,,,,,,,,,,,,,,,,,,,,1.0,SeraphsEmbrace,CavalierEmblemItem,FrozenHeart,,,,,,,,
3,EUW1_5971735221,TFT7_Augment_FirstAidKit2,TFT6_Augment_SecondWind1,TFT6_Augment_PortableForge,0.0,1.0,,1.0,,,,,,,2.0,,,2.0,,0.0,,,,,0.0,1.0,,1.0,,,,1.0,,,,,,,,,,,,,,,,,,,,,,,,,,,,,,,,,,,,,,,,,,,,,,,,,,,,,,,,,,,,,,,,,,,,,,,,,3.0,IonicSpark,MageEmblemItem,,,,,,,,,,,,,,,,,,,,,,,,,,,,,,3.0,StatikkShiv,,,,,,,,,,,,,,,,,,,,,,,1.0,MadredsBloodrazor,RapidFireCannon,,,,,,2.0,StatikkShiv,,,,,,,,,,,,,,,,,,,,,,,,,,,,,,,,,,,,,,,2.0,DragonsClaw,RedBuff,PowerGauntlet,,,,,,,,,,,,,,,,,,,None,None,,,,,2.0,,,,3.0,GuinsoosRageblade,RunaansHurricane,UnstableConcoction,,,,,,,,,,,,,,,,,,,,,1.0,OrnnMuramana,Quicksilver,ArchangelsStaff
6,EUW1_5971735221,TFT7_Augment_Preparation2,TFT6_Augment_ItemGrabBag1,TFT6_Augment_ComponentGrabBag,,1.0,,1.0,0.0,,1.0,,2.0,,,0.0,0.0,,,0.0,,0.0,,,,,,,0.0,1.0,,,,,,,2.0,,,,,,,,,,,,1.0,SpearOfShojin,ArchangelsStaff,RabadonsDeathcap,,,,,,,,,,,,,,,,,,,,,,,,,,,,,,,,,,,,,,,,,,,,,,,,,,,,,2.0,RedBuff,GargoyleStoneplate,WarmogsArmor,,,,,,,,,,,,,,,,,,,,,,,,,2.0,LocketOfTheIronSolari,,,,,,,,,,,,,,,,,,,,,,,2.0,IonicSpark,,,,,,,,,,,,,,,,,,,,,,,,,,,,,,,,,,,,,,,1.0,Quicksilver,HextechGunblade,,,,,,,,,,,,,,,,,,,,,,,,,,,,,,3.0,TrainerSnax,None,None,2.0,,,,,,,,,,,,,,,,,,,,,,,,,,,,,,,,,,,
7,EUW1_5971735221,TFT6_Augment_CyberneticShell2,TFT6_Augment_TinyTitans,TFT6_Augment_ComponentGrabBag,,1.0,,1.0,,,,,0.0,,1.0,,,2.0,,1.0,,,,,,,,,,1.0,,0.0,,,,,,,,,,,,,,,,,,,,,,,,,,,,,,,,,,,,,,,,,,,,,,,,,,,,,,,,,,,,,,,,,,,,,2.0,Shroud,,,2.0,ChainVest,,,,,,,,,,,,,,,,,,,,,,,,,,,1.0,Chalice,,,2.0,ArchangelsStaff,,,,,,,,,,,,,,,,,,,,,,,,,,,,,,,2.0,SpearOfShojin,ArchangelsStaff,HextechGunblade,,,,,,,,,,,,,,,,,,,,,,,,,,,,,,,,,,,,,2.0,RedBuff,GargoyleStoneplate,TitanicHydra,,,,,,,,,,,,,,,,,2.0,TrainerSnax,None,None,,,,,,,,,,,,,3.0,SparringGloves,,,,,,,,,,,,,,,,,,,,,,
5,EUW1_5971735221,TFT7_Augment_PandorasBench,TFT6_Augment_ThrillOfTheHunt1,TFT6_Augment_SecondWind2,,,,,2.0,,1.0,,1.0,1.0,,,,,,0.0,,2.0,0.0,,1.0,,,,,1.0,,,,,,,,,,,,,,,,,,,,,,,,,,,2.0,ThiefsGloves,RecurveBow,RunaansHurricane,2.0,MadredsBloodrazor,HextechGunblade,GuinsoosRageblade,,,,,,,,,2.0,GargoyleStoneplate,ChainVest,DragonsClaw,,,,,,,,,,,,,,,,,,,,,,,,,,,,,,,,,2.0,LastWhisper,,,,,,,,,,,,,,,,,,,,,,,2.0,ZekesHerald,ZekesHerald,,,,,,,,,,,,,,,,,,,,,,,,,,,,,,,,,,,,,,,,,,,,,,,,,,,,,,,,,,,,,,2.0,SpearOfShojin,ShimmerscaleGoldmancersStaff,,,,,,,,,,,,,,,,,,,,,,,,,,,,,,3.0,TrainerSnax,None,None,2.0,,,,,,,,,,,,,,,,,,,,,,,,,,,,,,,,,,,
6,EUW1_5971878965,TFT7_Augment_JadePenitence,TFT7_Augment_DragonHorde,TFT6_Augment_SecondWind2,,,1.0,,,,2.0,0.0,0.0,,1.0,2.0,,,0.0,2.0,,,,1.0,,,1.0,,,0.0,0.0,,,,,,,,,,,,,,,,,,,,,,1.0,,,,,,,,,,,,,,,,,,,,,,,,2.0,UnstableConcoction,InfinityEdge,TitansResolve,,,,,,,,,,,,,1.0,ChainVest,,,,,,,,,,,,,,,,,,,,,,,,,,,,,,,,,,,,,,,1.0,,,,,,,,2.0,Morellonomicon,GargoyleStoneplate,,,,,,,,,,,,,,,,,,,,,,,,,,,,,,,,,,,,,,,,,,,,,,,,,,,,,,,,,,1.0,,,,,,,,,,,,,,,,,,,,,,,,,,,,,,None,None,,,,,,,,,,,,,,,,,,,,,,,,,1.0,Bloodthirster,InfinityEdge,,,,,,,,,
7,EUW1_5971878965,TFT7_Augment_CannoneerHotShot,TFT6_Augment_ThrillOfTheHunt2,TFT6_Augment_PortableForge,,,,,1.0,,1.0,,1.0,1.0,,,,0.0,,0.0,,1.0,,,1.0,1.0,,,,1.0,,0.0,,,,,,,,,,,,,,,,,,,,,,,,,,,,,1.0,MadredsBloodrazor,UnstableConcoction,HextechGunblade,,,,,,,,,2.0,DragonsClaw,GargoyleStoneplate,,,,,,,,,,,,,,,,,,,,,,,,,,,,,,,,,,,,,,,,,,,,,,,,,,,,,,,,,,1.0,PowerGauntlet,,,,,,,,,,,,,,,,,,,,,,,,,,,,,,,,,,,,,,,,,,,,,,,,,,,,,,,,,,,,,,,2.0,OrnnMuramana,ShimmerscaleHeartOfGold,,,,,,,,,,,,,,,,,,,,,,,,,,1.0,Shroud,,,3.0,TrainerSnax,None,None,2.0,,,,,,,,,,,,,,,,,,,,,,,,,,,,,,,,1.0,,,
5,EUW1_5971878965,TFT7_Augment_SwiftshotPressTheAttack,TFT6_Augment_SecondWind2,TFT6_Augment_ComponentGrabBag,1.0,,,1.0,,1.0,,,,,3.0,,0.0,,,,1.0,,,,,,,1.0,1.0,,0.0,,,,,,,,,,,,,,,,,,,,,,,,,,,,,,,,,,,,,,,,,,,,,,,,,,,,,,,,,,,,,,,,,,2.0,,,,,,,,,,,,,,,,,,,,,,,,,,,,,,,,,,,,,,,,,,,,,,,,,,,,,,,,,,,,2.0,,,,,,,,2.0,RabadonsDeathcap,SpearOfShojin,,,,,,2.0,,,,,,,,,,,,1.0,,,,,,,,,,,,,,,,,,,,,,,,,,,,,,,,2.0,InfinityEdge,FrozenHeart,UnstableConcoction,,,,,,,,,,,None,None,,,,,2.0,NeedlesslyLargeRod,ZekesHerald,,,,,,,,,,,,,,1.0,GuinsoosRageblade,Deathblade,Quicksilver,,,,,,,,,,,,
4,EUW1_5971878965,TFT6_Augment_SecondWind2,TFT6_Augment_CyberneticUplink2,TFT7_Augment_GuildEmblem,0.0,,1.0,1.0,,0.0,,,0.0,,3.0,,0.0,,,1.0,1.0,,,,,,,1.0,0.0,0.0,0.0,0.0,,,,,,,,,,,,,,,,,,,,,1.0,BFSword,,,,,,,,,,,,,,,,,,,,,,,,,,,,,,,,,,,,,,,,,,,2.0,GuildEmblemItem,,,,,,,,,,,,,,,,,,,,,,,,,,,,,,,,,,,1.0,,,,,,,,,,,,,,,,,,,,,,,,2.0,GargoyleStoneplate,RedBuff,IonicSpark,2.0,ThiefsGloves,PowerGauntlet,Shroud,,,,,,,,,,,,,,,,,,,,,2.0,ThiefsGloves,RunaansHurricane,Shroud,,,,,,,,,,,,,,,,,,,,,,,,,,,,,,,,,,,,,,,,,,,None,None,,,,,2.0,ThiefsGloves,Chalice,GargoyleStoneplate,,,,,,,,,,,,,2.0,GuinsoosRageblade,Quicksilver,MadredsBloodrazor,,,,,,,,,,,,
2,EUW1_5971878965,TFT6_Augment_SunfireBoard,TFT6_Augment_Diversify2,TFT6_Augment_ComponentGrabBag,,1.0,1.0,2.0,,,1.0,,,,1.0,,0.0,1.0,,1.0,,,,,0.0,1.0,,0.0,0.0,,,2.0,,,,,,,,,,,,,,,,,,,,,1.0,,,,,,,,,,,,,,,,,,,,,,,,,,,,2.0,InfinityEdge,UnstableConcoction,RapidFireCannon,,,,,,,,,,,,,,,,,,,,,3.0,WarmogsArmor,Bloodthirster,,,,,,,,,,,,,,,,,,,,,,,,,,,,,,1.0,,,,,,,,,,,,,,,,,,,,2.0,WarmogsArmor,,,,,,,,,,,,,,,,,,,,,,,,,,,,,,,,,,,,,,,,,,,,,,,,,,,2.0,Zephyr,,,,,,,,,,,,,,,,,,,,,None,None,,,,,,,,,3.0,RunaansHurricane,GuinsoosRageblade,MadredsBloodrazor,,,,,,,,,,,,,,,,,,,,,1.0,GuardianAngel,SpearOfShojin,SeraphsEmbrace
1,EUW1_5971878965,TFT7_Augment_MikaelsGift,TFT6_Augment_Diversify2,TFT6_Augment_SalvageBin,1.0,,1.0,1.0,,,1.0,0.0,,,2.0,0.0,0.0,,0.0,0.0,,,,,,,1.0,,1.0,,0.0,2.0,,,,,,,,,,,,,,,,,,,,,2.0,,,,,,,,,,,,,,,,,,,,,,,,,,,,2.0,UnstableConcoction,InfinityEdge,Bloodthirster,,,,,,,,,,,,,,,,,,,,,,,,,,,,,,,,,,,,,,,,,,,,,,,,,,,,,,,,,,,,,,,,,,,,,,,,,2.0,LocketOfTheIronSolari,LocketOfTheIronSolari,,2.0,ZekesHerald,,,2.0,,,,,,,,,,,,,,,,,,,,,,,,,,,,,,,,,,,,2.0,NeedlesslyLargeRod,,,,,,,,,,,,,,,2.0,UnstableConcoction,RedBuff,InfinityEdge,,,,,,,,,,,None,None,,,,,,,,,,,,,,,,,,,,,,,,,2.0,IonicSpark,GuardianAngel,,,,,,,,,
3,EUW1_5971878965,TFT6_Augment_HyperRoll,TFT6_Augment_SecondWind2,TFT6_Augment_CyberneticShell2,,0.0,1.0,1.0,,,,,1.0,,2.0,,,2.0,,2.0,,0.0,,,0.0,1.0,,,,1.0,,0.0,,,,,,,,,,,,,,,,,,,,,1.0,,,,,,,,,,,,,,,,,,,,,,,,,,,,,,,,,,,,,,,,,,,,,,,,2.0,TitanicHydra,,,3.0,ThiefsGloves,RunaansHurricane,MadredsBloodrazor,,,,,,,,,,,,,,,,,,,,,,,,,2.0,Deathblade,,,3.0,StatikkShiv,HextechGunblade,,,,,,,,,,,,,,,,,,,,,,,,,,,,,,2.0,UnstableConcoction,RabadonsDeathcap,EvokerEmblemItem,,,,,,,,,,,,,,,,,,,,,,,,,2.0,,,,,,,,,,,,2.0,GargoyleStoneplate,RedBuff,DragonsClaw,,,,,,,,,,,,,,,,,2.0,TrainerSnax,None,None,,,,,,,,,,,,,,,,,,,,,,,,,,,,,,,,,1.0,Chalice,,
8,EUW1_5971878965,TFT6_Augment_CyberneticUplink2,TFT7_Augment_BestFriends2,TFT6_Augment_ComponentGrabBag,,,1.0,,1.0,,1.0,0.0,1.0,1.0,1.0,,,,0.0,1.0,,2.0,,,1.0,,,,,0.0,0.0,,,,,,,,,,,,,,,,,,,,,,1.0,,,,,,,,2.0,Quicksilver,HextechGunblade,,,,,,,,,,2.0,GargoyleStoneplate,WarmogsArmor,,,,,,,,,,,,,,,,,,,,,,,,,,,,,,,,,,2.0,ShimmerscaleHeartOfGold,,,,,,,,,,,,,,,,,,,,,,,2.0,BFSword,,,,,,,,,,,,,,,,,,,,,,,,,,,,,,,,,,,,,,,,,,,,,,,,,,,,,,,,,,,,,,,1.0,MadredsBloodrazor,ZekesHerald,,,,,,,,,,,,,,,,,,,,,,,,,,,,,,,,None,None,,,,,,,,,,,,,,,,,,,,,,,,,1.0,GuardianEmblemItem,Bloodthirster,,,,,,,,,
4,EUW1_5971426428,TFT7_Augment_TempestEyeOfTheStorm,TFT7_Augment_BandOfThieves1,TFT7_Augment_CavalierEmblem,,,,0.0,,2.0,,1.0,0.0,,1.0,1.0,1.0,,0.0,,,,,0.0,0.0,,,,1.0,,,,,,,,2.0,Deathblade,,,,,,,,,,,,,,,,,,,,,,,,,,,,,,,,,,,,,,,,,,,,,,,,,,,,,,,,,,,,,,,,,,,,,,,,,,,2.0,,,,,,,,2.0,ThiefsGloves,RedBuff,GargoyleStoneplate,,,,,,,,,,,,,,,,,2.0,DragonsClaw,,,,,,,2.0,SparringGloves,Redemption,,,,,,2.0,CavalierEmblemItem,HextechGunblade,FrozenHeart,,,,,,,,,,,,,2.0,Chalice,BrambleVest,Chalice,,,,,,,,,,,,,,,,,,,,,,,,,,,,,,,,,,,,,,,,,,,,,,,,,,,,,,,None,None,,,,,,,,,,,,,,,,,2.0,Bloodthirster,GuinsoosRageblade,Quicksilver,,,,,,,,,,,,,,,,
2,EUW1_5971426428,TFT6_Augment_TradeSector,TFT6_Augment_ThrillOfTheHunt1,TFT6_Augment_Diversify2,,1.0,,1.0,,,,,0.0,,,,0.0,1.0,,1.0,,,,,0.0,1.0,,1.0,1.0,1.0,,,,,,,,,,,,,,,,,,,,,,,,,,,,,,,,,,,,,,,,,,,,,,,,,,,,,,,,,,,2.0,Shroud,,,,,,,,,,,1.0,,,,3.0,WarmogsArmor,RedBuff,GargoyleStoneplate,,,,,,,,,,,,,,,,,,,,,,,,,2.0,,,,3.0,RedBuff,MadredsBloodrazor,,,,,,,,,,,,,,,,,,2.0,NegatronCloak,,,,,,,,,,,,,,,,,,,,,,,,,,,,,,,,,,,,,,,,,,,,,,,,,,,,,,,,,,,,,,,,,,,,,,,2.0,TrainerSnax,None,None,,,,,,,,,3.0,RunaansHurricane,GuinsoosRageblade,GuinsoosRageblade,,,,,,,,,,,,,,,,,,,,,1.0,ArchangelsStaff,RabadonsDeathcap,UnstableConcoction
7,EUW1_5971426428,TFT6_Augment_ThreesCompany,TFT6_Augment_ThrillOfTheHunt1,TFT7_Augment_RagewingScorch,,,,0.0,0.0,0.0,1.0,0.0,,,,,,,,,3.0,,,1.0,,,,0.0,,,0.0,,,,,,,,,,,,,,,,,,,,,,,,,,,,,,,,,,,,,,,,,,,,,,,,,,,,,,,,,,,,,,,,,,1.0,NegatronCloak,,,,,,,,,,,,,,,,,,,,,,,,,,,,,,,,,,,,,,,,,,,,,,,,,,,,,,,,,,,,,,,,,,,,,,,,,,,,,,,1.0,,,,2.0,,,,1.0,,,,1.0,DragonsClaw,WarmogsArmor,JeweledGauntlet,,,,,,,,,,,,,1.0,StatikkShiv,,,,,,,,,,,,,,,,,,,,,,,,,None,None,,,,,,,,,,,,,,,,,,,,,2.0,GuinsoosRageblade,Quicksilver,InfinityEdge,,,,,,,,,,,,
3,EUW1_5971426428,TFT6_Augment_CelestialBlessing2,TFT6_Augment_Electrocharge1,TFT7_Augment_DragonHorde,,,,1.0,,,2.0,0.0,,1.0,,,0.0,,0.0,,,,,,1.0,,,,2.0,,0.0,2.0,,,,,,,,,1.0,ZekesHerald,PowerGauntlet,ShimmerscaleDiamondHands,,,,,,,,,,,,,,,,,,,,,,,,,,,,,2.0,RedBuff,WarmogsArmor,Quicksilver,,,,,2.0,UnstableConcoction,UnstableConcoction,MadredsBloodrazor,,,,,,,,,,,,,,,,,,,,,,,,,,,,,,,,,,,,,,,,,,,,,,,,,,,,,,,,,,,,,,,,,,,,,,,,,1.0,,,,,,,,,,,,,,,,,,,,,,,,,,,,,,,,,,,,,,,,,,,,,,,,,,,,,,,,,,,,,,,,,,,,1.0,Shroud,,,,,None,None,,,,,,,,,,,,,,,,,,,,,,,,,1.0,RunaansHurricane,,,,,,,,,,
8,EUW1_5971426428,TFT7_Augment_ClutteredMind,TFT7_Augment_LategameSpecialist,TFT7_Augment_RevelPartyTime,,,,,2.0,,1.0,,1.0,1.0,,,,,0.0,0.0,,2.0,,,1.0,,,,,1.0,,,,,,,,,,,,,,,,,,,,,,,,,,,,,,,2.0,InfinityEdge,Quicksilver,MadredsBloodrazor,,,,,,,,,1.0,GargoyleStoneplate,RedBuff,ShimmerscaleDeterminedInvestor,,,,,,,,,,,,,,,,,,,,,,,,,,,,,,,,,1.0,,,,,,,,,,,,,,,,1.0,,,,,,,,2.0,,,,,,,,,,,,,,,,,,,,,,,,,,,,,,,,,,,,,,,,,,,,,,,,,,,,,,,,,,,,,,,,2.0,Quicksilver,JeweledGauntlet,,,,,,,,,,,,,,,,,,,,,,,,,,,,,,3.0,TrainerSnax,None,None,2.0,,,,,,,,,,,,,,,,,,,,,,,,,,,,,,,,,,,
1,EUW1_5971426428,TFT6_Augment_Electrocharge2,TFT6_Augment_ItemGrabBag1,TFT7_Augment_DragonAlliance,,,1.0,0.0,,,2.0,0.0,,1.0,1.0,,,,2.0,1.0,,,,,1.0,,,,,,0.0,2.0,,,,,,,,,,,,,,,,,,,,,2.0,,,,,,,,,,,,,,,,2.0,StatikkShiv,MadredsBloodrazor,GuinsoosRageblade,2.0,Redemption,WarmogsArmor,FrozenHeart,,,,,2.0,InfinityEdge,Bloodthirster,Quicksilver,,,,,,,,,,,,,,,,,,,,,,,,,,,,,,,,,,,,,,,,,,,,,,,,,,,,,,,,,,,,,,,,,,,,,,,,,,,,,,,,,,,,,,,,,,,,,,,,,,,,,,,,,,,,,,,,,,,,,,,,,,,,,,,,,,,,,,,,,,,,,2.0,MysticEmblemItem,,,,,None,None,,,,,,,,,,,,,,,,,,,,,,,,,2.0,ShimmerscaleDiamondHands,GuardianAngel,LastWhisper,,,,,,,,
6,EUW1_5971426428,TFT6_Augment_CelestialBlessing2,TFT7_Augment_MageTrait,TFT6_Augment_TomeOfTraits1,,1.0,,1.0,,,,,,,1.0,,,3.0,,0.0,,,,,0.0,1.0,,,,0.0,,1.0,,,,,,,,,,,,,,,,,,,,,,,,,,,,,,,,,,,,,,,,,,,,,,,,,,,,,,,,,,,,,,,,,,,,,2.0,,,,2.0,IonicSpark,,,,,,,,,,,,,,,,,,,,,,,,,,,,,,,3.0,WhispersEmblemItem,StatikkShiv,,,,,,,,,,,,,,,,,,,,,,,,,,,,,,2.0,ArchangelsStaff,RabadonsDeathcap,ArchangelsStaff,,,,,,,,,,,,,,,,,,,,,,,,,,,,,,,,,,,,,2.0,GargoyleStoneplate,BrambleVest,DragonsClaw,,,,,,,,,,,,,,,,,,,None,None,,,,,,,,,,,,,2.0,,,,,,,,,,,,,,,,,,,,1.0,,,
5,EUW1_5971426428,TFT7_Augment_CannoneerRicochet,TFT7_Augment_BestFriends1,TFT6_Augment_CelestialBlessing2,,,,,2.0,0.0,1.0,,1.0,,,,,,2.0,0.0,,3.0,,,,,,,,1.0,,,,,,,,,,,,,,,,,,,,,,,,,,,,,,,1.0,InfinityEdge,Bloodthirster,,,,,,2.0,RevelEmblemItem,GuinsoosRageblade,UnstableConcoction,,,,,,,,,,,,,,,,,,,,,,,,,,,,,,,,,,,,,2.0,PowerGauntlet,,,,,,,,,,,,,,,,,,,,,,,2.0,,,,,,,,,,,,,,,,2.0,RedBuff,GargoyleStoneplate,GargoyleStoneplate,,,,,,,,,,,,,,,,,,,,,,,,,,,,,,,,,,,,,,,,,,,,,1.0,,,,,,,,,,,,,,,,,,,,,,,,,,,,,,,,3.0,TrainerSnax,None,None,2.0,,,,,,,,,,,,,,,,,,,,,,,,,,,,,,,,,,,
1,EUW1_5971926514,TFT6_Augment_SlowAndSteady,TFT6_Augment_ThriftShop,TFT7_Augment_UrfsGrabBag2,,0.0,1.0,1.0,,,1.0,0.0,0.0,,1.0,,0.0,2.0,0.0,2.0,,,,,0.0,1.0,,,2.0,1.0,0.0,0.0,,,,,,,,,2.0,UnstableConcoction,SpearOfShojin,GuinsoosRageblade,,,,,,,,,2.0,MageEmblemItem,,,,,,,,,,,,,,,,,,,,,,,,,,,,,,,,,,,,,,,,,,,,,,,2.0,ForceOfNature,,,,,,,,,,,,,,,,,,,,,,,,,,,,,,,2.0,Chalice,Redemption,,1.0,,,,,,,,,,,,,,,,,,,,2.0,TitanicHydra,,,,,,,,,,,,,,,,,,,,,,,,,,,,,,,,,,,,,,,,,,,,,,,,,,,2.0,WarmogsArmor,IonicSpark,FrozenHeart,,,,,,,,,,,,,,,,,4.0,TrainerSnax,None,None,,,,,,,,,,,,,,,,,,,,,,,,,2.0,Zephyr,,,,,,,2.0,GuardianAngel,GuinsoosRageblade,SpearOfShojin
6,EUW1_5971926514,TFT6_Augment_CelestialBlessing3,TFT6_Augment_ThriftShop,TFT6_Augment_Diversify3,,1.0,,1.0,,,,,0.0,,2.0,,,1.0,,1.0,,,,,,,,1.0,,0.0,,0.0,,,,,,,,,,,,,,,,,,,,,,,,,,,,,,,,,,,,,,,,,,,,,,,,,,,,,,,,,,,,,,,,,,,,,,,,,3.0,ChainVest,,,,,,,,,,,,,,,,,,,,,,,,,,,1.0,Chalice,,,3.0,,,,,,,,,,,,,,,,,,,,,,,,,,,,,,,,2.0,JeweledGauntlet,Bloodthirster,,,,,,,,,,,,,,,,,,,,,,,,,,,,,,,,,,,,,,2.0,GargoyleStoneplate,,,,,,,,,,,,,,,,,,,,,None,None,,,,,2.0,,,,3.0,Quicksilver,MadredsBloodrazor,MadredsBloodrazor,,,,,,,,,,,,,,,,,,,,,,,,
7,EUW1_5971926514,TFT7_Augment_MageEmblem2,TFT7_Augment_ThinkFast,TFT6_Augment_CyberneticUplink3,,0.0,1.0,1.0,,,,,0.0,,2.0,,,2.0,,2.0,,,,,,,,,,1.0,,0.0,,,,,,,,,,,,,,,,,,,,,1.0,,,,,,,,,,,,,,,,,,,,,,,,,,,,,,,,,,,,,,,,,,,,,,,,2.0,,,,2.0,MageEmblemItem,ChainVest,,,,,,,,,,,,,,,,,,,,,,,,,,2.0,,,,2.0,StatikkShiv,,,,,,,,,,,,,,,,,,,,,,,,,,,,,,,3.0,SpearOfShojin,HextechGunblade,JeweledGauntlet,,,,,,,,,,,,,,,,,,,,,,,,,,,,,,,,,,,,,2.0,IonicSpark,BrambleVest,WarmogsArmor,,,,,,,,,,,,,,,,,3.0,TrainerSnax,None,None,,,,,,,,,,,,,,,,,,,,,,,,,,,,,,,,,,,,
3,EUW1_5971926514,TFT7_Augment_WhispersEmblem2,TFT6_Augment_Diversify3,TFT6_Augment_MaxLevel10,,,1.0,1.0,1.0,,1.0,0.0,1.0,,1.0,,0.0,,0.0,1.0,,1.0,,,,,,,0.0,1.0,0.0,2.0,,,,,,,,,,,,,,,,,,,,,1.0,,,,,,,,2.0,GuinsoosRageblade,WhispersEmblemItem,MadredsBloodrazor,,,,,,,,,,,,,,,,,2.0,TitansResolve,UnstableConcoction,FrozenHeart,,,,,,,,,,,,,,,,,,,,,,,,,,,,,,,,,,,,,,,,,,,,,,,,,2.0,LocketOfTheIronSolari,,,,,,,,,,,,,,,,,,,,,,,2.0,RedBuff,Redemption,Bloodthirster,,,,,,,,,,,,,,,,,,,,,,,,,,,,,,,,,,,,,1.0,ArchangelsStaff,,,,,,,,,,,,,,,,,,,,,,,,,,,,,,,3.0,TrainerSnax,None,None,2.0,InfinityEdge,,,,,,,,,,,,,,,,,,,,,,,2.0,,,,,,,,,,,
8,EUW1_5971926514,TFT7_Augment_UrfsGrabBag2,TFT6_Augment_CelestialBlessing3,TFT7_Augment_BestFriends3,2.0,,,,,,1.0,0.0,,1.0,1.0,,0.0,,,,0.0,,0.0,,2.0,,,,0.0,,,,,,,,,,,,,,,,,,,,,,,,,,,,2.0,,,,,,,,,,,,,,,,2.0,RedBuff,GargoyleStoneplate,,,,,,,,,,,,,,,,,,,,,,,,,,,,,,,,,,,,,,,,,,2.0,,,,,,,,,,,,,,,,,,,,,,,,,,,,,,,,,,,,,,,,,,,,,,,,2.0,ShimmerscaleGamblersBlade,,,,,,,,,,,,,,,,,,,,,,,,,,,,,,,,,,,,,,,,,,,,,,,,,,,1.0,Bloodthirster,InfinityEdge,ShimmerscaleDravensAxe,,,,,,,,,,,None,None,,,,,,,,,,,,,,,,,1.0,AssassinEmblemItem,,,,,,,,,,,,,,,,,,
4,EUW1_5971926514,TFT6_Augment_ItemGrabBag2,TFT6_Augment_Electrocharge3,TFT7_Augment_UrfsGrabBag2,,0.0,,,,,1.0,,,0.0,,2.0,,,,0.0,,,,2.0,,,1.0,,,,,1.0,,,,,,,,,,,,,,,,,,,,,,,,,,,,,,,,,,,,,,,,,,,,,2.0,TitansResolve,Bloodthirster,DragonsClaw,,,,,1.0,,,,,,,,3.0,FrozenHeart,RunaansHurricane,InfinityEdge,,,,,,,,,,,,,,,,,,,,,,,,,,,,,,,,,,,,,,,,,,,,,1.0,GargoyleStoneplate,Morellonomicon,BrambleVest,3.0,GuinsoosRageblade,RunaansHurricane,Quicksilver,,,,,,,,,,,,,,,,,,,,,,,,,,,,,,,,,,,,,,,,,,,,,,,,,,,,,1.0,,,,,,,,,,,,,,,,,,,,,,,,2.0,,,,,,None,None,,,,,,,,,,,,,,,,,,,,,,,,,,,,,,,,,,,,
2,EUW1_5971926514,TFT7_Augment_BestFriends3,TFT6_Augment_ThriftShop,TFT6_Augment_TheGoldenEgg,,,1.0,1.0,1.0,,1.0,,1.0,0.0,1.0,,0.0,1.0,,1.0,,1.0,,,1.0,1.0,,,0.0,1.0,,0.0,,,,,,,,,,,,,,,,,,,,,2.0,,,,,,,,3.0,UnstableConcoction,ShimmerscaleDravensAxe,MadredsBloodrazor,,,,,,,,,2.0,RedBuff,TitansResolve,GargoyleStoneplate,,,,,,,,,,,,,,,,,,,,,,,,,,,,,,,,,,,,,,,,,,,,,,,,,,,,,,,,,2.0,,,,,,,,,,,,,,,,,,,,,,,,2.0,,,,,,,,,,,,,,,,,,,,,,,,,,,,,,,,,,,,,,,,3.0,DragonsClaw,MageEmblemItem,GuardianAngel,,,,,,,,,2.0,,,,,,,,,,,,,,,,,,,,4.0,TrainerSnax,None,None,2.0,ThiefsGloves,Shroud,JeweledGauntlet,,,,,,,,,,,,,,,,,,,,,,,,,,,,,2.0,GuardianAngel,WarmogsArmor,
5,EUW1_5971926514,TFT7_Augment_CursedCrown,TFT7_Augment_RevelEmblem2,TFT6_Augment_FuturePeepers2,,0.0,,2.0,1.0,,1.0,,1.0,,,,0.0,,1.0,0.0,0.0,4.0,,,,,,,0.0,0.0,0.0,,,,,,,,,,,,,,,,,,,,,,,,,,,,,,1.0,,,,,,,,2.0,StatikkShiv,GuinsoosRageblade,RevelEmblemItem,,,,,,,,,,,,,,,,,,,,,,,,,,,,,,,,,2.0,RedBuff,GiantsBelt,,2.0,,,,,,,,,,,,,,,,,,,,,,,,1.0,,,,,,,,,,,,,,,,,,,,,,,,1.0,ZephyrRadiant,,,,,,,,,,,,,,,,,,,,,,,,,,,2.0,Shroud,Redemption,,,,,,,,,,1.0,LocketOfTheIronSolari,LocketOfTheIronSolari,ZekesHerald,,,,,,,,,,,,,2.0,,,,,,,,,,,,,,,,,,None,None,,,,,,,,,,,,,,,,,,,,,,,,,,,,,,,,,,,,
5,EUW1_5971952907,TFT7_Augment_AstralIntercosmicGifts,TFT6_Augment_LudensEcho1,TFT7_Augment_MysticTrait2,,1.0,,1.0,,,,,1.0,,1.0,,,2.0,,2.0,,0.0,,,,,,,,1.0,,0.0,,,,,,,,,,,,,,,,,,,,,,,,,,,,,,,,,,,,,,,,,,,,,,,,,,,,,,,,,,,,,,,,,,,,,1.0,Shroud,,,2.0,,,,,,,,,,,,,,,,,,,,,,,,,,,,2.0,Chalice,ZekesHerald,,3.0,StatikkShiv,RecurveBow,,,,,,,,,,,,,,,,,,,,,,,,,,,,,,2.0,MadredsBloodrazor,MadredsBloodrazor,ArchangelsStaff,,,,,,,,,,,,,,,,,,,,,,,,,2.0,,,,,,,,,,,,2.0,RedBuff,GargoyleStoneplate,BrambleVest,,,,,,,,,,,,,,,,,3.0,TrainerSnax,None,None,,,,,,,,,,,,,2.0,,,,,,,,,,,,,,,,,,,,,,,
8,EUW1_5971952907,TFT7_Augment_Bloodlust1,TFT6_Augment_Featherweights1,TFT6_Augment_WindfallPlusPlus,,,,1.0,2.0,,,0.0,0.0,,,,,,0.0,0.0,1.0,1.0,,,,,,0.0,,1.0,1.0,,,,,,,,,,,,,,,,,,,,,,,,,,,,,,,,,,,,,,,,,,,,,,,,,,,,,,,,,,,,,,,,,,,,,,,,,,,,,,2.0,,,,,,,,,,,,,,,,,,,,,,,,1.0,,,,,,,,,,,,,,,,,,,,,,,,,,,,,,,,,,,,,,,,,,,,3.0,RunaansHurricane,GuinsoosRageblade,Quicksilver,,,,,2.0,,,,,,,,,,,,,,,,,,,,,,,,,,,,3.0,RedBuff,,,,,,,,,,,,,,,1.0,TrainerSnax,None,None,2.0,,,,,,,,,,,,,,,,,,,,2.0,ZekesHerald,,,1.0,SeraphsEmbrace,GuardianAngel,,,,,,,,,
7,EUW1_5971952907,TFT6_Augment_PortableForge,TFT7_Augment_CannoneerTrait,TFT6_Augment_Diversify3,,,1.0,,2.0,,1.0,,0.0,1.0,1.0,0.0,,,,1.0,,0.0,0.0,,1.0,,1.0,,,1.0,,,,,,,,,,,,,,,,,,,,,,,2.0,HextechGunblade,,,1.0,RedBuff,,,2.0,Deathblade,GuinsoosRageblade,MadredsBloodrazor,,,,,,,,,2.0,OrnnAnimaVisage,GargoyleStoneplate,ShimmerscaleMogulsMail,,,,,,,,,,,,,,,,,,,,,,,,,,,,,,,,,,,,,,,,,,,,,,,,,,,,,,,,,2.0,,,,,,,,,,,,,,,,,,,,,,,,,,,,,,,,,,,,,,,,,,,,,,,,,,,,,,,,,,,,,,,,,,,,1.0,SpearOfShojin,TearOfTheGoddess,,,,,,,,,,,,,,,,,,,,,,,,,,3.0,TrainerSnax,None,None,2.0,,,,,,,,,,,,,,,,,,,,,,,,,,,,,,,,,,,
4,EUW1_5971952907,TFT6_Augment_CalculatedLoss,TFT6_Augment_TinyTitans,TFT6_Augment_RadiantRelics,,0.0,,1.0,,,1.0,,0.0,,,,0.0,2.0,,1.0,,,,,0.0,1.0,,,2.0,1.0,,0.0,,,,,,,,,1.0,MageEmblemItem,SpearOfShojin,MadredsBloodrazor,,,,,,,,,,,,,,,,,,,,,,,,,,,,,,,,,,,,,,,,,,,,,,,,,,,,,,,,,2.0,,,,,,,,,,,,,,,,,,,,,,,,,,,,,,,,2.0,,,,3.0,TearOfTheGoddess,,,,,,,,,,,,,,,,,,,2.0,TitanicHydra,,,,,,,,,,,,,,,,,,,,,,,,,,,,,,,,,,,,,,,,,,,,,,,,,,,2.0,RedBuff,TitansResolve,WarmogsArmorRadiant,,,,,,,,,,,,,,,,,3.0,TrainerSnax,None,None,,,,,,,,,,,,,,,,,,,,,,,,,,,,,,,,,1.0,JeweledGauntlet,GuinsoosRageblade,Quicksilver
6,EUW1_5971952907,TFT6_Augment_ThrillOfTheHunt2,TFT7_Augment_BestFriends1,TFT6_Augment_Diversify3,,,1.0,1.0,,,1.0,,0.0,,1.0,,0.0,1.0,,1.0,,,,,0.0,1.0,,,2.0,1.0,,0.0,,,,,,,,,1.0,SpearOfShojin,GuinsoosRageblade,Bloodthirster,,,,,,,,,1.0,,,,,,,,,,,,,,,,,,,,,,,,,,,,,,,,,,,,,,,,,,,,,,,,2.0,,,,,,,,,,,,,,,,,,,,,,,,,,,,,,,,2.0,Shroud,,,,,,,,,,,,,,,,,,,,,,,2.0,RedBuff,DragonsClaw,BrambleVest,,,,,,,,,,,,,,,,,,,,,,,,,,,,,,,,,,,,,,,,,,,,,,,,,2.0,,,,,,,,,,,,,,,,,,,,4.0,TrainerSnax,None,None,,,,,,,,,,,,,,,,,,,,,,,,,,,,,,,,,1.0,StatikkShiv,Bloodthirster,
2,EUW1_5971952907,TFT7_Augment_SwiftshotPressTheAttack,TFT6_Augment_Weakspot,TFT6_Augment_FuturePeepers2,,0.0,,2.0,,,1.0,,,,1.0,0.0,0.0,0.0,,,,,,,,,1.0,1.0,0.0,,,2.0,,,,,,,,,,,,,,,,,,,,,,,,,,,,,,,,,,,,,,,,,,,,,,,,,2.0,Bloodthirster,TitansResolve,DragonsClaw,,,,,,,,,,,,,,,,,,,,,3.0,GargoyleStoneplate,Zephyr,WarmogsArmor,,,,,,,,,,,,,,,,,,,,,,,,,,,,,,,,,,,,,,,,,,,,,,,,,1.0,,,,,,,,,,,,,,,,,,,,,,,,,,,,,,,,,,,,,,,,,,,,2.0,GuinsoosRageblade,,,,,,,2.0,,,,,,,,,,,,,,,,,,,,,,None,None,,,,,2.0,Deathblade,ZephyrRadiant,,3.0,Deathblade,RunaansHurricane,GuinsoosRageblade,,,,,,,,,,,,,,,,,,,,,,,,
3,EUW1_5971952907,TFT6_Augment_HyperRoll,TFT6_Augment_CelestialBlessing1,TFT7_Augment_BestFriends3,0.0,,1.0,,,2.0,1.0,0.0,,,3.0,,,,2.0,0.0,0.0,,,,,,,,,,0.0,,,,,,,,,,,,,,,,,,,,,,2.0,,,,,,,,,,,,,,,,2.0,InfinityEdge,JeweledGauntlet,UnstableConcoction,,,,,,,,,,,,,,,,,,,,,,,,,2.0,,,,,,,,,,,,,,,,,,,,,,,,,,,,,,,,,,,,,,,,,,,,,,,,,,,,3.0,RedBuff,GargoyleStoneplate,,,,,,,,,,,,,,,,,,,,,,1.0,,,,,,,,,,,,,,,,,,,,,,,,,,,,,,,,,,,,,,,,,,,,2.0,UnstableConcoction,InfinityEdge,,,,,,,,,,,,None,None,,,,,,,,,,,,,,,,,,,,,,,,,2.0,Bloodthirster,MadredsBloodrazor,MadredsBloodrazor,,,,,,,,
1,EUW1_5971952907,TFT7_Augment_TempestEyeOfTheStorm,TFT6_Augment_TriForce1,TFT7_Augment_UrfsGrabBag2,,,,0.0,,,,2.0,0.0,,,1.0,1.0,,0.0,,0.0,,,1.0,0.0,,,,1.0,,0.0,,,,,,2.0,DragonmancerEmblemItem,,,,,,,,,,,,,,,,,,,,,,,,,,,,,,,,,,,,,,,,,,,,,,,,,,,,,,,,,,,,,,,,,,,,,,,,,,,2.0,,,,,,,,2.0,Zephyr,,,,,,,,,,,,,,,,,,,2.0,Chalice,ZekesHerald,,,,,,,,,,,,,,2.0,DragonsClaw,TitansResolve,RedBuff,,,,,,,,,,,,,,,,,,,,,,,,,,,,,,,,,,,,,,,,,,,,,2.0,,,,,,,,,,,,,,,,,,,,,,,,,,None,None,,,,,,,,,,,,,,,,,3.0,Quicksilver,GuinsoosRageblade,StatikkShiv,,,,,1.0,GuardianAngel,GuinsoosRageblade,,,,,,,,,
8,EUW1_5971838310,TFT7_Augment_EvokerEssenceTheft,TFT7_Augment_DragonAlliance,,,,,0.0,,0.0,2.0,,0.0,,,,,,2.0,0.0,,,,,,,,,,0.0,,1.0,,,,,,,,,,,,,,,,,,,,,,,,,,,,,,,,,,,,,,,,,,,,,,,,,1.0,GargoyleStoneplate,GiantsBelt,,,,,,,,,,,,,,,,,,,,,,,,,,1.0,,,,,,,,,,,,,,,,,,,,,,,,1.0,,,,,,,,,,,,,,,,,,,,,,,,,,,,,,,,,,,,,,,,,,,,,,,,,,,,,,,,,,,,,,,,,,,,,,,,,,,,,,,,,,,,,,,,,,,,,,,,1.0,TrainerSnax,None,None,1.0,,,,,,,,,,,,,,,,,,,,,,,,,,,,,,,,,,,
3,EUW1_5971838310,TFT6_Augment_Ascension,TFT6_Augment_CelestialBlessing2,TFT7_Augment_JadePenitence,,0.0,,,,,1.0,,,1.0,,2.0,,,,0.0,,,,2.0,,,,,,,,1.0,,,,,,,,,,,,,,,,,,,,,,,,,,,,,,,,,,,,,,,,,,,,,2.0,Bloodthirster,GuardianAngel,GuinsoosRageblade,,,,,2.0,GuinsoosRageblade,NeedlesslyLargeRod,,,,,,2.0,,,,,,,,,,,,,,,,,,,,,,,,,,,,,,,,,,,,,,,,,,,,,,,,2.0,RedBuff,UnstableConcoction,Redemption,3.0,GuinsoosRageblade,Quicksilver,MadredsBloodrazor,,,,,,,,,,,,,,,,,,,,,,,,,,,,,,,,,,,,,,,,,,,,,,,,,,,,,,,,,,,,,,,,,,,,,,,,,2.0,,,,2.0,,,,,,None,None,,,,,,,,,,,,,,,,,,,,,,,,,,,,,,,,,,,,
2,EUW1_5971838310,TFT6_Augment_SalvageBin,TFT7_Augment_GadgetExpert,TFT7_Augment_MageEmblem,,1.0,,1.0,,,,,,,2.0,0.0,,2.0,,0.0,,,,,0.0,1.0,1.0,1.0,,,,0.0,,,,,,,,,,,,,,,,,,,,,,,,,,,,,,,,,,,,,,,,,,,,,,,,,,,,,,,,,,,,,,,,,,,,,,,,,3.0,MageEmblemItem,,,,,,,,,,,,,,,,,,,,,,,,,,,,,,,3.0,StatikkShiv,ZekesHerald,,,,,,,,,,,,,,,,,,,,,,,,,,,,,,2.0,,,,,,,,,,,,,,,,,,,,,,,,,,,,,,,,1.0,GuardianAngel,,,,,,,2.0,RedBuff,GargoyleStoneplate,DragonsClaw,,,,,,,,,,,,,,,,,,,None,None,,,,,1.0,,,,3.0,MadredsBloodrazor,RunaansHurricane,GuinsoosRageblade,,,,,,,,,,,,,,,,,,,,,1.0,RabadonsDeathcap,ArchangelsStaff,SpearOfShojin
1,EUW1_5971838310,TFT7_Augment_CannoneerHotShot,TFT7_Augment_RevelPartyFavors,TFT6_Augment_Meditation2,,,1.0,,2.0,,1.0,0.0,1.0,1.0,1.0,,,,0.0,1.0,,2.0,,,1.0,,,,,1.0,0.0,,,,,,,,,,,,,,,,,,,,,,2.0,,,,,,,,2.0,LastWhisper,InfinityEdge,MadredsBloodrazor,,,,,,,,,2.0,GargoyleStoneplate,WarmogsArmor,DragonsClaw,,,,,,,,,,,,,,,,,,,,,,,,,,,,,,,,,2.0,,,,,,,,,,,,,,,,,,,,,,,,2.0,,,,,,,,,,,,,,,,,,,,,,,,,,,,,,,,,,,,,,,,,,,,,,,,,,,,,,,,,,,,,,,,3.0,ShimmerscaleGoldmancersStaff,GuardianEmblemItem,ArchangelsStaff,,,,,,,,,,,,,,,,,,,,,,,,,,,,,4.0,TrainerSnax,None,None,2.0,,,,,,,,,,,,,,,,,,,,,,,,1.0,TitansResolve,WarmogsArmor,HextechGunblade,,,,,,,,
4,EUW1_5971838310,TFT6_Augment_RichGetRicher,TFT7_Augment_BestFriends2,TFT6_Augment_ThrillOfTheHunt2,1.0,,,1.0,,1.0,,0.0,,,3.0,,0.0,,0.0,,1.0,,,,,,,1.0,1.0,,1.0,,,,,,,,,,,,,,,,,,,,,,,,,,,,,,,,,,,,,,,,,,,,,,,,,,,,,,,,,,,,,,,,,,1.0,,,,,,,,,,,,,,,,,,,,,,,,,,,,,,,,,,,,,,,,,,,,,,,,,,,,,,,,,,,,2.0,GargoyleStoneplate,,,,,,,2.0,,,,,,,,2.0,,,,,,,,,,,,2.0,LocketOfTheIronSolari,,,,,,,,,,,,,,,,,,,,,,,,,,,,,,,2.0,IonicSpark,FrozenHeart,,,,,,,,,,,,None,None,,,,,2.0,,,,,,,,,,,,,,,,2.0,GuinsoosRageblade,Quicksilver,RunaansHurricane,2.0,SeraphsEmbrace,LocketOfTheIronSolari,SparringGloves,,,,,,,,
5,EUW1_5971838310,TFT7_Augment_UrfsGrabBag1,TFT6_Augment_FuturePeepers,TFT6_Augment_SalvageBin,1.0,,,1.0,,2.0,,,,,3.0,,0.0,,,,1.0,,,,,,,1.0,1.0,,0.0,,,,,,,,,,,,,,,,,,,,,,,,,,,,,,,,,,,,,,,,,,,,,,,,,,,,,,,,,,,,,,,,,,2.0,Quicksilver,SeraphsEmbrace,,,,,,,,,,,,,,,,,,,,,,,,,,,,,,,,,,,,,,,,,,,,,,,,,,,,,,,,,,2.0,,,,,,,,1.0,Shroud,,,,,,,2.0,RedBuff,,,,,,,,,,,2.0,Redemption,,,,,,,,,,,,,,,,,,,,,,,,,,,,,,,2.0,UnstableConcoction,Bloodthirster,CavalierEmblemItem,,,,,,,,,,,None,None,,,,,2.0,GuinsoosRageblade,LastWhisper,,,,,,,,,,,,,,2.0,Quicksilver,MadredsBloodrazor,GuinsoosRageblade,,,,,,,,,,,,
6,EUW1_5971838310,TFT6_Augment_SalvageBin,TFT6_Augment_SecondWind2,TFT6_Augment_CelestialBlessing2,1.0,,,2.0,,,1.0,,,,1.0,,0.0,0.0,,,0.0,,,,,,,,1.0,,0.0,2.0,,,,,,,,,,,,,,,,,,,,,,,,,,,,,,,,,,,,,,,,,,,,,,,,,2.0,Bloodthirster,AssassinEmblemItem,TitansResolve,,,,,,,,,,,,,,,,,,,,,,,,,,,,,,,,,,,,,,,,,,,,,,,,,,,,,,,,,,,,,,,,,,,,,,,,,1.0,SpearOfShojin,,,,,,,2.0,,,,,,,,,,,,,,,,,,,,2.0,,,,,,,,,,,,,,,,,,,,,,,,2.0,,,,,,,,2.0,RedBuff,FrozenHeart,UnstableConcoction,,,,,,,,,,,None,None,,,,,,,,,,,,,,,,,,,,,,,,,,,,,,,,,,,,
7,EUW1_5971838310,TFT6_Augment_JeweledLotus,TFT6_Augment_ComponentGrabBag,TFT6_Augment_SunfireBoard,,,,,,0.0,1.0,1.0,,,,2.0,,,,0.0,1.0,,,1.0,,,,0.0,,,,,,,,,,,,,,,,,2.0,,,,,,,,,,,,,,,,,,,,,,,,,,,,,,,,1.0,TitansResolve,UnstableConcoction,GuardianAngel,,,,,,,,,,,,,,,,,2.0,,,,,,,,,,,,,,,,1.0,,,,,,,,,,,,,,,,,,,,,,,,,,,,1.0,IonicSpark,DragonsClaw,,,,,,,,,,,,,,,,,,,,,,,,,,,,,,,,,,,,,,2.0,,,,,,,,,,,,,,,,,,,,,,,,2.0,ArchangelsStaff,StatikkShiv,GuinsoosRageblade,,,,,,,,,,,,,,,,,,,,,,,None,None,,,,,,,,,,,,,,,,,,,,,,,,,,,,,,,,,,,,
5,EUW1_5972905662,TFT7_Augment_ShapeshifterBeastsDen,TFT6_Augment_GrandGambler,TFT7_Augment_RagewingEmblem,,,,0.0,,,,2.0,,,,1.0,0.0,,0.0,,1.0,,,1.0,,,,0.0,1.0,,0.0,,,,,,,,,,,,,,2.0,,,,,,,,,,,,,,,,,,,,,,,,,,,,,,,,,,,,,,,,,,,,,,,,,,,,,,,,,,,,,,,,,,,,2.0,Shroud,,,,,,,2.0,RagewingEmblemItem,,,,,,,,,,,,,,,,,,,1.0,GargoyleStoneplate,IonicSpark,Zephyr,,,,,,,,,,,,,1.0,,,,,,,,,,,,,,,,,,,,,,,,1.0,,,,,,,,,,,,,,,,,,,,,,,,3.0,StatikkShiv,GuinsoosRageblade,Quicksilver,,,,,,,,,,,,,,,,,,,,,,,None,None,,,,,,,,,,,,,,,,,,,,,,,,,1.0,,,,,,,,,,,
2,EUW1_5972905662,TFT7_Augment_GuildLoot,TFT6_Augment_FuturePeepers2,TFT7_Augment_AssassinCutthroat,1.0,,,1.0,,1.0,,,,,3.0,,0.0,,,,1.0,,,,,,,1.0,1.0,,0.0,,,,,,,,,,,,,,,,,,,,,,,,,,,,,,,,,,,,,,,,,,,,,,,,,,,,,,,,,,,,,,,,,,2.0,PowerGauntlet,,,,,,,,,,,,,,,,,,,,,,,,,,,,,,,,,,,,,,,,,,,,,,,,,,,,,,,,,,,2.0,RedBuff,LocketOfTheIronSolari,,,,,,2.0,,,,,,,,2.0,ZephyrRadiant,,,,,,,,,,,2.0,PowerGauntlet,Redemption,,,,,,,,,,,,,,,,,,,,,,,,,,,,,,2.0,RunaansHurricane,LastWhisper,GuinsoosRageblade,,,,,,,,,,,None,None,,,,,2.0,PowerGauntlet,,,,,,,,,,,,,,,2.0,GuinsoosRageblade,RunaansHurricane,MadredsBloodrazor,,,,,,,,,,,,
8,EUW1_5972905662,TFT6_Augment_Meditation2,TFT7_Augment_UrfsGrabBag2,TFT6_Augment_BlueBattery2,,0.0,1.0,0.0,,,,,0.0,,2.0,,,2.0,,2.0,,,,,0.0,1.0,,,,1.0,,0.0,,,,,,,,,,,,,,,,,,,,,1.0,MageEmblemItem,,,,,,,,,,,,,,,,,,,,,,,,,,,,,,,,,,,,,,,,,,,,,,,2.0,,,,,,,,,,,,,,,,,,,,,,,,,,,,,,,,1.0,,,,3.0,,,,,,,,,,,,,,,,,,,,,,,,,,,,,,,,1.0,HextechGunblade,RabadonsDeathcap,RapidFireCannon,,,,,,,,,,,,,,,,,,,,,,,,,,,,,,,,,,,,,2.0,RedBuff,BrambleVest,DragonsClaw,,,,,,,,,,,,,,,,,2.0,TrainerSnax,None,None,,,,,,,,,,,,,,,,,,,,,,,,,,,,,,,,,1.0,JeweledGauntlet,GuardianAngel,
7,EUW1_5972905662,TFT6_Augment_TomeOfTraits1,TFT6_Augment_CyberneticShell3,TFT6_Augment_PortableForge,,,,1.0,2.0,,,,1.0,,,,0.0,0.0,,0.0,,4.0,,,,,,,0.0,2.0,,,,,,,,,,,,,,,,,,,,,,,,,,,,,,,1.0,OrnnObsidianCleaver,MadredsBloodrazor,StatikkShiv,,,,,,,,,,,,,,,,,,,,,,,,,,,,,,,,,,,,,2.0,RevelEmblemItem,,,,,,,2.0,,,,,,,,,,,,,,,,,,,,,,,,2.0,Shroud,,,,,,,,,,,,,,,,,,,,,,,1.0,IonicSpark,,,,,,,,,,,,,,,,,,,,,,,,,,,,,,,,,,,,,,,1.0,RabadonsDeathcap,,,,,,,,,,,,,,,2.0,RedBuff,,,,,,,,,,,,,,,3.0,TrainerSnax,None,None,2.0,Chalice,,,,,,,,,,,,,,,,,,,,,,,,,,,,,,,,,,
3,EUW1_5972905662,TFT6_Augment_ThreesCompany,TFT6_Augment_ItemGrabBag2,TFT6_Augment_SecondWind2,2.0,,,1.0,,,1.0,0.0,,0.0,1.0,,,0.0,,,,,,,,,,,1.0,,,3.0,,,,,,,,,,,,,,,,,,,,,,,,,,,,,,,,,,,,,,,,,,,,,,,,,2.0,DragonsClaw,GargoyleStoneplate,RunaansHurricane,,,,,,,,,,,,,,,,,,,,,,,,,,,,,,,,,,,,,2.0,AssassinEmblemItem,,,,,,,,,,,,,,,,,,,,,,,,,,,,,,,,,,,,,,,2.0,IonicSpark,InfinityEdge,JeweledGauntlet,2.0,LocketOfTheIronSolari,LocketOfTheIronSolari,,,,,,,,,,,,,,,,,,,,,,,,,,,,,,,,,,,,,,,,,,2.0,,,,,,,,2.0,Chalice,,,,,,,1.0,StatikkShiv,,,,,None,None,,,,,,,,,,,,,,,,,,,,,,,,,,,,,,,,,,,,
1,EUW1_5972905662,TFT7_Augment_ShapeshifterBeastsDen,TFT7_Augment_JadeTrait2,TFT6_Augment_PortableForge,,,,,,,1.0,1.0,,,,3.0,,,,0.0,0.0,,,1.0,,,1.0,0.0,,,,,,,,,,,,,,,,,2.0,,,,,,,,,,,,,,,,,,,,,,,,,,,,,,,,2.0,Bloodthirster,GuardianAngel,TitansResolve,,,,,,,,,,,,,2.0,TitanicHydra,,,,,,,,,,,,,,,,,,,2.0,PowerGauntlet,,,,,,,,,,,,,,,,,,,,,,,,,,,2.0,RedBuff,IonicSpark,GargoyleStoneplate,,,,,,,,,,,,,,,,,,,,,,,,,,,,,,,,,,,,,,,,,,,,,,,,,,,,,,,,,2.0,TearOfTheGoddess,,,2.0,GuinsoosRageblade,OrnnZhonyasParadox,ArchangelsStaff,,,,,,,,,,,,,,,,,,,,,,,None,None,,,,,,,,,,,,,,,,,,,,,,,,,,,,,,,,,,,,
6,EUW1_5972905662,TFT7_Augment_UrfsGrabBag1,TFT6_Augment_ThriftShop,TFT7_Augment_GadgetExpert,,0.0,,1.0,,,,,1.0,,1.0,,,2.0,,1.0,,0.0,,,,,,,,1.0,,0.0,,,,,,,,,,,,,,,,,,,,,,,,,,,,,,,,,,,,,,,,,,,,,,,,,,,,,,,,,,,,,,,,,,,,,2.0,,,,2.0,,,,,,,,,,,,,,,,,,,,,,,,,,,,2.0,RecurveBow,,,3.0,StatikkShiv,StatikkShiv,,,,,,,,,,,,,,,,,,,,,,,,,,,,,,2.0,JeweledGauntlet,SpearOfShojin,Bloodthirster,,,,,,,,,,,,,,,,,,,,,,,,,2.0,MageEmblemItem,,,,,,,,,,,2.0,GargoyleStoneplate,DragonsClaw,Quicksilver,,,,,,,,,,,,,,,,,3.0,TrainerSnax,None,None,,,,,,,,,,,,,,,,,,,,,,,,,,,,,,,,,,,,
4,EUW1_5972905662,TFT7_Augment_Preparation2,TFT6_Augment_Diversify3,TFT6_Augment_SecondWind2,,0.0,1.0,2.0,,,1.0,,,,2.0,,,0.0,,0.0,0.0,,,,,,,1.0,,,0.0,2.0,,,,,,,,,,,,,,,,,,,,,1.0,,,,,,,,,,,,,,,,,,,,,,,,,,,,1.0,ThiefsGloves,SparringGloves,Chalice,,,,,,,,,,,,,,,,,,,,,3.0,RedBuff,IonicSpark,TitansResolve,,,,,,,,,,,,,,,,,,,,,,,,,,,,,,,,,,,,,,,,,,,,,,,,,,,,,,,,,,,,,,,,,,,,,,,,,,,,,2.0,,,,,,,,,,,,,,,,,,,,,,,,2.0,TitanicHydra,,,,,,,,,,,,,,,,,,,,,None,None,,,,,2.0,NeedlesslyLargeRod,,,3.0,InfinityEdge,GuinsoosRageblade,RunaansHurricane,,,,,,,,,,,,,,,,,,,,,,,,
4,EUW1_5971230339,TFT7_Augment_AFK,TFT6_Augment_PandorasItems,TFT6_Augment_PortableForge,0.0,,1.0,,1.0,,1.0,0.0,1.0,1.0,2.0,,,,0.0,1.0,,1.0,,,1.0,,,,,1.0,0.0,,,,,,,,,,,,,,,,,,,,,,1.0,Zephyr,,,,,,,2.0,HextechGunblade,ShimmerscaleDravensAxe,GuinsoosRageblade,,,,,,,,,2.0,GargoyleStoneplate,OrnnEternalWinter,DragonsClaw,,,,,,,,,,,,,,,,,,,,,,,,,,,,,,,,,,,,,,,,,,,,,,,,,,,,,,,,,2.0,GuardianEmblemItem,,,,,,,,,,,,,,,,,,,,,,,,,,,,,,,,,,,,,,,,,,,,,,,,,,,,,,,,,,,,,,,2.0,SpearOfShojin,ArchangelsStaff,JeweledGauntlet,,,,,,,,,,,,,,,,,1.0,Shroud,,,,,,,,,,,4.0,TrainerSnax,None,None,2.0,,,,,,,,,,,,,,,,,,,,,,,,1.0,Bloodthirster,RedBuff,,,,,,,,,
5,EUW1_5971230339,TFT7_Augment_GuardianTrait,TFT6_Augment_PandorasItems,TFT6_Augment_SecondWind2,,,,,,,1.0,1.0,,2.0,,2.0,,,0.0,0.0,0.0,,0.0,,,,,0.0,,,,,,,,,,,,,,,,,2.0,,,,,,,,,,,,2.0,,,,,,,,,,,,,,,,,,,,1.0,,,,,,,,,,,,,,,,,,,,,,,,,,,,,,,,,,,,3.0,JeweledGauntlet,SeraphsEmbrace,InfinityEdge,,,,,,,,,3.0,RedBuff,FrozenHeart,BrambleVest,,,,,,,,,,,,,,,,,,,,,,,,,,,,,,,,,,,,,,,,,,,,,,,,,,,,,3.0,ThiefsGloves,UnstableConcoction,SpearOfShojin,,,,,,,,,,,,,,,,,,,,,,,,,,,,,,,,,,,,,3.0,RedBuff,,,,,,,,,None,None,,,,,,,,,,,,,,,,,,,,,,,,,,,,,,,,,,,,
3,EUW1_5971230339,TFT6_Augment_PandorasItems,TFT6_Augment_SecondWind1,TFT7_Augment_UrfsGrabBag1,0.0,0.0,,1.0,,,,0.0,0.0,,1.0,,,2.0,0.0,1.0,,,,,0.0,1.0,,,,0.0,0.0,1.0,,,,,,,,,,,,,,,,,,,,,,,,,,,,,,,,,,,,,,,,,,,,,,,,,,,,,,,,,,,,,,,,,,,,,,,,,3.0,ThiefsGloves,GuardianAngel,Redemption,,,,,,,,,,,,,,,,,,,,,,,,,2.0,,,,3.0,,,,,,,,,,,,,,,,,,,,,,,,1.0,,,,,,,,2.0,SpearOfShojin,ArchangelsStaff,MadredsBloodrazor,,,,,,,,,,,,,,,,,,,,,,,,,,,,,,,,,,,,,2.0,WarmogsArmor,RedBuff,,,,,,,,,,,,,,,,,,,,None,None,,,,,,,,,,,,,,,,,,,,,,,,,1.0,MageEmblemItem,,,,,,,2.0,StatikkShiv,Shroud,
2,EUW1_5971230339,TFT6_Augment_ItemGrabBag1,TFT6_Augment_FirstAidKit,TFT6_Augment_SalvageBin,3.0,,,1.0,,,1.0,,,,1.0,,,0.0,,,0.0,,0.0,,0.0,,,,0.0,,,2.0,,,,,,,,,,,,,,,,,,,,,,,,,,,,,,,,,2.0,ZekesHerald,MadredsBloodrazor,ZekesHerald,,,,,,,,,,,,,2.0,UnstableConcoction,AssassinEmblemItem,InfinityEdge,,,,,,,,,,,,,,,,,,,,,,,,,,,,,,,,,1.0,,,,,,,,,,,,,,,,,,,,,,,,,,,,,,,,,,,,,,,,,,,,1.0,HextechGunblade,SeraphsEmbrace,InfinityEdge,2.0,,,,,,,,,,,,,,,,,,,,,,,,,,,,,,,,,,,,,,,,,,,,2.0,,,,,,,,2.0,UnstableConcoction,FrozenHeart,WarmogsArmor,,,,,,,,,,,None,None,,,,,,,,,,,,,,,,,,,,,,,,,,,,,,,,,,,,
8,EUW1_5971230339,TFT6_Augment_Meditation1,TFT7_Augment_MageTrait,TFT6_Augment_BlueBattery2,,1.0,,1.0,,0.0,,,,,1.0,,,3.0,,0.0,,,0.0,,,,,,,0.0,,0.0,,,,,,,,,,,,,,,,,,,,,,,,,,,,,,,,,,,,,,,,,,,,,,,,,,,,,,,,,,,,,,,,,,,,,2.0,,,,2.0,,,,,,,,,,,,,,,,,,,,,,,,2.0,,,,,,,,3.0,StatikkShiv,,,,,,,,,,,,,,,,,,,,,,,,,,,,,,,2.0,SpearOfShojin,HextechGunblade,MadredsBloodrazor,,,,,,,,,,,,,,,,,,,,,,,,,,,,,,,,,,,,,2.0,DragonsClaw,RedBuff,TitanicHydra,,,,,,,,,,,,,,,,,,,None,None,,,,,,,,,,,,,2.0,,,,,,,,,,,,,,,,,,,,,,,
7,EUW1_5971230339,TFT7_Augment_BestFriends1,TFT6_Augment_Recombobulator,TFT6_Augment_SecondWind2,,,,,,,1.0,0.0,,0.0,,2.0,,,,0.0,0.0,,,2.0,,,,,,,,0.0,,,,,,,,,,,,,,,,,,,,,,,,,,,,,,,,,,,,,,,,,,,,,1.0,LastWhisper,,,,,,,2.0,ArchangelsStaff,,,,,,,3.0,LastWhisper,Deathblade,InfinityEdge,,,,,,,,,,,,,,,,,,,,,,,,,,,,,,,,,,,,,,,,,,,,,2.0,Morellonomicon,Zephyr,,,,,,,,,,,,,,,,,,,,,,,,,,,,,,,,,,,,,,,,,,,,,,,,,,,,,,,,,,,,,,2.0,,,,,,,,,,,,,,,,1.0,,,,,,,,,,None,None,,,,,,,,,,,,,,,,,,,,,,,,,,,,,,,,,,,,
6,EUW1_5971230339,TFT6_Augment_CyberneticImplants1,TFT6_Augment_TinyTitans,TFT6_Augment_Ascension,1.0,,,,,0.0,1.0,,,1.0,2.0,,,,,,1.0,,,,1.0,,,1.0,,,,0.0,,,,,,,,,,,,,,,,,,,,,,,,,,,,,,,,,,,,,,,,,2.0,Redemption,Quicksilver,RedBuff,,,,,,,,,,,,,,,,,,,,,2.0,FrozenHeart,,,,,,,,,,,,,,,,,,,2.0,RecurveBow,,,,,,,,,,,,,,,,,,,,,,,,,,,,,,,,,,,,,,,,,,,,,,,,,,,,,,,,,,,,,,,,,,,,,,,,,,,,,,,,,,,,,,,,,,,,,,,,,,,1.0,RecurveBow,,,,,,,2.0,Shroud,,,,,None,None,,,,,1.0,ShimmerscaleDravensAxe,,,,,,,,,,,,,,,2.0,UnstableConcoction,GuinsoosRageblade,MadredsBloodrazor,,,,,,,,,,,,
1,EUW1_5971230339,TFT7_Augment_JadeEmblem,TFT6_Augment_PandorasItems,TFT7_Augment_FirstAidKit2,,,1.0,,,,1.0,0.0,1.0,,1.0,3.0,0.0,,,2.0,,,,1.0,,,1.0,0.0,,0.0,,,,,,,2.0,ArchangelsStaff,ArchangelsStaff,ArchangelsStaff,,,,,2.0,,,,,,,,1.0,,,,,,,,,,,,,,,,,,,,,,,,2.0,Bloodthirster,TitansResolve,TitansResolve,,,,,,,,,,,,,2.0,WarmogsArmor,,,,,,,,,,,,,,,,,,,,,,,,,,,,,,,,,,,,,,,2.0,JadeEmblemItem,RabadonsDeathcap,,,,,,2.0,RedBuff,Quicksilver,WarmogsArmor,,,,,,,,,,,,,,,,,,,,,,,,,,,,,,,,,,,,,,,,,,,,,,,,,,,,,,,,,2.0,,,,,,,,,,,,,,,,,,,,,,,,,,,,,,None,None,,,,,,,,,,,,,,,,,,,,,,,,,,,,,,,,,,,,
4,EUW1_5971182446,TFT6_Augment_PortableForge,TFT6_Augment_SunfireBoard,TFT6_Augment_CyberneticImplants2,,,,,,3.0,1.0,0.0,,,1.0,,,0.0,3.0,,0.0,,0.0,,,,,,,,1.0,,,,,,,,,,,,,,,,,,,,,,,,,,,,,,,,,,,,,,2.0,InfinityEdge,OrnnTheCollector,JeweledGauntlet,,,,,,,,,,,,,,,,,,,,,,,,,2.0,,,,,,,,,,,,,,,,,,,,,,,,,,,,,,,,2.0,LocketOfTheIronSolari,FrozenHeart,,,,,,,,,,,,,,,,,,3.0,HextechGunblade,DragonsClaw,RedBuff,,,,,,,,,,,,,,,,,,,,,2.0,,,,,,,,,,,,,,,,,,,,,,,,,,,,,,,,,,,,,,,,,,,,,,,,,,,,,,,,,,None,None,,,,,,,,,,,,,,,,,,,,,,,,,2.0,Quicksilver,Bloodthirster,GuinsoosRageblade,2.0,Bloodthirster,LastWhisper,,,,,
2,EUW1_5971182446,TFT6_Augment_TriForce2,TFT6_Augment_PortableForge,TFT6_Augment_Diversify2,2.0,,,1.0,,,,,,0.0,1.0,,0.0,,,,,,1.0,,0.0,,,,1.0,,0.0,1.0,,,,,,,,,,,,,,,,,,,,,,,,,,,,,,,,,3.0,LocketOfTheIronSolari,PowerGauntlet,,,,,,,,,,,,,,,,,,,,,,,,,,,,,,,,,,,,,,,,,,,,,,,,,,,,,,,,,,,,,,,,,,,,,,,,,,,,,,,,,,,,,,3.0,OrnnTheCollector,AssassinEmblemItem,InfinityEdge,3.0,RedBuff,TitanicHydra,TitanicHydra,2.0,HextechGunblade,,,1.0,,,,,,,,,,,,,,,,,,,,,,,,,,,,,,,,,,,,,,,,,,,,,,,,,,,,2.0,,,,,,,,1.0,ShimmerscaleEmblemItem,,,,,None,None,,,,,,,,,,,,,,,,,,,,,,,,,,,,,,,,,,,,
1,EUW1_5971182446,TFT7_Augment_MageConference,TFT7_Augment_FirstAidKit2,TFT6_Augment_Meditation2,,0.0,1.0,0.0,,0.0,,,0.0,,2.0,,,3.0,,2.0,,,0.0,,,,,,,1.0,,0.0,,,,,,,,,,,,,,,,,,,,,2.0,MageEmblemItem,PowerGauntlet,,,,,,,,,,,,,,,,,,,,,,,,,,,,,,,,,,,,,,,,,,,,,,3.0,,,,,,,,,,,,,,,,,,,,,,,,,,,,3.0,TitanicHydra,DragonsClaw,IonicSpark,2.0,,,,3.0,,,,,,,,,,,,,,,,,,,,,,,,,,,,,,,,2.0,HextechGunblade,,,,,,,,,,,,,,,,,,,,,,,,,,,,,,,,,,,,,,,3.0,FrozenHeart,BrambleVest,DragonsClaw,,,,,,,,,,,,,,,,,4.0,TrainerSnax,None,None,,,,,,,,,,,,,3.0,,,,,,,,,,,,,,,,,,,,,,,
8,EUW1_5971182446,TFT7_Augment_GuildEmblem,TFT7_Augment_GuildGearUpgrades,TFT7_Augment_PandorasBench,0.0,,,,,2.0,,,,,4.0,,,,0.0,,0.0,,,,,,,1.0,0.0,,,,,,,,,,,,,,,,,,,,,,,,,,,,,,,,,,,,,,,,,,,,,,,,,,,,,,,,,,,,2.0,JeweledGauntlet,SeraphsEmbrace,,,,,,2.0,,,,,,,,,,,,,,,,,,,,,,,,,,,,,,,,,,,,,,,,,,,,,,,,,,,,2.0,GuildEmblemItem,GargoyleStoneplate,,,,,,,,,,,,,,,,,,,,,,2.0,SparringGloves,,,,,,,,,,,,,,,,,,,,,,,,,,,,,,,,,,,,,,,,,,,1.0,,,,,,,,,,,,,,None,None,,,,,2.0,ArchangelsStaff,,,,,,,,,,,,,,,2.0,RabadonsDeathcap,GuardianAngel,GuinsoosRageblade,,,,,,,,,,,,
7,EUW1_5971182446,TFT7_Augment_ShimmerscaleTrait,TFT6_Augment_CelestialBlessing2,TFT7_Augment_BestFriends2,0.0,,,0.0,,,1.0,0.0,0.0,0.0,,0.0,1.0,0.0,,,0.0,,,,4.0,1.0,,,0.0,,0.0,,2.0,,,,2.0,StatikkShiv,ShimmerscaleGoldmancersStaff,SpearOfShojin,,,,,,,,,,,,,,,,,,,,,,,,,,,,,,,,,1.0,DragonsClaw,Redemption,LastWhisper,,,,,,,,,,,,,,,,,,,,,,,,,,,,,,,,,,,,,,,,,2.0,,,,,,,,,,,,,,,,,,,,,,,,,,,,,,,,,,,,,,,,1.0,RedBuff,ShimmerscaleMogulsMail,ShimmerscaleEmblemItem,,,,,,,,,,,,,,,,,,,,,,,,,,,,,,,,,,,,,,,,,,,,,,,,,,,,,,,,,,,,,,,,,,,,,,,None,None,,,,,,,,,,,,,,,,,3.0,ShimmerscaleDravensAxe,,,,,,,,,,,,,,,1.0,Quicksilver,ShimmerscaleGamblersBlade,ShimmerscaleCrownOfChampions
5,EUW1_5971182446,TFT7_Augment_GuildEmblem,TFT6_Augment_TomeOfTraits1,TFT6_Augment_Diversify2,1.0,,,1.0,,,1.0,0.0,,,2.0,,0.0,,,,2.0,,,1.0,,,,1.0,1.0,,0.0,,,,,,,,,,,,,,,,,,,,,,,,,,,,,,,,,,,,,,,,,,,,,,,,,,,,,,,,,,,,,,,,,,,,,,,,,,,,,,,,,,,,,,,,,,,,,,,,,,,,,,,,,,,,,,,,,,,,,,,,,,,,,,1.0,Redemption,,,,,,,2.0,,,,,,,,,,,,,,,,,,,,2.0,TitanicHydra,,,1.0,DragonsClaw,GuildEmblemItem,RabadonsDeathcap,,,,,,,,,,,,,1.0,,,,,,,,,,,,1.0,Bloodthirster,SwiftshotEmblemItem,,,,,,,,,,,,None,None,,,,,,,,,,,,,,,,,,,,,2.0,GuinsoosRageblade,Deathblade,MadredsBloodrazor,,,,,,,,,,,,
6,EUW1_5971182446,TFT6_Augment_Ascension,TFT6_Augment_BlueBattery2,TFT7_Augment_DragonAlliance,,,,,,,2.0,,,1.0,,1.0,,,,0.0,,,,0.0,1.0,,,,1.0,,,0.0,,,,,,,,,1.0,SpearOfShojin,ShimmerscaleGoldmancersStaff,JeweledGauntlet,,,,,,,,,,,,,,,,,,,,,,,,,,,,,2.0,GargoyleStoneplate,IonicSpark,RedBuff,2.0,TitansResolve,RunaansHurricane,GuinsoosRageblade,,,,,,,,,,,,,,,,,,,,,,,,,,,,,,,,,,,,,,,,,,,,,,,,,,,,,,,,,,,,,1.0,,,,,,,,,,,,,,,,,,,,,,,,,,,,,,,,,,,,,,,,,,,,,,,,,,,,,,,,,,,,,,,,,,,,,,,,,,,,,,,,,,,,2.0,,,,,,None,None,,,,,,,,,,,,,,,,,,,,,,,,,,,,,,,,,,,,
3,EUW1_5971182446,TFT6_Augment_SalvageBin,TFT7_Augment_GadgetExpert,TFT6_Augment_ComponentGrabBag,,0.0,,1.0,,,1.0,,1.0,,1.0,,,2.0,,1.0,,0.0,,,0.0,1.0,,,,1.0,,2.0,,,,,,,,,,,,,,,,,,,,,,,,,,,,,,,,,,,,,,,,,,,,,,,,,2.0,ThiefsGloves,TearOfTheGoddess,FrozenHeart,,,,,,,,,,,,,,,,,2.0,,,,,,,,,,,,,,,,,,,,,,,,,,,,,,,,1.0,,,,2.0,,,,,,,,,,,,,,,,,,,,,,,,,,,,,,,,2.0,SpearOfShojin,ArchangelsStaff,GuardianAngel,,,,,,,,,,,,,,,,,,,,,,,,,1.0,StatikkShiv,TitansResolve,,,,,,,,,,2.0,GargoyleStoneplate,RedBuff,DragonsClaw,,,,,,,,,,,,,,,,,4.0,TrainerSnax,None,None,,,,,,,,,,,,,,,,,,,,,,,,,,,,,,,,,2.0,SeraphsEmbrace,ArchangelsStaff,StatikkShiv
4,EUW1_5971487866,TFT7_Augment_PandorasBench,TFT7_Augment_UrfsGrabBag2,TFT6_Augment_Diversify2,2.0,,,1.0,,0.0,,,,1.0,1.0,,,0.0,,,0.0,,2.0,,,,,,,,1.0,1.0,,,,,,,,,,,,,,,,,,,,,,,,,1.0,RedBuff,,,,,,,3.0,FrozenHeart,RabadonsDeathcap,InfinityEdge,,,,,,,,,,,,,,,,,,,,,,,,,,,,,,,,,,,,,,,,,,,,,,,,,,,,,,,,,,,,,2.0,,,,,,,,,,,,,,,,,,,,,,,,3.0,InfinityEdge,AssassinEmblemItem,RunaansHurricane,,,,,1.0,InfinityEdge,,,,,,,,,,,,,,,,,,,,,,,2.0,,,,,,,,,,,,,,,,,,,,,,,,,,,,,,,,2.0,InfinityEdge,RapidFireCannon,GuardianAngel,,,,,2.0,,,,,,None,None,,,,,,,,,,,,,,,,,,,,,,,,,,,,,,,,,,,,
3,EUW1_5971487866,TFT7_Augment_BestFriends2,TFT6_Augment_CelestialBlessing3,TFT7_Augment_MageEmblem,,0.0,1.0,2.0,,,1.0,,,,2.0,,0.0,2.0,,1.0,,,,,0.0,1.0,,,0.0,,,2.0,,,,,,,,,,,,,,,,,,,,,1.0,,,,,,,,,,,,,,,,,,,,,,,,,,,,2.0,Bloodthirster,RedBuff,,,,,,,,,,,,,,,,,,,,,,2.0,MageEmblemItem,,,,,,,,,,,,,,,,,,,,,,,,,,,,,,,2.0,NeedlesslyLargeRod,,,,,,,,,,,,,,,,,,,2.0,ForceOfNature,,,,,,,,,,,2.0,ArchangelsStaff,JeweledGauntlet,SpearOfShojin,,,,,,,,,,,,,,,,,,,,,,,,,,,,,,,,,,,,,2.0,TitanicHydra,,,,,,,,,,,,,,,,,,,,,None,None,,,,,,,,,,,,,,,,,,,,,,,,,,,,,,,,,1.0,GuinsoosRageblade,HextechGunblade,
8,EUW1_5971487866,TFT6_Augment_Distancing2,TFT6_Augment_MaxLevel10,TFT6_Augment_SecondWind2,1.0,,,1.0,,1.0,,,,,3.0,,0.0,,,,1.0,,,,,,,1.0,1.0,,0.0,,,,,,,,,,,,,,,,,,,,,,,,,,,,,,,,,,,,,,,,,,,,,,,,,,,,,,,,,,,,,,,,,,2.0,,,,,,,,,,,,,,,,,,,,,,,,,,,,,,,,,,,,,,,,,,,,,,,,,,,,,,,,,,,,2.0,WarmogsArmor,RedBuff,,,,,,2.0,,,,,,,,1.0,,,,,,,,,,,,2.0,,,,,,,,,,,,,,,,,,,,,,,,,,,,,,,,1.0,,,,,,,,,,,,,,None,None,,,,,2.0,,,,,,,,,,,,,,,,2.0,Quicksilver,GuinsoosRageblade,MadredsBloodrazor,,,,,,,,,,,,
7,EUW1_5971487866,TFT7_Augment_BestFriends2,TFT6_Augment_ForceOfNature,TFT7_Augment_DragonAlliance,1.0,,,1.0,,,2.0,0.0,,,,,0.0,0.0,,,0.0,,,,1.0,,,,2.0,,0.0,2.0,2.0,,,,,,,,2.0,JeweledGauntlet,HextechGunblade,InfinityEdge,,,,,,,,,,,,,,,,,,,,,,,,,,,,,,,,,,,,,2.0,ShimmerscaleDravensAxe,TitansResolve,,,,,,,,,,,,,,,,,,,,,,,,,,,,,,,,,,2.0,RabadonsDeathcap,IonicSpark,,,,,,,,,,,,,,,,,,,,,,,,,,,,,,,,,,,,,,,,,,,,,,1.0,,,,,,,,,,,,,,,,,,,,,,,,,,,,,,,,,,,,,,,,,,,,2.0,,,,,,,,,,,,,,,,,,,,,,None,None,,,,,,,,,,,,,,,,,2.0,Redemption,Bloodthirster,IonicSpark,,,,,,,,,,,,,,,,
5,EUW1_5971487866,TFT6_Augment_PortableForge,TFT7_Augment_UrfsGrabBag2,TFT7_Augment_BruiserEmblem,2.0,,,3.0,,,,,,,1.0,,0.0,0.0,,,0.0,0.0,1.0,,,,,,1.0,,1.0,0.0,,,,,,,,,,,,,,,,,,,,,,,,,,,,,,,,,2.0,RedBuff,IonicSpark,FrozenHeart,,,,,,,,,,,,,,,,,,,,,,,,,,,,,,,,,,,,,,,,,,,,,,,,,,,,,,,,,,,,,,,,,,,,,,,,,,,,,,,,,,,,,2.0,RapidFireCannon,InfinityEdge,AssassinEmblemItem,1.0,Zephyr,TitanicHydra,,,,,,2.0,,,,,,,,,,,,,,,,,,,,2.0,,,,,,,,,,,,,,,,,,,,,,,,2.0,,,,2.0,OrnnRocketPropelledFist,Zephyr,GargoyleStoneplate,2.0,BruiserEmblemItem,Bloodthirster,RapidFireCannon,,,,,,,,,,,None,None,,,,,,,,,,,,,,,,,,,,,,,,,,,,,,,,,,,,
6,EUW1_5971487866,TFT7_Augment_MageEmblem,TFT6_Augment_HighEndShopping,TFT6_Augment_CelestialBlessing2,,0.0,1.0,1.0,,,1.0,,1.0,,1.0,,0.0,1.0,,2.0,,0.0,,,,,,,2.0,1.0,,0.0,,,,,,,,,2.0,MageEmblemItem,SpearOfShojin,ArchangelsStaff,,,,,,,,,1.0,,,,,,,,,,,,,,,,,,,,,,,,,,,,,,,,,,,,,,,,,,,,,,,,2.0,,,,,,,,,,,,,,,,,,,,,,,,,,,,,,,,1.0,PowerGauntlet,Chalice,,2.0,RabadonsDeathcap,RunaansHurricane,,,,,,,,,,,,,,,,,,2.0,PowerGauntlet,,,,,,,,,,,,,,,,,,,,,,,,,,,,,,,,,,,,,,,1.0,,,,,,,,,,,,2.0,WarmogsArmor,GargoyleStoneplate,PowerGauntlet,,,,,,,,,,,,,,,,,3.0,TrainerSnax,None,None,,,,,,,,,,,,,,,,,,,,,,,,,,,,,,,,,,,,
2,EUW1_5971487866,TFT7_Augment_Bloodlust1,TFT6_Augment_RadiantRelics,TFT6_Augment_JeweledLotus,,,,,,1.0,1.0,0.0,,1.0,,,,,4.0,,0.0,,0.0,,,,,,,,1.0,,,,,,,,,,,,,,,,,,,,,,,,,,2.0,BrambleVest,MirageEmblemItem,,,,,,,,,,2.0,InfinityEdge,StatikkShiv,,,,,,,,,,,,,,,,,,,,,,,,,,2.0,NeedlesslyLargeRod,,,,,,,,,,,,,,,,,,,,,,,,,,,2.0,,,,,,,,,,,,,,,,,,,,,,,,3.0,ZekesHerald,ZekesHerald,InfinityEdge,,,,,,,,,,,,,,,,,,,,,,,,,,,,,,,,,,,,,,,,,,,,,,,,,,,,,,,,,,,,,,,,,,,,,,,,,,,,,,,None,None,,,,,,,,,,,,,,,,,,,,,,,,,2.0,PowerGauntlet,,,3.0,Quicksilver,RapidFirecannonRadiant,GuinsoosRageblade,,,,
1,EUW1_5971487866,TFT6_Augment_Electrocharge2,TFT6_Augment_MaxLevel10,TFT6_Augment_ThrillOfTheHunt2,0.0,,,,,,1.0,1.0,,0.0,,,0.0,0.0,0.0,,1.0,,,0.0,3.0,1.0,,0.0,,,1.0,,2.0,,,,,,,,,,,,,,,,,,,,,,,,,,,,,,,,,,,,,,,,2.0,DragonsClaw,RedBuff,GargoyleStoneplate,,,,,,,,,,,,,,,,,,,,,,,,,,,,,,,,,,,,,,,,,2.0,ShimmerscaleGamblersBlade,,,,,,,,,,,,,,,,,,,,,,,,,,,,,,,,,,,,,,,,,,,,,,,,,,,,,,,,,,,,,,,,,,,,,,,,,,,,,,,,,,,,,,,3.0,ShimmerscaleGoldmancersStaff,StatikkShiv,GuinsoosRageblade,,,,,,,,,,,,,,,,,,,,,,,None,None,,,,,,,,,,,,,,,,,2.0,Shroud,,,3.0,ShimmerscaleDiamondHands,ShimmerscaleDravensAxe,GuinsoosRageblade,2.0,MadredsBloodrazor,TitansResolve,Bloodthirster,,,,,2.0,ThiefsGloves,PowerGauntlet,FrozenHeart
2,EUW1_5971050710,TFT6_Augment_TrueTwos,TFT6_Augment_Distancing,TFT6_Augment_SecondWind2,,,,,,1.0,1.0,0.0,,,2.0,0.0,,,,,2.0,,,1.0,,,,1.0,,,,,,,,,,,,,,,,,,,,,,,,,,,,,,,,,,,,,,,,,,,,,,,,,,,,,,,,,,,,,,,,,,,,,2.0,,,,,,,,,,,,,,,,,,,,,,,,,,,,,,,,,,,,,,,,,,,,2.0,RedBuff,DragonsClaw,UnstableConcoction,,,,,,,,,,,,,,,,,,,,,,,,,,,,,2.0,,,,,,,,,,,,,,,,2.0,JeweledGauntlet,UnstableConcoction,FrozenHeart,,,,,,,,,,,,,2.0,SpearOfShojin,,,,,,,,,,,,,,,,,,,,,,,,,None,None,,,,,2.0,,,,,,,,,,,,,,,,2.0,Quicksilver,MadredsBloodrazor,GuinsoosRageblade,,,,,,,,,,,,
1,EUW1_5971050710,TFT7_Augment_AssassinEmblem,TFT7_Augment_ScalescornTrait,TFT7_Augment_UrfsGrabBag1,3.0,,,2.0,,,,,,0.0,,,0.0,0.0,,,0.0,,2.0,,,,,,1.0,,1.0,1.0,,,,,,,,,,,,,,,,,,,,,,,,,2.0,AssassinEmblemItem,,,,,,,2.0,RedBuff,FrozenHeart,IonicSpark,,,,,,,,,,,,,,,,,,,,,,,,,,,,,,,,,,,,,,,,,,,,,,,,,,,,,,,,,,,,,,,,,,,,,,,,,,,,,,,,,,,,,3.0,AssassinEmblemItem,InfinityEdge,RunaansHurricane,1.0,ThiefsGloves,UnstableConcoction,SpearOfShojin,1.0,InfinityEdge,Deathblade,,2.0,,,,,,,,,,,,,,,,,,,,2.0,AssassinEmblemItem,,,,,,,,,,,,,,,,,,,,,,,2.0,TitansResolve,GargoyleStoneplate,,,,,,,,,,,,,,,,,,,,None,None,,,,,,,,,,,,,,,,,,,,,,,,,,,,,,,,,,,,
8,EUW1_5971050710,TFT7_Augment_GadgetExpert,TFT6_Augment_PandorasItems,TFT7_Augment_MageEmblem,0.0,0.0,,1.0,,,1.0,,,,1.0,,0.0,2.0,,0.0,,,,,0.0,1.0,,,2.0,,,1.0,,,,,,,,,1.0,HextechGunblade,SpearOfShojin,MageEmblemItem,,,,,,,,,,,,,,,,,,,,,,,,,,,,,,,,,,,,,,,,,,,,,,,,,,,,,,,,,,,,,,,,,,,,,,,,,,,,,,,,,,,,,,,,,,,,,2.0,StatikkShiv,MadredsBloodrazor,ArchangelsStaff,,,,,,,,,,,,,,,,,2.0,,,,1.0,HextechGunblade,JeweledGauntlet,,,,,,1.0,,,,,,,,,,,,,,,,,,,,,,,,,,,,,,,,,,,,,,,,2.0,RedBuff,Redemption,Redemption,,,,,,,,,,,,,,,,,,,None,None,,,,,,,,,,,,,,,,,,,,,,,,,,,,,,,,,1.0,PowerGauntlet,,
4,EUW1_5971050710,TFT6_Augment_RichGetRicher,TFT6_Augment_ThrillOfTheHunt1,TFT6_Augment_Diversify2,1.0,,,1.0,,1.0,,,,,4.0,,0.0,,,,1.0,,,,,,,1.0,1.0,,0.0,,,,,,,,,,,,,,,,,,,,,,,,,,,,,,,,,,,,,,,,,,,,,,,,,,,,,,,,,,,,,,,,,,2.0,FrozenHeart,Redemption,,,,,,,,,,,,,,,,,,,,,,,,,,,,,,,,,,,,,,,,,,,,,,,,,,,,,,,,,,1.0,,,,,,,,2.0,Zephyr,,,,,,,2.0,LocketOfTheIronSolari,,,,,,,,,,,2.0,Shroud,,,,,,,,,,,,,,,,,,,,,,,,,,,,,,,2.0,InfinityEdge,SpearOfShojin,,,,,,,,,,,,None,None,,,,,2.0,PowerGauntlet,,,,,,,,,,,,,,,2.0,GuinsoosRageblade,GuildEmblemItem,MadredsBloodrazor,,,,,,,,,,,,
3,EUW1_5971050710,TFT6_Augment_BlueBattery2,TFT6_Augment_ThrillOfTheHunt1,TFT6_Augment_Ascension,,0.0,1.0,1.0,,,,,0.0,,2.0,,0.0,2.0,,2.0,,,,,0.0,1.0,,,1.0,1.0,,0.0,,,,,,,,,,,,,,,,,,,,,1.0,IonicSpark,,,,,,,,,,,,,,,,,,,,,,,,,,,,,,,,,,,,,,,,,,,,,,,2.0,,,,,,,,,,,,,,,,,,,,,,,,,,,,,,,,2.0,,,,2.0,,,,,,,,,,,,,,,,,,,,2.0,ThiefsGloves,Zephyr,GuardianAngel,,,,,,,,,3.0,MadredsBloodrazor,ArchangelsStaff,SpearOfShojin,,,,,,,,,,,,,,,,,,,,,,,,,,,,,,,,,,,,,2.0,GargoyleStoneplate,WarmogsArmor,IonicSpark,,,,,,,,,,,,,,,,,3.0,TrainerSnax,None,None,,,,,,,,,,,,,,,,,,,,,,,,,,,,,,,,,1.0,NeedlesslyLargeRod,TempestEmblemItem,
6,EUW1_5971050710,TFT6_Augment_SunfireBoard,TFT7_Augment_MirageTrait,TFT7_Augment_AxiomArc2,,,,,,2.0,1.0,0.0,,1.0,1.0,,,,4.0,,0.0,,,,,,,,,,1.0,0.0,,,,,,,,,,,,,,,,,,,,,,,,,,,,,,,,,,,,,2.0,ArchangelsStaff,HextechGunblade,GuinsoosRageblade,,,,,,,,,,,,,,,,,,,,,,,,,2.0,,,,,,,,,,,,,,,,,,,,,,,,,,,,2.0,IonicSpark,,,,,,,,,,,,,,,,,,,,,,,2.0,RedBuff,DragonsClaw,,,,,,,,,,,,,,,,,,,,,,2.0,Shroud,,,,,,,,,,,,,,,,,,,,,,,,,,,,,,,,,,,,,,,,,,,,,,,,,,,1.0,,,,,,None,None,,,,,,,,,,,,,,,,,,,,,,,,,1.0,Bloodthirster,,,1.0,,,,,,,
5,EUW1_5971050710,TFT7_Augment_AstralIntercosmicGifts,TFT7_Augment_BestFriends1,TFT6_Augment_SecondWind2,1.0,1.0,1.0,1.0,,,,,,,2.0,,,0.0,,1.0,,,,,,,,1.0,1.0,,,,,,,,,,,,,,,,,,,,,,,,1.0,,,,,,,,,,,,,,,,,,,,,,,,,,,,,,,,,,,,2.0,,,,,,,,,,,,,,,,3.0,IonicSpark,BrambleVest,,,,,,,,,,,,,,,,,,,,,,,,,,,,,,3.0,TearOfTheGoddess,ZekesHerald,,,,,,,,,,,,,,,,,,,,,,,,,,2.0,,,,,,,,,,,,,,,,,,,,,,,,,,,,3.0,Redemption,RedBuff,,,,,,,,,,,,,,,,,,,,,,2.0,InfinityEdge,GuardianAngel,UnstableConcoction,,,,,,,,,,,None,None,,,,,,,,,3.0,GuinsoosRageblade,Deathblade,RunaansHurricane,,,,,,,,,,,,,,,,,,,,,,,,
7,EUW1_5971050710,TFT7_Augment_BruiserEmblem,TFT7_Augment_BruiserTrait,TFT6_Augment_Distancing2,,0.0,,4.0,,,1.0,,,,,0.0,0.0,0.0,,,0.0,,0.0,0.0,,,,,0.0,,1.0,2.0,,,,,,,,,,,,,,,,,,,,,,,,,,,,,,,,,,,,,,,,,,,,,,,,,2.0,Bloodthirster,Quicksilver,UnstableConcoction,,,,,,,,,,,,,,,,,,,,,,,,,,,,,,,,,,,,,,,,,,,,,,,,,,,,,,,,,2.0,BruiserEmblemItem,,,,,,,,,,,2.0,,,,2.0,RedBuff,,,,,,,,,,,,,,,,,,,,,,,,,,,2.0,,,,,,,,2.0,,,,,,,,,,,,,,,,2.0,RedBuff,IonicSpark,Zephyr,,,,,,,,,,,,,,,,,,,None,None,,,,,,,,,,,,,,,,,,,,,,,,,,,,,,,,,,,,
2,EUW1_5971413437,TFT6_Augment_Distancing,TFT6_Augment_CelestialBlessing1,TFT6_Augment_PortableForge,0.0,,,0.0,,1.0,1.0,,,,3.0,0.0,,,,,2.0,,,1.0,,,,1.0,,,0.0,,,,,,,,,,,,,,,,,,,,,,,,,,,,,,,,,,,,,,,,,,,,,,,,,,,,,,,,,,,,,,,,,,2.0,,,,,,,,,,,,,,,,,,,,,,,,,,,,,,,,,,,,,,,,,,,,2.0,DragonsClaw,OrnnRocketPropelledFist,GargoyleStoneplate,,,,,,,,,,,,,,,,,,,,,,,,,,,,,2.0,,,,,,,,,,,,2.0,ChainVest,,,1.0,DragonsClaw,,,,,,,,,,,,,,,,,,,,,,,,,,,2.0,ZekesHerald,ZekesHerald,PowerGauntlet,,,,,,,,,,,None,None,,,,,2.0,,,,,,,,,,,,,,,,3.0,GuinsoosRageblade,GuardianAngel,Deathblade,,,,,,,,,,,,
5,EUW1_5971413437,TFT6_Augment_FirstAidKit,TFT7_Augment_MirageTrait,TFT7_Augment_MirageEmblem,,,,,,0.0,1.0,,,2.0,,0.0,,,4.0,,,,0.0,,,,1.0,,,,,0.0,,,,,,,,,,,,,,,,,,,,,,,,,2.0,MirageEmblemItem,IonicSpark,RedBuff,,,,,,,,,1.0,Quicksilver,,,,,,,,,,,,,,,,,,,,,,,,,,,,,,,,,,,,,,,,,,,,,,,,,,,,,,,3.0,BrambleVest,IonicSpark,RedBuff,,,,,,,,,,,,,,,,,,,,,2.0,,,,,,,,,,,,,,,,,,,,,,,,,,,,,,,,,,,,,,,,,,,,,,,,,,,,2.0,,,,,,,,,,,,,,,,,,,,2.0,MirageEmblemItem,GiantsBelt,,2.0,WarmogsArmor,Redemption,,,,None,None,,,,,,,,,,,,,,,,,,,,,,,,,,,,,,,,,,,,
6,EUW1_5971413437,TFT7_Augment_MysticTrait,TFT7_Augment_CavalierTrait,TFT7_Augment_UrfsGrabBag1,,0.0,1.0,0.0,,3.0,,,,,3.0,,,2.0,,2.0,0.0,,0.0,,0.0,1.0,,,,,,0.0,,,,,,,,,,,,,,,,,,,,,2.0,Redemption,,,,,,,,,,,,,,,,,,,,,,,,,,,,,,,,,,,,,,,,,,,2.0,ThiefsGloves,NeedlesslyLargeRod,RabadonsDeathcap,,,,,,,,,,,,,,,,,,,,,,,,,,,,,3.0,,,,,,,,1.0,,,,,,,,,,,,,,,,,,,,,,,,,,,,,,,,2.0,ArchangelsStaff,HextechGunblade,SpearOfShojin,2.0,,,,,,,,,,,,,,,,,,,,,,,,,,,,,,,,,,,,2.0,RedBuff,WarmogsArmor,GargoyleStoneplate,,,,,,,,,,,,,,,,,,,None,None,,,,,,,,,,,,,,,,,,,,,,,,,,,,,,,,,1.0,,,
1,EUW1_5971413437,TFT6_Augment_SecondWind1,TFT6_Augment_ThrillOfTheHunt1,TFT7_Augment_UrfsGrabBag1,,,,0.0,,,1.0,1.0,,1.0,,1.0,0.0,,0.0,,,,,,,,,1.0,3.0,,0.0,0.0,,,,,,,,,2.0,Quicksilver,SpearOfShojin,JeweledGauntlet,2.0,StatikkShiv,,,,,,,,,,,,,,,,,,,,,,,,,,,,,,,,,,,,,,,,,,,2.0,,,,,,,,,,,,,,,,,,,,,,,,2.0,,,,,,,,3.0,UnstableConcoction,TitansResolve,Bloodthirster,,,,,,,,,,,,,,,,,,,,,,,,,,,,,,,,,1.0,WarmogsArmor,TearOfTheGoddess,,,,,,,,,,,,,,,,,,,,,,,,,,,,,,,,,,,,,,,,,,,,,,,,,,,,,,,,,,,,,,2.0,,,,2.0,,,,,,None,None,,,,,,,,,,,,,,,,,,,,,,,,,2.0,StatikkShiv,Chalice,ZekesHerald,,,,,,,,
3,EUW1_5971413437,TFT7_Augment_MysticTrait,TFT6_Augment_LudensEcho1,TFT7_Augment_MageEmblem,,2.0,1.0,1.0,,,1.0,,1.0,,1.0,,,2.0,,3.0,,,,,0.0,1.0,,,,0.0,,0.0,,,,,,,,,,,,,,,,,2.0,JeweledGauntlet,ArchangelsStaff,MageEmblemItem,2.0,SpearOfShojin,,,,,,,,,,,,,,,,,,,,,,,,,,,,,,,,,,,,,,,,,,,,,,,,,,,2.0,TitanicHydra,WarmogsArmor,GargoyleStoneplate,,,,,,,,,,,,,,,,,,,,,,,,,1.0,,,,2.0,StatikkShiv,Chalice,HextechGunblade,,,,,,,,,,,,,,,,,,,,,,,,,,,,,,,,,,,,,,,,,,,,,,,,,,,,,,,,,,,,,,,,,,,,,2.0,TitansResolve,,,,,,,,,,,,,,,,,,,,,None,None,,,,,,,,,,,,,2.0,,,,,,,,,,,,,,,,,,,,2.0,SpearOfShojin,StatikkShiv,
4,EUW1_5971413437,TFT6_Augment_Twins1,TFT6_Augment_Diversify1,TFT6_Augment_TomeOfTraits1,0.0,0.0,1.0,,,,1.0,,,,1.0,2.0,,,0.0,1.0,,,,2.0,,,,,,,,1.0,,,,,,,,,,,,,,,,,,,,,1.0,JadeEmblemItem,,,,,,,,,,,,,,,,,,,,,,,2.0,Bloodthirster,TitansResolve,RabadonsDeathcap,,,,,2.0,,,,,,,,2.0,SparringGloves,Redemption,,,,,,,,,,,,,,,,,,,,,,,,,,,,,,,,,,,,,,,,,,,,,,2.0,RedBuff,MirageEmblemItem,GargoyleStoneplate,3.0,GuinsoosRageblade,Deathblade,Quicksilver,,,,,,,,,,,,,1.0,,,,,,,,,,,,,,,,,,,,,,,,,,,,,,,,,,,,,,,,,,,,,,,,,,,,,,,,,,,,,,,,,,,,,,None,None,,,,,,,,,,,,,,,,,,,,,,,,,,,,,,,,,,,,
7,EUW1_5971413437,TFT7_Augment_ShimmerscaleEmblem,TFT6_Augment_ItemGrabBag1,TFT7_Augment_AxiomArc2,,,,,1.0,,1.0,,1.0,0.0,,0.0,,0.0,,0.0,,1.0,,,2.0,1.0,1.0,,,1.0,,,,,,,,,,,,,,,,,,,,,,,,,,,,,,,2.0,ShimmerscaleDravensAxe,InfinityEdge,Quicksilver,,,,,,,,,2.0,WarmogsArmor,DragonsClaw,RedBuff,,,,,,,,,,,,,,,,,,,,,,,,,,,,,,,,,,,,,,,,,,,,,,,,,,,,,,,,,2.0,ShimmerscaleHeartOfGold,,,,,,,,,,,,,,,,,,,,,,,,,,,,,,,,,,,,,,,,,,,,,,,,,,,,,,,,,,,,,,,2.0,SpearOfShojin,ArchangelsStaff,JeweledGauntlet,1.0,RecurveBow,,,,,,,,,,,,,,,,,,,,,,,,,,,1.0,TrainerSnax,None,None,1.0,ShimmerscaleEmblemItem,,,,,,,,,,,,,,,,,,,,,,,,,,,,,,,1.0,,,
8,EUW1_5971413437,TFT7_Augment_MysticTrait,TFT7_Augment_MageTrait,TFT6_Augment_CelestialBlessing2,,0.0,,1.0,,,1.0,0.0,0.0,,,,0.0,1.0,0.0,2.0,,,,,,,,,2.0,1.0,0.0,0.0,,,,,,,,,1.0,ArchangelsStaff,SpearOfShojin,Quicksilver,,,,,,,,,,,,,,,,,,,,,,,,,,,,,,,,,,,,,,,,,,,,,,,,,,,,,,,,,2.0,,,,,,,,,,,,,,,,,,,,,,,,,,,,,,,,1.0,,,,2.0,,,,,,,,,,,,,,,,,,,,1.0,BrambleVest,,,,,,,,,,,,,,,,,,,,,,,,,,,,,,,,,,,,,,,,,,,,,,,,,,,2.0,DragonsClaw,WarmogsArmor,BrambleVest,,,,,,,,,,,,,,,,,3.0,TrainerSnax,None,None,,,,,,,,,,,,,,,,,,,,,,,,,1.0,Deathblade,,,,,,,,,,
7,EUW1_5971006410,TFT6_Augment_CelestialBlessing2,TFT6_Augment_Diversify3,TFT6_Augment_Ascension,1.0,,,2.0,,,1.0,,,,1.0,,0.0,0.0,,,0.0,,,0.0,,,,,0.0,,0.0,3.0,,,,,,,,,,,,,,,,,,,,,,,,,,,,,,,,,,,,,,,,,,,,,,,,,2.0,GuinsoosRageblade,TitansResolve,Bloodthirster,2.0,ArchangelsStaff,HextechGunblade,,,,,,,,,,,,,,,,,,,,,,,,,,,,,,,,,,,,,,,,,,,,,,,,,,,,,,,,,,,,,,,,,,,,,,1.0,Shroud,,,1.0,InfinityEdge,,,,,,,,,,,,,,,,,,,,,,,1.0,,,,,,,,,,,,,,,,,,,,,,,,2.0,PowerGauntlet,,,,,,,1.0,,,,,,,,,,,,,,None,None,,,,,,,,,,,,,,,,,,,,,,,,,,,,,,,,,,,,
8,EUW1_5971006410,TFT6_Augment_TomeOfTraits1,TFT6_Augment_ItemGrabBag2,TFT7_Augment_MirageHallucinate,,,,,,2.0,1.0,0.0,,0.0,1.0,,,,4.0,,0.0,,,,,,,,,,1.0,,,,,,,,,,,,,,,,,,,,,,,,,,,,,,,,,,,,,,1.0,JeweledGauntlet,GuinsoosRageblade,MadredsBloodrazor,,,,,,,,,,,,,,,,,,,,,,,,,2.0,MirageEmblemItem,,,,,,,,,,,,,,,,,,,,,,,,,,,2.0,,,,,,,,,,,,,,,,,,,,,,,,2.0,RedBuff,,,,,,,,,,,,,,,,,,,,,,,2.0,,,,,,,,,,,,,,,,,,,,,,,,,,,,,,,,,,,,,,,,,,,,,,,,,,,,,,,,,,None,None,,,,,,,,,,,,,,,,,,,,,,,,,2.0,RabadonsDeathcap,RedBuff,Zephyr,3.0,TitansResolve,Quicksilver,GuinsoosRageblade,,,,
3,EUW1_5971006410,TFT7_Augment_WarriorEmblem,TFT6_Augment_ItemGrabBag2,TFT6_Augment_Ascension,,,,1.0,,3.0,1.0,0.0,,,1.0,,,0.0,3.0,,0.0,,0.0,,,,,,,,2.0,,,,,,,,,,,,,,,,,,,,,,,,,,,,,,,,,,,,,,3.0,HextechGunblade,MadredsBloodrazor,Quicksilver,,,,,,,,,,,,,,,,,,,,,,,,,2.0,RedBuff,BrambleVest,TitansResolve,,,,,,,,,,,,,,,,,,,,,,,,,,,,,1.0,ThiefsGloves,RunaansHurricane,RunaansHurricane,,,,,,,,,,,,,,,,,2.0,Redemption,Redemption,,,,,,,,,,,,,,,,,,,,,,2.0,WarriorEmblemItem,BruiserEmblemItem,,,,,,,,,,2.0,ThiefsGloves,RunaansHurricane,SeraphsEmbrace,,,,,,,,,,,,,,,,,,,,,,,,,,,,,,,,,,,,,,,,,,,None,None,,,,,,,,,,,,,,,,,,,,,,,,,2.0,GuardianAngel,Morellonomicon,Bloodthirster,2.0,ZekesHerald,Deathblade,,,,,
4,EUW1_5971006410,TFT6_Augment_ThreesCompany,TFT7_Augment_ThinkFast,TFT6_Augment_SalvageBin,1.0,,,1.0,,0.0,1.0,,,,2.0,,0.0,,,,2.0,,,0.0,,,,1.0,1.0,,0.0,,,,,,,,,,,,,,,,,,,,,,,,,,,,,,,,,,,,,,,,,,,,,,,,,,,,,,,,,,,,,,,,,,1.0,ThiefsGloves,UnstableConcoction,Zephyr,,,,,,,,,,,,,,,,,,,,,,,,,,,,,,,,,,,,,,,,,,,,,,,,,,,,,,,,,2.0,DragonsClaw,RedBuff,WarmogsArmor,,,,,2.0,,,,,,,,,,,,,,,,,,,,2.0,,,,1.0,LastWhisper,FrozenHeart,,,,,,,,,,,,,,,,,,,,,,,,,,2.0,Bloodthirster,InfinityEdge,Deathblade,,,,,,,,,,,None,None,,,,,1.0,,,,,,,,,,,,,,,,2.0,GuinsoosRageblade,GuinsoosRageblade,MadredsBloodrazor,,,,,,,,,,,,
2,EUW1_5971006410,TFT6_Augment_CyberneticShell2,TFT6_Augment_RadiantRelics,TFT6_Augment_CyberneticUplink2,,1.0,,1.0,,,,,1.0,,1.0,,,2.0,,1.0,,0.0,,,,,,,,1.0,,0.0,,,,,,,,,,,,,,,,,,,,,,,,,,,,,,,,,,,,,,,,,,,,,,,,,,,,,,,,,,,,,,,,,,,,,2.0,SparringGloves,,,3.0,ThiefsGloves,ChainVest,IonicSpark,,,,,,,,,,,,,,,,,,,,,,,,,2.0,PowerGauntlet,StatikkShiv,,3.0,SpearOfShojin,,,,,,,,,,,,,,,,,,,,,,,,,,,,,,,3.0,HextechGunblade,ArchangelsStaff,SpearOfShojinRadiant,,,,,,,,,,,,,,,,,,,,,,,,,2.0,SparringGloves,SpearOfShojin,,,,,,,,,,2.0,RedBuff,WarmogsArmor,Redemption,,,,,,,,,,,,,,,,,2.0,TrainerSnax,None,None,,,,,,,,,,,,,2.0,DragonsClaw,,,,,,,,,,,,,,,,,,,,,,
6,EUW1_5971006410,TFT6_Augment_Ascension,TFT6_Augment_ThriftShop,TFT7_Augment_ShimmerscaleTrait,1.0,,,,,,1.0,0.0,,1.0,,,0.0,0.0,0.0,,0.0,,,,4.0,1.0,,,,,1.0,1.0,2.0,ShimmerscaleHeartOfGold,,,,,,,,,,,,,,,,,,,,,,,,,,,,,,,,,,,,,,,2.0,WarmogsArmor,Redemption,,,,,,,,,,,,,,,,,,,,,,,,,,,,,,,,,,,,,,,,,,2.0,FrozenHeart,,,,,,,,,,,,,,,,,,,,,,,,,,,,,,,,,,,,,,,,,,,2.0,UnstableConcoction,InfinityEdge,ShimmerscaleGoldmancersStaff,,,,,,,,,,,,,,,,,,,,,,,,,,,,,,,,,,,,,,,,,,,,,,,,,,,,,,,,,,,,,2.0,ShimmerscaleEmblemItem,,,,,None,None,,,,,,,,,,,,,,,,,2.0,UnstableConcoction,,,,,,,1.0,Bloodthirster,GuinsoosRageblade,ShimmerscaleDravensAxe,,,,,2.0,ShimmerscaleGamblersBlade,Shroud,ShimmerscaleCrownOfChampions
5,EUW1_5971006410,TFT7_Augment_JadePenitence,TFT7_Augment_UrfsGrabBag2,TFT7_Augment_JadeTrait,,,1.0,,,,1.0,,1.0,1.0,1.0,3.0,0.0,,,2.0,,,,1.0,,,1.0,,,0.0,,0.0,,,,,1.0,,,,,,,,,,,,,,,,1.0,Zephyr,Quicksilver,,,,,,,,,,,,,,,,,,,,,,3.0,Bloodthirster,TitansResolve,InfinityEdge,,,,,,,,,,,,,2.0,,,,,,,,,,,,,,,,,,,,,,,,,,,,,,,,,,,,,,,,2.0,,,,,,,,2.0,Redemption,Redemption,BrambleVest,,,,,,,,,,,,,,,,,,,,,,,,,,,,,,,,,,,,,,,,,,,,,,,,,,,,,,,,,1.0,SpearOfShojin,ArchangelsStaff,,,,,,,,,,,,,,,,,,1.0,RedBuff,,,1.0,,,,,,None,None,,,,,,,,,,,,,,,,,,,,,,,,,,,,,,,,,,,,
1,EUW1_5971006410,TFT7_Augment_Bloodlust1,TFT6_Augment_HighEndShopping,TFT7_Augment_UrfsGrabBag1,,,,0.0,,,,2.0,0.0,,,1.0,1.0,,0.0,,0.0,,,1.0,0.0,,,0.0,1.0,,0.0,,,,,,2.0,ArchangelsStaff,Morellonomicon,,,,,,1.0,,,,,,,,,,,,,,,,,,,,,,,,,,,,,,,,,,,,,,,,,,,,,,,,,,,,,,,,,,,,,,,,,,,,1.0,,,,,,,,2.0,,,,,,,,,,,,,,,,,,,,2.0,ZekesHerald,RedBuff,,,,,,,,,,,,,,2.0,BrambleVest,GargoyleStoneplate,WarmogsArmor,,,,,,,,,,,,,,,,,,,,,,,,,,,,,,,,,,,,,,,,,,,,,2.0,,,,,,,,,,,,,,,,,,,,,,,,,,None,None,,,,,,,,,,,,,,,,,3.0,Quicksilver,GuinsoosRageblade,Bloodthirster,,,,,2.0,UnstableConcoction,,,,,,,,,,
8,EUW1_5972554838,TFT6_Augment_SecondWind2,TFT7_Augment_CannoneerHotShot,TFT6_Augment_CyberneticShell2,,,,,1.0,,1.0,,1.0,1.0,,,,,,0.0,,1.0,,,1.0,,,,,1.0,,0.0,,,,,,,,,,,,,,,,,,,,,,,,,,,,,1.0,UnstableConcoction,MadredsBloodrazor,,,,,,,,,,1.0,GargoyleStoneplate,WarmogsArmor,ShimmerscaleDeterminedInvestor,,,,,,,,,,,,,,,,,,,,,,,,,,,,,,,,,,,,,,,,,,,,,,,,,,,,,,,,,2.0,,,,,,,,,,,,,,,,,,,,,,,,,,,,,,,,,,,,,,,,,,,,,,,,,,,,,,,,,,,,,,,,1.0,SparringGloves,,,,,,,,,,,,,,,,,,,,,,,,,,,2.0,,,,1.0,TrainerSnax,None,None,2.0,,,,,,,,,,,,,,,,,,,,,,,,,,,,,,,,,,,
2,EUW1_5972554838,TFT6_Augment_CyberneticShell2,TFT6_Augment_CyberneticImplants2,TFT6_Augment_CyberneticUplink2,,,1.0,,1.0,,1.0,,0.0,1.0,1.0,,,,,0.0,,1.0,0.0,,1.0,,,,,0.0,,,,,,,,,,,,,,,,,,,,,,,1.0,TearOfTheGoddess,,,2.0,Shroud,ChainVest,,2.0,LastWhisper,Deathblade,GuinsoosRageblade,,,,,,,,,2.0,ShimmerscaleDiamondHands,RedBuff,GargoyleStoneplate,,,,,,,,,,,,,,,,,,,,,,,,,,,,,,,,,,,,,,,,,,,,,,,,,,,,,,,,,,,,,,,,,,,,,,,,,,,,,,,,,,,,,,,,,,,,,,,,,,,,,,,,,,,,,,,,,,,,,,,,,2.0,UnstableConcoction,BFSword,,,,,,,,,,,,,,,,,,,,,,,,,,,,,,,,None,None,1.0,BFSword,,,,,,,,,,,,,,,,,,,,,,,,,,,,,,,,,,
1,EUW1_5972554838,TFT6_Augment_TradeSector,TFT6_Augment_Twins2,TFT6_Augment_ThrillOfTheHunt2,,0.0,,,,0.0,1.0,1.0,,,,1.0,,,0.0,,1.0,,,3.0,,,,0.0,,,0.0,0.0,,,,,,,,,,,,,2.0,,,,,,,,,,,,,,,,,,,,,,,,,,,,,,,,,,,,,,,,3.0,ThiefsGloves,LocketOfTheIronSolari,TitanicHydra,,,,,2.0,,,,,,,,,,,,,,,,,,,,,,,,,,,,,,,,,,,,,,,,,,,,,,,,2.0,BrambleVest,GargoyleStoneplate,,3.0,GuinsoosRageblade,Deathblade,Quicksilver,,,,,,,,,,,,,,,,,,,,,,,,,,,,,,,,,,,,,,,,,2.0,RabadonsDeathcap,JeweledGauntlet,ArchangelsStaff,,,,,,,,,,,,,2.0,,,,,,,,,,,,,,,,,,,,,,,,,,None,None,,,,,,,,,,,,,,,,,,,,,,,,,2.0,CavalierEmblemItem,,,,,,,,,,
3,EUW1_5972554838,TFT7_Augment_MageConference,TFT7_Augment_CavalierDevastatingCharge,TFT6_Augment_TargetDummies,0.0,,,1.0,,3.0,,,,0.0,1.0,,,0.0,0.0,,0.0,,2.0,,,,,,,,1.0,,,,,,,,,,,,,,,,,,,,,,,,,,3.0,RedBuff,WarmogsArmor,,,,,,2.0,HextechGunblade,GuardianAngel,,,,,,,,,,,,,,,,,,,,,,,,,,,,,,2.0,,,,,,,,,,,,,,,,,,,,,,,,,,,,,,,,3.0,IonicSpark,UnstableConcoction,UnstableConcoction,,,,,,,,,,,,,,,,,2.0,,,,2.0,GuinsoosRageblade,,,,,,,,,,,,,,,,,,,2.0,,,,,,,,,,,,2.0,,,,,,,,,,,,,,,,,,,,,,,,,,,,,,,,,,,,,,,,,,,,,,None,None,,,,,,,,,,,,,,,,,,,,,,,,,,,,,,,,,,,,
5,EUW1_5972554838,TFT7_Augment_MageEmblem,TFT6_Augment_LudensEcho2,TFT6_Augment_JeweledLotus,,0.0,,1.0,,,1.0,,0.0,,2.0,,0.0,2.0,,1.0,,,,,,,,,2.0,1.0,,0.0,,,,,,,,,1.0,ArchangelsStaff,MageEmblemItem,SpearOfShojin,,,,,,,,,,,,,,,,,,,,,,,,,,,,,,,,,,,,,,,,,,,,,,,,,,,,,,,,,1.0,,,,,,,,,,,,,,,,,,,,,,,,,,,,,,,,2.0,,,,2.0,Chalice,ArchangelsStaff,,,,,,,,,,,,,,,,,,2.0,Zephyr,GuildEmblemItem,SparringGloves,,,,,,,,,1.0,,,,,,,,,,,,,,,,,,,,,,,,,,,,,,,,,,,,,,,,1.0,TitanicHydra,IonicSpark,,,,,,,,,,,,,,,,,,2.0,TrainerSnax,None,None,,,,,,,,,,,,,,,,,,,,,,,,,,,,,,,,,,,,
6,EUW1_5972554838,TFT6_Augment_SecondWind2,TFT6_Augment_Meditation2,TFT7_Augment_MageEmblem,0.0,0.0,,1.0,,,1.0,,,0.0,1.0,,,2.0,,0.0,,,,,,,,,,0.0,,3.0,,,,,,,,,,,,,,,,,,,,,,,,,,,,,,,,,,,,,,,,,,,,,,,,,2.0,MageEmblemItem,Bloodthirster,TitansResolve,,,,,,,,,,,,,,,,,2.0,,,,,,,,,,,,,,,,,,,,,,,,,,,,,,,,,,,,2.0,,,,,,,,,,,,,,,,,,,,,,,,1.0,RabadonsDeathcap,,,,,,,2.0,,,,,,,,,,,,,,,,,,,,,,,,,,,,,,,,,,,,,,,,2.0,RedBuff,WarmogsArmor,BrambleVest,,,,,,,,,,,,,1.0,,,,,,None,None,,,,,,,,,,,,,,,,,,,,,,,,,,,,,,,,,,,,
7,EUW1_5972554838,TFT6_Augment_TargetDummies,TFT6_Augment_PortableForge,TFT6_Augment_ComponentGrabBag,,,,,2.0,,1.0,,1.0,1.0,,,,,,0.0,,2.0,,,1.0,,,,,1.0,,0.0,,,,,,,,,,,,,,,,,,,,,,,,,,,,,1.0,GuinsoosRageblade,LastWhisper,InfinityEdge,,,,,,,,,1.0,OrnnEternalWinter,GargoyleStoneplate,ShimmerscaleDiamondHands,,,,,,,,,,,,,,,,,,,,,,,,,,,,,,,,,1.0,,,,,,,,,,,,,,,,,,,,,,,,1.0,,,,,,,,,,,,,,,,,,,,,,,,,,,,,,,,,,,,,,,,,,,,,,,,,,,,,,,,,,,,,,,,2.0,Morellonomicon,RabadonsDeathcap,GuardianAngel,,,,,,,,,,,,,,,,,,,,,,,,,2.0,,,,1.0,TrainerSnax,None,None,2.0,StatikkShiv,Zephyr,,,,,,,,,,,,,,,,,,,,,,,,,,,,,,,,,
4,EUW1_5972554838,TFT7_Augment_SwiftshotPressTheAttack,TFT6_Augment_Twins2,TFT7_Augment_BestFriends2,1.0,,,1.0,,1.0,,0.0,,,3.0,,0.0,,,,1.0,,,,,,,1.0,1.0,,0.0,,,,,,,,,,,,,,,,,,,,,,,,,,,,,,,,,,,,,,,,,,,,,,,,,,,,,,,,,,,,,,,,,,2.0,WarmogsArmor,SeraphsEmbrace,RedBuff,,,,,,,,,,,,,,,,,,,,,,,,,,,,,,,,,,,,,,,,,,,,,,,,,,,,,,,,,1.0,,,,,,,,1.0,,,,,,,,2.0,Zephyr,,,,,,,,,,,2.0,,,,,,,,,,,,,,,,,,,,,,,,,,,,,,,,2.0,RedBuff,,,,,,,,,,,,,None,None,,,,,2.0,DragonmancerEmblemItem,,,,,,,,,,,,,,,2.0,MadredsBloodrazor,GuinsoosRageblade,Quicksilver,,,,,,,,,,,,
2,EUW1_5972070975,TFT7_Augment_CavalierEmblem,TFT6_Augment_CyberneticShell2,TFT7_Augment_CavalierDevastatingCharge,,,,,,4.0,1.0,0.0,,,1.0,0.0,,0.0,3.0,,0.0,,0.0,,,,1.0,,,,1.0,,,,,,,,,,,,,,,,,,,,,,,,,,,,,,,,,,,,,,2.0,SpearOfShojin,RabadonsDeathcap,JeweledGauntlet,,,,,,,,,,,,,,,,,,,,,,,,,2.0,Morellonomicon,ChainVest,GargoyleStoneplate,,,,,,,,,,,,,,,,,,,,,,,,,,,,,1.0,RunaansHurricane,,,,,,,,,,,,,,,,,,,2.0,IonicSpark,,,,,,,,,,,,,,,,,,,,,,,2.0,NegatronCloak,,,,,,,,,,,,,,,,,,,,,,,,,,,2.0,Chalice,,,,,,,,,,,,,,,,,,,,,,,,,,,,,None,None,,,,,,,,,,,,,,,,,,,,,,,,,2.0,CavalierEmblemItem,MadredsBloodrazor,UnstableConcoction,2.0,,,,,,,
1,EUW1_5972070975,TFT6_Augment_SecondWind2,TFT7_Augment_BestFriends2,TFT6_Augment_Diversify2,1.0,,1.0,1.0,,1.0,,,,,4.0,,0.0,,,0.0,1.0,,,,,,,1.0,1.0,,0.0,,,,,,,,,,,,,,,,,,,,,,2.0,SpearOfShojin,,,,,,,,,,,,,,,,,,,,,,,,,,,,,,,,,,,,,,,,,,,2.0,ThiefsGloves,Chalice,GargoyleStoneplate,,,,,,,,,,,,,,,,,,,,,,,,,,,,,,,,,,,,,,,,,,,,,,,,,,,,,,,,,2.0,RedBuff,DragonsClaw,BrambleVest,,,,,2.0,,,,,,,,2.0,NegatronCloak,,,,,,,,,,,2.0,,,,,,,,,,,,,,,,,,,,,,,,,,,,,,,,2.0,UnstableConcoction,LastWhisper,TitansResolve,,,,,,,,,,,None,None,,,,,2.0,,,,,,,,,,,,,,,,3.0,MadredsBloodrazor,GuinsoosRageblade,Quicksilver,,,,,,,,,,,,
5,EUW1_5972070975,TFT7_Augment_GadgetExpert,TFT6_Augment_SalvageBin,TFT7_Augment_JadePenitence,,,1.0,,,,1.0,0.0,1.0,,1.0,2.0,0.0,,0.0,2.0,,,,1.0,,,,,,0.0,0.0,,,,,,2.0,RabadonsDeathcap,StatikkShiv,RabadonsDeathcap,,,,,,,,,,,,,1.0,Shroud,,,,,,,,,,,,,,,,,,,,,,,2.0,UnstableConcoction,RunaansHurricane,Deathblade,,,,,,,,,,,,,2.0,ThiefsGloves,Quicksilver,Deathblade,,,,,,,,,,,,,,,,,,,,,,,,,,,,,,,,,,,,,2.0,,,,,,,,2.0,RedBuff,Shroud,,,,,,,,,,,,,,,,,,,,,,,,,,,,,,,,,,,,,,,,,,,,,,,,,,,,,,,,,,,,,,,,,,,,,,,,,,,,,,,,,,,,,,,,None,None,,,,,,,,,,,,,,,,,,,,,,,,,1.0,ThiefsGloves,RunaansHurricane,ArchangelsStaff,,,,,,,,
4,EUW1_5972070975,TFT6_Augment_RichGetRicher,TFT7_Augment_CannoneerEmblem,TFT6_Augment_PortableForge,,,,,4.0,,1.0,,1.0,1.0,,,,,,0.0,0.0,2.0,,,1.0,,,,,1.0,,,,,,,,,,,,,,,,,,,,,,,,,,,,,,,2.0,InfinityEdge,UnstableConcoction,GuinsoosRageblade,,,,,,,,,2.0,ShimmerscaleMogulsMail,GargoyleStoneplate,OrnnAnimaVisage,,,,,,,,,,,,,,,,,,,,,,,,,,,,,,,,,2.0,LocketOfTheIronSolari,,,,,,,,,,,,,,,,,,,,,,,2.0,CannoneerEmblemItem,GuardianEmblemItem,GargoyleStoneplate,,,,,,,,,,,,,,,,,,,,,,,,,,,,,,,,,,,,,,,,,2.0,,,,,,,,,,,,,,,,,,,,2.0,StatikkShiv,RabadonsDeathcap,,,,,,,,,,,,,,,,,,,,,,,,,,,,,,4.0,TrainerSnax,None,None,2.0,,,,,,,,,,,,,,,,,,,,,,,,,,,,,,,,,,,
6,EUW1_5972070975,TFT6_Augment_Ascension,TFT6_Augment_ComponentGrabBag,TFT6_Augment_CyberneticShell2,,,,1.0,1.0,,1.0,,0.0,1.0,,,0.0,,,0.0,,1.0,,,1.0,,,,0.0,1.0,,0.0,,,,,,,,,,,,,,,,,,,,,,,,,,,,,2.0,Deathblade,UnstableConcoction,GuinsoosRageblade,,,,,,,,,2.0,WarmogsArmor,RedBuff,ShimmerscaleMogulsMail,,,,,,,,,,,,,,,,,,,,,,,,,,,,,,,,,,,,,,,,,,,,,,,,,,,,,,,,,2.0,,,,,,,,,,,,,,,,,,,,,,,,2.0,Quicksilver,,,,,,,,,,,,,,,,,,,,,,,,,,,,,,,,,,,,,,,,,,,,,,,,,,,,,,,1.0,,,,,,,,,,,,1.0,TitanicHydra,,,1.0,TrainerSnax,None,None,2.0,LocketOfTheIronSolari,HextechGunblade,,,,,,,,,,,,,,,,,,,,,,,,,,,,,,,,,
3,EUW1_5972070975,TFT6_Augment_ThreesCompany,TFT7_Augment_BestFriends2,TFT7_Augment_BruiserEmblem,,0.0,,3.0,,,1.0,,,,,,0.0,0.0,,,0.0,,,,,,,1.0,1.0,,0.0,2.0,,,,,,,,,,,,,,,,,,,,,,,,,,,,,,,,,,,,,,,,,,,,,,,,,2.0,MadredsBloodrazor,HextechGunblade,TitansResolve,,,,,2.0,BruiserEmblemItem,ZekesHerald,,,,,,,,,,,,,,3.0,RedBuff,WarmogsArmor,WarmogsArmor,,,,,,,,,,,,,,,,,,,,,,,,,,,,,,,,,,,,,,,,,,,,,,,,,2.0,TearOfTheGoddess,,,,,,,,,,,,,,,,,,,,,,,,,,,2.0,,,,,,,,,,,,,,,,,,,,,,,,2.0,,,,,,,,,,,,,,,,,,,,,,None,None,,,,,,,,,3.0,Deathblade,GuinsoosRageblade,RunaansHurricane,,,,,,,,,,,,,,,,,,,,,,,,
7,EUW1_5972070975,TFT7_Augment_ClutteredMind,TFT6_Augment_ComponentGrabBag,TFT6_Augment_CelestialBlessing2,,,,,,3.0,1.0,,,0.0,1.0,,,0.0,3.0,,0.0,,0.0,,,,,,,,0.0,,,,,,,,,,,,,,,,,,,,,,,,,,,,,,,,,,,,,,2.0,ArchangelsStaff,GuinsoosRageblade,InfinityEdge,,,,,,,,,,,,,,,,,,,,,,,,,2.0,MirageEmblemItem,,,,,,,,,,,,,,,,,,,,,,,,,,,2.0,,,,2.0,,,,,,,,,,,,,,,,,,,,2.0,GargoyleStoneplate,Redemption,HextechGunblade,,,,,,,,,,,,,,,,,,,,,2.0,,,,,,,,,,,,,,,,,,,,,,,,,,,,,,,,,,,,,,,,,,,,,,,,,,,,,,,,,,None,None,,,,,,,,,,,,,,,,,,,,,,,,,,,,,2.0,StatikkShiv,,,,,,
8,EUW1_5972070975,TFT6_Augment_SalvageBin,TFT6_Augment_ComponentGrabBag,TFT6_Augment_PortableForge,,,,1.0,,,1.0,,,0.0,,,,,2.0,,0.0,,0.0,,0.0,,,,,,2.0,,2.0,,,,,,,,,,,,,,,,,,,,,,,,,,,,,,,,,,,,1.0,Quicksilver,GuinsoosRageblade,OrnnTheCollector,,,,,,,,,,,,,,,,,,,,,,,,,,,,,,,,,,,,,,,,,,,,,,,,,,,,,2.0,,,,,,,,,,,,,,,,,,,,,,,,,,,,2.0,Quicksilver,Bloodthirster,,,,,,,,,,,,,,,,,,,,,,,,,,,,,,2.0,Redemption,RedBuff,,,,,,,,,,,,,,,,,,,,,,,,,,,,,,,,,,,,,,,,,,,,None,None,,,,,,,,,,,,,,,,,,,,,,,,,,,,,1.0,,,,,,,
8,EUW1_5971708429,TFT6_Augment_SalvageBin,TFT7_Augment_GuildTrait,TFT6_Augment_Ascension,1.0,,,1.0,,1.0,,,,,4.0,,0.0,,,,1.0,,,,,,,1.0,1.0,,0.0,,,,,,,,,,,,,,,,,,,,,,,,,,,,,,,,,,,,,,,,,,,,,,,,,,,,,,,,,,,,,,,,,,2.0,,,,,,,,,,,,,,,,,,,,,,,,,,,,,,,,,,,,,,,,,,,,,,,,,,,,,,,,,,,,2.0,WarmogsArmor,RedBuff,Redemption,,,,,2.0,,,,,,,,2.0,,,,,,,,,,,,2.0,,,,,,,,,,,,,,,,,,,,,,,,,,,,,,,,1.0,InfinityEdge,UnstableConcoction,RapidFireCannon,,,,,,,,,,,None,None,,,,,2.0,,,,,,,,,,,,,,,,2.0,Quicksilver,MadredsBloodrazor,GuinsoosRageblade,,,,,,,,,,,,
7,EUW1_5971708429,TFT6_Augment_TrueTwos,TFT6_Augment_TinyTitans,TFT6_Augment_SunfireBoard,,,,1.0,,2.0,1.0,0.0,,,1.0,,0.0,,1.0,,0.0,,,,,,,,2.0,,1.0,,,,,,,,,,1.0,ArchangelsStaff,SpearOfShojin,JeweledGauntlet,,,,,,,,,,,,,,,,,,,,,,,,,,,,,,,,,,,,,,,,,,,,,,,,,,,,,1.0,StatikkShiv,,,,,,,,,,,,,,,,,,,,,,,,,,,,,,,,,,,,,,,,,,,,,,,,,,,2.0,GargoyleStoneplate,,,,,,,2.0,WarmogsArmor,,,,,,,,,,,,,,,2.0,,,,,,,,,,,,1.0,,,,,,,,,,,,,,,,,,,,,,,,,,,,,,,,,,,,,,,,,,,,,,None,None,,,,,,,,,,,,,,,,,,,,,,,,,1.0,RabadonsDeathcap,UnstableConcoction,MadredsBloodrazor,,,,,,,,
1,EUW1_5971708429,TFT7_Augment_BruiserEmblem,TFT6_Augment_ItemGrabBag1,TFT6_Augment_ThrillOfTheHunt2,1.0,,,2.0,,,1.0,,,0.0,,0.0,0.0,0.0,,,,,,,,,1.0,,1.0,,,3.0,,,,,,,,,,,,,,,,,,,,,,,,,,,,,,,,,,,,,,,,,,,,,,,,,2.0,TitansResolve,Bloodthirster,GuinsoosRageblade,,,,,,,,,,,,,,,,,,,,,,,,,,,,,,,,,,,,,,,,,,,,,,,,,,,,,,,,,,,,,,,,,,,,,,,,,2.0,ZekesHerald,,,2.0,ArchangelsStaff,IonicSpark,MadredsBloodrazor,2.0,BruiserEmblemItem,RedBuff,IonicSpark,,,,,,,,,,,,,,,,,,,,,,,,,,,,,,,,,1.0,StatikkShiv,,,,,,,2.0,RedBuff,,,,,,,,,,,,,,,2.0,TitanicHydra,,,,,None,None,,,,,,,,,,,,,,,,,,,,,,,,,,,,,,,,,,,,
2,EUW1_5971708429,TFT6_Augment_CyberneticImplants2,TFT6_Augment_Diversify1,TFT7_Augment_CannoneerHotShot,,,1.0,,1.0,,1.0,,1.0,1.0,1.0,0.0,,,,1.0,,1.0,,,1.0,,1.0,,,1.0,,0.0,,,,,,,,,,,,,,,,,,,,,1.0,LastWhisper,,,,,,,2.0,MadredsBloodrazor,GuinsoosRageblade,GuinsoosRageblade,,,,,,,,,2.0,ShimmerscaleMogulsMail,RedBuff,DragonsClaw,,,,,,,,,,,,,,,,,,,,,,,,,,,,,,,,,,,,,,,,,,,,,,,,,,,,,,,,,2.0,TitanicHydra,,,,,,,,,,,,,,,,,,,,,,,,,,,,,,,,,,,,,,,,,,,,,,,,,,,,,,,,,,,,,,,2.0,Morellonomicon,JeweledGauntlet,,2.0,,,,,,,,,,,,,,,,,,,,,,,,2.0,Redemption,,,3.0,TrainerSnax,None,None,2.0,LastWhisper,,,,,,,,,,,,,,,,,,,,,,,,,,,,,,,,,,
4,EUW1_5971708429,TFT6_Augment_CyberneticShell2,TFT6_Augment_Weakspot,TFT6_Augment_Diversify2,1.0,,,1.0,,1.0,,,,,3.0,,0.0,,,,1.0,,,,,,,1.0,1.0,,0.0,,,,,,,,,,,,,,,,,,,,,,,,,,,,,,,,,,,,,,,,,,,,,,,,,,,,,,,,,,,,,,,,,,1.0,TearOfTheGoddess,Zephyr,,,,,,,,,,,,,,,,,,,,,,,,,,,,,,,,,,,,,,,,,,,,,,,,,,,,,,,,,,2.0,RedBuff,,,,,,,1.0,,,,,,,,2.0,GiantsBelt,,,,,,,,,,,2.0,,,,,,,,,,,,,,,,,,,,,,,,,,,,,,,,2.0,InfinityEdge,RedBuff,FrozenHeart,,,,,,,,,,,None,None,,,,,2.0,ZekesHerald,,,,,,,,,,,,,,,2.0,UnstableConcoction,Deathblade,Quicksilver,,,,,,,,,,,,
3,EUW1_5971708429,TFT6_Augment_CyberneticUplink2,TFT6_Augment_CyberneticImplants1,TFT7_Augment_SwiftshotPressTheAttack,0.0,1.0,,1.0,,,,,,0.0,2.0,,,1.0,,0.0,,,,,0.0,1.0,,1.0,,,,1.0,,,,,,,,,,,,,,,,,,,,,,,,,,,,,,,,,,,,,,,,,,,,,,,,,,,,,,,,,,,,,,,,,,,,,,,,,3.0,GargoyleStoneplate,LocketOfTheIronSolari,,,,,,,,,,,,,,,,,,,,,,,,,,,,,,3.0,TearOfTheGoddess,,,,,,,,,,,,,,,,,,,,,,,,,,,,,,,,,,,,,,,,,,,,,,,,,,,,,,,,,,,,,,,,,,,,,,,2.0,RedBuff,WarmogsArmor,,,,,,2.0,TearOfTheGoddess,Shroud,,,,,,1.0,,,,,,None,None,,,,,2.0,ZekesHerald,PowerGauntlet,,3.0,RunaansHurricane,Deathblade,GuinsoosRageblade,,,,,,,,,,,,,,,,,,,,,1.0,,,
5,EUW1_5971708429,TFT7_Augment_BruiserPersonalTraining,TFT7_Augment_BigFriend,TFT7_Augment_UrfsGrabBag1,,,,0.0,,1.0,1.0,0.0,,0.0,1.0,,,,4.0,,0.0,,,,,,,,,,1.0,,,,,,,,,,,,,,,,,,,,,,,,,,,,,,,,,,,,,,2.0,ArchangelsStaff,UnstableConcoction,GuinsoosRageblade,,,,,,,,,,,,,,,,,,,,,,,,,,,,,,,,,,,,,,,,,,,,,,,,,,,,,2.0,GargoyleStoneplate,SparringGloves,RedBuff,,,,,,,,,,,,,,,,,,,,,2.0,WarmogsArmor,RedBuff,IonicSpark,,,,,,,,,,,,,,,,,,,,,1.0,,,,,,,,,,,,2.0,MirageEmblemItem,,,,,,,,,,,,,,,,,,,,,,,,,,,,,,,,,,,,,,,,,,,,,None,None,,,,,,,,,,,,,,,,,,,,,,,,,1.0,Zephyr,,,2.0,,,,,,,
6,EUW1_5971708429,TFT7_Augment_CavalierEmblem,TFT7_Augment_BestFriends1,TFT7_Augment_PandorasBench,,,,,,4.0,1.0,0.0,,0.0,1.0,,,0.0,3.0,,0.0,,0.0,,,,,,,,0.0,,,,,,,,,,,,,,,,,,,,,,,,,,,,,,,,,,,,,,1.0,ArchangelsStaff,,,,,,,,,,,,,,,,,,,,,,,,,,,2.0,,,,,,,,,,,,,,,,,,,,,,,,,,,,1.0,TitanicHydra,,,2.0,,,,,,,,,,,,,,,,,,,,2.0,RedBuff,WarmogsArmor,DragonsClaw,,,,,,,,,,,,,,,,,,,,,1.0,Zephyr,,,,,,,,,,,,,,,,,,,,,,,,,,,,,,,,,,,,,,,,,,,,,,,,,,,,,,,,,None,None,,,,,,,,,,,,,,,,,,,,,,,,,1.0,TitansResolve,CavalierEmblemItem,UnstableConcoction,,,,,,,,
6,EUW1_5971818401,TFT7_Augment_GuildEmblem,TFT7_Augment_BestFriends3,TFT7_Augment_GuildGearUpgrades,1.0,,,1.0,,1.0,,,,,4.0,,0.0,,,,1.0,,,,,,,1.0,1.0,,0.0,,,,,,,,,,,,,,,,,,,,,,,,,,,,,,,,,,,,,,,,,,,,,,,,,,,,,,,,,,,,,,,,,,2.0,WarmogsArmor,Quicksilver,,,,,,,,,,,,,,,,,,,,,,,,,,,,,,,,,,,,,,,,,,,,,,,,,,,,,,,,,,2.0,WarmogsArmor,GargoyleStoneplate,GargoyleStoneplate,,,,,2.0,,,,,,,,2.0,,,,,,,,,,,,1.0,,,,,,,,,,,,,,,,,,,,,,,,,,,,,,,,1.0,,,,,,,,,,,,,,None,None,,,,,2.0,,,,,,,,,,,,,,,,1.0,GuinsoosRageblade,MadredsBloodrazor,GuildEmblemItem,,,,,,,,,,,,
7,EUW1_5971818401,TFT6_Augment_HyperRoll,TFT7_Augment_ShimmerscaleTrait2,TFT7_Augment_MikaelsGift,,0.0,,2.0,,,1.0,,,,,,0.0,0.0,,,,,,,0.0,,,1.0,1.0,,,2.0,,,,,,,,,,,,,,,,,,,,,,,,,,,,,,,,,,,,,,,,,,,,,,,,,2.0,ZekesHerald,MadredsBloodrazor,,,,,,1.0,,,,,,,,,,,,,,,,3.0,TitansResolve,Redemption,LocketOfTheIronSolari,,,,,,,,,,,,,,,,,,,,,,,,,,,,,,,,,,,,,,,,,,,,,,,,,1.0,,,,,,,,,,,,,,,,,,,,,,,,,,,,,,,,,,,,,,,,,,,,,,,,,,,,1.0,,,,,,,,,,,,,,,,,,,,,,None,None,,,,,,,,,3.0,RunaansHurricane,GuinsoosRageblade,LastWhisper,,,,,,,,,,,,,,,,,,,,,,,,
4,EUW1_5971818401,TFT6_Augment_CyberneticUplink2,TFT7_Augment_BestFriends3,TFT6_Augment_Diversify2,1.0,,,1.0,,1.0,,,,,3.0,,0.0,,,,1.0,,,,,,,1.0,1.0,,0.0,,,,,,,,,,,,,,,,,,,,,,,,,,,,,,,,,,,,,,,,,,,,,,,,,,,,,,,,,,,,,,,,,,2.0,NegatronCloak,,,,,,,,,,,,,,,,,,,,,,,,,,,,,,,,,,,,,,,,,,,,,,,,,,,,,,,,,,,2.0,GargoyleStoneplate,,,,,,,2.0,BFSword,,,,,,,2.0,LocketOfTheIronSolari,,,,,,,,,,,2.0,NeedlesslyLargeRod,,,,,,,,,,,,,,,,,,,,,,,,,,,,,,,1.0,GuardianAngel,MadredsBloodrazor,,,,,,,,,,,,None,None,,,,,2.0,Shroud,,,,,,,,,,,,,,,2.0,MadredsBloodrazor,GuinsoosRageblade,Quicksilver,,,,,,,,,,,,
2,EUW1_5971818401,TFT6_Augment_LudensEcho2,TFT7_Augment_MageEmblem2,TFT6_Augment_CyberneticUplink2,,0.0,,1.0,,,1.0,,1.0,,,,0.0,2.0,,1.0,,0.0,,,0.0,1.0,,,2.0,1.0,,0.0,,,,,,,,,1.0,RabadonsDeathcap,SpearOfShojin,JeweledGauntlet,,,,,,,,,,,,,,,,,,,,,,,,,,,,,,,,,,,,,,,,,,,,,,,,,,,,,,,,,2.0,TearOfTheGoddess,,,,,,,,,,,,,,,,,,,,,,,,,,,,,,,2.0,,,,1.0,Zephyr,,,,,,,,,,,,,,,,,,,2.0,IonicSpark,Zephyr,,,,,,,,,,,,,,,,,,,,,,,,,,,,,,,,,,,,,,2.0,SpearOfShojin,MageEmblemItem,,,,,,,,,,2.0,RedBuff,TitanicHydra,WarmogsArmor,,,,,,,,,,,,,,,,,4.0,TrainerSnax,None,None,,,,,,,,,,,,,,,,,,,,,,,,,,,,,,,,,2.0,SeraphsEmbrace,,
3,EUW1_5971818401,TFT7_Augment_SwiftshotPressTheAttack,TFT7_Augment_BestFriends3,TFT7_Augment_GuildEmblem,0.0,,1.0,1.0,,0.0,,,0.0,,4.0,,0.0,,,1.0,1.0,,,,,,,1.0,0.0,0.0,0.0,,,,,,,,,,,,,,,,,,,,,,1.0,,,,,,,,,,,,,,,,,,,,,,,,,,,,,,,,,,,,,,,,,,,,2.0,ThiefsGloves,BFSword,LastWhisper,,,,,,,,,,,,,,,,,,,,,,,,,,,,,,,,,1.0,,,,,,,,,,,,,,,,,,,,,,,,2.0,WarmogsArmor,,,,,,,,,,,,,,,,,,,,,,,,,,,2.0,,,,,,,,,,,,,,,,,,,,,,,,,,,,,,,,2.0,RedBuff,MadredsBloodrazor,Bloodthirster,,,,,,,,,,,None,None,,,,,2.0,MadredsBloodrazor,GuinsoosRageblade,Deathblade,,,,,,,,,,,,,3.0,GuinsoosRageblade,GuildEmblemItem,MadredsBloodrazor,,,,,,,,,,,,
1,EUW1_5971818401,TFT6_Augment_Distancing2,TFT6_Augment_HighEndShopping,TFT7_Augment_MageEmblem,0.0,0.0,1.0,1.0,,,1.0,0.0,,,1.0,,0.0,2.0,0.0,1.0,,,,,0.0,1.0,,,2.0,,0.0,1.0,,,,,,,,,2.0,SpearOfShojin,ArchangelsStaff,MageEmblemItem,,,,,,,,,2.0,,,,,,,,,,,,,,,,,,,,,,,,,,,,,,,,,,,,,,,,,,,,,,,,,,,,,,,,,,,,,,,,,,,,,,,,,,,,,,,,,,,,3.0,StatikkShiv,,,,,,,,,,,,,,,,,,,2.0,,,,2.0,Bloodthirster,MageEmblemItem,FrozenHeart,,,,,,,,,,,,,,,,,,,,,,,,,,,,,,,,,,,,,,,,,,,,,2.0,DragonsClaw,TitanicHydra,BrambleVest,,,,,,,,,,,,,,,,,,,None,None,,,,,,,,,,,,,,,,,,,,,,,,,2.0,SeraphsEmbrace,InfinityEdge,,,,,,2.0,,,
5,EUW1_5971818401,TFT7_Augment_ShapeshifterBeastsDen,TFT6_Augment_HighEndShopping,TFT6_Augment_SecondWind2,,0.0,1.0,,,,1.0,0.0,,,1.0,2.0,,0.0,0.0,2.0,,,,1.0,0.0,,1.0,,,,0.0,,,,,,,,,,,,,,,,,,,,,,2.0,,,,,,,,,,,,,,,,,,,,,,,,2.0,MadredsBloodrazor,Deathblade,RunaansHurricane,,,,,,,,,,,,,2.0,ShimmerscaleEmblemItem,,,,,,,,,,,,,,,,,,,,,,,,,,,,,,,,,,,,,,,,,,,1.0,Morellonomicon,,,2.0,ThiefsGloves,Morellonomicon,IonicSpark,,,,,,,,,,,,,,,,,,,,,,,,,,,,,,,,,,,,,,,,,,,,,,,,,,,,,,,,,2.0,GuinsoosRageblade,,,,,,,,,,,,,,,,,,,,,,,,,,,,,None,None,,,,,,,,,,,,,,,,,,,,,,,,,2.0,ThiefsGloves,Quicksilver,RabadonsDeathcap,,,,,,,,
8,EUW1_5971818401,TFT7_Augment_CavalierEmblem,TFT6_Augment_Twins3,TFT7_Augment_MageEmblem,,,,,,4.0,,,,,2.0,,,1.0,0.0,,0.0,,0.0,,,,,,,,,,,,,,,,,,,,,,,,,,,,,,,,,,,,,,,,,,,,,,,,,,,,,,,,,,,,,,,,,,,,,,,,,,2.0,RedBuff,MageEmblemItem,,,,,,,,,,,,,,,,,,,,,,,,,,,,,,3.0,ArchangelsStaff,Bloodthirster,,,,,,,,,,,,,,,,,,2.0,,,,,,,,,,,,,,,,,,,,2.0,StatikkShiv,CavalierEmblemItem,,2.0,,,,,,,,,,,,,,,,,,,,,,,,,,,,,,,,,,,,,,,,,,,,,,,,,,,,,,,,,,None,None,,,,,,,,,,,,,,,,,,,,,,,,,,,,,,,,,,,,
1,EUW1_5971871698,TFT6_Augment_Distancing2,TFT6_Augment_Electrocharge1,TFT6_Augment_CyberneticShell1,,,,,3.0,,1.0,0.0,1.0,1.0,,,,,0.0,0.0,,2.0,0.0,,1.0,,,,,1.0,0.0,,,,,,,,,,,,,,,,,,,,,,,,,,2.0,GiantsBelt,TitanicHydra,,2.0,UnstableConcoction,GuinsoosRageblade,MadredsBloodrazor,,,,,,,,,2.0,BrambleVest,RedBuff,Redemption,,,,,,,,,,,,,,,,,,,,,,,,,,,,,,,,,2.0,,,,,,,,,,,,,,,,,,,,,,,,2.0,ShimmerscaleHeartOfGold,ArchangelsStaff,,,,,,,,,,,,,,,,,,,,,,,,,,,,,,,,,,,,,,,,,,,,,,,,,,,,,,,,,,,,,,2.0,ArchangelsStaff,StatikkShiv,CannoneerEmblemItem,,,,,,,,,,,,,,,,,,,,,,,,,,,,,3.0,TrainerSnax,None,None,2.0,RunaansHurricane,,,,,,,,,,,,,,,,,,,,,,,2.0,,,,,,,,,,,
3,EUW1_5971871698,TFT6_Augment_TradeSector,TFT7_Augment_AstralTrait,TFT7_Augment_BandOfThieves1,,1.0,,1.0,,,,,,,1.0,0.0,0.0,1.0,,0.0,,,,,0.0,1.0,1.0,1.0,0.0,,,,,,,,,,,,,,,,,,,,,,,,,,,,,,,,,,,,,,,,,,,,,,,,,,,,,,,,,,,,,,,,,,,,,,,,,,,,3.0,WarmogsArmor,IonicSpark,TitansResolve,,,,,,,,,,,,,,,,,,,,,,,,,,,,,3.0,ArchangelsStaff,HextechGunblade,,,,,,,,,,,,,,,,,,2.0,RedBuff,Zephyr,,,,,,,,,,,,,,,,,,,,,,,,,,,,,,,,,,,,,,,,,,2.0,,,,,,,,,,,,,,,,,,,,,,,,,,,,,,None,None,,,,,2.0,,,,3.0,UnstableConcoction,MadredsBloodrazor,LastWhisper,3.0,ThiefsGloves,Bloodthirster,DragonsClaw,,,,,,,,,,,,,,,,,1.0,,,
5,EUW1_5971871698,TFT6_Augment_Ascension,TFT6_Augment_PandorasItems,TFT6_Augment_CelestialBlessing1,0.0,0.0,,2.0,,,,,,,1.0,,0.0,0.0,,,0.0,,,,,,,1.0,1.0,,0.0,0.0,,,,,,,,,,,,,,,,,,,,,,,,,,,,,,,,,,,,,,,,,,,,,,,,,,,,,,,,,,,,,,,,,,,,,,,,,3.0,GargoyleStoneplate,FrozenHeart,TitanicHydra,,,,,,,,,,,,,,,,,,,,,,,,,,,,,,,,,,,,,,,,,,,,,,,,,1.0,,,,,,,,2.0,FrozenHeart,TearOfTheGoddess,,,,,,,,,,,,,,,,,,2.0,,,,,,,,,,,,,,,,,,,,,,,,2.0,,,,,,,,,,,,,,,,,,,,,,None,None,,,,,2.0,ZekesHerald,,,3.0,MadredsBloodrazor,RunaansHurricane,GuinsoosRageblade,,,,,,,,,,,,,,,,,,,,,,,,
2,EUW1_5971871698,TFT7_Augment_BestFriends2,TFT6_Augment_TinyTitans,TFT7_Augment_BruiserTrait,2.0,,,2.0,,0.0,,0.0,,0.0,,,0.0,0.0,0.0,,0.0,,2.0,,,,,,1.0,,1.0,,,,,,,,,,,,,,,,,,,,,,,,,,2.0,,,,,,,,3.0,ArchangelsStaff,UnstableConcoction,UnstableConcoction,,,,,,,,,,,,,,,,,,,,,,,,,,,,,,,,,,,,,,,,,,,,,,,,,,,,,,,,,,,,,2.0,,,,,,,,,,,,,,,,,,,,,,,,3.0,UnstableConcoction,RunaansHurricane,AssassinEmblemItem,1.0,,,,,,,,2.0,Chalice,Chalice,,,,,,,,,,,,,,,,,,2.0,Quicksilver,,,,,,,,,,,,,,,,,,,,,,,,,,,,,,,,,,,,,,,,,,,,,None,None,,,,,,,,,,,,,,,,,,,,,,,,,1.0,AssassinEmblemItem,MadredsBloodrazor,,,,,,,,,
4,EUW1_5971871698,TFT7_Augment_MikaelsGift,TFT6_Augment_Electrocharge1,TFT6_Augment_SecondWind1,,,,2.0,1.0,,1.0,,1.0,,,,0.0,0.0,,0.0,,2.0,,,,,,,0.0,1.0,,2.0,,,,,,,,,,,,,,,,,,,,,,,,,,,,,2.0,InfinityEdge,LastWhisper,GuinsoosRageblade,,,,,,,,,,,,,,,,,2.0,GuinsoosRageblade,GuardianAngel,,,,,,,,,,,,,,,,,,,,,,,,,,,,,,,,,,,,,,,,,,,,,,,,,,2.0,,,,,,,,,,,,,,,,,,,,,,,,2.0,RedBuff,WarmogsArmor,,,,,,,,,,,,,,,,,,,,,,,,,,,,,,,,,,,,,,1.0,,,,,,,,,,,,1.0,,,,2.0,LocketOfTheIronSolari,,,,,,,,,,,,,,,3.0,TrainerSnax,None,None,1.0,ArchangelsStaff,,,,,,,,,,,,,,,,,,,,,,,,,,,,,,,,,,
8,EUW1_5971871698,TFT6_Augment_TomeOfTraits1,TFT6_Augment_SecondWind1,TFT7_Augment_ShimmerscaleEmblem,,,,,,,,2.0,0.0,,,1.0,0.0,,,,0.0,,,0.0,1.0,,,0.0,0.0,,,,,,,,2.0,,,,,,,,2.0,ShimmerscaleEmblemItem,,,,,,,,,,,,,,,,,,,,,,,,,,,,,,,,,,,,,,,,,,,,,,,,,,,,,,,,,,,,,,,,,,,2.0,,,,,,,,2.0,RedBuff,GiantsBelt,,,,,,,,,,,,,,,,,,,,,,,,,,,,,,,,,,,,,,,,,,,,,,,,,,,,,,,,,,1.0,,,,,,,,,,,,,,,,,,,,,,,,2.0,ShimmerscaleEmblemItem,,,,,,,,,,,,,,,,,,,,,,,,,None,None,,,,,,,,,,,,,,,,,3.0,GuinsoosRageblade,Bloodthirster,ShimmerscaleHeartOfGold,,,,,,,,,,,,,,,,
7,EUW1_5971871698,TFT6_Augment_TradeSector,TFT6_Augment_MakeshiftArmor1,TFT7_Augment_GuildTrait,1.0,,,0.0,,1.0,,,,,4.0,,,,,,1.0,,,,,,,1.0,0.0,,0.0,,,,,,,,,,,,,,,,,,,,,,,,,,,,,,,,,,,,,,,,,,,,,,,,,,,,,,,,,,,,,,,,,,2.0,,,,,,,,,,,,,,,,,,,,,,,,,,,,,,,,,,,,,,,,,,,,,,,,,,,,,,,,,,,,,,,,,,,,2.0,,,,,,,,2.0,,,,,,,,,,,,2.0,,,,,,,,,,,,,,,,,,,,,,,,,,,,,,,,2.0,,,,,,,,,,,,,,None,None,,,,,2.0,,,,,,,,,,,,,,,,2.0,Quicksilver,GuinsoosRageblade,MadredsBloodrazor,,,,,,,,,,,,
6,EUW1_5971871698,TFT7_Augment_BestFriends2,TFT6_Augment_ThrillOfTheHunt1,TFT6_Augment_PandorasItems,,,,,1.0,,1.0,,1.0,1.0,,,,,,0.0,,1.0,,,1.0,,,,,1.0,,0.0,,,,,,,,,,,,,,,,,,,,,,,,,,,,,2.0,Quicksilver,GuinsoosRageblade,ShimmerscaleHeartOfGold,,,,,,,,,1.0,WarmogsArmor,GargoyleStoneplate,RedBuff,,,,,,,,,,,,,,,,,,,,,,,,,,,,,,,,,,,,,,,,,,,,,,,,,,,,,,,,,2.0,,,,,,,,,,,,,,,,,,,,,,,,,,,,,,,,,,,,,,,,,,,,,,,,,,,,,,,,,,,,,,,,2.0,ThiefsGloves,Shroud,JeweledGauntlet,,,,,,,,,,,,,,,,,,,,,,,,,1.0,,,,3.0,TrainerSnax,None,None,2.0,StatikkShiv,,,,,,,,,,,,,,,,,,,,,,,,,,,,,,,,,,
6,EUW1_5971923401,TFT6_Augment_CyberneticUplink1,TFT7_Augment_BruiserEmblem2,TFT6_Augment_Weakspot,,0.0,,3.0,,,1.0,,,,,,0.0,1.0,,0.0,0.0,,,,0.0,1.0,,,0.0,,0.0,2.0,,,,,,,,,,,,,,,,,,,,,,,,,,,,,,,,,,,,,,,,,,,,,,,,,1.0,Bloodthirster,Deathblade,Quicksilver,,,,,,,,,,,,,,,,,,,,,2.0,GargoyleStoneplate,,,,,,,,,,,,,,,,,,,,,,,,,,,,,,,3.0,ArchangelsStaff,BruiserEmblemItem,JeweledGauntlet,,,,,,,,,,,,,,,,,2.0,ChainVest,,,,,,,,,,,,,,,,,,,,,,,,,,,2.0,BFSword,,,,,,,,,,,,,,,,,,,,,,,2.0,Redemption,,,,,,,,,,,,,,,,,,,,,None,None,,,,,,,,,,,,,,,,,,,,,,,,,,,,,,,,,1.0,Chalice,,
4,EUW1_5971923401,TFT6_Augment_SecondWind1,TFT6_Augment_Diversify3,TFT7_Augment_MysticTrait,,1.0,,1.0,,,,,1.0,,1.0,,,1.0,,2.0,,0.0,,,,,,1.0,,1.0,,0.0,,,,,,,,,,,,,,,,,,,,,,,,,,,,,,,,,,,,,,,,,,,,,,,,,,,,,,,,,,,,,,,,,,,,,2.0,,,,3.0,RedBuff,Shroud,FrozenHeart,,,,,,,,,,,,,,,,,,,,,,,,,2.0,,,,3.0,ArchangelsStaff,,,,,,,,,,,,,,,,,,,,,,,,,,,,,,,,,,,,,,,,,,,,,,,,,,,,,,,,,,,1.0,,,,,,,,,,,,2.0,Zephyr,WarmogsArmor,,,,,,,,,,,,,,,,,,2.0,TrainerSnax,None,None,,,,,2.0,,,,3.0,MadredsBloodrazor,GuinsoosRageblade,UnstableConcoction,,,,,,,,,,,,,,,,,,,,,,,,
2,EUW1_5971923401,TFT6_Augment_Electrocharge1,TFT6_Augment_Diversify3,TFT7_Augment_CannoneerTrait,,,1.0,,2.0,,1.0,0.0,1.0,1.0,1.0,,,,0.0,1.0,,1.0,,,1.0,,,,,1.0,0.0,0.0,,,,,,,,,,,,,,,,,,,,,2.0,SpearOfShojin,ShimmerscaleHeartOfGold,,,,,,2.0,GuinsoosRageblade,MadredsBloodrazor,Quicksilver,,,,,,,,,2.0,RedBuff,FrozenHeart,WarmogsArmor,,,,,,,,,,,,,,,,,,,,,,,,,,,,,,,,,,,,,,,,,,,,,,,,,,,,,,,,,1.0,,,,,,,,,,,,,,,,,,,,,,,,,,,,,,,,,,,,,,,,,,,,,,,,,,,,,,,,,,,,,,,,2.0,ArchangelsStaff,,,,,,,,,,,,,,,,,,,,,,,,,,,2.0,ThiefsGloves,Redemption,BrambleVest,4.0,TrainerSnax,None,None,2.0,,,,,,,,,,,,,,,,,,,,,,,,2.0,GuardianAngel,Zephyr,,,,,,,,,
5,EUW1_5971923401,TFT6_Augment_SecondWind1,TFT7_Augment_GuardianEmblem2,TFT6_Augment_CelestialBlessing1,,,,1.0,2.0,,1.0,,1.0,1.0,,,0.0,,,0.0,0.0,2.0,,,1.0,,,,0.0,1.0,0.0,,,,,,,,,,,,,,,,,,,,,,,,,,,,,,2.0,Deathblade,GuinsoosRageblade,UnstableConcoction,,,,,,,,,2.0,GargoyleStoneplate,WarmogsArmor,WarmogsArmor,,,,,,,,,,,,,,,,,,,,,,,,,,,,,,,,,1.0,,,,,,,,,,,,,,,,,,,,,,,,1.0,GuardianEmblemItem,,,,,,,,,,,,,,,,,,,,,,,2.0,,,,,,,,,,,,,,,,,,,,,,,,,,,,1.0,,,,,,,,,,,,2.0,ShimmerscaleHeartOfGold,HextechGunblade,UnstableConcoction,,,,,,,,,,,,,,,,,,,,,,,,,,,,,2.0,TrainerSnax,None,None,2.0,LastWhisper,,,,,,,,,,,,,,,,,,,,,,,,,,,,,,,,,,
7,EUW1_5971923401,TFT6_Augment_MakeshiftArmor1,TFT7_Augment_BruiserEmblem2,TFT7_Augment_BruiserTrait,1.0,,,3.0,,,1.0,,,,1.0,,0.0,0.0,,,0.0,,,,,,,,1.0,,0.0,2.0,,,,,,,,,,,,,,,,,,,,,,,,,,,,,,,,,,,,,,,,,,,,,,,,,1.0,Bloodthirster,Quicksilver,GuinsoosRageblade,,,,,,,,,,,,,,,,,,,,,,,,,,,,,,,,,,,,,,,,,,,,,,,,,,,,,,,,,,,,,,,,,,,,,,,,,1.0,WarmogsArmor,Redemption,,,,,,2.0,ZekesHerald,,,,,,,,,,,,,,,,,,,2.0,,,,,,,,,,,,,,,,,,,,,,,,2.0,,,,,,,,1.0,BruiserEmblemItem,InfinityEdge,UnstableConcoction,,,,,,,,,,,None,None,,,,,,,,,,,,,,,,,,,,,,,,,,,,,,,,,,,,
3,EUW1_5971923401,TFT6_Augment_MakeshiftArmor1,TFT6_Augment_ForceOfNature,TFT6_Augment_ThrillOfTheHunt1,,,1.0,0.0,,1.0,1.0,0.0,0.0,0.0,1.0,,0.0,,3.0,1.0,0.0,,,,,,,,0.0,0.0,0.0,,,,,,,,,,,,,,,,,,,,,,1.0,NeedlesslyLargeRod,,,,,,,,,,,,,,,2.0,GuinsoosRageblade,InfinityEdge,JeweledGauntlet,,,,,,,,,,,,,,,,,,,,,,,,,2.0,,,,,,,,,,,,,,,,,,,,,,,,,,,,1.0,,,,,,,,1.0,SpearOfShojin,RapidFireCannon,Chalice,,,,,,,,,,,,,2.0,,,,,,,,2.0,,,,,,,,,,,,,,,,,,,,,,,,,,,,,,,,,,,,,,,,,,,,,,,,,,,,,,,,,,,,,,,,,,,,,,,,,,None,None,,,,,,,,,,,,,,,,,,,,,,,,,2.0,FrozenHeart,MadredsBloodrazor,UnstableConcoction,,,,,,,,
1,EUW1_5971923401,TFT7_Augment_AFK,TFT7_Augment_CursedCrown,TFT6_Augment_Diversify1,,,1.0,1.0,,,1.0,,0.0,,2.0,0.0,0.0,1.0,,1.0,,,,1.0,0.0,1.0,,,2.0,0.0,,1.0,,,,,,,,,2.0,HextechGunblade,JeweledGauntlet,ArchangelsStaff,,,,,,,,,1.0,,,,,,,,,,,,,,,,,,,,,,,,,,,,,,,,1.0,,,,,,,,,,,,,,,,,,,,,,,,,,,,,,,,,,,,,,,,,,,,,,,,2.0,,,,,,,,3.0,Redemption,RedBuff,GargoyleStoneplate,,,,,,,,,,,,,2.0,FrozenHeart,,,,,,,,,,,1.0,MadredsBloodrazor,,,,,,,,,,,,,,,,,,,,,,,,,,,,,,,,,,,,,,,2.0,,,,,,,,,,,,,,,,,,,,,,None,None,,,,,,,,,,,,,,,,,,,,,,,,,,,,,,,,,2.0,Chalice,InfinityEdge,JeweledGauntlet
8,EUW1_5971923401,TFT6_Augment_TinyTitans,TFT6_Augment_Twins3,TFT7_Augment_WarriorTrait,,,,1.0,,0.0,,,,0.0,,,,,1.0,,0.0,,1.0,,,,,,,,2.0,,,,,,,,,,,,,,,,,,,,,,,,,,2.0,RedBuff,GargoyleStoneplate,GargoyleStoneplate,,,,,,,,,,,,,,,,,,,,,,,,,,,,,,,,,,,,,,,,,,,,,,,,,,,,,,,,,,,,,,,,,,,,,,,,,,,,,,,,,,,,,,,,,2.0,,,,2.0,MirageEmblemItem,ZekesHerald,,,,,,,,,,,,,,,,,,,,,,,,,,,,,,2.0,,,,,,,,,,,,,,,,,,,,,,,,,,,,,,,,,,,,,,,,,,,,,,None,None,,,,,,,,,,,,,,,,,,,,,,,,,,,,,2.0,UnstableConcoction,GuinsoosRageblade,JeweledGauntlet,,,,
2,EUW1_5971200006,TFT7_Augment_GadgetExpert,TFT6_Augment_ThrillOfTheHunt1,TFT6_Augment_JeweledLotus,2.0,,,2.0,,,1.0,,,0.0,1.0,,0.0,0.0,,,0.0,,,,,,,,1.0,,0.0,3.0,,,,,,,,,,,,,,,,,,,,,,,,,,,,,,,,,,,,,,,,,,,,,,,,,2.0,AssassinEmblemItem,InfinityEdge,Bloodthirster,,,,,,,,,,,,,,,,,,,,,,,,,,,,,,,,,,,,,,,,,,,,,,,,,,,,,,,,,,,,,,,,,,,,,,,,,2.0,,,,1.0,RabadonsDeathcap,UnstableConcoction,Bloodthirster,2.0,Deathblade,Zephyr,,,,,,,,,,,,,,,,,,2.0,,,,,,,,,,,,,,,,,,,,,,,,2.0,,,,,,,,2.0,FrozenHeart,RedBuff,StatikkShiv,,,,,1.0,Zephyr,,,,,None,None,,,,,,,,,,,,,,,,,,,,,,,,,,,,,,,,,,,,
5,EUW1_5971200006,TFT7_Augment_GadgetExpert,TFT6_Augment_TinyTitans,TFT6_Augment_Diversify2,,,,,,0.0,1.0,1.0,,,,1.0,,,0.0,,2.0,,,2.0,,,,,,,,,,,,,,,,,,,,,,,,,,,,,,,,,,,,,,,,,,,,,,,,,,,,,,,,,,,,,,,,,,,,,2.0,,,,2.0,,,,,,,,,,,,,,,,2.0,,,,,,,,,,,,,,,,,,,,,,,,,,,,2.0,DragonmancerEmblemItem,RabadonsDeathcap,,,,,,,,,,,,,,,,,,,,,,,,,,,,,,,,,,,,,,2.0,MirageEmblemItem,,,,,,,2.0,MadredsBloodrazor,StatikkShiv,GuardianAngel,,,,,,,,,,,,,2.0,StatikkShiv,GuinsoosRageblade,StatikkShiv,,,,,,,,,,,,,,,,,,,,,,,None,None,,,,,,,,,,,,,,,,,,,,,,,,,,,,,,,,,,,,
3,EUW1_5971200006,TFT7_Augment_UrfsGrabBag1,TFT6_Augment_Recombobulator,TFT6_Augment_ComponentGrabBag,,,1.0,1.0,,,1.0,0.0,0.0,,1.0,,0.0,1.0,0.0,1.0,,,,,0.0,1.0,,,2.0,1.0,0.0,0.0,,,,,,,,,1.0,SpearOfShojin,ArchangelsStaff,HextechGunblade,,,,,,,,,1.0,,,,,,,,,,,,,,,,,,,,,,,,,,,,,,,,,,,,,,,,,,,,,,,,2.0,,,,,,,,,,,,,,,,,,,,,,,,,,,,,,,,2.0,Shroud,,,,,,,,,,,,,,,,,,,,,,,2.0,RedBuff,RecurveBow,,,,,,,,,,,,,,,,,,,,,,,,,,,,,,,,,,,,,,,,,,,,,,,,,,2.0,RedBuff,GargoyleStoneplate,GargoyleStoneplate,,,,,,,,,,,,,,,,,2.0,TrainerSnax,None,None,,,,,,,,,,,,,,,,,,,,,,,,,2.0,InfinityEdge,LastWhisper,SeraphsEmbrace,,,,,2.0,,,
6,EUW1_5971200006,TFT6_Augment_SalvageBin,TFT6_Augment_Diversify1,TFT6_Augment_PortableForge,0.0,,,1.0,,1.0,,,,,3.0,,0.0,,,,1.0,,,,,,,1.0,0.0,,0.0,,,,,,,,,,,,,,,,,,,,,,,,,,,,,,,,,,,,,,,,,,,,,,,,,,,,,,,,,,,,,,,,,,1.0,SeraphsEmbrace,RedBuff,,,,,,,,,,,,,,,,,,,,,,,,,,,,,,,,,,,,,,,,,,,,,,,,,,,,,,,,,,2.0,IonicSpark,,,,,,,,,,,,,,,2.0,,,,,,,,,,,,2.0,,,,,,,,,,,,,,,,,,,,,,,,,,,,,,,,1.0,FrozenHeart,,,,,,,,,,,,,None,None,,,,,2.0,,,,,,,,,,,,,,,,1.0,GuinsoosRageblade,Deathblade,Deathblade,,,,,,,,,,,,
8,EUW1_5971200006,TFT6_Augment_Ascension,TFT6_Augment_TinyTitans,TFT6_Augment_ComponentGrabBag,,,,1.0,2.0,,,,1.0,,,,,1.0,,0.0,,3.0,,,,,,,,1.0,,0.0,,,,,,,,,,,,,,,,,,,,,,,,,,,,,1.0,InfinityEdge,Deathblade,MageEmblemItem,,,,,,,,,,,,,,,,,,,,,,,,,,,,,,,,,,,,,,,,,,,,,2.0,,,,,,,,,,,,,,,,,,,,,,,,2.0,,,,,,,,,,,,,,,,,,,,,,,,,,,,,,,,,,,,,,,,,,,,,,,,,,,,,,,,,,,,,,,,2.0,MageEmblemItem,ArchangelsStaff,Morellonomicon,,,,,,,,,2.0,BrambleVest,TitansResolve,,2.0,Redemption,,,,,,,,,,,,,,,2.0,TrainerSnax,None,None,2.0,,,,,,,,,,,,,,,,,,,,,,,,,,,,,,,,,,,
7,EUW1_5971200006,TFT7_Augment_BruiserEmblem,TFT7_Augment_BruiserTrait,TFT6_Augment_ComponentGrabBag,0.0,,,3.0,,,1.0,,,,,,0.0,0.0,,,0.0,0.0,,,,,,,1.0,,0.0,2.0,,,,,,,,,,,,,,,,,,,,,,,,,,,,,,,,,,,,,,,,,,,,,,,,,2.0,Bloodthirster,MadredsBloodrazor,TitansResolve,,,,,,,,,,,,,,,,,,,,,,,,,,,,,,,,,,,,,,,,,,,,,,,,,,,,,,,,,,,,,,,,,,,,,,,,,1.0,IonicSpark,Morellonomicon,,,,,,1.0,ForceOfNature,IonicSpark,BruiserEmblemItem,,,,,,,,,,,,,,,,,2.0,ZekesHerald,,,,,,,,,,,,,,,,,,,,,,,2.0,TearOfTheGoddess,,,2.0,,,,,,,,,,,,,,,,,,None,None,,,,,,,,,,,,,,,,,,,,,,,,,,,,,,,,,,,,
1,EUW1_5971200006,TFT7_Augment_MirageEmblem,TFT6_Augment_Diversify1,TFT7_Augment_GadgetExpert,,,1.0,,,2.0,1.0,0.0,,,2.0,,,,4.0,1.0,0.0,,,,,,,,,,1.0,,,,,,,,,,,,,,,,,,,,,,2.0,MirageEmblemItem,TearOfTheGoddess,,,,,,,,,,,,,,2.0,Quicksilver,StatikkShiv,JeweledGauntlet,,,,,,,,,,,,,,,,,,,,,,,,,2.0,MirageEmblemItem,MysticEmblemItem,,,,,,,,,,,,,,,,,,,,,,,,,,,,,,,,,,,,,,,,,,,,,,,,,,3.0,WarmogsArmor,RedBuff,FrozenHeart,,,,,,,,,,,,,,,,,,,,,1.0,,,,,,,,,,,,,,,,,,,,,,,,,,,,,,,,,,,,,,,,,,,,,,,,,,,,,,,,,,None,None,,,,,,,,,,,,,,,,,,,,,,,,,1.0,TitansResolve,SeraphsEmbrace,Zephyr,1.0,Zephyr,,,,,,
4,EUW1_5971200006,TFT7_Augment_GuildLoot,TFT6_Augment_Diversify1,TFT6_Augment_CyberneticImplants2,0.0,,1.0,0.0,,1.0,,,,,3.0,1.0,,,,0.0,1.0,,,1.0,,,1.0,1.0,,,0.0,,,,,,,,,,,,,,,,,,,,,,2.0,Shroud,,,,,,,,,,,,,,,,,,,,,,,,,,,,,,,,,,,,,,,1.0,,,,2.0,TitanicHydra,Morellonomicon,,,,,,,,,,,,,,,,,,,,,,,,,,,,,,,,,,,,,,,,,,2.0,CavalierEmblemItem,BrambleVest,,,,,,,,,,,,,,,,,,,,,,,,,,,,,,,,,,,,,,,,,,2.0,ThiefsGloves,Redemption,LastWhisper,,,,,,,,,,,,,2.0,GuinsoosRageblade,,,,,,,,,,,,,,,1.0,BFSword,,,,,,,,,,,,,None,None,,,,,2.0,ZekesHerald,,,,,,,,,,,,,,,2.0,GuinsoosRageblade,MadredsBloodrazor,Quicksilver,,,,,,,,,,,,
6,EUW1_5973018644,TFT6_Augment_PandorasItems,TFT6_Augment_SalvageBin,TFT6_Augment_PortableForge,1.0,,,1.0,,1.0,,,,,3.0,,0.0,,,,1.0,,,,,,,1.0,1.0,,0.0,,,,,,,,,,,,,,,,,,,,,,,,,,,,,,,,,,,,,,,,,,,,,,,,,,,,,,,,,,,,,,,,,,1.0,TitanicHydra,,,,,,,,,,,,,,,,,,,,,,,,,,,,,,,,,,,,,,,,,,,,,,,,,,,,,,,,,,,2.0,RedBuff,OrnnRocketPropelledFist,BrambleVest,,,,,2.0,GuardianAngel,,,,,,,2.0,,,,,,,,,,,,1.0,,,,,,,,,,,,,,,,,,,,,,,,,,,,,,,,1.0,FrozenHeart,InfinityEdge,UnstableConcoction,,,,,,,,,,,None,None,,,,,2.0,,,,,,,,,,,,,,,,2.0,GuinsoosRageblade,MadredsBloodrazor,Quicksilver,,,,,,,,,,,,
7,EUW1_5973018644,TFT6_Augment_CelestialBlessing1,TFT6_Augment_PortableForge,TFT6_Augment_SunfireBoard,,1.0,,1.0,,,,,1.0,,1.0,,,1.0,,1.0,,0.0,,,,,,1.0,,1.0,,0.0,,,,,,,,,,,,,,,,,,,,,,,,,,,,,,,,,,,,,,,,,,,,,,,,,,,,,,,,,,,,,,,,,,,,,2.0,,,,3.0,OrnnRocketPropelledFist,Morellonomicon,Redemption,,,,,,,,,,,,,,,,,,,,,,,,,2.0,,,,3.0,Shroud,,,,,,,,,,,,,,,,,,,,,,,,,,,,,,,,,,,,,,,,,,,,,,,,,,,,,,,,,,,1.0,,,,,,,,,,,,2.0,ThiefsGloves,TitansResolve,ArchangelsStaff,,,,,,,,,,,,,,,,,2.0,TrainerSnax,None,None,,,,,1.0,,,,3.0,GuinsoosRageblade,Deathblade,RunaansHurricane,,,,,,,,,,,,,,,,,,,,,,,,
5,EUW1_5973018644,TFT7_Augment_ShimmerscaleEmblem,TFT6_Augment_Meditation2,TFT6_Augment_SalvageBin,2.0,,1.0,0.0,,,1.0,,,1.0,2.0,,0.0,,,0.0,0.0,,,,1.0,,,,1.0,,,1.0,,,,,,,,,,,,,,,,,,,,,1.0,,,,,,,,,,,,,,,,,,,,2.0,GargoyleStoneplate,,,,,,,,,,,,,,,,,,,,,,,,,,,,,,,,,,,,,,,,,,,2.0,ZekesHerald,ZekesHerald,Chalice,,,,,,,,,,,,,,,,,,,,,,,,,,,,,,,,,,,,,2.0,,,,1.0,InfinityEdge,UnstableConcoction,ShimmerscaleDiamondHands,2.0,SpearOfShojin,,,,,,,,,,,,,,,,,,,,,,,,,,,,,,,,,,,,,,,,,,,,,,,,,,,2.0,MadredsBloodrazor,PowerGauntlet,RapidFireCannon,,,,,2.0,,,,,,None,None,,,,,,,,,,,,,,,,,,,,,,,,,,,,,,,,,,,,
2,EUW1_5973018644,TFT6_Augment_SecondWind1,TFT7_Augment_BruiserTitanicStrength,TFT6_Augment_Ascension,1.0,,,2.0,,,1.0,,,,1.0,0.0,0.0,0.0,,,0.0,,,,,,1.0,,1.0,,0.0,2.0,,,,,,,,,,,,,,,,,,,,,,,,,,,,,,,,,,,,,,,,,,,,,,,,,2.0,RunaansHurricane,Bloodthirster,GuinsoosRageblade,,,,,,,,,,,,,,,,,,,,,,,,,,,,,,,,,,,,,,,,,,,,,,,,,,,,,,,,,,,,,,,,,,,,,,,,,1.0,WarmogsArmor,DragonsClaw,Morellonomicon,,,,,2.0,Shroud,,,,,,,,,,,,,,,,,,,2.0,PowerGauntlet,TitanicHydra,,,,,,,,,,,,,,1.0,,,,,,,,2.0,,,,,,,,1.0,,,,,,,,,,,,,,None,None,,,,,,,,,,,,,,,,,,,,,,,,,,,,,,,,,,,,
1,EUW1_5973018644,TFT6_Augment_ThrillOfTheHunt1,TFT7_Augment_MikaelsGift,TFT6_Augment_Ascension,1.0,,,1.0,,1.0,,,,,3.0,,0.0,,,,1.0,,,,,,,1.0,1.0,,0.0,,,,,,,,,,,,,,,,,,,,,,,,,,,,,,,,,,,,,,,,,,,,,,,,,,,,,,,,,,,,,,,,,,2.0,Morellonomicon,,,,,,,,,,,,,,,,,,,,,,,,,,,,,,,,,,,,,,,,,,,,,,,,,,,,,,,,,,,2.0,RedBuff,GargoyleStoneplate,BrambleVest,,,,,2.0,,,,,,,,2.0,Zephyr,,,,,,,,,,,1.0,LocketOfTheIronSolari,,,,,,,,,,,,,,,,,,,,,,,,,,,,,,,2.0,LastWhisper,,,,,,,,,,,,,None,None,,,,,2.0,,,,,,,,,,,,,,,,2.0,Quicksilver,GuinsoosRageblade,InfinityEdge,,,,,,,,,,,,
8,EUW1_5973018644,TFT6_Augment_TinyTitans,TFT6_Augment_JeweledLotus,TFT6_Augment_PortableForge,,0.0,,1.0,,,,,0.0,,2.0,,,2.0,,1.0,,,,,0.0,1.0,,0.0,,1.0,,0.0,,,,,,,,,,,,,,,,,,,,,,,,,,,,,,,,,,,,,,,,,,,,,,,,,,,,,,,,,,,,,,,,,,,,,2.0,,,,3.0,ThiefsGloves,GiantsBelt,WarmogsArmor,,,,,,,,,,,,,,,,,,,,,,,,,2.0,Chalice,TearOfTheGoddess,,3.0,StatikkShiv,,,,,,,,,,,,,,,,,,,,,,,,,,,,,,,3.0,SpearOfShojin,OrnnDeathsDefiance,ArchangelsStaff,,,,,,,,,,,,,,,,,,,,,,,,,,,,,,,,,,,,,2.0,Redemption,,,,,,,,,,,,,,,,,,,2.0,TrainerSnax,None,None,,,,,1.0,,,,,,,,,,,,,,,,,,,,,,,,,,,,1.0,ThiefsGloves,TearOfTheGoddess,SeraphsEmbrace
4,EUW1_5973018644,TFT6_Augment_Distancing,TFT7_Augment_PandorasBench,TFT6_Augment_PortableForge,,,1.0,,1.0,,1.0,,1.0,1.0,1.0,,,,,1.0,,1.0,,,1.0,,,,,1.0,,0.0,,,,,,,,,,,,,,,,,,,,,1.0,Chalice,,,,,,,2.0,UnstableConcoction,InfinityEdge,MadredsBloodrazor,,,,,,,,,2.0,GargoyleStoneplate,OrnnAnimaVisage,BrambleVest,,,,,,,,,,,,,,,,,,,,,,,,,,,,,,,,,,,,,,,,,,,,,,,,,,,,,,,,,2.0,,,,,,,,,,,,,,,,,,,,,,,,,,,,,,,,,,,,,,,,,,,,,,,,,,,,,,,,,,,,,,,,3.0,GuinsoosRageblade,GiantsBelt,SpearOfShojin,,,,,,,,,,,,,,,,,,,,,,,,,2.0,ShimmerscaleDiamondHands,,,4.0,TrainerSnax,None,None,2.0,,,,,,,,,,,,,,,,,,,,,,,,,,,,,,,,,,,
3,EUW1_5973018644,TFT7_Augment_ShimmerscaleEmblem,TFT6_Augment_ComponentGrabBag,TFT7_Augment_BestFriends2,1.0,,1.0,1.0,,0.0,1.0,,,,2.0,0.0,,1.0,,0.0,0.0,,,,1.0,1.0,1.0,,,,,2.0,,,,,,,,,,,,,,,,,,,,,1.0,,,,,,,,,,,,,,,,,,,,,,,,,,,,2.0,InfinityEdge,UnstableConcoction,ShimmerscaleDiamondHands,,,,,,,,,,,,,2.0,MageEmblemItem,LocketOfTheIronSolari,TitanicHydra,,,,,,,,,,,,,,,,,2.0,RedBuff,FrozenHeart,,,,,,,,,,,,,,,,,,,,,,,,,,,,,,,,,,,,,,,,,,,,,,,,,,,,,,,,,,,,,,,,,,,,,,,,,,,,,,,,,,1.0,ShimmerscaleEmblemItem,,,,,,,1.0,ChainVest,,,,,,,2.0,IonicSpark,GuinsoosRageblade,JeweledGauntlet,,,,,,,,,,,None,None,,,,,,,,,,,,,,,,,,,,,,,,,,,,,,,,,1.0,,,
3,EUW1_5971636229,TFT7_Augment_SwiftshotPressTheAttack,TFT7_Augment_BestFriends1,TFT6_Augment_MakeshiftArmor2,1.0,,,1.0,,1.0,,,,,3.0,,0.0,,,,1.0,,,,,,,1.0,1.0,,0.0,,,,,,,,,,,,,,,,,,,,,,,,,,,,,,,,,,,,,,,,,,,,,,,,,,,,,,,,,,,,,,,,,,2.0,,,,,,,,,,,,,,,,,,,,,,,,,,,,,,,,,,,,,,,,,,,,,,,,,,,,,,,,,,,,2.0,GargoyleStoneplate,GargoyleStoneplate,Morellonomicon,,,,,2.0,,,,,,,,2.0,,,,,,,,,,,,2.0,,,,,,,,,,,,,,,,,,,,,,,,,,,,,,,,2.0,UnstableConcoction,FrozenHeart,InfinityEdge,,,,,,,,,,,None,None,,,,,2.0,StatikkShiv,RecurveBow,,,,,,,,,,,,,,2.0,GuinsoosRageblade,RunaansHurricane,Deathblade,,,,,,,,,,,,
4,EUW1_5971636229,TFT6_Augment_SecondWind2,TFT6_Augment_SecondWind1,TFT7_Augment_GuildEmblem,1.0,,,1.0,,1.0,,,,,4.0,,0.0,,,,1.0,,,,,,,1.0,1.0,,0.0,,,,,,,,,,,,,,,,,,,,,,,,,,,,,,,,,,,,,,,,,,,,,,,,,,,,,,,,,,,,,,,,,,1.0,TearOfTheGoddess,,,,,,,,,,,,,,,,,,,,,,,,,,,,,,,,,,,,,,,,,,,,,,,,,,,,,,,,,,,2.0,GargoyleStoneplate,IonicSpark,,,,,,2.0,GuildEmblemItem,,,,,,,2.0,,,,,,,,,,,,2.0,,,,,,,,,,,,,,,,,,,,,,,,,,,,,,,,1.0,InfinityEdge,IonicSpark,,,,,,,,,,,,None,None,,,,,2.0,ZekesHerald,,,,,,,,,,,,,,,2.0,GuinsoosRageblade,MadredsBloodrazor,UnstableConcoction,,,,,,,,,,,,
1,EUW1_5971636229,TFT6_Augment_HyperRoll,TFT6_Augment_Meditation1,TFT6_Augment_JeweledLotus,,0.0,,1.0,,,1.0,,0.0,,,0.0,0.0,2.0,,1.0,,,,,0.0,1.0,1.0,,2.0,1.0,,0.0,,,,,,,,,2.0,MageEmblemItem,ArchangelsStaff,InfinityEdge,,,,,,,,,,,,,,,,,,,,,,,,,,,,,,,,,,,,,,,,,,,,,,,,,,,,,,,,,2.0,LocketOfTheIronSolari,ZekesHerald,,,,,,,,,,,,,,,,,,,,,,,,,,,,,,2.0,RabadonsDeathcap,,,3.0,,,,,,,,,,,,,,,,,,,,1.0,,,,,,,,,,,,,,,,,,,,,,,,,,,,,,,,,,,,,,,,,,,,2.0,SpearOfShojin,,,,,,,2.0,TitansResolve,GargoyleStoneplate,WarmogsArmor,,,,,,,,,,,,,,,,,4.0,TrainerSnax,None,None,,,,,,,,,,,,,,,,,,,,,,,,,,,,,,,,,2.0,,,
8,EUW1_5971636229,TFT6_Augment_SecondWind2,TFT6_Augment_Weakspot,TFT6_Augment_CyberneticImplants2,,,,1.0,1.0,0.0,,,1.0,,,,0.0,,,0.0,0.0,1.0,,,,,,,0.0,1.0,0.0,,,,,,,,,,,,,,,,,,,,,,,,,,,,,,1.0,GuinsoosRageblade,Deathblade,,,,,,,,,,,,,,,,,,,,,,,,,,,,,,,,,,1.0,,,,,,,,,,,,,,,,,,,,,,,,,,,,,,,,,,,,2.0,,,,,,,,,,,,,,,,,,,,,,,,1.0,Zephyr,WarmogsArmor,,,,,,,,,,,,,,,,,,,,,,,,,,1.0,,,,,,,,,,,,1.0,TearOfTheGoddess,,,,,,,,,,,,,,,,,,,,,,,,,,,,,,,1.0,TrainerSnax,None,None,1.0,,,,,,,,,,,,,,,,,,,,,,,,,,,,,,,,,,,
2,EUW1_5971636229,TFT6_Augment_CelestialBlessing2,TFT6_Augment_SecondWind1,TFT6_Augment_CyberneticImplants2,1.0,,,1.0,,1.0,,,,,3.0,,0.0,,,,1.0,,,,,,,1.0,1.0,,0.0,,,,,,,,,,,,,,,,,,,,,,,,,,,,,,,,,,,,,,,,,,,,,,,,,,,,,,,,,,,,,,,,,,2.0,ThiefsGloves,Bloodthirster,HextechGunblade,,,,,,,,,,,,,,,,,,,,,,,,,,,,,,,,,,,,,,,,,,,,,,,,,,,,,,,,,2.0,Redemption,BrambleVest,,,,,,2.0,,,,,,,,2.0,,,,,,,,,,,,2.0,,,,,,,,,,,,,,,,,,,,,,,,,,,,,,,,2.0,TitansResolve,MadredsBloodrazor,InfinityEdge,,,,,,,,,,,None,None,,,,,2.0,ZekesHerald,,,,,,,,,,,,,,,2.0,GuinsoosRageblade,MadredsBloodrazor,Quicksilver,,,,,,,,,,,,
7,EUW1_5971636229,TFT7_Augment_DragonmancerInspire,TFT6_Augment_Weakspot,TFT6_Augment_ThrillOfTheHunt2,,,1.0,,,,,1.0,,,1.0,1.0,,,,0.0,0.0,,,1.0,,,,1.0,1.0,,,,,,,,,,,,,,,,2.0,,,,,,,,1.0,SpearOfShojin,,,,,,,,,,,,,,,,,,,,,,,,,,,,,,,,,,,1.0,,,,2.0,,,,,,,,,,,,,,,,,,,,,,,,,,,,2.0,,,,,,,,,,,,,,,,,,,,2.0,Quicksilver,WarmogsArmor,TitanicHydra,,,,,,,,,,,,,,,,,,,,,,,,,,,,,,,,,,,,,,,,,,,,,,,,,,,,,,,,,,,,,2.0,Quicksilver,GuinsoosRageblade,StatikkShiv,,,,,,,,,,,,,,,,,,,,,,,None,None,,,,,,,,,,,,,,,,,,,,,,,,,,,,,,,,,,,,
6,EUW1_5971636229,TFT6_Augment_Traitless2,TFT6_Augment_FirstAidKit,TFT6_Augment_Distancing2,,,,0.0,,,0.0,,,0.0,,0.0,,,0.0,0.0,,,,,0.0,,,,,,,0.0,,,,,,,,,,,,,,,,,,,,,,,,,,,,,,,,,,,,,2.0,MadredsBloodrazor,Quicksilver,,2.0,WarmogsArmor,Shroud,,1.0,ThiefsGloves,Chalice,RabadonsDeathcap,2.0,HextechGunblade,Quicksilver,,,,,,,,,,,,,,,,,,,,,,,,,,,,,,,,,,,,,,,,,,,,,,,,,,,,,,,,,,,,,,,,,,,,,,,,,,,,,,,,,,,,,,,,,,,,,,,,,,,,,,,,,,,,,,,,,,,,,,,,,,,,,,,,,,,,,,,,,,,,,,,,,,,,None,None,,,,,,,,,,,,,,,,,,,,,,,,,,,,,,,,,,,,
5,EUW1_5971636229,TFT7_Augment_MageConference,TFT6_Augment_Electrocharge1,TFT6_Augment_JeweledLotus,,0.0,1.0,1.0,,,,,0.0,,2.0,,,2.0,,2.0,,,,,0.0,1.0,,,,1.0,,0.0,,,,,,,,,,,,,,,,,,,,,1.0,,,,,,,,,,,,,,,,,,,,,,,,,,,,,,,,,,,,,,,,,,,,,,,,3.0,,,,2.0,,,,,,,,,,,,,,,,,,,,,,,,,,,,2.0,,,,3.0,StatikkShiv,LocketOfTheIronSolari,,,,,,,,,,,,,,,,,,,,,,,,,,,,,,2.0,SpearOfShojin,HextechGunblade,UnstableConcoction,,,,,,,,,,,,,,,,,,,,,,,,,,,,,,,,,,,,,2.0,RedBuff,WarmogsArmor,Quicksilver,,,,,,,,,,,,,,,,,3.0,TrainerSnax,None,None,,,,,,,,,,,,,,,,,,,,,,,,,,,,,,,,,1.0,DragonsClaw,,
6,EUW1_5973204740,TFT7_Augment_GuildLoot,TFT6_Augment_PortableForge,TFT7_Augment_GuildEmblem,1.0,,,1.0,,1.0,,,,,4.0,,0.0,,,,1.0,,,,,,,1.0,1.0,,0.0,,,,,,,,,,,,,,,,,,,,,,,,,,,,,,,,,,,,,,,,,,,,,,,,,,,,,,,,,,,,,,,,,,2.0,ThiefsGloves,PowerGauntlet,FrozenHeart,,,,,,,,,,,,,,,,,,,,,,,,,,,,,,,,,,,,,,,,,,,,,,,,,,,,,,,,,2.0,GuildEmblemItem,GuinsoosRageblade,BrambleVest,,,,,2.0,RapidFireCannon,InfinityEdge,,,,,,2.0,,,,,,,,,,,,1.0,,,,,,,,,,,,,,,,,,,,,,,,,,,,,,,,2.0,InfinityEdge,RunaansHurricane,OrnnObsidianCleaver,,,,,,,,,,,None,None,,,,,1.0,,,,,,,,,,,,,,,,2.0,GuinsoosRageblade,Quicksilver,MadredsBloodrazor,,,,,,,,,,,,
7,EUW1_5973204740,TFT6_Augment_SunfireBoard,TFT6_Augment_TradeSectorPlus,TFT7_Augment_UrfsGrabBag1,,0.0,,0.0,,,,,0.0,,1.0,,,2.0,,1.0,,,,,0.0,1.0,,,,1.0,,,,,,,,,,,,,,,,,,,,,,,,,,,,,,,,,,,,,,,,,,,,,,,,,,,,,,,,,,,,,,,,,,,,,,,2.0,Shroud,,,3.0,,,,,,,,,,,,,,,,,,,,,,,,,,,,2.0,MageEmblemItem,,,3.0,Chalice,Chalice,ArchangelsStaff,,,,,,,,,,,,,,,,,,,,,,,,,,,,,2.0,JeweledGauntlet,MadredsBloodrazor,GuinsoosRageblade,,,,,,,,,,,,,,,,,,,,,,,,,,,,,,,,,,,,,,,,,,,,,,,,,,,,,,,,,2.0,TrainerSnax,None,None,,,,,,,,,,,,,,,,,,,,,,,,,,,,,,,,,1.0,,,
4,EUW1_5973204740,TFT6_Augment_SecondWind2,TFT6_Augment_Electrocharge2,TFT7_Augment_BruiserEmblem,,0.0,1.0,1.0,,,,1.0,,,2.0,0.0,,,0.0,0.0,,,,,,,,2.0,1.0,,0.0,,,,,,,,,,,,,,2.0,,,,,,,,2.0,,,,,,,,,,,,,,,,,,,,,,,,,,,,,,,,,,,,2.0,StatikkShiv,JeweledGauntlet,,,,,,,,,,,,,,3.0,RedBuff,GargoyleStoneplate,,,,,,,,,,,,,,2.0,JeweledGauntlet,,,,,,,,,,,,,,,,,,,,,,,,,,,,,,,,,,,,,,,,,,,,,,,,,,,,,,,,,,,,,,,,,,,,,,,,,,,,,,,,,,,,,,,,,,,,,,,,,,,,,,,,,,,,,None,None,,,,,2.0,,,,3.0,Deathblade,RunaansHurricane,InfinityEdge,,,,,,,,,,,,,1.0,TitansResolve,UnstableConcoction,BruiserEmblemItem,,,,,,,,
2,EUW1_5973204740,TFT7_Augment_SwiftshotPressTheAttack,TFT7_Augment_BestFriends2,TFT7_Augment_GadgetExpert,1.0,,,1.0,,1.0,1.0,,,,3.0,,0.0,,,,2.0,,,0.0,,,,1.0,1.0,,0.0,,,,,,,,,,,,,,,,,,,,,,,,,,,,,,,,,,,,,,,,,,,,,,,,,,,,,,,,,,,,,,,,,,1.0,TitanicHydra,TitanicHydra,ChainVest,,,,,,,,,,,,,,,,,,,,,,,,,,,,,,,,,,,,,,,,,,,,,,,,,,,,,,,,,1.0,,,,,,,,1.0,,,,,,,,,,,,,,,,,,,,1.0,,,,2.0,Morellonomicon,CavalierEmblemItem,,,,,,,,,,,,,,,,,,,,,,,,,,2.0,MadredsBloodrazor,RedBuff,RunaansHurricane,,,,,,,,,,,None,None,,,,,2.0,,,,,,,,,,,,,,,,2.0,MadredsBloodrazor,StatikkShiv,GuinsoosRageblade,,,,,,,,,,,,
8,EUW1_5973204740,TFT6_Augment_BlueBattery2,TFT6_Augment_TomeOfTraits1,TFT7_Augment_MirageHallucinate,,,,1.0,1.0,,1.0,,0.0,0.0,,,0.0,,2.0,,0.0,3.0,,,,,,,0.0,,0.0,,,,,,,,,,,,,,,,,,,,,,,,,,,,,,2.0,BFSword,,,,,,,2.0,UnstableConcoction,GuinsoosRageblade,RevelEmblemItem,,,,,,,,,,,,,,,,,,,,,,,,,,,,,,,,,,,,,2.0,,,,,,,,,,,,,,,,1.0,LocketOfTheIronSolari,,,,,,,,,,,,,,,,,,,,,,,,,,,,,,,2.0,RedBuff,GiantsBelt,,,,,,,,,,,,,,,,,,,,,,,,,,1.0,,,,,,,,,,,,1.0,RabadonsDeathcap,,,,,,,,,,,,,,,,,,,,,,,,,,,,,,,,,None,None,,,,,,,,,,,,,,,,,,,,,,,,,,,,,,,,,,,,
3,EUW1_5973204740,TFT7_Augment_BruiserTitanicStrength,TFT6_Augment_Ascension,TFT6_Augment_MakeshiftArmor2,1.0,0.0,,2.0,,,1.0,,,,,0.0,0.0,,,,0.0,,,,,,1.0,,1.0,,0.0,2.0,,,,,,,,,,,,,,,,,,,,,,,,,,,,,,,,,,,,,,,,,,,,,,,,,2.0,TitansResolve,HextechGunblade,GuinsoosRageblade,,,,,,,,,,,,,,,,,,,,,,,,,,,,,,,,,,,,,,,,,,,,,,,,,,,,,,,,,,,,,,,,,,,,,,,,,1.0,,,,1.0,ThiefsGloves,RunaansHurricane,ArchangelsStaff,2.0,StatikkShiv,Zephyr,,,,,,,,,,,,,,,,,,2.0,ThiefsGloves,RunaansHurricane,SeraphsEmbrace,,,,,2.0,WarmogsArmor,Shroud,,,,,,1.0,,,,,,,,,,,,,,,,,,,,,,,,,,,,,,None,None,,,,,,,,,,,,,,,,,,,,,,,,,,,,,,,,,,,,
1,EUW1_5973204740,TFT6_Augment_CelestialBlessing2,TFT6_Augment_Electrocharge2,TFT6_Augment_Diversify2,0.0,,1.0,,,2.0,1.0,0.0,,,3.0,,,,3.0,0.0,0.0,,,,,,,,,,1.0,,,,,,,,,,,,,,,,,,,,,,1.0,,,,,,,,,,,,,,,,2.0,JeweledGauntlet,StatikkShiv,InfinityEdge,,,,,,,,,,,,,,,,,,,,,,,,,2.0,IonicSpark,Bloodthirster,,,,,,,,,,,,,,,,,,,,,,,,,,,,,,,,,,,,,,,,,,,,,,,,,,2.0,WarmogsArmor,RedBuff,Quicksilver,,,,,,,,,,,,,,,,,,,,,1.0,,,,,,,,,,,,,,,,,,,,,,,,,,,,,,,,,,,,,,,,,,,,1.0,,,,,,,,,,,,,,None,None,,,,,,,,,,,,,,,,,,,,,,,,,1.0,Quicksilver,GuinsoosRageblade,,2.0,,,,,,,
5,EUW1_5973204740,TFT7_Augment_GuildEmblem,TFT7_Augment_GuildGearUpgrades,TFT6_Augment_CelestialBlessing2,1.0,,1.0,1.0,,0.0,1.0,,,,5.0,,0.0,,,0.0,,,,,,,,0.0,1.0,,,2.0,,,,,,,,,,,,,,,,,,,,,1.0,GuinsoosRageblade,Shroud,,,,,,,,,,,,,,,,,,,,,,,,,,2.0,GuildEmblemItem,Bloodthirster,Quicksilver,,,,,,,,,,,,,,,,,,,,,,,,,,,,,,,,,,,,,,,,,,,,,,,,,,,,,,,,,,,,,,,,,,,,,,,,,1.0,GiantsBelt,,,1.0,TempestEmblemItem,,,,,,,,,,,2.0,ZekesHerald,PowerGauntlet,,,,,,,,,,,,,,,,,,,,,,,,,,,,,,,,,,,,,,,,,,2.0,FrozenHeart,,,,,,,,,,,,,None,None,,,,,1.0,,,,,,,,,,,,,,,,,,,,,,,,,,,,,,,
1,EUW1_5973139238,TFT6_Augment_LudensEcho1,TFT6_Augment_SunfireBoard,TFT6_Augment_TheGoldenEgg,,1.0,1.0,1.0,,,,,0.0,,2.0,,,2.0,,2.0,,,,,0.0,1.0,,,,1.0,,0.0,,,,,,,,,,,,,,,,,,,,,1.0,,,,,,,,,,,,,,,,,,,,,,,,,,,,,,,,,,,,,,,,,,,,,,,,2.0,,,,3.0,Bloodthirster,IonicSpark,GargoyleStoneplate,,,,,,,,,,,,,,,,,,,,,,,,,2.0,StatikkShiv,,,3.0,RabadonsDeathcap,ChaliceOfPowerRadiant,GuardianAngelRadiant,,,,,,,,,,,,,,,,,,,,,,,,,,,,,2.0,ArchangelsStaff,SpearOfShojin,Quicksilver,,,,,,,,,,,,,,,,,,,,,,,,,,,,,,,,,,,,,2.0,WarmogsArmor,TitansResolve,,,,,,,,,,,,,,,,,,4.0,TrainerSnax,None,None,,,,,,,,,,,,,2.0,,,,,,,,,,,,,,,,,,,,1.0,,,
8,EUW1_5973139238,TFT6_Augment_Electrocharge1,TFT6_Augment_ComponentGrabBag,TFT6_Augment_VerdantVeil,1.0,,,0.0,,1.0,,,,,3.0,,0.0,,,,1.0,,,,0.0,,,1.0,1.0,,,,,,,,,,,,,,,,,,,,,,,,,,,,,,,,,,,,,,,,,,,,,,,,,,,,,,,,,,,,,,,,,,,,1.0,,,,,,,,,,,,,,,,,,,,1.0,,,,,,,,,,,,,,,,,,,,,,,,,,,,,,,,,,,,,,,,2.0,GargoyleStoneplate,WarmogsArmor,GargoyleStoneplate,,,,,1.0,,,,,,,,1.0,,,,,,,,,,,,,,,,,,,,,,,,,,,,,,,,,,,,,,,,,,,,2.0,SparringGloves,RapidFireCannon,FrozenHeart,,,,,,,,,,,None,None,,,,,2.0,,,,,,,,,,,,,,,,2.0,Deathblade,RunaansHurricane,LastWhisper,,,,,,,,,,,,
5,EUW1_5973139238,TFT6_Augment_TinyTitans,TFT6_Augment_ThrillOfTheHunt2,TFT6_Augment_BinaryAirdrop,0.0,,,0.0,,1.0,1.0,,,,3.0,,,,,,2.0,,,0.0,,,,1.0,,,0.0,,,,,,,,,,,,,,,,,,,,,,,,,,,,,,,,,,,,,,,,,,,,,,,,,,,,,,,,,,,,,,,,,,1.0,BrambleVest,ChainVest,ArchangelsStaff,,,,,,,,,,,,,,,,,,,,,,,,,,,,,,,,,,,,,,,,,,,,,,,,,,,,,,,,,,,,,,,,,,,,,,,,,2.0,,,,,,,,,,,,2.0,ThiefsGloves,RedBuff,GargoyleStoneplate,1.0,ThiefsGloves,Redemption,Redemption,,,,,,,,,,,,,,,,,,,,,,,,,2.0,Quicksilver,GiantsBelt,MadredsBloodrazor,,,,,,,,,,,None,None,,,,,2.0,,,,,,,,,,,,,,,,2.0,Quicksilver,MadredsBloodrazor,SeraphsEmbrace,,,,,,,,,,,,
4,EUW1_5973139238,TFT6_Augment_MakeshiftArmor1,TFT7_Augment_BruiserEmblem,TFT6_Augment_MaxLevel10,,,,1.0,,1.0,1.0,,,,2.0,0.0,,,,,2.0,,,1.0,,,1.0,1.0,,,0.0,,,,,,,,,,,,,,,,,,,,,,,,,,,,,,,,,,,,,,,,,,,,,,,,,,,,,,,,,,,,,,,,,,2.0,,,,,,,,,,,,,,,,,,,,,,,,,,,,,,,,,,,,,,,,,,,,2.0,Redemption,,,,,,,,,,,,,,,,,,,,,,,,,,,,,,,1.0,,,,,,,,,,,,2.0,,,,2.0,BruiserEmblemItem,Morellonomicon,UnstableConcoction,,,,,,,,,1.0,,,,,,,,,,,,,,,,,,,,,,,,,,,,,,None,None,,,,,1.0,StatikkShiv,,,,,,,,,,,,,,,2.0,GuinsoosRageblade,Quicksilver,MadredsBloodrazor,,,,,,,,,,,,
3,EUW1_5973139238,TFT6_Augment_Meditation1,TFT6_Augment_SecondWind2,TFT6_Augment_VerdantVeil,0.0,,,1.0,,,1.0,,1.0,0.0,,,,1.0,,0.0,,0.0,,,0.0,1.0,,,,1.0,,3.0,,,,,,,,,,,,,,,,,,,,,,,,,,,,,,,,,,,,,,,,,,,,,,,,,2.0,Bloodthirster,GuinsoosRageblade,MadredsBloodrazor,,,,,,,,,,,,,,,,,2.0,,,,,,,,,,,,,,,,,,,,,,,,,,,,,,,,1.0,Chalice,RecurveBow,,,,,,,,,,,,,,,,,,,,,,,,,,1.0,,,,,,,,,,,,,,,,,,,,,,,,,,,,,,,,,,,,1.0,Morellonomicon,,,,,,,,,,,2.0,RedBuff,WarmogsArmor,ZekesHerald,,,,,,,,,,,,,1.0,,,,3.0,TrainerSnax,None,None,,,,,,,,,,,,,,,,,,,,,,,,,,,,,,,,,1.0,,,
6,EUW1_5973139238,TFT7_Augment_ShapeshifterTrait,TFT6_Augment_Twins2,TFT7_Augment_ShapeshifterTrait2,,0.0,,,,,1.0,,0.0,,,2.0,0.0,,,0.0,,,,3.0,,,,,,,,0.0,,,,,1.0,,,,,,,,,,,,,,,,,,,,,,,,,,,,,,,,,,,,,,,,1.0,,,,,,,,2.0,SeraphsEmbrace,HextechGunblade,JeweledGauntlet,,,,,2.0,,,,,,,,,,,,,,,,,,,,,,,,,,,,,,,,,,,,,,,,,,,,,,,,1.0,RedBuff,WarmogsArmor,,2.0,BFSword,GuinsoosRageblade,Quicksilver,,,,,,,,,,,,,,,,,,,,,,,,,,,,,,,,,,,,,,,,,,,,,,,,,,,,,,,,,,,,,,,,,,,,,,,,,,,,,,,,,,,None,None,,,,,,,,,,,,,,,,,,,,,,,,,,,,,,,,,,,,
7,EUW1_5973139238,TFT6_Augment_CelestialBlessing1,TFT6_Augment_Electrocharge2,TFT6_Augment_CelestialBlessing3,,,,1.0,,,1.0,,,0.0,,0.0,,0.0,,,,,,1.0,,,,,,,,3.0,,,,,,,,,,,,,,,,,,,,,,,,,,,,,,,,,,,,,,,,,,,,,,,,,2.0,FrozenHeart,BFSword,,2.0,GuinsoosRageblade,Bloodthirster,Quicksilver,,,,,2.0,,,,,,,,,,,,,,,,,,,,,,,,,,,,,,,,,,,,,,,,,,,,,,,,1.0,Zephyr,WarmogsArmor,,,,,,,,,,,,,,,,,,,,,,,,,,,,,,,,,,,,,,,,,,,,,,,,,,,,,,,,,,,,,,,,,,2.0,,,,,,,,,,,,,,,,2.0,,,,,,None,None,,,,,,,,,,,,,,,,,,,,,,,,,,,,,,,,,,,,
2,EUW1_5973139238,TFT6_Augment_Distancing,TFT6_Augment_LudensEcho2,TFT6_Augment_FuturePeepers2,,1.0,1.0,1.0,,,,,0.0,,2.0,,,3.0,,2.0,,,,,0.0,1.0,,,,1.0,,0.0,,,,,,,,,,,,,,,,,,,,,1.0,,,,,,,,,,,,,,,,,,,,,,,,,,,,,,,,,,,,,,,,,,,,,,,,2.0,ZephyrRadiant,,,2.0,MageEmblemItem,Bloodthirster,FrozenHeart,,,,,,,,,,,,,,,,,,,,,,,,,2.0,,,,3.0,ThiefsGloves,Redemption,FrozenHeart,,,,,,,,,,,,,,,,,,,,,,,,,,,,,2.0,GuinsoosRageblade,SpearOfShojin,RabadonsDeathcap,,,,,,,,,,,,,,,,,,,,,,,,,,,,,,,,,,,,,2.0,IonicSpark,GargoyleStoneplate,Redemption,,,,,,,,,,,,,,,,,4.0,TrainerSnax,None,None,,,,,,,,,,,,,3.0,,,,,,,,,,,,,,,,,,,,1.0,,,
2,EUW1_5972577642,TFT6_Augment_PortableForge,TFT7_Augment_LastStand,TFT7_Augment_BruiserEmblem,2.0,,,3.0,,,1.0,,,,1.0,,0.0,0.0,,,0.0,,0.0,,,,,,1.0,,1.0,2.0,,,,,,,,,,,,,,,,,,,,,,,,,,,,,,,,,1.0,,,,,,,,,,,,,,,,2.0,OrnnDeathsDefiance,UnstableConcoction,InfinityEdge,,,,,,,,,,,,,,,,,,,,,,,,,,,,,,,,,,,,,,,,,,,,,,,,,,,,,,,,,,,,,,,,,,,,,2.0,AssassinEmblemItem,JeweledGauntlet,ArchangelsStaff,2.0,RedBuff,TitansResolve,,,,,,2.0,ThiefsGloves,Quicksilver,RabadonsDeathcap,,,,,,,,,,,,,,,,,2.0,ThiefsGloves,ArchangelsStaff,HextechGunblade,,,,,,,,,,,,,,,,,,,,,2.0,ThiefsGloves,Bloodthirster,UnstableConcoction,,,,,2.0,RedBuff,BruiserEmblemItem,UnstableConcoction,,,,,,,,,,,None,None,,,,,,,,,,,,,,,,,,,,,,,,,,,,,,,,,,,,
4,EUW1_5972577642,TFT6_Augment_PortableForge,TFT7_Augment_GadgetExpert,TFT7_Augment_BestFriends2,,,,1.0,1.0,,,,1.0,,1.0,,0.0,1.0,,0.0,,1.0,,,0.0,1.0,,0.0,0.0,2.0,,0.0,,,,,,,,,,,,,,,,,,,,,,,,,,,,,2.0,GuinsoosRageblade,InfinityEdge,MadredsBloodrazor,,,,,,,,,,,,,,,,,,,,,,,,,,,,,,,,,,,,,2.0,,,,,,,,,,,,,,,,,,,,,,,,,,,,,,,,2.0,ZekesHerald,,,,,,,,,,,,,,,,,,,,,,,2.0,Shroud,,,,,,,,,,,,,,,,,,,,,,,,,,,,,,,,,,,,,,,1.0,,,,,,,,,,,,2.0,FrozenHeart,OrnnAnimaVisage,GargoyleStoneplate,,,,,,,,,,,,,,,,,4.0,TrainerSnax,None,None,2.0,StatikkShiv,StatikkShiv,RecurveBow,1.0,,,,,,,,,,,,,,,,,,,,,,,,,,,,1.0,Chalice,,
8,EUW1_5972577642,TFT7_Augment_AstralIntercosmicGifts,TFT6_Augment_BlueBattery2,TFT7_Augment_FirstAidKit2,,1.0,,1.0,,0.0,,,,,1.0,,,2.0,,0.0,,,0.0,,,,,,,0.0,,0.0,,,,,,,,,,,,,,,,,,,,,,,,,,,,,,,,,,,,,,,,,,,,,,,,,,,,,,,,,,,,,,,,,,,,,2.0,,,,2.0,RedBuff,GargoyleStoneplate,,,,,,,,,,,,,,,,,,,,,,2.0,ChainVest,,,,,,,3.0,,,,,,,,,,,,,,,,,,,,,,,,,,,,,,,,2.0,ArchangelsStaff,HextechGunblade,TearOfTheGoddess,,,,,,,,,,,,,,,,,,,,,,,,,,,,,,,,,,,,,2.0,,,,,,,,,,,,,,,,,,,,,,None,None,,,,,,,,,,,,,2.0,,,,,,,,,,,,,,,,,,,,,,,
3,EUW1_5972577642,TFT7_Augment_CannoneerHotShot,TFT6_Augment_Diversify2,TFT6_Augment_Meditation2,,,1.0,,1.0,,1.0,,1.0,1.0,1.0,,,0.0,,1.0,,1.0,0.0,,1.0,1.0,,,,1.0,,,,,,,,,,,,,,,,,,,,,,,1.0,,,,2.0,,,,2.0,GuinsoosRageblade,MadredsBloodrazor,RunaansHurricane,,,,,,,,,2.0,WarmogsArmor,WarmogsArmor,TitansResolve,,,,,,,,,,,,,,,,,,,,,,,,,,,,,,,,,,,,,,,,,,,,,,,,,,,,,,,,,2.0,,,,,,,,,,,,,,,,,,,,,,,,,,,,,,,,,,,,,,,,,,,,,,,,,,,,,,,,,,,,,,,,2.0,SpearOfShojin,Morellonomicon,ShimmerscaleGoldmancersStaff,,,,,,,,,,,,,,,,,,,,,,,,,,,,,3.0,TrainerSnax,None,None,2.0,,,,,,,,,,,,,,,,,,,,,,,,,,,,,,,,1.0,,,
7,EUW1_5972577642,TFT7_Augment_BestFriends2,TFT7_Augment_UrfsGrabBag1,TFT7_Augment_FirstAidKit2,,1.0,1.0,1.0,,,,,,,2.0,,,1.0,,1.0,,,,,0.0,1.0,,1.0,,,,,,,,,,,,,,,,,,,,,,,,,1.0,,,,,,,,,,,,,,,,,,,,,,,,,,,,,,,,,,,,,,,,,,,,,,,,,,,,3.0,GargoyleStoneplate,WarmogsArmor,GargoyleStoneplate,,,,,,,,,,,,,,,,,,,,,,,,,,,,,3.0,HextechGunblade,,,,,,,,,,,,,,,,,,,,,,,,,,,,,,,,,,,,,,,,,,,,,,,,,,,,,,,2.0,,,,,,,,,,,,,,,,,,,,,,,,,,,,,,,,,,,,,,None,None,,,,,1.0,,,,3.0,GuinsoosRageblade,Deathblade,RunaansHurricane,2.0,Shroud,,,,,,,,,,,,,,,,,,,1.0,,,
5,EUW1_5972577642,TFT6_Augment_TradeSector,TFT6_Augment_SecondWind2,TFT7_Augment_CavalierEmblem,,,,,,2.0,1.0,0.0,,1.0,1.0,,,,2.0,,,,,,,,,,1.0,,1.0,0.0,,,,,,,,,1.0,HextechGunblade,ArchangelsStaff,RabadonsDeathcap,,,,,,,,,,,,,,,,,,,,,,,,,,,,,,,,,,,,,,,,,,,,,,,,,,,,,,,,,,,,,,,,,,,,,,,,,,,,,,,,,2.0,Zephyr,,,,,,,,,,,,,,,,,,,,,,,2.0,RedBuff,,,,,,,,,,,,,,,,,,,,,,,2.0,Zephyr,,,,,,,,,,,,,,,,,,,,,,,,,,,,,,,,,,,,,,,,,,,,,,,,,,,2.0,,,,,,None,None,,,,,,,,,,,,,,,,,,,,,,,,,1.0,UnstableConcoction,CavalierEmblemItem,UnstableConcoction,2.0,,,,,,,
1,EUW1_5972577642,TFT6_Augment_SecondWind2,TFT6_Augment_SalvageBin,TFT7_Augment_BestFriends2,1.0,,1.0,1.0,,1.0,,0.0,,,3.0,,0.0,,0.0,0.0,1.0,,,,,,,1.0,1.0,,1.0,,,,,,,,,,,,,,,,,,,,,,2.0,Zephyr,,,,,,,,,,,,,,,,,,,,,,,,,,,,,,,,,,,,,,,,,,,2.0,ThiefsGloves,IonicSpark,StatikkShiv,,,,,,,,,,,,,,,,,,,,,,,,,,,,,,,,,,,,,,,,,,,,,,,,,,,,,,,,,2.0,CavalierEmblemItem,BrambleVest,,,,,,2.0,ThiefsGloves,,,,,,,,,,,,,,,,,,,2.0,Zephyr,,,,,,,,,,,,,,,,,,,,,,,,,,,,,,,2.0,ThiefsGloves,LocketOfTheIronSolari,GuinsoosRageblade,,,,,,,,,,,None,None,,,,,2.0,Zephyr,,,,,,,,,,,,,,,2.0,Quicksilver,GuinsoosRageblade,MadredsBloodrazor,1.0,InfinityEdge,,,,,,,,,,
6,EUW1_5972577642,TFT7_Augment_GuildEmblem,TFT6_Augment_ThrillOfTheHunt2,TFT7_Augment_GuildGearUpgrades,1.0,,,1.0,,3.0,,,,,4.0,,0.0,,,,1.0,,,,,,,1.0,1.0,,0.0,,,,,,,,,,,,,,,,,,,,,,,,,,,,,,,,,,,,,,,,,,,,,,,,,,,,,,,,,,,,,,,,,,2.0,,,,,,,,,,,,,,,,,,,,,,,,,,,,,,,,,,,,,,,,,,,,,,,,,,,,,,,,,,,,1.0,TitanicHydra,Quicksilver,CavalierEmblemItem,,,,,2.0,FrozenHeart,,,,,,,2.0,,,,,,,,,,,,1.0,,,,,,,,,,,,,,,,,,,,,,,,,,,,,,,,2.0,CavalierEmblemItem,Bloodthirster,JeweledGauntlet,,,,,,,,,,,None,None,,,,,2.0,,,,,,,,,,,,,,,,2.0,GuinsoosRageblade,GuildEmblemItem,MadredsBloodrazor,,,,,,,,,,,,
3,EUW1_5971517021,TFT6_Augment_Traitless2,TFT6_Augment_ItemGrabBag1,TFT6_Augment_ComponentGrabBag,0.0,1.0,1.0,0.0,0.0,0.0,1.0,0.0,0.0,,1.0,,0.0,,0.0,0.0,0.0,0.0,0.0,,,,,,0.0,,0.0,,,,,,,,,,,,,,,,,,1.0,GuardianAngel,ArchangelsStaff,ArchangelsStaff,1.0,NegatronCloak,,,,,,,2.0,GuinsoosRageblade,Deathblade,,2.0,FrozenHeart,IonicSpark,Shroud,,,,,,,,,,,,,,,,,,,,,,,,,,,,,2.0,RedBuff,GargoyleStoneplate,,,,,,,,,,,,,,,,,,,,,,,,,,,,,,,,,,,,,,,,,,,,,,,,,,,,,,,,,,2.0,,,,,,,,,,,,,,,,,,,,,,,,,,,,,,,,,,,,,,,,,,,,,,,,,,,,,,,,,,,,,,,,,,,,,,,,,,None,None,,,,,,,,,,,,,,,,,,,,,,,,,1.0,SeraphsEmbrace,Bloodthirster,GuardianAngel,,,,,,,,
6,EUW1_5971517021,TFT7_Augment_AssassinEmblem,TFT7_Augment_BandOfThieves1,TFT7_Augment_PandorasBench,3.0,,,1.0,,,1.0,,,,1.0,,,0.0,,,0.0,,0.0,,0.0,,,,0.0,,,2.0,,,,,,,,,,,,,,,,,,,,,,,,,,,,,,,,,2.0,ThiefsGloves,TearOfTheGoddess,GuardianAngel,,,,,,,,,,,,,2.0,InfinityEdge,TitansResolve,AssassinEmblemItem,,,,,,,,,,,,,,,,,,,,,,,,,,,,,,,,,1.0,,,,,,,,,,,,,,,,,,,,,,,,,,,,,,,,,,,,,,,,,,,,1.0,IonicSpark,,,2.0,,,,,,,,,,,,,,,,,,,,,,,,,,,,,,,,,,,,,,,,,,,,2.0,Shroud,DragonsClaw,,,,,,2.0,FrozenHeart,RedBuff,RapidFireCannon,,,,,,,,,,,None,None,,,,,,,,,,,,,,,,,,,,,,,,,,,,,,,,,,,,
1,EUW1_5971517021,TFT7_Augment_MageConference,TFT7_Augment_BandOfThieves1,TFT6_Augment_CyberneticUplink2,,0.0,1.0,1.0,,,,,0.0,,2.0,,,2.0,,2.0,,,,,0.0,1.0,,,,1.0,,0.0,,,,,,,,,,,,,,,,,,,,,2.0,LocketOfTheIronSolari,,,,,,,,,,,,,,,,,,,,,,,,,,,,,,,,,,,,,,,,,,,,,,,3.0,,,,2.0,ThiefsGloves,RecurveBow,GuinsoosRageblade,,,,,,,,,,,,,,,,,,,,,,,,,2.0,,,,2.0,Chalice,Morellonomicon,,,,,,,,,,,,,,,,,,,,,,,,,,,,,,3.0,HextechGunblade,ArchangelsStaff,SpearOfShojin,,,,,,,,,,,,,,,,,,,,,,,,,,,,,,,,,,,,,2.0,Redemption,GargoyleStoneplate,FrozenHeart,,,,,,,,,,,,,,,,,4.0,TrainerSnax,None,None,,,,,,,,,,,,,,,,,,,,,,,,,,,,,,,,,2.0,SeraphsEmbrace,,
5,EUW1_5971517021,TFT6_Augment_Traitless2,TFT6_Augment_Weakspot,TFT7_Augment_BestFriends2,0.0,,,0.0,0.0,0.0,,0.0,,0.0,1.0,0.0,0.0,,,,0.0,0.0,0.0,0.0,0.0,,,0.0,0.0,,,,,,,,,,,,,,,,,,,,,,,,,,,,2.0,,,,1.0,LastWhisper,,,,,,,,,,,,,,,,,,,,,,,,,,,,,,,,,,,1.0,Morellonomicon,,,,,,,,,,,,,,,,,,,,,,,,,,,,,,,,,,,,,,,,,,,2.0,,,,,,,,,,,,,,,,2.0,RedBuff,GargoyleStoneplate,,,,,,,,,,,,,,,,,,,,,,,,,,,,,,,,,,,,,,,,,,,,,,,,,,,,,,,,,,2.0,FrozenHeart,,,,,,,,,,,,,None,None,,,,,,,,,,,,,,,,,2.0,ThiefsGloves,RecurveBow,StatikkShiv,2.0,MadredsBloodrazor,Quicksilver,RunaansHurricane,,,,,,,,,,,,
7,EUW1_5971517021,TFT6_Augment_SecondWind2,TFT6_Augment_TinyTitans,TFT7_Augment_BestFriends2,,0.0,,1.0,,,,,0.0,,1.0,,,2.0,,1.0,,,,,0.0,1.0,,,,1.0,,0.0,,,,,,,,,,,,,,,,,,,,,,,,,,,,,,,,,,,,,,,,,,,,,,,,,,,,,,,,,,,,,,,,,,,,,2.0,,,,2.0,,,,,,,,,,,,,,,,,,,,,,,,,,,,2.0,,,,3.0,PowerGauntlet,Chalice,Chalice,,,,,,,,,,,,,,,,,,,,,,,,,,,,,2.0,ArchangelsStaff,ArchangelsStaff,,,,,,,,,,,,,,,,,,,,,,,,,,,,,,,,,,,,,,2.0,RedBuff,GargoyleStoneplate,,,,,,,,,,,,,,,,,,1.0,TrainerSnax,None,None,,,,,,,,,,,,,,,,,,,,,,,,,,,,,,,,,1.0,Shroud,,
4,EUW1_5971517021,TFT7_Augment_BestFriends2,TFT6_Augment_TinyTitans,TFT6_Augment_CyberneticUplink2,,1.0,,1.0,,,,,0.0,,1.0,,,1.0,,1.0,,,,,0.0,1.0,,1.0,,0.0,,0.0,,,,,,,,,,,,,,,,,,,,,,,,,,,,,,,,,,,,,,,,,,,,,,,,,,,,,,,,,,,,,,,,,,,,,,,,,3.0,LocketOfTheIronSolari,Redemption,RedBuff,,,,,,,,,,,,,,,,,,,,,,,,,2.0,SparringGloves,,,3.0,RabadonsDeathcap,ArchangelsStaff,,,,,,,,,,,,,,,,,,,,,,,,,,,,,,,,,,,,,,,,,,,,,,,,,,,,,,,,,,,,,,,,,,,,,,2.0,GargoyleStoneplate,TitansResolve,,,,,,,,,,,,,,,,,,,,None,None,,,,,2.0,,,,3.0,UnstableConcoction,RunaansHurricane,,,,,,,,,,,,,,,,,,,,,,1.0,,,
8,EUW1_5971517021,TFT6_Augment_CyberneticShell2,TFT6_Augment_ThrillOfTheHunt1,TFT6_Augment_FuturePeepers,,,1.0,1.0,2.0,,,,1.0,,1.0,,0.0,,,1.0,,3.0,,,,,,,0.0,1.0,,,,,,,,,,,,,,,,,,,,,,,1.0,,,,,,,,1.0,MadredsBloodrazor,InfinityEdge,LastWhisper,,,,,,,,,,,,,,,,,,,,,,,,,,,,,,,,,,,,,,,,,,,,,2.0,Zephyr,,,,,,,,,,,,,,,,,,,,,,,2.0,,,,,,,,,,,,,,,,,,,,,,,,1.0,Spatula,,,,,,,,,,,,,,,,,,,,,,,,,,,,,,,,,,,,,,,2.0,GuinsoosRageblade,Bloodthirster,,,,,,,,,,,,,,2.0,WarmogsArmor,IonicSpark,,,,,,,,,,,,,,2.0,TrainerSnax,None,None,2.0,,,,,,,,,,,,,,,,,,,,,,,,,,,,,,,,,,,
2,EUW1_5971517021,TFT7_Augment_RagewingScorch,TFT6_Augment_Diversify1,TFT6_Augment_CyberneticImplants2,1.0,,,1.0,,1.0,,,,,3.0,,0.0,,,,1.0,,,,,,,1.0,1.0,,1.0,,,,,,,,,,,,,,,,,,,,,,,,,,,,,,,,,,,,,,,,,,,,,,,,,,,,,,,,,,,,,,,,,,2.0,TitanicHydra,,,,,,,,,,,,,,,,,,,,,,,,,,,,,,,,,,,,,,,,,,,,,,,,,,,,,,,,,,,2.0,NegatronCloak,RedBuff,,,,,,2.0,FrozenHeart,,,,,,,2.0,WarriorEmblemItem,,,,,,,,,,,2.0,Zephyr,,,,,,,,,,,,,,,,,,,,,,,,,,,,,,,2.0,ThiefsGloves,WarmogsArmor,InfinityEdge,,,,,,,,,,,None,None,,,,,2.0,RunaansHurricane,,,,,,,,,,,,,,,2.0,Deathblade,Quicksilver,GuinsoosRageblade,,,,,,,,,,,,
2,EUW1_5971343633,TFT7_Augment_SwiftshotPressTheAttack,TFT6_Augment_SecondWind2,TFT6_Augment_Diversify2,,,,1.0,,0.0,1.0,0.0,,1.0,,,0.0,,0.0,,1.0,,,,1.0,,,1.0,1.0,,1.0,0.0,,,,,,,,,,,,,,,,,,,,,,,,,,,,,,,,,,,,,,,,,2.0,ShimmerscaleDiamondHands,WarmogsArmor,RedBuff,,,,,,,,,,,,,2.0,StatikkShiv,HextechGunblade,,,,,,2.0,GuardianAngel,,,,,,,,,,,,,,,,,,,,,,,,,,,,,,,,,,,,,,,,,,,,,,,,,,,,,,,,,,,2.0,,,,,,,,,,,,,,,,,,,,,,,,,,,,1.0,,,,,,,,,,,,,,,,,,,,,,,,,,,,,,,,,,,,,,,,2.0,,,,,,None,None,,,,,,,,,,,,,,,,,,,,,2.0,MadredsBloodrazor,Quicksilver,GuinsoosRageblade,2.0,Quicksilver,IonicSpark,,,,,,,,,
7,EUW1_5971343633,TFT7_Augment_GuildLoot,TFT6_Augment_SalvageBin,TFT6_Augment_Diversify2,1.0,,,1.0,,1.0,,,,,3.0,,0.0,,,,1.0,,,,,,,1.0,1.0,,0.0,,,,,,,,,,,,,,,,,,,,,,,,,,,,,,,,,,,,,,,,,,,,,,,,,,,,,,,,,,,,,,,,,,1.0,,,,,,,,,,,,,,,,,,,,,,,,,,,,,,,,,,,,,,,,,,,,,,,,,,,,,,,,,,,,1.0,,,,,,,,1.0,,,,,,,,2.0,NegatronCloak,,,,,,,,,,,2.0,WarmogsArmor,RedBuff,,,,,,,,,,,,,,,,,,,,,,,,,,,,,,2.0,UnstableConcoction,GuinsoosRageblade,LastWhisper,,,,,,,,,,,None,None,,,,,2.0,ZekesHerald,,,,,,,,,,,,,,,2.0,MadredsBloodrazor,Quicksilver,RapidFireCannon,,,,,,,,,,,,
6,EUW1_5971343633,TFT6_Augment_TriForce2,TFT6_Augment_Twins2,TFT7_Augment_SwiftshotEmblem,,0.0,1.0,2.0,,,,,,,2.0,,0.0,0.0,,0.0,0.0,,,,,,,1.0,0.0,,0.0,0.0,,,,,,,,,,,,,,,,,,,,,1.0,SeraphsEmbrace,SwiftshotEmblemItem,,,,,,,,,,,,,,,,,,,,,,,,,,,,,,,,,,,,,,,,,,,,,,,,,,3.0,WarmogsArmor,TitansResolve,RedBuff,,,,,,,,,,,,,,,,,,,,,,,,,,,,,,,,,,,,,,,,,,,,,,,,,2.0,,,,,,,,,,,,,,,,,,,,,,,,,,,,1.0,,,,,,,,,,,,,,,,,,,,,,,,2.0,,,,,,,,,,,,,,,,,,,,,,None,None,,,,,2.0,,,,2.0,GuinsoosRageblade,LastWhisper,MadredsBloodrazor,,,,,,,,,,,,,,,,,,,,,,,,
5,EUW1_5971343633,TFT6_Augment_ThreesCompany,TFT6_Augment_Ascension,TFT6_Augment_MakeshiftArmor2,,0.0,,1.0,,,1.0,,0.0,,,0.0,0.0,1.0,,1.0,,,,,0.0,1.0,1.0,,2.0,0.0,,0.0,,,,,,,,,1.0,SpearOfShojin,JeweledGauntlet,JeweledGauntlet,,,,,,,,,,,,,,,,,,,,,,,,,,,,,,,,,,,,,,,,,,,,,,,,,,,,,,,,,,,,,,,,,,,,,,,,,,,,,,,,,,,,,,,,,2.0,,,,3.0,StatikkShiv,,,,,,,,,,,,,,,,,,,2.0,,,,,,,,,,,,,,,,,,,,,,,,,,,,,,,,,,,,,,,,,,,,1.0,,,,,,,,2.0,RedBuff,TitanicHydra,WarmogsArmor,,,,,,,,,,,,,,,,,,,None,None,,,,,,,,,,,,,,,,,,,,,,,,,,,,,,,,,1.0,,,
1,EUW1_5971343633,TFT6_Augment_Distancing2,TFT6_Augment_Diversify2,TFT6_Augment_Ascension,,0.0,1.0,1.0,1.0,,,,1.0,,1.0,,,1.0,,2.0,,2.0,,,,,,,,2.0,,0.0,,,,,,,,,,,,,,,,,,,,,1.0,MageEmblemItem,,,,,,,2.0,UnstableConcoction,InfinityEdge,LastWhisper,,,,,,,,,,,,,,,,,,,,,,,,,,,,,,,,,,,,,2.0,,,,,,,,,,,,,,,,,,,,,,,,,,,,,,,,2.0,,,,2.0,,,,,,,,,,,,,,,,,,,,,,,,,,,,,,,,,,,,,,,,,,,,,,,,,,,,,,,,,,,,2.0,Quicksilver,StatikkShiv,UnstableConcoction,,,,,,,,,2.0,FrozenHeart,BrambleVest,,2.0,FrozenHeart,,,,,,,,,,,,,,,4.0,TrainerSnax,None,None,1.0,,,,,,,,,,,,,,,,,,,,,,,,,,,,,,,,,,,
8,EUW1_5971343633,TFT6_Augment_CyberneticShell2,TFT7_Augment_MikaelsGift,TFT6_Augment_CelestialBlessing2,,,,,1.0,,1.0,,1.0,1.0,,,,,,0.0,,1.0,0.0,,1.0,,,,,1.0,,,,,,,,,,,,,,,,,,,,,,,,,,,2.0,ShimmerscaleDeterminedInvestor,,,1.0,GuinsoosRageblade,LastWhisper,GuinsoosRageblade,,,,,,,,,1.0,DragonsClaw,RedBuff,GargoyleStoneplate,,,,,,,,,,,,,,,,,,,,,,,,,,,,,,,,,,,,,,,,,,,,,,,,,,,,,,,,,1.0,,,,,,,,,,,,,,,,,,,,,,,,,,,,,,,,,,,,,,,,,,,,,,,,,,,,,,,,,,,,,,,,2.0,GiantsBelt,,,,,,,,,,,,,,,,,,,,,,,,,,,,,,,2.0,TrainerSnax,None,None,2.0,LocketOfTheIronSolari,,,,,,,,,,,,,,,,,,,,,,,,,,,,,,,,,,
4,EUW1_5971343633,TFT6_Augment_Ascension,TFT7_Augment_PandorasBench,TFT7_Augment_CannoneerHotShot,,,1.0,,1.0,,1.0,0.0,1.0,1.0,1.0,,,,1.0,1.0,,1.0,,,1.0,,,,,1.0,0.0,,,,,,,,,,,,,,,,,,,,,,2.0,SpearOfShojin,,,,,,,2.0,StatikkShiv,GuinsoosRageblade,InfinityEdge,,,,,,,,,2.0,RedBuff,BrambleVest,GargoyleStoneplate,,,,,,,,,,,,,,,,,,,,,,,,,,,,,,,,,,,,,,,,,,,,,,,,,1.0,,,,,,,,1.0,,,,,,,,,,,,,,,,,,,,,,,,,,,,,,,,,,,,,,,,,,,,,,,,,,,,,,,,,,,,,,,,2.0,,,,,,,,,,,,,,,,,,,,,,,,,,,,,,,,3.0,TrainerSnax,None,None,1.0,,,,,,,,,,,,,,,,,,,,,,,,2.0,ShimmerscaleDiamondHands,TitansResolve,RunaansHurricane,,,,,,,,
3,EUW1_5971343633,TFT7_Augment_MikaelsGift,TFT6_Augment_CelestialBlessing2,TFT6_Augment_ComponentGrabBag,,,,0.0,,,,2.0,,,,1.0,,,0.0,,1.0,,,1.0,,,,0.0,0.0,,1.0,,,,,,,,,,,,,,2.0,,,,,,,,,,,,,,,,,,,,,,,,,,,,,,,,,,,,,,,,,,,,,,,,,,,,,,,,,,,,,,,,,,,,2.0,,,,,,,,2.0,SpearOfShojin,,,,,,,,,,,,,,,,,,,2.0,GargoyleStoneplate,DragonsClaw,Redemption,,,,,,,,,,,,,,,,,,,,,,,,,,,,,,,,,,,,,2.0,LocketOfTheIronSolari,ZekesHerald,ZekesHerald,2.0,DragonmancerEmblemItem,,,,,,,,,,,,,,,,,,,2.0,Quicksilver,StatikkShiv,GuinsoosRageblade,,,,,,,,,,,,,,,,,,,,,,,None,None,,,,,,,,,,,,,,,,,,,,,,,,,1.0,,,,,,,,,,,
8,EUW1_5971535001,TFT6_Augment_ItemGrabBag1,TFT6_Augment_HighEndShopping,TFT6_Augment_CelestialBlessing1,,,,,1.0,,1.0,,1.0,1.0,,,,,,0.0,,1.0,0.0,,1.0,,,,,1.0,,,,,,,,,,,,,,,,,,,,,,,,,,,2.0,Shroud,ShimmerscaleHeartOfGold,RedBuff,2.0,MadredsBloodrazor,UnstableConcoction,MadredsBloodrazor,,,,,,,,,2.0,DragonsClaw,GargoyleStoneplate,BrambleVest,,,,,,,,,,,,,,,,,,,,,,,,,,,,,,,,,,,,,,,,,,,,,,,,,,,,,,,,,2.0,,,,,,,,,,,,,,,,,,,,,,,,,,,,,,,,,,,,,,,,,,,,,,,,,,,,,,,,,,,,,,,,2.0,,,,,,,,,,,,,,,,,,,,,,,,,,,,,,,,2.0,TrainerSnax,None,None,2.0,,,,,,,,,,,,,,,,,,,,,,,,,,,,,,,,,,,
2,EUW1_5971535001,TFT7_Augment_MirageTrait,TFT7_Augment_TomeOfTraits2,TFT6_Augment_CelestialBlessing1,0.0,,1.0,1.0,,,1.0,,1.0,0.0,1.0,0.0,,0.0,2.0,1.0,0.0,,,,,,1.0,,,0.0,0.0,2.0,,,,,,,,,,,,,,,,,,,,,1.0,,,,,,,,,,,,,,,,2.0,Quicksilver,WhispersEmblemItem,GuinsoosRageblade,,,,,,,,,,,,,,,,,,,,,,,,,,,,,,,,,,,,,,,,,,,,,,,,,,,,,,,,,,,,,1.0,ZekesHerald,RabadonsDeathcap,,,,,,,,,,,,,,,,,,,,,,,,,,2.0,RapidFireCannon,JeweledGauntlet,GuardianAngel,,,,,,,,,,,,,,,,,,,,,2.0,RedBuff,GargoyleStoneplate,DragonsClaw,,,,,,,,,,,,,1.0,EvokerEmblemItem,,,,,,,2.0,,,,,,,,,,,,,,,,2.0,,,,,,None,None,,,,,,,,,,,,,,,,,,,,,,,,,,,,,,,,,,,,
3,EUW1_5971535001,TFT7_Augment_AFK,TFT6_Augment_Electrocharge3,TFT6_Augment_MakeshiftArmor1,,0.0,1.0,2.0,,,,,,,2.0,,0.0,0.0,,0.0,0.0,,,,,,,2.0,1.0,,0.0,0.0,,,,,,,,,,,,,,,,,,,,,1.0,,,,,,,,,,,,,,,,,,,,,,,,,,,,,,,,,,,,2.0,,,,,,,,,,,,,,,,3.0,RedBuff,WarmogsArmor,BrambleVest,,,,,,,,,,,,,,,,,,,,,,,,,,,,,,,,,,,,,,,,,,,,,,,,,2.0,,,,,,,,,,,,,,,,,,,,,,,,,,,,2.0,,,,,,,,,,,,,,,,,,,,,,,,2.0,,,,,,,,,,,,,,,,,,,,,,None,None,,,,,2.0,ZekesHerald,,,3.0,UnstableConcoction,RunaansHurricane,GuinsoosRageblade,,,,,,,,,2.0,InfinityEdge,RapidFireCannon,Deathblade,,,,,,,,,,,,
5,EUW1_5971535001,TFT7_Augment_AFK,TFT7_Augment_BestFriends3,TFT6_Augment_ThrillOfTheHunt1,0.0,,1.0,1.0,1.0,,1.0,,,,2.0,,,0.0,,0.0,,1.0,,,0.0,1.0,,,,,,2.0,,,,,,,,,,,,,,,,,,,,,1.0,,,,,,,,2.0,Quicksilver,MadredsBloodrazor,UnstableConcoction,,,,,,,,,,,,,,,,,2.0,TitansResolve,TitansResolve,UnstableConcoction,,,,,,,,,,,,,,,,,,,,,,,,,2.0,StatikkShiv,,,,,,,,,,,,,,,,,,,,,,,,,,,,,,,,,,,,,,,,,,,,,,,,,,,,,,,,,,,,,,,,,,,,,,,,,,,,,,,,,,,,,,,,,,,,,,,,,,,2.0,BrambleVest,,,,,,,2.0,,,,,,,,,,,,,,None,None,,,,,,,,,,,,,,,,,,,,,,,,,,,,,,,,,1.0,,,
6,EUW1_5971535001,TFT6_Augment_Weakspot,TFT6_Augment_Distancing3,TFT6_Augment_Diversify1,,,,0.0,2.0,,1.0,,1.0,1.0,,,0.0,,,0.0,,2.0,,,1.0,,,,0.0,1.0,,,,,,,,,,,,,,,,,,,,,,,,,,,,,,,2.0,UnstableConcoction,InfinityEdge,MadredsBloodrazor,,,,,,,,,1.0,RedBuff,ShimmerscaleHeartOfGold,,,,,,,,,,,,,,,,,,,,,,,,,,,,,,,,,,2.0,StatikkShiv,,,,,,,,,,,,,,,,,,,,,,,2.0,,,,,,,,,,,,,,,,,,,,,,,,1.0,GuardianEmblemItem,TitanicHydra,,,,,,,,,,,,,,,,,,,,,,,,,,,,,,,,,,,,,,1.0,,,,,,,,,,,,,,,,,,,,,,,,,,,,,,,,3.0,TrainerSnax,None,None,2.0,Zephyr,,,,,,,,,,,,,,,,,,,,,,,,,,,,,,,,,,
1,EUW1_5971535001,TFT7_Augment_MageTrait,TFT6_Augment_BandOfThieves2,TFT7_Augment_BandOfThieves1,,,1.0,1.0,,,1.0,,0.0,,2.0,0.0,0.0,2.0,,1.0,,,,,0.0,1.0,1.0,,2.0,1.0,,0.0,,,,,,,,,1.0,UnstableConcoction,ArchangelsStaff,SpearOfShojin,,,,,,,,,2.0,WarmogsArmor,TitanicHydra,,,,,,,,,,,,,,,,,,,,,,,,,,,,,,,,,,,,,,,,,,,,,,2.0,ThiefsGloves,GuardianAngel,Deathblade,,,,,,,,,,,,,,,,,,,,,,,,,,,,,2.0,StatikkShiv,ForceOfNature,,,,,,,,,,,,,,,,,,,,,,1.0,ThiefsGloves,LocketOfTheIronSolari,TitanicHydra,,,,,,,,,2.0,,,,,,,,,,,,,,,,,,,,,,,,,,,,,,,,2.0,,,,,,,,2.0,RedBuff,DragonsClaw,TitansResolve,,,,,,,,,,,,,,,,,4.0,TrainerSnax,None,None,,,,,,,,,,,,,,,,,,,,,,,,,,,,,,,,,2.0,ThiefsGloves,Chalice,PowerGauntlet
7,EUW1_5971535001,TFT6_Augment_CelestialBlessing1,TFT7_Augment_UrfsGrabBag2,TFT6_Augment_ItemGrabBag1,,,,0.0,,,,2.0,,,,1.0,,,,,1.0,,,1.0,,,,0.0,0.0,,0.0,,,,,,,,,,,,,,2.0,,,,,,,,,,,,,,,,,,,,,,,,,,,,,,,,,,,,,,,,,,,,,,,,,,,,,,,,,,,,,,,,,,,,2.0,Chalice,,,,,,,2.0,BrambleVest,LastWhisper,,,,,,,,,,,,,,,,,,2.0,RedBuff,GargoyleStoneplate,GargoyleStoneplate,,,,,,,,,,,,,,,,,,,,,,,,,,,,,,,,,,,,,2.0,,,,1.0,DragonmancerEmblemItem,,,,,,,,,,,,,,,,,,,2.0,GuinsoosRageblade,StatikkShiv,Quicksilver,,,,,,,,,,,,,,,,,,,,,,,None,None,,,,,,,,,,,,,,,,,,,,,,,,,,,,,,,,,,,,
4,EUW1_5971535001,TFT7_Augment_BestFriends1,TFT7_Augment_BestFriends3,TFT6_Augment_Weakspot,,,,,2.0,,1.0,,1.0,1.0,,,,,,0.0,,2.0,0.0,,1.0,,,,,1.0,,,,,,,,,,,,,,,,,,,,,,,,,,,2.0,,,,1.0,Quicksilver,RunaansHurricane,Deathblade,,,,,,,,,2.0,GargoyleStoneplate,IonicSpark,WarmogsArmor,,,,,,,,,,,,,,,,,,,,,,,,,,,,,,,,,1.0,,,,,,,,,,,,,,,,,,,,,,,,2.0,TearOfTheGoddess,ZekesHerald,,,,,,,,,,,,,,,,,,,,,,,,,,,,,,,,,,,,,,,,,,,,,,,,,,,,,,,,,,,,,,2.0,ShimmerscaleHeartOfGold,,,,,,,,,,,,,,,,,,,,,,,,,,,,,,,2.0,TrainerSnax,None,None,2.0,GuinsoosRageblade,,,,,,,,,,,,,,,,,,,,,,,,,,,,,,,,,,
7,EUW1_5971528700,TFT7_Augment_SacrificialPact,TFT7_Augment_LastStand,TFT6_Augment_RadiantRelics,2.0,,,2.0,,,,,,,1.0,,0.0,0.0,,,0.0,,1.0,,,,,,1.0,,1.0,0.0,,,,,,,,,,,,,,,,,,,,,,,,,,,,,,,,,2.0,,,,,,,,,,,,,,,,,,,,,,,,,,,,,,,,,,,,,,,,,,,,,,,,,,,,,,,,,,,,,,,,,,,,,,,,,,,,,,,,,,,,,,,,2.0,AssassinEmblemItem,InfinityEdge,,1.0,,,,,,,,2.0,,,,,,,,,,,,,,,,,,,,2.0,,,,,,,,,,,,,,,,,,,,,,,,2.0,,,,,,,,2.0,InfinityEdge,RapidFireCannon,SunfireCapeRadiant,,,,,,,,,,,None,None,,,,,,,,,,,,,,,,,,,,,,,,,,,,,,,,,,,,
8,EUW1_5971528700,TFT7_Augment_ShimmerscaleTrait2,TFT6_Augment_ComponentGrabBag,TFT7_Augment_UrfsGrabBag2,0.0,,,,,,,1.0,,,1.0,,0.0,0.0,,,1.0,,,0.0,3.0,1.0,,1.0,0.0,,0.0,,2.0,,,,,,,,,,,,,,,,,,,,,,,,,,,,,,,,,,,,,,,,,,,,,,,,,,,,,,,,,,,,,,,,,,,,,,,,,,,,,,,,,,,,2.0,Zephyr,LocketOfTheIronSolari,ShimmerscaleMogulsMail,1.0,,,,,,,,,,,,,,,,,,,,,,,,,,,,,,,,,,,,,,,,,,,,,,,,,,,,,,,,,,,,,,,,,,,,,,,,,,,,,,,,,,,,2.0,ShimmerscaleEmblemItem,TitanicHydra,,,,,,,,,,,,,,,,,,,,,,,,None,None,,,,,2.0,ShimmerscaleEmblemItem,ShimmerscaleHeartOfGold,,,,,,,,,,2.0,ShimmerscaleDiamondHands,TitansResolve,GargoyleStoneplate,2.0,ShimmerscaleDravensAxe,GuinsoosRageblade,Quicksilver,,,,,,,,,1.0,,,
1,EUW1_5971528700,TFT6_Augment_MakeshiftArmor3,TFT6_Augment_Ascension,TFT6_Augment_RadiantRelics,,,,0.0,,3.0,,1.0,0.0,,,1.0,1.0,,0.0,,0.0,,,0.0,0.0,,,0.0,1.0,,,,,,,,2.0,Morellonomicon,HextechGunblade,CavalierEmblemItem,,,,,2.0,,,,,,,,,,,,,,,,,,,,,,,,,,,,,,,,,,,,,,,,,,,,,,,,,,,,1.0,,,,,,,,,,,,,,,,,,,,,,,,2.0,,,,,,,,,,,,,,,,,,,,2.0,CavalierEmblemItem,,,,,,,2.0,,,,,,,,2.0,RedemptionRadiant,SeraphsEmbrace,UnstableConcoction,,,,,,,,,,,,,,,,,,,,,,,,,,,,,,,,,,,,,,,,,,,,,,,,,,,,,,,,,,,,,,,,,,,,,,,None,None,,,,,,,,,,,,,,,,,2.0,Bloodthirster,GuinsoosRageblade,RapidFireCannon,,,,,,,,,,,,,,,,
3,EUW1_5971528700,TFT7_Augment_BestFriends3,TFT7_Augment_BruiserTitanicStrength,TFT7_Augment_WhispersEmblem2,2.0,,,2.0,,,1.0,,,,1.0,,,0.0,,,0.0,,,,,,,,0.0,,0.0,3.0,,,,,,,,,,,,,,,,,,,,,,,,,,,,,,,,,,,,,,,,,,,,,,,,,2.0,Bloodthirster,TitansResolve,UnstableConcoction,,,,,,,,,,,,,,,,,,,,,,,,,,,,,,,,,,,,,,,,,,,,,,,,,,,,,,,,,,,,,,,,,,,,,,,,,,,,,1.0,BruiserEmblemItem,,,2.0,Shroud,WhispersEmblemItem,,,,,,,,,,,,,,,,,,2.0,TitanicHydra,GargoyleStoneplate,,,,,,,,,,,,,,,,,,,,,,2.0,AssassinEmblemItem,RedBuff,Redemption,,,,,2.0,Bloodthirster,,,,,,,,,,,,,None,None,,,,,,,,,,,,,,,,,,,,,,,,,,,,,,,,,,,,
2,EUW1_5971528700,TFT6_Augment_TriForce3,TFT7_Augment_LastStand,TFT7_Augment_BestFriends3,0.0,0.0,,1.0,,,,,,,2.0,0.0,,0.0,,,,,0.0,1.0,,,,1.0,,,0.0,1.0,,,,,,,,,,,,,,,,,,,,,,,,,,,,,,,,,,,,,,,,,,,,,,,,,,,,,2.0,ThiefsGloves,Zephyr,GuardianAngel,,,,,,,,,,,,,,,,,3.0,TitansResolve,ArchangelsStaff,LastWhisper,,,,,,,,,,,,,,,,,,,,,,,,,,,,,,,,,1.0,Redemption,,,,,,,,,,,2.0,,,,,,,,,,,,,,,,,,,,,,,,,,,,,,,,,,,,,,,,,,,,,,,,,,,,,,,,2.0,,,,,,,,2.0,,,,,,,,,,,,,,None,None,,,,,2.0,Chalice,,,3.0,RunaansHurricane,UnstableConcoction,GuinsoosRageblade,,,,,,,,,,,,,,,,,,,,,,,,
6,EUW1_5971528700,TFT6_Augment_RadiantRelics,TFT6_Augment_SunfireBoard,TFT6_Augment_BandOfThieves2,1.0,,,2.0,,,1.0,,,,1.0,,,0.0,,,0.0,,0.0,,,,,,,,1.0,2.0,,,,,,,,,,,,,,,,,,,,,,,,,,,,,,,,,,,,,,,,,,,,,,,,,1.0,Bloodthirster,GuinsoosRageblade,TitansResolveRadiant,,,,,,,,,,,,,,,,,,,,,,,,,,,,,,,,,,,,,,,,,,,,,,,,,,,,,,,,,,,,,,,,,,,,,2.0,AssassinEmblemItem,Bloodthirster,InfinityEdge,,,,,1.0,RedBuff,SeraphsEmbrace,,,,,,,,,,,,,,,,,,,,,,2.0,,,,,,,,,,,,,,,,,,,,,,,,2.0,ThiefsGloves,ChainVest,SpearOfShojin,,,,,2.0,ThiefsGloves,NeedlesslyLargeRod,ArchangelsStaff,,,,,,,,,,,None,None,,,,,,,,,,,,,,,,,,,,,,,,,,,,,,,,,,,,
4,EUW1_5971528700,TFT7_Augment_SacrificialPact,TFT6_Augment_Diversify2,TFT6_Augment_BandOfThieves2,,,,,,0.0,1.0,,0.0,1.0,,1.0,0.0,,3.0,,,,,0.0,,,,,,,,,,,,,3.0,MirageEmblemItem,SpearOfShojin,SpearOfShojin,,,,,,,,,,,,,,,,,,,,,,,,,,,,,2.0,GuinsoosRageblade,Quicksilver,GuardianAngel,,,,,,,,,,,,,,,,,,,,,,,,,,,,,,,,,,,,,,,,,,,,,,,,,,,,,2.0,RedBuff,WarmogsArmor,ZekesHerald,,,,,,,,,,,,,2.0,ThiefsGloves,RapidFireCannon,GuinsoosRageblade,,,,,2.0,ThiefsGloves,TearOfTheGoddess,Morellonomicon,,,,,,,,,,,,,,,,,,,,,,,,,,,,,,,,,,,,,,,,,,,,,,,,,,,,,,,,,,,,,,,,,,,,,2.0,,,,,,,,,,None,None,,,,,,,,,,,,,,,,,,,,,,,,,,,,,,,,,,,,
5,EUW1_5971528700,TFT7_Augment_RevelEmblem2,TFT7_Augment_DragonHorde,TFT6_Augment_Meditation3,,,1.0,0.0,1.0,,2.0,,0.0,,1.0,,,,2.0,0.0,,4.0,,,,,,,,,,,,,,,,,,,,,,,,,,,,,,,1.0,SpearOfShojin,,,,,,,1.0,MirageEmblemItem,GuinsoosRageblade,RedBuff,,,,,1.0,StatikkShiv,Quicksilver,RevelEmblemItem,,,,,,,,,,,,,,,,,,,,,,,,,,,,,,,,,,,,,2.0,,,,,,,,,,,,,,,,,,,,,,,,,,,,,,,,,,,,,,,,,,,,,,,,,,,,,,,,,,,,,,,,,,,,,,,,,,,,,,,,,,,,,,,,1.0,,,,,,,,,,,,,,,,2.0,RedBuff,WarmogsArmor,FrozenHeart,,,,,,,,,,,,,,,None,None,,,,,,,,,,,,,,,,,,,,,,,,,,,,,,,,,,,,
3,EUW1_5971531634,TFT6_Augment_TriForce2,TFT7_Augment_DragonAlliance,TFT7_Augment_SwiftshotPressTheAttack,,0.0,,2.0,,,2.0,0.0,,,1.0,0.0,,0.0,0.0,,0.0,,,0.0,,,,1.0,,,1.0,2.0,,,,,,,,,,,,,,,,,,,,,,,,,,,,,,,,,,,,,,,,,,,,,,,,,2.0,RunaansHurricane,Bloodthirster,LastWhisper,,,,,,,,,,,,,,,,,,,,,3.0,GargoyleStoneplate,Shroud,GiantsBelt,,,,,,,,,,,,,,,,,,,,,,,,,,,,,,,,,2.0,,,,,,,,,,,,,,,,,,,,,,,,,,,,,,,,,,,,,,,,,,,,1.0,,,,,,,,,,,,,,,,,,,,,,,,2.0,ThiefsGloves,Chalice,RabadonsDeathcap,,,,,,,,,,,,,,,,,,,None,None,,,,,2.0,,,,3.0,GuinsoosRageblade,MadredsBloodrazor,Deathblade,,,,,,,,,,,,,2.0,InfinityEdge,,,,,,,,,,
5,EUW1_5971531634,TFT6_Augment_Ascension,TFT6_Augment_PortableForge,TFT7_Augment_DragonmancerEmblem,,,,,,,1.0,2.0,,0.0,,1.0,0.0,,0.0,,,,,0.0,1.0,,,0.0,0.0,,0.0,,,,,,,,,,,,,,2.0,ShimmerscaleGamblersBlade,,,,,,,,,,,,,,,,,,,,,,,,,,,2.0,RedBuff,OrnnRocketPropelledFist,,,,,,,,,,,,,,,,,,,,,,,,,,,,,,,,,,,,,,2.0,SpearOfShojin,GuinsoosRageblade,Quicksilver,,,,,2.0,Zephyr,,,,,,,,,,,,,,,,,,,2.0,GargoyleStoneplate,DragonmancerEmblemItem,GargoyleStoneplate,,,,,,,,,,,,,,,,,,,,,,,,,,,,,,,,,,,,,,,,,,,,,,,,,,,,,,,,,,,,,,,,,,,,,,,,,,,,,,,,,,,,,,,None,None,,,,,,,,,,,,,,,,,2.0,ThiefsGloves,RedBuff,InfinityEdge,,,,,1.0,,,,,,,,,,,
4,EUW1_5971531634,TFT6_Augment_Electrocharge2,TFT7_Augment_DragonHorde,TFT7_Augment_BigFriend2,0.0,,,1.0,,,2.0,,0.0,,1.0,1.0,,0.0,,1.0,,,,,,,,,,0.0,,2.0,,,,,,,,,,,,,,,,,,,,,,,,,,,,,,,,,,,,,,,,,,,,,2.0,ZekesHerald,MadredsBloodrazor,GargoyleStoneplate,2.0,Bloodthirster,InfinityEdge,RunaansHurricane,,,,,,,,,,,,,,,,,,,,,,,,,,,,,,,,,,,,,,,,,,,,,,,,,1.0,,,,,,,,,,,,,,,,,,,,,,,,,,,,,,,,,,,,,,,,,,,,,,,,,,,,,,,,,,,,,,,,,,,,,,,,,,,,2.0,NegatronCloak,IonicSpark,,,,,,1.0,,,,,,,,,,,,,,None,None,,,,,,,,,,,,,,,,,,,,,,,,,,,,,,,,,,,,
6,EUW1_5971531634,TFT6_Augment_TradeSector,TFT6_Augment_JeweledLotus,TFT6_Augment_ThrillOfTheHunt2,,,,,,,1.0,1.0,,1.0,,1.0,,,1.0,,,,,,1.0,,,0.0,,,0.0,,,,,,,,,,,,,,2.0,,,,,,,,,,,,,,,,,,,,,,,,,,,,2.0,GargoyleStoneplate,,,,,,,,,,,,,,,,,,,,,,,,,,,,,,,,,,,,,,,3.0,JeweledGauntlet,MadredsBloodrazor,SeraphsEmbrace,,,,,,,,,3.0,ShimmerscaleGamblersBlade,RedBuff,BrambleVest,,,,,,,,,,,,,,,,,,,,,,,,,,,,,,,,,,,,,,,,,,,,,,,,,,,,,,,,,,,,,,,,,,,,,,,,,,,,,,,,,,,,,,,,,,,,,3.0,,,,,,,,,,None,None,,,,,,,,,,,,,,,,,,,,,,,,,1.0,,,,,,,,,,,
7,EUW1_5971531634,TFT7_Augment_ShimmerscaleTrait,TFT6_Augment_SalvageBin,TFT6_Augment_PortableForge,0.0,,,,1.0,,1.0,0.0,,0.0,,,,0.0,0.0,,0.0,1.0,,,3.0,1.0,,,,,1.0,,2.0,,,,,,,,,,,,,,,,,,,,,,,,,,,,2.0,UnstableConcoction,MadredsBloodrazor,ShimmerscaleDravensAxe,,,,,,,,,1.0,ShimmerscaleMogulsMail,ChainVest,OrnnEternalWinter,,,,,,,,,,,,,,,,,,,,,,,,,,,,,,,,,2.0,ShimmerscaleGamblersBlade,RabadonsDeathcap,,,,,,2.0,,,,,,,,,,,,,,,,,,,,,,,,,,,,,,,,,,,,,,,,,,,,,,,,,,,,,,,,,,,,,,,,,,,,,,,,,,,,,,,,,,,,,,,,,,,,,,,,,,,,,,,,,,,,,,,,,,None,None,,,,,,,,,,,,,,,,,,,,,,,,,1.0,SeraphsEmbrace,ShimmerscaleDiamondHands,,,,,,1.0,RabadonsDeathcap,SpearOfShojin,
1,EUW1_5971531634,TFT6_Augment_TomeOfTraits1,TFT7_Augment_CavalierEmblem,TFT6_Augment_JeweledLotus,,,,0.0,,4.0,,1.0,0.0,,1.0,1.0,1.0,,,,0.0,,,,0.0,,1.0,,1.0,,,,,,,,3.0,HextechGunblade,CavalierEmblemItem,Bloodthirster,,,,,,,,,,,,,,,,,,,,,,,,,,,,,,,,,,,,,,,,,,,,,,,,,,,,,,,,,2.0,DragonsClaw,,,,,,,,,,,,,,,2.0,CavalierEmblemItem,,,,,,,2.0,IonicSpark,,,,,,,,,,,,,,,,,,,,,,,,,,,,,,,,,,,2.0,CavalierEmblemItem,RedBuff,TitanicHydra,,,,,,,,,,,,,2.0,,,,,,,,,,,,,,,,,,,,,,,,,,,,1.0,StatikkShiv,NeedlesslyLargeRod,,,,,,,,,,,,,,,,,,,,,,,,,,,,None,None,,,,,,,,,,,,,,,,,3.0,Bloodthirster,GuinsoosRageblade,Quicksilver,,,,,,,,,,,,,,,,
8,EUW1_5971531634,TFT7_Augment_DragonmancerEmblem,TFT6_Augment_BlueBattery2,TFT6_Augment_SunfireBoard,,,,,,,,1.0,,1.0,,1.0,,,0.0,,0.0,,,,,,,0.0,,,,,,,,,,,,,,,,,2.0,,,,,,,,,,,,,,,,,,,,,,,,,,,,,,,,,,,,,,,,,,,,,,,,,,,,,,,,,,,,,,,,,,,,2.0,JeweledGauntlet,MadredsBloodrazor,MadredsBloodrazor,,,,,,,,,2.0,DragonmancerEmblemItem,ChainVest,,,,,,,,,,,,,,,,,,,,,,,,,,,,,,,,,,,,,,,,,,,,,,,,,,,,,,3.0,,,,,,,,,,,,,,,,,,,,,,,,,,,,,,,,,,,,,,,,3.0,DragonmancerEmblemItem,,,,,,,,,None,None,,,,,,,,,,,,,,,,,,,,,,,,,,,,,,,,,,,,
2,EUW1_5971531634,TFT6_Augment_TradeSector,TFT6_Augment_ComponentGrabBag,TFT6_Augment_SecondWind2,0.0,,,1.0,,2.0,1.0,,,,3.0,,0.0,,,,1.0,,,,,,,1.0,2.0,,0.0,,,,,,,,,,2.0,SpearOfShojin,JeweledGauntlet,GuinsoosRageblade,,,,,,,,,,,,,,,,,,,,,,,,,,,,,,,,,,,,,,,,,,,,,,,,,,,,,2.0,Morellonomicon,TearOfTheGoddess,GargoyleStoneplate,,,,,,,,,,,,,,,,,,,,,,,,,,,,,,,,,,,,,,,,,,,,,,,,,,,,,,,,,2.0,,,,,,,,,,,,,,,,2.0,TitanicHydra,,,,,,,,,,,2.0,,,,,,,,,,,,,,,,,,,,,,,,,,,,,,,,3.0,RedBuff,CavalierEmblemItem,,,,,,,,,,,,None,None,,,,,2.0,LastWhisper,PowerGauntlet,,,,,,,,,,,,,,2.0,RunaansHurricane,GuinsoosRageblade,MadredsBloodrazor,,,,,,,,,,,,
3,EUW1_5971000884,TFT7_Augment_BruiserTrait,TFT6_Augment_TinyTitans,TFT6_Augment_ThrillOfTheHunt2,3.0,,,2.0,,,,,,,1.0,,0.0,,,,0.0,,1.0,,0.0,,,,1.0,,1.0,0.0,,,,,,,,,,,,,,,,,,,,,,,,,,,,,,,,,3.0,InfinityEdge,TitansResolve,RedBuff,,,,,,,,,,,,,,,,,,,,,,,,,,,,,,,,,,,,,,,,,,,,,,,,,1.0,,,,,,,,,,,,,,,,,,,,,,,,,,,,,,,,,,,,3.0,RunaansHurricane,AssassinEmblemItem,InfinityEdge,1.0,,,,1.0,StatikkShiv,,,2.0,NeedlesslyLargeRod,,,,,,,,,,,,,,,,,,,2.0,,,,,,,,,,,,,,,,,,,,,,,,,,,,,,,,2.0,LocketOfTheIronSolari,LocketOfTheIronSolari,DragonsClaw,,,,,,,,,,,None,None,,,,,,,,,,,,,,,,,,,,,,,,,,,,,,,,,,,,
2,EUW1_5971000884,TFT6_Augment_TinyTitans,TFT7_Augment_BandOfThieves1,TFT7_Augment_RagewingScorch,3.0,,,0.0,,,1.0,0.0,,,1.0,0.0,0.0,,0.0,,1.0,,,1.0,0.0,,,,1.0,,0.0,0.0,,,,,,,,,,,,,,,,,,,,,,,,,,,,,,,,,,,,,,,,,,,,,,,,,,,,,,,,,,,,,,,,,,,,,,,,,,,,,,,,,,,,,1.0,,,,,,,,,,,,,,,,,,,,,,,,2.0,WarmogsArmor,Redemption,RedBuff,,,,,,,,,,,,,2.0,AssassinEmblemItem,ZekesHerald,,2.0,ArchangelsStaff,Bloodthirster,HextechGunblade,2.0,,,,,,,,,,,,,,,,,,,,,,,,2.0,WarmogsArmor,AssassinEmblemItem,ArchangelsStaff,,,,,,,,,,,,,,,,,,,,,,,,,2.0,GuinsoosRageblade,LastWhisper,MadredsBloodrazor,,,,,,,,,,,None,None,,,,,,,,,,,,,,,,,,,,,,,,,2.0,ThiefsGloves,MadredsBloodrazor,RedBuff,,,,,,,,
7,EUW1_5971000884,TFT7_Augment_AxiomArc1,TFT7_Augment_BestFriends1,TFT7_Augment_CannoneerEmblem,0.0,,,0.0,0.0,0.0,1.0,0.0,,,,,,,,,3.0,,,1.0,0.0,,,0.0,,,0.0,,,,,,,,,,,,,,,,,,,,,,,,,,,,,,,,,,,,,,,,,,,,,,,,,,,,,,,,,,,,,,,,,,1.0,RedBuff,,,,,,,,,,,,,,,,,,,2.0,Zephyr,,,,,,,,,,,,,,,,,,,,,,,,,,,,,,,,,,,,,,,,,,,,,,,,,,,,,,,,,,,,,,,2.0,,,,2.0,CannoneerEmblemItem,,,2.0,RabadonsDeathcap,GargoyleStoneplate,WarmogsArmor,,,,,,,,,,,,,2.0,Zephyr,RecurveBow,,,,,,,,,,,,,,,,,,,,,,,,None,None,,,,,,,,,,,,,,,,,,,,,2.0,Deathblade,GuinsoosRageblade,UnstableConcoction,,,,,,,,,,,,
6,EUW1_5971000884,TFT7_Augment_AFK,TFT6_Augment_TinyTitans,TFT6_Augment_TargetDummies,1.0,,1.0,0.0,,2.0,,0.0,,,4.0,,0.0,,,0.0,1.0,,,0.0,,,,1.0,1.0,,,,,,,,,,,,,,,,,,,,,,,,2.0,,,,,,,,,,,,,,,,,,,,,,,,,,,,,,,,,,,,,,,,,,,,2.0,,,,,,,,,,,,,,,,,,,,,,,,,,,,,,,,,,,,,,,,,,,,,,,,,,,,,,,,,,,,2.0,RedBuff,Redemption,,,,,,2.0,,,,,,,,2.0,,,,,,,,,,,,,,,,,,,,,,,,,,,,,,,,1.0,,,,,,,,,,,,2.0,Bloodthirster,CavalierEmblemItem,,,,,,,,,,,,None,None,,,,,2.0,PowerGauntlet,ZekesHerald,,,,,,,,,,,,,,2.0,MadredsBloodrazor,RunaansHurricane,GuinsoosRageblade,,,,,,,,,,,,
1,EUW1_5971000884,TFT6_Augment_ItemGrabBag1,TFT6_Augment_TinyTitans,TFT7_Augment_MageEmblem,,1.0,,1.0,,,,,1.0,,1.0,,,4.0,,1.0,,0.0,,,0.0,1.0,,,,1.0,,0.0,,,,,,,,,,,,,,,,,,,,,,,,,,,,,,,,,,,,,,,,,,,,,,,,,,,,,,,,,,,,,,,,,,,,,2.0,TearOfTheGoddess,Deathblade,,3.0,MageEmblemItem,TitanicHydra,FrozenHeart,,,,,,,,,,,,,,,,,,,,,,,,,2.0,MageEmblemItem,,,3.0,Chalice,ArchangelsStaff,,,,,,,,,,,,,,,,,,,,,,,,,,,,,,2.0,GuardianAngel,SpearOfShojin,UnstableConcoction,,,,,,,,,,,,,,,,,,,,,,,,,2.0,MageEmblemItem,,,,,,,,,,,2.0,GargoyleStoneplate,,,,,,,,,,,,,,,,,,,4.0,TrainerSnax,None,None,,,,,,,,,,,,,2.0,,,,,,,,,,,,,,,,,,,,2.0,ArchangelsStaff,,
4,EUW1_5971000884,TFT6_Augment_MakeshiftArmor1,TFT7_Augment_ShapeshifterTrait,TFT6_Augment_ComponentGrabBag,,,,,,,1.0,1.0,,,,1.0,,,,,1.0,,,3.0,,,,0.0,,,,0.0,,,,,,,,,,,,,2.0,StatikkShiv,,,,,,,,,,,,,,,,,,,,,,,,,,,,,,,,,,,,,,,2.0,,,,,,,,2.0,ThiefsGloves,NeedlesslyLargeRod,JeweledGauntlet,,,,,,,,,,,,,,,,,2.0,TitanicHydra,,,,,,,,,,,,,,,,,,,,,,,,,,,2.0,RedBuff,Morellonomicon,,,,,,,,,,,,,,,,,,,,,,,,,,,,,,,,,,,,,,,,,,,,,,1.0,FrozenHeart,ArchangelsStaff,GargoyleStoneplate,,,,,,,,,,,,,3.0,Quicksilver,ArchangelsStaff,GuinsoosRageblade,,,,,,,,,,,,,,,,,,,,,,,None,None,,,,,,,,,,,,,,,,,,,,,,,,,,,,,,,,,,,,
5,EUW1_5971000884,TFT6_Augment_CyberneticShell1,TFT7_Augment_BandOfThieves1,TFT6_Augment_BlueBattery2,0.0,,,0.0,,2.0,,,,0.0,2.0,,,0.0,,,0.0,,2.0,,,,,0.0,,,0.0,,,,,,,,,,,,,,,,,,,,,,,,,,2.0,WarmogsArmor,,,,,,,2.0,ThiefsGloves,PowerGauntlet,FrozenHeart,,,,,,,,,,,,,,,,,,,,,,,,,,,,,2.0,,,,,,,,,,,,,,,,,,,,,,,,,,,,,,,,3.0,Bloodthirster,UnstableConcoction,IonicSpark,,,,,,,,,,,,,,,,,,,,,2.0,MadredsBloodrazor,RunaansHurricane,Quicksilver,,,,,,,,,,,,,,,,,2.0,ChainVest,Zephyr,,,,,,,,,,,,,,,,,,,,,,,,,,,,,,,,,,,,,,,,,,,,,,,,,,,,,,,,None,None,,,,,2.0,,,,,,,,,,,,,,,,,,,,,,,,,,,,,,,
8,EUW1_5971000884,TFT6_Augment_ItemGrabBag1,TFT6_Augment_Diversify1,TFT7_Augment_RevelPartyTime,,,,1.0,1.0,,1.0,,1.0,1.0,,,0.0,,,0.0,0.0,1.0,,,1.0,,,,0.0,1.0,0.0,,,,,,,,,,,,,,,,,,,,,,,,,,,,,,2.0,HextechGunblade,ShimmerscaleDravensAxe,GuinsoosRageblade,,,,,,,,,1.0,RedBuff,FrozenHeart,GargoyleStoneplate,,,,,,,,,,,,,,,,,,,,,,,,,,,,,,,,,,,,,,,,,,,,,,,,,,,,,,,,,1.0,PowerGauntlet,,,,,,,,,,,,,,,,,,,,,,,2.0,GuardianEmblemItem,,,,,,,,,,,,,,,,,,,,,,,,,,,1.0,,,,,,,,,,,,2.0,GuardianAngel,RabadonsDeathcap,,,,,,,,,,,,,,,,,,,,,,,,,,,,,,2.0,TrainerSnax,None,None,2.0,,,,,,,,,,,,,,,,,,,,,,,,,,,,,,,,,,,
7,EUW1_5970880403,TFT6_Augment_Weakspot,TFT6_Augment_Distancing,TFT6_Augment_ThrillOfTheHunt2,0.0,,,1.0,,1.0,,,,,3.0,,0.0,,,,1.0,,,,,,,1.0,0.0,,0.0,,,,,,,,,,,,,,,,,,,,,,,,,,,,,,,,,,,,,,,,,,,,,,,,,,,,,,,,,,,,,,,,,,2.0,,,,,,,,,,,,,,,,,,,,,,,,,,,,,,,,,,,,,,,,,,,,,,,,,,,,,,,,,,,,2.0,DragonsClaw,RedBuff,,,,,,,,,,,,,,1.0,,,,,,,,,,,,2.0,,,,,,,,,,,,,,,,,,,,,,,,,,,,,,,,2.0,Deathblade,LastWhisper,,,,,,,,,,,,None,None,,,,,2.0,,,,,,,,,,,,,,,,2.0,InfinityEdge,Quicksilver,GuinsoosRageblade,,,,,,,,,,,,
1,EUW1_5970880403,TFT7_Augment_ShimmerscaleEmblem,TFT6_Augment_CyberneticImplants1,TFT7_Augment_BestFriends2,1.0,,1.0,1.0,,1.0,,,,0.0,4.0,,0.0,,,0.0,1.0,,,,,,,1.0,1.0,,0.0,,,,,,,,,,,,,,,,,,,,,,1.0,,,,,,,,,,,,,,,,,,,,,,,,,,,,,,,,,,,,,,,,,,,,2.0,RedBuff,,,,,,,,,,,,,,,,,,,,,,,,,,,,,,,,,,,,,,,,,,,,,,,,,,,,,,,,,,,2.0,WarmogsArmor,Zephyr,,,,,,2.0,FrozenHeart,LastWhisper,,,,,,2.0,Shroud,,,,,,,,,,,2.0,GuardianEmblemItem,,,,,,,,,,,,,,,,,,,,,,,,,,,,,,,3.0,UnstableConcoction,MadredsBloodrazor,InfinityEdge,,,,,,,,,,,None,None,,,,,2.0,Shroud,PowerGauntlet,,,,,,,,,,,,,,2.0,UnstableConcoction,InfinityEdge,GuinsoosRageblade,,,,,,,,,,,,
3,EUW1_5970880403,TFT6_Augment_LudensEcho1,TFT7_Augment_BestFriends1,TFT7_Augment_BestFriends2,,,1.0,,,2.0,1.0,0.0,,1.0,3.0,,,,3.0,0.0,0.0,,0.0,,,,,,,,0.0,,,,,,,,,,,,,,,,,,,,,,2.0,,,,1.0,,,,,,,,,,,,2.0,MadredsBloodrazor,InfinityEdge,JeweledGauntlet,,,,,,,,,,,,,,,,,,,,,,,,,2.0,RapidFireCannon,,,,,,,,,,,,,,,,,,,,,,,,,,,2.0,BrambleVest,,,,,,,,,,,,,,,,,,,,,,,2.0,RedBuff,FrozenHeart,TitansResolve,,,,,,,,,,,,,,,,,,,,,2.0,,,,,,,,,,,,,,,,,,,,,,,,,,,,,,,,,,,,,,,,,,,,,,,,,,,,,,,,,,None,None,,,,,,,,,,,,,,,,,,,,,,,,,2.0,WarmogsArmor,RedBuff,GuildEmblemItem,,,,,,,,
6,EUW1_5970880403,TFT7_Augment_CannoneerTrait,TFT6_Augment_Diversify1,TFT7_Augment_CannoneerRicochet,,,,,3.0,,1.0,,1.0,1.0,,,,,,0.0,,2.0,,,1.0,,,,,1.0,,0.0,,,,,,,,,,,,,,,,,,,,,,,,,,,,,2.0,GuinsoosRageblade,MadredsBloodrazor,UnstableConcoction,,,,,,,,,1.0,BrambleVest,IonicSpark,GargoyleStoneplate,,,,,,,,,,,,,,,,,,,,,,,,,,,,,,,,,2.0,,,,,,,,,,,,,,,,,,,,,,,,2.0,,,,,,,,,,,,,,,,,,,,,,,,,,,,,,,,,,,,,,,,,,,,,,,,,,,,,,,,,,,,,,,,2.0,TearOfTheGoddess,,,,,,,,,,,,,,,,,,,,,,,,,,,1.0,ThiefsGloves,DragonsClaw,HextechGunblade,3.0,TrainerSnax,None,None,2.0,ShimmerscaleDravensAxe,,,,,,,,,,,,,,,,,,,,,,,,,,,,,,,,,,
4,EUW1_5970880403,TFT6_Augment_SecondWind1,TFT6_Augment_PandorasItems,TFT6_Augment_CelestialBlessing2,,0.0,,,,,1.0,,,0.0,,2.0,,,,0.0,,,,2.0,,,1.0,,,,,1.0,,,,,,,,,,,,,,,,,,,,,,,,,,,,,,,,,,,,,,,,,,,,,2.0,TitansResolve,MadredsBloodrazor,Bloodthirster,,,,,1.0,,,,,,,,2.0,,,,,,,,,,,,,,,,,,,,,,,,,,,,,,,,,,,,,,,,,,,,,,,,2.0,RedBuff,TitanicHydra,IonicSpark,3.0,GuinsoosRageblade,MadredsBloodrazor,Quicksilver,,,,,,,,,,,,,,,,,,,,,,,,,,,,,,,,,,,,,,,,,,,,,,,,,,,,,1.0,,,,,,,,,,,,,,,,,,,,,,,,2.0,,,,,,None,None,,,,,,,,,,,,,,,,,,,,,,,,,,,,,,,,,,,,
8,EUW1_5970880403,TFT6_Augment_MakeshiftArmor1,TFT6_Augment_SecondWind1,TFT6_Augment_ComponentGrabBag,,,1.0,1.0,1.0,,,,0.0,,1.0,,0.0,1.0,,1.0,,1.0,,,0.0,1.0,,,0.0,1.0,,0.0,,,,,,,,,,,,,,,,,,,,,1.0,,,,,,,,1.0,GuinsoosRageblade,MadredsBloodrazor,Quicksilver,,,,,,,,,,,,,,,,,,,,,,,,,,,,,,,,,,,,,2.0,,,,,,,,2.0,,,,,,,,,,,,,,,,,,,,,,,,2.0,,,,,,,,,,,,,,,,,,,,,,,,1.0,,,,,,,,,,,,,,,,,,,,,,,,,,,,,,,,,,,,,,,,,,,,,,,,,,,,2.0,GargoyleStoneplate,Redemption,DragonsClaw,,,,,,,,,,,,,,,,,4.0,TrainerSnax,None,None,,,,,,,,,,,,,,,,,,,,,,,,,,,,,,,,,1.0,JeweledGauntlet,,
5,EUW1_5970880403,TFT6_Augment_TinyTitans,TFT6_Augment_Diversify1,TFT6_Augment_CelestialBlessing2,,0.0,1.0,1.0,,,1.0,,0.0,,2.0,,,2.0,,2.0,,,,,,,,,,1.0,,2.0,,,,,,,,,,,,,,,,,,,,,1.0,,,,,,,,,,,,,,,,,,,,,,,,,,,,1.0,MageEmblemItem,,,,,,,,,,,,,,,,,,,1.0,,,,,,,,,,,,,,,,,,,,,,,,,,,,,,,,2.0,,,,3.0,ThiefsGloves,GuardianAngel,Redemption,,,,,,,,,,,,,,,,,,,,,,,,,,,,,2.0,ArchangelsStaff,SpearOfShojin,JeweledGauntlet,,,,,,,,,,,,,,,,,,,,,,,,,,,,,,,,,,,,,2.0,DragonsClaw,BrambleVest,Morellonomicon,,,,,,,,,,,,,,,,,3.0,TrainerSnax,None,None,,,,,,,,,,,,,,,,,,,,,,,,,,,,,,,,,,,,
2,EUW1_5970880403,TFT6_Augment_TinyTitans,TFT6_Augment_LudensEcho1,TFT6_Augment_SecondWind2,,0.0,,1.0,,,,,1.0,,1.0,,,2.0,,1.0,,0.0,,,0.0,1.0,,,,1.0,,0.0,,,,,,,,,,,,,,,,,,,,,,,,,,,,,,,,,,,,,,,,,,,,,,,,,,,,,,,,,,,,,,,,,,,,,2.0,,,,3.0,ThiefsGloves,RunaansHurricane,Shroud,,,,,,,,,,,,,,,,,,,,,,,,,2.0,,,,3.0,StatikkShiv,ArchangelsStaff,TitanicHydra,,,,,,,,,,,,,,,,,,,,,,,,,,,,,2.0,HextechGunblade,SpearOfShojin,Quicksilver,,,,,,,,,,,,,,,,,,,,,,,,,2.0,Morellonomicon,MadredsBloodrazor,SpearOfShojin,,,,,,,,,2.0,GargoyleStoneplate,Redemption,Quicksilver,,,,,,,,,,,,,,,,,3.0,TrainerSnax,None,None,,,,,,,,,,,,,,,,,,,,,,,,,,,,,,,,,1.0,,,
3,EUW1_5970886024,TFT6_Augment_TinyTitans,TFT6_Augment_ForceOfNature,TFT6_Augment_Weakspot,1.0,,1.0,1.0,,0.0,1.0,,,,3.0,,0.0,,,0.0,2.0,,,0.0,,,,1.0,1.0,,0.0,,,,,,,,,,,,,,,,,,,,,,1.0,,,,,,,,,,,,,,,,,,,,,,,,,,,,,,,,,,,,,,,,,,,,2.0,,,,,,,,,,,,,,,,,,,,,,,,,,,,,,,,,,,,,,,,,,,,,,,,,,,,,,,,,,,,2.0,TearOfTheGoddess,LocketOfTheIronSolari,Redemption,,,,,2.0,,,,,,,,,,,,,,,,,,,,2.0,,,,1.0,UnstableConcoction,GuardianAngel,Morellonomicon,,,,,,,,,,,,,,,,,,,,,,,,,2.0,FrozenHeart,GuardianAngel,Bloodthirster,,,,,,,,,,,None,None,,,,,2.0,,,,,,,,,,,,,,,,2.0,MadredsBloodrazor,Deathblade,GuinsoosRageblade,,,,,,,,,,,,
7,EUW1_5970886024,TFT7_Augment_BruiserTrait,TFT6_Augment_MakeshiftArmor3,TFT6_Augment_ThrillOfTheHunt1,,2.0,,2.0,,,,,,,,,,1.0,,0.0,,,,0.0,,,,0.0,,,,0.0,,,,,,,,,,,,,,,,,,,,,,,,,,,,,,,,,,,,,,,,,,,,,,,,,,,,,,,,,,,,,,,,,,,,,,,,,3.0,,,,,,,,,,,,,,,,,,,,,,,,,,,,,,,,3.0,ArchangelsStaff,ArchangelsStaff,GargoyleStoneplate,,,,,3.0,,,,,,,,,,,,,,,,,,,,,,,,,,,,,,,,,,,,,,,,,,,,,,,,3.0,,,,,,,,,,,,,,,,2.0,,,,,,,,,,,,,,,,,,,,,,None,None,,,,,,,,,2.0,GuinsoosRageblade,MadredsBloodrazor,RunaansHurricane,3.0,,,,,,,,,,,,,,,,,,,,,,,
4,EUW1_5970886024,TFT6_Augment_LudensEcho1,TFT6_Augment_MaxLevel10,TFT7_Augment_BestFriends1,,0.0,,0.0,,,1.0,0.0,,,,1.0,0.0,,,,1.0,,,3.0,,,1.0,0.0,0.0,,,0.0,,,,,,,,,,,,,1.0,,,,,,,,,,,,,,,,,,,,,,,,,,,,,,,,,,,,,,,,2.0,ZekesHerald,Chalice,,,,,,2.0,,,,,,,,,,,,,,,,,,,,,,,,,,,,,,,,,,,,,,,,,,,,,,,,2.0,Chalice,RabadonsDeathcap,Morellonomicon,3.0,Deathblade,Quicksilver,GuinsoosRageblade,,,,,,,,,1.0,,,,,,,,,,,,,,,,,,,,,,,,,,,,,,,,1.0,FrozenHeart,GargoyleStoneplate,RedBuff,,,,,,,,,1.0,,,,1.0,,,,,,,,,,,,,,,,,,,,,,,,,,None,None,,,,,,,,,,,,,,,,,,,,,,,,,,,,,,,,,,,,
1,EUW1_5970886024,TFT6_Augment_TinyTitans,TFT6_Augment_RadiantRelics,TFT6_Augment_ItemGrabBag1,,,,0.0,,0.0,1.0,1.0,,,,1.0,,,0.0,,2.0,,,2.0,,,,0.0,,,1.0,,,,,,,,,,,,,,2.0,,,,,,,,,,,,,,,,,,,,,,,,,,,,,,,,,,,,,,,,,,,,,,,,2.0,Chalice,,,2.0,ThiefsGloves,WarmogsArmor,TitanicHydra,,,,,,,,,,,,,,,,,,,,,,,,,,,,,,,,,,,,,,,,,2.0,RedBuff,HextechGunblade,GargoyleStoneplate,,,,,,,,,,,,,,,,,,,,,,,,,,,,,,,,,,,,,,,,,2.0,IonicSpark,,,2.0,ArchangelsStaff,JeweledGauntlet,DragonsClaw,,,,,,,,,,,,,3.0,GuinsoosRagebladeRadiant,StatikkShiv,Quicksilver,,,,,,,,,,,,,,,,,,,,,,,None,None,,,,,,,,,,,,,,,,,,,,,,,,,2.0,InfinityEdge,Bloodthirster,RapidFireCannon,,,,,,,,
5,EUW1_5970886024,TFT6_Augment_Twins1,TFT7_Augment_ThinkFast,TFT6_Augment_Weakspot,,1.0,,1.0,,,,,,,,,,1.0,,0.0,,,,,0.0,1.0,,1.0,0.0,,,0.0,,,,,,,,,,,,,,,,,,,,,,,,,,,,,,,,,,,,,,,,,,,,,,,,,,,,,,,,,1.0,,,,,,,,,,,,,,,,3.0,RunaansHurricane,,,,,,,,,,,,,,,,,,,,,,,,,,,,,,,3.0,ArchangelsStaff,ArchangelsStaff,,,,,,,,,,,,,,,,,,,,,,,,,,,,,,,,,,,,,,,,,,,,,,,,,,,,,,,,,,,,,,,,,,,,,,2.0,RedBuff,GargoyleStoneplate,WarmogsArmor,,,,,,,,,,,,,,,,,,,None,None,,,,,,,,,2.0,ChainVest,RunaansHurricane,RunaansHurricane,,,,,,,,,,,,,,,,,,,,,1.0,,,
6,EUW1_5970886024,TFT7_Augment_ShimmerscaleEmblem,TFT6_Augment_HighEndShopping,TFT6_Augment_Weakspot,,,,1.0,1.0,,1.0,,0.0,0.0,,,0.0,0.0,,,,2.0,,,2.0,1.0,,,0.0,,,0.0,,,,,,,,,,,,,,,,,,,,,,,,,,,,,2.0,InfinityEdge,GuinsoosRageblade,UnstableConcoction,,,,,,,,,2.0,WarmogsArmor,,,,,,,,,,,,,,,,,,,,,,,,,,,,,,,,,,,2.0,ShimmerscaleEmblemItem,ShimmerscaleGoldmancersStaff,ShimmerscaleGamblersBlade,,,,,,,,,,,,,,,,,,,,,,,,,,,,,,,,,,,,,,,,,,,,,2.0,ThiefsGloves,ChainVest,IonicSpark,,,,,,,,,,,,,,,,,,,,,,,,,,,,,,,,,,,,,2.0,ThiefsGloves,RunaansHurricane,SeraphsEmbrace,,,,,,,,,1.0,,,,,,,,,,,,,,,,,,,,,,None,None,,,,,,,,,,,,,,,,,,,,,,,,,,,,,,,,,1.0,ThiefsGloves,GiantsBelt,DragonsClaw
8,EUW1_5970886024,TFT6_Augment_SecondWind1,TFT6_Augment_ForceOfNature,TFT6_Augment_ItemGrabBag1,,,,1.0,2.0,,,,1.0,,,0.0,,,,0.0,0.0,3.0,,0.0,,,,,,1.0,0.0,,,,,,,,,,,,,,,,,,,,,,,,,,,,,,1.0,Quicksilver,GuinsoosRageblade,LastWhisper,,,,,,,,,,,,,,,,,,,,,,,,,,,,,,,,,,,,,,,,,,,,,2.0,,,,,,,,,,,,,,,,,,,,,,,,2.0,,,,,,,,2.0,WarmogsArmor,GargoyleStoneplate,DragonsClaw,,,,,,,,,,,,,,,,,,,,,,,,,,,,,,,,,,,,,,,,,2.0,,,,,,,,,,,,2.0,,,,,,,,,,,,,,,,2.0,,,,,,,,,,,,,,,,1.0,TrainerSnax,None,None,2.0,JeweledGauntlet,MadredsBloodrazor,BFSword,,,,,,,,,,,,,,,,,,,,,,,,,,,,,,,,
2,EUW1_5970886024,TFT7_Augment_CavalierTrait,TFT6_Augment_RadiantRelics,TFT7_Augment_AxiomArc1,,,1.0,1.0,,0.0,1.0,0.0,,,1.0,,0.0,0.0,,0.0,,0.0,,,0.0,1.0,,,1.0,,,0.0,,,,,,,,,2.0,SpearOfShojinRadiant,RabadonsDeathcap,MadredsBloodrazor,,,,,,,,,1.0,Chalice,,,,,,,,,,,,,,,,,,,,,,,,,,,,,,,,,,,,,,,,,,,,,,,,,,,,,,,,,,,,,,,,,,,,,,,,,,,,,,,,,,,,,,,,,,,,,,,,,,,,,,,,,,,,,,,,,,,,,,,,,,,,,,,,,,,,,,,,,,,,,,,,,,,,,,,,,,,2.0,RedBuff,TitansResolve,FrozenHeart,1.0,ThiefsGloves,ChainVest,IonicSpark,,,,,,,,,,,,,,,None,None,,,,,,,,,,,,,,,,,1.0,Quicksilver,Morellonomicon,GuinsoosRageblade,,,,,,,,,,,,,2.0,SpearOfShojin,JeweledGauntlet,RabadonsDeathcap
2,EUW1_5971487196,TFT7_Augment_ShapeshifterTrait2,TFT6_Augment_CelestialBlessing1,TFT6_Augment_ComponentGrabBag,,,,1.0,,,1.0,0.0,,1.0,,1.0,,0.0,0.0,,,,,2.0,,,,,,,0.0,3.0,,,,,,,,,,,,,,,,,,,,,,,,,,,,,,,,,,,,,,,,,,,,,,,,,2.0,GuinsoosRageblade,UnstableConcoction,Quicksilver,3.0,Quicksilver,GuinsoosRageblade,Bloodthirster,,,,,2.0,FrozenHeart,ZekesHerald,,,,,,,,,,,,,,,,,,,,,,,,,,,,,,,,,,,,,,,,,,,,,,2.0,JeweledGauntlet,GargoyleStoneplate,RedBuff,,,,,,,,,,,,,,,,,,,,,,,,,,,,,,,,,,,,,,,,,,,,,,,,,,,,,,,,,,,,,,,,,1.0,Shroud,,,,,,,,,,,2.0,ChainVest,,,2.0,,,,,,None,None,,,,,,,,,,,,,,,,,,,,,,,,,1.0,HextechGunblade,,,,,,,,,,
5,EUW1_5971487196,TFT7_Augment_UrfsGrabBag2,TFT6_Augment_Weakspot,TFT6_Augment_CelestialBlessing2,2.0,0.0,,2.0,,,,,,,1.0,,0.0,,,,0.0,,1.0,,,,,,1.0,,1.0,,,,,,,,,,,,,,,,,,,,,,,,,,,,,,,,,,2.0,,,,,,,,,,,,,,,,,,,,,,,,,,,,,,,,,,,,,,,,2.0,,,,,,,,,,,,,,,,,,,,,,,,,,,,,,,,,,,,,,,,,,,,,,,,2.0,AssassinEmblemItem,RunaansHurricane,InfinityEdge,2.0,RedBuff,GargoyleStoneplate,Redemption,,,,,2.0,GuardianAngel,,,,,,,,,,,,,,,,,,,2.0,,,,,,,,,,,,,,,,,,,,,,,,,,,,,,,,2.0,FrozenHeart,HextechGunblade,ArchangelsStaff,,,,,,,,,,,None,None,,,,,,,,,,,,,,,,,,,,,,,,,,,,,,,,,,,,
4,EUW1_5971487196,TFT6_Augment_CyberneticUplink3,TFT6_Augment_Recombobulator,TFT6_Augment_CyberneticShell2,,,1.0,1.0,,,1.0,,0.0,,1.0,,0.0,1.0,,1.0,,,,,0.0,1.0,,,2.0,1.0,,0.0,,,,,,,,,2.0,UnstableConcoction,SpearOfShojin,ArchangelsStaff,,,,,,,,,2.0,TearOfTheGoddess,,,,,,,,,,,,,,,,,,,,,,,,,,,,,,,,,,,,,,,,,,,,,,,1.0,SparringGloves,,,,,,,,,,,,,,,,,,,,,,,,,,,,,,,2.0,LocketOfTheIronSolari,,,,,,,,,,,,,,,,,,,,,,,1.0,RedBuff,,,,,,,,,,,,,,,,,,,,,,,,,,,,,,,,,,,,,,,,,,,,,,,,,,,2.0,GargoyleStoneplate,WarmogsArmor,,,,,,,,,,,,,,,,,,2.0,TrainerSnax,None,None,,,,,,,,,,,,,,,,,,,,,,,,,,,,,,,,,1.0,RabadonsDeathcap,,
1,EUW1_5971487196,TFT7_Augment_GuildEmblem2,TFT7_Augment_BruiserTrait,TFT7_Augment_SwiftshotPressTheAttack,0.0,0.0,1.0,2.0,,0.0,,,,,5.0,,0.0,,,0.0,0.0,,,,,,,2.0,0.0,,0.0,,,,,,,,,,,,,,,,,,,,,,2.0,SwiftshotEmblemItem,SpearOfShojin,SpearOfShojin,,,,,,,,,,,,,,,,,,,,,,,,,,,,,,,,,,,,,,,,,,,,,,,,,3.0,GargoyleStoneplate,RedBuff,Redemption,,,,,,,,,,,,,,,,,,,,,,,,,,,,,,,,,,,,,,,,,,,,,,,,,2.0,,,,,,,,,,,,,,,,2.0,,,,,,,,,,,,2.0,,,,,,,,,,,,,,,,,,,,,,,,,,,,,,,,2.0,InfinityEdge,GuardianAngel,Quicksilver,,,,,,,,,,,None,None,,,,,2.0,PowerGauntlet,,,3.0,GuinsoosRageblade,GuildEmblemItem,MadredsBloodrazor,,,,,,,,,2.0,,,,,,,,,,,,,,,
3,EUW1_5971487196,TFT6_Augment_Traitless3,TFT7_Augment_BestFriends1,TFT6_Augment_CelestialBlessing2,0.0,,,0.0,0.0,0.0,,0.0,0.0,,,0.0,0.0,,0.0,0.0,0.0,0.0,,0.0,,,,0.0,0.0,0.0,0.0,0.0,,,,,,,,,,,,,,,,,,,,,,,,,,,,,2.0,GuardianAngel,TitansResolve,LastWhisper,,,,,,,,,,,,,,,,,,,,,,,,,,,,,,,,,2.0,,,,,,,,,,,,,,,,,,,,,,,,,,,,,,,,,,,,2.0,GuinsoosRageblade,,,,,,,2.0,BrambleVest,DragonsClaw,,,,,,,,,,,,,,2.0,,,,1.0,ThiefsGloves,BFSword,ZekesHerald,,,,,,,,,,,,,,,,,,,,,,,,,,,,,,,,,,,,,,,,,,,,,,,,,,,,,,,,,,,,,,,,,,,None,None,,,,,,,,,,,,,,,,,,,,,2.0,Deathblade,UnstableConcoction,GuinsoosRageblade,1.0,ThiefsGloves,RunaansHurricane,Shroud,,,,,,,,
7,EUW1_5971487196,TFT6_Augment_ThriftShop,TFT6_Augment_FirstAidKit,TFT6_Augment_TomeOfTraits1,,,,1.0,,,1.0,,,1.0,,1.0,,0.0,,,,,,1.0,,,1.0,,,,0.0,3.0,,,,,,,,,,,,,,,,,,,,,,,,,,,,,,,,,,,,,,,,,,,,,,,,,2.0,Quicksilver,UnstableConcoction,GuinsoosRageblade,2.0,Quicksilver,ArchangelsStaff,GuinsoosRageblade,,,,,,,,,,,,,,,,,,,,,,,,,,,,,,,,,,,,,,,,,,,,,,,,,,,,,2.0,Quicksilver,,,,,,,,,,,,,,,,,,,,,,,,,,,,,,,,,,,,,,,,,,,,,,,,,,,,,,,,,,,1.0,,,,,,,,2.0,,,,,,,,,,,,2.0,WarriorEmblemItem,,,2.0,,,,,,None,None,,,,,,,,,,,,,,,,,,,,,,,,,,,,,,,,,,,,
8,EUW1_5971487196,TFT7_Augment_MageEmblem2,TFT6_Augment_Distancing,TFT7_Augment_FirstAidKit2,,0.0,,1.0,0.0,0.0,,,0.0,,1.0,,,3.0,,1.0,,,0.0,,,,,,,2.0,,0.0,,,,,,,,,,,,,,,,,,,,,,,,,,,,,,,,,,,,,,,,,,,,,,,,,,,,,,,,,,,,,,,,,,,,,2.0,,,,1.0,,,,,,,,,,,,,,,,,,,,,,,,2.0,ThiefsGloves,Shroud,JeweledGauntlet,2.0,MageEmblemItem,TearOfTheGoddess,,2.0,,,,,,,,,,,,,,,,,,,,,,,,,,,,,,,,2.0,SpearOfShojin,Bloodthirster,SpearOfShojin,,,,,,,,,,,,,,,,,,,,,,,,,,,,,,,,,,,,,1.0,Quicksilver,RedBuff,TitanicHydra,,,,,,,,,,,,,,,,,3.0,TrainerSnax,None,None,2.0,MageEmblemItem,,,,,,,,,,,,,,,,,,,,,,,,,,,,,,,,,,
6,EUW1_5971487196,TFT7_Augment_WarriorEmblem2,TFT7_Augment_BigFriend,TFT7_Augment_UrfsGrabBag1,2.0,,,2.0,,,1.0,,,,2.0,,0.0,0.0,,,,,0.0,,,,,,1.0,,1.0,2.0,,,,,,,,,,,,,,,,,,,,,,,,,,,,,,,,,2.0,FrozenHeart,WarmogsArmor,GuildEmblemItem,,,,,,,,,,,,,2.0,AssassinEmblemItem,WarriorEmblemItem,Bloodthirster,,,,,,,,,,,,,,,,,,,,,,,,,,,,,,,,,,,,,,,,,,,,,,,,,,,,,,,,,,,,,,,,,,,,,2.0,UnstableConcoction,MadredsBloodrazor,AssassinEmblemItem,1.0,,,,,,,,2.0,,,,,,,,,,,,,,,,,,,,,,,,,,,,,,,,,,,,,,,,,,,,2.0,,,,,,,,1.0,ZekesHerald,,,,,,,,,,,,,None,None,,,,,,,,,,,,,,,,,,,,,,,,,,,,,,,,,,,,
3,EUW1_5972708573,TFT6_Augment_PortableForge,TFT6_Augment_TargetDummies,TFT6_Augment_ThrillOfTheHunt2,,,,,,,,2.0,,,,1.0,0.0,,0.0,,1.0,,,1.0,0.0,,,1.0,0.0,,0.0,,,,,,,,,,,,,,2.0,,,,,,,,,,,,,,,,,,,,,,,,,,,,,,,,,,,,,,,,,,,,,,,,,,,,,,,,,,,,,,,,,,,,2.0,,,,,,,,2.0,SpearOfShojin,,,,,,,,,,,,,,,,,,,2.0,,,,,,,,,,,,,,,,,,,,,,,,,,,,,,,,,,,,,,,,2.0,OrnnEternalWinter,BrambleVest,,,,,,,,,,,,,,,,,,,,,,2.0,ArchangelsStaff,StatikkShiv,Quicksilver,,,,,,,,,,,,,,,,,,,,,,,None,None,,,,,,,,,,,,,,,,,3.0,DragonsClaw,RedBuff,FrozenHeart,2.0,ZekesHerald,Deathblade,LastWhisper,1.0,,,,,,,,,,,
7,EUW1_5972708573,TFT7_Augment_TempestEmblem,TFT6_Augment_TomeOfTraits1,TFT6_Augment_SunfireBoard,,0.0,,1.0,,,,,0.0,,2.0,,0.0,3.0,,1.0,,,,,,,,0.0,1.0,1.0,,0.0,,,,,,,,,,,,,,,,,,,,,,,,,,,,,,,,,,,,,,,,,,,,,,,,,,,,,,,,,,,,,,,,,,,,,2.0,,,,,,,,,,,,,,,,,,,,,,,,,,,,,,,,2.0,,,,1.0,,,,,,,,,,,,,,,,,,,,1.0,FrozenHeart,MageEmblemItem,GiantsBelt,,,,,,,,,2.0,ArchangelsStaff,IonicSpark,StatikkShiv,,,,,,,,,,,,,,,,,,,,,,,,,,,,,,,,,,,,,1.0,WarmogsArmor,GargoyleStoneplate,TempestEmblemItem,,,,,,,,,,,,,,,,,3.0,TrainerSnax,None,None,,,,,2.0,MageEmblemItem,,,,,,,2.0,,,,,,,,,,,,,,,,,,,,,,,
8,EUW1_5972708573,TFT6_Augment_SalvageBin,TFT6_Augment_BlueBattery2,TFT6_Augment_ThrillOfTheHunt2,,,,0.0,2.0,,,,0.0,,,,,0.0,,0.0,,2.0,,,,,,,,2.0,,,,,,,,,,,,,,,,,,,,,,,,,,,,,,,1.0,InfinityEdge,GuinsoosRageblade,,,,,,,,,,,,,,,,,,,,,,,,,,,,,,,,,,,,,,2.0,,,,,,,,2.0,,,,,,,,,,,,,,,,,,,,,,,,2.0,,,,,,,,,,,,,,,,,,,,,,,,,,,,,,,,,,,,,,,,,,,,,,,,,,,,,,,,,,,,,,,,,,,,,,,,,,,,,,,,2.0,DragonsClaw,RedBuff,,,,,,,,,,,,,,2.0,TrainerSnax,None,None,2.0,,,,,,,,,,,,,,,,,,,,,,,,,,,,,,,,,,,
6,EUW1_5972708573,TFT7_Augment_UrfsGrabBag1,TFT7_Augment_DragonHorde,TFT6_Augment_CelestialBlessing2,,,,,,,2.0,0.0,0.0,0.0,,3.0,0.0,,,0.0,,,,1.0,,,1.0,0.0,,,,,,,,,2.0,RabadonsDeathcap,,,,,,,1.0,Spatula,,,,,,,,,,,,,,,,,,,,,,,,,,,,,,,2.0,BrambleVest,DragonsClaw,JeweledGauntlet,,,,,,,,,,,,,2.0,UnstableConcoction,,,,,,,,,,,,,,,,,,,,,,,,,,,,,,,,,,,,,,,,,,,,,,,2.0,ChainVest,,,,,,,,,,,,,,,,,,,,,,,,,,,,,,,,,,,,,,,,,,,,,,,,,,,,,,,,,,,2.0,SpearOfShojin,GuinsoosRageblade,Quicksilver,,,,,,,,,,,,,,,,,2.0,,,,,,,,,,None,None,,,,,,,,,,,,,,,,,,,,,,,,,,,,,,,,,,,,
2,EUW1_5972708573,TFT6_Augment_CyberneticShell2,TFT6_Augment_ComponentGrabBag,TFT7_Augment_SwiftshotPressTheAttack,,1.0,1.0,1.0,,,,,,,3.0,,0.0,2.0,,1.0,,,,,0.0,1.0,,1.0,0.0,,,0.0,,,,,,,,,,,,,,,,,,,,,2.0,,,,,,,,,,,,,,,,,,,,,,,,,,,,,,,,,,,,,,,,,,,,,,,,,,,,3.0,MageEmblemItem,NegatronCloak,IonicSpark,,,,,,,,,,,,,,,,,,,,,,,,,,,,,3.0,LastWhisper,,,,,,,,,,,,,,,,,,,2.0,,,,,,,,,,,,1.0,,,,,,,,,,,,,,,,,,,,,,,,,,,,,,,,,,,,,,,,2.0,GargoyleStoneplate,FrozenHeart,RedBuff,,,,,,,,,,,,,,,,,,,None,None,,,,,2.0,,,,3.0,RunaansHurricane,InfinityEdge,GuinsoosRageblade,,,,,,,,,,,,,,,,,,,,,2.0,RabadonsDeathcap,JeweledGauntlet,Quicksilver
5,EUW1_5972708573,TFT6_Augment_Electrocharge2,TFT6_Augment_CelestialBlessing2,TFT6_Augment_PortableForge,,,,,,0.0,,2.0,,,,1.0,0.0,,,,1.0,,,1.0,0.0,,,0.0,0.0,,,,,,,,,,,,,,,,1.0,,,,,,,,,,,,,,,,,,,,,,,,,,,,,,,,,,,,,,,,,,,,,,,,,,,,2.0,DragonmancerEmblemItem,,,,,,,,,,,,,,,2.0,,,,,,,,2.0,UnstableConcoction,BFSword,,,,,,,,,,,,,,,,,,1.0,RedBuff,OrnnZhonyasParadox,DragonsClaw,,,,,,,,,,,,,,,,,,,,,,,,,,,,,,,,,,,,,2.0,,,,,,,,,,,,,,,,,,,,,,,,2.0,StatikkShiv,GuinsoosRageblade,Quicksilver,,,,,,,,,,,,,,,,,,,,,,,None,None,,,,,,,,,,,,,,,,,2.0,,,,,,,,,,,,,,,,,,,
1,EUW1_5972708573,TFT6_Augment_BlueBattery2,TFT7_Augment_CavalierDevastatingCharge,TFT6_Augment_Diversify2,0.0,,,1.0,,2.0,,,,0.0,2.0,,,1.0,0.0,,,,2.0,,,,,,,,0.0,0.0,,,,,,,,,,,,,,,,,,,,,,,,,2.0,WarmogsArmor,BrambleVest,,,,,,3.0,ThiefsGloves,,,,,,,,,,,,,,,,,,,,,,,,,,,,,,,,,,,,,,,,,,,,,,,,,,,,,,,,,,,,,,,3.0,Bloodthirster,ArchangelsStaff,JeweledGauntlet,,,,,,,,,,,,,,,,,3.0,IonicSpark,Redemption,,3.0,GuinsoosRageblade,Bloodthirster,StatikkShiv,,,,,,,,,,,,,2.0,,,,2.0,,,,,,,,,,,,,,,,,,,,,,,,,,,,,,,,,,,,2.0,,,,,,,,,,,,,,,,,,,,,,None,None,,,,,,,,,,,,,,,,,,,,,,,,,,,,,,,,,,,,
4,EUW1_5972708573,TFT6_Augment_PortableForge,TFT6_Augment_Electrocharge2,TFT7_Augment_WarriorTiamat,,0.0,,2.0,,,1.0,,,0.0,,,0.0,0.0,0.0,,,,0.0,,1.0,,,,0.0,,1.0,0.0,,,,,,,,,,,,,,,,,,,,,,,,,,,,,,,,,,,,,,,,,2.0,ShimmerscaleHeartOfGold,GargoyleStoneplate,WarmogsArmor,,,,,,,,,,,,,,,,,,,,,,,,,,,,,2.0,,,,,,,,,,,,,,,,,,,,,,,,,,,,,,,,,,,,,,,,,,,,,,,,2.0,UnstableConcoction,TitansResolve,Deathblade,1.0,LocketOfTheIronSolari,,,,,,,,,,,,,,,,,,,,,,,,,,,,,,,,,,,,,,,,,,,,,,,,,,,2.0,,,,,,,,,,,,,,,,,,,,,,None,None,,,,,,,,,,,,,,,,,,,,,,,,,,,,,3.0,OrnnDeathsDefiance,GuinsoosRageblade,MadredsBloodrazor,,,,
2,EUW1_5972853642,TFT6_Augment_RichGetRicher,TFT7_Augment_LategameSpecialist,TFT7_Augment_BestFriends1,,0.0,1.0,2.0,,,1.0,,,,1.0,,0.0,1.0,,1.0,,,,,0.0,1.0,,,0.0,,,2.0,,,,,,,,,,,,,,,,,,,,,2.0,,,,,,,,,,,,,,,,,,,,,,,,,,,,2.0,UnstableConcoction,Bloodthirster,MadredsBloodrazor,,,,,,,,,,,,,,,,,,,,,2.0,ThiefsGloves,GuardianAngel,Redemption,,,,,,,,,,,,,,,,,,,,,,,,,,,,,3.0,NeedlesslyLargeRod,StatikkShiv,,,,,,,,,,,,,,,,,,2.0,DragonsClaw,,,,,,,,,,,,,,,,,,,,,,,,,,,,,,,,,,,,,,,,,,,,,,,,,,,2.0,RedBuff,GargoyleStoneplate,,,,,,,,,,,,,,,,,,,,None,None,,,,,,,,,,,,,,,,,,,,,,,,,,,,,,,,,2.0,ArchangelsStaff,,
6,EUW1_5972853642,TFT7_Augment_TempestEmblem,TFT6_Augment_CyberneticImplants1,TFT6_Augment_Distancing,,,,0.0,3.0,,1.0,,0.0,1.0,,,0.0,,,0.0,0.0,1.0,,,1.0,,,,1.0,1.0,,,,,,,,,,,,,,,,,,,,,,,,,,,,,,,2.0,MadredsBloodrazor,GuinsoosRageblade,,,,,,,,,,1.0,GargoyleStoneplate,WarmogsArmor,DragonsClaw,,,,,,,,,,,,,,,,,,,,,,,,,,,,,,,,,2.0,TempestEmblemItem,Chalice,,,,,,,,,,,,,,,,,,,,,,2.0,,,,,,,,,,,,,,,,,,,,,,,,1.0,GuardianEmblemItem,,,,,,,,,,,,,,,,,,,2.0,,,,,,,,,,,,,,,,,,,,,,,,,,,,,,,,,,,,,,,,,,,,,,,,,,,,3.0,TrainerSnax,None,None,2.0,ThiefsGloves,Zephyr,GuardianAngel,,,,,,,,,,,,,,,,,,,,,,,,,,,,,,,,
1,EUW1_5972853642,TFT6_Augment_CyberneticUplink2,TFT6_Augment_SecondWind1,TFT7_Augment_MageTrait,,1.0,1.0,1.0,,,,,0.0,,2.0,,,3.0,,2.0,,,,,0.0,1.0,,,,1.0,,0.0,,,,,,,,,,,,,,,,,,,,,1.0,,,,,,,,,,,,,,,,,,,,,,,,,,,,,,,,,,,,,,,,,,,,,,,,2.0,,,,3.0,Bloodthirster,IonicSpark,,,,,,,,,,,,,,,,,,,,,,,,,,2.0,StatikkShiv,,,3.0,ArchangelsStaff,,,,,,,,,,,,,,,,,,,,,,,,,,,,,,,2.0,ArchangelsStaff,HextechGunblade,SeraphsEmbrace,,,,,,,,,,,,,,,,,,,,,,,,,,,,,,,,,,,,,2.0,RedBuff,,,,,,,,,,,,,,,,,,,3.0,TrainerSnax,None,None,,,,,,,,,,,,,2.0,Zephyr,Shroud,,,,,,,,,,,,,,,,,,1.0,,,
8,EUW1_5972853642,TFT7_Augment_GuardianEmblem,TFT6_Augment_Weakspot,TFT6_Augment_CyberneticImplants1,,,,0.0,,,1.0,,0.0,2.0,,,0.0,,,0.0,0.0,,0.0,,1.0,,,0.0,0.0,0.0,,0.0,,,,,,,,,,,,,,,,,,,,,,,,,2.0,,,,,,,,,,,,,,,,1.0,DragonsClaw,Redemption,DragonsClaw,,,,,,,,,,,,,,,,,,,,,,,,,,,,,,,,,,,,,,,,,,,,,,,,,,,,,,,,,2.0,TearOfTheGoddess,,,,,,,,,,,,,,,,,,,,,,,2.0,GuardianEmblemItem,,,,,,,,,,,,,,,,,,,,,,,,,,,,,,,,,,,,,,,,,,,,,,,,,,,,,,,,,,,,,,,,,,,2.0,,,,,,None,None,,,,,,,,,,,,,,,,,,,,,2.0,GuinsoosRageblade,Deathblade,MadredsBloodrazor,,,,,,,,,,,,
3,EUW1_5972853642,TFT7_Augment_MirageEmblem,TFT7_Augment_BestFriends1,TFT6_Augment_MakeshiftArmor1,,,1.0,1.0,,1.0,1.0,,,,1.0,,,,3.0,0.0,0.0,,0.0,,,,,,,,1.0,,,,,,,,,,,,,,,,,,,,,,1.0,,,,,,,,,,,,,,,,1.0,GuardianAngel,SparringGloves,,,,,,,,,,,,,,,,,,,,,,,,,,2.0,,,,,,,,,,,,,,,,,,,,,,,,,,,,,,,,,,,,,,,,,,,,,,,,,,,,2.0,RedBuff,GargoyleStoneplate,,2.0,MirageEmblemItem,InfinityEdge,,,,,,,,,,,,,,,,,,,,,,,,,,,,,,2.0,,,,,,,,,,,,,,,,,,,,,,,,,,,,,,,,,,,,,,,,,,,,,,None,None,,,,,,,,,,,,,,,,,,,,,,,,,,,,,3.0,Quicksilver,GuinsoosRageblade,MadredsBloodrazor,,,,
5,EUW1_5972853642,TFT7_Augment_WarriorTiamat,TFT6_Augment_Weakspot,TFT7_Augment_WarriorTrait,,,,1.0,,,1.0,0.0,,0.0,,,,,3.0,,0.0,,0.0,,0.0,,,,,,3.0,,2.0,Spatula,,,,,,,,,,,,,,,,,,,,,,,,,,,,,,,,,,,2.0,RapidFireCannon,,,,,,,,,,,,,,,,,,,,,,,,,,,,,,,,,,,,,,,,,,,,,,,,,,,,,,,2.0,,,,,,,,,,,,,,,,,,,,,,,,,,,,2.0,,,,,,,,,,,,,,,,,,,,,,,,,,,,,,,,2.0,ZekesHerald,FrozenHeart,InfinityEdge,,,,,,,,,,,,,,,,,,,,,,,,,,,,,,,,,,,,,,,,,,,None,None,,,,,,,,,,,,,,,,,,,,,,,,,1.0,Zephyr,TitansResolve,UnstableConcoction,2.0,GuinsoosRageblade,,,,,,
7,EUW1_5972853642,TFT6_Augment_PortableForge,TFT7_Augment_AxiomArc1,TFT6_Augment_FirstAidKit,,,1.0,,,3.0,1.0,,,1.0,2.0,,,0.0,1.0,0.0,0.0,,0.0,,1.0,,,,,,,,,,,,,,,,,,,,,,,,,,,,1.0,SpearOfShojin,,,,,,,,,,,,,,,,,,,2.0,GargoyleStoneplate,NeedlesslyLargeRod,,,,,,,,,,,,,,,,,,,,,,2.0,Morellonomicon,TitansResolve,,,,,,,,,,,,,,,,,,,,,,,,,,1.0,,,,2.0,,,,,,,,,,,,,,,,,,,,2.0,RedBuff,UnstableConcoction,OrnnAnimaVisage,,,,,,,,,,,,,,,,,,,,,1.0,ShimmerscaleDeterminedInvestor,,,,,,,,,,,,,,,,,,,,,,,,,,,,,,,,,,,,,,,,,,,,,,,,,,,,,,,,,None,None,,,,,,,,,,,,,,,,,,,,,,,,,,,,,,,,,,,,
4,EUW1_5972853642,TFT6_Augment_LudensEcho2,TFT6_Augment_SecondWind1,TFT7_Augment_BestFriends1,,,,,,0.0,1.0,0.0,,,,1.0,,,,,2.0,,,2.0,,,,1.0,,,,,,,,,,,,,,,,,2.0,Shroud,,,,,,,,,,,,,,,,,,,,,,,,,,,,,,,,,,,,,,,,,,,,,,,2.0,,,,1.0,,,,,,,,,,,,,,,,,,,,,,,,,,,,,,,,,,,,,,,,,,,,2.0,GiantsBelt,FrozenHeart,,,,,,,,,,,,,,,,,,,,,,,,,,,,,,,,,,,,,,,,,,,,,,2.0,DragonsClaw,RedBuff,TitansResolve,,,,,,,,,,,,,2.0,,,,,,,,,,,,,,,,,,,,,,,,,,None,None,,,,,,,,,,,,,,,,,,,,,2.0,GuinsoosRageblade,InfinityEdge,LastWhisper,,,,,,,,,,,,
7,EUW1_5972809616,TFT6_Augment_CalculatedLoss,TFT7_Augment_CursedCrown,TFT7_Augment_BruiserTitanicStrength,1.0,1.0,,2.0,,,,,,,1.0,,,0.0,,0.0,0.0,,1.0,,,,,,0.0,,1.0,0.0,,,,,,,,,,,,,,,,,,,,,,,,,,,,,,,,,2.0,FrozenHeart,,,,,,,,,,,,,,,,,,,,,,,,,,,,,,,,,,,,,,,2.0,,,,,,,,,,,,,,,,,,,,,,,,,,,,,,,,2.0,,,,,,,,,,,,,,,,2.0,Bloodthirster,GuinsoosRageblade,,,,,,,,,,2.0,,,,,,,,,,,,,,,,,,,,2.0,,,,,,,,1.0,,,,,,,,,,,,,,,,2.0,,,,,,,,2.0,,,,,,,,,,,,,,None,None,,,,,,,,,,,,,,,,,,,,,,,,,,,,,,,,,,,,
3,EUW1_5972809616,TFT6_Augment_SunfireBoard,TFT6_Augment_RadiantRelics,TFT6_Augment_SecondWind2,1.0,0.0,,2.0,,,1.0,,,,1.0,,,0.0,,,0.0,,,0.0,,,,,,,0.0,3.0,,,,,,,,,,,,,,,,,,,,,,,,,,,,,,,,,,,,,,,,,,,,,,,,,2.0,MadredsBloodrazor,UnstableConcoction,GuinsoosRageblade,2.0,AssassinEmblemItem,,,,,,,,,,,,,,,,,,,,,,,,,,,,,,,,,,,,,,,,,,,,,,,,,,,,,,,,,,,,,,,,,,,,,,,,,,,1.0,,,,,,,,,,,,,,,,,,,,,,,,2.0,ZekesHerald,LocketOfTheIronSolari,,,,,,1.0,,,,,,,,,,,,,,,,1.0,WarmogsArmorRadiant,ChainVest,,,,,,2.0,UnstableConcoction,,,,,,,,,,,,,None,None,,,,,,,,,,,,,,,,,,,,,,,,,,,,,,,,,,,,
6,EUW1_5972809616,TFT6_Augment_JeweledLotus,TFT6_Augment_MaxLevel10,TFT6_Augment_ComponentGrabBag,0.0,,,0.0,,,1.0,0.0,,0.0,1.0,0.0,,,,,1.0,,,,1.0,,,2.0,0.0,,0.0,,,,,,,,,,,,,,2.0,,,,,,,,,,,,,,,,,,,,,,,,,,,,2.0,WarmogsArmor,RedBuff,,,,,,,,,,,,,,2.0,ShimmerscaleGoldmancersStaff,InfinityEdge,,,,,,,,,,,,,,,,,,,,,,,,,,1.0,,,,,,,,,,,,,,,,,,,,,,,,,,,,,,,,,,,,,,,,,,,,,,,,,,,,,,,,,,,,,,,,,,,,2.0,,,,,,,,,,,,,,,,,,,,,,,,,,,,,,,,,,,,,,,,,,,,,,None,None,,,,,2.0,,,,,,,,,,,,,,,,2.0,Quicksilver,Deathblade,GuinsoosRageblade,,,,,,,,,,,,
1,EUW1_5972809616,TFT6_Augment_PortableForge,TFT7_Augment_CursedCrown,TFT6_Augment_SecondWind2,,1.0,1.0,2.0,,,1.0,,0.0,,2.0,,0.0,2.0,,2.0,,,,,0.0,1.0,,,2.0,0.0,,0.0,,,,,,,,,1.0,SpearOfShojin,JeweledGauntlet,MageEmblemItem,,,,,,,,,1.0,,,,,,,,,,,,,,,,,,,,,,,,,,,,,,,,,,,,,,,,,,,,,,,,,,,,2.0,OrnnAnimaVisage,WarmogsArmor,TitansResolve,,,,,,,,,,,,,,,,,,,,,,,,,1.0,,,,2.0,,,,,,,,,,,,,,,,,,,,2.0,Morellonomicon,,,,,,,,,,,2.0,InfinityEdge,,,,,,,,,,,,,,,,,,,,,,,2.0,,,,,,,,,,,,,,,,2.0,Bloodthirster,,,,,,,,,,,,,,,,,,,,,None,None,,,,,,,,,,,,,,,,,,,,,,,,,,,,,,,,,2.0,GuinsoosRageblade,,
4,EUW1_5972809616,TFT7_Augment_DragonmancerInspire,TFT7_Augment_BestFriends3,TFT7_Augment_RagewingScorch,,,,,,0.0,,2.0,,,,0.0,0.0,,0.0,,1.0,,,1.0,0.0,,,0.0,0.0,,0.0,,,,,,,,,,,,,,2.0,,,,,,,,,,,,,,,,,,,,,,,,,,,,,,,,,,,,,,,,,,,,,,,,2.0,,,,2.0,ChainVest,,,,,,,,,,,,,,,,,,,,,,,1.0,,,,,,,,,,,,,,,,,,,,,,,,,,,,,,,,,,,,,,,,,,,,,,,,,,,,,,,,,,,,2.0,GargoyleStoneplate,GargoyleStoneplate,GargoyleStoneplate,,,,,,,,,,,,,,,,,,,,,2.0,StatikkShiv,GuinsoosRageblade,MadredsBloodrazor,,,,,,,,,,,,,,,,,,,,,,,None,None,,,,,,,,,,,,,,,,,2.0,,,,,,,,1.0,JeweledGauntlet,,,,,,,,,,
2,EUW1_5972809616,TFT7_Augment_TempestEyeOfTheStorm,TFT7_Augment_ThinkFast,TFT7_Augment_DragonmancerEmblem,,,,0.0,,,,2.0,,,,1.0,0.0,,0.0,,0.0,,,1.0,0.0,,1.0,0.0,1.0,,0.0,,,,,,,,,,,,,,2.0,Shroud,,,,,,,,,,,,,,,,,,,,,,,,,,,,,,,,,,,,,,,,,,,,,,,,,,,,,,,,,,,,,,,,,,,,,,,,,,,3.0,Bloodthirster,InfinityEdge,JeweledGauntlet,,,,,,,,,,,,,,,,,2.0,RedBuff,BrambleVest,TitanicHydra,,,,,,,,,,,,,2.0,DragonmancerEmblemItem,GuardianAngel,WarmogsArmor,,,,,,,,,,,,,,,,,,,,,,,,,,,,,,,,,,,,,,,,,1.0,,,,2.0,,,,,,,,,,,,,,,,,,,,,,,,,,None,None,,,,,,,,,,,,,,,,,2.0,,,,,,,,1.0,,,,,,,,,,,
5,EUW1_5972809616,TFT6_Augment_PortableForge,TFT6_Augment_ThriftShop,TFT6_Augment_TomeOfTraits1,,3.0,,1.0,,,1.0,,0.0,,,,,1.0,,0.0,,,,0.0,,,,0.0,,,,,,,,,,,,,,,,,,,,,1.0,MageEmblemItem,,,,,,,,,,,,,,,,,,,,,,,,,,,,,,,,,,,,,,,,,,,,,,,,,,,,,,,3.0,OrnnAnimaVisage,GargoyleStoneplate,WarmogsArmor,,,,,,,,,,,,,,,,,,,,,,,,,,,,,3.0,ZekesHerald,,,,,,,3.0,GuinsoosRageblade,Quicksilver,,,,,,,,,,,,,,,,,,,,,,,,,,,,,,,,,,,,,,,,,,,,,,3.0,,,,,,,,,,,,,,,,,,,,,,,,,,,,,,,,,,,,,,None,None,,,,,,,,,3.0,GuinsoosRageblade,MageEmblemItem,SpearOfShojin,3.0,,,,,,,,,,,,,,,,,,,,,,,
8,EUW1_5972809616,TFT7_Augment_ShimmerscaleTrait,TFT6_Augment_CelestialBlessing3,,0.0,0.0,,0.0,,,1.0,0.0,,,,,0.0,,,,0.0,,,1.0,1.0,,,,,,,1.0,,,,,,,,,,,,,,,,,,,,,,,,,,,,,,,,,,,,,,,,,,,,,,,,,,,,,,,,,,,,,,,,,,,,,,,,,,,,,,,,,,,,,1.0,,,,,,,,,,,,,,,,,,,,,,,,,,,,2.0,ShimmerscaleGoldmancersStaff,FrozenHeart,MadredsBloodrazor,,,,,,,,,,,,,,,,,,,,,,,,,,,,,1.0,,,,,,,,,,,,,,,,,,,,,,,,,,,,1.0,,,,,,,,,,,,,,,,,,,,,,,,,,None,None,,,,,,,,,,,,,,,,,1.0,,,,,,,,,,,,,,,,,,,
4,EUW1_5971721096,TFT6_Augment_ThreesCompany,TFT6_Augment_PandorasItems,TFT6_Augment_TomeOfTraits1,,,,1.0,,,,2.0,,,,1.0,0.0,,,,1.0,,,1.0,,,,0.0,1.0,,0.0,,,,,,,,,,,,,,2.0,,,,,,,,,,,,,,,,,,,,,,,,,,,,,,,,,,,,,,,,,,,,,,,,,,,,,,,,,,,,,,,,,,,,2.0,,,,,,,,2.0,,,,,,,,,,,,,,,,,,,,2.0,WarmogsArmor,RedBuff,GargoyleStoneplate,,,,,,,,,,,,,1.0,,,,,,,,,,,,,,,,,,,,,,,,2.0,Shroud,,,2.0,TitanicHydra,DragonmancerEmblemItem,GuardianAngel,,,,,,,,,,,,,,,,,3.0,StatikkShiv,GuinsoosRageblade,Quicksilver,,,,,,,,,,,,,,,,,,,,,,,None,None,,,,,,,,,,,,,,,,,,,,,,,,,,,,,,,,,,,,
2,EUW1_5971721096,TFT7_Augment_UrfsGrabBag1,TFT7_Augment_BruiserTrait,TFT6_Augment_ComponentGrabBag,2.0,,,2.0,,,1.0,,,,1.0,,0.0,0.0,,,,,0.0,0.0,,,,,1.0,,0.0,3.0,,,,,,,,,,,,,,,,,,,,,,,,,,,,,,,,,,,,,,,,,,,,,,,,,2.0,TitansResolve,UnstableConcoction,Bloodthirster,1.0,,,,,,,,,,,,,,,,,,,,,,,,,,,,,,,,,,,,,,,,,,,,,,,,,,,,,,,,,,,,,,,,,,,,3.0,InfinityEdge,AssassinEmblemItem,RunaansHurricane,1.0,WarmogsArmor,Morellonomicon,,1.0,JeweledGauntlet,IonicSpark,HextechGunblade,1.0,,,,,,,,,,,,,,,,,,,,,,,,,,,,,,,,,,,,,,,,,,,,2.0,RedBuff,,,,,,,2.0,Quicksilver,,,,,,,,,,,,,None,None,,,,,,,,,,,,,,,,,,,,,,,,,,,,,,,,,,,,
6,EUW1_5971721096,TFT7_Augment_CannoneerEmblem,TFT7_Augment_CannoneerTrait,TFT7_Augment_BestFriends2,,,,,4.0,,1.0,,1.0,1.0,,,,,,0.0,,2.0,0.0,,1.0,,,,,1.0,,,,,,,,,,,,,,,,,,,,,,,,,,,1.0,CannoneerEmblemItem,,,2.0,InfinityEdge,UnstableConcoction,GuinsoosRageblade,,,,,,,,,2.0,GargoyleStoneplate,ShimmerscaleDiamondHands,Redemption,,,,,,,,,,,,,,,,,,,,,,,,,,,,,,,,,2.0,GuinsoosRageblade,SpearOfShojin,RapidFireCannon,,,,,,,,,,,,,,,,,,,,,2.0,,,,,,,,,,,,,,,,,,,,,,,,,,,,,,,,,,,,,,,,,,,,,,,,,,,,,,,,,,,,,,,,2.0,,,,,,,,,,,,,,,,,,,,,,,,,,,,,,,,3.0,TrainerSnax,None,None,2.0,,,,,,,,,,,,,,,,,,,,,,,,,,,,,,,,,,,
7,EUW1_5971721096,TFT6_Augment_RichGetRicher,TFT7_Augment_BandOfThieves1,TFT6_Augment_PortableForge,1.0,0.0,,2.0,,,,,,,2.0,,0.0,0.0,,,0.0,,,,,,,1.0,1.0,,0.0,0.0,,,,,,,,,,,,,,,,,,,,,,,,,,,,,,,,,,,,,,,,,,,,,,,,,,,,,,,,,,,,,,,,,,,,,,,,,3.0,ThiefsGloves,TearOfTheGoddess,HextechGunblade,,,,,,,,,,,,,,,,,,,,,,,,,,,,,,,,,,,,,,,,,,,,,,,,,2.0,Morellonomicon,BrambleVest,WarmogsArmor,,,,,1.0,NeedlesslyLargeRod,,,,,,,,,,,,,,,,,,,1.0,,,,,,,,,,,,,,,,,,,,,,,,2.0,,,,,,,,1.0,UnstableConcoction,FrozenHeart,,,,,,,,,,,,None,None,,,,,2.0,,,,3.0,MadredsBloodrazor,OrnnZhonyasParadox,GuinsoosRageblade,,,,,,,,,,,,,,,,,,,,,,,,
8,EUW1_5971721096,TFT7_Augment_BruiserPersonalTraining,TFT6_Augment_SecondWind1,TFT7_Augment_GadgetExpert,,,,2.0,,,1.0,0.0,0.0,,1.0,,0.0,1.0,0.0,0.0,0.0,,,,,,,,0.0,1.0,1.0,2.0,,,,,,,,,,,,,,,,,,,,,,,,,,,,,,,,,,,,,,,,,,,,,,,,,1.0,,,,,,,,,,,,,,,,,,,,2.0,,,,,,,,,,,,,,,,,,,,,,,,,,,,,,,,2.0,StatikkShiv,StatikkShiv,StatikkShiv,,,,,,,,,,,,,,,,,,,,,1.0,,,,,,,,,,,,2.0,ArchangelsStaff,StatikkShiv,ArchangelsStaff,,,,,,,,,,,,,2.0,,,,,,,,,,,,,,,,,,,,,,,,2.0,IonicSpark,NegatronCloak,Quicksilver,,,,,,,,,,,,,,,,,3.0,TrainerSnax,None,None,,,,,,,,,,,,,,,,,,,,,,,,,1.0,,,,,,,,,,,
3,EUW1_5971721096,TFT7_Augment_AssassinEmblem,TFT7_Augment_AssassinTrait,TFT6_Augment_ThrillOfTheHunt2,2.0,,,0.0,,,1.0,,0.0,,,2.0,0.0,,,0.0,,,0.0,1.0,,,,,1.0,,,,,,,,2.0,,,,,,,,,,,,,,,,,,,,,,,,,,,,2.0,FrozenHeart,RabadonsDeathcap,RedBuff,,,,,,,,,2.0,AssassinEmblemItem,InfinityEdge,HextechGunblade,,,,,,,,,,,,,2.0,,,,,,,,,,,,,,,,,,,,,,,,,,,,,,,,,,,,,,,,,,,,,,,,2.0,PowerGauntlet,,,,,,,,,,,,,,,2.0,Shroud,,,,,,,2.0,SeraphsEmbrace,Deathblade,,,,,,,,,,,,,,,,,,,,,,,,,,,,,,,,,,,,,,,,,,,,,,,,,,,,,,,,,,,,,,,,None,None,,,,,,,,,,,,,,,,,,,,,,,,,,,,,,,,,,,,
1,EUW1_5971721096,TFT7_Augment_CannoneerEmblem,TFT7_Augment_ShimmerscaleEmblem,TFT6_Augment_Ascension,1.0,,1.0,,1.0,,1.0,0.0,0.0,1.0,1.0,,,,0.0,1.0,0.0,0.0,,,2.0,,,,,0.0,0.0,1.0,,,,,,,,,,,,,,,,,,,,,2.0,FrozenHeart,,,,,,,2.0,ShimmerscaleDravensAxe,Deathblade,HextechGunblade,,,,,,,,,2.0,DragonsClaw,TitansResolve,TitanicHydra,,,,,,,,,,,,,,,,,,,,,,,,,,,,,,,,,,,,,,,,,1.0,,,,,,,,,,,,,,,,2.0,CannoneerEmblemItem,BFSword,,,,,,,,,,,,,,,,,,,,,,,,,,2.0,IonicSpark,ArchangelsStaff,Bloodthirster,,,,,,,,,,,,,,,,,,,,,,,,,,,,,,,,,,,,,,,,,,,,,,,,,,,,,,,,,,,,,2.0,ShimmerscaleEmblemItem,Zephyr,,,,None,None,,,,,,,,,,,,,,,,,,,,,,,,,2.0,MadredsBloodrazor,UnstableConcoction,ShimmerscaleDiamondHands,,,,,,,,
5,EUW1_5971721096,TFT7_Augment_SwiftshotPressTheAttack,TFT6_Augment_PandorasItems,TFT6_Augment_ComponentGrabBag,1.0,,,1.0,,1.0,,,,,3.0,,0.0,,,,1.0,,,,,,,1.0,1.0,,0.0,,,,,,,,,,,,,,,,,,,,,,,,,,,,,,,,,,,,,,,,,,,,,,,,,,,,,,,,,,,,,,,,,,2.0,LocketOfTheIronSolari,BrambleVest,GiantsBelt,,,,,,,,,,,,,,,,,,,,,,,,,,,,,,,,,,,,,,,,,,,,,,,,,,,,,,,,,1.0,,,,,,,,2.0,FrozenHeart,,,,,,,2.0,,,,,,,,,,,,2.0,ThiefsGloves,GiantsBelt,RedBuff,,,,,,,,,,,,,,,,,,,,,,,,,,,,,2.0,InfinityEdge,RedBuff,FrozenHeart,,,,,,,,,,,None,None,,,,,2.0,,,,,,,,,,,,,,,,2.0,Deathblade,RunaansHurricane,GuinsoosRageblade,,,,,,,,,,,,
3,EUW1_5971760092,TFT6_Augment_Electrocharge2,TFT6_Augment_Distancing,TFT7_Augment_DragonAlliance,,,,1.0,,0.0,2.0,,,1.0,,,0.0,,3.0,,,,,,,,,,0.0,,,2.0,,,,,,,,,,,,,,,,,,,,,,,,,,,,,,,,,,,,,2.0,ArchangelsStaff,JeweledGauntlet,InfinityEdge,,,,,,,,,2.0,UnstableConcoction,RunaansHurricane,MirageEmblemItem,,,,,,,,,,,,,,,,,,,,,,,,,,,,,,,,,,,,,,,,,3.0,RedBuff,,,,,,,,,,,,,,,,,,,,,,,2.0,Chalice,,,,,,,2.0,LocketOfTheIronSolari,Morellonomicon,,,,,,,,,,,,,,,,,,,,,,,,,,,,,,,,,,,,,,,,,,,,,,,,,,,,,,,,,,,,,,,,,,2.0,,,,,,None,None,,,,,,,,,,,,,,,,,,,,,,,,,,,,,,,,,,,,
1,EUW1_5971760092,TFT7_Augment_ClutteredMind,TFT7_Augment_LategameSpecialist,TFT6_Augment_ThrillOfTheHunt2,,,1.0,1.0,,,1.0,,0.0,,1.0,0.0,0.0,1.0,,1.0,,,,,0.0,1.0,1.0,,2.0,1.0,,0.0,,,,,,,,,2.0,ArchangelsStaff,SpearOfShojin,MadredsBloodrazor,,,,,,,,,2.0,,,,,,,,,,,,,,,,,,,,,,,,,,,,,,,,,,,,,,,,,,,,,,,,2.0,,,,,,,,,,,,,,,,,,,,,,,,,,,,,,,,2.0,Chalice,Chalice,ZekesHerald,,,,,,,,,,,,,,,,,,,,,2.0,WarmogsArmor,RedBuff,WarmogsArmor,,,,,,,,,,,,,,,,,,,,,,,,,,,,,,,,,,,,,,,,,2.0,,,,,,,,2.0,ThiefsGloves,GuinsoosRageblade,MadredsBloodrazor,,,,,,,,,,,,,,,,,4.0,TrainerSnax,None,None,,,,,,,,,,,,,,,,,,,,,,,,,,,,,,,,,2.0,,,
4,EUW1_5971760092,TFT7_Augment_GadgetExpert,TFT6_Augment_Recombobulator,TFT7_Augment_FirstAidKit2,,0.0,1.0,1.0,,0.0,1.0,0.0,,,1.0,,0.0,0.0,3.0,0.0,,,,,0.0,1.0,,,0.0,,1.0,,,,,,,,,,,,,,,,,,,,,,1.0,,,,,,,,,,,,,,,,2.0,Morellonomicon,StatikkShiv,StatikkShiv,,,,,,,,,,,,,,,,,,,,,,,,,,,,,,,,,1.0,,,,,,,,,,,,,,,,,,,,,,,,,,,,,,,,,,,,,,,,,,,,2.0,Quicksilver,MadredsBloodrazor,BrambleVest,,,,,1.0,GargoyleStoneplate,,,,,,,,,,,,,,,,,,,,,,,,,,,,,,,,,,,,,,,,,,,,,,,,,,,,,,,,,,,,,,,,,,,,,,,,,None,None,,,,,,,,,,,,,,,,,,,,,,,,,2.0,Deathblade,GuardianAngel,Bloodthirster,2.0,,,,1.0,,,
6,EUW1_5971760092,TFT7_Augment_CannoneerHotShot,TFT6_Augment_SecondWind1,TFT6_Augment_CelestialBlessing2,,,,1.0,0.0,,1.0,,1.0,,,,,1.0,,0.0,,1.0,,,0.0,1.0,,,,1.0,,2.0,,,,,,,,,,,,,,,,,,,,,,,,,,,,,2.0,UnstableConcoction,InfinityEdge,GuinsoosRageblade,,,,,,,,,,,,,,,,,2.0,FrozenHeart,WarmogsArmor,BrambleVest,,,,,,,,,,,,,,,,,1.0,,,,,,,,,,,,,,,,,,,,,,,,,,,,,,,,2.0,ZekesHerald,,,,,,,,,,,,,,,,,,,,,,,,,,,,,,,,,,,,,,,,,,,,,,,,,,,,,,,,,,,,,,,1.0,,,,,,,,,,,,2.0,Morellonomicon,,,,,,,,,,,,,,,,,,,3.0,TrainerSnax,None,None,,,,,,,,,,,,,,,,,,,,,,,,,,,,,,,,,1.0,,,
2,EUW1_5971760092,TFT6_Augment_HyperRoll,TFT6_Augment_PandorasItems,TFT7_Augment_ShapeshifterBeastsDen,,0.0,,,,,1.0,0.0,,,,1.0,,,,,1.0,,,3.0,,,1.0,,,,,0.0,,,,,,,,,,,,,,,,,,,,,,,,,,,,,,,,,,,,,,,,,,,,,,,,,,,,,2.0,,,,,,,,2.0,Shroud,,,,,,,,,,,,,,,,,,,,,,,,,,,,,,,,,,,,,,,,,,,,,,,2.0,GargoyleStoneplate,RedBuff,DragonsClaw,3.0,Deathblade,Quicksilver,GuinsoosRageblade,,,,,,,,,,,,,,,,,,,,,,,,,,,,,,,,,,,,,,,,,2.0,TitanicHydra,FrozenHeart,Zephyr,,,,,,,,,1.0,,,,2.0,,,,,,,,,,,,,,,,,,,,,,,,,,None,None,,,,,,,,,,,,,,,,,,,,,,,,,,,,,,,,,,,,
5,EUW1_5971760092,TFT6_Augment_MakeshiftArmor2,TFT6_Augment_Distancing,TFT7_Augment_DragonAlliance,,,,,,1.0,2.0,,,1.0,,,,,3.0,,0.0,,,,1.0,,,,,,0.0,,,,,,,,,,,,,,,,,,,,,,,,,,,,,,,,,,,,,,2.0,MadredsBloodrazor,ArchangelsStaff,GuinsoosRageblade,2.0,ShimmerscaleMogulsMail,FrozenHeart,RedBuff,,,,,,,,,,,,,,,,,,,,,2.0,UnstableConcoction,InfinityEdge,MadredsBloodrazor,,,,,,,,,,,,,,,,,,,,,,,,,2.0,,,,,,,,,,,,,,,,,,,,,,,,2.0,,,,,,,,,,,,,,,,,,,,,,,,,,,,,,,,,,,,,,,,,,,,,,,,,,,,,,,,,,,,,,,,,,,,,,,,,,,,,,,,,,None,None,,,,,,,,,,,,,,,,,,,,,,,,,,,,,1.0,,,,,,,
7,EUW1_5971760092,TFT6_Augment_TrueTwos,TFT7_Augment_BestFriends1,TFT6_Augment_CelestialBlessing2,,,,,,1.0,1.0,,0.0,0.0,1.0,0.0,,,3.0,0.0,,,,,,,1.0,,,0.0,0.0,,,,,,,,,,,,,,,,,,,,,,,,,,,,,,,,,,,,,,2.0,GuinsoosRageblade,ArchangelsStaff,,,,,,,,,,,,,,,,,,,,,,,,,,,,,,,,,,,,,,,,,,,,,,,,,,,,,,1.0,Shroud,,,,,,,2.0,,,,,,,,,,,,,,,,2.0,RedBuff,DragonsClaw,,,,,,,,,,,,,,,,,,,,,,2.0,,,,,,,,,,,,,,,,,,,,,,,,,,,,2.0,,,,,,,,,,,,,,,,,,,,,,,,,,,,,,None,None,,,,,,,,,,,,,,,,,,,,,,,,,,,,,2.0,,,,,,,
8,EUW1_5971760092,TFT7_Augment_GuildEmblem,TFT6_Augment_ThrillOfTheHunt1,TFT6_Augment_Diversify2,1.0,,,1.0,,1.0,,,,,4.0,,0.0,,,,1.0,,,,,,,1.0,1.0,,0.0,,,,,,,,,,,,,,,,,,,,,,,,,,,,,,,,,,,,,,,,,,,,,,,,,,,,,,,,,,,,,,,,,,1.0,,,,,,,,,,,,,,,,,,,,,,,,,,,,,,,,,,,,,,,,,,,,,,,,,,,,,,,,,,,,1.0,TearOfTheGoddess,GargoyleStoneplate,,,,,,2.0,,,,,,,,2.0,,,,,,,,,,,,2.0,,,,,,,,,,,,,,,,,,,,,,,,,,,,,,,,2.0,LocketOfTheIronSolari,HextechGunblade,,,,,,,,,,,,None,None,,,,,2.0,,,,,,,,,,,,,,,,1.0,Quicksilver,MadredsBloodrazor,GuildEmblemItem,,,,,,,,,,,,
5,EUW1_5971616542,TFT7_Augment_MysticTrait,TFT6_Augment_CelestialBlessing2,TFT6_Augment_SalvageBin,,0.0,,0.0,,,,,1.0,,1.0,0.0,,3.0,,2.0,,0.0,,,0.0,1.0,1.0,,,1.0,,0.0,,,,,,,,,,,,,,,,,,,,,,,,,,,,,,,,,,,,,,,,,,,,,,,,,,,,,,,,,,,,,,,,,,,,,2.0,,,,,,,,,,,,,,,,,,,,,,,,,,,,,,,,2.0,MageEmblemItem,FrozenHeart,,3.0,ThiefsGloves,Bloodthirster,DragonsClaw,,,,,,,,,,,,,,,,,,,,,,,,,,,,,2.0,ArchangelsStaff,RapidFireCannon,SpearOfShojin,,,,,,,,,,,,,,,,,,,,,,,,,2.0,MageEmblemItem,ArchangelsStaff,,1.0,,,,,,,,2.0,RedBuff,WarmogsArmor,DragonsClaw,,,,,,,,,,,,,,,,,2.0,TrainerSnax,None,None,,,,,,,,,,,,,,,,,,,,,,,,,,,,,,,,,1.0,,,
2,EUW1_5971616542,TFT6_Augment_CyberneticImplants1,TFT6_Augment_Ascension,TFT6_Augment_CelestialBlessing2,,,1.0,,0.0,,1.0,,1.0,,1.0,2.0,0.0,0.0,,2.0,,,,1.0,,,,,,2.0,,,,,,,2.0,RabadonsDeathcap,SpearOfShojin,,,,,,,,,,,,,,1.0,,,,,,,,,,,,,,,,,,,,,,,,2.0,MadredsBloodrazor,Bloodthirster,Quicksilver,,,,,,,,,,,,,2.0,ZekesHerald,,,,,,,2.0,,,,,,,,,,,,,,,,,,,,,,,,,,,,,,,,2.0,,,,,,,,2.0,TitansResolve,WarmogsArmor,Quicksilver,,,,,,,,,,,,,,,,,,,,,,,,,,,,,,,,,,,,,,,,,,,,,,,,,,,,,,,,,,,,,,,,,,,,,,,,,,,,,,,,,,,,,3.0,TrainerSnax,None,None,1.0,,,,,,,,,,,,,,,,,,,,,,,,,,,,,,,,,,,
1,EUW1_5971616542,TFT6_Augment_ItemGrabBag1,TFT7_Augment_DragonHorde,TFT7_Augment_BestFriends2,,,,1.0,,,2.0,,,1.0,,0.0,0.0,,,,,,,,1.0,,1.0,,2.0,,,2.0,,,,,,,,,2.0,ArchangelsStaff,SpearOfShojin,GuinsoosRageblade,,,,,,,,,,,,,,,,,,,,,,,,,,,,,2.0,GargoyleStoneplate,TitanicHydra,ShimmerscaleMogulsMail,,,,,2.0,Deathblade,Quicksilver,UnstableConcoction,,,,,,,,,,,,,,,,,,,,,,,,,,,,,,,,,,,,,,,,,,,,,,,,,,,,,,,,,,,,,,,,,,,,,,,,,2.0,ArchangelsStaff,JeweledGauntlet,GuardianAngel,,,,,,,,,,,,,,,,,,,,,,,,,,,,,,,,,,,,,,,,,2.0,,,,,,,,,,,,,,,,,,,,,,,,2.0,,,,,,None,None,,,,,,,,,,,,,,,,,,,,,,,,,,,,,,,,,,,,
8,EUW1_5971616542,TFT6_Augment_CyberneticShell1,TFT7_Augment_DragonHorde,TFT7_Augment_RagewingTantrum,,,,1.0,,0.0,2.0,,,,,,,,,,2.0,,,1.0,,,,0.0,,,0.0,2.0,,,,,,,,,,,,,,,,,,,,,,,,,,,,,,,,,,,,,,,,,,,,,,,,,2.0,GuinsoosRageblade,Bloodthirster,InfinityEdge,1.0,,,,,,,,,,,,2.0,SeraphsEmbrace,,,,,,,,,,,,,,,,,,,,,,,,,,,,,,,,,,,,,,,,,,,,,,,,,,,,,,,,,,,,,,,,,,,,,,,,,,,,,,,,,,,,,,,2.0,Chalice,,,1.0,WarmogsArmor,,,,,,,,,,,,,,,,,,,,,,,,,,,,,,,,,,,,,,,,,None,None,,,,,,,,,,,,,,,,,,,,,2.0,RunaansHurricane,MadredsBloodrazor,,,,,,,,,,,,,
7,EUW1_5971616542,TFT7_Augment_BruiserTrait,TFT7_Augment_BruiserTitanicStrength,TFT7_Augment_BigFriend2,1.0,0.0,,3.0,,,1.0,,,,,,0.0,0.0,,,0.0,,,,,,,,1.0,,0.0,2.0,,,,,,,,,,,,,,,,,,,,,,,,,,,,,,,,,,,,,,,,,,,,,,,,,1.0,MadredsBloodrazor,InfinityEdge,MadredsBloodrazor,,,,,,,,,,,,,,,,,,,,,2.0,,,,,,,,,,,,,,,,,,,,,,,,,,,,,,,,,,,,,,,,,,,,,,,,,,,,1.0,,,,1.0,HextechGunblade,RecurveBow,UnstableConcoction,2.0,,,,,,,,,,,,,,,,,,,,2.0,Redemption,,,,,,,,,,,,,,,,,,,,,,,2.0,,,,,,,,,,,,,,,,,,,,,,None,None,,,,,,,,,,,,,,,,,,,,,,,,,,,,,,,,,,,,
3,EUW1_5971616542,TFT6_Augment_ItemGrabBag1,TFT6_Augment_SecondWind2,TFT6_Augment_ComponentGrabBag,,,1.0,,1.0,,1.0,,1.0,1.0,1.0,,,,,1.0,,1.0,,,1.0,,,,,1.0,,0.0,,,,,,,,,,,,,,,,,,,,,1.0,WarmogsArmor,,,,,,,2.0,GuinsoosRageblade,InfinityEdge,UnstableConcoction,,,,,,,,,2.0,ShimmerscaleMogulsMail,RedBuff,BrambleVest,,,,,,,,,,,,,,,,,,,,,,,,,,,,,,,,,,,,,,,,,,,,,,,,,,,,,,,,,2.0,,,,,,,,,,,,,,,,,,,,,,,,,,,,,,,,,,,,,,,,,,,,,,,,,,,,,,,,,,,,,,,,2.0,JeweledGauntlet,HextechGunblade,IonicSpark,,,,,,,,,,,,,,,,,,,,,,,,,2.0,TitanicHydra,GiantsBelt,Redemption,4.0,TrainerSnax,None,None,2.0,ThiefsGloves,WarmogsArmor,GargoyleStoneplate,,,,,,,,,,,,,,,,,,,,,,,,,,,,,,,,
4,EUW1_5971616542,TFT6_Augment_Featherweights1,TFT7_Augment_ClutteredMind,TFT6_Augment_Ascension,,0.0,,,,,1.0,0.0,,,,1.0,,,,,1.0,,,3.0,,,1.0,,,,,0.0,,,,,,,,,,,,,,,,,,,,,,,,,,,,,,,,,,,,,,,,,,,,,,,,,,,,,2.0,,,,,,,,2.0,,,,,,,,,,,,,,,,,,,,,,,,,,,,,,,,,,,,,,,,,,,,,,,,2.0,RedBuff,TitanicHydra,Redemption,3.0,Deathblade,GuinsoosRageblade,Quicksilver,,,,,,,,,,,,,,,,,,,,,,,,,,,,,,,,,,,,,,,,,1.0,Bloodthirster,TitansResolve,FrozenHeart,,,,,,,,,1.0,,,,2.0,,,,,,,,,,,,,,,,,,,,,,,,,,None,None,,,,,,,,,,,,,,,,,,,,,,,,,,,,,,,,,,,,
6,EUW1_5971616542,TFT6_Augment_TinyTitans,TFT6_Augment_ComponentGrabBag,TFT7_Augment_DragonmancerInspire,,,,0.0,,2.0,,1.0,0.0,,,1.0,1.0,0.0,0.0,,,,0.0,,0.0,,1.0,0.0,1.0,,,,,,,,2.0,ThiefsGloves,Quicksilver,RabadonsDeathcap,,,,,2.0,,,,,,,,,,,,,,,,,,,,,,,,,,,,,,,,,,,,,,,,,,,,,,,,,,,,,,,,,,,,,,,,,,,,,,,,,,,,2.0,,,,,,,,1.0,,,,,,,,,,,,,,,,,,,,2.0,RabadonsDeathcap,ZekesHerald,,,,,,1.0,CavalierEmblemItem,RedBuff,FrozenHeart,,,,,,,,,,,,,,,,,,,,,,,,,,,,,,,,,,,,,,,,,1.0,SpearOfShojin,StatikkShiv,,,,,,,,,,,,,,,,,,,,,,,,,,,,None,None,,,,,,,,,,,,,,,,,3.0,GuinsoosRageblade,MadredsBloodrazor,Quicksilver,,,,,,,,,,,,,,,,
1,EUW1_5973106530,TFT6_Augment_CyberneticShell1,TFT7_Augment_MirageHallucinate,TFT6_Augment_CelestialBlessing2,1.0,,1.0,,,4.0,1.0,,,,3.0,,,0.0,2.0,0.0,0.0,,0.0,,,,,,,,,,,,,,,,,,,,,,,,,,,,,,2.0,CavalierEmblemItem,Zephyr,,,,,,,,,,,,,,2.0,ArchangelsStaff,ArchangelsStaff,Bloodthirster,,,,,,,,,,,,,,,,,,,,,,,,,1.0,,,,,,,,,,,,,,,,,,,,,,,,,,,,,,,,2.0,AssassinEmblemItem,FrozenHeart,,,,,,,,,,,,,,,,,,3.0,RedBuff,TitansResolve,UnstableConcoction,,,,,,,,,,,,,,,,,,,,,2.0,,,,,,,,,,,,,,,,,,,,,,,,,,,,,,,,,,,,,,,,,,,,2.0,ThiefsGloves,WarmogsArmor,GargoyleStoneplate,,,,,,,,,,,None,None,,,,,,,,,,,,,,,,,,,,,,,,,,,,,,,,,,,,
8,EUW1_5973106530,TFT7_Augment_GuildTrait,TFT7_Augment_BruiserEmblem,TFT6_Augment_MakeshiftArmor2,,1.0,,2.0,,0.0,,,,,2.0,,,1.0,,0.0,0.0,,0.0,,,,,1.0,,,0.0,0.0,,,,,,,,,,,,,,,,,,,,,,,,,,,,,,,,,,,,,,,,,,,,,,,,,,,,,,,,,,,,,,,,,,,,,,,,,2.0,,,,,,,,,,,,,,,,,,,,,,,,1.0,,,,,,,,3.0,BruiserEmblemItem,ArchangelsStaff,,,,,,,,,,,,,,,,,,,,,,,,,,,,,,,,,,,,,,,,,,,,,,2.0,,,,,,,,,,,,,,,,,,,,,,,,2.0,WarmogsArmor,,,,,,,,,,,,,,,,,,,,,None,None,,,,,2.0,,,,3.0,GuinsoosRageblade,Deathblade,RunaansHurricane,,,,,,,,,,,,,,,,,,,,,,,,
2,EUW1_5973106530,TFT6_Augment_Twins1,TFT6_Augment_ComponentGrabBag,TFT7_Augment_BestFriends2,0.0,0.0,1.0,1.0,,,,0.0,,,1.0,,,1.0,0.0,0.0,,,,,0.0,1.0,,1.0,,,0.0,1.0,,,,,,,,,,,,,,,,,,,,,1.0,PowerGauntlet,,,,,,,,,,,,,,,,,,,,,,,,,,,,,,,,,,,,,,,,,,,,,,,,,,,3.0,BrambleVest,RedBuff,Redemption,,,,,,,,,,,,,,,,,,,,,,,,,,,,,,,,,,,,,,,,,,,,,,,,,,,,,2.0,,,,,,,,,,,,,,,,,,,,,,,,,,,,,,,,,,,,,,,,,,,,,,,,2.0,,,,,,,,,,,,,,,,,,,,,,None,None,,,,,,,,,2.0,RunaansHurricane,RunaansHurricane,GuinsoosRageblade,,,,,,,,,,,,,1.0,SwiftshotEmblemItem,MageEmblemItem,,,,,,2.0,,,
7,EUW1_5973106530,TFT6_Augment_CelestialBlessing1,TFT6_Augment_SalvageBin,TFT6_Augment_Ascension,0.0,,,0.0,,0.0,,1.0,,,,0.0,,,,,2.0,,,1.0,0.0,,,,0.0,,0.0,,,,,,,,,,,,,,,,,,,,,,,,,,,,,,,,,,,,,,,,,,,,,,,,,,,,,,,,,,,,,,,,,,2.0,,,,,,,,,,,,,,,,,,,,2.0,,,,2.0,RagewingEmblemItem,UnstableConcoction,,,,,,,,,,,,,,,,,,2.0,RedBuff,WarmogsArmor,GargoyleStoneplate,,,,,,,,,,,,,,,,,,,,,,,,,,,,,,,,,,,,,3.0,Quicksilver,GuinsoosRageblade,MadredsBloodrazor,2.0,,,,,,,,,,,,,,,,,,,,2.0,,,,,,,,,,,,,,,,,,,,,,,,,,None,None,,,,,,,,,,,,,,,,,,,,,,,,,,,,,,,,,,,,
4,EUW1_5973106530,TFT7_Augment_ShapeshifterTrait,TFT6_Augment_PortableForge,TFT6_Augment_SecondWind2,,0.0,,,,,1.0,0.0,,,,2.0,,,,0.0,0.0,,,3.0,,,1.0,,,,,0.0,,,,,,,,,,,,,,,,,,,,,,,,,,,,,,,,,,,,,,,,,,,,,2.0,Bloodthirster,Deathblade,TitansResolve,,,,,2.0,RecurveBow,GuardianAngel,,,,,,2.0,,,,,,,,,,,,,,,,,,,,,,,,,,,,,,,,,,,,,,,,,,,,,,,,2.0,WarmogsArmor,RedBuff,,3.0,InfinityEdge,OrnnObsidianCleaver,GuinsoosRageblade,,,,,,,,,,,,,,,,,,,,,,,,,,,,,,,,,,,,,,,,,,,,,,,,,,,,,1.0,Chalice,,,1.0,,,,,,,,,,,,,,,,,,,,,,,,,,None,None,,,,,,,,,,,,,,,,,,,,,,,,,,,,,,,,,,,,
3,EUW1_5973106530,TFT6_Augment_TinyTitans,TFT7_Augment_BestFriends2,TFT6_Augment_SecondWind2,1.0,,1.0,1.0,,0.0,,0.0,,,3.0,,0.0,,1.0,0.0,1.0,,,,,,,1.0,1.0,,1.0,,,,,,,,,,,,,,,,,,,,,,1.0,,,,,,,,,,,,,,,,,,,,,,,,,,,,,,,,,,,,,,,,,,,,2.0,LocketOfTheIronSolari,,,,,,,,,,,,,,,,,,,,,,,,,,,,,,,,,,,,,,,,,,,,,,,,,,,,,,,,,,,2.0,,,,,,,,2.0,MirageEmblemItem,FrozenHeart,Chalice,,,,,,,,,,,,,,,,,2.0,,,,,,,,,,,,,,,,,,,,,,,,,,,,,,,,2.0,Deathblade,UnstableConcoction,UnstableConcoction,,,,,,,,,,,None,None,,,,,2.0,,,,,,,,,,,,,,,,2.0,GuinsoosRageblade,UnstableConcoction,RunaansHurricane,2.0,RedBuff,ArchangelsStaff,,,,,,,,,
6,EUW1_5973106530,TFT7_Augment_AFK,TFT6_Augment_RichGetRicherPlus,TFT6_Augment_SecondWind2,2.0,,,2.0,,,,,,,1.0,,0.0,0.0,,,0.0,,1.0,,,,,0.0,1.0,,1.0,1.0,,,,,,,,,,,,,,,,,,,,,,,,,,,,,,,,,2.0,ThiefsGloves,Shroud,JeweledGauntlet,,,,,,,,,,,,,,,,,,,,,,,,,,,,,,,,,,,,,,,,,,,,,,,,,,,,,,,,,,,,,,,,,,,,,,,,,,,,,,,,,,,,,3.0,Quicksilver,InfinityEdge,AssassinEmblemItem,1.0,Redemption,,,1.0,TitansResolve,GuardianAngel,,2.0,,,,,,,,,,,,,,,,,,,,2.0,,,,,,,,,,,,,,,,,,,,,,,,2.0,,,,,,,,,,,,,,,,,,,,,,None,None,,,,,1.0,,,,,,,,,,,,,,,,,,,,,,,,,,,,,,,
5,EUW1_5973106530,TFT6_Augment_Weakspot,TFT6_Augment_Ascension,TFT7_Augment_GadgetExpert,,,,0.0,,1.0,,1.0,0.0,,,1.0,1.0,,0.0,,0.0,,,0.0,0.0,,,0.0,1.0,,,,,,,,2.0,StatikkShiv,MadredsBloodrazor,,,,,,2.0,,,,,,,,,,,,,,,,,,,,,,,,,,,,,,,,,,,,,,,,,,,,,,,,,,,,1.0,,,,,,,,,,,,,,,,,,,,,,,,2.0,,,,,,,,,,,,,,,,,,,,2.0,GargoyleStoneplate,Redemption,BrambleVest,,,,,2.0,Chalice,,,,,,,1.0,ThiefsGloves,Redemption,Redemption,,,,,,,,,,,,,,,,,,,,,,,,,,,,,,,,,,,,,,,,,,,,,,,,,,,,,,,,,,,,,,,,,,,,,,,None,None,,,,,,,,,,,,,,,,,2.0,Bloodthirster,GuinsoosRageblade,Quicksilver,,,,,,,,,,,,,,,,
1,EUW1_5971042946,TFT6_Augment_Distancing,TFT7_Augment_ThinkFast,TFT7_Augment_CannoneerTrait,1.0,,1.0,,1.0,,1.0,0.0,0.0,1.0,2.0,,,,0.0,1.0,,,,,1.0,,,,,1.0,0.0,1.0,,,,,,,,,,,,,,,,,,,,,2.0,Morellonomicon,Chalice,,,,,,,,,,,,,,,,,,2.0,BrambleVest,RedBuff,WarmogsArmor,,,,,,,,,,,,,,,,,,,,,,,,,,,,,,,,,,,,,,,,,,,,,,,,,,,,,,,,,2.0,,,,,,,,,,,,,,,,,,,,,,,,,,,,2.0,ThiefsGloves,,,,,,,,,,,,,,,,,,,,,,,,,,,,,,,,,,,,,,,,,,,,,,,,,,,,,,,2.0,ShimmerscaleGamblersBlade,GargoyleStoneplate,,,,,,2.0,,,,3.0,TrainerSnax,None,None,2.0,,,,,,,,,,,,,,,,,,,,,,,,2.0,TitansResolve,Deathblade,GuinsoosRageblade,,,,,,,,
3,EUW1_5971042946,TFT6_Augment_ItemGrabBag1,TFT7_Augment_UrfsGrabBag2,TFT6_Augment_CyberneticImplants1,2.0,0.0,,2.0,,,1.0,,,,1.0,,0.0,0.0,,,,,0.0,,,,,,1.0,,,2.0,,,,,,,,,,,,,,,,,,,,,,,,,,,,,,,,,2.0,IonicSpark,RedBuff,GuinsoosRageblade,,,,,,,,,,,,,2.0,AssassinEmblemItem,GuinsoosRageblade,UnstableConcoction,,,,,,,,,,,,,,,,,,,,,1.0,,,,,,,,,,,,,,,,,,,,,,,,,,,,,,,,,,,,,,,,,,,,,,,,,,,,1.0,NegatronCloak,WarmogsArmor,,,,,,2.0,,,,,,,,,,,,,,,,,,,,,,,,,,,,,,,,,,,,,,,,,,,,2.0,Zephyr,,,,,,,1.0,GuardianAngel,MadredsBloodrazor,UnstableConcoction,,,,,,,,,,,None,None,,,,,,,,,,,,,,,,,,,,,,,,,,,,,,,,,,,,
2,EUW1_5971042946,TFT6_Augment_SecondWind1,TFT6_Augment_ForceOfNature,TFT6_Augment_CyberneticImplants1,1.0,,1.0,1.0,,1.0,,,0.0,,4.0,,0.0,,,1.0,1.0,,,,,,,1.0,1.0,0.0,0.0,,,,,,,,,,,,,,,,,,,,,,1.0,SpearOfShojin,,,,,,,,,,,,,,,,,,,,,,,,,,,,,,,,,,,,,,,,,,,2.0,GiantsBelt,Morellonomicon,WarmogsArmor,,,,,,,,,,,,,,,,,,,,,,,,,,,,,,,,,1.0,,,,,,,,,,,,,,,,,,,,,,,,2.0,GiantsBelt,,,,,,,1.0,,,,,,,,2.0,,,,,,,,,,,,2.0,Redemption,,,,,,,,,,,,,,,,,,,,,,,,,,,,,,,2.0,InfinityEdge,MadredsBloodrazor,,,,,,,,,,,,None,None,,,,,2.0,,,,,,,,,,,,,,,,2.0,GuinsoosRageblade,MadredsBloodrazor,UnstableConcoction,,,,,,,,,,,,
4,EUW1_5971042946,TFT7_Augment_GuildTrait,TFT6_Augment_MaxLevel10,TFT6_Augment_ThrillOfTheHunt1,0.0,,,2.0,,,1.0,,,,1.0,0.0,0.0,0.0,,,0.0,,,1.0,,,,,0.0,,0.0,3.0,,,,,,,,,,,,,,,,,,,,,,,,,,,,,,,,,,,,,,,,,,,,,,,,,2.0,Bloodthirster,TitansResolve,TitansResolve,2.0,ArchangelsStaff,,,,,,,,,,,,,,,,,,,,,,,,,,,,,,,,,,,,,,,,,,,,,,,,,,,,,,,2.0,,,,,,,,,,,,,,,,1.0,TearOfTheGoddess,,,1.0,IonicSpark,StatikkShiv,LastWhisper,,,,,,,,,,,,,,,,,,,,,2.0,GargoyleStoneplate,,,,,,,,,,,,,,,,,,,,,,,2.0,,,,,,,,,,,,,,,,,,,,,,None,None,,,,,,,,,,,,,,,,,,,,,,,,,,,,,,,,,,,,
5,EUW1_5971042946,TFT7_Augment_AstralTrait,TFT7_Augment_ThinkFast,TFT6_Augment_SecondWind1,1.0,1.0,,1.0,,,,,,,2.0,,0.0,0.0,,0.0,,,,,,,,1.0,1.0,,,,,,,,,,,,,,,,,,,,,,,,,,,,,,,,,,,,,,,,,,,,,,,,,,,,,,,,,,,,,,,,,,,,,,,,,,,,3.0,Redemption,GargoyleStoneplate,Shroud,,,,,,,,,,,,,,,,,,,,,,,,,,,,,3.0,ThiefsGloves,RunaansHurricane,ArchangelsStaff,,,,,,,,,,,,,,,,,2.0,,,,,,,,2.0,IonicSpark,,,,,,,,,,,,,,,,,,,,,,,,,,,,,,,,,,,,,,,,,,,,,,,,,,,1.0,,,,,,,,,,,,,,None,None,,,,,2.0,,,,3.0,RunaansHurricane,GuinsoosRageblade,Deathblade,,,,,,,,,,,,,,,,,,,,,,,,
6,EUW1_5971042946,TFT6_Augment_SecondWind1,TFT6_Augment_MakeshiftArmor3,TFT6_Augment_PandorasItems,0.0,,,1.0,,0.0,1.0,0.0,,,,0.0,0.0,0.0,,,,,0.0,0.0,,,,,1.0,,,2.0,,,,,,,,,,,,,,,,,,,,,,,,,,,,,,,,,,,,,,,,,,,,,,,,,2.0,GuinsoosRageblade,TitansResolve,,,,,,,,,,,,,,,,,,,,,,,,,,,,,,,,,,,,,,1.0,SpearOfShojin,SpearOfShojin,,,,,,2.0,,,,,,,,,,,,1.0,HextechGunblade,,,,,,,,,,,,,,,1.0,,,,,,,,1.0,,,,,,,,,,,,,,,,,,,,,,,,,,,,,,,,,,,,,,,,,,,,2.0,RedBuff,,,,,,,,,,,,,,,,,,,,,None,None,,,,,,,,,,,,,,,,,,,,,,,,,,,,,,,,,,,,
7,EUW1_5971042946,TFT7_Augment_MysticTrait,TFT6_Augment_WindfallPlus,TFT6_Augment_SecondWind1,,,,,1.0,,,,0.0,1.0,,,,0.0,,1.0,,0.0,0.0,,,,,,,2.0,,0.0,,,,,,,,,,,,,,,,,,,,,,,,,3.0,RedBuff,TitansResolve,GargoyleStoneplate,,,,,,,,,,,,,,,,,,,,,,,,,,,,,,,,,,,,,,,,,2.0,,,,,,,,3.0,UnstableConcoction,,,,,,,,,,,,,,,,,,,,,,,2.0,,,,,,,,,,,,,,,,,,,,,,,,,,,,,,,,,,,,,,,,,,,,,,,,,,,,,,,,,,,,,,,,,,,,,,,,,,,,,,,,,,,,,,,,,,,,2.0,,,,4.0,TrainerSnax,None,None,2.0,GuinsoosRageblade,UnstableConcoction,Quicksilver,,,,,,,,,,,,,,,,,,,,,,,,,,,,,,,,
8,EUW1_5971042946,TFT6_Augment_FirstAidKit,TFT6_Augment_ThriftShop,TFT7_Augment_MysticTrait,,1.0,,1.0,,,,,0.0,,1.0,,,2.0,,2.0,,,,,,,,,,1.0,,0.0,,,,,,,,,,,,,,,,,,,,,,,,,,,,,,,,,,,,,,,,,,,,,,,,,,,,,,,,,,,,,,,,,,,,,2.0,,,,2.0,GargoyleStoneplate,GiantsBelt,,,,,,,,,,,,,,,,,,,,,,,,,,2.0,MageEmblemItem,,,3.0,StatikkShiv,HextechGunblade,,,,,,,,,,,,,,,,,,,,,,,,,,,,,,2.0,,,,,,,,,,,,,,,,,,,,,,,,,,,,,,,,,,,,,,,,1.0,,,,,,,,,,,,,,,,,,,,1.0,TrainerSnax,None,None,,,,,,,,,,,,,2.0,,,,,,,,,,,,,,,,,,,,,,,
2,EUW1_5971069722,TFT7_Augment_BestFriends2,TFT6_Augment_TinyTitans,TFT7_Augment_AstralIntercosmicGifts,,0.0,,1.0,0.0,,,,1.0,,1.0,,,2.0,,1.0,,0.0,,,0.0,1.0,,,,1.0,,0.0,,,,,,,,,,,,,,,,,,,,,,,,,,,,,,,,,,,,,,,,,,,,,,,,,,,,,,,,,,,,,,,,,,,,,2.0,Shroud,,,3.0,ThiefsGloves,UnstableConcoction,SpearOfShojin,,,,,,,,,,,,,,,,,,,,,,,,,2.0,ZekesHerald,Zephyr,,3.0,StatikkShiv,TearOfTheGoddess,SpearOfShojin,,,,,,,,,,,,,,,,,,,,,,,,,,,,,3.0,Bloodthirster,SpearOfShojin,MadredsBloodrazor,,,,,,,,,,,,,,,,,,,,,,,,,1.0,,,,,,,,,,,,3.0,GargoyleStoneplate,RedBuff,Quicksilver,,,,,,,,,,,,,,,,,4.0,TrainerSnax,None,None,,,,,,,,,,,,,,,,,,,,,,,,,,,,,,,,,1.0,,,
3,EUW1_5971069722,TFT6_Augment_TrueTwos,TFT6_Augment_PandorasItems,TFT6_Augment_CyberneticImplants2,,0.0,,,,,1.0,1.0,,,,1.0,,,,,1.0,,,3.0,,,,,,,,0.0,,,,,,,,,,,,,,,,,,,,,,,,,,,,,,,,,,,,,,,,,,,,,,,,,,,,,2.0,Shroud,,,,,,,2.0,,,,,,,,,,,,,,,,,,,,2.0,,,,,,,,,,,,,,,,,,,,,,,,,,,,2.0,RedBuff,BrambleVest,TitansResolve,3.0,GuinsoosRageblade,Deathblade,Quicksilver,,,,,,,,,,,,,,,,,,,,,,,,,,,,,,,,,,,,,,,,,1.0,GiantsBelt,DragonmancerEmblemItem,FrozenHeart,,,,,,,,,,,,,2.0,,,,,,,,,,,,,,,,,,,,,,,,,,None,None,,,,,,,,,,,,,,,,,,,,,,,,,,,,,,,,,,,,
7,EUW1_5971069722,TFT6_Augment_CelestialBlessing2,TFT6_Augment_Weakspot,TFT6_Augment_PortableForge,,,,0.0,,,1.0,1.0,,,,1.0,,,,0.0,1.0,,,1.0,,,,,,,0.0,,,,,,,,,,,,,,,,,,,,,,,,,,,,,,,,,,,,,,,,,,,,,,1.0,ThiefsGloves,ZekesHerald,Deathblade,,,,,,,,,,,,,,,,,,,,,,,,,,,,,,,,,2.0,Spatula,,,,,,,,,,,,,,,,,,,,,,,,,,,1.0,WarmogsArmor,OrnnEternalWinter,GargoyleStoneplate,,,,,,,,,,,,,,,,,,,,,,,,,,,,,,,,,,,,,2.0,,,,2.0,Quicksilver,,,,,,,,,,,,,,,,,,,2.0,StatikkShiv,GuinsoosRageblade,MadredsBloodrazor,,,,,,,,,,,,,,,,,,,,,,,None,None,,,,,,,,,,,,,,,,,,,,,,,,,,,,,,,,,,,,
8,EUW1_5971069722,TFT7_Augment_SwiftshotPressTheAttack,TFT6_Augment_SecondWind1,TFT7_Augment_GadgetExpert,0.0,,,,,,1.0,1.0,,0.0,,,0.0,,0.0,,1.0,,,0.0,2.0,,,0.0,,,0.0,,,,,,,,,,,,,,,,,,,,,,,,,,,,,,,,,,,,,,,,,,2.0,GargoyleStoneplate,DragonsClaw,ShimmerscaleMogulsMail,,,,,,,,,,,,,,,,,,,,,,,,,,,,,,,,,,,,,,,,,2.0,,,,,,,,,,,,,,,,,,,,,,,,,,,,,,,,,,,,,,,,,,,,,,,,,,,,,,,,,,,,,,,,,,,,,,,,,,,,,,,,,,,,,,,,1.0,StatikkShiv,ZekesHerald,,,,,,,,,,,,,,,,,,,,,,,,None,None,,,,,,,,,,,,,,,,,2.0,,,,1.0,GuinsoosRageblade,ShimmerscaleDravensAxe,,1.0,SeraphsEmbrace,,,,,,,,,,
4,EUW1_5971069722,TFT7_Augment_BestFriends2,TFT6_Augment_TinyTitans,TFT6_Augment_CyberneticImplants2,1.0,1.0,,1.0,,,,,0.0,,2.0,,0.0,0.0,,1.0,,,,,,,,1.0,1.0,0.0,,,,,,,,,,,,,,,,,,,,,,,,,,,,,,,,,,,,,,,,,,,,,,,,,,,,,,,,,,,,,,,,,,,,,,,,,,,3.0,RedBuff,,,,,,,,,,,,,,,,,,,,,,,,,,,2.0,,,,3.0,HextechGunblade,,,,,,,,,,,,,,,,,,,2.0,BrambleVest,ChainVest,,,,,,2.0,,,,,,,,,,,,,,,,,,,,,,,,,,,,,,,,,,,,,,,,,,,,,,,,,,,,2.0,InfinityEdge,,,,,,,,,,,,,None,None,,,,,2.0,ZekesHerald,,,3.0,GuinsoosRageblade,Deathblade,Quicksilver,,,,,,,,,,,,,,,,,,,,,,,,
1,EUW1_5971069722,TFT6_Augment_CelestialBlessing2,TFT6_Augment_TinyTitans,TFT6_Augment_PortableForge,0.0,0.0,1.0,1.0,,1.0,1.0,0.0,,,2.0,,0.0,0.0,,1.0,0.0,,,,,,,,3.0,,0.0,,,,,,,,,,2.0,SpearOfShojin,OrnnObsidianCleaver,UnstableConcoction,,,,,,,,,2.0,,,,,,,,,,,,,,,,,,,,,,,,,,,,,,,,,,,,,,,,,,,,2.0,GuardianAngel,DragonsClaw,GargoyleStoneplate,,,,,,,,,,,,,,,,,,,,,3.0,IonicSpark,CavalierEmblemItem,GuildEmblemItem,,,,,,,,,,,,,1.0,,,,,,,,,,,,,,,,,,,,2.0,WarmogsArmor,GargoyleStoneplate,DragonsClaw,,,,,2.0,,,,,,,,,,,,,,,,,,,,1.0,,,,,,,,,,,,,,,,,,,,,,,,,,,,,,,,,,,,,,,,,,,,,,None,None,,,,,,,,,,,,,,,,,,,,,,,,,,,,,,,,,,,,
5,EUW1_5971069722,TFT6_Augment_PortableForge,TFT6_Augment_Weakspot,TFT6_Augment_TomeOfTraits1,,,,1.0,1.0,,1.0,0.0,0.0,0.0,,0.0,,,0.0,,,2.0,,0.0,,,,,,,0.0,2.0,,,,,,,,,,,,,,,,,,,,,,,,,,,,,2.0,OrnnTheCollector,GuinsoosRageblade,Deathblade,,,,,,,,,,,,,,,,,2.0,FrozenHeart,,,,,,,,,,,,,,,,,,,,,,,,,,,2.0,ArchangelsStaff,,,,,,,,,,,,,,,,,,,,,,,,,,,,,,,2.0,GargoyleStoneplate,RedBuff,BruiserEmblemItem,,,,,,,,,,,,,,,,,,,,,,,,,,,,,,,,,,,,,,,,,,,,,,,,,,,,,2.0,SpearOfShojin,LastWhisper,RunaansHurricane,,,,,,,,,,,,,,,,,,,,,,,,,2.0,,,,,,None,None,,,,,,,,,,,,,,,,,,,,,,,,,2.0,ThiefsGloves,JeweledGauntlet,SeraphsEmbrace,,,,,,,,
6,EUW1_5971069722,TFT7_Augment_EvokerEmblem,TFT7_Augment_CannoneerTrait,TFT7_Augment_EvokerEssenceTheft,,,,,3.0,,1.0,,2.0,1.0,,0.0,0.0,,,0.0,,1.0,,,1.0,,,,,1.0,,0.0,,,,,2.0,,,,,,,,,,,,,,,,,,,,,,,,2.0,MadredsBloodrazor,UnstableConcoction,GuinsoosRageblade,,,,,,,,,2.0,GargoyleStoneplate,RedBuff,IonicSpark,,,,,,,,,,,,,,,,,,,,,,,,,,,,,,,,,,,,,,,,,,,,,,,,,,,,,,,,,2.0,,,,,,,,,,,,,,,,,,,,,,,,,,,,,,,,,,,,,,,,,,,,,,,,,,,,,,,,,,,,,,,,1.0,ArchangelsStaff,TearOfTheGoddess,CannoneerEmblemItem,,,,,,,,,,,,,,,,,,,,,,,,,2.0,,,,3.0,TrainerSnax,None,None,2.0,EvokerEmblemItem,ShimmerscaleDravensAxe,Zephyr,,,,,,,,,,,,,,,,,,,,,,,,,,,,,,,,
1,EUW1_5970935950,TFT7_Augment_AFK,TFT6_Augment_TargetDummies,TFT7_Augment_BestFriends2,,,1.0,1.0,,,1.0,,0.0,,1.0,0.0,0.0,1.0,,1.0,,,,,0.0,1.0,1.0,,2.0,1.0,,0.0,,,,,,,,,2.0,SpearOfShojin,JeweledGauntlet,,,,,,,,,,1.0,,,,,,,,,,,,,,,,,,,,,,,,,,,,,,,,,,,,,,,,,,,,,,,,2.0,,,,,,,,,,,,,,,,,,,,,,,,,,,,,,,,2.0,StatikkShiv,,,,,,,,,,,,,,,,,,,,,,,2.0,TitanicHydra,Redemption,TitansResolve,,,,,,,,,,,,,,,,,,,,,,,,,,,,,,,,,,,,,,,,,2.0,,,,,,,,2.0,GargoyleStoneplate,RedBuff,,,,,,,,,,,,,,,,,,3.0,TrainerSnax,None,None,,,,,,,,,,,,,,,,,,,,,,,,,,,,,,,,,2.0,,,
8,EUW1_5970935950,TFT6_Augment_LudensEcho1,TFT6_Augment_CyberneticShell2,TFT6_Augment_PortableForge,,0.0,,1.0,,,1.0,,,0.0,,,0.0,0.0,,,,,,,0.0,1.0,,,0.0,,,2.0,,,,,,,,,,,,,,,,,,,,,,,,,,,,,,,,,,,,,,,,,,,,,,,,,1.0,,,,,,,,,,,,,,,,,,,,,,,,,,,,,,,,,,,,,,,,,,,,,,,,,,,,,,,,,,,,,,,,,,,,,,,,,,,,1.0,ZekesHerald,,,,,,,,,,,,,,,,,,,,,,,,,,,,,,,,,,,2.0,GuinsoosRageblade,OrnnInfinityForce,TearOfTheGoddess,,,,,,,,,,,,,,,,,,,,,,,,,,,,,2.0,Redemption,,,,,None,None,,,,,,,,,,,,,,,,,,,,,,,,,,,,,,,,,1.0,InfinityEdge,BrambleVest,Chalice
3,EUW1_5970935950,TFT6_Augment_Electrocharge1,TFT6_Augment_ComponentGrabBag,TFT7_Augment_CannoneerRicochet,,,,,2.0,,1.0,,1.0,1.0,,,,,,0.0,,2.0,,,1.0,,,,,1.0,,0.0,,,,,,,,,,,,,,,,,,,,,,,,,,,,,2.0,MadredsBloodrazor,GuinsoosRageblade,UnstableConcoction,,,,,,,,,2.0,ShimmerscaleDiamondHands,RedBuff,FrozenHeart,,,,,,,,,,,,,,,,,,,,,,,,,,,,,,,,,2.0,Shroud,,,,,,,,,,,,,,,,,,,,,,,2.0,,,,,,,,,,,,,,,,,,,,,,,,,,,,,,,,,,,,,,,,,,,,,,,,,,,,,,,,,,,,,,,,2.0,ArchangelsStaff,GuardianAngel,StatikkShiv,,,,,,,,,,,,,,,,,,,,,,,,,2.0,Redemption,NeedlesslyLargeRod,,3.0,TrainerSnax,None,None,2.0,,,,,,,,,,,,,,,,,,,,,,,,,,,,,,,,,,,
2,EUW1_5970935950,TFT6_Augment_SecondWind1,TFT6_Augment_Twins2,TFT6_Augment_Distancing2,0.0,1.0,,1.0,,,,,,,2.0,,0.0,0.0,,0.0,,,,,,,,1.0,0.0,,,,,,,,,,,,,,,,,,,,,,,,,,,,,,,,,,,,,,,,,,,,,,,,,,,,,,,,,,,,,,,,,,,,,,,,,,,,2.0,RedBuff,WarmogsArmor,DragonsClaw,,,,,,,,,,,,,,,,,,,,,,,,,,,,,3.0,Zephyr,,,,,,,,,,,,,,,,,,,1.0,,,,,,,,,,,,,,,,,,,,,,,,,,,,,,,,,,,,,,,,,,,,,,,,,,,,,,,,,,,,1.0,FrozenHeart,,,,,,,,,,,,,None,None,,,,,2.0,,,,2.0,StatikkShiv,InfinityEdge,MadredsBloodrazor,,,,,,,,,,,,,,,,,,,,,,,,
6,EUW1_5970935950,TFT7_Augment_ShimmerscaleEmblem,TFT6_Augment_SunfireBoard,TFT7_Augment_BestFriends2,1.0,1.0,,0.0,,,,0.0,,,2.0,,,0.0,,0.0,,,,,0.0,,,1.0,1.0,,,,,,,,,,,,,,,,,,,,,,,,,,,,,,,,,,,,,,,,,,,,,,,,,,,,,,,,,,,,,,,,,,,,,,,,,,,,2.0,RedBuff,,,,,,,,,,,,,,,2.0,,,,,,,,,,,,,,,,3.0,JeweledGauntlet,InfinityEdge,,,,,,,,,,,,,,,,,,,,,,,,,,1.0,,,,,,,,,,,,,,,,,,,,,,,,,,,,,,,,,,,,,,,,,,,,,,,,,,,,2.0,ShimmerscaleEmblemItem,,,,,,,,,,,,,None,None,,,,,2.0,,,,3.0,Quicksilver,GuinsoosRageblade,InfinityEdge,,,,,,,,,,,,,,,,,,,,,,,,
5,EUW1_5970935950,TFT7_Augment_GuildTrait,TFT7_Augment_ClutteredMind,TFT7_Augment_SwiftshotPressTheAttack,0.0,,1.0,1.0,,1.0,,,,,6.0,,0.0,,,0.0,1.0,,,,,,,1.0,0.0,,0.0,,,,,,,,,,,,,,,,,,,,,,1.0,RabadonsDeathcap,,,,,,,,,,,,,,,,,,,,,,,,,,,,,,,,,,,,,,,,,,,2.0,Redemption,BrambleVest,,,,,,,,,,,,,,,,,,,,,,,,,,,,,,,,,,,,,,,,,,,,,,,,,,,,,,,,,,2.0,,,,,,,,,,,,,,,,2.0,,,,,,,,,,,,2.0,,,,,,,,,,,,,,,,,,,,,,,,,,,,,,,,2.0,InfinityEdge,Deathblade,,,,,,,,,,,,None,None,,,,,2.0,,,,,,,,,,,,,,,,2.0,Quicksilver,ChainVest,GuildEmblemItem,,,,,,,,,,,,
4,EUW1_5970935950,TFT7_Augment_CannoneerTrait,TFT6_Augment_PortableForge,TFT6_Augment_ThrillOfTheHunt2,,,,,3.0,,,,0.0,1.0,,,,0.0,,0.0,,1.0,0.0,,,,,,,2.0,,0.0,,,,,,,,,,,,,,,,,,,,,,,,,3.0,Redemption,BrambleVest,RedBuff,1.0,GuardianAngel,StatikkShiv,,,,,,,,,,,,,,,,,,,,,,,,,,,,,,,,,,,,,,2.0,,,,,,,,2.0,,,,,,,,,,,,,,,,,,,,,,,,2.0,Chalice,,,,,,,,,,,,,,,,,,,,,,,,,,,,,,,,,,,,,,,,,,,,,,,,,,,,,,,,,,,,,,,,,,,,,,,,,,,,,,,,,,,,,,,,,,,2.0,,,,3.0,TrainerSnax,None,None,3.0,OrnnTheCollector,GuinsoosRageblade,StatikkShiv,,,,,,,,,,,,,,,,,,,,,,,,,,,,,,,,
7,EUW1_5970935950,TFT7_Augment_RagewingTrait,TFT7_Augment_RagewingTantrum,TFT6_Augment_CyberneticUplink2,0.0,,,0.0,,0.0,1.0,0.0,,,,,,,,,3.0,,,1.0,0.0,,,,,,0.0,,,,,,,,,,,,,,,,,,,,,,,,,,,,,,,,,,,,,,,,,,,,,,,,,,,,,,,,,,,,,,,,,,2.0,Redemption,,,,,,,,,,,,,,,,,,,2.0,,,,,,,,,,,,,,,,,,,,,,,,,,,,,,,,,,,,,,,,,,,,,,,,,,,,,,,,,,,,,,,,2.0,,,,2.0,ThiefsGloves,NegatronCloak,Deathblade,1.0,GargoyleStoneplate,TitanicHydra,RedBuff,,,,,,,,,,,,,2.0,FrozenHeart,,,,,,,,,,,,,,,,,,,,,,,,,None,None,,,,,,,,,,,,,,,,,,,,,,,,,,,,,,,,,,,,
6,EUW1_5971107643,TFT6_Augment_SalvageBin,TFT6_Augment_Distancing,TFT6_Augment_Weakspot,0.0,0.0,,2.0,,,,,,,2.0,,0.0,0.0,,,0.0,,,,,,,1.0,1.0,,0.0,0.0,,,,,,,,,,,,,,,,,,,,,,,,,,,,,,,,,,,,,,,,,,,,,,,,,,,,,,,,,,,,,,,,,,,,,,,,,3.0,RedBuff,GargoyleStoneplate,GargoyleStoneplate,,,,,,,,,,,,,,,,,,,,,,,,,,,,,,,,,,,,,,,,,,,,,,,,,1.0,WarmogsArmor,Shroud,,,,,,1.0,TearOfTheGoddess,,,1.0,Chalice,NeedlesslyLargeRod,,,,,,,,,,,,,,1.0,TitanicHydra,,,,,,,,,,,,,,,,,,,,,,,2.0,,,,,,,,,,,,,,,,,,,,,,None,None,,,,,2.0,,,,3.0,UnstableConcoction,GuinsoosRageblade,MadredsBloodrazor,,,,,,,,,,,,,,,,,,,,,,,,
3,EUW1_5971107643,TFT7_Augment_SwiftshotPressTheAttack,TFT6_Augment_SecondWind1,TFT6_Augment_Recombobulator,1.0,,1.0,1.0,,0.0,,0.0,,,3.0,,0.0,,,0.0,1.0,,,,,,,1.0,1.0,,0.0,,,,,,,,,,,,,,,,,,,,,,2.0,AssassinEmblemItem,RapidFireCannon,,,,,,,,,,,,,,,,,,,,,,,,,,,,,,,,,,,,,,,,,,2.0,Morellonomicon,Shroud,,,,,,,,,,,,,,,,,,,,,,1.0,,,,,,,,,,,,,,,,,,,,,,,,,,,,,,,,,,,,2.0,TitanicHydra,GiantsBelt,IonicSpark,,,,,,,,,,,,,,,,,,,,,,,,,2.0,,,,,,,,,,,,,,,,,,,,,,,,,,,,,,,,2.0,ThiefsGloves,NeedlesslyLargeRod,JeweledGauntlet,,,,,,,,,,,None,None,,,,,2.0,,,,,,,,,,,,,,,,2.0,Deathblade,Quicksilver,GuinsoosRageblade,,,,,,,,,,,,
7,EUW1_5971107643,TFT7_Augment_ShapeshifterBeastsDen,TFT6_Augment_TinyTitans,TFT6_Augment_FirstAidKit,,0.0,,,,,1.0,0.0,,,,1.0,,,,,1.0,,,3.0,,,1.0,,,,,0.0,,,,,,,,,,,,,,,,,,,,,,,,,,,,,,,,,,,,,,,,,,,,,,,,,,,,,1.0,,,,,,,,2.0,,,,,,,,,,,,,,,,,,,,,,,,,,,,,,,,,,,,,,,,,,,,,,,,1.0,GargoyleStoneplate,GiantsBelt,,3.0,Quicksilver,MadredsBloodrazor,GuinsoosRageblade,,,,,,,,,,,,,,,,,,,,,,,,,,,,,,,,,,,,,,,,,1.0,UnstableConcoction,Deathblade,HextechGunblade,,,,,,,,,2.0,,,,1.0,,,,,,,,,,,,,,,,,,,,,,,,,,None,None,,,,,,,,,,,,,,,,,,,,,,,,,,,,,,,,,,,,
2,EUW1_5971107643,TFT7_Augment_GuildEmblem,TFT6_Augment_ItemGrabBag1,TFT7_Augment_CannoneerTrait,1.0,,,,2.0,,1.0,,1.0,1.0,2.0,,,,,0.0,,1.0,,,1.0,,,,,1.0,,1.0,,,,,,,,,,,,,,,,,,,,,,,,,,,,,2.0,MadredsBloodrazor,GuinsoosRageblade,GuildEmblemItem,,,,,,,,,2.0,WarmogsArmor,BrambleVest,GargoyleStoneplate,,,,,,,,,,,,,,,,,,,,,,,,,,,,,,,,,,,,,,,,,,,,,,,,,,,,,,,,,2.0,RabadonsDeathcap,SeraphsEmbrace,,,,,,,,,,,,,,,,,,,,,,,,,,2.0,,,,,,,,,,,,,,,,,,,,,,,,,,,,,,,,,,,,2.0,ShimmerscaleGoldmancersStaff,StatikkShiv,Morellonomicon,,,,,,,,,,,,,,,,,2.0,ZekesHerald,MadredsBloodrazor,,,,,,2.0,TitanicHydra,,,4.0,TrainerSnax,None,None,2.0,Shroud,,,,,,,,,,,,,,,,,,,,,,,,,,,,,,,,,,
4,EUW1_5971107643,TFT7_Augment_UrfsGrabBag1,TFT6_Augment_TinyTitans,TFT6_Augment_Recombobulator,2.0,,,1.0,,,1.0,0.0,,,1.0,,0.0,0.0,0.0,,,,0.0,,,,,,2.0,,0.0,1.0,,,,,,,,,1.0,GuinsoosRageblade,RabadonsDeathcap,ArchangelsStaff,,,,,,,,,,,,,,,,,,,,,2.0,ThiefsGloves,Redemption,BrambleVest,,,,,,,,,,,,,,,,,,,,,,,,,,,,,,,,,,,,,,,,,,,,,,,,,,,,,,,,,,,,,,,,,,,,,,,,,,,,,,,,,,,,,,,,,1.0,BrambleVest,GargoyleStoneplate,DragonsClaw,1.0,,,,,,,,,,,,,,,,,,,,,,,,,,,,,,,,,,,,,,,,,,,,,,,,2.0,GargoyleStoneplate,,,,,,,2.0,,,,,,,,,,,,,,None,None,,,,,,,,,,,,,,,,,,,,,,,,,2.0,HextechGunblade,JeweledGauntlet,AssassinEmblemItem,,,,,,,,
5,EUW1_5971107643,TFT7_Augment_MageEmblem,TFT6_Augment_SecondWind1,TFT6_Augment_CyberneticUplink1,,,1.0,1.0,,,,,1.0,,2.0,,,2.0,,1.0,0.0,0.0,,,0.0,1.0,,,,1.0,0.0,0.0,,,,,,,,,,,,,,,,,,,,,1.0,LocketOfTheIronSolari,,,,,,,,,,,,,,,,,,,,,,,,,,,,,,,,,,,,,,,,,,,,,,,2.0,,,,,,,,,,,,,,,,,,,,,,,,,,,,,,,,2.0,,,,,,,,,,,,,,,,,,,,,,,,,,,,,,,,,,,,3.0,JeweledGauntlet,MadredsBloodrazor,SpearOfShojin,,,,,,,,,,,,,1.0,WarmogsArmor,,,,,,,,,,,2.0,MageEmblemItem,GuinsoosRageblade,,,,,,,,,,2.0,IonicSpark,BrambleVest,RedBuff,,,,,,,,,,,,,,,,,4.0,TrainerSnax,None,None,,,,,,,,,,,,,,,,,,,,,,,,,,,,,,,,,1.0,NeedlesslyLargeRod,RabadonsDeathcap,
1,EUW1_5971107643,TFT6_Augment_CalculatedLoss,TFT7_Augment_BandOfThieves1,TFT6_Augment_Weakspot,0.0,,1.0,1.0,1.0,,1.0,,1.0,,1.0,,0.0,,,1.0,,1.0,,,,,,,0.0,1.0,,2.0,,,,,,,,,,,,,,,,,,,,,1.0,,,,,,,,2.0,StatikkShiv,GuinsoosRageblade,MadredsBloodrazor,,,,,,,,,,,,,,,,,2.0,WarmogsArmor,TitansResolve,HextechGunblade,,,,,,,,,,,,,,,,,,,,,,,,,,,,,,,,,,,,,,,,,,,,,,,,,2.0,,,,,,,,,,,,,,,,,,,,,,,,2.0,GiantsBelt,Redemption,,2.0,FrozenHeart,LastWhisper,,,,,,,,,,,,,,,,,,,,,,,,,,,,,,,,,,2.0,ZekesHerald,Quicksilver,,,,,,,,,,,,,,,,,,,,,,,,,,,,,,4.0,TrainerSnax,None,None,2.0,ThiefsGloves,SpearOfShojin,GuardianAngel,,,,,,,,,,,,,,,,,,,,,,,,,,,,,,,,
8,EUW1_5971107643,TFT6_Augment_ThreesCompany,TFT6_Augment_Weakspot,TFT6_Augment_FirstAidKit,0.0,,,1.0,,1.0,,,,,3.0,0.0,0.0,,,,1.0,,,0.0,,,,1.0,0.0,,0.0,,,,,,,,,,,,,,,,,,,,,,,,,,,,,,,,,,,,,,,,,,,,,,,,,,,,,,,,,,,,,,,,,,2.0,Shroud,,,,,,,,,,,,,,,,,,,,,,,,,,,,,,,,,,,,,,,,,,,2.0,,,,,,,,,,,,,,,,2.0,RedBuff,,,,,,,,,,,,,,,1.0,,,,,,,,,,,,2.0,LocketOfTheIronSolari,,,,,,,,,,,,,,,,,,,,,,,,,,,,,,,1.0,,,,,,,,,,,,,,None,None,,,,,2.0,,,,,,,,,,,,,,,,2.0,MadredsBloodrazor,GuinsoosRageblade,UnstableConcoction,,,,,,,,,,,,
6,EUW1_5973101873,TFT6_Augment_Ascension,TFT6_Augment_Weakspot,TFT6_Augment_ThrillOfTheHunt2,1.0,,,1.0,,1.0,,,,,3.0,,0.0,,,,1.0,,,,,,,1.0,1.0,,0.0,,,,,,,,,,,,,,,,,,,,,,,,,,,,,,,,,,,,,,,,,,,,,,,,,,,,,,,,,,,,,,,,,,2.0,,,,,,,,,,,,,,,,,,,,,,,,,,,,,,,,,,,,,,,,,,,,,,,,,,,,,,,,,,,,2.0,,,,,,,,2.0,,,,,,,,2.0,,,,,,,,,,,,2.0,,,,,,,,,,,,,,,,,,,,,,,,,,,,,,,,2.0,RedBuff,Bloodthirster,RapidFireCannon,,,,,,,,,,,None,None,,,,,2.0,StatikkShiv,LastWhisper,PowerGauntlet,,,,,,,,,,,,,2.0,Deathblade,GuinsoosRageblade,Quicksilver,,,,,,,,,,,,
2,EUW1_5973101873,TFT6_Augment_Meditation2,TFT6_Augment_ThrillOfTheHunt1,TFT6_Augment_SecondWind2,1.0,,1.0,1.0,,0.0,,0.0,,,3.0,,0.0,,0.0,0.0,1.0,,,,,,,1.0,1.0,,1.0,,,,,,,,,,,,,,,,,,,,,,2.0,,,,,,,,,,,,,,,,,,,,,,,,,,,,,,,,,,,,,,,,,,,,2.0,RabadonsDeathcap,,,,,,,,,,,,,,,,,,,,,,,,,,,,,,,,,,,,,,,,,,,,,,,,,,,,,,,,,,,2.0,WarmogsArmor,GargoyleStoneplate,TitanicHydra,,,,,1.0,,,,,,,,,,,,,,,,,,,,2.0,,,,,,,,,,,,,,,,,,,,,,,,,,,,,,,,2.0,RedBuff,IonicSpark,FrozenHeart,,,,,,,,,,,None,None,,,,,2.0,,,,,,,,,,,,,,,,2.0,UnstableConcoction,GuinsoosRageblade,RunaansHurricane,2.0,MadredsBloodrazor,GuinsoosRageblade,InfinityEdge,,,,,,,,
1,EUW1_5973101873,TFT7_Augment_AstralIntercosmicGifts,TFT6_Augment_ThrillOfTheHunt1,TFT7_Augment_UrfsGrabBag1,,0.0,1.0,1.0,,,1.0,,0.0,,1.0,,0.0,2.0,,2.0,,,,,0.0,1.0,,,2.0,1.0,,0.0,,,,,,,,,2.0,MageEmblemItem,HextechGunblade,SpearOfShojin,,,,,,,,,1.0,,,,,,,,,,,,,,,,,,,,,,,,,,,,,,,,,,,,,,,,,,,,,,,,2.0,StatikkShiv,,,,,,,,,,,,,,,,,,,,,,,,,,,,,,,2.0,Chalice,SpearOfShojin,SeraphsEmbrace,2.0,,,,,,,,,,,,,,,,,,,,1.0,,,,,,,,,,,,,,,,,,,,,,,,,,,,,,,,,,,,,,,,,,,,,,,,,,,,2.0,TitansResolve,RedBuff,WarmogsArmor,,,,,,,,,,,,,,,,,3.0,TrainerSnax,None,None,,,,,,,,,,,,,,,,,,,,,,,,,,,,,,,,,2.0,StatikkShiv,JeweledGauntlet,Morellonomicon
4,EUW1_5973101873,TFT6_Augment_Twins2,TFT6_Augment_TinyTitans,TFT7_Augment_BigFriend2,0.0,,,1.0,,,1.0,,,,,0.0,,0.0,,,,,,1.0,,,,,,,,3.0,,,,,,,,,,,,,,,,,,,,,,,,,,,,,,,,,,,,,,,,,,,,,,,,,2.0,MadredsBloodrazor,,,2.0,RunaansHurricane,GuinsoosRageblade,Bloodthirster,,,,,,,,,,,,,,,,,,,,,,,,,,,,,,,,,,,,,,,,,,,,,,,,,,,,,1.0,RedBuff,WarmogsArmor,IonicSpark,,,,,,,,,,,,,,,,,1.0,TearOfTheGoddess,,,,,,,,,,,,,,,,,,,,,,,,,,,,,,,,,,,,,,,,,,,,,,,2.0,,,,,,,,,,,,,,,,,,,,,,None,None,,,,,,,,,,,,,,,,,,,,,,,,,,,,,,,,,,,,
7,EUW1_5973101873,TFT6_Augment_CalculatedLoss,TFT6_Augment_PandorasItems,TFT6_Augment_BlueBattery2,,0.0,1.0,1.0,,,1.0,,0.0,,1.0,,,1.0,,2.0,,,,,0.0,1.0,,,1.0,0.0,,0.0,,,,,,,,,1.0,SpearOfShojin,ArchangelsStaff,HextechGunblade,,,,,,,,,1.0,,,,,,,,,,,,,,,,,,,,,,,,,,,,,,,,,,,,,,,,,,,,,,,,,,,,3.0,ThiefsGloves,BFSword,RapidFireCannon,,,,,,,,,,,,,,,,,,,,,,,,,2.0,TitanicHydra,,,3.0,StatikkShiv,,,,,,,,,,,,,,,,,,,,,,,,,,,,,,,,,,,,,,,,,,,,,,,,,,,,,,,,,,,,,,,,,,,,,,,2.0,RedBuff,BrambleVest,GargoyleStoneplate,,,,,,,,,,,,,,,,,,,None,None,,,,,,,,,,,,,,,,,,,,,,,,,,,,,,,,,1.0,,,
3,EUW1_5973101873,TFT7_Augment_SwiftshotPressTheAttack,TFT6_Augment_PandorasItems,TFT6_Augment_Distancing2,0.0,1.0,,1.0,,,,,0.0,,1.0,,0.0,1.0,,1.0,,,,,0.0,1.0,,1.0,1.0,0.0,,,,,,,,,,,,,,,,,,,,,,,,,,,,,,,,,,,,,,,,,,,,,,,,,,,,,,,,,,,,,,,,,,,,,,,,,,,3.0,WarmogsArmor,GargoyleStoneplate,RedBuff,,,,,,,,,,,,,,,,,,,,,,,,,2.0,MageEmblemItem,,,3.0,SpearOfShojin,ArchangelsStaff,SeraphsEmbrace,,,,,,,,,,,,,,,,,1.0,,,,,,,,2.0,,,,,,,,,,,,,,,,,,,,,,,,,,,,,,,,,,,,,,,,,,,,,,,,,,,,,,,,,,,,,,,,,,None,None,,,,,2.0,,,,3.0,RunaansHurricane,Deathblade,GuinsoosRageblade,,,,,,,,,,,,,,,,,,,,,1.0,Bloodthirster,,
8,EUW1_5973101873,TFT6_Augment_SalvageBin,TFT6_Augment_TinyTitans,TFT6_Augment_PortableForge,,1.0,,1.0,,,,,0.0,,1.0,,,2.0,,1.0,,,,,0.0,1.0,,,,1.0,,0.0,,,,,,,,,,,,,,,,,,,,,,,,,,,,,,,,,,,,,,,,,,,,,,,,,,,,,,,,,,,,,,,,,,,,,2.0,,,,2.0,,,,,,,,,,,,,,,,,,,,,,,,,,,,2.0,,,,2.0,Chalice,,,,,,,,,,,,,,,,,,,,,,,,,,,,,,,2.0,ArchangelsStaff,SpearOfShojin,,,,,,,,,,,,,,,,,,,,,,,,,,,,,,,,,,,,,,2.0,TitansResolve,OrnnAnimaVisage,IonicSpark,,,,,,,,,,,,,,,,,4.0,TrainerSnax,None,None,,,,,,,,,,,,,3.0,WarmogsArmor,DragonsClaw,Quicksilver,,,,,,,,,,,,,,,,,1.0,,,
5,EUW1_5973101873,TFT7_Augment_BestFriends2,TFT7_Augment_CannoneerTrait,TFT6_Augment_ComponentGrabBag,,,,1.0,3.0,,1.0,,,,,,,1.0,,,,1.0,,,0.0,1.0,,,,1.0,,2.0,,,,,,,,,,,,,,,,,,,,,,,,,,,,,2.0,GuinsoosRageblade,LastWhisper,,,,,,,,,,,,,,,,,,2.0,TitansResolve,FrozenHeart,Bloodthirster,,,,,,,,,,,,,,,,,2.0,,,,,,,,2.0,,,,,,,,,,,,,,,,,,,,,,,,,,,,,,,,,,,,,,,,,,,,,,,,,,,,,,,,,,,,,,,,,,,,,,,,,,,,,,,,,,,,,,,,,,,,,,,,,,,,2.0,GargoyleStoneplate,DragonsClaw,RedBuff,,,,,,,,,,,,,,,,,3.0,TrainerSnax,None,None,2.0,,,,,,,,,,,,,,,,,,,,,,,,,,,,,,,,1.0,Chalice,Redemption,
5,EUW1_5972851483,TFT7_Augment_GuildGearUpgrades,TFT6_Augment_PortableForge,TFT6_Augment_SecondWind2,1.0,,,1.0,,1.0,,,,,3.0,,0.0,,,,1.0,,,,,,,1.0,1.0,,0.0,,,,,,,,,,,,,,,,,,,,,,,,,,,,,,,,,,,,,,,,,,,,,,,,,,,,,,,,,,,,,,,,,,2.0,OrnnRocketPropelledFist,RedBuff,,,,,,,,,,,,,,,,,,,,,,,,,,,,,,,,,,,,,,,,,,,,,,,,,,,,,,,,,,2.0,,,,,,,,2.0,FrozenHeart,SpearOfShojin,,,,,,1.0,Shroud,,,,,,,,,,,2.0,,,,,,,,,,,,,,,,,,,,,,,,,,,,,,,,2.0,Bloodthirster,InfinityEdge,,,,,,,,,,,,None,None,,,,,1.0,,,,,,,,,,,,,,,,2.0,MadredsBloodrazor,GuinsoosRageblade,Bloodthirster,,,,,,,,,,,,
7,EUW1_5972851483,TFT7_Augment_EvokerEmblem,TFT7_Augment_EvokerEssenceTheft,TFT7_Augment_MageEmblem,,0.0,1.0,1.0,,,,,1.0,,2.0,,,2.0,,2.0,,,,,,,,,,1.0,,0.0,,,,,,,,,,,,,,,,,,,,,1.0,MageEmblemItem,,,,,,,,,,,,,,,,,,,,,,,,,,,,,,,,,,,,,,,,,,,,,,,2.0,Chalice,BFSword,,2.0,ThiefsGloves,WarmogsArmor,InfinityEdge,,,,,,,,,,,,,,,,,,,,,,,,,2.0,,,,2.0,,,,,,,,,,,,,,,,,,,,,,,,,,,,,,,,3.0,EvokerEmblemItem,Quicksilver,ArchangelsStaff,,,,,,,,,,,,,,,,,,,,,,,,,,,,,,,,,,,,,2.0,WarmogsArmor,FrozenHeart,Redemption,,,,,,,,,,,,,,,,,3.0,TrainerSnax,None,None,,,,,,,,,,,,,,,,,,,,,,,,,,,,,,,,,,,,
1,EUW1_5972851483,TFT6_Augment_CelestialBlessing2,TFT7_Augment_BestFriends2,TFT7_Augment_FirstAidKit2,1.0,,1.0,1.0,,,,0.0,,,2.0,0.0,,0.0,1.0,0.0,0.0,,1.0,,0.0,1.0,1.0,,,,2.0,1.0,,,,,,,,,,,,,,,,,,,,,2.0,,,,,,,,,,,,,,,,,,,,,,,,,,,,,,,,,,,,,,,,,,,,,,,,,,,,,,,,,,,,,,,,,,,,,,,,,,,,,,,,,,,,,,,,,,,,,,,,,,,,2.0,ThiefsGloves,ArchangelsStaff,Morellonomicon,,,,,2.0,Quicksilver,JeweledGauntlet,,,,,,,,,,,,,,,,,,,,,,2.0,,,,,,,,,,,,,,,,2.0,GiantsBelt,,,,,,,,,,,,,,,2.0,RedBuff,Deathblade,ScalescornEmblemItem,,,,,,,,,,,None,None,,,,,,,,,,,,,,,,,,,,,,,,,2.0,LastWhisper,Quicksilver,SeraphsEmbrace,2.0,ZekesHerald,,,2.0,WhispersEmblemItem,,
3,EUW1_5972851483,TFT6_Augment_TriForce2,TFT7_Augment_BestFriends2,TFT7_Augment_SwiftshotPressTheAttack,,1.0,1.0,1.0,,,,,,,3.0,,,1.0,,1.0,0.0,0.0,,,,,,1.0,,,,0.0,,,,,,,,,,,,,,,,,,,,,1.0,,,,,,,,,,,,,,,,,,,,,,,,,,,,,,,,,,,,,,,,,,,,,,,,,,,,3.0,Redemption,GargoyleStoneplate,RedBuff,,,,,,,,,,,,,,,,,,,,,,,,,,,,,2.0,,,,,,,,,,,,,,,,,,,,,,,,,,,,,,,,2.0,,,,,,,,,,,,,,,,,,,,,,,,,,,,,,,,,,,,,,,,2.0,ChainVest,,,,,,,,,,,,,,,,,,,,,None,None,,,,,2.0,,,,3.0,GuinsoosRageblade,RunaansHurricane,RunaansHurricane,,,,,,,,,2.0,StatikkShiv,RevelEmblemItem,UnstableConcoction,,,,,,,,,,,,
2,EUW1_5972851483,TFT6_Augment_Twins2,TFT6_Augment_ThrillOfTheHunt2,TFT6_Augment_CyberneticUplink2,,,,,,,,0.0,,0.0,,1.0,,,,,0.0,,,2.0,,,1.0,,,,,1.0,,,,,,,,,,,,,,,,,,,,,,,,,,,,,,,,,,,,,,,,,,,,,,,,,,,,,3.0,RabadonsDeathcap,InfinityEdge,JeweledGauntlet,,,,,2.0,BFSword,,,,,,,,,,,,,,,,,,,,,,,,,,,,,,,,,,,,,,,,,,,,,,,1.0,WarmogsArmor,ArchangelsStaff,,,,,,,,,,,,,,,,,,,,,,,,,,,,,,,,,,,,,,,,,,,,,,,,,,,,,,,,,,1.0,Chalice,,,2.0,BFSword,,,,,,,,,,,,,,,,,,,2.0,Spatula,Zephyr,,,,None,None,,,,,,,,,,,,,,,,,,,,,,,,,,,,,,,,,,,,
6,EUW1_5972851483,TFT7_Augment_SwiftshotEmblem,TFT7_Augment_SwiftshotPressTheAttack,TFT6_Augment_CyberneticImplants2,1.0,0.0,,1.0,,,,0.0,,,2.0,,0.0,,0.0,,0.0,,,,,,,2.0,1.0,,0.0,,,,,,,,,,,,,,,,,,,,,,,,,,,,,,,,,,,,,,,,,,,,,,,,,,,,,,,,,,,,,,,,,,,,,,,,,,2.0,Morellonomicon,,,,,,,,,,,,,,,,,,,,,,,,,,,,,,,,,,,,,,,,,,,,,,,,,,,1.0,JeweledGauntlet,,,,,,,1.0,Spatula,,,,,,,,,,,,,,,,,,,,,,,,,,,,,,,,,,,,,,,,,,,,,,,,,,,1.0,FrozenHeart,,,,,,,,,,,,,None,None,,,,,2.0,BFSword,,,3.0,Deathblade,GuinsoosRageblade,Deathblade,,,,,,,,,2.0,NeedlesslyLargeRod,Bloodthirster,,1.0,SwiftshotEmblemItem,,,,,,,,,,
8,EUW1_5972851483,TFT7_Augment_Preparation2,TFT6_Augment_Ascension,TFT7_Augment_FirstAidKit2,,,,,,,,1.0,,,,1.0,,,,,1.0,,,2.0,,,,1.0,,,,0.0,,,,,,,,,,,,,2.0,Chalice,StatikkShiv,,,,,,,,,,,,,,,,,,,,,,,,,,,,,,,,,,,,,,2.0,,,,,,,,2.0,Shroud,,,,,,,,,,,,,,,,,,,,,,,,,,,,,,,,,,,,,,,,,,,,,,,2.0,TitansResolve,FrozenHeart,RedBuff,,,,,,,,,,,,,,,,,,,,,,,,,,,,,,,,,,,,,2.0,,,,,,,,,,,,,,,,,,,,,,,,2.0,Quicksilver,ArchangelsStaff,GuinsoosRageblade,,,,,,,,,,,,,,,,,,,,,,,None,None,,,,,,,,,,,,,,,,,,,,,1.0,,,,,,,,,,,,,,,
4,EUW1_5972851483,TFT7_Augment_AssassinEmblem,TFT6_Augment_TomeOfTraits1,TFT6_Augment_Diversify2,2.0,,,1.0,,,,0.0,,,1.0,,0.0,0.0,0.0,,0.0,,1.0,,0.0,,,,1.0,,1.0,1.0,,,,,,,,,,,,,,,,,,,,,,,,,,,,,,,,,3.0,WhispersEmblemItem,InfinityEdge,ArchangelsStaff,,,,,,,,,,,,,,,,,,,,,,,,,,,,,,,,,,,,,,,,,,,,,,,,,2.0,ZekesHerald,PowerGauntlet,,,,,,,,,,,,,,,,,,,,,,,,,,,,,,,,,,2.0,GuinsoosRageblade,InfinityEdge,AssassinEmblemItem,2.0,RedBuff,GiantsBelt,,,,,,1.0,,,,,,,,,,,,,,,,,,,,,,,,,,,,,,,,,,,,,,,,,,,,2.0,,,,,,,,1.0,,,,,,,,,,,,,,None,None,,,,,,,,,,,,,,,,,,,,,,,,,1.0,SeraphsEmbrace,,,,,,,,,,
8,EUW1_5972105842,TFT7_Augment_UrfsGrabBag1,TFT6_Augment_TomeOfTraits1,TFT7_Augment_DragonAlliance,,,,1.0,,0.0,2.0,,,0.0,,,,0.0,2.0,,,,,,1.0,,,,,,0.0,2.0,,,,,,,,,,,,,,,,,,,,,,,,,,,,,,,,,,,,,1.0,ShimmerscaleGoldmancersStaff,NeedlesslyLargeRod,,2.0,RedBuff,IonicSpark,,,,,,1.0,WarriorEmblemItem,Deathblade,RunaansHurricane,,,,,,,,,,,,,,,,,,,,,,,,,,,,,,,,,,,,,,,,,,,,,,,,,,,,,,,,,,,,,,,,,1.0,,,,,,,,,,,,,,,,,,,,,,,,,,,,,,,,,,,,,,,,,,,,,,,,,,,,,,,,,,,,2.0,,,,,,,,,,,,,,,,,,,,,,None,None,,,,,,,,,,,,,,,,,,,,,,,,,,,,,,,,,,,,
2,EUW1_5972105842,TFT7_Augment_BruiserEmblem,TFT7_Augment_MirageHallucinate,TFT6_Augment_ComponentGrabBag,1.0,,1.0,1.0,,1.0,1.0,0.0,,,2.0,,0.0,,4.0,0.0,0.0,,,,,,,,0.0,,1.0,,,,,,,,,,,,,,,,,,,,,,1.0,,,,,,,,,,,,,,,,2.0,MadredsBloodrazor,RapidFireCannon,ArchangelsStaff,,,,,,,,,,,,,,,,,,,,,,,,,2.0,PowerGauntlet,,,,,,,,,,,,,,,,,,,,,,,,,,,,,,,,,,,,,,,,,,,,,,,,,,,2.0,RedBuff,GargoyleStoneplate,IonicSpark,,,,,2.0,MirageEmblemItem,Redemption,,,,,,,,,,,,,,,,,,,,,,,,,,,,,,,,,,,,,,,,,,,,,,,,,,,,,,,,,,2.0,MirageEmblemItem,BFSword,,,,,,,,,,,,None,None,,,,,,,,,,,,,,,,,,,,,,,,,2.0,AssassinEmblemItem,InfinityEdge,BruiserEmblemItem,1.0,,,,,,,
1,EUW1_5972105842,TFT7_Augment_AstralIntercosmicGifts,TFT6_Augment_LudensEcho2,TFT6_Augment_ComponentGrabBag,,1.0,1.0,1.0,,,,,0.0,,2.0,,,3.0,,2.0,,,,,0.0,1.0,,,,1.0,,0.0,,,,,,,,,,,,,,,,,,,,,2.0,,,,,,,,,,,,,,,,,,,,,,,,,,,,,,,,,,,,,,,,,,,,,,,,2.0,,,,3.0,MageEmblemItem,GiantsBelt,,,,,,,,,,,,,,,,,,,,,,,,,,2.0,LocketOfTheIronSolari,,,3.0,StatikkShiv,SpearOfShojin,RabadonsDeathcap,,,,,,,,,,,,,,,,,,,,,,,,,,,,,2.0,GuinsoosRageblade,MadredsBloodrazor,UnstableConcoction,,,,,,,,,,,,,,,,,,,,,,,,,,,,,,,,,,,,,2.0,IonicSpark,DragonsClaw,,,,,,,,,,,,,,,,,,3.0,TrainerSnax,None,None,,,,,,,,,,,,,2.0,,,,,,,,,,,,,,,,,,,,2.0,SpearOfShojin,SeraphsEmbrace,
3,EUW1_5972105842,TFT6_Augment_TriForce2,TFT7_Augment_SwiftshotPressTheAttack,TFT6_Augment_PortableForge,,1.0,,2.0,,,,,,,1.0,,0.0,,,,0.0,,,,,,,2.0,1.0,,0.0,,,,,,,,,,,,,,,,,,,,,,,,,,,,,,,,,,,,,,,,,,,,,,,,,,,,,,,,,,2.0,RecurveBow,,,,,,,,,,,,,,,3.0,WarmogsArmor,GargoyleStoneplate,OrnnAnimaVisage,,,,,,,,,,,,,,,,,,,,,,,,,,,,,,,,,,,,,,,,,,,,,,,,,2.0,SeraphsEmbrace,Morellonomicon,WarmogsArmor,,,,,,,,,,,,,,,,,,,,,,,,,2.0,,,,,,,,3.0,LocketOfTheIronSolari,,,,,,,,,,,,,,,,,,,,,,,,,,,,,,,,,,,,,None,None,,,,,2.0,GuinsoosRageblade,,,3.0,GuinsoosRageblade,MadredsBloodrazor,Deathblade,,,,,,,,,1.0,,,,,,,,,,,,,,,
6,EUW1_5972105842,TFT7_Augment_Bloodlust1,TFT7_Augment_LastStand,TFT6_Augment_PortableForge,,0.0,,2.0,,,1.0,0.0,,,,,0.0,0.0,0.0,,0.0,,,,,,,1.0,1.0,,1.0,2.0,,,,,,,,,,,,,,,,,,,,,,,,,,,,,,,,,,,,,,,,,,,,,,,,,1.0,RunaansHurricane,GuardianAngel,,,,,,2.0,,,,,,,,,,,,,,,,,,,,,,,,,,,,,,,,,,,,,,,,,,,,,,,,,,,,,,,,,,,,,,,,,,,,2.0,RedBuff,Redemption,,,,,,,,,,,,,,,,,,,,,,,,,,2.0,,,,,,,,,,,,,,,,,,,,,,,,2.0,,,,,,,,,,,,,,,,,,,,,,None,None,,,,,,,,,2.0,GuinsoosRageblade,InfinityEdge,OrnnInfinityForce,,,,,,,,,,,,,1.0,,,,,,,,,,,
7,EUW1_5972105842,TFT6_Augment_RichGetRicher,TFT6_Augment_LudensEcho2,TFT6_Augment_Distancing2,1.0,,,1.0,,1.0,,,,,3.0,,0.0,,,,1.0,,,,,,,1.0,1.0,,0.0,,,,,,,,,,,,,,,,,,,,,,,,,,,,,,,,,,,,,,,,,,,,,,,,,,,,,,,,,,,,,,,,,,2.0,WarmogsArmor,,,,,,,,,,,,,,,,,,,,,,,,,,,,,,,,,,,,,,,,,,,,,,,,,,,,,,,,,,,1.0,,,,,,,,2.0,RabadonsDeathcap,,,,,,,1.0,,,,,,,,,,,,2.0,,,,,,,,,,,,,,,,,,,,,,,,,,,,,,,,2.0,InfinityEdge,StatikkShiv,,,,,,,,,,,,None,None,,,,,2.0,,,,,,,,,,,,,,,,2.0,GuinsoosRageblade,MadredsBloodrazor,Quicksilver,,,,,,,,,,,,
4,EUW1_5972105842,TFT6_Augment_Electrocharge2,TFT6_Augment_MakeshiftArmor2,TFT6_Augment_PortableForge,,0.0,,1.0,,,1.0,,0.0,,,1.0,0.0,0.0,,,,,,2.0,,,,,,,,2.0,,,,,2.0,Chalice,,,,,,,,,,,,,,,,,,,,,,,,,,,,,,,,,,,,,,,,,,,1.0,MadredsBloodrazor,,,3.0,OrnnZhonyasParadox,UnstableConcoction,GuinsoosRageblade,,,,,2.0,,,,,,,,,,,,,,,,,,,,,,,,,,,,,,,,,,,,,,,,,,,,,,,,2.0,WarmogsArmor,Zephyr,,3.0,GuinsoosRageblade,Quicksilver,MadredsBloodrazor,,,,,,,,,,,,,,,,,,,,,,,,,,,,,,,,,,,,,,,,,,,,,,,,,,,,,,,,,,,,,1.0,,,,,,,,,,,,,,,,,,,,,,None,None,,,,,,,,,,,,,,,,,,,,,,,,,,,,,,,,,,,,
5,EUW1_5972105842,TFT7_Augment_Bloodlust1,TFT6_Augment_PortableForge,TFT6_Augment_CyberneticUplink2,,,,,3.0,,,,0.0,1.0,,,,,,0.0,0.0,1.0,0.0,,,,,,,1.0,,0.0,,,,,,,,,,,,,,,,,,,,,,,,,3.0,BrambleVest,OrnnAnimaVisage,,1.0,Bloodthirster,StatikkShiv,,,,,,,,,,,,,,,,,,,,,,,,,,,,,,,,,,,,,,,,,,,,,,3.0,PowerGauntlet,,,,,,,,,,,,,,,,,,,,,,,2.0,NeedlesslyLargeRod,,,,,,,,,,,,,,,,,,,,,,,,,,,,,,,,,,,,,,,,,,,2.0,,,,,,,,,,,,,,,,,,,,,,,,,,,,,,,,,,,,,,,,,,,,,,,,2.0,,,,4.0,TrainerSnax,None,None,2.0,MadredsBloodrazor,InfinityEdge,ArchangelsStaff,,,,,,,,,,,,,,,,,,,,,,,,,,,,,,,,
3,EUW1_5971861152,TFT7_Augment_SwiftshotEmblem,TFT7_Augment_SwiftshotTrait,TFT6_Augment_CyberneticImplants2,,1.0,,2.0,,,,,,,1.0,,0.0,,,,0.0,,,,,,,3.0,1.0,,0.0,,,,,,,,,,,,,,,,,,,,,,,,,,,,,,,,,,,,,,,,,,,,,,,,,,,,,,,,,,2.0,Shroud,,,,,,,,,,,,,,,3.0,SwiftshotEmblemItem,Redemption,BrambleVest,,,,,,,,,,,,,,,,,,,,,,,,,,,,,,,,,,,,,,,,,,,,,,,,,2.0,ThiefsGloves,SpearOfShojin,GuardianAngel,,,,,,,,,,,,,,,,,,,,,,,,,2.0,ThiefsGloves,GiantsBelt,GargoyleStoneplate,,,,,3.0,ThiefsGloves,JeweledGauntlet,SeraphsEmbrace,,,,,,,,,,,,,,,,,,,,,,,,,,,,,,,,,,,None,None,,,,,2.0,NegatronCloak,,,3.0,Deathblade,GuinsoosRageblade,GuardianAngel,,,,,,,,,2.0,BFSword,,,,,,,,,,,,,,
6,EUW1_5971861152,TFT7_Augment_AssassinEmblem,TFT6_Augment_SecondWind1,TFT6_Augment_SecondWind2,2.0,,,2.0,,,,,,,,,0.0,0.0,,,0.0,,1.0,,,,,,1.0,,1.0,1.0,,,,,,,,,,,,,,,,,,,,,,,,,,,,,,,,,2.0,IonicSpark,UnstableConcoction,FrozenHeart,,,,,,,,,,,,,,,,,,,,,,,,,,,,,,,,,,,,,,,,,,,,,,,,,,,,,,,,,,,,,,,,,,,,,,,,,,,,,,,,,,,,,2.0,RapidFireCannon,AssassinEmblemItem,InfinityEdge,2.0,,,,1.0,,,,2.0,Chalice,LocketOfTheIronSolari,PowerGauntlet,,,,,,,,,,,,,,,,,1.0,,,,,,,,,,,,,,,,,,,,,,,,2.0,,,,,,,,,,,,,,,,,,,,,,None,None,,,,,,,,,,,,,,,,,,,,,,,,,,,,,,,,,,,,
8,EUW1_5971861152,TFT6_Augment_TrueTwos,TFT6_Augment_CelestialBlessing1,TFT6_Augment_ComponentGrabBag,,1.0,,2.0,,0.0,1.0,,0.0,,,,0.0,0.0,0.0,,0.0,,,,0.0,1.0,,,0.0,,0.0,0.0,,,,,,,,,,,,,,,,,1.0,HextechGunblade,JeweledGauntlet,GuinsoosRageblade,,,,,,,,,,,,,,,,,,,,,,,,,,,,,,,,,,,,,,,,,,,,,,,,,,,,,2.0,,,,,,,,,,,,,,,,,,,,,,,,,,,,,,,,,,,,,,,,,,,,1.0,,,,,,,,2.0,,,,,,,,,,,,,,,,,,,,,,,,,,,,2.0,RedBuff,LocketOfTheIronSolari,IonicSpark,,,,,,,,,,,,,,,,,,,,,2.0,,,,,,,,,,,,,,,,,,,,,,None,None,,,,,,,,,,,,,,,,,,,,,,,,,,,,,,,,,1.0,SpearOfShojin,PowerGauntlet,
5,EUW1_5971861152,TFT7_Augment_BestFriends2,TFT7_Augment_GuildTrait,TFT7_Augment_GuildEmblem,0.0,,1.0,0.0,,2.0,,0.0,,,6.0,,,,0.0,0.0,1.0,,,,,,,1.0,,,1.0,,,,,,,,,,,,,,,,,,,,,,1.0,StatikkShiv,,,,,,,,,,,,,,,,,,,,,,,,,,,,,,,,,,,,,,,,,,,2.0,GargoyleStoneplate,ArchangelsStaff,GuildEmblemItem,,,,,,,,,,,,,,,,,,,,,,,,,,,,,,,,,,,,,,,,,,,,,,,,,,,,,,,,,,,,,,,,,,,,,,,,,1.0,,,,,,,,,,,,2.0,,,,,,,,,,,,,,,,,,,,,,,,,,,,,,,,2.0,InfinityEdge,Bloodthirster,,,,,,,,,,,,None,None,,,,,2.0,,,,,,,,,,,,,,,,2.0,GuinsoosRageblade,UnstableConcoction,Quicksilver,1.0,CavalierEmblemItem,WarmogsArmor,,,,,,,,,
2,EUW1_5971861152,TFT7_Augment_AssassinEmblem,TFT7_Augment_AssassinTrait,TFT6_Augment_ComponentGrabBag,3.0,,1.0,2.0,,,1.0,,,,2.0,,0.0,0.0,,0.0,0.0,,,,,,,,1.0,,0.0,2.0,,,,,,,,,,,,,,,,,,,,,1.0,,,,,,,,,,,,,,,,,,,,,,,,,,,,2.0,AssassinEmblemItem,InfinityEdge,HextechGunblade,,,,,,,,,,,,,,,,,,,,,,,,,,,,,,,,,,,,,,,,,,,,,,,,,,,,,,,,,,,,,,,,,,,,,,,,,2.0,TitanicHydra,SeraphsEmbrace,,2.0,GuinsoosRageblade,InfinityEdge,JeweledGauntlet,2.0,RapidFireCannon,RagewingEmblemItem,,,,,,,,,,,,,,,,,,2.0,RedBuff,,,,,,,,,,,,,,,,,,,,,,,1.0,AssassinEmblemItem,,,,,,,2.0,TitansResolve,GuardianAngel,,,,,,,,,,,,None,None,,,,,,,,,,,,,,,,,,,,,,,,,,,,,,,,,,,,
4,EUW1_5971861152,TFT7_Augment_GadgetExpert,TFT7_Augment_Preparation,TFT6_Augment_Ascension,,,1.0,,1.0,,1.0,,1.0,1.0,1.0,,,,,1.0,,1.0,,,1.0,,,,,1.0,,0.0,,,,,,,,,,,,,,,,,,,,,1.0,ArchangelsStaff,,,,,,,2.0,Bloodthirster,UnstableConcoction,Deathblade,,,,,,,,,2.0,IonicSpark,RedBuff,WarmogsArmor,,,,,,,,,,,,,,,,,,,,,,,,,,,,,,,,,,,,,,,,,,,,,,,,,,,,,,,,,2.0,,,,,,,,,,,,,,,,,,,,,,,,,,,,,,,,,,,,,,,,,,,,,,,,,,,,,,,,,,,,,,,,2.0,NeedlesslyLargeRod,ShimmerscaleHeartOfGold,,,,,,,,,,,,,,,,,,,,,,,,,,2.0,,,,3.0,TrainerSnax,None,None,2.0,Bloodthirster,RunaansHurricane,StatikkShiv,,,,,,,,,,,,,,,,,,,,,,,,,,,,,,,,
1,EUW1_5971861152,TFT7_Augment_CavalierEmblem,TFT7_Augment_BestFriends1,TFT6_Augment_CyberneticUplink2,,,,,,3.0,1.0,0.0,,1.0,1.0,0.0,,,3.0,,0.0,,,,,,1.0,,,,0.0,0.0,,,,,,,,,,,,,,,,,,,,,,,,,,,,,,,,,,,,,2.0,Quicksilver,ArchangelsStaff,SpearOfShojin,,,,,,,,,,,,,,,,,,,,,,,,,2.0,Zephyr,,,,,,,,,,,,,,,,,,,,,,,,,,,2.0,CavalierEmblemItem,,,,,,,,,,,,,,,,,,,,,,,2.0,RedBuff,Quicksilver,,,,,,,,,,,,,,,,,,,,,,2.0,TitanicHydra,,,,,,,,,,,,,,,,,,,,,,,,,,,2.0,Redemption,,,,,,,,,,,,,,,,,,,,,,,2.0,SeraphsEmbrace,TitanicHydra,,,,None,None,,,,,,,,,,,,,,,,,,,,,,,,,1.0,ThiefsGloves,,,,,,,,,,
7,EUW1_5971861152,TFT7_Augment_GuildGearUpgrades,TFT6_Augment_TinyTitans,TFT7_Augment_GuildEmblem,1.0,,,1.0,,1.0,,0.0,,,3.0,,0.0,,0.0,,1.0,,,,,,,1.0,1.0,,1.0,,,,,,,,,,,,,,,,,,,,,,,,,,,,,,,,,,,,,,,,,,,,,,,,,,,,,,,,,,,,,,,,,,1.0,,,,,,,,,,,,,,,,,,,,,,,,,,,,,,,,,,,,,,,,,,,,,,,,,,,,,,,,,,,,1.0,RedBuff,GiantsBelt,,,,,,2.0,,,,,,,,,,,,,,,,,,,,2.0,,,,,,,,,,,,,,,,,,,,,,,,,,,,,,,,1.0,StatikkShiv,,,,,,,,,,,,,None,None,,,,,2.0,NeedlesslyLargeRod,,,,,,,,,,,,,,,2.0,Quicksilver,GuildEmblemItem,GuinsoosRageblade,1.0,CavalierEmblemItem,WarmogsArmor,UnstableConcoction,,,,,,,,
8,EUW1_5971723374,TFT7_Augment_EvokerEmblem,TFT7_Augment_BandOfThieves1,TFT7_Augment_BestFriends2,,,,1.0,,,1.0,,1.0,,1.0,0.0,0.0,1.0,,0.0,1.0,,,1.0,,,,,0.0,1.0,,0.0,,,,,,,,,,,,,,,,,,,,,,,,,,,,,,,,,,,,,,,,,,,,,,,,,,,,,,,,,,,,,,,,,,,,,2.0,,,,,,,,,,,,,,,,,,,,,,,,,,,,,,,,2.0,,,,,,,,1.0,WarmogsArmor,,,,,,,,,,,,,,,2.0,ThiefsGloves,RunaansHurricane,SeraphsEmbrace,,,,,,,,,1.0,Quicksilver,,,,,,,,,,,,,,,,,,,1.0,EvokerEmblemItem,UnstableConcoction,Morellonomicon,,,,,,,,,,,,,,,,,2.0,Quicksilver,TitanicHydra,,,,,,,,,,,,,,,,,,2.0,TrainerSnax,None,None,,,,,,,,,,,,,,,,,,,,,,,,,,,,,,,,,,,,
6,EUW1_5971723374,TFT7_Augment_AstralIntercosmicGifts,TFT6_Augment_TinyTitans,TFT6_Augment_PortableForge,,1.0,,1.0,,,,,1.0,,1.0,0.0,0.0,2.0,,1.0,,,,,,,,,,1.0,,0.0,,,,,1.0,,,,,,,,,,,,,,,,,,,,,,,,,,,,,,,,,,,,,,,,,,,,,,,,,,,,,,,,,,,,,,,,2.0,,,,3.0,SparringGloves,,,,,,,,,,,,,,,,,,,,,,,,,,,2.0,,,,3.0,StatikkShiv,LocketOfTheIronSolari,ZekesHerald,,,,,,,,,,,,,,,,,,,,,,,,,,,,,2.0,SpearOfShojin,JeweledGauntlet,ArchangelsStaff,,,,,,,,,,,,,,,,,,,,,,,,,,,,,,,,,,,,,2.0,WarmogsArmor,OrnnRocketPropelledFist,GargoyleStoneplate,,,,,,,,,,,,,,,,,3.0,TrainerSnax,None,None,,,,,,,,,,,,,3.0,TitansResolve,,,,,,,,,,,,,,,,,,,,,,
7,EUW1_5971723374,TFT6_Augment_Ascension,TFT7_Augment_JadeEmblem,TFT7_Augment_PandorasBench,,,,,,,1.0,0.0,1.0,,,2.0,0.0,,0.0,1.0,,,,1.0,,,,,,0.0,1.0,,,,,,1.0,ArchangelsStaff,,,,,,,,,,,,,,,,,,,,,,,,,,,,,,,,,,,,,,,2.0,GuardianAngel,TitansResolve,WarriorEmblemItem,,,,,,,,,,,,,2.0,,,,,,,,,,,,,,,,,,,,,,,,,,,,,,,,,,,,,,,,2.0,JadeEmblemItem,,,,,,,3.0,GargoyleStoneplate,RedBuff,,,,,,,,,,,,,,,,,,,,,,,,,,,,,,,,,,,,,,,,,,,,,,,,,,,,,,,,,,,,,,,,,,,,,,,,,,,,,,,,,,,,,,,,None,None,,,,,,,,,,,,,,,,,,,,,,,,,1.0,,,,,,,,,,,
1,EUW1_5971723374,TFT7_Augment_ClutteredMind,TFT6_Augment_Meditation1,TFT6_Augment_Meditation2,,,1.0,1.0,,,1.0,,0.0,,1.0,0.0,0.0,1.0,,1.0,,,,,0.0,1.0,1.0,,2.0,0.0,,0.0,,,,,,,,,2.0,StatikkShiv,SpearOfShojin,ArchangelsStaff,,,,,,,,,2.0,,,,,,,,,,,,,,,,,,,,,,,,,,,,,,,,,,,,,,,,,,,,,,,,,,,,,,,,,,,,,,,,,,,,,,,,,,,,,,,,2.0,,,,,,,,,,,,,,,,,,,,,,,,2.0,Zephyr,GargoyleStoneplate,StatikkShiv,,,,,,,,,,,,,,,,,,,,,,,,,,,,,,,,,,,,,,,,,2.0,Quicksilver,MageEmblemItem,GuinsoosRageblade,,,,,2.0,IonicSpark,Shroud,IonicSpark,,,,,,,,,,,,,,,,,,,None,None,,,,,,,,,,,,,,,,,,,,,,,,,,,,,,,,,2.0,,,
5,EUW1_5971723374,TFT7_Augment_CannoneerEmblem,TFT6_Augment_CelestialBlessing1,TFT6_Augment_ComponentGrabBag,,,,,3.0,,1.0,,1.0,1.0,,,,,,0.0,,2.0,0.0,,1.0,,,,,1.0,,,,,,,,,,,,,,,,,,,,,,,,,,,2.0,TitanicHydra,,,2.0,Deathblade,InfinityEdge,GuinsoosRageblade,,,,,,,,,1.0,DragonsClaw,GargoyleStoneplate,GargoyleStoneplate,,,,,,,,,,,,,,,,,,,,,,,,,,,,,,,,,1.0,,,,,,,,,,,,,,,,,,,,,,,,2.0,CannoneerEmblemItem,,,,,,,,,,,,,,,,,,,,,,,,,,,,,,,,,,,,,,,,,,,,,,,,,,,,,,,,,,,,,,,2.0,ShimmerscaleGamblersBlade,SeraphsEmbrace,Morellonomicon,,,,,,,,,,,,,,,,,,,,,,,,,,,,,3.0,TrainerSnax,None,None,2.0,RunaansHurricane,,,,,,,,,,,,,,,,,,,,,,,,,,,,,,,,,,
2,EUW1_5971723374,TFT6_Augment_Ascension,TFT6_Augment_FirstAidKit,TFT7_Augment_PandorasBench,,0.0,,,,0.0,1.0,0.0,,,1.0,1.0,,,,,1.0,,,3.0,,,1.0,,,,,0.0,,,,,,,,,,,,,,,,,,,,,,,,,,,,,,,,,,,,,,,,,,,,,,,,,,,,,2.0,,,,,,,,2.0,,,,,,,,,,,,,,,,,,,,,,,,,,,,,,,,,,,,,,,,,,,,,,,,2.0,GargoyleStoneplate,RedBuff,,3.0,Quicksilver,GuinsoosRageblade,RunaansHurricane,,,,,,,,,,,,,,,,,,,,,,,,,1.0,,,,,,,,,,,,,,,,2.0,GuinsoosRageblade,Shroud,FrozenHeart,,,,,,,,,2.0,SpearOfShojin,,,2.0,ChainVest,Shroud,,,,,,,,,,,,,,,,,,,,,,,,None,None,,,,,,,,,,,,,,,,,,,,,,,,,,,,,,,,,,,,
3,EUW1_5971723374,TFT7_Augment_GadgetExpert,TFT6_Augment_MakeshiftArmor1,TFT6_Augment_Distancing2,1.0,,1.0,,1.0,,1.0,,1.0,1.0,2.0,0.0,,,,1.0,,1.0,,,1.0,,1.0,,,1.0,,,,,,,,,,,,,,,,,,,,,,,1.0,,,,,,,,2.0,StatikkShiv,Deathblade,GuinsoosRageblade,,,,,,,,,1.0,RedBuff,GargoyleStoneplate,DragonsClaw,,,,,,,,,,,,,,,,,,,,,,,,,,,,,,,,,,,,,,,,,,,,,,,,,,,,,,,,,2.0,,,,,,,,,,,,,,,,,,,,,,,,,,,,,,,,,,,,,,,,,,,,,,,,,,,,,,,,,,,,,,,,2.0,ShimmerscaleGamblersBlade,SpearOfShojin,GuardianEmblemItem,2.0,TearOfTheGoddess,,,,,,,,,,,,,,,2.0,,,,,,,,,,,,2.0,TrainerSnax,None,None,2.0,RedBuff,AssassinEmblemItem,,,,,,,,,,,,,,,,,,,,,,,,,,,,,,,,,
4,EUW1_5971723374,TFT7_Augment_GadgetExpert,TFT6_Augment_SecondWind1,TFT7_Augment_PandorasBench,,,1.0,,2.0,,1.0,,1.0,0.0,1.0,,,,,2.0,,2.0,,,1.0,,,,,1.0,,,,,,,,,,,,,,,,,,,,,,,2.0,,,,,,,,2.0,GuinsoosRageblade,UnstableConcoction,MadredsBloodrazor,,,,,,,,,2.0,RedBuff,WarmogsArmor,WarmogsArmor,,,,,,,,,,,,,,,,,,,,,,,,,,,,,,,,,1.0,,,,,,,,,,,,,,,,,,,,,,,,1.0,,,,,,,,,,,,,,,,,,,,,,,,,,,,,,,,,,,,,,,,,,,,,,,,,,,,,,,,,,,,,,,,2.0,MysticEmblemItem,,,,,,,,,,,,,,,,,,,,,,,,,,,,,,,2.0,TrainerSnax,None,None,2.0,StatikkShiv,ShimmerscaleGamblersBlade,HextechGunblade,,,,,,,,,,,,,,,,,,,,,,,,,,,,,,,,
5,EUW1_5971787603,TFT6_Augment_CyberneticShell3,TFT6_Augment_PortableForge,TFT6_Augment_ComponentGrabBag,1.0,,,,,,1.0,,1.0,,1.0,2.0,0.0,,,1.0,,,,1.0,,,,,0.0,0.0,,,,,,,2.0,HextechGunblade,,,,,,,,,,,,,,,,,,,,,,,,,,,,,,,,,,,,,,,2.0,TitansResolve,Bloodthirster,GuardianAngel,,,,,,,,,,,,,2.0,SparringGloves,,,,,,,,,,,,,,,,,,,,,,,,,,,,,,,,,,,,,,,2.0,BFSword,,,,,,,2.0,Morellonomicon,WarmogsArmor,WarmogsArmor,,,,,,,,,,,,,,,,,,,,,2.0,OrnnRanduinsSanctum,,,,,,,,,,,,,,,,,,,,,,,,,,,,,,,,,,,,,,,,,,,,,,,,,,,2.0,InfinityEdge,Quicksilver,,,,,,,,,,,,None,None,,,,,,,,,,,,,,,,,,,,,,,,,,,,,,,,,,,,
8,EUW1_5971787603,TFT7_Augment_DragonmancerEmblem2,TFT6_Augment_MakeshiftArmor2,TFT6_Augment_JeweledLotus,,,,0.0,,,,2.0,0.0,,,1.0,1.0,,,,0.0,,,0.0,0.0,,,0.0,1.0,,,,,,,,2.0,UnstableConcoction,DragonmancerEmblemItem,SpearOfShojin,,,,,2.0,ZekesHerald,,,,,,,,,,,,,,,,,,,,,,,,,,,,,,,,,,,,,,,,,,,,,,,,,,,,,,,,,,,,,,,,,,,2.0,,,,,,,,1.0,,,,,,,,,,,,,,,,,,,,,,,,,,,,,,,,,,,,1.0,Redemption,Redemption,,,,,,,,,,,,,,,,,,,,,,,,,,,,,,,,,,,,,,,,,,,,,,2.0,,,,,,,,,,,,,,,,,,,,,,,,,,None,None,,,,,,,,,,,,,,,,,2.0,TitansResolve,Quicksilver,UnstableConcoction,,,,,,,,,,,,,,,,
4,EUW1_5971787603,TFT7_Augment_SwiftshotEmblem2,TFT7_Augment_UrfsGrabBag1,TFT7_Augment_GuildEmblem,0.0,0.0,,2.0,,,,0.0,,,3.0,,0.0,0.0,0.0,,0.0,,,,,,,2.0,1.0,,1.0,0.0,,,,,,,,,,,,,,,,,,,,,,,,,,,,,,,,,,,,,,,,,,,,,,,,,,,,,,,,,1.0,,,,,,,,,,,,,,,,3.0,TitanicHydra,Morellonomicon,DragonsClaw,,,,,,,,,,,,,,,,,,,,,,,,,,,,,,,,,,,,,,,,,,,,,,,,,1.0,TearOfTheGoddess,,,,,,,,,,,,,,,,,,,,,,,,,,,2.0,,,,,,,,,,,,,,,,,,,,,,,,2.0,,,,,,,,2.0,FrozenHeart,TitansResolve,,,,,,,,,,,,None,None,,,,,2.0,ZekesHerald,,,3.0,GuinsoosRageblade,Deathblade,RunaansHurricane,,,,,,,,,,,,,1.0,LastWhisper,SwiftshotEmblemItem,GuildEmblemItem,,,,,,,,
3,EUW1_5971787603,TFT7_Augment_MageEmblem2,TFT6_Augment_ComponentGrabBag,TFT6_Augment_Ascension,,1.0,1.0,1.0,,,1.0,,1.0,,2.0,,0.0,2.0,,2.0,,,,,,,,,0.0,1.0,,0.0,,,,,,,,,,,,,,,,,1.0,MageEmblemItem,RabadonsDeathcap,StatikkShiv,1.0,,,,,,,,,,,,,,,,,,,,,,,,,,,,,,,,,,,,,,,,,,,,,,,,2.0,,,,,,,,,,,,,,,,,,,,,,,,,,,,,,,,2.0,,,,2.0,PowerGauntlet,,,,,,,,,,,,,,,,,,,2.0,Redemption,HextechGunblade,TitansResolve,,,,,,,,,2.0,SpearOfShojin,HextechGunblade,ArchangelsStaff,,,,,,,,,,,,,,,,,,,,,,,,,,,,,,,,,,,,,2.0,RedBuff,IonicSpark,BrambleVest,,,,,,,,,,,,,,,,,4.0,TrainerSnax,None,None,,,,,,,,,,,,,,,,,,,,,,,,,,,,,,,,,,,,
6,EUW1_5971787603,TFT7_Augment_GuildEmblem2,TFT6_Augment_LudensEcho2,TFT6_Augment_CyberneticUplink2,,,1.0,0.0,,,1.0,,1.0,,2.0,,,1.0,,1.0,,0.0,,,0.0,1.0,,,1.0,1.0,,0.0,,,,,,,,,1.0,SpearOfShojin,MadredsBloodrazor,JeweledGauntlet,,,,,,,,,1.0,BFSword,,,,,,,,,,,,,,,,,,,,,,,,,,,,,,,,,,,,,,,,,,,,,,,2.0,Zephyr,,,,,,,,,,,,,,,,,,,,,,,,,,,,,,,1.0,RecurveBow,,,,,,,,,,,,,,,,,,,,,,,,,,,,,,,,,,,,,,,,,,,,,,,,,,,,,,,,,,,,,,,2.0,ChainVest,,,,,,,,,,,2.0,RedBuff,,,,,,,,,,,,,,,,,,,3.0,TrainerSnax,None,None,,,,,,,,,,,,,,,,,,,,,,,,,,,,,,,,,1.0,GuildEmblemItem,MadredsBloodrazor,
7,EUW1_5971787603,TFT7_Augment_CavalierEmblem2,TFT6_Augment_PortableForge,TFT7_Augment_RagewingTantrum,1.0,,,1.0,,1.0,,,,,1.0,0.0,0.0,,,,1.0,,,,,,1.0,1.0,1.0,,0.0,0.0,,,,,,,,,,,,,,,,,,,,,,,,,,,,,,,,,,,,,,,,,,,,,,,,,,,,,,,,,,,,,,,,,2.0,,,,,,,,,,,,,,,,,,,,,,,,,,,,,,,,,,,,,,,,,,,,,,,,,,,,,,,,,,,,2.0,CavalierEmblemItem,RedBuff,,1.0,Quicksilver,MadredsBloodrazor,ArchangelsStaff,1.0,,,,,,,,,,,,,,,,,,,,2.0,ThiefsGloves,Quicksilver,RabadonsDeathcap,,,,,,,,,,,,,1.0,,,,,,,,,,,,,,,,,,,,,,,,,,,,,,None,None,,,,,2.0,GuinsoosRageblade,,,,,,,,,,,,,,,2.0,OrnnInfinityForce,GuinsoosRageblade,MadredsBloodrazor,,,,,,,,,,,,
2,EUW1_5971787603,TFT6_Augment_CyberneticImplants3,TFT6_Augment_TomeOfTraits1,TFT7_Augment_BestFriends2,3.0,,,1.0,,,1.0,,,0.0,1.0,,0.0,,,,0.0,,0.0,,0.0,,,,1.0,,,2.0,,,,,,,,,,,,,,,,,,,,,,,,,,,,,,,,,1.0,,,,,,,,,,,,,,,,2.0,GuinsoosRageblade,AssassinEmblemItem,Bloodthirster,,,,,,,,,,,,,,,,,,,,,,,,,,,,,,,,,2.0,ThiefsGloves,SeraphsEmbrace,ArchangelsStaff,,,,,,,,,,,,,,,,,,,,,,,,,,,,,,,,,,,,,1.0,NeedlesslyLargeRod,,,1.0,ZekesHerald,MadredsBloodrazor,,1.0,FrozenHeart,,,,,,,,,,,,,,,,,,,,,,,,,,,,,,,,,,,,,,,,,,,,,,,,,,,2.0,FrozenHeart,,,,,,,2.0,SparringGloves,Zephyr,,,,None,None,,,,,,,,,,,,,,,,,,,,,,,,,,,,,,,,,,,,
1,EUW1_5971787603,TFT6_Augment_Distancing3,TFT6_Augment_SunfireBoard,TFT7_Augment_GadgetExpert,,0.0,1.0,1.0,,,1.0,0.0,0.0,,1.0,,0.0,1.0,0.0,2.0,,,,,0.0,1.0,,,2.0,0.0,0.0,0.0,,,,,,,,,2.0,SpearOfShojin,ArchangelsStaff,MadredsBloodrazor,,,,,,,,,2.0,,,,,,,,,,,,,,,,,,,,,,,,,,,,,,,,,,,,,,,,,,,,,,,,,,,,,,,,,,,,,,,,,,,,,,,,,,,,,,,,2.0,,,,1.0,BFSword,,,,,,,,,,,,,,,,,,,2.0,BrambleVest,DragonsClaw,,,,,,,,,,,,,,,,,,,,,,,,,,,,,,,,,,,,,,,,,,,,,,,,,,2.0,,,,,,,,,,,,,,,,,,,,,,None,None,,,,,,,,,,,,,,,,,,,,,,,,,2.0,InfinityEdge,TitansResolve,GuardianAngel,,,,,1.0,StatikkShiv,LastWhisper,
2,EUW1_5972107473,TFT6_Augment_LudensEcho2,TFT6_Augment_FuturePeepers2,TFT6_Augment_Diversify2,,0.0,,1.0,,,1.0,,1.0,,,,0.0,1.0,,1.0,,0.0,,,,,,,2.0,1.0,,0.0,,,,,,,,,1.0,Quicksilver,SpearOfShojin,JeweledGauntlet,,,,,,,,,,,,,,,,,,,,,,,,,,,,,,,,,,,,,,,,,,,,,,,,,,,,,,,,,2.0,BFSword,ZephyrRadiant,,,,,,,,,,,,,,,,,,,,,,,,,,,,,,2.0,JeweledGauntlet,RabadonsDeathcap,,2.0,ZekesHerald,UnstableConcoction,ZekesHerald,,,,,,,,,,,,,,,,,1.0,,,,,,,,,,,,,,,,,,,,,,,,,,,,,,,,,,,,,,,,1.0,,,,,,,,,,,,2.0,GargoyleStoneplate,IonicSpark,WarmogsArmor,,,,,,,,,,,,,,,,,4.0,TrainerSnax,None,None,,,,,,,,,,,,,,,,,,,,,,,,,,,,,,,,,,,,
7,EUW1_5972107473,TFT6_Augment_Twins2,TFT6_Augment_VerdantVeil,TFT6_Augment_ThrillOfTheHunt2,,0.0,,1.0,,,1.0,,,,1.0,,,,,,,,,,,,,1.0,,,,1.0,,,,,,,,,,,,,,,,,,,,,,,,,,,,,,,,,,,,,,,,,,,,,,,,,1.0,BrambleVest,TearOfTheGoddess,GuardianAngel,,,,,,,,,,,,,,,,,,,,,2.0,RedBuff,GiantsBelt,Zephyr,,,,,,,,,,,,,,,,,,,,,,,,,,,,,,,,,,,,,,,,,,,,,,,,,,,,,,,,,,,,,,,,,,,,,,,,,,,,,,,,,,,,,,,,,,,,,,,,,,,,,,,,,,,,,,,,,,,,,,,,,,,None,None,,,,,2.0,,,,2.0,GuinsoosRageblade,Deathblade,TitansResolve,,,,,,,,,,,,,,,,,,,,,,,,
6,EUW1_5972107473,TFT6_Augment_RichGetRicher,TFT7_Augment_JadeTrait2,TFT7_Augment_PandorasBench,1.0,,1.0,1.0,,,1.0,0.0,,,2.0,0.0,0.0,,0.0,0.0,,,,,,,,,1.0,,0.0,2.0,,,,,,,,,,,,,,,,,,,,,1.0,TearOfTheGoddess,,,,,,,,,,,,,,,,,,,,,,,,,,,2.0,InfinityEdge,Bloodthirster,TitansResolve,,,,,,,,,,,,,,,,,,,,,,,,,,,,,,,,,,,,,,,,,,,,,,,,,,,,,,,,,,,,,,,,,,,,,,,,,1.0,Zephyr,GargoyleStoneplate,,1.0,IonicSpark,,,1.0,,,,,,,,,,,,,,,,,,,,,,,,,,,,,,,,,,,,,,,,,,,,,,,,,,,,1.0,Deathblade,,,,,,,,,,,,,None,None,,,,,,,,,,,,,,,,,,,,,,,,,2.0,ThiefsGloves,GiantsBelt,WarmogsArmor,,,,,,,,
1,EUW1_5972107473,TFT6_Augment_JeweledLotus,TFT6_Augment_Distancing3,TFT7_Augment_SwiftshotEmblem,,0.0,,2.0,,,1.0,,,,1.0,,0.0,0.0,,,,,,,,,,2.0,1.0,,,2.0,,,,,,,,,,,,,,,,,,,,,,,,,,,,,,,,,,,,,,,,,,,,,,,,,2.0,SwiftshotEmblemItem,Bloodthirster,TitansResolve,,,,,2.0,,,,,,,,,,,,,,,,3.0,TitanicHydra,RedBuff,,,,,,,,,,,,,,,,,,,,,,,,,,,,,,,,,,,,,,,,,,,,,,,,,,2.0,TearOfTheGoddess,Chalice,,,,,,,,,,,,,,,,,,,,,,,,,,,,,,,,,,,,,,,,,,,,,,,,,,2.0,,,,,,,,,,,,,,,,,,,,,,None,None,,,,,2.0,Bloodthirster,RapidFireCannon,,3.0,Deathblade,RunaansHurricane,GuinsoosRageblade,,,,,,,,,,,,,,,,,,,,,,,,
4,EUW1_5972107473,TFT7_Augment_MageConference,TFT6_Augment_WindfallPlus,TFT7_Augment_AxiomArc2,,0.0,1.0,0.0,,0.0,,,,,2.0,,,3.0,,1.0,,,0.0,,0.0,1.0,,,,0.0,,0.0,,,,,,,,,,,,,,,,,,,,,1.0,,,,,,,,,,,,,,,,,,,,,,,,,,,,,,,,,,,,,,,,,,,,,,,,3.0,,,,,,,,,,,,,,,,,,,,,,,,,,,,3.0,ThiefsGloves,NeedlesslyLargeRod,RabadonsDeathcap,,,,,3.0,Shroud,,,,,,,,,,,,,,,,,,,,,,,,,,,,,,,3.0,ArchangelsStaff,GuardianAngel,,,,,,,,,,,,,,,,,,,,,,,,,,,,,,,,,,,,,,3.0,RedBuff,WarmogsArmor,DragonsClaw,,,,,,,,,,,,,,,,,,,None,None,,,,,,,,,,,,,3.0,LocketOfTheIronSolari,TitanicHydra,Redemption,,,,,,,,,,,,,,,,,2.0,RunaansHurricane,,
3,EUW1_5972107473,TFT7_Augment_GadgetExpert,TFT6_Augment_ForceOfNature,TFT6_Augment_Ascension,,0.0,,1.0,0.0,,1.0,,0.0,,,,0.0,1.0,,1.0,,,,,,,,,2.0,2.0,,0.0,,,,,,,,,1.0,SpearOfShojin,MadredsBloodrazor,HextechGunblade,,,,,,,,,,,,,,,,,,,,,,,,,,,,,,,,,,,,,,,,,,,,,,,,,,,,,,,,,2.0,,,,,,,,,,,,,,,,,,,,,,,,,,,,,,,,2.0,,,,3.0,StatikkShiv,Chalice,NeedlesslyLargeRod,,,,,,,,,,,,,,,,,1.0,ThiefsGloves,Chalice,PowerGauntlet,,,,,,,,,,,,,,,,,,,,,,,,,,,,,,,,,,,,,,,,,,,,,,,,,2.0,RedBuff,DragonsClaw,GargoyleStoneplate,,,,,,,,,,,,,,,,,3.0,TrainerSnax,None,None,1.0,ArchangelsStaff,Quicksilver,,,,,,,,,,2.0,,,,,,,,,,,,,,,,,,,,,,,
5,EUW1_5972107473,TFT7_Augment_CavalierEmblem,TFT6_Augment_Electrocharge3,TFT6_Augment_ComponentGrabBag,1.0,,,1.0,,2.0,,0.0,,,2.0,,0.0,,0.0,,1.0,,,,,,,1.0,1.0,,1.0,,,,,,,,,,,,,,,,,,,,,,,,,,,,,,,,,,,,,,,,,,,,,,,,,,,,,,,,,,,,,,,,,,1.0,,,,,,,,,,,,,,,,,,,,,,,,,,,,,,,,,,,,,,,,,,,,,,,,,,,,,,,,,,,,2.0,TitanicHydra,RabadonsDeathcap,ChainVest,,,,,2.0,,,,,,,,,,,,,,,,,,,,2.0,,,,,,,,,,,,,,,,,,,,,,,,,,,,,,,,1.0,CavalierEmblemItem,InfinityEdge,UnstableConcoction,,,,,,,,,,,None,None,,,,,2.0,Zephyr,ZekesHerald,,,,,,,,,,,,,,2.0,GuinsoosRageblade,MadredsBloodrazor,,1.0,CavalierEmblemItem,SeraphsEmbrace,Bloodthirster,,,,,,,,
8,EUW1_5972107473,TFT6_Augment_HyperRoll,TFT6_Augment_GrandGambler,TFT6_Augment_ThrillOfTheHunt2,2.0,,,1.0,,0.0,,,,1.0,1.0,,,0.0,,,0.0,,2.0,,,,,,,,1.0,0.0,,,,,,,,,,,,,,,,,,,,,,,,,3.0,DragonsClaw,,,,,,,3.0,,,,,,,,,,,,,,,,,,,,,,,,,,,,,,,,,,,,,,,,,,,,,,,,,,,,,,,,,,,,,,,,2.0,,,,,,,,,,,,,,,,,,,,,,,,2.0,AssassinEmblemItem,BFSword,RapidFireCannon,,,,,1.0,,,,,,,,,,,,,,,,,,,,,,,,2.0,GuardianEmblemItem,,,,,,,,,,,,,,,,,,,,,,,,,,,,,,,1.0,,,,,,,,,,,,,,None,None,,,,,,,,,,,,,,,,,,,,,,,,,,,,,,,,,,,,
2,EUW1_5972081715,TFT7_Augment_BestFriends2,TFT6_Augment_PortableForge,TFT6_Augment_JeweledLotus,2.0,,,2.0,,0.0,,,,,1.0,,0.0,0.0,,,0.0,,1.0,,,,,,1.0,,1.0,1.0,,,,,,,,,,,,,,,,,,,,,,,,,,,,,,,,,2.0,UnstableConcoction,TitansResolve,RabadonsDeathcap,,,,,,,,,,,,,,,,,,,,,,,,,,,,,,,,,,,,,,,,,,,,,,,,,,,,,,,,,,,,,,,,,,,,,,,,,,,,,,,,,,,,,3.0,RapidFireCannon,InfinityEdge,AssassinEmblemItem,2.0,PowerGauntlet,,,1.0,,,,2.0,CavalierEmblemItem,,,,,,,,,,,,,,,,,,,2.0,RedBuff,OrnnAnimaVisage,ZekesHerald,,,,,,,,,,,,,,,,,,,,,2.0,,,,,,,,2.0,ThiefsGloves,Quicksilver,RabadonsDeathcap,,,,,,,,,,,None,None,,,,,,,,,,,,,,,,,,,,,,,,,,,,,,,,,,,,
6,EUW1_5972081715,TFT7_Augment_BestFriends2,TFT6_Augment_ThrillOfTheHunt2,TFT7_Augment_CavalierEmblem,,,,1.0,,1.0,1.0,,,0.0,,0.0,,0.0,,,0.0,,,1.0,,,,,,,,3.0,,,,,,,,,,,,,,,,,,,,,,,,,,,,,,,,,,,,,,,,,,,,,,,,,2.0,CavalierEmblemItem,TitansResolve,Bloodthirster,2.0,GuinsoosRageblade,UnstableConcoction,Quicksilver,,,,,,,,,2.0,RedBuff,TearOfTheGoddess,,,,,,,,,,,,,,,,,,,,,,,,,,,,,,,,,,,,,,,,,,2.0,RedBuff,,,,,,,,,,,,,,,,,,,,,,,,,,,,,,,,,,,,,,,,,,,,,,,,,,,,,,,,,,,,,,,,,,,1.0,,,,,,,,,,,,,,,,2.0,,,,,,None,None,,,,,,,,,,,,,,,,,,,,,,,,,,,,,,,,,,,,
7,EUW1_5972081715,TFT6_Augment_ThreesCompany,TFT6_Augment_CelestialBlessing2,TFT7_Augment_GadgetExpert,,1.0,,1.0,,,,,0.0,,2.0,,,1.0,,1.0,,,,,,,,1.0,,0.0,,0.0,,,,,,,,,,,,,,,,,,,,,,,,,,,,,,,,,,,,,,,,,,,,,,,,,,,,,,,,,,,,,,,,,,,,,,,,,3.0,FrozenHeart,,,,,,,,,,,,,,,,,,,,,,,,,,,1.0,,,,3.0,StatikkShiv,SpearOfShojin,,,,,,,,,,,,,,,,,,,,,,,,,,,,,,2.0,,,,,,,,,,,,,,,,,,,,,,,,,,,,,,,,,,,,,,,,2.0,ThiefsGloves,RunaansHurricane,SeraphsEmbrace,,,,,,,,,,,,,,,,,,,None,None,,,,,2.0,,,,3.0,RunaansHurricane,Deathblade,GuinsoosRageblade,,,,,,,,,,,,,,,,,,,,,,,,
5,EUW1_5972081715,TFT6_Augment_Electrocharge2,TFT7_Augment_DragonAlliance,TFT7_Augment_FirstAidKit2,,,,0.0,,,2.0,,,1.0,,0.0,,,,,,,,0.0,1.0,,,,,,,2.0,,,,,,,,,,,,,,,,,,,,,,,,,,,,,,,,,,,,,,,,,2.0,IonicSpark,Shroud,ShimmerscaleMogulsMail,,,,,2.0,GuinsoosRageblade,Bloodthirster,Quicksilver,,,,,,,,,,,,,,,,,,,,,,,,,,,,,,,,,,,,,,,,,,,,,,,,,,,,,,,,,1.0,ThiefsGloves,Chalice,RabadonsDeathcap,,,,,,,,,,,,,,,,,,,,,,,,,,,,,,,,,,,,,,,,,,,,,,,,,,,,,,,,,,,,,,,,,,,,,,,,,,,,,,,,,2.0,RedBuff,,,,,None,None,,,,,,,,,,,,,,,,,,,,,,,,,,,,,,,,,,,,
3,EUW1_5972081715,TFT6_Augment_ClearMind,TFT6_Augment_ThrillOfTheHunt2,TFT6_Augment_PortableForge,,0.0,,1.0,,,1.0,,0.0,,1.0,0.0,0.0,2.0,,1.0,,,,,0.0,1.0,1.0,,2.0,0.0,,0.0,,,,,,,,,2.0,ArchangelsStaff,SpearOfShojin,MageEmblemItem,,,,,,,,,,,,,,,,,,,,,,,,,,,,,,,,,,,,,,,,,,,,,,,,,,,,,,,,,,,,,,,,,,,,,,,,,,,,,,,,,,,,,,,,,2.0,OrnnRanduinsSanctum,SeraphsEmbrace,,2.0,,,,,,,,,,,,,,,,,,,,2.0,GargoyleStoneplate,RedBuff,Quicksilver,,,,,,,,,2.0,,,,,,,,,,,,,,,,,,,,,,,,,,,,,,,,1.0,,,,,,,,2.0,TitanicHydra,,,,,,,,,,,,,,,,,,,,,None,None,,,,,,,,,,,,,,,,,,,,,,,,,,,,,,,,,1.0,PowerGauntlet,,
1,EUW1_5972081715,TFT7_Augment_GadgetExpert,TFT7_Augment_CannoneerHotShot,TFT6_Augment_ComponentGrabBag,,,1.0,,2.0,,1.0,0.0,1.0,1.0,1.0,,,,0.0,1.0,,2.0,,,1.0,,,,,1.0,0.0,,,,,,,,,,,,,,,,,,,,,,1.0,,,,,,,,2.0,GuinsoosRageblade,StatikkShiv,StatikkShiv,,,,,,,,,2.0,ShimmerscaleMogulsMail,GargoyleStoneplate,DragonsClaw,,,,,,,,,,,,,,,,,,,,,,,,,,,,,,,,,2.0,GuardianAngel,,,,,,,,,,,,,,,,,,,,,,,2.0,RedBuff,GiantsBelt,FrozenHeart,,,,,,,,,,,,,,,,,,,,,,,,,,,,,,,,,,,,,,,,,,,,,,,,,,,,,,,,,,,,,2.0,ThiefsGloves,Quicksilver,RabadonsDeathcap,,,,,,,,,,,,,,,,,,,,,,,,,,,,,4.0,TrainerSnax,None,None,2.0,Bloodthirster,LocketOfTheIronSolari,GuardianEmblemItem,,,,,,,,,,,,,,,,,,,,,1.0,,,,,,,,,,,
4,EUW1_5972081715,TFT7_Augment_Bloodlust1,TFT7_Augment_RevelPartyFavors,TFT6_Augment_SecondWind2,,,,1.0,1.0,,1.0,,1.0,,,,,1.0,,,,1.0,,,0.0,1.0,,,,1.0,,2.0,,,,,,,,,,,,,,,,,,,,,,,,,,,,,2.0,InfinityEdge,GuinsoosRageblade,UnstableConcoction,,,,,,,,,,,,,,,,,2.0,WarmogsArmor,GuardianAngel,,,,,,,,,,,,,,,,,,1.0,,,,,,,,,,,,,,,,,,,,,,,,,,,,,,,,,,,,,,,,,,,,,,,,,,,,,,,,,,,,,,,,,,,,,,,,,,,,,,,,,,,,,,,,,,,,,,,,2.0,SpearOfShojin,Morellonomicon,HextechGunblade,,,,,,,,,2.0,,,,,,,,,,,,,,,,,,,,2.0,TrainerSnax,None,None,2.0,,,,,,,,,,,,,,,,,,,,,,,,,,,,,,,,1.0,EvokerEmblemItem,SpearOfShojin,LocketOfTheIronSolari
8,EUW1_5972081715,TFT6_Augment_MetabolicAccelerator,TFT6_Augment_TomeOfTraits1,TFT6_Augment_Diversify2,0.0,0.0,,1.0,,,1.0,,,1.0,,0.0,,0.0,,,,,,1.0,,,,,,,,4.0,,,,,,,,,,,,,,,,,,,,,,,,,,,,,,,,,,,,,,,,,,,,,,,,,1.0,,,,2.0,GuinsoosRageblade,Bloodthirster,SeraphsEmbrace,,,,,,,,,,,,,,,,,,,,,,,,,,,,,,,,,,,,,,,,,,,,,,,,,,,,,,,,,3.0,GuinsoosRageblade,WhispersEmblemItem,Bloodthirster,,,,,,,,,,,,,1.0,,,,,,,,,,,,,,,,,,,,,,,,,,,,,,,,,,,,,,,,,,,,,,,,2.0,,,,,,,,,,,,2.0,BrambleVest,,,2.0,,,,,,None,None,,,,,,,,,,,,,,,,,,,,,,,,,,,,,,,,,,,,
6,EUW1_5971888642,TFT6_Augment_SalvageBin,TFT6_Augment_Recombobulator,TFT7_Augment_BestFriends1,0.0,,,,,1.0,1.0,,0.0,,1.0,1.0,0.0,,2.0,,0.0,,,1.0,,,,,,,,,,,,,1.0,,,,,,,,,,,,,,,,,,,,,,,,,,,,,,,,2.0,MadredsBloodrazor,ArchangelsStaff,GuinsoosRageblade,,,,,,,,,,,,,,,,,,,,,1.0,,,,1.0,,,,,,,,,,,,,,,,,,,,,,,,,,,,,,,,,,,,,,,,,,,,2.0,GargoyleStoneplate,RedBuff,TitanicHydra,,,,,2.0,,,,,,,,,,,,,,,,,,,,,,,,,,,,,,,,,,,,,,,,,,,,,,,,,,,,,,,,,,,,,,,,,,,,2.0,InfinityEdge,FrozenHeart,UnstableConcoction,,,,,,,,,,,None,None,,,,,,,,,,,,,,,,,,,,,,,,,,,,,,,,,,,,
4,EUW1_5971888642,TFT7_Augment_BruiserEmblem,TFT7_Augment_WarriorTrait,TFT6_Augment_ThrillOfTheHunt1,,0.0,,3.0,,,1.0,,,,,,0.0,0.0,,,0.0,,0.0,,,,,,0.0,,1.0,2.0,,,,,,,,,,,,,,,,,,,,,,,,,,,,,,,,,,,,,,,,,,,,,,,,,2.0,MadredsBloodrazor,GuinsoosRageblade,Bloodthirster,,,,,,,,,,,,,,,,,,,,,2.0,,,,,,,,,,,,,,,,,,,,,,,,,,,,,,,,,,,,,,,,,,,,,,,,3.0,ThiefsGloves,Bloodthirster,DragonsClaw,2.0,UnstableConcoction,Quicksilver,,,,,,,,,,,,,,,,,,,,,,,,,,2.0,ZekesHerald,,,,,,,1.0,,,,,,,,,,,,,,,,2.0,,,,,,,,,,,,,,,,,,,,,,None,None,,,,,,,,,,,,,,,,,,,,,,,,,,,,,,,,,,,,
1,EUW1_5971888642,TFT7_Augment_GadgetExpert,TFT7_Augment_BandOfThieves1,TFT6_Augment_Weakspot,0.0,,1.0,,1.0,,1.0,,1.0,1.0,1.0,,,0.0,,1.0,,1.0,,,1.0,,,,,1.0,,1.0,,,,,,,,,,,,,,,,,,,,,2.0,,,,,,,,2.0,LastWhisper,UnstableConcoction,InfinityEdge,,,,,,,,,2.0,RedBuff,GargoyleStoneplate,ShimmerscaleDiamondHands,,,,,,,,,,,,,,,,,,,,,,,,,,,,,,,,,,,,,,,,,,,,,,,,,,,,,,,,,2.0,TearOfTheGoddess,ZekesHerald,,,,,,,,,,,,,,,,,,,,,,,,,,2.0,FrozenHeart,HextechGunblade,,,,,,,,,,,,,,,,,,,,,,,,,,,,,,,,,,2.0,StatikkShiv,MageEmblemItem,LastWhisper,,,,,,,,,,,,,,,,,,,,,,,,,2.0,,,,4.0,TrainerSnax,None,None,2.0,ThiefsGloves,JeweledGauntlet,RabadonsDeathcap,,,,,,,,,,,,,,,,,,,,,,,,,,,,,,,,
5,EUW1_5971888642,TFT6_Augment_TrueTwos,TFT6_Augment_Weakspot,TFT7_Augment_CannoneerTrait,,,,,3.0,,1.0,,1.0,1.0,,,,,,0.0,,2.0,0.0,,1.0,,,,,1.0,,,,,,,,,,,,,,,,,,,,,,,,,,,1.0,,,,2.0,InfinityEdge,StatikkShiv,LastWhisper,,,,,,,,,2.0,BrambleVest,WarmogsArmor,ShimmerscaleDiamondHands,,,,,,,,,,,,,,,,,,,,,,,,,,,,,,,,,2.0,,,,,,,,,,,,,,,,,,,,,,,,2.0,,,,,,,,,,,,,,,,,,,,,,,,,,,,,,,,,,,,,,,,,,,,,,,,,,,,,,,,,,,,,,,,2.0,NeedlesslyLargeRod,Chalice,,,,,,,,,,,,,,,,,,,,,,,,,,,,,,3.0,TrainerSnax,None,None,2.0,Shroud,,,,,,,,,,,,,,,,,,,,,,,,,,,,,,,,,,
7,EUW1_5971888642,TFT7_Augment_CavalierDevastatingCharge,TFT7_Augment_BandOfThieves1,TFT7_Augment_CavalierTrait,,,,,,4.0,1.0,0.0,,,1.0,,,0.0,2.0,,0.0,,0.0,,,,,,,,0.0,,,,,,,,,,,,,,,,,,,,,,,,,,,,,,,,,,,,,,2.0,ArchangelsStaff,MadredsBloodrazor,UnstableConcoction,,,,,,,,,,,,,,,,,,,,,,,,,2.0,ThiefsGloves,NeedlesslyLargeRod,BrambleVest,,,,,,,,,,,,,,,,,,,,,,,,,,,,,2.0,,,,,,,,,,,,,,,,,,,,2.0,RedBuff,WarmogsArmor,,,,,,,,,,,,,,,,,,,,,,1.0,,,,,,,,,,,,,,,,,,,,,,,,,,,,,,,,,,,,,,,,,,,,,,,,,,,,,,,,,,None,None,,,,,,,,,,,,,,,,,,,,,,,,,1.0,SeraphsEmbrace,Bloodthirster,,,,,,,,,
2,EUW1_5971888642,TFT7_Augment_MageConference,TFT6_Augment_LudensEcho1,TFT6_Augment_CyberneticUplink1,,0.0,,0.0,,0.0,,,0.0,,1.0,,,3.0,,0.0,,,0.0,,0.0,1.0,,,,0.0,,0.0,,,,,,,,,,,,,,,,,,,,,,,,,,,,,,,,,,,,,,,,,,,,,,,,,,,,,,,,,,,,,,,,,,,,,3.0,,,,,,,,,,,,,,,,,,,,,,,,,,,,3.0,TitanicHydra,,,,,,,3.0,StatikkShiv,,,,,,,,,,,,,,,,,,,,,,,,,,,,,,,3.0,EvokerEmblemItem,UnstableConcoction,Bloodthirster,,,,,,,,,,,,,,,,,,,,,,,,,,,,,,,,,,,,,3.0,RedBuff,Quicksilver,WarmogsArmor,,,,,,,,,,,,,,,,,,,None,None,,,,,,,,,,,,,3.0,,,,,,,,,,,,,,,,,,,,2.0,MadredsBloodrazor,,
8,EUW1_5971888642,TFT6_Augment_Electrocharge2,TFT6_Augment_SecondWind1,TFT6_Augment_Distancing,0.0,,1.0,0.0,,1.0,,0.0,,,3.0,,,,0.0,0.0,1.0,,,,,,,1.0,,,1.0,,,,,,,,,,,,,,,,,,,,,,1.0,,,,,,,,,,,,,,,,,,,,,,,,,,,,,,,,,,,,,,,,,,,,1.0,,,,,,,,,,,,,,,,,,,,,,,,,,,,,,,,,,,,,,,,,,,,,,,,,,,,,,,,,,,,,,,,,,,,,,,,,,,,,,,,,,,,,,,,2.0,,,,,,,,,,,,,,,,,,,,,,,,,,,,,,,,1.0,,,,,,,,,,,,,,None,None,,,,,1.0,StatikkShiv,,,,,,,,,,,,,,,2.0,Quicksilver,MadredsBloodrazor,RecurveBow,1.0,CavalierEmblemItem,SeraphsEmbrace,,,,,,,,,
3,EUW1_5971888642,TFT7_Augment_MirageEmblem,TFT6_Augment_Diversify1,TFT6_Augment_ThrillOfTheHunt1,,,,,,3.0,1.0,0.0,,0.0,1.0,,,,4.0,,0.0,,,,,,,,,,1.0,,,,,,,,,,,,,,,,,,,,,,,,,,,,,,,,,,,,,,2.0,RabadonsDeathcap,JeweledGauntlet,ArchangelsStaff,,,,,,,,,,,,,,,,,,,,,,,,,2.0,ZekesHerald,PowerGauntlet,Chalice,,,,,,,,,,,,,,,,,,,,,,,,,2.0,,,,,,,,,,,,,,,,,,,,,,,,2.0,RedBuff,WarmogsArmor,,,,,,,,,,,,,,,,,,,,,,2.0,MirageEmblemItem,,,,,,,,,,,,,,,,,,,,,,,,,,,,,,,,,,,,,,,,,,,,,,,,,,,,,,,,,None,None,,,,,,,,,,,,,,,,,,,,,,,,,1.0,CavalierEmblemItem,,,2.0,,,,,,,
2,EUW1_5971947060,TFT7_Augment_MikaelsGift,TFT6_Augment_CyberneticShell1,TFT6_Augment_Ascension,,2.0,,1.0,,,1.0,,1.0,,,,,2.0,,1.0,,,,,,,,,,1.0,,0.0,,,,,,,,,,,,,,,,,1.0,MageEmblemItem,SpearOfShojin,ArchangelsStaff,,,,,,,,,,,,,,,,,,,,,,,,,,,,,,,,,,,,,,,,,,,,,,,,,2.0,,,,3.0,,,,,,,,,,,,,,,,,,,,,,,,,,,,2.0,FrozenHeart,,,3.0,ArchangelsStaff,SeraphsEmbrace,LocketOfTheIronSolari,,,,,,,,,,,,,,,,,,,,,,,,,,,,,,,,,,,,,,,,,,,,,,,,,,,,,,,,,,,,,,,,,,,,,2.0,GargoyleStoneplate,GiantsBelt,,,,,,,,,,,,,,,,,,3.0,TrainerSnax,None,None,,,,,,,,,,,,,3.0,LocketOfTheIronSolari,Chalice,LocketOfTheIronSolari,,,,,,,,,,,,,,,,,,,,
6,EUW1_5971947060,TFT6_Augment_PortableForge,TFT7_Augment_BandOfThieves1,TFT6_Augment_Diversify2,,,,1.0,,,1.0,,0.0,,1.0,,,2.0,,0.0,,,,,0.0,1.0,,,,1.0,,2.0,,,,,,,,,,,,,,,,,,,,,,,,,,,,,,,,,,,,,,,,,,,,,,,,,2.0,ThiefsGloves,RecurveBow,UnstableConcoction,,,,,,,,,,,,,,,,,2.0,Zephyr,,,,,,,,,,,,,,,,,,,,,,,,,,,,,,,2.0,MageEmblemItem,,,,,,,,,,,,,,,,,,,,,,,,,,,,,,,,,,,2.0,ArchangelsStaff,OrnnMuramana,,,,,,,,,,,,,,,,,,,,,,,,,,,,,,,,,,,,,,2.0,Quicksilver,WarmogsArmor,TitansResolve,,,,,,,,,,,,,,,,,2.0,TrainerSnax,None,None,,,,,,,,,,,,,,,,,,,,,,,,,,,,,,,,,1.0,ZekesHerald,PowerGauntlet,
5,EUW1_5971947060,TFT7_Augment_RagewingTantrum,TFT6_Augment_Weakspot,TFT6_Augment_MakeshiftArmor2,1.0,,,1.0,0.0,,,1.0,,,1.0,,0.0,,,,2.0,,,0.0,0.0,,,0.0,1.0,,0.0,,,,,,,,,,,,,,,,,,,,,,,,,,,,,,,,,,,,,,,,,,,,,,,,,,,,,,,,,,,,,,,,,,,,,,,,,,,,,,,,,,,,,,2.0,FrozenHeart,,,2.0,,,,,,,,,,,,,,,,,,,,,,,,,,,,,,,,,,,,1.0,BrambleVest,GiantsBelt,,,,,,,,,,,,,,,,,,2.0,,,,3.0,GuinsoosRageblade,Quicksilver,Deathblade,2.0,,,,,,,,,,,,,,,,,,,,2.0,,,,,,,,,,,,1.0,,,,,,,,,,,,,,None,None,,,,,,,,,,,,,,,,,,,,,2.0,GuinsoosRageblade,RunaansHurricane,RunaansHurricane,,,,,,,,,,,,
4,EUW1_5971947060,TFT6_Augment_SalvageBin,TFT6_Augment_Diversify1,TFT6_Augment_MakeshiftArmor2,1.0,,1.0,1.0,,0.0,,0.0,,,3.0,,0.0,,0.0,0.0,1.0,,,,,,,1.0,1.0,,1.0,,,,,,,,,,,,,,,,,,,,,,2.0,SpearOfShojin,SpearOfShojin,,,,,,,,,,,,,,,,,,,,,,,,,,,,,,,,,,,,,,,,,,2.0,ThiefsGloves,WarmogsArmor,IonicSpark,,,,,,,,,,,,,,,,,,,,,,,,,,,,,,,,,,,,,,,,,,,,,,,,,,,,,,,,,1.0,,,,,,,,2.0,,,,,,,,,,,,,,,,,,,,2.0,RedBuff,GargoyleStoneplate,,,,,,,,,,,,,,,,,,,,,,,,,,,,,,1.0,LastWhisper,BFSword,,,,,,,,,,,,None,None,,,,,1.0,,,,,,,,,,,,,,,,2.0,MadredsBloodrazor,Quicksilver,GuinsoosRageblade,1.0,,,,,,,,,,,
1,EUW1_5971947060,TFT7_Augment_MageConference,TFT7_Augment_LategameSpecialist,TFT6_Augment_Diversify2,,0.0,1.0,1.0,,,1.0,,0.0,,1.0,,0.0,2.0,,2.0,,,,,0.0,1.0,,,2.0,1.0,,0.0,,,,,,,,,2.0,MageEmblemItem,ArchangelsStaff,SpearOfShojin,,,,,,,,,1.0,,,,,,,,,,,,,,,,,,,,,,,,,,,,,,,,,,,,,,,,,,,,,,,,3.0,,,,,,,,,,,,,,,,,,,,,,,,,,,,,,,,2.0,PowerGauntlet,,,2.0,,,,,,,,,,,,,,,,,,,,2.0,IonicSpark,,,,,,,,,,,,,,,,,,,,,,,,,,,,,,,,,,,,,,,,,,,,,,,,,,,2.0,GargoyleStoneplate,Quicksilver,RedBuff,,,,,,,,,,,,,,,,,3.0,TrainerSnax,None,None,,,,,,,,,,,,,,,,,,,,,,,,,,,,,,,,,2.0,MadredsBloodrazor,HextechGunblade,
8,EUW1_5971947060,TFT6_Augment_CyberneticShell2,TFT6_Augment_CyberneticUplink1,TFT7_Augment_CannoneerRicochet,,,1.0,,1.0,,1.0,,1.0,1.0,1.0,,,,,1.0,,1.0,,,1.0,,,,,1.0,,0.0,,,,,,,,,,,,,,,,,,,,,1.0,,,,,,,,1.0,ShimmerscaleGamblersBlade,UnstableConcoction,MadredsBloodrazor,,,,,,,,,2.0,GargoyleStoneplate,WarmogsArmor,RedBuff,,,,,,,,,,,,,,,,,,,,,,,,,,,,,,,,,,,,,,,,,,,,,,,,,,,,,,,,,2.0,,,,,,,,,,,,,,,,,,,,,,,,,,,,,,,,,,,,,,,,,,,,,,,,,,,,,,,,,,,,,,,,2.0,IonicSpark,,,,,,,,,,,,,,,,,,,,,,,,,,,1.0,,,,3.0,TrainerSnax,None,None,2.0,RecurveBow,,,,,,,,,,,,,,,,,,,,,,,,,,,,,,,,,,
7,EUW1_5971947060,TFT6_Augment_Twins2,TFT6_Augment_SecondWind1,TFT7_Augment_MikaelsGift,,0.0,,1.0,,,,,,,,0.0,0.0,,,,,,,1.0,,,,,0.0,,,,,,,,,,,,,,,,,,,,,,,,,,,,,,,,,,,,,,,,,,,,,,,,,,,,,,,,,,,,,,,,3.0,ThiefsGloves,RunaansHurricane,ArchangelsStaff,,,,,,,,,,,,,,,,,,,,,,,,,,,,,,,,,,,,,,,,,,,,,,,,,3.0,Deathblade,GuinsoosRageblade,Quicksilver,,,,,,,,,1.0,Chalice,,,,,,,,,,,,,,,,,,,,,,,,,,,,,,,,,,,2.0,BrambleVest,LocketOfTheIronSolari,RedBuff,,,,,,,,,,,,,,,,,,,,,,,,,,,,,,,,,,,None,None,,,,,,,,,,,,,,,,,,,,,,,,,,,,,,,,,,,,
3,EUW1_5971947060,TFT7_Augment_SwiftshotPressTheAttack,TFT6_Augment_Diversify1,TFT7_Augment_BestFriends2,1.0,1.0,,1.0,,,,,0.0,,2.0,,0.0,0.0,,1.0,,,,,,,,1.0,1.0,0.0,,,,,,,,,,,,,,,,,,,,,,,,,,,,,,,,,,,,,,,,,,,,,,,,,,,,,,,,,,,,,,,,,,,,,,,,,,,3.0,RedBuff,WarmogsArmor,TitanicHydra,,,,,,,,,,,,,,,,,,,,,,,,,1.0,,,,3.0,ThiefsGloves,RecurveBow,MadredsBloodrazor,,,,,,,,,,,,,,,,,2.0,,,,,,,,2.0,FrozenHeart,,,,,,,,,,,,,,,,,,,,,,,,,,,,,,,,,,,,,,,,,,,,,,,,,,,2.0,BFSword,TitansResolve,,,,,,,,,,,,None,None,,,,,2.0,,,,3.0,GuinsoosRageblade,RunaansHurricane,InfinityEdge,,,,,,,,,,,,,,,,,,,,,,,,
5,EUW1_5971982092,TFT7_Augment_WarriorEmblem,TFT7_Augment_BestFriends2,TFT6_Augment_MakeshiftArmor2,,,,2.0,,,1.0,,,,,,0.0,0.0,0.0,,0.0,,0.0,,,,,,0.0,,2.0,2.0,,,,,,,,,,,,,,,,,,,,,,,,,,,,,,,,,,,,,,,,,,,,,,,,,1.0,WarriorEmblemItem,InfinityEdge,Bloodthirster,,,,,,,,,,,,,,,,,,,,,,,,,,,,,,,,,,,,,,,,,,,,,,,,,,,,,,,,,,,,,,,,,,,,,3.0,HextechGunblade,GuinsoosRageblade,Quicksilver,1.0,,,,,,,,,,,,,,,,,,,,,,,,,,,,3.0,,,,,,,,,,,,,,,,,,,,,,,,2.0,,,,,,,,,,,,,,,,,,,,,,None,None,,,,,,,,,,,,,,,,,,,,,,,,,,,,,3.0,ThiefsGloves,JeweledGauntlet,RabadonsDeathcap,,,,
7,EUW1_5971982092,TFT6_Augment_ThrillOfTheHunt2,TFT6_Augment_MakeshiftArmor2,TFT6_Augment_SalvageBin,,,,0.0,,,,2.0,,,,1.0,0.0,,,,1.0,,,1.0,0.0,,,0.0,0.0,,0.0,,,,,,,,,,,,,,1.0,SpearOfShojin,,,,,,,,,,,,,,,,,,,,,,,,,,,,,,,,,,,,,,,,,,,,,,,,,,,,,,,,,,,,,,,,,,,2.0,,,,,,,,2.0,ThiefsGloves,WarmogsArmor,InfinityEdge,,,,,,,,,,,,,,,,,1.0,RedBuff,GargoyleStoneplate,WarmogsArmor,,,,,,,,,,,,,,,,,,,,,,,,,,,,,,,,,,,,,2.0,,,,2.0,,,,,,,,,,,,,,,,,,,,2.0,GuinsoosRageblade,Quicksilver,ArchangelsStaff,,,,,,,,,,,,,,,,,,,,,,,None,None,,,,,,,,,,,,,,,,,2.0,,,,,,,,,,,,,,,,,,,
8,EUW1_5971982092,TFT6_Augment_ThreesCompany,TFT6_Augment_ComponentGrabBag,TFT7_Augment_MirageHallucinate,,,1.0,,,2.0,1.0,,,0.0,2.0,,,,3.0,0.0,0.0,,,,,,,,,,0.0,,,,,,,,,,,,,,,,,,,,,,1.0,TearOfTheGoddess,,,,,,,,,,,,,,,1.0,ArchangelsStaff,JeweledGauntlet,MadredsBloodrazor,,,,,,,,,,,,,,,,,,,,,,,,,2.0,,,,,,,,,,,,,,,,,,,,,,,,,,,,2.0,RedBuff,LocketOfTheIronSolari,,,,,,,,,,,,,,,,,,,,,,2.0,WarmogsArmor,Redemption,DragonsClaw,,,,,,,,,,,,,,,,,,,,,2.0,,,,,,,,,,,,,,,,,,,,,,,,,,,,,,,,,,,,,,,,,,,,,,,,,,,,,,,,,,None,None,,,,,,,,,,,,,,,,,,,,,,,,,,,,,2.0,,,,,,,
3,EUW1_5971982092,TFT7_Augment_MageConference,TFT7_Augment_MageEmblem,TFT6_Augment_TomeOfTraits1,,1.0,,1.0,,0.0,,,0.0,,2.0,,,3.0,,1.0,,,0.0,,,,,,,1.0,,0.0,,,,,,,,,,,,,,,,,,,,,,,,,,,,,,,,,,,,,,,,,,,,,,,,,,,,,,,,,,,,,,,,,,,,,3.0,,,,2.0,MageEmblemItem,,,,,,,,,,,,,,,,,,,,,,,3.0,StatikkShiv,,,2.0,,,,3.0,Chalice,StatikkShiv,SpearOfShojin,,,,,,,,,,,,,,,,,,,,,,,,,,,,,2.0,HextechGunblade,JeweledGauntlet,SpearOfShojin,,,,,,,,,,,,,,,,,,,,,,,,,,,,,,,,,,,,,2.0,TitanicHydra,NegatronCloak,,,,,,,,,,,,,,,,,,2.0,TrainerSnax,None,None,,,,,,,,,,,,,3.0,GuildEmblemItem,,,,,,,,,,,,,,,,,,,,,,
2,EUW1_5971982092,TFT6_Augment_LudensEcho2,TFT6_Augment_ComponentGrabBag,TFT6_Augment_ThrillOfTheHunt2,,,,,,,1.0,1.0,,1.0,,2.0,,,0.0,0.0,,,,,,,,1.0,1.0,,,,,,,,,,,,,,,,2.0,PowerGauntlet,,,,,,,,,,,,,,,,,,,,,,,,,,,,,,,2.0,UnstableConcoction,GuardianAngel,InfinityEdge,,,,,,,,,3.0,SeraphsEmbrace,RabadonsDeathcap,StatikkShiv,,,,,,,,,,,,,,,,,,,,,3.0,,,,,,,,2.0,,,,3.0,RedBuff,DragonsClaw,Shroud,,,,,,,,,,,,,,,,,,,,,,,,,,,,,,,,,,,,,,,,,,,,,,,,,,,,,,,,,,,,,,,,,,,,,,,,,,,,,,,,,,,,,,,,,,,,,3.0,GiantsBelt,IonicSpark,,,,,,,,None,None,,,,,,,,,,,,,,,,,,,,,,,,,,,,,,,,,,,,
6,EUW1_5971982092,TFT7_Augment_SwiftshotPressTheAttack,TFT6_Augment_TargetDummies,TFT6_Augment_ThrillOfTheHunt2,,0.0,,1.0,,,,0.0,,,1.0,0.0,0.0,,,,0.0,,,,,,,3.0,1.0,,,,,,,,,,,,,,,,2.0,,,,,,,,,,,,,,,,,,,,,,,,,,,,,,,,,,,,,,,,,,,,2.0,,,,,,,,,,,,,,,,2.0,RedBuff,WarmogsArmor,WarmogsArmor,,,,,,,,,,,,,,,,,,,,,,,,,,,,,,,,,,,,,,,,,,,,,,,,,1.0,SwiftshotEmblemItem,,,,,,,,,,,,,,,,,,,,,,,,,,,,,,,,,,,,,,,,,,,,,,,,,,,,,,,,,,,,,,,,,,,,,,,,,None,None,,,,,2.0,,,,3.0,MadredsBloodrazor,GuinsoosRageblade,GuardianAngel,,,,,,,,,2.0,HextechGunblade,MadredsBloodrazor,,,,,,,,,,,,,
4,EUW1_5971982092,TFT6_Augment_MetabolicAccelerator,TFT7_Augment_BestFriends2,TFT6_Augment_Ascension,,1.0,,1.0,,,,,0.0,,1.0,,,1.0,,1.0,,,,,0.0,1.0,,1.0,,0.0,,0.0,,,,,,,,,,,,,,,,,,,,,,,,,,,,,,,,,,,,,,,,,,,,,,,,,,,,,,,,,,,,,,,,,,,,,,,,,3.0,Redemption,FrozenHeart,,,,,,,,,,,,,,,,,,,,,,,,,,1.0,,,,3.0,,,,,,,,,,,,,,,,,,,,,,,,,,,,,,,,,,,,,,,,,,,,,,,,,,,,,,,,,,,,,,,,,,,,,,,,2.0,RunaansHurricane,,,,,,,,,,,,,,,,,,,,,None,None,,,,,2.0,,,,3.0,GuinsoosRageblade,Deathblade,RunaansHurricane,,,,,,,,,,,,,,,,,,,,,1.0,PowerGauntlet,RunaansHurricane,ZekesHerald
1,EUW1_5971982092,TFT7_Augment_BestFriends2,TFT7_Augment_BruiserEmblem,TFT7_Augment_MirageEmblem,,,1.0,1.0,,1.0,1.0,0.0,,0.0,2.0,,0.0,,4.0,0.0,,,,,,,,,0.0,,1.0,,,,,,,,,,,,,,,,,,,,,,1.0,,,,,,,,,,,,,,,,2.0,InfinityEdge,JeweledGauntlet,ArchangelsStaff,,,,,,,,,,,,,,,,,,,,,,,,,,,,,,,,,,,,,,,,,,,,,,,,,,,,,1.0,,,,,,,,,,,,,,,,,,,,,,,,2.0,BruiserEmblemItem,IonicSpark,RedBuff,,,,,2.0,DragonsClaw,MirageEmblemItem,,,,,,,,,,,,,,2.0,,,,,,,,,,,,,,,,,,,,,,,,,,,,,,,,,,,,,,,,,,,,,,,,,,,,,,,,,,None,None,,,,,,,,,,,,,,,,,,,,,,,,,1.0,GuardianAngel,SeraphsEmbrace,DragonsClaw,1.0,StatikkShiv,,,,,,
8,EUW1_5970900065,TFT6_Augment_Twins2,TFT6_Augment_Ascension,TFT6_Augment_PortableForge,0.0,1.0,1.0,1.0,,,,,,,2.0,,,,,0.0,,,,,,,,1.0,,,,,,,,,,,,,,,,,,,,,,,,,1.0,AssassinEmblemItem,,,,,,,,,,,,,,,,,,,,,,,,,,,,,,,,,,,,,,,,,,,,,,,,,,,2.0,RedBuff,OrnnRocketPropelledFist,Redemption,,,,,,,,,,,,,,,,,,,,,,,,,,,,,,,,,,,,,,,,,,,,,,,,,,,,,,,,,,,,,,,,,,,,,,,,,,,,,,,,,,,,,2.0,Shroud,,,,,,,,,,,,,,,,,,,,,,,,,,,,,,,,,,,,,None,None,,,,,2.0,,,,2.0,GuinsoosRageblade,RunaansHurricane,Deathblade,,,,,,,,,,,,,,,,,,,,,,,,
5,EUW1_5970900065,TFT7_Augment_GuildLoot,TFT7_Augment_SwiftshotPressTheAttack,TFT6_Augment_Diversify2,1.0,,,1.0,,1.0,,,,,3.0,,,0.0,,,1.0,,,,,,,1.0,0.0,,0.0,0.0,,,,,,,,,,,,,,,,,,,,,,,,,,,,,,,,,,,,,,,,,,,,,,,,,,,,,,,,,,,,,,,,,2.0,TearOfTheGoddess,,,,,,,,,,,,,,,,,,,,,,,,,,,,,,,,,,,,,,,,,,,,,,,,,,,,,,,,,,,,,,,,,,,2.0,FrozenHeart,GuinsoosRageblade,,,,,,2.0,,,,,,,,,,,,2.0,BrambleVest,RedBuff,WarmogsArmor,,,,,,,,,,,,,,,,,,,,,1.0,,,,,,,,2.0,MadredsBloodrazor,InfinityEdge,UnstableConcoction,,,,,,,,,,,None,None,,,,,2.0,,,,,,,,,,,,,,,,2.0,MadredsBloodrazor,GuardianAngel,Bloodthirster,,,,,,,,,,,,
4,EUW1_5970900065,TFT6_Augment_TradeSector,TFT7_Augment_ClutteredMind,TFT6_Augment_ThrillOfTheHunt2,,1.0,,1.0,,,,,0.0,,1.0,,,1.0,,1.0,,,,,0.0,1.0,,1.0,,1.0,,0.0,,,,,,,,,,,,,,,,,,,,,,,,,,,,,,,,,,,,,,,,,,,,,,,,,,,,,,,,,,,,,,,,,,,,,2.0,,,,3.0,DragonsClaw,,,,,,,,,,,,,,,,,,,,,,,,,,,2.0,,,,3.0,ArchangelsStaff,RabadonsDeathcap,,,,,,,,,,,,,,,,,,,,,,,,,,,,,,,,,,,,,,,,,,,,,,,,,,,,,,,,,,,,,,,,,,,,,,2.0,RedBuff,BrambleVest,GargoyleStoneplate,,,,,,,,,,,,,,,,,4.0,TrainerSnax,None,None,,,,,2.0,,,,3.0,MadredsBloodrazor,GuinsoosRageblade,UnstableConcoction,,,,,,,,,,,,,,,,,,,,,1.0,,,
6,EUW1_5970900065,TFT7_Augment_SwiftshotPressTheAttack,TFT6_Augment_PortableForge,TFT6_Augment_CyberneticImplants2,1.0,,,1.0,,1.0,,,,,3.0,,0.0,,,,1.0,,0.0,,,,,1.0,0.0,,0.0,,,,,,,,,,,,,,,,,,,,,,,,,,,,,,,,,,1.0,,,,,,,,,,,,,,,,,,,,,,,,,,,,,,,,1.0,GargoyleStoneplate,,,,,,,,,,,,,,,,,,,,,,,,,,,,,,,,,,,,,,,,,,,,,,,,,,,,,,,,,,,2.0,GargoyleStoneplate,,,,,,,,,,,,,,,2.0,,,,,,,,,,,,2.0,,,,,,,,,,,,,,,,,,,,,,,,,,,,,,,,2.0,OrnnObsidianCleaver,InfinityEdge,Deathblade,,,,,,,,,,,None,None,,,,,2.0,BFSword,,,,,,,,,,,,,,,1.0,GuinsoosRageblade,RunaansHurricane,Quicksilver,,,,,,,,,,,,
1,EUW1_5970900065,TFT6_Augment_CelestialBlessing2,TFT6_Augment_Meditation2,TFT7_Augment_BestFriends2,,0.0,,1.0,,,1.0,0.0,0.0,,1.0,,0.0,2.0,0.0,1.0,,,,,0.0,1.0,,,2.0,0.0,0.0,0.0,,,,,,,,,1.0,RabadonsDeathcap,SpearOfShojin,ArchangelsStaff,,,,,,,,,,,,,,,,,,,,,,,,,,,,,,,,,,,,,,,,,,,,,,,,,,,,,,,,,,,,,,,,,,,,,,,,,,,,,,,,,,,,,,,,,2.0,,,,3.0,,,,,,,,,,,,,,,,,,,,2.0,MageEmblemItem,ZekesHerald,ZekesHerald,,,,,,,,,2.0,,,,,,,,,,,,,,,,,,,,,,,,,,,,,,,,,,,,,,,,2.0,RedBuff,DragonsClaw,WarmogsArmor,,,,,,,,,,,,,,,,,,,None,None,,,,,,,,,,,,,,,,,,,,,,,,,1.0,,,,,,,,2.0,,,
3,EUW1_5970900065,TFT7_Augment_UrfsGrabBag1,TFT6_Augment_ComponentGrabBag,TFT6_Augment_ThrillOfTheHunt2,1.0,,,1.0,,0.0,1.0,0.0,,,2.0,,0.0,,0.0,,2.0,,,0.0,,,,1.0,1.0,,1.0,,,,,,,,,,,,,,,,,,,,,,,,,,,,,,,,,,,,,,,,,,,,,,,,,,,,,,,,,,,,,,,,,,2.0,IonicSpark,DragonsClaw,ArchangelsStaff,,,,,,,,,,,,,,,,,,,,,,,,,,,,,,,,,,,,,,,,,,,,,,,,,,,,,,,,,2.0,RedBuff,,,,,,,2.0,ForceOfNature,,,,,,,,,,,,,,,,,,,2.0,,,,1.0,,,,,,,,,,,,,,,,,,,,,,,,,,,,2.0,LocketOfTheIronSolari,,,,,,,,,,,,,None,None,,,,,2.0,,,,,,,,,,,,,,,,2.0,GuinsoosRageblade,MadredsBloodrazor,Quicksilver,2.0,RapidFireCannon,TitansResolve,Bloodthirster,,,,,,,,
2,EUW1_5970900065,TFT6_Augment_MetabolicAccelerator,TFT7_Augment_AssassinCutthroat,TFT6_Augment_TomeOfTraits1,1.0,,,1.0,,,1.0,0.0,,,1.0,,0.0,0.0,,,,,0.0,,0.0,1.0,,,2.0,,1.0,0.0,,,,,,,,,1.0,AssassinEmblemItem,TitansResolve,WarriorEmblemItem,,,,,,,,,,,,,,,,,,,,,,,,,,,,,,,,,,,,,,,,,,,,,,,,,,,,,,,,,,,,,,,,,,,,,,,,,,,,,1.0,,,,,,,,,,,,,,,,,,,,,,,,,,,,,,,,2.0,GuinsoosRageblade,RunaansHurricane,RunaansHurricane,1.0,,,,2.0,JeweledGauntlet,Morellonomicon,FrozenHeart,,,,,,,,,,,,,,,,,,,,,,,,,,,,,,,,,,,,,,,,,,,,,,,,,,,,,2.0,ThiefsGloves,UnstableConcoction,SpearOfShojin,,,,,,,,,,,None,None,,,,,,,,,,,,,,,,,,,,,,,,,,,,,,,,,1.0,,,
7,EUW1_5970900065,TFT7_Augment_CannoneerHotShot,TFT6_Augment_ThrillOfTheHunt2,TFT7_Augment_BestFriends2,,,,,2.0,,1.0,,1.0,1.0,,,,,,0.0,,2.0,,,1.0,,,,,1.0,,0.0,,,,,,,,,,,,,,,,,,,,,,,,,,,,,2.0,UnstableConcoction,LastWhisper,Deathblade,,,,,,,,,2.0,Redemption,Shroud,,,,,,,,,,,,,,,,,,,,,,,,,,,,,,,,,,1.0,,,,,,,,,,,,,,,,,,,,,,,,2.0,,,,,,,,,,,,,,,,,,,,,,,,,,,,,,,,,,,,,,,,,,,,,,,,,,,,,,,,,,,,,,,,2.0,ShimmerscaleDiamondHands,,,,,,,,,,,,,,,,,,,,,,,,,,,1.0,GiantsBelt,,,3.0,TrainerSnax,None,None,2.0,StatikkShiv,MadredsBloodrazor,,,,,,,,,,,,,,,,,,,,,,,,,,,,,,,,,
4,EUW1_5971648213,TFT6_Augment_CyberneticUplink1,TFT6_Augment_CyberneticUplink2,TFT7_Augment_MikaelsGift,,,,1.0,,,1.0,,1.0,,1.0,,,2.0,,0.0,,0.0,,,0.0,1.0,,,,1.0,,2.0,,,,,,,,,,,,,,,,,,,,,,,,,,,,,,,,,,,,,,,,,,,,,,,,,2.0,UnstableConcoction,InfinityEdge,,,,,,,,,,,,,,,,,,2.0,,,,,,,,,,,,,,,,,,,,,,,,,,,,,,,,2.0,LocketOfTheIronSolari,,,,,,,,,,,,,,,,,,,,,,,,,,,,,,,,,,,2.0,HextechGunblade,ArchangelsStaff,JeweledGauntlet,,,,,,,,,,,,,,,,,,,,,,,,,1.0,MageEmblemItem,,,,,,,,,,,3.0,GargoyleStoneplate,RedBuff,,,,,,,,,,,,,,,,,,3.0,TrainerSnax,None,None,,,,,,,,,,,,,,,,,,,,,,,,,,,,,,,,,1.0,ThiefsGloves,RecurveBow,RunaansHurricane
6,EUW1_5971648213,TFT6_Augment_CelestialBlessing1,TFT7_Augment_BruiserTitanicStrength,TFT6_Augment_SecondWind2,,,,3.0,,,1.0,0.0,,,,,0.0,0.0,,,0.0,0.0,0.0,,,,,,1.0,,1.0,2.0,,,,,,,,,,,,,,,,,,,,,,,,,,,,,,,,,,,,,,,,,,,,,,,,,2.0,UnstableConcoction,TitansResolve,Quicksilver,,,,,,,,,,,,,,,,,,,,,,,,,,,,,,,,,,,,,1.0,,,,,,,,,,,,,,,,,,,,,,,,,,,,,,,,2.0,,,,2.0,RedBuff,,,,,,,,,,,,,,,,,,,,,,,,,,,2.0,LocketOfTheIronSolari,,,,,,,,,,,,,,,,,,,,,,,2.0,Shroud,Redemption,,2.0,,,,,,,,,,,,,,,,,,None,None,,,,,,,,,,,,,,,,,,,,,,,,,,,,,,,,,,,,
3,EUW1_5971648213,TFT6_Augment_FirstAidKit,TFT7_Augment_BestFriends2,TFT6_Augment_PortableForge,,1.0,1.0,1.0,,,,,,,2.0,0.0,,1.0,,1.0,,,,,0.0,1.0,1.0,1.0,,,,0.0,,,,,,,,,,,,,,,,,,,,,1.0,,,,,,,,,,,,,,,,,,,,,,,,,,,,,,,,,,,,,,,,,,,,,,,,,,,,2.0,,,,,,,,,,,,,,,,,,,,,,,,,,,,,,,,2.0,JeweledGauntlet,,,,,,,,,,,,,,,,,,,,,,,,,,,,,,,,,,,,,,,,,,,,,,,,,,,,,,,,,,,,,,,1.0,,,,,,,,2.0,RedBuff,DragonsClaw,OrnnRocketPropelledFist,,,,,,,,,,,,,,,,,,,None,None,,,,,2.0,,,,3.0,UnstableConcoction,MadredsBloodrazor,GuinsoosRageblade,,,,,,,,,,,,,,,,,,,,,1.0,Chalice,SeraphsEmbrace,PowerGauntlet
1,EUW1_5971648213,TFT6_Augment_CyberneticUplink1,TFT6_Augment_BlueBattery2,TFT6_Augment_Diversify2,,0.0,1.0,1.0,,,1.0,,0.0,,1.0,,0.0,1.0,,2.0,,,,,0.0,1.0,,,2.0,1.0,,0.0,,,,,,,,,1.0,SpearOfShojin,ArchangelsStaff,UnstableConcoction,,,,,,,,,1.0,,,,,,,,,,,,,,,,,,,,,,,,,,,,,,,,,,,,,,,,,,,,,,,,2.0,,,,,,,,,,,,,,,,,,,,,,,,,,,,,,,,2.0,,,,3.0,ArchangelsStaff,SpearOfShojin,StatikkShiv,,,,,,,,,,,,,,,,,1.0,,,,,,,,,,,,,,,,,,,,,,,,,,,,,,,,,,,,,,,,,,,,,,,,,,,,2.0,RedBuff,Redemption,GargoyleStoneplate,,,,,,,,,,,,,,,,,4.0,TrainerSnax,None,None,,,,,,,,,,,,,,,,,,,,,,,,,,,,,,,,,2.0,ZekesHerald,,
5,EUW1_5971648213,TFT6_Augment_TinyTitans,TFT6_Augment_MakeshiftArmor2,TFT7_Augment_DragonmancerInspire,,,,0.0,,,1.0,1.0,,,,1.0,,,,,2.0,,,2.0,,,,,,,0.0,,,,,,,,,,,,,,,,,,,,,,,,,,,,,,,,,,,,,,,,,,,,,,,,,,,,,,,,,,,,,,2.0,ThiefsGloves,JeweledGauntlet,RabadonsDeathcap,,,,,,,,,,,,,,,,,2.0,,,,,,,,,,,,,,,,,,,,,,,,,,,,2.0,,,,,,,,,,,,,,,,,,,,,,,,,,,,,,,,,,,,,,,,2.0,Shroud,Bloodthirster,,2.0,,,,1.0,TitansResolve,Morellonomicon,UnstableConcoction,,,,,,,,,,,,,2.0,StatikkShiv,Quicksilver,GuinsoosRageblade,,,,,,,,,,,,,,,,,,,,,,,None,None,,,,,,,,,,,,,,,,,,,,,,,,,,,,,,,,,,,,
2,EUW1_5971648213,TFT6_Augment_Distancing,TFT6_Augment_ComponentGrabBag,TFT7_Augment_CavalierEmblem,1.0,,,1.0,,2.0,,,,,3.0,,0.0,,,,1.0,,,,,,,1.0,1.0,,0.0,,,,,,,,,,,,,,,,,,,,,,,,,,,,,,,,,,,,,,,,,,,,,,,,,,,,,,,,,,,,,,,,,,2.0,WarmogsArmor,RedBuff,Redemption,,,,,,,,,,,,,,,,,,,,,,,,,,,,,,,,,,,,,,,,,,,,,,,,,,,,,,,,,2.0,NeedlesslyLargeRod,GargoyleStoneplate,,,,,,2.0,Shroud,,,,,,,2.0,,,,,,,,,,,,2.0,ThiefsGloves,UnstableConcoction,Zephyr,,,,,,,,,,,,,,,,,,,,,,,,,,,,,2.0,CavalierEmblemItem,Bloodthirster,Zephyr,,,,,,,,,,,None,None,,,,,2.0,,,,,,,,,,,,,,,,2.0,GuinsoosRageblade,InfinityEdge,MadredsBloodrazor,,,,,,,,,,,,
8,EUW1_5971648213,TFT6_Augment_CelestialBlessing1,TFT6_Augment_Ascension,TFT7_Augment_RagewingScorch,,,,1.0,,,1.0,0.0,,0.0,1.0,,0.0,,,,1.0,,,0.0,1.0,,,1.0,0.0,,0.0,,,,,,,,,,,,,,,,,,,,,,,,,,,,,,,,,,,,,,,,,,1.0,ShimmerscaleMogulsMail,TitansResolve,GiantsBelt,,,,,,,,,,,,,,,,,,,,,,,,,,,,,,,,,,,,,,,,,,,,,,,,,,,,,,,,,,,,,,,,,,,,,,,,,,,,,,,,,1.0,,,,,,,,,,,,,,,,,,,,,,,,,,,,2.0,,,,,,,,,,,,,,,,,,,,2.0,,,,,,,,,,,,,,,,,,,,,,,,,,None,None,,,,,2.0,,,,,,,,,,,,,,,,1.0,UnstableConcoction,BFSword,GuinsoosRageblade,,,,,,,,,,,,
7,EUW1_5971648213,TFT7_Augment_BestFriends1,TFT7_Augment_DragonHorde,TFT6_Augment_JeweledLotus,0.0,,,0.0,,0.0,2.0,,,1.0,1.0,,,,,,1.0,,,,1.0,,,0.0,,,0.0,0.0,,,,,,,,,,,,,,,,,,,,,,,,,,,,,,,,,,,,,,,,,2.0,RedBuff,ShimmerscaleMogulsMail,TitanicHydra,,,,,,,,,,,,,,,,,,,,,2.0,ThiefsGloves,Bloodthirster,HextechGunblade,,,,,,,,,,,,,,,,,,,,,,,,,,,,,,,,,,,,,,,,,,,,,,,,,,,,,,,,,,,,,,,,,,,,,,,,,,,,,,,,,,,,,1.0,,,,,,,,,,,,,,,,,,,,,,,,,,,,,,,,1.0,FrozenHeart,RunaansHurricane,,,,,,2.0,,,,,,None,None,,,,,,,,,,,,,,,,,,,,,2.0,GuinsoosRageblade,MadredsBloodrazor,Quicksilver,,,,,,,,,,,,
3,EUW1_5972686195,TFT6_Augment_CyberneticImplants2,TFT6_Augment_CyberneticImplants3,TFT7_Augment_BestFriends2,1.0,,,1.0,,1.0,,,,,3.0,,0.0,,,,1.0,,,,,,,1.0,1.0,,0.0,,,,,,,,,,,,,,,,,,,,,,,,,,,,,,,,,,,,,,,,,,,,,,,,,,,,,,,,,,,,,,,,,,2.0,NeedlesslyLargeRod,SeraphsEmbrace,,,,,,,,,,,,,,,,,,,,,,,,,,,,,,,,,,,,,,,,,,,,,,,,,,,,,,,,,,2.0,ChainVest,,,,,,,2.0,FrozenHeart,,,,,,,2.0,Shroud,,,,,,,,,,,2.0,ArchangelsStaff,,,,,,,,,,,,,,,,,,,,,,,,,,,,,,,2.0,UnstableConcoction,UnstableConcoction,,,,,,,,,,,,None,None,,,,,2.0,,,,,,,,,,,,,,,,2.0,GuinsoosRageblade,InfinityEdge,RunaansHurricane,,,,,,,,,,,,
1,EUW1_5972686195,TFT7_Augment_MageConference,TFT6_Augment_ThriftShop,TFT6_Augment_BlueBattery2,,0.0,1.0,0.0,,1.0,,,,,2.0,,,3.0,,1.0,0.0,,0.0,,0.0,1.0,,,,0.0,,0.0,,,,,,,,,,,,,,,,,,,,,2.0,,,,,,,,,,,,,,,,,,,,,,,,,,,,,,,,,,,,,,,,,,,,2.0,,,,3.0,,,,,,,,,,,,,,,,,,,,,,,,,,,,3.0,,,,,,,,3.0,SpearOfShojin,,,,,,,,,,,,,,,,,,,,,,,,,,,,,,,3.0,HextechGunblade,Quicksilver,JeweledGauntlet,,,,,,,,,,,,,,,,,,,,,,,,,,,,,,,,,,,,,3.0,RedBuff,IonicSpark,WarmogsArmor,,,,,,,,,,,,,,,,,,,None,None,,,,,,,,,,,,,3.0,Shroud,,,,,,,,,,,,,,,,,,,3.0,SpearOfShojin,Quicksilver,RapidFireCannon
2,EUW1_5972686195,TFT7_Augment_ShimmerscaleTrait,TFT7_Augment_TomeOfTraits2,TFT6_Augment_PortableForge,0.0,,1.0,1.0,,,1.0,0.0,,1.0,1.0,0.0,0.0,0.0,,0.0,1.0,,,,4.0,1.0,1.0,0.0,,,0.0,,,,,,,,,,,,,,,,,,,,,,1.0,StatikkShiv,,,,,,,,,,,,,,,,,,,3.0,ShimmerscaleMogulsMail,Redemption,OrnnEternalWinter,,,,,,,,,,,,,,,,,,,,,,,,,,,,,,,,,,,,,,,,,2.0,IonicSpark,UnstableConcoction,FrozenHeart,,,,,,,,,,,,,,,,,,,,,,,,,,,,,,,,,,,,,,,,,,,,,,,,,,,,,,,,,,,,,,,,,2.0,ShimmerscaleEmblemItem,GuardianEmblemItem,,,,,,,,,,,,,,2.0,ShimmerscaleEmblemItem,ArchangelsStaff,BruiserEmblemItem,,,,,,,,,,,,,,,,,,,,,,,,,,,None,None,,,,,,,,,,,,,,,,,2.0,Shroud,TitanicHydra,,2.0,ShimmerscaleGamblersBlade,ShimmerscaleDravensAxe,MadredsBloodrazor,,,,,,,,,1.0,ArchangelsStaff,ShimmerscaleDiamondHands,ShimmerscaleCrownOfChampions
7,EUW1_5972686195,TFT7_Augment_ClutteredMind,TFT6_Augment_GrandGambler,TFT6_Augment_PortableForge,3.0,,,1.0,,,,,,,1.0,,0.0,,,,0.0,,1.0,,0.0,,,,1.0,,1.0,0.0,,,,,,,,,,,,,,,,,,,,,,,,,,,,,,,,,3.0,RedBuff,FrozenHeart,HextechGunblade,,,,,,,,,,,,,,,,,,,,,,,,,,,,,,,,,,,,,,,,,,,,,,,,,1.0,,,,,,,,,,,,,,,,,,,,,,,,,,,,,,,,,,,,3.0,Bloodthirster,OrnnDeathsDefiance,AssassinEmblemItem,2.0,,,,1.0,SeraphsEmbrace,,,2.0,,,,,,,,,,,,,,,,,,,,1.0,,,,,,,,,,,,,,,,,,,,,,,,,,,,,,,,2.0,InfinityEdge,,,,,,,,,,,,,None,None,,,,,,,,,,,,,,,,,,,,,,,,,,,,,,,,,,,,
8,EUW1_5972686195,TFT6_Augment_RichGetRicher,TFT6_Augment_Featherweights3,TFT6_Augment_SecondWind2,,,,0.0,,0.0,,1.0,,1.0,1.0,1.0,0.0,,0.0,,,,,,,,,0.0,1.0,,,0.0,,,,,,,,,,,,,2.0,,,,,,,,,,,,,,,,,,,,,,,,,,,,,,,,,,,,,,,,,,,,,,,,,,,,,,,,,,,,,,,,,,,,3.0,SeraphsEmbrace,ArchangelsStaff,MadredsBloodrazor,,,,,2.0,,,,3.0,RedBuff,DragonsClaw,,,,,,,,,,,,,,,,,,,,,,,,,,,,,,1.0,,,,,,,,,,,,,,,,2.0,,,,,,,,,,,,,,,,,,,,,,,,,,,,,,,,,,,,,,,,,,,,,,,,3.0,TitanicHydra,,,1.0,InfinityEdge,,,,,None,None,,,,,,,,,,,,,,,,,,,,,,,,,,,,,,,,,,,,
6,EUW1_5972686195,TFT6_Augment_ThrillOfTheHunt2,TFT7_Augment_BestFriends3,TFT6_Augment_ComponentGrabBag,0.0,0.0,,2.0,,,1.0,,,,3.0,,0.0,0.0,,,,,,,,,,1.0,0.0,,,2.0,,,,,,,,,,,,,,,,,,,,,,,,,,,,,,,,,,,,,,,,,,,,,,,,,1.0,GuildEmblemItem,,,,,,,,,,,,,,,,,,,,,,,2.0,RedBuff,FrozenHeart,,,,,,,,,,,,,,,,,,,,,,,,,,,,,,,,,,,,,,,,,,,,,,,,,,1.0,Zephyr,,,,,,,,,,,,,,,,,,,,,,,,,,,,,,,,,,,,,,,,,,,,,,,,,,,2.0,,,,,,,,1.0,,,,,,,,,,,,,,None,None,,,,,2.0,LastWhisper,UnstableConcoction,,3.0,GuinsoosRageblade,RunaansHurricane,Deathblade,,,,,,,,,,,,,,,,,,,,,,,,
5,EUW1_5972686195,TFT6_Augment_TriForce2,TFT6_Augment_Diversify3,TFT7_Augment_SwiftshotPressTheAttack,,1.0,,1.0,,,,,1.0,,1.0,,,1.0,,1.0,,0.0,,,,,,1.0,,1.0,,1.0,,,,,,,,,,,,,,,,,,,,,,,,,,,,,,,,,,,,,,,,,,,,,,,,,,,,,,,,,,,,,,,,,,,,,2.0,,,,3.0,ThiefsGloves,TitansResolve,ArchangelsStaff,,,,,,,,,,,,,,,,,,,,,,,,,2.0,,,,3.0,RabadonsDeathcap,SpearOfShojin,WhispersEmblemItem,,,,,,,,,,,,,,,,,,,,,,,,,,,,,,,,,,,,,,,,,,,,,,,,,,,,,,,,,1.0,NeedlesslyLargeRod,,,,,,,,,,,2.0,,,,,,,,,,,,,,,,,,,,2.0,TrainerSnax,None,None,,,,,2.0,Deathblade,,,3.0,MadredsBloodrazor,RunaansHurricane,GuinsoosRageblade,,,,,,,,,,,,,,,,,,,,,,,,
4,EUW1_5972686195,TFT6_Augment_CyberneticUplink2,TFT6_Augment_CelestialBlessing3,TFT7_Augment_UrfsGrabBag1,,,1.0,,,,1.0,0.0,0.0,,1.0,3.0,0.0,,0.0,1.0,,,,1.0,,,1.0,0.0,,,0.0,,,,,,2.0,SeraphsEmbrace,JeweledGauntlet,MadredsBloodrazor,,,,,2.0,ForceOfNature,,,,,,,1.0,JadeEmblemItem,,,,,,,,,,,,,,,,,,,,,,,2.0,Bloodthirster,TitansResolve,HextechGunblade,,,,,,,,,,,,,2.0,NegatronCloak,,,,,,,,,,,,,,,,,,,,,,,,,,,,,,,,,,,,,,,,,,,,,,,2.0,BrambleVest,,,,,,,,,,,,,,,,,,,,,,,,,,,,,,,,,,,,,,,,,,,,,,,,,,,,,,,,,,,1.0,StatikkShiv,,,,,,,,,,,,,,,,,,,,,,,,,,,,,None,None,,,,,,,,,,,,,,,,,,,,,,,,,1.0,Zephyr,,,,,,,,,,
8,EUW1_5971633394,TFT7_Augment_GuildEmblem,TFT6_Augment_CelestialBlessing3,TFT7_Augment_CavalierForAllUnits,0.0,,,1.0,,3.0,,,,,3.0,,0.0,,0.0,,1.0,,,,,,,1.0,1.0,,0.0,,,,,,,,,,,,,,,,,,,,,,,,,,,,,,,,,,,,,,,,,,,,,,,,,,,,,,,,,,,,,,,,,,1.0,,,,,,,,,,,,,,,,,,,,,,,,,,,,,,,,,,,,,,,,,,,,,,,,,,,,2.0,WarmogsArmor,Redemption,,,,,,2.0,CavalierEmblemItem,,,,,,,2.0,,,,,,,,2.0,,,,,,,,,,,,2.0,,,,,,,,,,,,,,,,,,,,,,,,,,,,,,,,,,,,,,,,,,,,,,None,None,,,,,2.0,,,,,,,,,,,,,,,,1.0,GuinsoosRageblade,GuildEmblemItem,BFSword,,,,,,,,,,,,
1,EUW1_5971633394,TFT7_Augment_BruiserTitanicStrength,TFT6_Augment_RadiantRelics,TFT7_Augment_ThinkFast,3.0,,,3.0,,0.0,,,,0.0,1.0,,0.0,0.0,,,0.0,,2.0,,,,,,1.0,,1.0,1.0,,,,,,,,,,,,,,,,,,,,,,,,,1.0,GargoyleStoneplate,NegatronCloak,,,,,,3.0,ThiefsGlovesRadiant,,,,,,,,,,,,,,,,,,,,,,,,,,,,,,,,,,,,,,,,,,,,,,,,,,,,,,,,,,,,,,,2.0,,,,,,,,,,,,,,,,,,,,,,,,3.0,AssassinEmblemItem,RunaansHurricane,InfinityEdge,2.0,AssassinEmblemItem,,,2.0,Chalice,ZekesHerald,PowerGauntlet,2.0,,,,,,,,,,,,,,,,,,,,2.0,,,,,,,,,,,,,,,,,,,,,,,,1.0,,,,,,,,1.0,RunaansHurricane,,,,,,,,,,,,,None,None,,,,,,,,,,,,,,,,,,,,,,,,,,,,,,,,,,,,
4,EUW1_5971633394,TFT6_Augment_BlueBattery2,TFT7_Augment_MageEmblem2,TFT6_Augment_BandOfThieves2,,0.0,1.0,1.0,,,,,0.0,,2.0,,,2.0,,2.0,,,,,0.0,1.0,,,,1.0,,0.0,,,,,,,,,,,,,,,,,,,,,1.0,Shroud,,,,,,,,,,,,,,,,,,,,,,,,,,,,,,,,,,,,,,,,,,,,,,,2.0,StatikkShiv,,,3.0,ThiefsGloves,ChainVest,RedBuff,,,,,,,,,,,,,,,,,,,,,,,,,2.0,MageEmblemItem,StatikkShiv,Chalice,3.0,ThiefsGloves,RecurveBow,TitansResolve,,,,,,,,,,,,,,,,,,,,,,,,,,,,,2.0,SpearOfShojin,Quicksilver,,,,,,,,,,,,,,,,,,,,,,,,,,,,,,,,,,,,,,2.0,BrambleVest,RedBuff,InfinityEdge,,,,,,,,,,,,,,,,,3.0,TrainerSnax,None,None,,,,,,,,,,,,,,,,,,,,,,,,,,,,,,,,,1.0,,,
2,EUW1_5971633394,TFT7_Augment_MirageEmblem,TFT7_Augment_GuardianEmblem2,TFT7_Augment_ThinkFast,,,,,,4.0,1.0,0.0,,2.0,1.0,,,0.0,4.0,,0.0,,0.0,,,,,,,,1.0,,,,,,,,,,,,,,,,,,,,,,,,,,2.0,,,,,,,,,,,,2.0,MadredsBloodrazor,ArchangelsStaff,ArchangelsStaff,,,,,,,,,,,,,,,,,,,,,,,,,2.0,,,,,,,,,,,,,,,,,,,,,,,,,,,,2.0,RedBuff,GargoyleStoneplate,CavalierEmblemItem,2.0,ArchangelsStaff,GuardianEmblemItem,MirageEmblemItem,,,,,,,,,,,,,,,,,2.0,GuardianEmblemItem,GargoyleStoneplate,WarmogsArmor,,,,,,,,,,,,,,,,,,,,,2.0,,,,,,,,,,,,,,,,,,,,,,,,,,,,,,,,,,,,,,,,,,,,,,,,,,,,,,,,,,None,None,,,,,,,,,,,,,,,,,,,,,,,,,2.0,SeraphsEmbrace,,,1.0,,,,,,,
3,EUW1_5971633394,TFT7_Augment_Bloodlust1,TFT6_Augment_Twins3,TFT6_Augment_VerdantVeil,,1.0,,1.0,,,,,0.0,,1.0,,,1.0,,1.0,,,,,,,,1.0,,1.0,,0.0,,,,,,,,,,,,,,,,,,,,,,,,,,,,,,,,,,,,,,,,,,,,,,,,,,,,,,,,,,,,,,,,,,,,,2.0,,,,2.0,,,,,,,,,,,,,,,,,,,,,,,,,,,,1.0,,,,3.0,TearOfTheGoddess,ArchangelsStaff,Morellonomicon,,,,,,,,,,,,,,,,,,,,,,,,,,,,,,,,,,,,,,,,,,,,,,,,,,,,,,,,,,,,,,,,,,,,,2.0,BrambleVest,WarmogsArmor,DragonsClaw,,,,,,,,,,,,,,,,,1.0,TrainerSnax,None,None,,,,,2.0,,,,3.0,UnstableConcoction,GuinsoosRageblade,Deathblade,,,,,,,,,,,,,,,,,,,,,,,,
6,EUW1_5971633394,TFT6_Augment_SecondWind2,TFT6_Augment_LudensEcho3,TFT7_Augment_TomeOfTraits2,,,,0.0,2.0,,1.0,,0.0,1.0,,,,,,0.0,,3.0,,,1.0,,,,,1.0,,1.0,,,,,,,,,,,,,,,,,,,,,,,,,,,,,2.0,UnstableConcoction,InfinityEdge,GuinsoosRageblade,,,,,,,,,2.0,FrozenHeart,DragonsClaw,,,,,,,,,,,,,,,,,,,,,,,,,,,,,,,,,,2.0,WhispersEmblemItem,ShimmerscaleGoldmancersStaff,,,,,,,,,,,,,,,,,,,,,,2.0,,,,,,,,,,,,,,,,,,,,,,,,,,,,,,,,,,,,,,,,,,,,,,,,,,,,,,,,,,,,,,,,,,,,,,,,,,,,,,,,2.0,SparringGloves,,,,,,,,,,,2.0,,,,3.0,TrainerSnax,None,None,1.0,RevelEmblemItem,InfinityEdge,,,,,,,,,,,,,,,,,,,,,,,,,,,,,,,,,
7,EUW1_5971633394,TFT7_Augment_BruiserEmblem,TFT7_Augment_BruiserEmblem2,TFT7_Augment_TomeOfTraits2,1.0,,,3.0,,,1.0,,,,2.0,,0.0,0.0,,,0.0,,0.0,,,,,,0.0,,1.0,3.0,,,,,,,,,,,,,,,,,,,,,,,,,,,,,,,,,,,,,,,,,,,,,,,,,1.0,GuildEmblemItem,Quicksilver,WarmogsArmor,,,,,,,,,,,,,,,,,,,,,,,,,,,,,,,,,,,,,,,,,,,,,,,,,,,,,,,,,,,,,,,,,,,,,2.0,AssassinEmblemItem,,,1.0,Morellonomicon,,,1.0,SeraphsEmbrace,BruiserEmblemItem,InfinityEdge,,,,,,,,,,,,,,,,,,,,,2.0,LocketOfTheIronSolari,Redemption,,,,,,,,,,,,,,,,,,,,,,2.0,,,,,,,,1.0,BruiserEmblemItem,WhispersEmblemItem,,,,,,,,,,,,None,None,,,,,,,,,,,,,,,,,,,,,,,,,,,,,,,,,,,,
5,EUW1_5971633394,TFT7_Augment_PandorasBench,TFT6_Augment_BandOfThieves2,TFT7_Augment_RevelEmblem2,,,,,2.0,,1.0,,1.0,1.0,,,,,,0.0,,3.0,,,1.0,,,,,1.0,,0.0,,,,,,,,,,,,,,,,,,,,,,,,,,,,,2.0,HextechGunblade,ShimmerscaleGoldmancersStaff,Bloodthirster,,,,,,,,,1.0,RedBuff,WarmogsArmor,BrambleVest,,,,,,,,,,,,,,,,,,,,,,,,,,,,,,,,,3.0,ThiefsGloves,GiantsBelt,PowerGauntlet,,,,,,,,,,,,,,,,,,,,,2.0,StatikkShiv,PowerGauntlet,,,,,,,,,,,,,,,,,,,,,,,,,,,,,,,,,,,,,,,,,,,,,,,,,,,,,,,,,,,,,,2.0,ThiefsGloves,TearOfTheGoddess,SeraphsEmbrace,,,,,,,,,,,,,,,,,,,,,,,,,2.0,RevelEmblemItem,,,2.0,TrainerSnax,None,None,2.0,ThiefsGloves,GiantsBelt,Quicksilver,,,,,,,,,,,,,,,,,,,,,,,,,,,,,,,,
2,EUW1_5971655083,TFT6_Augment_PandorasItems,TFT6_Augment_Diversify3,TFT6_Augment_TheGoldenEgg,1.0,,1.0,,1.0,,1.0,,1.0,1.0,2.0,,,,,1.0,,1.0,,,1.0,,,,,1.0,,1.0,,,,,,,,,,,,,,,,,,,,,1.0,Spatula,,,,,,,2.0,MadredsBloodrazor,GuinsoosRageblade,LastWhisper,,,,,,,,,2.0,DragonsClaw,WarmogsArmor,GargoyleStoneplate,,,,,,,,,,,,,,,,,,,,,,,,,,,,,,,,,,,,,,,,,,,,,,,,,,,,,,,,,2.0,SeraphsEmbrace,,,,,,,,,,,,,,,,,,,,,,,,,,,1.0,,,,,,,,,,,,,,,,,,,,,,,,,,,,,,,,,,,,2.0,MadredsBloodrazor,Quicksilver,ShimmerscaleHeartOfGold,,,,,,,,,,,,,,,,,2.0,ThiefsGloves,SparringGloves,Chalice,,,,,2.0,,,,4.0,TrainerSnax,None,None,2.0,ThiefsGloves,IonicSpark,StatikkShiv,,,,,,,,,,,,,,,,,,,,,,,,,,,,,,,,
4,EUW1_5971655083,TFT6_Augment_Distancing,TFT7_Augment_UrfsGrabBag2,TFT6_Augment_Diversify3,,,1.0,,1.0,,1.0,,1.0,1.0,1.0,,,0.0,,1.0,,1.0,,,1.0,,,,,2.0,,1.0,,,,,,,,,,,,,,,,,,,,,1.0,RapidFireCannon,,,,,,,2.0,GuinsoosRageblade,MadredsBloodrazor,UnstableConcoction,,,,,,,,,2.0,GargoyleStoneplate,RedBuff,IonicSpark,,,,,,,,,,,,,,,,,,,,,,,,,2.0,,,,,,,,,,,,,,,,,,,,,,,,,,,,,,,,2.0,ShimmerscaleHeartOfGold,,,,,,,,,,,,,,,,,,,,,,,,,,,,,,,,,,,,,,,,,,,,,,,,,,,,,,,,,,,,,,,2.0,HextechGunblade,SpearOfShojin,Morellonomicon,,,,,,,,,,,,,,,,,,,,,,,,,1.0,,,,4.0,TrainerSnax,None,None,1.0,WhispersEmblemItem,,,,,,,,,,,,,,,,,,,,,,,,,,,,,,,,,,
5,EUW1_5971655083,TFT6_Augment_SecondWind1,TFT7_Augment_JadeTrait2,TFT6_Augment_WindfallPlusPlus,,,1.0,1.0,,,1.0,,,0.0,1.0,1.0,,0.0,,0.0,,,,1.0,,,1.0,,,,,3.0,,,,,,,,,,,,,,,,,,,,,1.0,SpearOfShojin,,,,,,,,,,,,,,,,,,,,,,,,,,,2.0,TitansResolve,UnstableConcoction,,3.0,GuinsoosRageblade,Bloodthirster,Quicksilver,,,,,,,,,,,,,,,,,,,,,,,,,,,,,,,,,,,,,,,,,,,,,,,,,,,,,2.0,GargoyleStoneplate,WarmogsArmor,Morellonomicon,,,,,,,,,,,,,,,,,,,,,,,,,,,,,,,,,,,,,,,,,,,,,,,,,,,,,,,,,1.0,,,,,,,,2.0,Morellonomicon,,,,,,,,,,,,,,,2.0,,,,,,None,None,,,,,,,,,,,,,,,,,,,,,,,,,,,,,,,,,,,,
1,EUW1_5971655083,TFT6_Augment_FirstAidKit,TFT6_Augment_MaxLevel10,TFT7_Augment_UrfsGrabBag2,1.0,,,,,,1.0,1.0,,1.0,,1.0,,,0.0,,,,,,,,1.0,0.0,2.0,,0.0,1.0,,,,,,,,,2.0,UnstableConcoction,GuinsoosRageblade,SpearOfShojin,1.0,,,,,,,,,,,,,,,,,,,,,,,,,,,,,,,,,,,,,,,,,,,,,,,,,,,,,,,,,,,,,,,,,,,,,,,,,,,,2.0,IonicSpark,,,,,,,,,,,,,,,,,,,,,,,,,,,,,,,,,,,,,,,2.0,LastWhisper,MadredsBloodrazor,,,,,,,,,,,,,,,,,,,,,,,,,,,,,,,,,,,,,,2.0,,,,,,,,,,,,,,,,,,,,1.0,,,,2.0,GiantsBelt,RedBuff,DragonsClaw,,,None,None,,,,,,,,,,,,,,,,,,,,,,,,,2.0,SeraphsEmbrace,AssassinEmblemItem,GuardianAngel,,,,,,,,
3,EUW1_5971655083,TFT6_Augment_Distancing,TFT6_Augment_LudensEcho3,TFT6_Augment_BandOfThieves2,0.0,,,1.0,,0.0,,,0.0,,2.0,,0.0,0.0,,0.0,1.0,,,,,,,1.0,1.0,1.0,0.0,,,,,,,,,,,,,,,,,,,,,,,,,,,,,,,,,,,,,,,,,,,,,,,,,,,,,,,,,,,,,,,,,,2.0,GuardianAngel,TempestEmblemItem,WarmogsArmor,2.0,,,,,,,,,,,,,,,,,,,,,,,,,,,,,,,,2.0,,,,,,,,,,,,,,,,,,,,,,,,2.0,RedBuff,Zephyr,WarmogsArmor,,,,,,,,,,,,,,,,,,,,,,,,,2.0,ThiefsGloves,RedBuff,GargoyleStoneplate,,,,,,,,,,,,,,,,,,,,,,,,,,,,,2.0,ThiefsGloves,GiantsBelt,GargoyleStoneplate,,,,,,,,,4.0,TrainerSnax,None,None,,,,,2.0,,,,,,,,,,,,,,,,2.0,UnstableConcoction,GuinsoosRageblade,MadredsBloodrazor,,,,,,,,,,,,
6,EUW1_5971655083,TFT6_Augment_LudensEcho1,TFT6_Augment_RadiantRelics,TFT6_Augment_ItemGrabBag2,,0.0,1.0,1.0,,,,0.0,,,2.0,,,2.0,0.0,1.0,,,,,0.0,1.0,,,,,0.0,0.0,,,,,,,,,,,,,,,,,,,,,1.0,,,,,,,,,,,,,,,,,,,,,,,,,,,,,,,,,,,,,,,,,,,,,,,,,,,,3.0,WarmogsArmor,BrambleVest,DragonsClaw,,,,,,,,,,,,,,,,,,,,,,,,,,,,,3.0,,,,,,,,,,,,,,,,,,,,,,,,,,,,,,,,2.0,SpearOfShojin,MadredsBloodrazor,MadredsBloodrazor,,,,,,,,,,,,,,,,,,,,,,,,,,,,,,,,,,,,,2.0,GargoyleStoneplate,WarmogsArmorRadiant,DragonsClaw,,,,,,,,,,,,,,,,,,,None,None,,,,,,,,,,,,,,,,,,,,,,,,,1.0,MageEmblemItem,SeraphsEmbrace,,,,,,1.0,,,
7,EUW1_5971655083,TFT7_Augment_AstralTrait,TFT6_Augment_LudensEcho3,TFT6_Augment_WindfallPlusPlus,,3.0,,1.0,,,1.0,,0.0,,,,,1.0,,0.0,,,,,,,,0.0,,,,0.0,,,,,,,,,,,,,,,,,1.0,,,,,,,,,,,,,,,,,,,,,,,,,,,,,,,,,,,,,,,,,,,,,,,,,,,,,,,,3.0,BrambleVest,,,,,,,,,,,,,,,,,,,,,,,,,,,,,,,3.0,SpearOfShojin,StatikkShiv,HextechGunblade,,,,,,,,,,,,,,,,,,,,,,,,,,,,,,,,,,,,,,,,,,,,,,,,,,,,,3.0,,,,,,,,,,,,,,,,1.0,,,,,,,,,,,,,,,,,,,,,,None,None,,,,,,,,,3.0,Quicksilver,GuinsoosRageblade,ArchangelsStaff,3.0,,,,,,,,,,,,,,,,,,,,,,,
8,EUW1_5971655083,TFT6_Augment_ItemGrabBag1,TFT6_Augment_ForceOfNature,TFT7_Augment_CursedCrown,,1.0,,2.0,,,,,,,1.0,,0.0,1.0,,0.0,0.0,,,,0.0,1.0,,2.0,1.0,,0.0,0.0,,,,,,,,,,,,,,,,,,,,,,,,,,,,,,,,,,,,,,,,,,,,,,,,,,,,,,,,,1.0,,,,,,,,,,,,,,,,2.0,,,,,,,,,,,,,,,,,,,,,,,,,,,,,,,,2.0,RabadonsDeathcap,,,,,,,,,,,,,,,,,,,1.0,DragonsClaw,FrozenHeart,,,,,,,,,,,,,,,,,,,,,,,,,,2.0,,,,,,,,,,,,,,,,,,,,,,,,1.0,,,,,,,,,,,,,,,,,,,,,,None,None,,,,,2.0,,,,2.0,GuinsoosRageblade,MadredsBloodrazor,Quicksilver,,,,,,,,,1.0,,,,,,,,,,,,1.0,GiantsBelt,,
8,EUW1_5972696554,TFT7_Augment_PandorasBench,TFT7_Augment_CursedCrown,TFT6_Augment_Diversify3,,,,,,,,2.0,,1.0,,1.0,0.0,,,,0.0,,0.0,0.0,0.0,,,1.0,1.0,,,,,,,,,,,,,,,,2.0,,,,,,,,,,,,1.0,,,,,,,,,,,,,,,,,,,,,,,,,,,,,,,,1.0,,,,,,,,,,,,,,,,,,,,,,,,2.0,,,,,,,,2.0,,,,,,,,,,,,,,,,,,,,,,,,,,,,,,,,,,,,,,,,,,,,,,,,,,,,,,,,,,,,1.0,,,,,,,,,,,,,,,,,,,,,,,,2.0,GuinsoosRageblade,MadredsBloodrazor,ArchangelsStaff,,,,,,,,,,,,,2.0,DragonsClaw,,,,,,,,,None,None,,,,,,,,,,,,,,,,,1.0,,,,,,,,,,,,,,,,,,,
4,EUW1_5972696554,TFT6_Augment_Distancing2,TFT7_Augment_UrfsGrabBag2,TFT6_Augment_RadiantRelics,,,,,,0.0,1.0,0.0,,1.0,,,,,4.0,,,,0.0,,,,,,,,1.0,,,,,,,,,,,,,,,,,,,,,,,,,,2.0,RedBuff,MirageEmblemItem,,,,,,,,,,2.0,GuardianAngel,HextechGunblade,JeweledGauntlet,,,,,,,,,,,,,,,,,,,,,,,,,,,,,,,,,,,,,,,,,,,,,,,,,,,,,2.0,,,,,,,,,,,,,,,,,,,,,,,,2.0,ZephyrRadiant,,,,,,,,,,,,,,,,,,,,,,,,,,,,,,,,,,,,,,,,,,,,,,,,,,,,,,,,,,,,,,,,,,,,,,,,,,,,,,,,,None,None,,,,,,,,,,,,,,,,,,,,,,,,,1.0,InfinityEdge,GuardianAngel,MadredsBloodrazor,2.0,,,,,,,
5,EUW1_5972696554,TFT7_Augment_AssassinEmblem,TFT6_Augment_ForceOfNature,TFT6_Augment_VerdantVeil,1.0,,,2.0,,,1.0,,,,1.0,0.0,,0.0,,,0.0,,0.0,1.0,,,,,,,1.0,3.0,,,,,,,,,,,,,,,,,,,,,,,,,,,,,,,,,,,,,,,,,,,,,,,,,2.0,AssassinEmblemItem,Bloodthirster,InfinityEdge,2.0,ArchangelsStaff,,,,,,,,,,,,,,,,,,,,,,,,,,,,,,,,,,,,,,,,,,,,,,,,,,,,,,,1.0,,,,,,,,,,,,2.0,,,,,,,,1.0,GuardianAngel,RedBuff,MadredsBloodrazor,,,,,,,,,,,,,,,,,,,,,2.0,,,,,,,,,,,,,,,,,,,,,,,,2.0,,,,,,,,1.0,,,,,,,,,,,,,,None,None,,,,,,,,,,,,,,,,,,,,,,,,,,,,,,,,,,,,
2,EUW1_5972696554,TFT7_Augment_BestFriends2,TFT7_Augment_AssassinEmblem2,TFT6_Augment_CelestialBlessing3,2.0,,,2.0,,,,,,,1.0,,0.0,0.0,,,0.0,,1.0,,,,,,1.0,,1.0,0.0,,,,,,,,,,,,,,,,,,,,,,,,,,,,,,,,,2.0,RedBuff,FrozenHeart,InfinityEdge,,,,,,,,,,,,,,,,,,,,,,,,,,,,,,,,,,,,,,,,,,,,,,,,,,,,,,,,,,,,,,,,,,,,,,,,,,,,,,,,,,,,,2.0,TitansResolve,AssassinEmblemItem,InfinityEdge,2.0,TearOfTheGoddess,,,,,,,2.0,Chalice,PowerGauntlet,,,,,,,,,,,,,,,,,,2.0,,,,,,,,,,,,,,,,,,,,,,,,2.0,,,,,,,,1.0,Bloodthirster,IonicSpark,GuardianAngel,,,,,,,,,,,None,None,,,,,,,,,,,,,,,,,,,,,,,,,,,,,,,,,,,,
3,EUW1_5972696554,TFT6_Augment_PortableForge,TFT7_Augment_BestFriends3,TFT6_Augment_GrandGambler,,,,,2.0,,1.0,,1.0,1.0,,,,,,0.0,0.0,1.0,,,1.0,,,,,1.0,,0.0,,,,,,,,,,,,,,,,,,,,,,,,,,,,,2.0,MadredsBloodrazor,LastWhisper,HextechGunblade,,,,,,,,,2.0,RedBuff,OrnnAnimaVisage,WarmogsArmor,,,,,,,,,,,,,,,,,,,,,,,,,,,,,,,,,,,,,,,,,,,,,,,,,,,,,,,,,2.0,ZekesHerald,LocketOfTheIronSolari,,,,,,,,,,,,,,,,,,,,,,,,,,,,,,,,,,,,,,,,,,1.0,,,,,,,,,,,,,,,,,,,,2.0,ShimmerscaleGamblersBlade,TearOfTheGoddess,,,,,,,,,,,,,,,,,,,,,,,,,,2.0,,,,3.0,TrainerSnax,None,None,2.0,,,,,,,,,,,,,,,,,,,,,,,,,,,,,,,,,,,
1,EUW1_5972696554,TFT6_Augment_RichGetRicher,TFT6_Augment_ForceOfNature,TFT6_Augment_Distancing3,1.0,,,1.0,,1.0,,0.0,,,3.0,0.0,0.0,,0.0,,1.0,,,,,,1.0,1.0,1.0,,1.0,,,,,,,,,,,,,,,,,,,,,,,,,,,,,,,,,,,,,,,,,,,,,,,,,,,,,,,,,,,,,,,,,,2.0,,,,,,,,,,,,,,,,,,,,,,,,,,,,,,,,,,,,,,,,,,,,,,,,,,,,,,,,,,,,2.0,RedBuff,WarmogsArmor,,,,,,2.0,,,,,,,,2.0,,,,,,,,,,,,2.0,,,,,,,,,,,,,,,,2.0,ArchangelsStaff,,,,,,,,,,,,,,,2.0,FrozenHeart,StatikkShiv,InfinityEdge,,,,,,,,,,,None,None,,,,,2.0,RecurveBow,,,,,,,,,,,,,,,2.0,MadredsBloodrazor,GuinsoosRageblade,MadredsBloodrazor,1.0,Quicksilver,,,,,,,,,,
6,EUW1_5972696554,TFT7_Augment_MikaelsGift,TFT6_Augment_ThriftShop,TFT7_Augment_CursedCrown,,2.0,,1.0,,0.0,1.0,,1.0,,1.0,,,3.0,,1.0,,,0.0,,,,,,,1.0,,0.0,,,,,,,,,,,,,,,,,1.0,MageEmblemItem,,,,,,,,,,,,,,,,,,,,,,,,,,,,,,,,,,,,,,,,,,,,,,,,,,,2.0,,,,3.0,ThiefsGloves,Quicksilver,DragonsClaw,,,,,,,,,,,,,,,,,,,,,1.0,,,,2.0,LocketOfTheIronSolari,PowerGauntlet,,3.0,,,,,,,,,,,,,,,,,,,,,,,,,,,,,,,,2.0,SpearOfShojin,JeweledGauntlet,RapidFireCannon,,,,,,,,,,,,,,,,,,,,,,,,,,,,,,,,,,,,,2.0,GargoyleStoneplate,,,,,,,,,,,,,,,,,,,2.0,TrainerSnax,None,None,,,,,,,,,,,,,2.0,,,,,,,,,,,,,,,,,,,,,,,
7,EUW1_5972696554,TFT7_Augment_CannoneerEmblem,TFT6_Augment_CyberneticImplants3,TFT7_Augment_BestFriends3,,,,,2.0,,1.0,,1.0,1.0,,,,,,0.0,,1.0,,,1.0,,,,,1.0,,0.0,,,,,,,,,,,,,,,,,,,,,,,,,,,,,1.0,Quicksilver,InfinityEdge,ShimmerscaleGamblersBlade,,,,,,,,,1.0,RedBuff,WarmogsArmor,,,,,,,,,,,,,,,,,,,,,,,,,,,,,,,,,,,,,,,,,,,,,,,,,,,,,,,,,,2.0,CannoneerEmblemItem,,,,,,,,,,,,,,,,,,,,,,,,,,,,,,,,,,,,,,,,,,,,,,,,,,,,,,,,,,,,,,,2.0,NeedlesslyLargeRod,,,,,,,,,,,,,,,,,,,,,,,,,,,2.0,,,,2.0,TrainerSnax,None,None,1.0,,,,,,,,,,,,,,,,,,,,,,,,,,,,,,,,,,,
3,EUW1_5971667282,TFT6_Augment_TradeSector,TFT7_Augment_GadgetExpert,TFT7_Augment_PandorasBench,1.0,,,0.0,,,1.0,,1.0,,1.0,2.0,0.0,,,1.0,,,,1.0,,,1.0,,,0.0,,,,,,,3.0,GuinsoosRageblade,StatikkShiv,DragonsClaw,,,,,,,,,,,,,,,,,,,,,,,,,,,,,,,,,,,,,2.0,InfinityEdge,Bloodthirster,AssassinEmblemItem,,,,,,,,,,,,,2.0,,,,,,,,,,,,,,,,,,,,,,,,,,,,,,,,,,,,,,,,2.0,TearOfTheGoddess,,,,,,,2.0,Redemption,BrambleVest,RedBuff,,,,,,,,,,,,,,,,,,,,,,,,,,,,,,,,,,,,,,,,,,,,,,,,,,,,,,,,,1.0,,,,,,,,,,,,,,,,2.0,ThiefsGloves,RedBuff,InfinityEdge,,,,,,,,,,,None,None,,,,,,,,,,,,,,,,,,,,,,,,,,,,,,,,,,,,
2,EUW1_5971667282,TFT7_Augment_AssassinEmblem,TFT6_Augment_PortableForge,TFT7_Augment_RagewingScorch,3.0,,,1.0,,,1.0,,1.0,,1.0,,0.0,,,,0.0,0.0,,,,,,,1.0,,0.0,2.0,,,,,,,,,,,,,,,,,,,,,,,,,,,,,,,,,,,,,,,,,,,,,,,,,2.0,AssassinEmblemItem,UnstableConcoction,InfinityEdge,,,,,,,,,,,,,,,,,,,,,,,,,,,,,,,,,,,,,,,,,,,,,,,,,,,,,,,,,,,,,,,,,,,,,,,,,2.0,AssassinEmblemItem,EvokerEmblemItem,,2.0,GuardianAngel,IonicSpark,SeraphsEmbrace,2.0,LocketOfTheIronSolari,,,,,,,,,,,,,,,,,,,2.0,OrnnRanduinsSanctum,Redemption,AssassinEmblemItem,,,,,,,,,1.0,,,,,,,,,,,,,,,,,,,,2.0,ThiefsGloves,ZekesHerald,Deathblade,,,,,,,,,,,None,None,,,,,,,,,,,,,,,,,,,,,,,,,,,,,,,,,,,,
1,EUW1_5971667282,TFT7_Augment_ClutteredMind,TFT6_Augment_Distancing2,TFT6_Augment_Ascension,0.0,,1.0,1.0,,,1.0,0.0,0.0,,1.0,,,1.0,0.0,1.0,,,,,0.0,1.0,,,,1.0,0.0,2.0,,,,,,,,,,,,,,,,,,,,,2.0,PowerGauntlet,GuinsoosRageblade,,,,,,,,,,,,,,,,,,,,,,,,,,2.0,Bloodthirster,MadredsBloodrazor,InfinityEdge,,,,,,,,,,,,,,,,,2.0,,,,,,,,,,,,,,,,,,,,,,,,,,,,,,,,2.0,,,,,,,,,,,,,,,,,,,,,,,,,,,,2.0,Bloodthirster,,,,,,,,,,,,,,,,,,,,,,,,,,,,,,,,,,,,,,,,,,,,,,,2.0,GargoyleStoneplate,FrozenHeart,IonicSpark,,,,,,,,,,,,,,,,,4.0,TrainerSnax,None,None,,,,,,,,,,,,,,,,,,,,,,,,,2.0,WarmogsArmor,,,,,,,2.0,UnstableConcoction,NeedlesslyLargeRod,
8,EUW1_5971667282,TFT6_Augment_PortableForge,TFT7_Augment_BigFriend2,TFT7_Augment_BruiserEmblem,1.0,,,2.0,,0.0,1.0,,,,1.0,,0.0,1.0,,,,,0.0,,0.0,1.0,,,1.0,,,2.0,,,,,,,,,,,,,,,,,,,,,,,,,,,,,,,,,,,,,,,,,,,,,,,,,1.0,GuinsoosRageblade,Bloodthirster,UnstableConcoction,,,,,,,,,,,,,,,,,,,,,,,,,,,,,,,,,,,,,,,,,,,,,1.0,,,,,,,,,,,,,,,,,,,,,,,,,,,,1.0,OrnnRocketPropelledFist,RedBuff,IonicSpark,,,,,1.0,,,,,,,,,,,,,,,,,,,,,,,,,,,,,,,,,,,,,,,,,,,,1.0,,,,,,,,2.0,FrozenHeart,BruiserEmblemItem,MadredsBloodrazor,,,,,,,,,,,None,None,,,,,,,,,,,,,,,,,,,,,,,,,,,,,,,,,1.0,,,
7,EUW1_5971667282,TFT6_Augment_SunfireBoard,TFT6_Augment_TargetDummies,TFT6_Augment_Ascension,,,,0.0,1.0,,1.0,,1.0,1.0,,,,,,0.0,,2.0,0.0,,1.0,,,,,1.0,,,,,,,,,,,,,,,,,,,,,,,,,,,1.0,ChainVest,,,2.0,GuinsoosRageblade,MadredsBloodrazor,Deathblade,,,,,,,,,1.0,GargoyleStoneplate,WarmogsArmor,RedBuff,,,,,,,,,,,,,,,,,,,,,,,,,,,,,,,,,,,,,,,,,,,,,,,,,,,,,,,,,2.0,,,,,,,,,,,,,,,,,,,,,,,,,,,,,,,,,,,,,,,,,,,,,,,,,,,,,,,,,,,,,,,,2.0,ShimmerscaleGoldmancersStaff,,,,,,,,,,,,,,,1.0,,,,,,,,,,,,,,,,3.0,TrainerSnax,None,None,2.0,,,,,,,,,,,,,,,,,,,,,,,,,,,,,,,,,,,
4,EUW1_5971667282,TFT6_Augment_PortableForge,TFT6_Augment_SunfireBoard,TFT6_Augment_ComponentGrabBag,,,1.0,,1.0,,1.0,,1.0,1.0,1.0,,,,,1.0,,1.0,,,1.0,,,,,1.0,,0.0,,,,,,,,,,,,,,,,,,,,,1.0,,,,,,,,2.0,LastWhisper,GuinsoosRageblade,Deathblade,,,,,,,,,2.0,OrnnRocketPropelledFist,Redemption,GargoyleStoneplate,,,,,,,,,,,,,,,,,,,,,,,,,,,,,,,,,,,,,,,,,,,,,,,,,,,,,,,,,2.0,ShimmerscaleGoldmancersStaff,,,,,,,,,,,,,,,,,,,,,,,,,,,,,,,,,,,,,,,,,,,,,,,,,,,,,,,,,,,,,,,2.0,JeweledGauntlet,SeraphsEmbrace,HextechGunblade,,,,,,,,,,,,,,,,,,,,,,,,,2.0,WarmogsArmor,WarmogsArmor,,4.0,TrainerSnax,None,None,2.0,,,,,,,,,,,,,,,,,,,,,,,,,,,,,,,,,,,
6,EUW1_5971667282,TFT6_Augment_SalvageBin,TFT7_Augment_MageEmblem,TFT6_Augment_TomeOfTraits1,,0.0,,0.0,,0.0,,,1.0,,2.0,,,3.0,,1.0,,0.0,0.0,,0.0,1.0,,,,1.0,,0.0,,,,,,,,,,,,,,,,,,,,,,,,,,,,,,,,,,,,,,,,,,,,,,,,,,,,,,,,,,,,,,,,,,,,,2.0,,,,,,,,,,,,,,,,,,,,,,,,,,,,1.0,,,,2.0,,,,2.0,GuildEmblemItem,,,,,,,,,,,,,,,,,,,,,,,,,,,,,,,2.0,ArchangelsStaff,ArchangelsStaff,SpearOfShojin,,,,,,,,,,,,,,,,,,,,,,,,,2.0,MageEmblemItem,GiantsBelt,,,,,,,,,,2.0,WarmogsArmor,DragonsClaw,GargoyleStoneplate,,,,,,,,,,,,,,,,,3.0,TrainerSnax,None,None,,,,,,,,,,,,,,,,,,,,,,,,,,,,,,,,,1.0,SpearOfShojin,ArchangelsStaff,Chalice
5,EUW1_5971667282,TFT7_Augment_ClutteredMind,TFT7_Augment_LastStand,TFT6_Augment_SunfireBoard,1.0,,,1.0,,1.0,,,,,3.0,,0.0,,,,1.0,,,,,,,1.0,1.0,,0.0,,,,,,,,,,,,,,,,,,,,,,,,,,,,,,,,,,,,,,,,,,,,,,,,,,,,,,,,,,,,,,,,,,2.0,ArchangelsStaff,Shroud,,,,,,,,,,,,,,,,,,,,,,,,,,,,,,,,,,,,,,,,,,,,,,,,,,,,,,,,,,1.0,,,,,,,,2.0,FrozenHeart,,,,,,,1.0,,,,,,,,,,,,2.0,,,,,,,,,,,,,,,,,,,,,,,,,,,,,,,,2.0,Bloodthirster,MadredsBloodrazor,Deathblade,,,,,,,,,,,None,None,,,,,2.0,,,,,,,,,,,,,,,,2.0,Quicksilver,GuinsoosRageblade,MadredsBloodrazor,,,,,,,,,,,,
5,EUW1_5971624209,TFT7_Augment_Preparation,TFT6_Augment_Diversify1,TFT6_Augment_BlueBattery2,1.0,,,1.0,,1.0,,,,,3.0,,0.0,,,,1.0,,,,,,,1.0,1.0,,0.0,,,,,,,,,,,,,,,,,,,,,,,,,,,,,,,,,,,,,,,,,,,,,,,,,,,,,,,,,,,,,,,,,,2.0,SeraphsEmbrace,WarmogsArmor,NegatronCloak,,,,,,,,,,,,,,,,,,,,,,,,,,,,,,,,,,,,,,,,,,,,,,,,,,,,,,,,,2.0,,,,,,,,2.0,SpearOfShojin,,,,,,,2.0,,,,,,,,,,,,2.0,RedBuff,,,,,,,,,,,,,,,,,,,,,,,,,,,,,,,2.0,MadredsBloodrazor,RagewingEmblemItem,,,,,,,,,,,,None,None,,,,,2.0,,,,,,,,,,,,,,,,2.0,Quicksilver,GuinsoosRageblade,MadredsBloodrazor,,,,,,,,,,,,
1,EUW1_5971624209,TFT6_Augment_CyberneticShell1,TFT6_Augment_ItemGrabBag1,TFT7_Augment_DragonAlliance,,,1.0,,,2.0,2.0,0.0,,0.0,1.0,0.0,,,2.0,0.0,0.0,,,,1.0,,1.0,,,,0.0,,,,,,,,,,,,,,,,,,,,,,2.0,ZekesHerald,PowerGauntlet,,,,,,,,,,,,,,3.0,GuinsoosRageblade,MadredsBloodrazor,ShimmerscaleGoldmancersStaff,2.0,WarmogsArmor,,,,,,,,,,,,,,,,,,,,,,,2.0,LocketOfTheIronSolari,,,,,,,,,,,,,,,,,,,,,,,,,,,,,,,,,,,,,,,,,,,,,,,,,,,2.0,IonicSpark,WarmogsArmor,RedBuff,,,,,,,,,,,,,,,,,,,,,,,,,,,,,,,,,,,,,,,,,,,,,,,,,2.0,,,,,,,,,,,,,,,,,,,,,,,,,,,,,,None,None,,,,,,,,,,,,,,,,,,,,,,,,,2.0,GuardianAngel,Deathblade,CavalierEmblemItem,,,,,,,,
3,EUW1_5971624209,TFT6_Augment_CyberneticImplants1,TFT6_Augment_CyberneticShell1,TFT6_Augment_CyberneticImplants2,1.0,,1.0,1.0,,1.0,,,,,4.0,,0.0,,,0.0,1.0,,,,,,,1.0,1.0,,0.0,,,,,,,,,,,,,,,,,,,,,,2.0,,,,,,,,,,,,,,,,,,,,,,,,,,,,,,,,,,,,,,,,,,,,2.0,SparringGloves,,,,,,,,,,,,,,,,,,,,,,,,,,,,,,,,,,,,,,,,,,,,,,,,,,,,,,,,,,,2.0,SpearOfShojin,DragonsClaw,,,,,,2.0,FrozenHeart,,,,,,,2.0,RedBuff,,,,,,,,,,,2.0,Shroud,,,,,,,,,,,,,,,,,,,,,,,,,,,,,,,1.0,InfinityEdge,,,,,,,,,,,,,None,None,,,,,2.0,LocketOfTheIronSolari,,,,,,,,,,,,,,,2.0,GuinsoosRageblade,UnstableConcoction,MadredsBloodrazor,,,,,,,,,,,,
6,EUW1_5971624209,TFT7_Augment_MirageTrait,TFT6_Augment_TinyTitans,TFT7_Augment_MirageHallucinate,,,,,,2.0,1.0,0.0,,0.0,1.0,,,,4.0,,0.0,,,,,,,,,,1.0,,,,,,,,,,,,,,,,,,,,,,,,,,,,,,,,,,,,,,2.0,UnstableConcoction,InfinityEdge,JeweledGauntlet,,,,,,,,,,,,,,,,,,,,,,,,,1.0,,,,,,,,,,,,,,,,,,,,,,,,,,,,2.0,,,,,,,,,,,,,,,,,,,,,,,,2.0,GargoyleStoneplate,RedBuff,IonicSpark,,,,,,,,,,,,,,,,,,,,,2.0,,,,,,,,,,,,,,,,,,,,,,,,,,,,,,,,,,,,,,,,,,,,,,,,,,,,,,,,,,None,None,,,,,,,,,,,,,,,,,,,,,,,,,1.0,FrozenHeart,Quicksilver,,2.0,,,,,,,
8,EUW1_5971624209,TFT7_Augment_GuildTrait,TFT6_Augment_Distancing,TFT7_Augment_FirstAidKit2,2.0,,,,,,1.0,0.0,,0.0,1.0,,0.0,,,,0.0,,0.0,,2.0,,,,0.0,,,,,,,,,,,,,,,,,,,,,,,,,,,,,,,,,,,,2.0,ShimmerscaleGoldmancersStaff,,,,,,,1.0,GargoyleStoneplate,TearOfTheGoddess,ShimmerscaleHeartOfGold,,,,,,,,,,,,,,,,,,,,,,,,,,,,,,,,,,,,,,,,,2.0,,,,,,,,,,,,,,,,,,,,,,,,,,,,,,,,,,,,,,,,,,,,,,,,2.0,,,,,,,,,,,,,,,,,,,,,,,,,,,,,,,,,,,,,,,,,,,,,,,,,,,,,,,,,,,,,,,,,,None,None,,,,,,,,,,,,,,,,,2.0,RapidFireCannon,InfinityEdge,AssassinEmblemItem,,,,,,,,,,,,,,,,
2,EUW1_5971624209,TFT7_Augment_AFK,TFT6_Augment_TinyTitans,TFT6_Augment_Diversify2,1.0,,1.0,,,,1.0,0.0,,,2.0,2.0,,,0.0,1.0,,,,1.0,,,1.0,,,,0.0,0.0,,,,,,,,,,,,,,,,,,,,,1.0,,,,,,,,,,,,,,,,,,,,,,,,2.0,TitansResolve,Bloodthirster,InfinityEdge,,,,,,,,,,,,,2.0,,,,,,,,,,,,,,,,,,,,,,,,,,,,,,,,,,,,,,,,,,,,,,,,2.0,TitanicHydra,WarmogsArmor,,,,,,,,,,,,,,,,,,2.0,RabadonsDeathcap,UnstableConcoction,InfinityEdge,,,,,,,,,,,,,,,,,,,,,,,,,,,,,,,,,,,,,2.0,Chalice,,,,,,,,,,,,,,,2.0,LastWhisper,ZekesHerald,,,,,,,,,,,,None,None,,,,,,,,,,,,,,,,,,,,,,,,,2.0,,,,,,,,,,,
7,EUW1_5971624209,TFT6_Augment_SecondWind1,TFT7_Augment_BestFriends1,TFT7_Augment_DragonAlliance,1.0,,,1.0,,,2.0,,,1.0,1.0,,,0.0,,,,,,,1.0,,,,,,,3.0,,,,,,,,,,,,,,,,,,,,,,,,,,,,,,,,,,,,,,,,,2.0,,,,,,,,2.0,Bloodthirster,RunaansHurricane,Quicksilver,,,,,,,,,,,,,,,,,,,,,,,,,,,,,,,,,,,,,,,,,,,,,,,,,,,,,,,,,,,,,,,,,,,,,,,,,,,,,1.0,SeraphsEmbrace,ShimmerscaleGoldmancersStaff,,,,,,,,,,,,,,,,,,,,,,,,,,,,,,,,,,,,,,,,,,,,,,2.0,,,,,,,,2.0,Bloodthirster,,,,,,,2.0,,,,,,None,None,,,,,,,,,,,,,,,,,,,,,,,,,,,,,,,,,,,,
4,EUW1_5971624209,TFT6_Augment_Twins1,TFT6_Augment_Electrocharge1,TFT7_Augment_FirstAidKit2,,0.0,,,,,1.0,0.0,,,,2.0,,,,0.0,0.0,,,2.0,,,1.0,,,,,,,,,,,,,,,,,,,,,,,,,,,,,,,,,,,,,,,,,,,,,,,,,,2.0,,,,,,,,,,,,,,,,2.0,ChainVest,,,,,,,,,,,,,,,,,,,,,,,,,,,,,,,,,,,,,,,,,,,,,,,2.0,Redemption,RedBuff,RabadonsDeathcap,3.0,UnstableConcoction,Deathblade,GuinsoosRageblade,,,,,,,,,,,,,,,,,,,,,,,,,,,,,,,,,,,,,,,,,,,,,,,,,,,,,1.0,SpearOfShojin,,,2.0,,,,,,,,,,,,,,,,,,,,,,,,,,None,None,,,,,,,,,,,,,,,,,,,,,,,,,,,,,,,,,,,,
8,EUW1_5971615935,TFT6_Augment_MakeshiftArmor2,TFT6_Augment_Distancing,TFT6_Augment_Diversify2,,,,,1.0,,1.0,,1.0,1.0,,,,0.0,,0.0,,1.0,,,1.0,,,,,2.0,,0.0,,,,,,,,,,,,,,,,,,,,,,,,,,,,,2.0,Quicksilver,GuinsoosRageblade,MadredsBloodrazor,,,,,,,,,2.0,ShimmerscaleDiamondHands,DragonsClaw,GargoyleStoneplate,,,,,,,,,,,,,,,,,,,,,,,,,1.0,,,,,,,,,,,,,,,,,,,,,,,,,,,,,,,,2.0,,,,,,,,,,,,,,,,,,,,,,,,,,,,,,,,,,,,,,,,,,,,,,,,,,,,,,,,,,,,,,,,1.0,,,,,,,,,,,,,,,,,,,,,,,,,,,,2.0,ThiefsGloves,RunaansHurricane,MadredsBloodrazor,2.0,TrainerSnax,None,None,2.0,,,,,,,,,,,,,,,,,,,,,,,,,,,,,,,,,,,
4,EUW1_5971615935,TFT6_Augment_CyberneticImplants2,TFT6_Augment_Distancing,TFT7_Augment_CannoneerEmblem,,,,1.0,3.0,,,0.0,1.0,,,,0.0,,0.0,0.0,,3.0,,,,,,,0.0,1.0,0.0,,,,,,,,,,,,,,,,,,,,,,,,,,,,,,2.0,GuinsoosRageblade,InfinityEdge,LastWhisper,,,,,,,,,,,,,,,,,,,,,,,,,,,,,,,,,,,,,,,,,,,,,2.0,GuardianAngel,,,,,,,,,,,,,,,,,,,,,,,2.0,,,,,,,,,,,,,,,,,,,,,,,,2.0,GargoyleStoneplate,,,,,,,,,,,,,,,,,,,,,,,,,,,,,,,,,,,,,,,2.0,Quicksilver,Morellonomicon,,,,,,,,,,,,,,2.0,RedBuff,,,,,,,,,,,,,,,4.0,TrainerSnax,None,None,2.0,TitansResolve,,,,,,,,,,,,,,,,,,,,,,,1.0,Quicksilver,TitansResolve,CannoneerEmblemItem,,,,,,,,
3,EUW1_5971615935,TFT6_Augment_Ascension,TFT6_Augment_Weakspot,TFT7_Augment_GadgetExpert,0.0,1.0,1.0,1.0,,,,,0.0,,4.0,,,1.0,,2.0,,,,,,,,1.0,,0.0,,0.0,,,,,,,,,,,,,,,,,,,,,1.0,,,,,,,,,,,,,,,,,,,,,,,,,,,,,,,,,,,,,,,,,,,,,,,,,,,,3.0,RedBuff,BrambleVest,LocketOfTheIronSolari,,,,,,,,,,,,,,,,,,,,,,,,,2.0,SeraphsEmbrace,,,3.0,ArchangelsStaff,StatikkShiv,Morellonomicon,,,,,,,,,,,,,,,,,,,,,,,,,,,,,2.0,,,,,,,,,,,,,,,,,,,,,,,,,,,,,,,,,,,,,,,,1.0,Morellonomicon,,,,,,,1.0,FrozenHeart,UnstableConcoction,Shroud,,,,,,,,,,,None,None,,,,,2.0,,,,3.0,GuinsoosRageblade,RunaansHurricane,Deathblade,,,,,,,,,,,,,,,,,,,,,,,,
2,EUW1_5971615935,TFT7_Augment_BestFriends2,TFT6_Augment_Electrocharge1,TFT6_Augment_SecondWind2,1.0,,1.0,1.0,,3.0,,,,,4.0,,0.0,,,0.0,1.0,,,,,,,1.0,1.0,,0.0,,,,,,,,,,,,,,,,,,,,,,1.0,GuinsoosRageblade,,,,,,,,,,,,,,,,,,,,,,,,,,,,,,,,,,,,,,,,,,,2.0,ThiefsGloves,UnstableConcoction,Zephyr,,,,,,,,,,,,,,,,,,,,,,,,,,,,,,,,,,,,,,,,,,,,,,,,,,,,,,,,,2.0,CavalierEmblemItem,,,,,,,2.0,FrozenHeart,RedBuff,CavalierEmblemItem,,,,,2.0,,,,,,,,,,,,2.0,,,,,,,,,,,,,,,,,,,,,,,,,,,,,,,,2.0,InfinityEdge,LastWhisper,RapidFireCannon,,,,,,,,,,,None,None,,,,,1.0,Chalice,,,,,,,,,,,,,,,2.0,TitansResolve,GuinsoosRageblade,MadredsBloodrazor,,,,,,,,,,,,
6,EUW1_5971615935,TFT6_Augment_CyberneticImplants2,TFT6_Augment_Electrocharge1,TFT7_Augment_AssassinCutthroat,2.0,,,1.0,,0.0,,,,0.0,1.0,,,0.0,,,0.0,,0.0,,,,,,0.0,,1.0,,,,,,,,,,,,,,,,,,,,,,,,,,2.0,,,,,,,,2.0,FrozenHeart,ArchangelsStaff,JeweledGauntlet,,,,,,,,,,,,,,,,,,,,,,,,,,,,,,,,,,,,,,,,,,,,,,,,,,,,,,,,,,,,,2.0,,,,,,,,,,,,,,,,,,,,,,,,3.0,AssassinEmblemItem,Bloodthirster,RunaansHurricane,,,,,,,,,2.0,NegatronCloak,LocketOfTheIronSolari,GuardianAngel,,,,,,,,,,,,,,,,,2.0,,,,,,,,,,,,,,,,,,,,,,,,,,,,,,,,2.0,LastWhisper,MadredsBloodrazor,Deathblade,,,,,,,,,,,None,None,,,,,,,,,,,,,,,,,,,,,,,,,,,,,,,,,,,,
1,EUW1_5971615935,TFT7_Augment_MageEmblem,TFT6_Augment_SecondWind1,TFT6_Augment_ThrillOfTheHunt2,,0.0,,1.0,,,1.0,,0.0,,,,0.0,2.0,,1.0,,,,,0.0,1.0,,,2.0,1.0,,0.0,,,,,,,,,2.0,MageEmblemItem,ArchangelsStaff,SpearOfShojin,,,,,,,,,,,,,,,,,,,,,,,,,,,,,,,,,,,,,,,,,,,,,,,,,,,,,,,,,2.0,StatikkShiv,,,,,,,,,,,,,,,,,,,,,,,,,,,,,,,2.0,,,,2.0,TitanicHydra,,,,,,,,,,,,,,,,,,,2.0,TitanicHydra,BrambleVest,GiantsBelt,,,,,,,,,,,,,,,,,,,,,,,,,,,,,,,,,,,,,,,,,,,,,,,,,2.0,RedBuff,WarmogsArmor,BrambleVest,,,,,,,,,,,,,,,,,4.0,TrainerSnax,None,None,,,,,,,,,,,,,,,,,,,,,,,,,,,,,,,,,2.0,SpearOfShojin,StatikkShiv,GuinsoosRageblade
7,EUW1_5971615935,TFT6_Augment_TrueTwos,TFT6_Augment_Electrocharge1,TFT6_Augment_PortableForge,,,,0.0,,1.0,1.0,,,,2.0,,,0.0,,,2.0,,,0.0,0.0,1.0,,1.0,,,0.0,,,,,,,,,,,,,,,,,,,,,,,,,,,,,,,,,,,,,,,,,,,,,,,,,,,,,,,,,,,,,,,,,,2.0,Chalice,RedBuff,Shroud,,,,,,,,,,,,,,,,,,,,,,,,,,,,,,,,,,,,,,,,,,,,,,,,,,,,,,,,,,,,,,,,,,,,,,,,,2.0,LocketOfTheIronSolari,,,,,,,,,,,2.0,Zephyr,TitansResolve,,1.0,OrnnDeathsDefiance,InfinityEdge,JeweledGauntlet,,,,,,,,,,,,,,,,,,,,,,,,,,,,,,,,,,,,,,,None,None,,,,,2.0,,,,,,,,,,,,,,,,2.0,Deathblade,GuinsoosRageblade,RunaansHurricane,,,,,,,,,1.0,,,
5,EUW1_5971615935,TFT6_Augment_TriForce2,TFT6_Augment_TinyTitans,TFT6_Augment_CelestialBlessing2,,,,,,0.0,,2.0,,,,1.0,0.0,,,,1.0,,,1.0,0.0,,,0.0,0.0,,,,,,,,,,,,,,,,2.0,ZekesHerald,StatikkShiv,,,,,,,,,,,,,,,,,,,,,,,,,,,,,,,,,,,,,,,,,,,,,,,,,,1.0,,,,,,,,,,,,,,,,2.0,,,,,,,,3.0,Deathblade,Deathblade,Bloodthirster,,,,,,,,,,,,,,,,,2.0,Morellonomicon,GargoyleStoneplate,BrambleVest,,,,,,,,,,,,,,,,,,,,,,,,,,,,,,,,,,,,,2.0,,,,,,,,,,,,,,,,,,,,,,,,3.0,ArchangelsStaff,GuinsoosRageblade,Quicksilver,,,,,,,,,,,,,,,,,,,,,,,None,None,,,,,,,,,,,,,,,,,2.0,,,,,,,,,,,,,,,,,,,
8,EUW1_5971674693,TFT6_Augment_SalvageBin,TFT6_Augment_LudensEcho3,TFT6_Augment_CyberneticImplants2,,,,,,,1.0,1.0,,,,2.0,,,0.0,0.0,,,,1.0,,,,0.0,,,0.0,,,,,,,,,,,,,,1.0,,,,,,,,,,,,,,,,,,,,,,,,,,,,,,,,2.0,UnstableConcoction,InfinityEdge,GuinsoosRageblade,,,,,,,,,,,,,2.0,,,,,,,,,,,,,,,,,,,,1.0,,,,,,,,,,,,,,,,,,,,,,,,,,,,2.0,DragonsClaw,WarmogsArmor,Morellonomicon,,,,,,,,,,,,,,,,,,,,,,,,,,,,,,,,,,,,,,,,,,,,,,,,,,,,,,,,,,,,,,,,,,,,,,,,,,,,,,,,,,,,,,,None,None,,,,,,,,,,,,,,,,,,,,,,,,,1.0,GuardianAngel,HextechGunblade,,,,,,,,,
5,EUW1_5971674693,TFT6_Augment_ThrillOfTheHunt2,TFT6_Augment_RadiantRelics,TFT7_Augment_BestFriends2,,1.0,,1.0,,,,,0.0,,,,,1.0,,1.0,,,,,0.0,1.0,,0.0,,1.0,,0.0,,,,,,,,,,,,,,,,,,,,,,,,,,,,,,,,,,,,,,,,,,,,,,,,,,,,,,,,,,,,,,,,,,,,,2.0,,,,3.0,TitanicHydra,,,,,,,,,,,,,,,,,,,,,,,,,,,2.0,PowerGauntlet,,,3.0,,,,,,,,,,,,,,,,,,,,,,,,,,,,,,,,,,,,,,,,,,,,,,,,,,,,,,,,,,,,,,,,,,,,,,,,2.0,RedBuff,GargoyleStoneplate,WarmogsArmor,,,,,,,,,,,,,,,,,2.0,TrainerSnax,None,None,,,,,,,,,3.0,GiantSlayerRadiant,MadredsBloodrazor,GuinsoosRageblade,,,,,,,,,,,,,,,,,,,,,1.0,,,
4,EUW1_5971674693,TFT7_Augment_MirageHallucinate,TFT6_Augment_RadiantRelics,TFT6_Augment_SalvageBin,,,,,,2.0,1.0,0.0,0.0,,,,,0.0,3.0,0.0,0.0,,0.0,,,,,,,0.0,1.0,,,,,,,,,,,,,,,,,,,,,,,,,,,,,,,,,,,,,,2.0,JeweledGauntlet,ArchangelsStaff,MadredsBloodrazor,,,,,,,,,,,,,,,,,,,,,,,,,2.0,FrozenHeart,,,,,,,,,,,,,,,,,,,,,,,,,,,,,,,1.0,,,,1.0,,,,,,,,,,,,,,,,3.0,BrambleVest,WarmogsArmor,Bloodthirster,,,,,,,,,,,,,,,,,,,,,,,,,,,,,,,,,,,,,,,,,,,,,,,,,,,,,,,,,,,,,,,,,,,,,,,,,,,,,,,None,None,,,,,,,,,,,,,,,,,,,,,,,,,1.0,LocketOfTheIronSolari,QuicksilverRadiant,TitansResolve,2.0,BFSword,,,,,,
6,EUW1_5971674693,TFT6_Augment_Twins2,TFT7_Augment_ThinkFast,TFT7_Augment_BestFriends2,,0.0,,2.0,,,,,,,1.0,0.0,0.0,0.0,,,0.0,,,,,,1.0,1.0,0.0,,0.0,0.0,,,,,,,,,,,,,,,,,,,,,,,,,,,,,,,,,,,,,,,,,,,,,,,,,,,,,,,,,,,,,,,,,,,,,,,,,2.0,ThiefsGloves,JeweledGauntlet,SeraphsEmbrace,,,,,,,,,,,,,,,,,,,,,,,,,,,,,,,,,,,,,,,,,,,,,,,,,2.0,TearOfTheGoddess,,,,,,,,,,,,,,,,,,,,,,,,,,,2.0,,,,,,,,,,,,,,,,1.0,,,,,,,,2.0,GargoyleStoneplate,Shroud,,,,,,,,,,,,,,,,,,,,None,None,,,,,2.0,,,,3.0,UnstableConcoction,Deathblade,GuinsoosRageblade,,,,,,,,,,,,,,,,,,,,,,,,
7,EUW1_5971674693,TFT7_Augment_CannoneerEmblem,TFT6_Augment_HighEndShopping,TFT6_Augment_CyberneticUplink2,,,,,3.0,,1.0,,1.0,1.0,,,,,,0.0,,2.0,0.0,,1.0,,,,,1.0,,,,,,,,,,,,,,,,,,,,,,,,,,,1.0,SparringGloves,,,2.0,MadredsBloodrazor,InfinityEdge,GuinsoosRageblade,,,,,,,,,2.0,BrambleVest,ShimmerscaleDiamondHands,IonicSpark,,,,,,,,,,,,,,,,,,,,,,,,,,,,,,,,,1.0,NegatronCloak,,,,,,,,,,,,,,,,,,,,,,,2.0,CannoneerEmblemItem,,,,,,,,,,,,,,,,,,,,,,,,,,,,,,,,,,,,,,,,,,,,,,,,,,,,,,,,,,,,,,,2.0,PowerGauntlet,HextechGunblade,,,,,,,,,,,,,,,,,,,,,,,,,,,,,,4.0,TrainerSnax,None,None,1.0,,,,,,,,,,,,,,,,,,,,,,,,,,,,,,,,,,,
2,EUW1_5971674693,TFT7_Augment_BestFriends2,TFT7_Augment_UrfsGrabBag2,TFT6_Augment_Diversify2,,,,1.0,,,1.0,,1.0,,1.0,,,2.0,,0.0,,0.0,,,0.0,1.0,,,,1.0,,2.0,,,,,,,,,,,,,,,,,,,,,,,,,,,,,,,,,,,,,,,,,,,,,,,,,2.0,GuinsoosRageblade,Quicksilver,Bloodthirster,,,,,,,,,,,,,,,,,1.0,,,,,,,,,,,,,,,,,,,,,,,,,,,,,,,,2.0,GargoyleStoneplate,MageEmblemItem,,,,,,,,,,,,,,,,,,,,,,,,,,,,,,,,,,2.0,Bloodthirster,,,,,,,,,,,,,,,,,,,,,,,,,,,2.0,MageEmblemItem,Quicksilver,,,,,,,,,,2.0,RedBuff,WarmogsArmor,GargoyleStoneplate,,,,,,,,,,,,,,,,,4.0,TrainerSnax,None,None,,,,,,,,,,,,,,,,,,,,,,,,,,,,,,,,,1.0,,,
3,EUW1_5971674693,TFT7_Augment_CannoneerEmblem,TFT7_Augment_GuardianEmblem2,TFT6_Augment_PortableForge,,,1.0,,2.0,,1.0,0.0,1.0,1.0,1.0,0.0,,,0.0,1.0,,1.0,,,1.0,,1.0,,,1.0,0.0,,,,,,,,,,,,,,,,,,,,,,1.0,ThiefsGloves,Chalice,GargoyleStoneplate,,,,,2.0,UnstableConcoction,GuinsoosRageblade,OrnnInfinityForce,,,,,,,,,2.0,RedBuff,GargoyleStoneplate,ShimmerscaleDiamondHands,,,,,,,,,,,,,,,,,,,,,,,,,,,,,,,,,,,,,,,,,,,,,,,,,,,,,,,,,2.0,GuardianEmblemItem,GargoyleStoneplate,,,,,,,,,,,,,,,,,,,,,,,,,,,,,,,,,,,,,,,,,,,,,,,,,,,,,,,,,,,,,,2.0,SpearOfShojin,UnstableConcoction,,1.0,,,,,,,,,,,,,,,,,,,,,,,,,,,,3.0,TrainerSnax,None,None,2.0,,,,,,,,,,,,,,,,,,,,,,,,2.0,SeraphsEmbrace,TitansResolve,CannoneerEmblemItem,,,,,,,,
1,EUW1_5971674693,TFT6_Augment_TrueTwos,TFT6_Augment_ThriftShop,TFT7_Augment_SwiftshotPressTheAttack,1.0,,1.0,1.0,,1.0,,,,,4.0,,0.0,,,0.0,1.0,,,,,,,1.0,1.0,,0.0,,,,,,,,,,,,,,,,,,,,,,1.0,,,,,,,,,,,,,,,,,,,,,,,,,,,,,,,,,,,,,,,,,,,,2.0,GargoyleStoneplate,,,,,,,,,,,,,,,,,,,,,,,,,,,,,,,,,,,,,,,,,,,,,,,,,,,,,,,,,,,2.0,Morellonomicon,AssassinEmblemItem,,,,,,2.0,,,,,,,,2.0,Chalice,,,,,,,,,,,2.0,,,,,,,,,,,,,,,,,,,,,,,,,,,,,,,,2.0,InfinityEdge,FrozenHeart,RunaansHurricane,,,,,,,,,,,None,None,,,,,2.0,,,,,,,,,,,,,,,,3.0,GuinsoosRageblade,Quicksilver,MadredsBloodrazor,,,,,,,,,,,,
7,EUW1_5970844376,TFT7_Augment_CannoneerTrait,TFT7_Augment_DragonAlliance,TFT6_Augment_PortableForge,,,,,3.0,,2.0,,1.0,0.0,,,,,,0.0,,2.0,,,1.0,,,,,1.0,,,,,,,,,,,,,,,,,,,,,,,,,,,,,,,2.0,InfinityEdge,StatikkShiv,ShimmerscaleDiamondHands,,,,,,,,,2.0,RedBuff,OrnnAnimaVisage,GargoyleStoneplate,,,,,,,,,,,,,,,,,,,,,,,,,,,,,,,,,2.0,,,,,,,,,,,,,,,,,,,,,,,,2.0,LocketOfTheIronSolari,RedBuff,,,,,,,,,,,,,,,,,,,,,,,,,,,,,,,,,,,,,,,,,,,,,,,,,,,,,,,,,,,,,,2.0,ArchangelsStaff,JeweledGauntlet,ArchangelsStaff,,,,,,,,,,,,,,,,,,,,,,,,,,,,,3.0,TrainerSnax,None,None,2.0,,,,,,,,,,,,,,,,,,,,,,,,,,,,,,,,,,,
1,EUW1_5970844376,TFT7_Augment_BruiserTrait,TFT6_Augment_CelestialBlessing2,TFT6_Augment_Ascension,,,1.0,1.0,,,1.0,1.0,,,1.0,2.0,0.0,,,1.0,,,,0.0,,,,0.0,1.0,,,,,,,,,,,,,,,,2.0,,,,,,,,1.0,,,,,,,,,,,,,,,,,,,,,,,,2.0,TitansResolve,RunaansHurricane,LastWhisper,,,,,,,,,,,,,,,,,,,,,,,,,,,,,,,,,3.0,JeweledGauntlet,SeraphsEmbrace,InfinityEdge,,,,,2.0,NeedlesslyLargeRod,IonicSpark,,,,,,,,,,,,,,,,,,2.0,RedBuff,BrambleVest,GargoyleStoneplate,,,,,,,,,,,,,2.0,,,,,,,,,,,,,,,,,,,,,,,,,,,,,,,,,,,,,,,,,,,,,,,,,,,,,,,,,,,,,,,,,,,,,,,,,,None,None,,,,,,,,,,,,,,,,,,,,,,,,,,,,,,,,,,,,
4,EUW1_5970844376,TFT6_Augment_CyberneticImplants1,TFT6_Augment_CyberneticShell2,TFT6_Augment_ThrillOfTheHunt2,,0.0,,,,,1.0,,0.0,,,2.0,,,,1.0,,,,2.0,,,1.0,,,0.0,,0.0,,,,,,,,,,,,,,,,,,,,,,,,,,,,,,,,,,,,,,,,,,,,,1.0,ChainVest,,,,,,,2.0,SparringGloves,GuinsoosRageblade,,,,,,2.0,FrozenHeart,,,,,,,,,,,,,,,,,,,,,,,,,,,,,,,,,,,,,,,1.0,,,,,,,,2.0,FrozenHeart,Redemption,Morellonomicon,3.0,Deathblade,GuinsoosRageblade,RapidFireCannon,,,,,,,,,,,,,,,,,,,,,,,,,,,,,,,,,,,,,,,,,,,,,,,,,,,,,1.0,,,,,,,,,,,,,,,,,,,,,,,,,,,,,,None,None,,,,,,,,,,,,,,,,,,,,,,,,,,,,,,,,,,,,
5,EUW1_5970844376,TFT6_Augment_CelestialBlessing1,TFT6_Augment_LudensEcho2,TFT7_Augment_UrfsGrabBag1,,0.0,,1.0,,,1.0,,0.0,,,,0.0,2.0,,1.0,,,,,0.0,1.0,,,2.0,1.0,,0.0,,,,,,,,,2.0,MageEmblemItem,Bloodthirster,,,,,,,,,,,,,,,,,,,,,,,,,,,,,,,,,,,,,,,,,,,,,,,,,,,,,,,,,,2.0,,,,,,,,,,,,,,,,,,,,,,,,,,,,,,,,2.0,LastWhisper,InfinityEdge,Deathblade,3.0,SpearOfShojin,ArchangelsStaff,,,,,,,,,,,,,,,,,,1.0,,,,,,,,,,,,,,,,,,,,,,,,,,,,,,,,,,,,,,,,,,,,,,,,,,,,2.0,RedBuff,,,,,,,,,,,,,,,,,,,3.0,TrainerSnax,None,None,,,,,,,,,,,,,,,,,,,,,,,,,,,,,,,,,1.0,Chalice,NeedlesslyLargeRod,
3,EUW1_5970844376,TFT7_Augment_BruiserTrait,TFT7_Augment_BruiserTitanicStrength,TFT6_Augment_Ascension,1.0,,,3.0,,,1.0,,,,1.0,,0.0,0.0,,,0.0,,0.0,,,,,,1.0,,1.0,2.0,,,,,,,,,,,,,,,,,,,,,,,,,,,,,,,,,,,,,,,,,,,,,,,,,2.0,UnstableConcoction,InfinityEdge,Bloodthirster,,,,,,,,,,,,,,,,,,,,,,,,,,,,,,,,,,,,,,,,,,,,,,,,,,,,,,,,,,,,,,,,,,,,,2.0,RunaansHurricane,,,2.0,WarmogsArmor,RedBuff,,,,,,2.0,Shroud,,,,,,,,,,,,,,,,,,,2.0,,,,,,,,,,,,,,,,,,,,,,,,2.0,NeedlesslyLargeRod,,,,,,,2.0,Deathblade,StatikkShiv,UnstableConcoction,,,,,,,,,,,None,None,,,,,,,,,,,,,,,,,,,,,,,,,,,,,,,,,,,,
6,EUW1_5970844376,TFT6_Augment_LudensEcho1,TFT6_Augment_ComponentGrabBag,TFT7_Augment_GadgetExpert,,0.0,,1.0,,,,,1.0,,1.0,,,2.0,,1.0,,0.0,,,0.0,1.0,,,,1.0,,0.0,,,,,,,,,,,,,,,,,,,,,,,,,,,,,,,,,,,,,,,,,,,,,,,,,,,,,,,,,,,,,,,,,,,,,2.0,,,,2.0,,,,,,,,,,,,,,,,,,,,,,,,,,,,2.0,ZekesHerald,ZekesHerald,,3.0,StatikkShiv,HextechGunblade,SeraphsEmbrace,,,,,,,,,,,,,,,,,,,,,,,,,,,,,2.0,RabadonsDeathcap,MadredsBloodrazor,SpearOfShojin,,,,,,,,,,,,,,,,,,,,,,,,,1.0,,,,,,,,,,,,2.0,GargoyleStoneplate,RedBuff,DragonsClaw,,,,,,,,,,,,,,,,,3.0,TrainerSnax,None,None,,,,,,,,,,,,,,,,,,,,,,,,,,,,,,,,,1.0,,,
2,EUW1_5970844376,TFT6_Augment_CyberneticImplants1,TFT6_Augment_Ascension,TFT7_Augment_GuildEmblem,1.0,,1.0,1.0,,1.0,,,,,5.0,,0.0,,,0.0,1.0,,,,,,,1.0,1.0,,0.0,,,,,,,,,,,,,,,,,,,,,,1.0,,,,,,,,,,,,,,,,,,,,,,,,,,,,,,,,,,,,,,,,,,,,2.0,TearOfTheGoddess,RedBuff,SpearOfShojin,,,,,,,,,,,,,,,,,,,,,,,,,,,,,,,,,,,,,,,,,,,,,,,,,,,,,,,,,2.0,RedBuff,GuildEmblemItem,PowerGauntlet,,,,,1.0,,,,,,,,2.0,,,,,,,,,,,,2.0,,,,,,,,,,,,,,,,,,,,,,,,,,,,,,,,2.0,MadredsBloodrazor,GuinsoosRageblade,UnstableConcoction,,,,,,,,,,,None,None,,,,,2.0,,,,,,,,,,,,,,,,2.0,MadredsBloodrazor,GuardianAngel,UnstableConcoction,,,,,,,,,,,,
8,EUW1_5970844376,TFT6_Augment_ThrillOfTheHunt1,TFT6_Augment_SunfireBoard,TFT6_Augment_Ascension,,,,,,0.0,,2.0,,,,1.0,0.0,,,,1.0,,,1.0,0.0,,,0.0,0.0,,,,,,,,,,,,,,,,2.0,,,,,,,,,,,,,,,,,,,,,,,,,,,,,,,,,,,,,,,,,,,,,,,,,,,,2.0,,,,,,,,,,,,,,,,2.0,ZekesHerald,SpearOfShojin,,,,,,2.0,ThiefsGloves,Chalice,PowerGauntlet,,,,,,,,,,,,,,,,,2.0,WarmogsArmor,Redemption,,,,,,,,,,,,,,,,,,,,,,,,,,,,,,,,,,,,,,1.0,,,,,,,,,,,,,,,,,,,,,,,,2.0,Quicksilver,GuinsoosRageblade,StatikkShiv,,,,,,,,,,,,,,,,,,,,,,,None,None,,,,,,,,,,,,,,,,,2.0,,,,,,,,,,,,,,,,,,,
3,EUW1_5970809742,TFT7_Augment_MageTrait,TFT7_Augment_GadgetExpert,TFT7_Augment_MageEmblem,,,,1.0,,,1.0,,1.0,,,,0.0,2.0,,0.0,,0.0,,,0.0,1.0,,,2.0,1.0,,0.0,,,,,,,,,1.0,SpearOfShojin,StatikkShiv,RabadonsDeathcap,,,,,,,,,,,,,,,,,,,,,,,,,,,,,,,,,,,,,,,,,,,,,,,,,,,,,,,,,2.0,TitanicHydra,,,,,,,,,,,,,,,,,,,,,,,,,,,,,,,2.0,Deathblade,,,,,,,,,,,,,,,,,,,,,,,2.0,ThiefsGloves,TitansResolve,MadredsBloodrazor,,,,,,,,,,,,,,,,,,,,,,,,,,,,,,,,,,,,,2.0,SeraphsEmbrace,MageEmblemItem,Morellonomicon,,,,,,,,,2.0,TitanicHydra,IonicSpark,RedBuff,,,,,,,,,,,,,,,,,2.0,TrainerSnax,None,None,,,,,,,,,,,,,,,,,,,,,,,,,,,,,,,,,1.0,SeraphsEmbrace,SpearOfShojin,
4,EUW1_5970809742,TFT6_Augment_Electrocharge1,TFT6_Augment_ComponentGrabBag,TFT7_Augment_BigFriend2,,,,1.0,1.0,,1.0,,0.0,,1.0,,,1.0,,0.0,,0.0,,,,,,,,2.0,,2.0,,,,,,,,,,,,,,,,,,,,,,,,,,,,,1.0,RunaansHurricane,HextechGunblade,WhispersEmblemItem,,,,,,,,,,,,,,,,,2.0,Quicksilver,Redemption,DragonsClaw,,,,,,,,,,,,,,,,,2.0,,,,,,,,,,,,,,,,,,,,,,,,,,,,,,,,2.0,NeedlesslyLargeRod,,,,,,,,,,,,,,,,,,,,,,,,,,,,,,,,,,,2.0,RabadonsDeathcap,,,,,,,,,,,,,,,,,,,,,,,,,,,,,,,,,,,,,,,2.0,RedBuff,WarmogsArmor,Redemption,,,,,,,,,,,,,,,,,4.0,TrainerSnax,None,None,2.0,Deathblade,StatikkShiv,,,,,,,,,,,,,,,,,,,,,,,,,,,,,,,,,
5,EUW1_5970809742,TFT6_Augment_Electrocharge1,TFT6_Augment_CelestialBlessing2,TFT6_Augment_JeweledLotus,,,,1.0,,,,2.0,,,,1.0,0.0,,,,1.0,,,1.0,0.0,,,0.0,1.0,,0.0,,,,,,,,,,,,,,2.0,ForceOfNature,Deathblade,,,,,,,,,,,,,,,,,,,,,,,,,,,,,,,,,,,,,,,,,,,,,,,,,,,,,,,,,,,,,,,,,,2.0,,,,,,,,2.0,,,,,,,,,,,,,,,,,,,,2.0,BrambleVest,WarmogsArmor,Quicksilver,,,,,,,,,,,,,2.0,HextechGunblade,GuardianAngel,,,,,,,,,,,,,,,,,,,,,,2.0,RedBuff,,,1.0,,,,,,,,,,,,,,,,,,,,2.0,GuinsoosRageblade,Quicksilver,RapidFireCannon,,,,,,,,,,,,,,,,,,,,,,,None,None,,,,,,,,,,,,,,,,,2.0,ThiefsGloves,RecurveBow,GuinsoosRageblade,,,,,,,,,,,,,,,,
7,EUW1_5970809742,TFT7_Augment_BestFriends1,TFT6_Augment_ComponentGrabBag,TFT6_Augment_SecondWind2,0.0,,,,,1.0,1.0,0.0,,,2.0,,,,3.0,,,,,,,,,,,,1.0,,,,,,,,,,,,,,,,,,,,,,,,,,,,,,,,,,,,,,2.0,ArchangelsStaff,UnstableConcoction,MadredsBloodrazor,,,,,,,,,,,,,,,,,,,,,,,,,,,,,,,,,,,,,,,,,,,,,,,,,,,,,,,,,,,,,,,,,,,,,,,,,,,,,2.0,Redemption,WarmogsArmor,,,,,,,,,,,,,,,,,,,,,,2.0,,,,,,,,,,,,,,,,,,,,,,,,,,,,,,,,,,,,,,,,,,,,1.0,FrozenHeart,InfinityEdge,,,,,,,,,,,,None,None,,,,,,,,,,,,,,,,,,,,,,,,,1.0,ChainVest,GuardianAngel,,2.0,,,,,,,
8,EUW1_5970809742,TFT6_Augment_MakeshiftArmor1,TFT6_Augment_TomeOfTraits1,TFT6_Augment_SecondWind2,3.0,,,1.0,,,,,,,1.0,,0.0,,,,0.0,,1.0,,0.0,,,,1.0,,1.0,,,,,,,,,,,,,,,,,,,,,,,,,,,,,,,,,,2.0,DragonsClaw,NegatronCloak,,,,,,,,,,,,,,,,,,,,,,,,,,,,,,,,,,,,,,,,,,,,,,,,,,2.0,,,,,,,,,,,,,,,,,,,,,,,,,,,,,,,,,,,,2.0,AssassinEmblemItem,InfinityEdge,RapidFireCannon,1.0,AssassinEmblemItem,,,,,,,2.0,,,,,,,,,,,,,,,,,,,,2.0,,,,,,,,,,,,,,,,,,,,,,,,,,,,,,,,1.0,,,,,,,,,,,,,,None,None,,,,,,,,,,,,,,,,,,,,,,,,,,,,,,,,,,,,
2,EUW1_5970809742,TFT6_Augment_PandorasItems,TFT6_Augment_CyberneticShell2,TFT7_Augment_GadgetExpert,,0.0,,3.0,,,1.0,,,,,,0.0,0.0,,,0.0,,,,,,,1.0,1.0,,0.0,2.0,,,,,,,,,,,,,,,,,,,,,,,,,,,,,,,,,,,,,,,,,,,,,,,,,1.0,RedBuff,UnstableConcoction,FrozenHeart,,,,,2.0,BruiserEmblemItem,StatikkShiv,,,,,,,,,,,,,,3.0,RedBuff,TitansResolve,JeweledGauntlet,,,,,,,,,,,,,,,,,,,,,,,,,,,,,,,,,,,,,,,,,,,,,,,,,2.0,WarmogsArmor,,,,,,,,,,,,,,,,,,,,,,,,,,,2.0,Redemption,,,,,,,,,,,,,,,,,,,,,,,2.0,DragonsClaw,RedBuff,,,,,,,,,,,,,,,,,,,,None,None,,,,,,,,,3.0,RunaansHurricane,MadredsBloodrazor,GuinsoosRageblade,,,,,,,,,,,,,,,,,,,,,,,,
1,EUW1_5970809742,TFT6_Augment_PandorasItems,TFT6_Augment_PortableForge,TFT6_Augment_Ascension,,0.0,1.0,0.0,,,,,1.0,,2.0,,,2.0,,2.0,,0.0,,,0.0,1.0,,,,1.0,,0.0,,,,,,,,,,,,,,,,,,,,,1.0,Shroud,,,,,,,,,,,,,,,,,,,,,,,,,,,,,,,,,,,,,,,,,,,,,,,2.0,,,,,,,,,,,,,,,,,,,,,,,,,,,,,,,,2.0,Chalice,,,3.0,ArchangelsStaff,HextechGunblade,,,,,,,,,,,,,,,,,,,,,,,,,,,,,,3.0,OrnnZhonyasParadox,MadredsBloodrazor,SpearOfShojin,,,,,,,,,,,,,,,,,,,,,,,,,2.0,ThiefsGloves,RedBuff,GargoyleStoneplate,,,,,,,,,2.0,GargoyleStoneplate,DragonsClaw,WarmogsArmor,,,,,,,,,,,,,,,,,4.0,TrainerSnax,None,None,,,,,,,,,,,,,,,,,,,,,,,,,,,,,,,,,2.0,UnstableConcoction,LocketOfTheIronSolari,RabadonsDeathcap
6,EUW1_5970809742,TFT6_Augment_CyberneticShell1,TFT6_Augment_CyberneticShell2,TFT6_Augment_Diversify2,,,,,2.0,,1.0,,1.0,1.0,,,,,,0.0,,2.0,0.0,,1.0,,,,,1.0,,,,,,,,,,,,,,,,,,,,,,,,,,,2.0,DragonsClaw,,,2.0,GuinsoosRageblade,InfinityEdge,LastWhisper,,,,,,,,,2.0,WarmogsArmor,Redemption,Redemption,,,,,,,,,,,,,,,,,,,,,,,,,,,,,,,,,2.0,ZekesHerald,,,,,,,,,,,,,,,,,,,,,,,2.0,ShimmerscaleGoldmancersStaff,,,,,,,,,,,,,,,,,,,,,,,,,,,,,,,,,,,,,,,,,,,,,,,,,,,,,,,,,,,,,,,1.0,SparringGloves,ArchangelsStaff,,,,,,,,,,,,,,,,,,,,,,,,,,,,,,3.0,TrainerSnax,None,None,2.0,,,,,,,,,,,,,,,,,,,,,,,,,,,,,,,,,,,
6,EUW1_5971602512,TFT7_Augment_SwiftshotPressTheAttack,TFT6_Augment_Distancing2,TFT6_Augment_SecondWind2,1.0,,,1.0,,1.0,,,,,3.0,,,,,,1.0,,0.0,,,,,1.0,0.0,,1.0,,,,,,,,,,,,,,,,,,,,,,,,,,,,,,,,,,,,,,,,,,,,,,,,,,,,,,,,,,,,,,,,,,2.0,DragonsClaw,RedBuff,FrozenHeart,,,,,,,,,,,,,,,,,,,,,,,,,,,,,,,,,,,,,,,,,,,,,,,,,,,,,1.0,,,,,,,,,,,,1.0,,,,,,,,2.0,,,,,,,,,,,,2.0,,,,,,,,,,,,,,,,,,,,,,,,,,,,,,,,2.0,GuinsoosRageblade,UnstableConcoction,Deathblade,,,,,,,,,,,None,None,,,,,2.0,,,,,,,,,,,,,,,,1.0,Deathblade,Deathblade,GuinsoosRageblade,,,,,,,,,,,,
5,EUW1_5971602512,TFT6_Augment_TrueTwos,TFT7_Augment_DragonAlliance,TFT6_Augment_SalvageBin,0.0,,,1.0,,,2.0,,,,,1.0,0.0,,,0.0,,,,,,,,,2.0,,,2.0,,,,,,,,,1.0,ArchangelsStaff,SpearOfShojin,JeweledGauntlet,,,,,,,,,,,,,,,,,,,,,,,,,,,,,,,,,2.0,GargoyleStoneplate,RedBuff,GuardianAngel,2.0,Quicksilver,GuinsoosRageblade,TitansResolve,,,,,,,,,,,,,,,,,,,,,,,,,,,,,,,,,,,,,,,,,,,,,,,,,,,,,,,,,,,,,,,,,,,,,,,,,1.0,,,,1.0,Shroud,,,,,,,,,,,,,,,,,,,,,,,,,,,,,,,,,,,,,,,,,,,,,,,,,,,,,,,,,,,,,,,,,,,,,None,None,,,,,,,,,,,,,,,,,,,,,,,,,,,,,,,,,,,,
3,EUW1_5971602512,TFT6_Augment_Ascension,TFT6_Augment_PortableForge,TFT7_Augment_BigFriend2,,1.0,1.0,3.0,,,,,,,2.0,,0.0,0.0,,0.0,0.0,0.0,,,,,,1.0,0.0,,0.0,0.0,,,,,,,,,,,,,,,,,,,,,1.0,ArchangelsStaff,,,,,,,,,,,,,,,,,,,,,,,,,,,,,,,,,,,,,,,,,,,,,,,,,,,2.0,OrnnAnimaVisage,RedBuff,Redemption,,,,,,,,,,,,,,,,,,,,,,,,,,,,,,,,,,,,,,,,,,,,,,,,,1.0,ThiefsGloves,Redemption,LastWhisper,,,,,,,,,,,,,,,,,,,,,,,,,2.0,,,,,,,,2.0,,,,,,,,,,,,,,,,2.0,ThiefsGloves,ArchangelsStaff,HextechGunblade,2.0,,,,,,,,,,,,,,,,,,None,None,,,,,2.0,Zephyr,,,3.0,RunaansHurricane,Deathblade,GuinsoosRageblade,,,,,,,,,,,,,,,,,,,,,,,,
4,EUW1_5971602512,TFT7_Augment_BruiserEmblem,TFT6_Augment_ComponentGrabBag,TFT6_Augment_ThrillOfTheHunt2,1.0,,,3.0,,,1.0,,,0.0,1.0,,0.0,0.0,,,0.0,,0.0,,,,,,1.0,,1.0,2.0,,,,,,,,,,,,,,,,,,,,,,,,,,,,,,,,,,,,,,,,,,,,,,,,,2.0,Bloodthirster,Quicksilver,RunaansHurricane,,,,,,,,,,,,,,,,,,,,,,,,,,,,,,,,,,,,,,,,,,,,,,,,,,,,,,,,,,,,,,,,,,,,,1.0,,,,2.0,TearOfTheGoddess,DragonsClaw,,,,,,2.0,FrozenHeart,,,,,,,,,,,,,,,,,,,2.0,ForceOfNature,,,,,,,,,,,,,,,,,,,,,,,2.0,RedBuff,,,,,,,1.0,UnstableConcoction,RabadonsDeathcap,InfinityEdge,,,,,2.0,BruiserEmblemItem,,,,,None,None,,,,,,,,,,,,,,,,,,,,,,,,,,,,,,,,,,,,
1,EUW1_5971602512,TFT6_Augment_BlueBattery2,TFT6_Augment_ComponentGrabBag,TFT6_Augment_Ascension,,2.0,,1.0,,,1.0,,1.0,,,,,2.0,,1.0,,,,,0.0,1.0,,,,1.0,,0.0,,,,,,,,,,,,,,,,,2.0,ArchangelsStaff,MageEmblemItem,HextechGunblade,,,,,,,,,,,,,,,,,,,,,,,,,,,,,,,,,,,,,,,,,,,,,,,,,2.0,,,,2.0,Redemption,TitanicHydra,,,,,,,,,,,,,,,,,,,,,,,,,,2.0,Chalice,ZekesHerald,,2.0,,,,,,,,,,,,,,,,,,,,,,,,,,,,,,,,,,,,,,,,,,,,,,,,,,,,,,,,,,,,,,,,,,,,,,,,2.0,TitanicHydra,RedBuff,DragonsClaw,,,,,,,,,,,,,,,,,3.0,TrainerSnax,None,None,,,,,,,,,,,,,2.0,,,,,,,,,,,,,,,,,,,,1.0,JeweledGauntlet,StatikkShiv,
7,EUW1_5971602512,TFT7_Augment_ClutteredMind,TFT6_Augment_MakeshiftArmor2,TFT7_Augment_DragonHorde,,,1.0,1.0,,,2.0,,,0.0,1.0,,,0.0,1.0,0.0,,,,,1.0,,,,,,,2.0,,,,,,,,,,,,,,,,,,,,,1.0,,,,,,,,,,,,,,,,2.0,GuinsoosRageblade,Quicksilver,RunaansHurricane,1.0,ShimmerscaleMogulsMail,RedBuff,,,,,,2.0,TitansResolve,Quicksilver,GuinsoosRageblade,,,,,,,,,,,,,,,,,,,,,,,,,,,,,,,,,,,,,,,,,,,,,,,,,,,,,,,,,,,,,,,,,,,,,,,,,,,,,,,,,,,,,,,,,,,,,,,,,,,,,,,,,,,,,,,,,,,,,,,,,,,,,1.0,,,,,,,,,,,,,,,,,,,,,,None,None,,,,,,,,,,,,,,,,,,,,,,,,,,,,,,,,,,,,
8,EUW1_5971602512,TFT7_Augment_GuardianHeroicPresence,TFT6_Augment_TradeSectorPlus,TFT6_Augment_JeweledLotus,,,,,,,1.0,1.0,,1.0,,1.0,,,0.0,,,,,,1.0,,,0.0,0.0,,,,,,,,,,,,,,,,2.0,,,,,,,,,,,,,,,,,,,,,,,,,,,,1.0,,,,,,,,,,,,,,,,,,,,,,,,,,,,,,,,,,,,,,,,3.0,JeweledGauntlet,SeraphsEmbrace,InfinityEdge,,,,,2.0,,,,3.0,WarmogsArmor,ShimmerscaleMogulsMail,ChainVest,,,,,,,,,,,,,,,,,,,,,,,,,,,,,,,,,,,,,,,,,,,,,,,,,,,,,,,,,,,,,,,,,,,,,,,,,,,,,,,,,,,,,,,,,,,,,2.0,,,,,,,,,,None,None,,,,,,,,,,,,,,,,,,,,,,,,,,,,,,,,,,,,
2,EUW1_5971602512,TFT6_Augment_TradeSector,TFT7_Augment_FirstAidKit2,TFT6_Augment_ComponentGrabBag,,1.0,1.0,1.0,,,,,0.0,,2.0,,,3.0,,2.0,,,,,0.0,1.0,,,,1.0,,0.0,,,,,,,,,,,,,,,,,,,,,1.0,,,,,,,,,,,,,,,,,,,,,,,,,,,,,,,,,,,,,,,,,,,,,,,,2.0,,,,3.0,MageEmblemItem,DragonsClaw,,,,,,,,,,,,,,,,,,,,,,,,,,2.0,,,,3.0,StatikkShiv,,,,,,,,,,,,,,,,,,,,,,,,,,,,,,,2.0,ArchangelsStaff,SpearOfShojin,RabadonsDeathcap,,,,,,,,,,,,,,,,,,,,,,,,,,,,,,,,,,,,,2.0,RedBuff,FrozenHeart,GargoyleStoneplate,,,,,,,,,,,,,,,,,3.0,TrainerSnax,None,None,,,,,,,,,,,,,3.0,,,,,,,,,,,,,,,,,,,,1.0,SeraphsEmbrace,Bloodthirster,
2,EUW1_5970838603,TFT6_Augment_CyberneticImplants2,TFT7_Augment_DragonHorde,TFT7_Augment_UrfsGrabBag1,,,1.0,1.0,,,2.0,,0.0,,2.0,0.0,,2.0,,1.0,,,,,0.0,1.0,1.0,,,1.0,,2.0,,,,,,,,,,,,,,,,,,,,,1.0,Shroud,,,,,,,,,,,,,,,,,,,,,,,,,,,2.0,ThiefsGloves,GiantsBelt,Zephyr,,,,,,,,,,,,,,,,,2.0,BFSword,,,,,,,,,,,,,,,,,,,,,,,,,,,,,,,2.0,ChainVest,,,,,,,,,,,,,,,,,,,,,,,,,,,,,,,,,,,2.0,ZekesHerald,HextechGunblade,,,,,,,,,,,,,,,,,,,,,,,,,,,,,,1.0,MageEmblemItem,,,,,,,2.0,RedBuff,GiantsBelt,,,,,,,,,,,,,,,,,,3.0,TrainerSnax,None,None,,,,,,,,,,,,,,,,,,,,,,,,,,,,,,,,,2.0,ArchangelsStaff,SpearOfShojin,GuardianAngel
3,EUW1_5970838603,TFT7_Augment_MirageEmblem,TFT7_Augment_GuardianEmblem,TFT6_Augment_SecondWind2,,,1.0,,,1.0,1.0,0.0,,1.0,1.0,0.0,,,4.0,0.0,0.0,,,,,,1.0,,,,1.0,,,,,,,,,,,,,,,,,,,,,,2.0,,,,,,,,,,,,,,,,2.0,SpearOfShojin,GuinsoosRageblade,JeweledGauntlet,,,,,,,,,,,,,,,,,,,,,,,,,2.0,TitanicHydra,,,,,,,,,,,,,,,,,,,,,,,,,,,1.0,,,,,,,,,,,,,,,,,,,,,,,,2.0,GuardianEmblemItem,RedBuff,WarmogsArmor,,,,,,,,,,,,,,,,,,,,,,,,,,,,,,,,,,,,,,,,,,,,,,,,,2.0,MirageEmblemItem,ZekesHerald,,,,,,,,,,,,,,,,,,,,,,,,,,,,None,None,,,,,,,,,,,,,,,,,,,,,,,,,2.0,GuardianAngel,Bloodthirster,UnstableConcoction,2.0,InfinityEdge,,,,,,
8,EUW1_5970838603,TFT6_Augment_RichGetRicher,TFT6_Augment_PortableForge,TFT7_Augment_CannoneerRicochet,,,,,3.0,,,,0.0,1.0,,,,,,0.0,0.0,1.0,0.0,,,,,,,1.0,,0.0,,,,,,,,,,,,,,,,,,,,,,,,,3.0,RedBuff,GargoyleStoneplate,BrambleVest,1.0,LastWhisper,,,,,,,,,,,,,,,,,,,,,,,,,,,,,,,,,,,,,,,,,,,,,,,3.0,,,,,,,,,,,,,,,,,,,,,,,,2.0,ChainVest,,,,,,,,,,,,,,,,,,,,,,,,,,,,,,,,,,,,,,,,,,,2.0,,,,,,,,,,,,,,,,,,,,,,,,,,,,,,,,,,,,,,,,,,,,,,,,2.0,ThiefsGloves,SeraphsEmbrace,HextechGunblade,3.0,TrainerSnax,None,None,3.0,OrnnTheCollector,UnstableConcoction,GuinsoosRageblade,,,,,,,,,,,,,,,,,,,,,,,,,,,,,,,,
4,EUW1_5970838603,TFT6_Augment_CalculatedLoss,TFT7_Augment_BestFriends2,TFT6_Augment_Ascension,,0.0,,,,,1.0,0.0,,0.0,,1.0,,,,,1.0,,,3.0,,,1.0,,,,,1.0,,,,,,,,,,,,,,,,,,,,,,,,,,,,,,,,,,,,,,,,,,,,,,,,,,,,,2.0,Bloodthirster,JeweledGauntlet,,,,,,2.0,WarmogsArmor,,,,,,,,,,,,,,,,,,,,,,,,,,,,,,,,,,,,,,,,,,,,,,,1.0,ThiefsGloves,Redemption,FrozenHeart,3.0,MadredsBloodrazor,GuinsoosRageblade,Quicksilver,,,,,,,,,,,,,,,,,,,,,,,,,,,,,,,,,,,,,,,,,2.0,Morellonomicon,FrozenHeart,MadredsBloodrazor,,,,,,,,,1.0,,,,2.0,,,,,,,,,,,,,,,,,,,,2.0,,,,,,None,None,,,,,,,,,,,,,,,,,,,,,,,,,,,,,,,,,,,,
7,EUW1_5970838603,TFT6_Augment_Featherweights2,TFT6_Augment_SecondWind2,TFT7_Augment_UrfsGrabBag1,,,,,,,,1.0,0.0,1.0,,1.0,,,1.0,0.0,,,,,,,,1.0,1.0,0.0,,,,,,,,,,,,,,,2.0,,,,,,,,,,,,,,,,,,,,,,,,,,,,,,,,,,,,,,,,,,,,3.0,MirageEmblemItem,MadredsBloodrazor,ArchangelsStaff,,,,,,,,,,,,,,,,,,,,,3.0,InfinityEdge,JeweledGauntlet,SeraphsEmbrace,,,,,2.0,,,,3.0,RedBuff,DragonsClaw,DragonsClaw,,,,,1.0,,,,,,,,,,,,,,,,,,,,,,,,,,,,,,,,,,,,,,,,,,,,,,,,,,,,,,,,,,,,,,,,,,,,,,,,,,,,,,,,,,,,,,,,3.0,,,,,,,,,,None,None,,,,,,,,,,,,,,,,,,,,,,,,,,,,,,,,,,,,
6,EUW1_5970838603,TFT7_Augment_GuildEmblem,TFT7_Augment_SwiftshotPressTheAttack,TFT6_Augment_Ascension,1.0,,,1.0,,1.0,,,,,4.0,,0.0,,,,1.0,,,,,,,1.0,1.0,,0.0,,,,,,,,,,,,,,,,,,,,,,,,,,,,,,,,,,,,,,,,,,,,,,,,,,,,,,,,,,,,,,,,,,2.0,Redemption,,,,,,,,,,,,,,,,,,,,,,,,,,,,,,,,,,,,,,,,,,,,,,,,,,,,,,,,,,,2.0,RedBuff,FrozenHeart,Zephyr,,,,,1.0,,,,,,,,2.0,,,,,,,,,,,,2.0,,,,,,,,,,,,,,,,,,,,,,,,,,,,,,,,2.0,FrozenHeart,BFSword,,,,,,,,,,,,None,None,,,,,2.0,,,,,,,,,,,,,,,,2.0,UnstableConcoction,GuinsoosRageblade,GuildEmblemItem,,,,,,,,,,,,
1,EUW1_5970838603,TFT7_Augment_UrfsGrabBag1,TFT7_Augment_GadgetExpert,TFT6_Augment_ThrillOfTheHunt2,2.0,0.0,1.0,2.0,,,,,,,2.0,,0.0,,,0.0,0.0,,1.0,,,,,,1.0,,1.0,,,,,,,,,,,,,,,,,,,,,,1.0,,,,,,,,,,,,2.0,RedBuff,StatikkShiv,GuardianAngel,,,,,,,,,,,,,,,,,,,,,,,,,,,,,,,,,,,,,2.0,,,,,,,,,,,,,,,,,,,,,,,,,,,,,,,,,,,,,,,,,,,,,,,,3.0,RunaansHurricane,InfinityEdge,AssassinEmblemItem,1.0,,,,,,,,3.0,RapidFireCannon,ArchangelsStaff,ArchangelsStaff,,,,,,,,,,,,,,,,,2.0,,,,,,,,,,,,,,,,,,,,,,,,,,,,,,,,2.0,Chalice,FrozenHeart,,,,,,,,,,,,None,None,,,,,,,,,,,,,,,,,,,,,,,,,,,,,,,,,,,,
5,EUW1_5970838603,TFT6_Augment_BlueBattery2,TFT7_Augment_MageConference,TFT7_Augment_FirstAidKit2,,1.0,1.0,1.0,,0.0,,,0.0,,1.0,,,2.0,,2.0,,,0.0,,,,,,,1.0,,0.0,,,,,,,,,,,,,,,,,,,,,1.0,,,,,,,,,,,,,,,,,,,,,,,,,,,,,,,,,,,,,,,,,,,,,,,,3.0,,,,3.0,IonicSpark,GargoyleStoneplate,Morellonomicon,,,,,,,,,,,,,,,,,,,,,3.0,ThiefsGloves,InfinityEdge,Bloodthirster,2.0,,,,3.0,SpearOfShojin,StatikkShiv,ArchangelsStaff,,,,,,,,,,,,,,,,,,,,,,,,,,,,,,,,,,,,,,,,,,,,,,,,,,,,,,,,,,,,,,,,,,,,,2.0,ThiefsGloves,SparringGloves,InfinityEdge,,,,,,,,,,,,,,,,,1.0,TrainerSnax,None,None,,,,,,,,,,,,,2.0,GiantsBelt,,,,,,,,,,,,,,,,,,,,,,
8,EUW1_5973229205,TFT7_Augment_CavalierEmblem,TFT6_Augment_TradeSectorPlus,TFT6_Augment_ComponentGrabBag,1.0,,,1.0,,3.0,,,,,3.0,,0.0,,,,0.0,,,,,,,1.0,1.0,,0.0,,,,,,,,,,,,,,,,,,,,,,,,,,,,,,,,,,,,,,,,,,,,,,,,,,,,,,,,,,1.0,Quicksilver,MadredsBloodrazor,GuinsoosRageblade,,,,,2.0,,,,,,,,,,,,,,,,,,,,,,,,,,,,,,,,,,,,,,,,,,,,,,,,,,,,,,,,,,,,1.0,CavalierEmblemItem,DragonsClaw,GiantsBelt,,,,,2.0,TearOfTheGoddess,,,,,,,1.0,,,,,,,,,,,,2.0,CavalierEmblemItem,,,,,,,,,,,,,,,,,,,,,,,,,,,,,,,2.0,BFSword,,,,,,,,,,,,,None,None,,,,,1.0,,,,,,,,,,,,,,,,,,,,,,,,,,,,,,,
3,EUW1_5973229205,TFT7_Augment_ShimmerscaleTrait,TFT6_Augment_CelestialBlessing2,TFT6_Augment_Diversify2,0.0,,,,,,1.0,0.0,,1.0,,0.0,0.0,0.0,,,0.0,,,1.0,3.0,1.0,1.0,,,,,1.0,,,,,,,,,,,,,,,,,,,,,,,,,,,,,,,,,,,,,,,,,2.0,FrozenHeart,ShimmerscaleMogulsMail,GargoyleStoneplate,,,,,,,,,3.0,GuinsoosRageblade,ShimmerscaleGoldmancersStaff,ShimmerscaleGamblersBlade,,,,,,,,,,,,,,,,,,,,,,,,,,,,,2.0,LastWhisper,,,,,,,,,,,,,,,,,,,,,,,2.0,ChainVest,,,,,,,,,,,,,,,,,,,,,,,,,,,,,,,,,,,,,,,,,,,,,,,,,,,,,,,,,,,2.0,,,,,,,,,,,,,,,,,,,,,,,,2.0,,,,,,None,None,,,,,,,,,,,,,,,,,2.0,ShimmerscaleDravensAxe,GuinsoosRageblade,Quicksilver,,,,,,,,,,,,,2.0,JeweledGauntlet,Quicksilver,InfinityEdge
7,EUW1_5973229205,TFT7_Augment_UrfsGrabBag1,TFT6_Augment_ComponentGrabBag,TFT7_Augment_DragonHorde,,,,2.0,,1.0,2.0,,,,,,0.0,0.0,2.0,,0.0,,,,,,,,0.0,,0.0,2.0,,,,,,,,,,,,,,,,,,,,,,,,,,,,,,,,,,,,,2.0,ThiefsGloves,IonicSpark,StatikkShiv,,,,,,,,,2.0,RedBuff,CavalierEmblemItem,Bloodthirster,,,,,,,,,,,,,,,,,,,,,,,,,,,,,,,,,,,,,,,,,,,,,,,,,,,,,,,,,,,,,,,,,3.0,MadredsBloodrazor,LocketOfTheIronSolari,LocketOfTheIronSolari,,,,,2.0,SeraphsEmbrace,StatikkShiv,,,,,,,,,,,,,,,,,,,,,,,,,,1.0,SeraphsEmbrace,,,,,,,,,,,,,,,,,,,,,,,2.0,,,,,,,,,,,,,,,,,,,,,,None,None,,,,,,,,,,,,,,,,,,,,,,,,,,,,,,,,,,,,
5,EUW1_5973229205,TFT6_Augment_Electrocharge2,TFT6_Augment_ComponentGrabBag,TFT6_Augment_CyberneticUplink2,,0.0,,1.0,,,1.0,,1.0,,1.0,,,2.0,,1.0,,0.0,,,,,,,,1.0,,2.0,,,,,,,,,,,,,,,,,,,,,,,,,,,,,,,,,,,,,,,,,,,,,,,,,2.0,Quicksilver,Bloodthirster,GuinsoosRageblade,,,,,,,,,,,,,,,,,2.0,SparringGloves,,,,,,,,,,,,,,,,,,,,,,,,,,,,,,,2.0,LocketOfTheIronSolari,,,1.0,,,,,,,,,,,,,,,,,,,,,,,,,,,,,,,,2.0,SpearOfShojin,MadredsBloodrazor,,,,,,,,,,,,,,,,,,,,,,,,,,1.0,MageEmblemItem,RabadonsDeathcap,,,,,,,,,,2.0,Quicksilver,TitanicHydra,TitansResolve,,,,,,,,,,,,,,,,,4.0,TrainerSnax,None,None,,,,,,,,,,,,,,,,,,,,,,,,,,,,,,,,,,,,
1,EUW1_5973229205,TFT7_Augment_SwiftshotPressTheAttack,TFT6_Augment_SunfireBoard,TFT7_Augment_BestFriends2,1.0,1.0,,1.0,,,,,,,2.0,,0.0,0.0,,0.0,0.0,,,,,,,2.0,1.0,,,,,,,,,,,,,,,,,,,,,,,,,,,,,,,,,,,,,,,,,,,,,,,,,,,,,,,,,,,,2.0,,,,,,,,,,,,,,,,3.0,BrambleVest,RabadonsDeathcap,,,,,,,,,,,,,,,,,,,,,,,,,,,,,,3.0,PowerGauntlet,PowerGauntlet,,,,,,,,,,,,,,,,,,2.0,,,,,,,,,,,,,,,,,,,,,,,,,,,,,,,,,,,,,,,,,,,,,,,,,,,,,,,,,,,,2.0,FrozenHeart,RunaansHurricane,Bloodthirster,,,,,,,,,,,None,None,,,,,2.0,AssassinEmblemItem,,,3.0,RunaansHurricane,GuinsoosRageblade,Deathblade,,,,,,,,,2.0,,,,,,,,,,,,,,,
4,EUW1_5973229205,TFT7_Augment_MageConference,TFT6_Augment_LudensEcho2,TFT7_Augment_UrfsGrabBag1,,0.0,1.0,0.0,,1.0,,,0.0,,2.0,,,2.0,,2.0,,,0.0,,,,,,,1.0,,0.0,,,,,,,,,,,,,,,,,,,,,1.0,,,,,,,,,,,,,,,,,,,,,,,,,,,,,,,,,,,,,,,,,,,,,,,,3.0,,,,,,,,,,,,,,,,,,,,,,,,,,,,3.0,SeraphsEmbrace,IonicSpark,,2.0,,,,3.0,SpearOfShojin,StatikkShiv,MadredsBloodrazor,,,,,,,,,,,,,,,,,,,,,,,,,,,,,3.0,SpearOfShojin,JeweledGauntlet,ArchangelsStaff,,,,,,,,,,,,,,,,,,,,,,,,,,,,,,,,,,,,,2.0,,,,,,,,,,,,,,,,,,,,3.0,TrainerSnax,None,None,,,,,,,,,,,,,3.0,RedBuff,CavalierEmblemItem,,,,,,,,,,,,,,,,,,,,,
6,EUW1_5973229205,TFT7_Augment_WarriorTiamat,TFT7_Augment_Preparation2,TFT6_Augment_PortableForge,0.0,0.0,,3.0,,,1.0,,,,,,0.0,0.0,,,0.0,,0.0,,,,,,1.0,,1.0,2.0,,,,,,,,,,,,,,,,,,,,,,,,,,,,,,,,,,,,,,,,,,,,,,,,,2.0,Quicksilver,OrnnDeathsDefiance,InfinityEdge,,,,,,,,,,,,,,,,,,,,,1.0,,,,,,,,,,,,,,,,,,,,,,,,,,,,,,,,,,,,,,,,,,,,,,,,2.0,ZekesHerald,Shroud,GuinsoosRageblade,1.0,RedBuff,Redemption,WarmogsArmor,,,,,2.0,RabadonsDeathcap,NeedlesslyLargeRod,,,,,,,,,,,,,,,,,,2.0,,,,,,,,,,,,,,,,,,,,,,,,2.0,,,,,,,,,,,,,,,,,,,,,,None,None,,,,,,,,,,,,,,,,,,,,,,,,,,,,,,,,,,,,
2,EUW1_5973229205,TFT6_Augment_Meditation2,TFT6_Augment_BlueBattery2,TFT6_Augment_SunfireBoard,,,1.0,1.0,,,1.0,,1.0,,2.0,,0.0,1.0,,1.0,,0.0,,,0.0,1.0,,,2.0,0.0,,0.0,,,,,,,,,1.0,ArchangelsStaff,SpearOfShojin,SpearOfShojin,,,,,,,,,2.0,,,,,,,,,,,,,,,,,,,,,,,,,,,,,,,,,,,,,,,,,,,,,,,,,,,,,,,,,,,,,,,,,,,,,,,,,,,,,,,,2.0,Chalice,StatikkShiv,,,,,,,,,,,,,,,,,,,,,,1.0,WarmogsArmor,GargoyleStoneplate,Redemption,,,,,,,,,1.0,,,,,,,,,,,,,,,,,,,,,,,,,,,,2.0,,,,,,,,,,,,2.0,TitanicHydra,GiantsBelt,DragonsClaw,,,,,,,,,,,,,,,,,,,None,None,,,,,,,,,,,,,,,,,,,,,,,,,,,,,,,,,1.0,,,
4,EUW1_5971603602,TFT6_Augment_CalculatedLoss,TFT6_Augment_TinyTitans,TFT6_Augment_PortableForge,,1.0,1.0,1.0,,,,0.0,1.0,,1.0,1.0,0.0,,,0.0,0.0,0.0,,2.0,,,,,,,,,,,,,2.0,,,,,,,,,,,,,,,,1.0,,,,,,,,,,,,,,,,,,,,,,,,,,,,,,,,,,,,,,,,2.0,,,,,,,,,,,,3.0,IonicSpark,OrnnEternalWinter,DragonsClaw,,,,,,,,,,,,,,,,,,,,,,,,,,,,,,,,,2.0,RedBuff,DragonsClaw,,3.0,Deathblade,GuinsoosRageblade,Bloodthirster,,,,,,,,,,,,,,,,,,,,,,,,,,,,,,,,,,,,,,,,,,,,,3.0,WarmogsArmor,,,2.0,TearOfTheGoddess,,,,,,,2.0,GuinsoosRageblade,,,,,,,,,,,,,,,,,,,,,,,,,None,None,,,,,,,,,,,,,,,,,,,,,,,,,,,,,,,,,,,,
2,EUW1_5971603602,TFT7_Augment_AssassinEmblem,TFT7_Augment_ShimmerscaleEmblem,TFT6_Augment_Distancing2,2.0,,1.0,,,,1.0,0.0,,0.0,2.0,,0.0,0.0,,0.0,0.0,,0.0,,3.0,1.0,,,,,,0.0,,,,,,,,,,,,,,,,,,,,,1.0,,,,,,,,,,,,2.0,ShimmerscaleHeartOfGold,TitansResolve,Morellonomicon,,,,,2.0,ShimmerscaleDiamondHands,ShimmerscaleMogulsMail,RedBuff,,,,,,,,,,,,,,,,,,,,,,,,,,,,,,,,,,,,,,,,,3.0,InfinityEdge,MadredsBloodrazor,LastWhisper,,,,,,,,,,,,,,,,,,,,,,,,,,,,,,,,,,,,,,,,,1.0,,,,,,,,,,,,,,,,,,,,,,,,,,,,,,,,,,,,,,,,,,,,,,,,,,,,,,,,2.0,ShimmerscaleEmblemItem,GuardianAngel,JeweledGauntlet,,,,,,,,,,,None,None,,,,,,,,,,,,,,,,,3.0,AssassinEmblemItem,Quicksilver,ShimmerscaleGoldmancersStaff,,,,,,,,,,,,,1.0,GuardianAngel,,
5,EUW1_5971603602,TFT6_Augment_SalvageBin,TFT6_Augment_ItemGrabBag1,TFT6_Augment_MakeshiftArmor2,,,,,,0.0,,2.0,,,,1.0,,,0.0,,1.0,,,1.0,,,,0.0,0.0,,0.0,,,,,,,,,,,,,,2.0,Zephyr,,,,,,,,,,,,,,,,,,,,,,,,,,,,,,,,,,,,,,,,,,,,,,,,,,,2.0,JeweledGauntlet,SeraphsEmbrace,Quicksilver,,,,,,,,,,,,,2.0,,,,,,,,2.0,,,,,,,,,,,,,,,,,,,,2.0,RedBuff,Redemption,TitansResolve,,,,,,,,,,,,,,,,,,,,,,,,,,,,,,,,,,,,,1.0,,,,,,,,,,,,,,,,,,,,,,,,2.0,ArchangelsStaff,GuinsoosRageblade,GuinsoosRageblade,,,,,,,,,,,,,,,,,,,,,,,None,None,,,,,,,,,,,,,,,,,,,,,,,,,1.0,,,,,,,,,,,
1,EUW1_5971603602,TFT7_Augment_GadgetExpert,TFT6_Augment_Electrocharge1,TFT6_Augment_ComponentGrabBag,1.0,,,1.0,,1.0,,0.0,,,2.0,,0.0,,0.0,,1.0,,,,,,,1.0,1.0,,1.0,0.0,,,,,,,,,,,,,,,,,,,,,,,,,,,,,,,,,,,,,,,,,,,,,,,,,,,,,,,,,,,,,,,,,2.0,Morellonomicon,RedBuff,Redemption,,,,,,,,,,,,,,,,,,,,,,,,,,,,,,,,,,,,,,,,,,,,,,,,,,,,,,,,,2.0,Redemption,,,2.0,InfinityEdge,UnstableConcoction,FrozenHeart,1.0,Shroud,,,,,,,2.0,,,,,,,,,,,,2.0,,,,,,,,,,,,,,,,,,,,,,,,,,,,,,,,,,,,,,,,,,,,,,None,None,,,,,2.0,,,,,,,,,,,,,,,,2.0,StatikkShiv,InfinityEdge,LastWhisper,1.0,WarmogsArmor,,,,,,,,,,
7,EUW1_5971603602,TFT6_Augment_CyberneticImplants2,TFT6_Augment_ThrillOfTheHunt1,TFT6_Augment_SunfireBoard,,,,1.0,,,1.0,0.0,,0.0,2.0,,,0.0,0.0,,,,,0.0,,,,0.0,,,0.0,3.0,,,,,,,,,,,,,,,,,,,,,,,,,,,,,,,,,,,,,,,,,,,,,,,,,2.0,Bloodthirster,GuardianAngel,TitansResolve,2.0,MadredsBloodrazor,GuardianAngel,,,,,,,,,,,,,,,,,,,,,,,,,,,,,,,,,,,,,,,,,,,,,,,,,,,,,,,,,,,,,,,,,,,,,,,,,,,,,,,,,,1.0,,,,,,,,,,,,,,,,,,,,,,,,,,,,,,,,,,,,,,,,2.0,GargoyleStoneplate,,,,,,,,,,,,,,,1.0,,,,,,None,None,,,,,1.0,Zephyr,,,,,,,,,,,,,,,,,,,1.0,,,,,,,,,,,
8,EUW1_5971603602,TFT6_Augment_ThreesCompany,TFT6_Augment_Weakspot,TFT7_Augment_GadgetExpert,,0.0,,1.0,,,1.0,,,,1.0,,,1.0,,0.0,,,,,,,,1.0,,0.0,,2.0,,,,,,,,,,,,,,,,,,,,,,,,,,,,,,,,,,,,,,,,,,,,,,,,,1.0,ThiefsGloves,ChainVest,IonicSpark,,,,,,,,,,,,,,,,,2.0,,,,,,,,,,,,,,,,,,,,,,,,,,,,,,,,,,,,3.0,StatikkShiv,,,,,,,,,,,,,,,,,,,,,,,,,,,,,,,,,,,,,,,,,,,,,,,,,,,,,,,,,,,,,,,,,,,,,,,2.0,GargoyleStoneplate,RedBuff,,,,,,,,,,,,,,,,,,,,None,None,,,,,2.0,ThiefsGloves,NegatronCloak,Zephyr,3.0,Deathblade,GuinsoosRageblade,RunaansHurricane,,,,,,,,,,,,,,,,,,,,,,,,
6,EUW1_5971603602,TFT7_Augment_Preparation2,TFT6_Augment_Weakspot,TFT7_Augment_PandorasBench,1.0,,,1.0,,1.0,,,,,3.0,,0.0,,,,1.0,,,,,,,1.0,1.0,,0.0,,,,,,,,,,,,,,,,,,,,,,,,,,,,,,,,,,,,,,,,,,,,,,,,,,,,,,,,,,,,,,,,,,1.0,GiantsBelt,,,,,,,,,,,,,,,,,,,,,,,,,,,,,,,,,,,,,,,,,,,,,,,,,,,,,,,,,,,2.0,GargoyleStoneplate,WarmogsArmor,Shroud,,,,,2.0,,,,,,,,2.0,,,,,,,,,,,,2.0,,,,,,,,,,,,,,,,,,,,,,,,,,,,,,,,2.0,FrozenHeart,,,,,,,,,,,,,None,None,,,,,2.0,,,,,,,,,,,,,,,,2.0,Quicksilver,Deathblade,GuinsoosRageblade,,,,,,,,,,,,
3,EUW1_5971603602,TFT7_Augment_BestFriends2,TFT6_Augment_TinyTitans,TFT7_Augment_GuildGearUpgrades,1.0,,,1.0,,1.0,,,,,3.0,,0.0,,,,1.0,,,,,,,1.0,1.0,,0.0,,,,,,,,,,,,,,,,,,,,,,,,,,,,,,,,,,,,,,,,,,,,,,,,,,,,,,,,,,,,,,,,,,2.0,RedBuff,Morellonomicon,,,,,,,,,,,,,,,,,,,,,,,,,,,,,,,,,,,,,,,,,,,,,,,,,,,,,,,,,,2.0,Zephyr,,,,,,,2.0,FrozenHeart,,,,,,,2.0,GiantsBelt,,,,,,,,,,,2.0,,,,,,,,,,,,,,,,,,,,,,,,,,,,,,,,2.0,BFSword,UnstableConcoction,,,,,,,,,,,,None,None,,,,,2.0,NeedlesslyLargeRod,,,,,,,,,,,,,,,2.0,GuinsoosRageblade,MadredsBloodrazor,Quicksilver,,,,,,,,,,,,
8,EUW1_5971752914,TFT7_Augment_GuildTrait,TFT6_Augment_TomeOfTraits1,TFT6_Augment_Ascension,0.0,,1.0,1.0,,0.0,,0.0,,,3.0,0.0,0.0,,0.0,0.0,1.0,,,,,,1.0,1.0,0.0,,1.0,,,,,,,,,,,,,,,,,,,,,,1.0,,,,,,,,,,,,,,,,,,,,,,,,,,,,,,,,,,,,,,,,,,,,2.0,SwiftshotEmblemItem,,,,,,,,,,,,,,,,,,,,,,,,,,,,,,,,,,,,,,,,,,,,,,,,,,,,,,,,,,,1.0,,,,,,,,,,,,,,,,,,,,,,,,,,,,2.0,,,,,,,,,,,,,,,,1.0,,,,,,,,,,,,,,,,1.0,RedBuff,FrozenHeart,,,,,,,,,,,,None,None,,,,,,,,,,,,,,,,,,,,,2.0,GuinsoosRageblade,RunaansHurricane,,1.0,,,,,,,,,,,
5,EUW1_5971752914,TFT7_Augment_AFK,TFT6_Augment_PortableForge,TFT6_Augment_Ascension,,1.0,,1.0,,,,,1.0,,1.0,0.0,0.0,2.0,,1.0,,,,,,,,,,1.0,,0.0,,,,,1.0,,,,,,,,,,,,,,,,,,,,,,,,,,,,,,,,,,,,,,,,,,,,,,,,,,,,,,,,,,,,,,,,1.0,,,,3.0,ThiefsGloves,GuardianAngel,TitansResolve,,,,,,,,,,,,,,,,,,,,,,,,,1.0,,,,3.0,ThiefsGloves,WarmogsArmor,IonicSpark,,,,,,,,,,,,,,,,,,,,,,,,,,,,,3.0,HextechGunblade,SpearOfShojin,OrnnMuramana,,,,,,,,,,,,,,,,,,,,,,,,,,,,,,,,,,,,,2.0,RedBuff,TitanicHydra,GargoyleStoneplate,,,,,,,,,,,,,,,,,1.0,TrainerSnax,None,None,,,,,,,,,,,,,2.0,Shroud,,,,,,,,,,,,,,,,,,,,,,
7,EUW1_5971752914,TFT6_Augment_SecondWind1,TFT7_Augment_DragonAlliance,TFT6_Augment_PortableForge,,1.0,,1.0,,,2.0,,0.0,0.0,,,,0.0,,,,,,,1.0,,,,,,,2.0,,,,,,,,,,,,,,,,,1.0,ThiefsGloves,RunaansHurricane,SeraphsEmbrace,,,,,,,,,,,,,,,,,,,,,2.0,RedBuff,GargoyleStoneplate,Quicksilver,,,,,1.0,OrnnInfinityForce,UnstableConcoction,TitansResolve,,,,,,,,,,,,,,,,,,,,,,,,,,,,,,,,,,,,,,,,,,,,,,,,,,,,,,,,,,,,,,,,,,,,,,,,,,,,,,,,,,,,,,,,,,,,,,,,,,,,,,,,,,,,,,,,,,,,,,,,,,,,,2.0,TitanicHydra,ShimmerscaleHeartOfGold,,,,,,,,,,,,,,,,,,,,None,None,,,,,,,,,,,,,,,,,,,,,,,,,,,,,,,,,,,,
1,EUW1_5971752914,TFT6_Augment_CyberneticShell1,TFT7_Augment_DragonHorde,TFT6_Augment_Ascension,1.0,,1.0,1.0,,,2.0,,,1.0,2.0,,0.0,,,0.0,,,,,1.0,,,,1.0,,,2.0,,,,,,,,,,,,,,,,,,,,,1.0,SpearOfShojin,,,,,,,,,,,,,,,,,,,2.0,ShimmerscaleHeartOfGold,WarmogsArmor,DragonsClaw,,,,,2.0,GuinsoosRageblade,Bloodthirster,Quicksilver,,,,,,,,,,,,,,,,,,,,,,,,,,,,,,,,,,,,,,,,,,,,,,,,,,,,,,,,,,,,,,,,,,,,,,,,,2.0,ZekesHerald,,,,,,,1.0,,,,,,,,,,,,,,,,,,,,,,,,,,,,,,,,,,,,,,,,,,,,,,,,,,,,2.0,RedBuff,IonicSpark,RapidFireCannon,,,,,2.0,SparringGloves,,,,,None,None,,,,,,,,,,,,,,,,,,,,,,,,,,,,,,,,,,,,
4,EUW1_5971752914,TFT7_Augment_JadeEmblem,TFT6_Augment_ThrillOfTheHunt2,TFT7_Augment_GadgetExpert,,,,,,0.0,1.0,0.0,1.0,,,3.0,0.0,,,1.0,,,,1.0,,,1.0,0.0,,0.0,,,,,,,2.0,ArchangelsStaff,StatikkShiv,RabadonsDeathcap,,,,,2.0,,,,,,,,,,,,,,,,,,,,,,,,,,,,,,,,2.0,UnstableConcoction,TitansResolve,UnstableConcoction,,,,,,,,,,,,,2.0,CavalierEmblemItem,LocketOfTheIronSolari,,,,,,,,,,,,,,,,,,,,,,,,,,,,,,,,,,,,,,2.0,JadeEmblemItem,,,,,,,2.0,GargoyleStoneplate,RedBuff,FrozenHeart,,,,,,,,,,,,,,,,,,,,,,,,,,,,,,,,,,,,,,,,,,,,,,,,,,,,,,,,,1.0,,,,,,,,,,,,,,,,,,,,,,,,,,,,,,None,None,,,,,,,,,,,,,,,,,,,,,,,,,,,,,,,,,,,,
2,EUW1_5971752914,TFT6_Augment_ItemGrabBag1,TFT6_Augment_CyberneticShell2,TFT6_Augment_ComponentGrabBag,,0.0,,1.0,,,1.0,,0.0,,1.0,,0.0,2.0,,1.0,,,,,0.0,1.0,,,2.0,1.0,,0.0,,,,,,,,,2.0,SpearOfShojin,HextechGunblade,SpearOfShojin,,,,,,,,,,,,,,,,,,,,,,,,,,,,,,,,,,,,,,,,,,,,,,,,,,,,,,,,,2.0,ThiefsGloves,MadredsBloodrazor,RedBuff,,,,,,,,,,,,,,,,,,,,,,,,,,,,,2.0,Chalice,,,3.0,StatikkShiv,SpearOfShojin,RabadonsDeathcap,,,,,,,,,,,,,,,,,1.0,TitanicHydra,TitanicHydra,,,,,,,,,,1.0,,,,,,,,,,,,,,,,,,,,,,,,,,,,,,,,,,,,,,,,2.0,RedBuff,DragonsClaw,WarmogsArmor,,,,,,,,,,,,,,,,,3.0,TrainerSnax,None,None,,,,,,,,,,,,,,,,,,,,,,,,,,,,,,,,,2.0,BFSword,,
3,EUW1_5971752914,TFT7_Augment_RevelTrait,TFT7_Augment_CannoneerHotShot,TFT7_Augment_CannoneerRicochet,,,,,3.0,,1.0,,1.0,1.0,,,,,,0.0,,3.0,,,1.0,,,,,1.0,,0.0,,,,,,,,,,,,,,,,,,,,,,,,,,,,,2.0,TitansResolve,InfinityEdge,UnstableConcoction,,,,,,,,,2.0,RedBuff,GargoyleStoneplate,Shroud,,,,,,,,,,,,,,,,,,,,,,,,,,,,,,,,,2.0,,,,,,,,,,,,,,,,,,,,,,,,2.0,ShimmerscaleHeartOfGold,ZekesHerald,CannoneerEmblemItem,,,,,,,,,,,,,,,,,,,,,,,,,,,,,,,,,,,,,,,,,,,,,,,,,,,,,,,,,,,,,2.0,,,,,,,,,,,,,,,,,,,,,,,,,,,,2.0,,,,4.0,TrainerSnax,None,None,2.0,ThiefsGloves,GiantsBelt,WarmogsArmor,,,,,,,,,,,,,,,,,,,,,,,,,,,,,,,,
6,EUW1_5971752914,TFT7_Augment_BruiserTrait,TFT6_Augment_CelestialBlessing2,TFT7_Augment_MikaelsGift,1.0,,,2.0,,0.0,,,,0.0,,,0.0,0.0,,,0.0,,2.0,,,,,,1.0,,1.0,,,,,,,,,,,,,,,,,,,,,,,,,,2.0,,,,,,,,2.0,FrozenHeart,GuardianAngel,,,,,,,,,,,,,,,,,,,,,,,,,,,,,,,,,,,,,,,,,,,,,,,,,,,,,,,,,,,,,,2.0,,,,,,,,,,,,,,,,,,,,,,,,3.0,Quicksilver,AssassinEmblemItem,MadredsBloodrazor,2.0,,,,,,,,2.0,FrozenHeart,,,,,,,,,,,,,,,,,,,2.0,ZekesHerald,LocketOfTheIronSolari,,,,,,,,,,,,,,,,,,,,,,,,,,,,,,,,,,,,,,,,,,,,None,None,,,,,,,,,,,,,,,,,,,,,,,,,,,,,,,,,,,,
7,EUW1_5971755804,TFT6_Augment_CyberneticUplink2,TFT6_Augment_SunfireBoard,TFT6_Augment_CyberneticImplants2,0.0,,1.0,,,,1.0,0.0,0.0,,2.0,2.0,0.0,,,1.0,,,,1.0,,,,,,,,,,,,,2.0,NeedlesslyLargeRod,JeweledGauntlet,,,,,,,,,,,,,,2.0,LocketOfTheIronSolari,,,,,,,,,,,,,,,,,,,,,,,1.0,Bloodthirster,GuardianAngel,Deathblade,,,,,,,,,,,,,2.0,NegatronCloak,,,,,,,,,,,,,,,,,,,1.0,,,,,,,,,,,,,,,,,,,,,,,,,,,,2.0,Redemption,,,,,,,,,,,,,,,,,,,,,,,,,,,,,,,,,,,,,,,,,,,,,,,,,,,,,,,,,,,,,,,,,,,,,,,,,,,1.0,InfinityEdge,,,,,,,,,,,,,None,None,,,,,,,,,,,,,,,,,,,,,,,,,,,,,,,,,,,,
8,EUW1_5971755804,TFT6_Augment_ThreesCompany,TFT7_Augment_CannoneerHotShot,TFT6_Augment_PortableForge,,,,1.0,1.0,,1.0,,0.0,1.0,,,0.0,,,0.0,0.0,0.0,0.0,,1.0,,,,0.0,1.0,0.0,,,,,,,,,,,,,,,,,,,,,,,,,,1.0,,,,,,,,,,,,,,,,1.0,,,,,,,,,,,,,,,,,,,,,,,,,,,,,,,,,,,,2.0,LocketOfTheIronSolari,,,,,,,,,,,,,,,,,,,,,,,1.0,,,,,,,,,,,,,,,,,,,,,,,,2.0,IonicSpark,OrnnAnimaVisage,,,,,,,,,,,,,,,,,,,,,,,,,,2.0,,,,,,,,,,,,,,,,,,,,,,,,,,,,,,,,,,,,,,,,,,,,1.0,TrainerSnax,None,None,2.0,SeraphsEmbrace,GuinsoosRageblade,BFSword,,,,,,,,,,,,,,,,,,,,,,,,,,,,,,,,
6,EUW1_5971755804,TFT6_Augment_TradeSector,TFT6_Augment_Distancing2,TFT7_Augment_FirstAidKit2,,0.0,,1.0,,,,,0.0,,1.0,,0.0,3.0,,1.0,,,,,0.0,1.0,,,0.0,1.0,,0.0,,,,,,,,,,,,,,,,,,,,,,,,,,,,,,,,,,,,,,,,,,,,,,,,,,,,,,,,,,,,,,,,,,,,,2.0,,,,,,,,,,,,,,,,,,,,,,,,,,,,,,,,2.0,,,,3.0,,,,,,,,,,,,,,,,,,,,2.0,MageEmblemItem,RedBuff,Shroud,,,,,,,,,2.0,MadredsBloodrazor,GuinsoosRageblade,Bloodthirster,,,,,,,,,,,,,,,,,,,,,,,,,,,,,,,,,,,,,2.0,NegatronCloak,TitanicHydra,FrozenHeart,,,,,,,,,,,,,,,,,3.0,TrainerSnax,None,None,,,,,,,,,,,,,2.0,,,,,,,,,,,,,,,,,,,,1.0,,,
1,EUW1_5971755804,TFT7_Augment_ClutteredMind,TFT7_Augment_Preparation2,TFT7_Augment_GadgetExpert,,1.0,,1.0,,,,0.0,1.0,,1.0,,,1.0,0.0,1.0,,0.0,,,0.0,1.0,,1.0,,0.0,0.0,0.0,,,,,,,,,,,,,,,,,,,,,,,,,,,,,,,,,,,,,,,,,,,,,,,,,,,,,,,,,,,,,,,,,,,,,,,,,3.0,GargoyleStoneplate,Bloodthirster,Redemption,,,,,,,,,,,,,,,,,,,,,,,,,2.0,,,,3.0,LocketOfTheIronSolari,,,,,,,,,,,,,,,,,,,,,,,,,,,,,,,,,,,,,,,,,,,,,,,,,,,,,,,,,,,2.0,,,,,,,,,,,,2.0,RedBuff,GargoyleStoneplate,TitansResolve,,,,,,,,,,,,,,,,,,,None,None,,,,,2.0,ZekesHerald,,,3.0,StatikkShiv,,,,,,,,,,,,,,,2.0,,,,,,,,1.0,StatikkShiv,GiantsBelt,
2,EUW1_5971755804,TFT7_Augment_Preparation2,TFT7_Augment_LastStand,TFT6_Augment_SunfireBoard,0.0,0.0,,,,,,1.0,,,,2.0,,,,,,,,2.0,,,1.0,0.0,,,,1.0,,,,,,,,,,,,,2.0,,,,,,,,,,,,,,,,,,,,,,,,,,,,,,,,,,,,,,,,3.0,RabadonsDeathcap,ArchangelsStaff,DragonmancerEmblemItem,,,,,2.0,,,,,,,,,,,,,,,,,,,,2.0,,,,,,,,,,,,,,,,,,,,,,,,,,,,2.0,Zephyr,RedBuff,,3.0,Quicksilver,GuinsoosRageblade,MadredsBloodrazor,,,,,,,,,,,,,1.0,UnstableConcoction,JadeEmblemItem,RunaansHurricane,,,,,,,,,,,,,,,,,,,,,,,,,,,,,,,,,,,,,1.0,,,,,,,,,,,,,,,,,,,,,,,,,,,,,,None,None,,,,,,,,,,,,,,,,,,,,,,,,,,,,,,,,,,,,
3,EUW1_5971755804,TFT7_Augment_GadgetExpert,TFT7_Augment_LastStand,TFT7_Augment_BigFriend2,0.0,,,1.0,1.0,,1.0,,1.0,,,,0.0,,,0.0,,1.0,,,,,,,1.0,1.0,,1.0,,,,,,,,,,,,,,,,,,,,,,,,,,,,,2.0,InfinityEdge,GuardianAngel,Deathblade,,,,,,,,,,,,,,,,,2.0,ThiefsGloves,BFSword,Bloodthirster,,,,,,,,,,,,,,,,,,,,,,,,,,,,,,,,,,,,,,,,,,,,,,,,,2.0,,,,,,,,,,,,,,,,,,,,,,,,2.0,RedBuff,FrozenHeart,DragonsClaw,,,,,2.0,FrozenHeart,,,,,,,,,,,,,,,,,,,,,,,,,,,,,,,2.0,StatikkShiv,GuinsoosRageblade,Shroud,,,,,,,,,,,,,,,,,,,,,,,,,,,,,3.0,TrainerSnax,None,None,2.0,,,,,,,,,,,,,,,,,,,,,,,,,,,,,,,,,,,
4,EUW1_5971755804,TFT7_Augment_BruiserEmblem,TFT6_Augment_Ascension,TFT6_Augment_PortableForge,1.0,0.0,,3.0,,,,,,,1.0,,0.0,0.0,,,0.0,,1.0,,,,,,0.0,,1.0,0.0,,,,,,,,,,,,,,,,,,,,,,,,,,,,,,,,,2.0,FrozenHeart,IonicSpark,InfinityEdge,,,,,,,,,,,,,,,,,,,,,,,,,,,,,,,,,,,,,2.0,,,,,,,,,,,,,,,,,,,,,,,,,,,,,,,,,,,,,,,,,,,,,,,,3.0,TitansResolve,Bloodthirster,TitansResolve,2.0,ZekesHerald,,,,,,,,,,,,,,,,,,,,,,,,,,,2.0,OrnnRocketPropelledFist,,,,,,,,,,,,,,,,,,,,,,,2.0,,,,,,,,2.0,BruiserEmblemItem,PowerGauntlet,LastWhisper,,,,,,,,,,,None,None,,,,,,,,,,,,,,,,,,,,,,,,,,,,,,,,,,,,
5,EUW1_5971755804,TFT6_Augment_ThreesCompany,TFT6_Augment_Ascension,TFT6_Augment_CyberneticShell2,,0.0,,1.0,,,,,1.0,,1.0,,,2.0,,1.0,,0.0,,,0.0,1.0,,,,1.0,,0.0,,,,,,,,,,,,,,,,,,,,,,,,,,,,,,,,,,,,,,,,,,,,,,,,,,,,,,,,,,,,,,,,,,,,,1.0,,,,2.0,ThiefsGloves,RecurveBow,Shroud,,,,,,,,,,,,,,,,,,,,,,,,,1.0,,,,2.0,,,,,,,,,,,,,,,,,,,,,,,,,,,,,,,,2.0,RabadonsDeathcap,SpearOfShojin,ArchangelsStaff,,,,,,,,,,,,,,,,,,,,,,,,,2.0,,,,,,,,,,,,2.0,RedBuff,BrambleVest,Shroud,,,,,,,,,,,,,,,,,1.0,TrainerSnax,None,None,,,,,,,,,,,,,,,,,,,,,,,,,,,,,,,,,1.0,Deathblade,RunaansHurricane,
8,EUW1_5971780509,TFT7_Augment_Preparation,TFT7_Augment_TomeOfTraits2,TFT6_Augment_CyberneticImplants3,2.0,,,1.0,,0.0,,,,,1.0,,,0.0,,,0.0,,2.0,,0.0,,,,1.0,,1.0,,,,,,,,,,,,,,,,,,,,,,,,,,,,,,,,,,2.0,TempestEmblemItem,,,,,,,,,,,,,,,,,,,,,,,,,,,,,,,,,,,,,,,,,,,,,,,,,,,2.0,,,,,,,,,,,,2.0,,,,,,,,,,,,,,,,,,,,,,,,3.0,AssassinEmblemItem,RapidFireCannon,,,,,,,,,,2.0,ScalescornEmblemItem,,,,,,,,,,,,,,,,,,,2.0,GiantsBelt,,,,,,,,,,,,,,,,,,,,,,,,,,,,,,,1.0,UnstableConcoction,FrozenHeart,,,,,,,,,,,,None,None,,,,,,,,,,,,,,,,,,,,,,,,,,,,,,,,,,,,
3,EUW1_5971780509,TFT6_Augment_ItemGrabBag1,TFT6_Augment_ItemGrabBag2,TFT6_Augment_WindfallPlusPlus,,0.0,1.0,0.0,,,1.0,,,,1.0,1.0,,,,0.0,,,,2.0,,,1.0,,,,,2.0,,,,,,,,,,,,,,,,,,,,,2.0,SeraphsEmbrace,WarmogsArmor,,,,,,,,,,,,,,,,,,,,,,,,,,2.0,MadredsBloodrazor,,,2.0,PowerGauntlet,NeedlesslyLargeRod,,,,,,1.0,,,,,,,,,,,,,,,,,,,,,,,,,,,,,,,,,,,,,,,,,,,,,,,,2.0,DragonsClaw,Redemption,RedBuff,3.0,Deathblade,GuinsoosRageblade,RunaansHurricane,,,,,,,,,,,,,,,,,,,,,,,,,,,,,,,,,,,,,,,,,,,,,,,,,,,,,1.0,,,,,,,,,,,,,,,,,,,,,,,,,,,,,,None,None,,,,,,,,,,,,,,,,,,,,,,,,,,,,,,,,,,,,
7,EUW1_5971780509,TFT6_Augment_ThrillOfTheHunt1,TFT6_Augment_BandOfThieves2,TFT6_Augment_ForceOfNature,,2.0,,1.0,,,,,,,1.0,,,1.0,,0.0,,,,0.0,,,,1.0,,,,0.0,,,,,,,,,,,,,,,,,,,,,,,,,,,,,,,,,,,,,,,,,,,,,,,,,,,,,,,,,,,,,,,,,,,,,,,,,3.0,ThiefsGloves,TearOfTheGoddess,HextechGunblade,,,,,,,,,,,,,,,,,,,,,,,,,,,,,2.0,ThiefsGloves,Quicksilver,RabadonsDeathcap,,,,,2.0,InfinityEdge,,,,,,,,,,,,,,,,,,,,,,,,,,,,,,,,,,,,,,,,,,,,,,,2.0,FrozenHeart,RedBuff,,,,,,,,,,,,,,1.0,,,,,,,,,,,,,,,,,,,,,,None,None,,,,,2.0,,,,3.0,Deathblade,GuinsoosRageblade,InfinityEdge,2.0,RabadonsDeathcap,,,,,,,,,,,,,,,,,,,,,,
4,EUW1_5971780509,TFT6_Augment_ItemGrabBag1,TFT6_Augment_CyberneticUplink3,TFT6_Augment_RadiantRelics,,0.0,,1.0,,,,0.0,1.0,,1.0,,0.0,2.0,0.0,1.0,,0.0,,,,,,,0.0,1.0,0.0,0.0,,,,,,,,,,,,,,,,,,,,,,,,,,,,,,,,,,,,,,,,,,,,,,,,,,,,,,,,,,,,,,,,,,,,,2.0,,,,,,,,,,,,,,,,,,,,,,,,,,,,,,,,1.0,FrozenHeart,,,2.0,ThiefsGloves,PowerGauntlet,FrozenHeart,,,,,,,,,,,,,,,,,1.0,FrozenHeart,,,,,,,,,,,2.0,HextechGunblade,MadredsBloodrazor,,,,,,,,,,,,,,,,,,,,,,,,,,1.0,BFSword,,,,,,,,,,,2.0,GargoyleStoneplate,GargoyleStoneplateRadiant,RedBuff,,,,,,,,,,,,,,,,,2.0,TrainerSnax,None,None,,,,,,,,,,,,,,,,,,,,,,,,,2.0,MageEmblemItem,,,,,,,,,,
1,EUW1_5971780509,TFT6_Augment_Distancing,TFT7_Augment_CursedCrown,TFT6_Augment_MakeshiftArmor3,0.0,0.0,1.0,1.0,,,1.0,,0.0,,2.0,,0.0,2.0,,2.0,,,,,0.0,1.0,,,2.0,1.0,,1.0,,,,,,,,,1.0,RabadonsDeathcap,SpearOfShojin,Morellonomicon,,,,,,,,,1.0,,,,,,,,,,,,,,,,,,,,,,,,,,,,,,,,,,,,,,,,,,,,,,,,2.0,,,,,,,,,,,,,,,,,,,,,,,,,,,,,,,,2.0,StatikkShiv,Morellonomicon,,1.0,,,,,,,,,,,,,,,,,,,,2.0,,,,1.0,,,,,,,,2.0,,,,,,,,,,,,,,,,,,,,,,,,,,,,,,,,,,,,,,,,2.0,RedBuff,TitansResolve,IonicSpark,,,,,,,,,,,,,,,,,4.0,TrainerSnax,None,None,,,,,,,,,,,,,,,,,,,,,,,,,,,,,,,,,1.0,ThiefsGloves,JeweledGauntlet,ArchangelsStaff
6,EUW1_5971780509,TFT6_Augment_Distancing,TFT6_Augment_Twins3,TFT6_Augment_Meditation3,,1.0,,1.0,,,,,,,1.0,,,1.0,,0.0,,,,,,,,0.0,,,,0.0,,,,,,,,,,,,,,,,,,,,,,,,,,,,,,,,,,,,,,,,,,,,,,,,,,,,,,,,,,,,,,,,,,,,,,,,,2.0,GargoyleStoneplate,Quicksilver,FrozenHeart,,,,,,,,,,,,,,,,,,,,,,,,,,,,,2.0,,,,,,,,,,,,,,,,,,,,,,,,,,,,,,,,2.0,,,,,,,,,,,,,,,,,,,,,,,,,,,,,,,,,,,,,,,,2.0,,,,,,,,,,,,,,,,,,,,,,None,None,,,,,,,,,2.0,Chalice,Deathblade,Quicksilver,,,,,,,,,,,,,,,,,,,,,,,,
5,EUW1_5971780509,TFT6_Augment_ItemGrabBag1,TFT7_Augment_MageEmblem2,TFT6_Augment_ForceOfNature,,0.0,,1.0,,,1.0,,0.0,,1.0,,,2.0,,1.0,,,,,,,,,1.0,1.0,,0.0,,,,,,,,,1.0,MageEmblemItem,Quicksilver,MadredsBloodrazor,,,,,,,,,,,,,,,,,,,,,,,,,,,,,,,,,,,,,,,,,,,,,,,,,,,,,,,,,2.0,,,,2.0,TitanicHydra,,,,,,,,,,,,,,,,,,,,,,,,,,,2.0,,,,2.0,,,,,,,,,,,,,,,,,,,,,,,,,,,,,,,,2.0,HextechGunblade,MadredsBloodrazor,SpearOfShojin,,,,,,,,,,,,,,,,,,,,,,,,,,,,,,,,,,,,,2.0,WarmogsArmor,IonicSpark,RedBuff,,,,,,,,,,,,,,,,,2.0,TrainerSnax,None,None,,,,,,,,,,,,,,,,,,,,,,,,,,,,,,,,,,,,
2,EUW1_5971780509,TFT7_Augment_BandOfThieves1,TFT7_Augment_GuildEmblem2,TFT7_Augment_BestFriends3,0.0,,,1.0,,1.0,,,,,4.0,,0.0,,,,1.0,,,,,,,1.0,0.0,,0.0,,,,,,,,,,,,,,,,,,,,,,,,,,,,,,,,,,,,,,,,,,,,,,,,,,,,,,,,,,,,,,,,,,2.0,RedBuff,BrambleVest,Bloodthirster,,,,,,,,,,,,,,,,,,,,,,,,,,,,,,,,,,,,,,,,,,,,,,,,,,,,,,,,,2.0,ThiefsGloves,SeraphsEmbrace,RabadonsDeathcap,,,,,,,,,,,,,2.0,,,,,,,,,,,,2.0,,,,,,,,,,,,,,,,,,,,,,,,,,,,,,,,2.0,MadredsBloodrazor,InfinityEdge,UnstableConcoction,,,,,,,,,,,None,None,,,,,2.0,ZekesHerald,RecurveBow,GuardianAngel,,,,,,,,,,,,,3.0,MadredsBloodrazor,GuinsoosRageblade,GuildEmblemItem,,,,,,,,,,,,
5,EUW1_5971668537,TFT7_Augment_SwiftshotPressTheAttack,TFT6_Augment_Electrocharge1,TFT6_Augment_CelestialBlessing2,1.0,,,1.0,,1.0,,,,,3.0,,0.0,,,,0.0,,,,,,,1.0,1.0,,0.0,,,,,,,,,,,,,,,,,,,,,,,,,,,,,,,,,,,,,,,,,,,,,,,,,,,,,,,,,,2.0,MadredsBloodrazor,GuinsoosRageblade,Quicksilver,,,,,2.0,ArchangelsStaff,,,,,,,,,,,,,,,,,,,,,,,,,,,,,,,,,,,,,,,,,,,,,,,,,,,,,,,,,,,2.0,,,,,,,,2.0,,,,,,,,2.0,,,,,,,,,,,,1.0,,,,,,,,,,,,,,,,,,,,,,,,,,,,,,,,2.0,FrozenHeart,RedBuff,,,,,,,,,,,,None,None,,,,,1.0,ZekesHerald,,,,,,,,,,,,,,,,,,,,,,,,,,,,,,
1,EUW1_5971668537,TFT6_Augment_MetabolicAccelerator,TFT7_Augment_BestFriends1,TFT7_Augment_MirageEmblem,,,,,,1.0,1.0,0.0,1.0,0.0,,,0.0,,4.0,0.0,0.0,0.0,,,,,,,,0.0,0.0,,,,,,,,,,,,,,,,,,,,,,,,,,,,,,,,,,,,,,3.0,ArchangelsStaff,ArchangelsStaff,SpearOfShojin,,,,,,,,,,,,,,,,,,,,,,,,,2.0,MirageEmblemItem,DragonsClaw,,,,,,,,,,,,,,,,,,,,,,,,,,2.0,Shroud,,,,,,,2.0,,,,,,,,,,,,,,,,2.0,RedBuff,DragonsClaw,WarmogsArmor,,,,,,,,,,,,,,,,,,,,,,,,,,,,,,,,,,,,,,,,,,,,,2.0,MirageEmblemItem,Shroud,,,,,,,,,,,,,,,,,,,,,,,,,,,,,,,,None,None,,,,,,,,,,,,,,,,,,,,,,,,,2.0,LegendEmblemItem,,,,,,,,,,
3,EUW1_5971668537,TFT7_Augment_SwiftshotPressTheAttack,TFT6_Augment_SecondWind1,TFT7_Augment_SwiftshotEmblem,0.0,,1.0,1.0,,1.0,,,,,4.0,,0.0,,,0.0,1.0,,,,,,,2.0,1.0,,0.0,,,,,,,,,,,,,,,,,,,,,,1.0,,,,,,,,,,,,,,,,,,,,,,,,,,,,,,,,,,,,2.0,BFSword,RabadonsDeathcap,,,,,,2.0,,,,,,,,,,,,,,,,,,,,,,,,,,,,,,,,,,,,,,,,,,,,,,,,,,,,,,,,,,,,2.0,RedBuff,,,,,,,,,,,,,,,2.0,,,,,,,,,,,,2.0,,,,,,,,,,,,,,,,,,,,,,,,,,,,,,,,2.0,SwiftshotEmblemItem,RedBuff,FrozenHeart,,,,,,,,,,,None,None,,,,,2.0,ZekesHerald,RapidFireCannon,,,,,,,,,,,,,,2.0,InfinityEdge,GuinsoosRageblade,Quicksilver,,,,,,,,,,,,
2,EUW1_5971668537,TFT6_Augment_Meditation2,TFT6_Augment_Distancing,TFT6_Augment_SecondWind2,,0.0,1.0,1.0,,0.0,1.0,,0.0,,1.0,,0.0,2.0,,2.0,,,,,0.0,1.0,,,2.0,1.0,,0.0,,,,,,,,,2.0,MadredsBloodrazor,HextechGunblade,JeweledGauntlet,,,,,,,,,2.0,,,,,,,,,,,,,,,,,,,,,,,,,,,,,,,,,,,,,,,,,,,,,,,,2.0,Zephyr,CavalierEmblemItem,LastWhisper,,,,,,,,,,,,,,,,,,,,,,,,,,,,,2.0,,,,3.0,,,,,,,,,,,,,,,,,,,,2.0,MageEmblemItem,WarmogsArmor,IonicSpark,,,,,,,,,,,,,,,,,,,,,,,,,,,,,,,,,,,,,,,,,,,,,,,,,2.0,RedBuff,TitanicHydra,,,,,,,,,,,,,,,,,,3.0,TrainerSnax,None,None,,,,,,,,,,,,,,,,,,,,,,,,,,,,,,,,,2.0,,,
6,EUW1_5971668537,TFT7_Augment_CavalierDevastatingCharge,TFT6_Augment_LudensEcho1,TFT6_Augment_JeweledLotus,,,,,,3.0,1.0,,,0.0,1.0,,,0.0,3.0,,0.0,,0.0,,,,,,,,0.0,,,,,,,,,,,,,,,,,,,,,,,,,,,,,,,,,,,,,,1.0,UnstableConcoction,Quicksilver,InfinityEdge,,,,,,,,,,,,,,,,,,,,,,,,,1.0,,,,,,,,,,,,,,,,,,,,,,,,,,,,2.0,,,,2.0,,,,,,,,,,,,,,,,,,,,2.0,WarmogsArmor,IonicSpark,RabadonsDeathcap,,,,,,,,,,,,,,,,,,,,,2.0,,,,,,,,,,,,,,,,,,,,,,,,,,,,,,,,,,,,,,,,,,,,,,,,,,,,,,,,,,None,None,,,,,,,,,,,,,,,,,,,,,,,,,,,,,2.0,RapidFireCannon,,,,,,
8,EUW1_5971668537,TFT7_Augment_UrfsGrabBag1,TFT6_Augment_LudensEcho1,TFT6_Augment_FuturePeepers,,1.0,,1.0,,,,0.0,,,1.0,,,2.0,0.0,0.0,,,,,,,,1.0,,0.0,0.0,0.0,,,,,,,,,,,,,,,,,,,,,,,,,,,,,,,,,,,,,,,,,,,,,,,,,,,,,,,,,,,,,,,,,,,,,2.0,,,,2.0,MageEmblemItem,Zephyr,,,,,,,,,,,,,,,,,,,,,,,,,,,,,,2.0,RapidFireCannon,,,,,,,,,,,,,,,,,,,,,,,,,,,,,,,,,,,,,,,,,,,,,,,,,,,,,,,,,,,,,,,,,,,,,,,2.0,Zephyr,,,,,,,,,,,,,,,,,,,,,None,None,,,,,2.0,,,,3.0,GuinsoosRageblade,InfinityEdge,UnstableConcoction,,,,,,,,,,,,,1.0,MageEmblemItem,BrambleVest,Bloodthirster,,,,,,,,
7,EUW1_5971668537,TFT7_Augment_AstralIntercosmicGifts,TFT6_Augment_Electrocharge1,TFT6_Augment_CyberneticShell2,,1.0,,2.0,,,,,,,1.0,,,0.0,,,0.0,,,,,,,1.0,,,0.0,0.0,,,,,,,,,,,,,,,,,,,,,,,,,,,,,,,,,,,,,,,,,,,,,,,,,,,,,,,,,,,,,,,,,,,,,,,,,3.0,FrozenHeart,RedBuff,BrambleVest,,,,,,,,,,,,,,,,,,,,,,,,,,,,,,,,,,,,,,,,,,,,,,,,,,,,,,,,,,,,,,,,,,,,,,,,,,,,,2.0,,,,,,,,2.0,,,,,,,,,,,,,,,,2.0,LocketOfTheIronSolari,,,,,,,,,,,,,,,,,,,,,None,None,,,,,1.0,,,,3.0,Deathblade,GuinsoosRageblade,,,,,,,,,,2.0,UnstableConcoction,,,,,,,,,,,,,,
4,EUW1_5971668537,TFT7_Augment_CannoneerHotShot,TFT7_Augment_Preparation,TFT7_Augment_BestFriends2,,,,,2.0,,1.0,,1.0,1.0,,,,,,0.0,,2.0,,,1.0,,,,,1.0,,0.0,,,,,,,,,,,,,,,,,,,,,,,,,,,,,2.0,Deathblade,UnstableConcoction,ShimmerscaleGamblersBlade,,,,,,,,,2.0,GargoyleStoneplate,Redemption,WarmogsArmor,,,,,,,,,,,,,,,,,,,,,,,,,,,,,,,,,2.0,,,,,,,,,,,,,,,,,,,,,,,,1.0,,,,,,,,,,,,,,,,,,,,,,,,,,,,,,,,,,,,,,,,,,,,,,,,,,,,,,,,,,,,,,,,2.0,ArchangelsStaff,,,,,,,,,,,,,,,,,,,,,,,,,,,2.0,RedBuff,,,2.0,TrainerSnax,None,None,2.0,LastWhisper,,,,,,,,,,,,,,,,,,,,,,,,,,,,,,,,,,
1,EUW1_5970835833,TFT6_Augment_Twins1,TFT6_Augment_Distancing3,TFT6_Augment_CelestialBlessing1,,,1.0,,,1.0,1.0,0.0,,0.0,1.0,,,,4.0,0.0,,,,,,,,,,,1.0,,,,,,,,,,,,,,,,,,,,,,1.0,MirageEmblemItem,,,,,,,,,,,,,,,2.0,InfinityEdge,JeweledGauntlet,ArchangelsStaff,,,,,,,,,,,,,,,,,,,,,,,,,,,,,,,,,,,,,,,,,,,,,,,,,,,,,2.0,GargoyleStoneplate,RedBuff,GargoyleStoneplate,,,,,,,,,,,,,,,,,,,,,2.0,TitanicHydra,,,,,,,,,,,,,,,,,,,,,,,,,,,,,,,,,,,,,,,,,,,,,,,,,,,,,,,,,,,,,,,,,,,,,,,,,,,,,,,,,None,None,,,,,,,,,,,,,,,,,,,,,,,,,1.0,UnstableConcoction,CavalierEmblemItem,GuardianAngel,2.0,,,,,,,
7,EUW1_5970835833,TFT7_Augment_ShimmerscaleEmblem,TFT6_Augment_ItemGrabBag2,TFT6_Augment_ItemGrabBag1,0.0,,,,,,,2.0,,,,1.0,0.0,,0.0,,0.0,,,0.0,0.0,,1.0,0.0,1.0,,0.0,,,,,,,,,,,,,,2.0,,,,,,,,,,,,,,,,,,,,,,,,,,,,,,,,,,,,,,,,,,,,,,,,,,,,,,,,,,,,,,,,,,,,2.0,,,,,,,,3.0,UnstableConcoction,JeweledGauntlet,InfinityEdge,,,,,,,,,,,,,,,,,,,,,,,,,,,,,,,,,,,,,,,,,1.0,,,,,,,,,,,,,,,,,,,,,,,,,,,,,,,,,,,,1.0,DragonmancerEmblemItem,JeweledGauntlet,,2.0,,,,,,,,,,,,,,,,,,,,,,,,,,None,None,,,,,,,,,,,,,,,,,2.0,DragonsClaw,GargoyleStoneplate,LocketOfTheIronSolari,,,,,1.0,SeraphsEmbrace,Quicksilver,,,,,,,,,
8,EUW1_5970835833,TFT6_Augment_SecondWind1,TFT6_Augment_ThriftShop,TFT6_Augment_ThrillOfTheHunt1,,1.0,1.0,1.0,,,,,0.0,,2.0,,,1.0,,2.0,,,,,,,,1.0,,1.0,,0.0,,,,,,,,,,,,,,,,,,,,,1.0,,,,,,,,,,,,,,,,,,,,,,,,,,,,,,,,,,,,,,,,,,,,,,,,2.0,,,,2.0,,,,,,,,,,,,,,,,,,,,,,,,,,,,2.0,,,,2.0,PowerGauntlet,ArchangelsStaff,,,,,,,,,,,,,,,,,,,,,,,,,,,,,,,,,,,,,,,,,,,,,,,,,,,,,,,,,,,,,,,,,,,,,,2.0,RedBuff,,,,,,,,,,,,,,,,,,,1.0,TrainerSnax,None,None,,,,,1.0,,,,2.0,RunaansHurricane,GuinsoosRageblade,MadredsBloodrazor,,,,,,,,,,,,,,,,,,,,,,,,
5,EUW1_5970835833,TFT6_Augment_FirstAidKit,TFT6_Augment_ThriftShop,TFT7_Augment_BestFriends1,,,1.0,,,2.0,1.0,0.0,,0.0,2.0,,,,3.0,0.0,0.0,,,,,,,,,,0.0,,,,,,,,,,,,,,,,,,,,,,1.0,RecurveBow,,,,,,,,,,,,,,,2.0,MadredsBloodrazor,ArchangelsStaff,JeweledGauntlet,,,,,,,,,,,,,,,,,,,,,,,,,2.0,,,,,,,,,,,,,,,,,,,,,,,,,,,,2.0,Chalice,,,,,,,,,,,,,,,,,,,,,,,2.0,WarmogsArmor,DragonsClaw,GargoyleStoneplate,,,,,,,,,,,,,,,,,,,,,2.0,,,,,,,,,,,,,,,,,,,,,,,,,,,,,,,,,,,,,,,,,,,,,,,,,,,,,,,,,,None,None,,,,,,,,,,,,,,,,,,,,,,,,,2.0,SeraphsEmbrace,,,,,,,,,,
4,EUW1_5970835833,TFT6_Augment_SecondWind1,TFT6_Augment_Distancing3,TFT6_Augment_Diversify1,,,,,2.0,,1.0,,1.0,1.0,,,,,,0.0,,2.0,0.0,,1.0,,,,,1.0,,,,,,,,,,,,,,,,,,,,,,,,,,,1.0,,,,2.0,GuinsoosRageblade,UnstableConcoction,InfinityEdge,,,,,,,,,1.0,RedBuff,GargoyleStoneplate,BrambleVest,,,,,,,,,,,,,,,,,,,,,,,,,,,,,,,,,2.0,,,,,,,,,,,,,,,,,,,,,,,,2.0,,,,,,,,,,,,,,,,,,,,,,,,,,,,,,,,,,,,,,,,,,,,,,,,,,,,,,,,,,,,,,,,2.0,Zephyr,ShimmerscaleGoldmancersStaff,RabadonsDeathcap,,,,,,,,,,,,,,,,,,,,,,,,,,,,,4.0,TrainerSnax,None,None,2.0,LastWhisper,,,,,,,,,,,,,,,,,,,,,,,,,,,,,,,,,,
2,EUW1_5970835833,TFT7_Augment_BestFriends1,TFT7_Augment_UrfsGrabBag2,TFT6_Augment_Diversify1,1.0,,1.0,1.0,,2.0,,0.0,,,3.0,,0.0,,0.0,0.0,1.0,,,,,,,1.0,1.0,,1.0,,,,,,,,,,,,,,,,,,,,,,2.0,,,,,,,,,,,,,,,,,,,,,,,,,,,,,,,,,,,,,,,,,,,,2.0,Shroud,,,,,,,,,,,,,,,,,,,,,,,,,,,,,,,,,,,,,,,,,,,,,,,,,,,,,,,,,,,2.0,,,,,,,,2.0,RecurveBow,ZekesHerald,,,,,,,,,,,,,,,,,,2.0,,,,,,,,,,,,,,,,,,,,,,,,,,,,,,,,2.0,CavalierEmblemItem,RedBuff,UnstableConcoction,,,,,,,,,,,None,None,,,,,2.0,Shroud,,,,,,,,,,,,,,,2.0,MadredsBloodrazor,Deathblade,GuinsoosRageblade,2.0,CavalierEmblemItem,RedBuff,GuardianAngel,,,,,,,,
3,EUW1_5970835833,TFT7_Augment_AFK,TFT6_Augment_Twins3,TFT7_Augment_SwiftshotTrait,0.0,0.0,,1.0,,,,,,,2.0,,0.0,,,,,,,,,,,2.0,1.0,,,,,,,,,,,,,,,,,,,,,,,,,,,,,,,,,,,,,,,,,,,,,,,,,,,,,,,,,,,,1.0,,,,,,,,,,,,,,,,2.0,LocketOfTheIronSolari,LocketOfTheIronSolari,RedBuff,,,,,,,,,,,,,,,,,,,,,,,,,,,,,,,,,,,,,,,,,,,,,,,,,2.0,ThiefsGloves,RunaansHurricane,SeraphsEmbrace,,,,,,,,,,,,,,,,,,,,,,,,,,,,,,,,,,,,,,,,,,,,,,,,,,,,,,,,,2.0,Bloodthirster,PowerGauntlet,FrozenHeart,,,,,,,,,,,None,None,,,,,2.0,,,,2.0,RunaansHurricane,Deathblade,GuinsoosRageblade,,,,,,,,,,,,,,,,,,,,,,,,
6,EUW1_5970835833,TFT6_Augment_CyberneticShell1,TFT6_Augment_ThriftShop,TFT6_Augment_ThrillOfTheHunt1,,1.0,,1.0,,,,,0.0,,2.0,,,2.0,,1.0,,,,,,,,1.0,,1.0,,0.0,,,,,,,,,,,,,,,,,,,,,,,,,,,,,,,,,,,,,,,,,,,,,,,,,,,,,,,,,,,,,,,,,,,,,2.0,,,,2.0,,,,,,,,,,,,,,,,,,,,,,,,,,,,1.0,,,,3.0,StatikkShiv,,,,,,,,,,,,,,,,,,,,,,,,,,,,,,,2.0,,,,,,,,,,,,,,,,,,,,,,,,,,,,,,,,,,,,,,,,2.0,RedBuff,GargoyleStoneplate,,,,,,,,,,,,,,,,,,2.0,TrainerSnax,None,None,,,,,2.0,,,,2.0,MadredsBloodrazor,MageEmblemItem,GuinsoosRageblade,,,,,,,,,,,,,,,,,,,,,,,,
2,EUW1_5972884962,TFT6_Augment_TradeSector,TFT6_Augment_LudensEcho1,TFT6_Augment_ThrillOfTheHunt2,,,1.0,1.0,,,1.0,0.0,,1.0,1.0,1.0,0.0,,0.0,0.0,,,,,,,,1.0,1.0,,,1.0,,,,,,,,,,,,,2.0,,,,,,,,1.0,,,,,,,,,,,,,,,,,,,,,,,,,,,,2.0,Deathblade,Quicksilver,Bloodthirster,,,,,3.0,JeweledGauntlet,SeraphsEmbrace,ArchangelsStaff,,,,,,,,,,,,,,,,,,,,,3.0,SeraphsEmbrace,,,,,,,,,,,3.0,WarmogsArmor,BrambleVest,FrozenHeart,,,,,,,,,,,,,,,,,,,,,,,,,,,,,2.0,GargoyleStoneplate,,,,,,,,,,,,,,,,,,,,,,,,,,,,,,,,,,,,,,,,,,,,,,,,,,,,,,,,,,,,,,,3.0,,,,,,,,,,None,None,,,,,,,,,,,,,,,,,,,,,,,,,,,,,,,,,,,,
5,EUW1_5972884962,TFT7_Augment_GadgetExpert,TFT6_Augment_ItemGrabBag1,TFT6_Augment_TomeOfTraits1,,,,0.0,,,,1.0,,,1.0,1.0,,,,,2.0,,,1.0,,,,1.0,0.0,,0.0,,,,,,,,,,,,,,2.0,LastWhisper,ZekesHerald,RagewingEmblemItem,,,,,,,,,,,,,,,,,,,,,,,,,,,,,,,,,,,,,,,,,,,,,,,,,,,,,,,,,,,,,,,,,2.0,,,,,,,,2.0,RagewingEmblemItem,GuildEmblemItem,,,,,,,,,,,,,,,,,,2.0,RedBuff,,,,,,,,,,,,,,,,,,,,,,,,,,,,,,,,,,,,,,,2.0,,,,2.0,,,,,,,,,,,,,,,,,,,,2.0,StatikkShiv,StatikkShiv,Quicksilver,,,,,,,,,,,,,,,,,,,,,,,None,None,,,,,,,,,,,,,,,,,,,,,2.0,,,,,,,,,,,,,,,
8,EUW1_5972884962,TFT7_Augment_GuildLoot,TFT6_Augment_CelestialBlessing1,TFT6_Augment_SecondWind2,1.0,,,0.0,0.0,1.0,,,,,3.0,,,,,,1.0,,,,,,,1.0,0.0,,0.0,,,,,,,,,,,,,,,,,,,,,,,,,,,,,,,,,,,,,,,,,,,,,,,,,,,,,,,,,,,,,,,,,,2.0,GargoyleStoneplate,WarmogsArmor,,,,,,,,,,,,,,,,,,,,,,,,,,,,,,,,,,,,,,,,,,,,,,,,,,,,,,,,,,,,,,,,,,2.0,,,,,,,,2.0,,,,1.0,,,,,,,,2.0,,,,,,,,,,,,,,,,,,,,,,,,,,,,,,,,1.0,InfinityEdge,RedBuff,FrozenHeart,,,,,,,,,,,None,None,,,,,2.0,ZekesHerald,,,,,,,,,,,,,,,1.0,GuinsoosRageblade,MadredsBloodrazor,Quicksilver,,,,,,,,,,,,
7,EUW1_5972884962,TFT7_Augment_MageConference,TFT6_Augment_ItemGrabBag1,TFT7_Augment_BestFriends2,,0.0,,0.0,,0.0,,,0.0,,1.0,,,2.0,,1.0,,,0.0,,,,,,,1.0,,0.0,,,,,,,,,,,,,,,,,,,,,,,,,,,,,,,,,,,,,,,,,,,,,,,,,,,,,,,,,,,,,,,,,,,,,3.0,,,,,,,,,,,,,,,,,,,,,,,,,,,,2.0,LocketOfTheIronSolari,TitanicHydra,,1.0,,,,3.0,StatikkShiv,,,,,,,,,,,,,,,,,,,,,,,,,,,,,,,3.0,HextechGunblade,Quicksilver,SpearOfShojin,,,,,,,,,,,,,,,,,,,,,,,,,,,,,,,,,,,,,2.0,BrambleVest,TitansResolve,,,,,,,,,,,,,,,,,,2.0,TrainerSnax,None,None,,,,,,,,,,,,,3.0,,,,,,,,,,,,,,,,,,,,,,,
6,EUW1_5972884962,TFT6_Augment_CyberneticImplants2,TFT6_Augment_SecondWind1,TFT6_Augment_JeweledLotus,,,1.0,0.0,,,1.0,0.0,,,1.0,0.0,0.0,0.0,0.0,0.0,,,,,0.0,1.0,1.0,,2.0,,0.0,,,,,,,,,,1.0,GuinsoosRageblade,ArchangelsStaff,,,,,,,,,,1.0,StatikkShiv,,,,,,,,,,,,,,,,,,,,,,,,,,,,,,,,,,,,,,,,,,,,,,,,,,,,,,,,,,,,,,,,,,,,,,,,,,,,,,,,,,,,,,,,,,,,,,,,,,,,,,,1.0,GargoyleStoneplate,TitanicHydra,,,,,,,,,,,,,,,,,,,,,,,,,,,,,,,,,,,,,,,,,,1.0,,,,,,,,,,,,,,,,,,,,,,,,,,,,,,None,None,,,,,,,,,,,,,,,,,,,,,,,,,1.0,TitansResolve,RedBuff,,,,,,1.0,,,
3,EUW1_5972884962,TFT7_Augment_AssassinEmblem,TFT6_Augment_TinyTitans,TFT7_Augment_BruiserEmblem,3.0,,1.0,1.0,,,,0.0,,,2.0,,0.0,,0.0,0.0,,,1.0,,,,,,1.0,,1.0,0.0,,,,,,,,,,,,,,,,,,,,,1.0,,,,,,,,,,,,1.0,,,,,,,,,,,,,,,,,,,,,,,,,,,,,,,,,,,,,,,,,,,,,,,,,,,,,,,,,,,,,,,,,,,,,,,,,,,,,,,,,,,,,,,,3.0,RunaansHurricane,InfinityEdge,AssassinEmblemItem,2.0,,,,2.0,ChainVest,,,2.0,BruiserEmblemItem,IonicSpark,,,,,,,,,,,,,,,,,,,,,,,,,,,,,,,,,,,,,,,,,,,,,,,,,,2.0,IonicSpark,Quicksilver,Deathblade,,,,,,,,,,,None,None,,,,,,,,,,,,,,,,,,,,,,,,,1.0,AssassinEmblemItem,UnstableConcoction,MadredsBloodrazor,,,,,,,,
4,EUW1_5972884962,TFT6_Augment_RichGetRicher,TFT6_Augment_ThrillOfTheHunt1,TFT6_Augment_ComponentGrabBag,,,1.0,,2.0,,1.0,0.0,1.0,0.0,1.0,,,,0.0,1.0,,2.0,,,1.0,,,,,1.0,0.0,,,,,,,,,,,,,,,,,,,,,,1.0,,,,,,,,2.0,InfinityEdge,Quicksilver,GuinsoosRageblade,,,,,,,,,2.0,RedBuff,GargoyleStoneplate,WarmogsArmor,,,,,,,,,,,,,,,,,,,,,,,,,,,,,,,,,2.0,ThiefsGloves,DragonsClaw,HextechGunblade,,,,,,,,,,,,,,,,,,,,,1.0,,,,,,,,,,,,,,,,,,,,,,,,,,,,,,,,,,,,,,,,,,,,,,,,,,,,,,,,,,,,,,,,2.0,ThiefsGloves,Quicksilver,Deathblade,,,,,,,,,,,,,,,,,,,,,,,,,,,,,3.0,TrainerSnax,None,None,2.0,ShimmerscaleGoldmancersStaff,LocketOfTheIronSolari,,,,,,,,,,,,,,,,,,,,,,2.0,TitansResolve,FrozenHeart,,,,,,,,,
1,EUW1_5972884962,TFT6_Augment_JeweledLotus,TFT6_Augment_TinyTitans,TFT6_Augment_SunfireBoard,,,1.0,1.0,,,1.0,,0.0,,1.0,,0.0,1.0,,1.0,,,,,0.0,1.0,,,2.0,1.0,,0.0,,,,,,,,,2.0,ArchangelsStaff,HextechGunblade,SpearOfShojin,,,,,,,,,2.0,,,,,,,,,,,,,,,,,,,,,,,,,,,,,,,,,,,,,,,,,,,,,,,,1.0,,,,,,,,,,,,,,,,,,,,,,,,,,,,,,,,2.0,,,,,,,,,,,,,,,,,,,,,,,,2.0,FrozenHeart,GuardianAngel,,,,,,,,,,,,,,,,,,,,,,,,,,,,,,,,,,,,,,,,,,,,,,,,,,2.0,IonicSpark,WarmogsArmor,BrambleVest,,,,,,,,,,,,,,,,,3.0,TrainerSnax,None,None,,,,,,,,,,,,,,,,,,,,,,,,,,,,,,,,,1.0,LocketOfTheIronSolari,RapidFireCannon,
1,EUW1_5972353664,TFT6_Augment_CyberneticUplink2,TFT6_Augment_PandorasItems,TFT7_Augment_UrfsGrabBag1,,,1.0,1.0,,,1.0,,0.0,,1.0,,0.0,2.0,,1.0,,,,,0.0,1.0,,,2.0,1.0,,0.0,,,,,,,,,2.0,ArchangelsStaff,SpearOfShojin,MageEmblemItem,,,,,,,,,1.0,MageEmblemItem,SpearOfShojin,,,,,,,,,,,,,,,,,,,,,,,,,,,,,,,,,,,,,,,,,,,,,,1.0,,,,,,,,,,,,,,,,,,,,,,,,,,,,,,,,2.0,BFSword,,,,,,,,,,,,,,,,,,,,,,,2.0,BrambleVest,TitanicHydra,,,,,,,,,,,,,,,,,,,,,,,,,,,,,,,,,,,,,,,,,,,,,,,,,,2.0,BrambleVest,RedBuff,GargoyleStoneplate,,,,,,,,,,,,,,,,,3.0,TrainerSnax,None,None,,,,,,,,,,,,,,,,,,,,,,,,,,,,,,,,,1.0,ThiefsGloves,BFSword,Bloodthirster
6,EUW1_5972353664,TFT6_Augment_CyberneticImplants2,TFT6_Augment_SecondWind1,TFT6_Augment_ThrillOfTheHunt2,,1.0,,1.0,,,,,0.0,,2.0,,,1.0,,1.0,,,,,,,,1.0,,0.0,,0.0,,,,,,,,,,,,,,,,,,,,,,,,,,,,,,,,,,,,,,,,,,,,,,,,,,,,,,,,,,,,,,,,,,,,,,,,,2.0,Morellonomicon,,,,,,,,,,,,,,,,,,,,,,,,,,,1.0,,,,3.0,ArchangelsStaff,,,,,,,,,,,,,,,,,,,,,,,,,,,,,,,2.0,ArchangelsStaff,,,,,,,,,,,,,,,,,,,,,,,,,,,,,,,,,,,,,,,2.0,RecurveBow,,,,,,,,,,,,,,,,,,,,,None,None,,,,,2.0,,,,2.0,GuinsoosRageblade,RunaansHurricane,StatikkShiv,,,,,,,,,,,,,,,,,,,,,,,,
7,EUW1_5972353664,TFT7_Augment_Bloodlust1,TFT6_Augment_TinyTitans,TFT7_Augment_BestFriends2,0.0,,1.0,0.0,,0.0,1.0,,,0.0,3.0,,,,,0.0,1.0,,,,1.0,,,1.0,,,0.0,,,,,,,,,,,,,,,,,,,,,,1.0,,,,,,,,,,,,,,,,,,,,2.0,WarmogsArmor,RedBuff,,,,,,,,,,,,,,,,,,,,,,1.0,,,,,,,,,,,,,,,,,,,,,,,,,,,,,,,,,,,,,,,,,,,,,,,,,,,,,,,,,,,,,,,,,,,,,,,,,,,,,,,,,,,,,,,,2.0,LocketOfTheIronSolari,,,,,,,,,,,,,,,,,,,,,,,,,,,,,,,1.0,UnstableConcoction,MadredsBloodrazor,,,,,,,,,,,,None,None,,,,,1.0,,,,,,,,,,,,,,,,2.0,ShimmerscaleDravensAxe,Deathblade,RapidFireCannon,,,,,,,,,,,,
2,EUW1_5972353664,TFT7_Augment_BestFriends2,TFT7_Augment_Preparation,TFT6_Augment_ComponentGrabBag,1.0,1.0,1.0,1.0,,,,,,,3.0,,0.0,0.0,,1.0,,,,,,,,1.0,1.0,,,,,,,,,,,,,,,,,,,,,,,,1.0,BrambleVest,,,,,,,,,,,,,,,,,,,,,,,,,,,,,,,,,,,,,,,,,,,,,,,,,,,3.0,GargoyleStoneplate,BrambleVest,GargoyleStoneplate,,,,,,,,,,,,,,,,,,,,,,,,,,,,,3.0,JeweledGauntlet,SeraphsEmbrace,SpearOfShojin,,,,,,,,,,,,,,,,,2.0,,,,,,,,1.0,,,,,,,,,,,,,,,,,,,,,,,,,,,,,,,,,,,,,,,,,,,,,,,,,,,,2.0,FrozenHeart,,,,,,,,,,,,,None,None,,,,,2.0,ZekesHerald,,,3.0,Deathblade,LastWhisper,RunaansHurricane,,,,,,,,,,,,,,,,,,,,,,,,
8,EUW1_5972353664,TFT6_Augment_TrueTwos,TFT7_Augment_BestFriends1,TFT7_Augment_UrfsGrabBag1,2.0,,,2.0,,,,,,,1.0,,,0.0,,,0.0,0.0,1.0,,,,,,0.0,,1.0,0.0,,,,,,,,,,,,,,,,,,,,,,,,,,,,,,,,,2.0,,,,,,,,,,,,,,,,,,,,,,,,,,,,,,,,,,,,,,,,,,,,,,,,,,,,,,,,,,,,,,,,,,,,,,,,,,,,,,,,,,,,,,,,2.0,AssassinEmblemItem,RunaansHurricane,,,,,,,,,,1.0,,,,,,,,,,,,,,,,,,,,1.0,,,,,,,,,,,,,,,,,,,,,,,,2.0,WarmogsArmor,Redemption,,1.0,,,,2.0,MadredsBloodrazor,RapidFireCannon,LastWhisper,,,,,,,,,,,None,None,,,,,,,,,,,,,,,,,,,,,,,,,,,,,,,,,,,,
4,EUW1_5972353664,TFT6_Augment_TrueTwos,TFT7_Augment_MageTrait,TFT7_Augment_UrfsGrabBag1,,0.0,1.0,1.0,,0.0,,,0.0,,2.0,,0.0,3.0,,2.0,,,0.0,,0.0,1.0,,,0.0,1.0,,0.0,,,,,,,,,,,,,,,,,,,,,1.0,Chalice,,,,,,,,,,,,,,,,,,,,,,,,,,,,,,,,,,,,,,,,,,,,,,,2.0,,,,,,,,,,,,,,,,,,,,,,,,,,,,2.0,ThiefsGloves,Morellonomicon,TitanicHydra,2.0,,,,2.0,,,,,,,,,,,,,,,,,,,,1.0,,,,,,,,,,,,3.0,ArchangelsStaff,GuardianAngel,GuinsoosRageblade,,,,,,,,,,,,,,,,,,,,,,,,,,,,,,,,,,,,,2.0,WarmogsArmor,IonicSpark,WarmogsArmor,,,,,,,,,,,,,,,,,3.0,TrainerSnax,None,None,,,,,,,,,,,,,,,,,,,,,,,,,,,,,,,,,1.0,GuardianAngel,,
3,EUW1_5972353664,TFT7_Augment_CavalierEmblem,TFT6_Augment_LudensEcho1,TFT6_Augment_PortableForge,,,,1.0,,4.0,1.0,,,,2.0,0.0,0.0,,,,2.0,,,0.0,,,1.0,1.0,0.0,,0.0,,,,,,,,,,,,,,,,,,,,,,,,,,,,,,,,,,,,,,,,,,,,,,,,,,,,,,,,,,,,,,,,,,1.0,,,,,,,,,,,,,,,,,,,,,,,,,,,,,,,,,,,,,,,,,,,,,,,,,,,,,,,,,,,,2.0,OrnnEternalWinter,GargoyleStoneplate,CavalierEmblemItem,,,,,,,,,,,,,2.0,Shroud,,,,,,,,,,,2.0,CavalierEmblemItem,Zephyr,,2.0,CavalierEmblemItem,TitansResolve,ArchangelsStaff,,,,,,,,,2.0,GuardianAngel,,,,,,,,,,,,,,,,,,,,,,,,,,,,,None,None,,,,,1.0,,,,,,,,,,,,,,,,2.0,MadredsBloodrazor,Quicksilver,GuinsoosRageblade,,,,,,,,,,,,
5,EUW1_5972353664,TFT6_Augment_SunfireBoard,TFT6_Augment_PandorasItems,TFT6_Augment_CyberneticImplants2,1.0,,,1.0,,0.0,1.0,,,,1.0,,0.0,,,,2.0,,,0.0,,,,0.0,1.0,,0.0,,,,,,,,,,,,,,,,,,,,,,,,,,,,,,,,,,,,,,,,,,,,,,,,,,,,,,,,,,,,,,,,,,1.0,,,,,,,,,,,,,,,,,,,,,,,,,,,,,,,,,,,,,,,,,,,,,,,,,,,,,,,,,,,,2.0,NeedlesslyLargeRod,,,,,,,2.0,FrozenHeart,,,,,,,,,,,,,,,,,,,2.0,,,,1.0,RedBuff,Bloodthirster,TitansResolve,,,,,,,,,,,,,,,,,,,,,,,,,1.0,MadredsBloodrazor,,,,,,,,,,,,,None,None,,,,,,,,,,,,,,,,,,,,,2.0,Deathblade,Quicksilver,GuinsoosRageblade,,,,,,,,,,,,
2,EUW1_5972690737,TFT6_Augment_TomeOfTraits1,TFT6_Augment_TargetDummies,TFT6_Augment_ThrillOfTheHunt2,2.0,,,2.0,,,,,,,1.0,,0.0,0.0,,,0.0,,1.0,,,,,,1.0,,1.0,0.0,,,,,,,,,,,,,,,,,,,,,,,,,,,,,,,,,2.0,RedBuff,FrozenHeart,,,,,,,,,,,,,,,,,,,,,,,,,,,,,,,,,,,,,,,,,,,,,,,,,,,,,,,,,,,,,,,,,,,,,,,,,,,,,,,,,,,,,,3.0,AssassinEmblemItem,RunaansHurricane,InfinityEdge,2.0,GargoyleStoneplate,,,,,,,2.0,WarriorEmblemItem,,,,,,,,,,,,,,,,,,,2.0,,,,,,,,,,,,,,,,,,,,,,,,2.0,Zephyr,,,,,,,2.0,UnstableConcoction,RapidFireCannon,MadredsBloodrazor,,,,,,,,,,,None,None,,,,,,,,,,,,,,,,,,,,,,,,,,,,,,,,,,,,
4,EUW1_5972690737,TFT7_Augment_GadgetExpert,TFT6_Augment_Ascension,TFT6_Augment_JeweledLotus,,,1.0,,,3.0,1.0,,,,2.0,0.0,,,3.0,0.0,0.0,,,0.0,,,,,,,0.0,,,,,,,,,,,,,,,,,,,,,,1.0,,,,,,,,,,,,,,,,2.0,InfinityEdge,StatikkShiv,JeweledGauntlet,,,,,,,,,,,,,,,,,,,,,,,,,2.0,MirageEmblemItem,,,,,,,,,,,,,,,,,,,,,,,,,,,,,,,,,,,,,,,,,,,2.0,CavalierEmblemItem,,,,,,,2.0,IonicSpark,WarmogsArmor,FrozenHeart,,,,,,,,,,,,,,,,,,,,,1.0,,,,,,,,,,,,,,,,,,,,,,,,,,,,,,,,,,,,,,,,,,,,,,,,,,,,,,,,,,None,None,,,,,,,,,,,,,,,,,,,,,,,,,,,,,2.0,ZekesHerald,Bloodthirster,,,,,
3,EUW1_5972690737,TFT7_Augment_CannoneerHotShot,TFT6_Augment_PortableForge,TFT6_Augment_Ascension,,,1.0,,0.0,,1.0,0.0,1.0,,1.0,0.0,,0.0,0.0,1.0,,0.0,,,0.0,1.0,1.0,,1.0,1.0,0.0,,,,,,,,,,1.0,SpearOfShojin,StatikkShiv,,,,,,,,,,2.0,,,,,,,,,,,,,,,,,,,,,,,,,,,,,,,,,,,,,,,,,,,,,,,,,,,,,,,,,,,,,,,,,,,,,,,,,,,,,,,,2.0,PowerGauntlet,,,,,,,,,,,,,,,,,,,,,,,,,,,,,,,,,,,,,,,,,,,,,,,,,,,,,,,,,,,,,,,2.0,GargoyleStoneplate,,,2.0,,,,,,,,,,,,,,,,,,,,,,,,,,,,3.0,TrainerSnax,None,None,1.0,,,,,,,,,,,,,,,,,,,,,,,,2.0,GuardianAngel,UnstableConcoction,OrnnInfinityForce,,,,,1.0,Zephyr,,
5,EUW1_5972690737,TFT7_Augment_EvokerEssenceTheft,TFT6_Augment_Diversify2,TFT6_Augment_Ascension,,,1.0,,2.0,,1.0,,1.0,0.0,1.0,,,,,1.0,,2.0,,,1.0,,,,,1.0,,,,,,,,,,,,,,,,,,,,,,,1.0,,,,,,,,2.0,InfinityEdge,GuinsoosRageblade,Deathblade,,,,,,,,,2.0,ShimmerscaleMogulsMail,IonicSpark,GargoyleStoneplate,,,,,,,,,,,,,,,,,,,,,,,,,,,,,,,,,2.0,,,,,,,,,,,,,,,,,,,,,,,,2.0,TitanicHydra,,,,,,,,,,,,,,,,,,,,,,,,,,,,,,,,,,,,,,,,,,,,,,,,,,,,,,,,,,,,,,,1.0,SpearOfShojin,GuinsoosRageblade,GuardianAngel,,,,,,,,,,,,,,,,,,,,,,,,,,,,,4.0,TrainerSnax,None,None,2.0,,,,,,,,,,,,,,,,,,,,,,,,,,,,,,,,,,,
7,EUW1_5972690737,TFT6_Augment_Electrocharge2,TFT7_Augment_MageConference,TFT6_Augment_PortableForge,,1.0,,1.0,,,,,0.0,,1.0,,,2.0,,1.0,,,,,,,,,,1.0,,0.0,,,,,,,,,,,,,,,,,,,,,,,,,,,,,,,,,,,,,,,,,,,,,,,,,,,,,,,,,,,,,,,,,,,,,2.0,,,,3.0,LocketOfTheIronSolari,,,,,,,,,,,,,,,,,,,,,,,,,,,1.0,,,,3.0,SpearOfShojin,StatikkShiv,RecurveBow,,,,,,,,,,,,,,,,,,,,,,,,,,,,,3.0,OrnnMuramana,SpearOfShojin,ArchangelsStaff,,,,,,,,,,,,,,,,,,,,,,,,,,,,,,,,,,,,,2.0,GargoyleStoneplate,,,,,,,,,,,,,,,,,,,3.0,TrainerSnax,None,None,,,,,,,,,,,,,3.0,,,,,,,,,,,,,,,,,,,,,,,
8,EUW1_5972690737,TFT6_Augment_PortableForge,TFT6_Augment_FuturePeepers,TFT6_Augment_CyberneticShell2,0.0,,1.0,1.0,,0.0,,,,,3.0,0.0,0.0,,,0.0,1.0,,,0.0,,,,1.0,0.0,,0.0,,,,,,,,,,,,,,,,,,,,,,1.0,,,,,,,,,,,,,,,,,,,,,,,,,,,,,,,,,,,,,,,,,,,,2.0,,,,,,,,,,,,,,,,,,,,,,,,,,,,,,,,,,,,,,,,,,,,1.0,OrnnDeathsDefiance,WarmogsArmor,DragonsClaw,,,,,,,,,,,,,2.0,,,,,,,,,,,,,,,,,,,,,,,,,,,,2.0,Zephyr,,,,,,,,,,,,,,,,,,,,,,,,,,,,,,,1.0,FrozenHeart,GuinsoosRageblade,ZekesHerald,,,,,,,,,,,None,None,,,,,1.0,,,,,,,,,,,,,,,,2.0,Deathblade,GuinsoosRageblade,,,,,,,,,,,,,
6,EUW1_5972690737,TFT6_Augment_CelestialBlessing2,TFT6_Augment_ComponentGrabBag,TFT6_Augment_JeweledLotus,,,1.0,,,,1.0,,1.0,,1.0,2.0,0.0,,,2.0,,,,1.0,,,1.0,,,0.0,,,,,,,2.0,SeraphsEmbrace,StatikkShiv,GuinsoosRageblade,,,,,,,,,,,,,1.0,,,,,,,,,,,,,,,,,,,,,,,,2.0,ThiefsGloves,LocketOfTheIronSolari,GuinsoosRageblade,,,,,,,,,,,,,2.0,NegatronCloak,GargoyleStoneplate,,,,,,,,,,,,,,,,,,,,,,,,,,,,,,,,,,,,,,2.0,,,,,,,,1.0,GargoyleStoneplate,RedBuff,IonicSpark,,,,,,,,,,,,,,,,,,,,,,,,,,,,,,,,,,,,,,,,,,,,,,,,,,,,,,,,,2.0,ThiefsGloves,Redemption,BrambleVest,,,,,,,,,,,,,,,,,,,,,,,,,,,None,None,,,,,,,,,,,,,,,,,,,,,,,,,,,,,,,,,,,,
1,EUW1_5972690737,TFT7_Augment_ShimmerscaleTrait,TFT6_Augment_RichGetRicherPlus,TFT6_Augment_Ascension,1.0,,1.0,,,,1.0,0.0,,0.0,1.0,0.0,0.0,0.0,,0.0,0.0,,,,4.0,1.0,1.0,,,,0.0,0.0,2.0,,,,,,,,,,,,,,,,,,,,2.0,ShimmerscaleGoldmancersStaff,,,,,,,,,,,,,,,,,,,2.0,GargoyleStoneplate,DragonsClaw,ShimmerscaleMogulsMail,,,,,,,,,,,,,,,,,,,,,,,,,,,,,,,,,,,,,,,,,2.0,ZekesHerald,,,,,,,,,,,,,,,,,,,,,,,,,,,,,,,,,,,,,,,,,,,2.0,MadredsBloodrazor,HextechGunblade,JeweledGauntlet,,,,,,,,,,,,,,,,,,,,,,,,,,,,,,,,,,,,,2.0,ShimmerscaleEmblemItem,SpearOfShojin,SpearOfShojin,,,,,,,,,,,,,,,,,,,,,,,,,,,None,None,,,,,,,,,,,,,,,,,2.0,ShimmerscaleHeartOfGold,,,,,,,,,,,,,,,2.0,GuinsoosRageblade,ShimmerscaleDiamondHands,ShimmerscaleCrownOfChampions
5,EUW1_5972808668,TFT6_Augment_Distancing,TFT6_Augment_CyberneticUplink1,TFT6_Augment_ComponentGrabBag,1.0,,,1.0,,0.0,,,,,2.0,0.0,0.0,,,,1.0,,,0.0,,,,1.0,1.0,,0.0,,,,,,,,,,,,,,,,,,,,,,,,,,,,,,,,,,,,,,,,,,,,,,,,,,,,,,,,,,,,,,,,,,2.0,,,,,,,,,,,,,,,,,,,,,,,,,,,,,,,,,,,,,,,,,,,,2.0,RedBuff,HextechGunblade,JeweledGauntlet,,,,,,,,,,,,,2.0,Quicksilver,,,,,,,2.0,,,,,,,,,,,,,,,,,,,,2.0,,,,,,,,,,,,,,,,,,,,,,,,,,,,,,,,2.0,InfinityEdge,UnstableConcoction,FrozenHeart,,,,,,,,,,,None,None,,,,,2.0,,,,,,,,,,,,,,,,2.0,GuinsoosRageblade,Quicksilver,StatikkShiv,,,,,,,,,,,,
3,EUW1_5972808668,TFT7_Augment_CannoneerTrait,TFT7_Augment_BandOfThieves1,TFT6_Augment_CelestialBlessing2,,,,,4.0,,,,1.0,1.0,,,,,,0.0,0.0,2.0,0.0,,,,,,,1.0,,0.0,,,,,,,,,,,,,,,,,,,,,,,,,2.0,RedBuff,GargoyleStoneplate,IonicSpark,2.0,ThiefsGloves,RedBuff,InfinityEdge,,,,,,,,,,,,,,,,,,,,,,,,,,,,,,,,,,,,,,,,,,,,,3.0,ZekesHerald,GuinsoosRageblade,ZekesHerald,,,,,,,,,,,,,,,,,,,,,2.0,Shroud,,,,,,,,,,,,,,,,,,,,,,,,,,,,,,,,,,,,,,,,,,,1.0,,,,,,,,,,,,,,,,,,,,2.0,ArchangelsStaff,,,,,,,,,,,,,,,,,,,,,,,,,,,3.0,,,,4.0,TrainerSnax,None,None,3.0,InfinityEdge,Quicksilver,GuinsoosRageblade,,,,,,,,,,,,,,,,,,,,,,,,,,,,,,,,
1,EUW1_5972808668,TFT7_Augment_MysticTrait,TFT6_Augment_PandorasItems,TFT6_Augment_Ascension,,1.0,,1.0,,,1.0,,0.0,,,,,1.0,,2.0,,,,,0.0,1.0,,0.0,,0.0,,2.0,,,,,,,,,,,,,,,,,,,,,,,,,,,,,,,,,,,,,,,,,,,,,,,,,2.0,Bloodthirster,TitansResolve,InfinityEdge,,,,,,,,,,,,,,,,,,,,,3.0,Bloodthirster,Shroud,GargoyleStoneplate,,,,,,,,,,,,,,,,,,,,,,,,,2.0,,,,3.0,Chalice,,,,,,,,,,,,,,,,,,,,,,,,,,,,,,,,,,,,,,,,,,,,,,,,,,,,,,,,,,,,,,,,,,,,,,,2.0,RedBuff,BrambleVest,,,,,,,,,,,,,,,,,,,,None,None,,,,,,,,,3.0,RunaansHurricane,GuinsoosRageblade,Bloodthirster,,,,,,,,,,,,,,,,,,,,,1.0,,,
2,EUW1_5972808668,TFT6_Augment_ItemGrabBag1,TFT6_Augment_LudensEcho1,TFT7_Augment_UrfsGrabBag1,,0.0,1.0,1.0,,,1.0,,0.0,,1.0,,0.0,2.0,,2.0,,,,,0.0,1.0,,,2.0,1.0,,0.0,,,,,,,,,1.0,SpearOfShojin,MageEmblemItem,RabadonsDeathcap,,,,,,,,,2.0,RunaansHurricane,,,,,,,,,,,,,,,,,,,,,,,,,,,,,,,,,,,,,,,,,,,,,,,2.0,RunaansHurricane,,,,,,,,,,,,,,,,,,,,,,,,,,,,,,,2.0,Chalice,,,2.0,StatikkShiv,Zephyr,,,,,,,,,,,,,,,,,,2.0,FrozenHeart,TitansResolve,,,,,,,,,,,,,,,,,,,,,,,,,,,,,,,,,,,,,,,,,,,,,,,,,,2.0,Redemption,RedBuff,DragonsClaw,,,,,,,,,,,,,,,,,3.0,TrainerSnax,None,None,,,,,,,,,,,,,,,,,,,,,,,,,,,,,,,,,1.0,,,
6,EUW1_5972808668,TFT6_Augment_Weakspot,TFT6_Augment_CelestialBlessing1,TFT7_Augment_CannoneerRicochet,0.0,,,1.0,1.0,,1.0,,1.0,,1.0,,,0.0,,0.0,,1.0,,,,,,,,1.0,,2.0,,,,,,,,,,,,,,,,,,,,,,,,,,,,,2.0,UnstableConcoction,RunaansHurricane,GuinsoosRageblade,,,,,,,,,,,,,,,,,1.0,GargoyleStoneplate,GiantsBelt,,,,,,,,,,,,,,,,,,,,,,,,,,,,,,,,,,,,,,,,,,,,,,,,,,2.0,TearOfTheGoddess,,,,,,,,,,,,,,,,,,,,,,,,,,,,,,,,,,,,,,,,,,,,,,,,,,,,,,,,,,,,,,,1.0,ThiefsGloves,Redemption,LastWhisper,,,,,,,,,2.0,ThiefsGloves,Redemption,LastWhisper,,,,,1.0,,,,,,,,,,,,3.0,TrainerSnax,None,None,1.0,,,,,,,,,,,,,,,,,,,,,,,,,,,,,,,,,,,
4,EUW1_5972808668,TFT6_Augment_Weakspot,TFT6_Augment_TinyTitans,TFT6_Augment_Diversify2,0.0,,1.0,0.0,,1.0,,,,,4.0,0.0,,,,0.0,1.0,,,0.0,,,,1.0,,,0.0,,,,,,,,,,,,,,,,,,,,,,1.0,,,,,,,,,,,,,,,,,,,,,,,,,,,,,,,,,,,,,,,,,,,,2.0,,,,,,,,,,,,,,,,,,,,,,,,,,,,,,,,,,,,,,,,,,,,1.0,RabadonsDeathcap,WarmogsArmor,,,,,,,,,,,,,,,,,,,,,,,,,,,,,,1.0,,,,,,,,,,,,2.0,LocketOfTheIronSolari,,,,,,,,,,,,,,,,,,,,,,,,,,,,,,,2.0,RapidFireCannon,StatikkShiv,,,,,,,,,,,,None,None,,,,,2.0,ZekesHerald,,,,,,,,,,,,,,,2.0,MadredsBloodrazor,RunaansHurricane,GuinsoosRageblade,,,,,,,,,,,,
7,EUW1_5972808668,TFT6_Augment_CyberneticUplink1,TFT6_Augment_PandorasItems,TFT6_Augment_BlueBattery2,,2.0,,1.0,,,1.0,,1.0,,,,,1.0,,1.0,,,,,,,,,,1.0,,0.0,,,,,,,,,,,,,,,,,1.0,SpearOfShojin,ArchangelsStaff,,,,,,,,,,,,,,,,,,,,,,,,,,,,,,,,,,,,,,,,,,,,,,,,,,2.0,,,,2.0,,,,,,,,,,,,,,,,,,,,,,,,,,,,2.0,,,,3.0,HextechGunblade,,,,,,,,,,,,,,,,,,,,,,,,,,,,,,,,,,,,,,,,,,,,,,,,,,,,,,,,,,,,,,,,,,,,,,,1.0,RedBuff,GargoyleStoneplate,,,,,,,,,,,,,,,,,,3.0,TrainerSnax,None,None,,,,,,,,,,,,,2.0,HextechGunblade,,,,,,,,,,,,,,,,,,,,,,
8,EUW1_5972808668,TFT6_Augment_PandorasItems,TFT6_Augment_Weakspot,TFT7_Augment_SwiftshotPressTheAttack,0.0,1.0,,1.0,,,,,0.0,,2.0,,0.0,0.0,,1.0,,,,,,,,1.0,0.0,0.0,,,,,,,,,,,,,,,,,,,,,,,,,,,,,,,,,,,,,,,,,,,,,,,,,,,,,,,,,,,,,,,,,,,,,,,,,,,2.0,RedBuff,BrambleVest,,,,,,,,,,,,,,,,,,,,,,,,,,1.0,,,,2.0,,,,,,,,,,,,,,,,,,,,2.0,,,,,,,,,,,,,,,,,,,,,,,,,,,,,,,,,,,,,,,,,,,,,,,,,,,,,,,,,,,,1.0,,,,,,,,,,,,,,None,None,,,,,2.0,,,,3.0,MadredsBloodrazor,GuinsoosRageblade,RunaansHurricane,,,,,,,,,,,,,,,,,,,,,,,,
2,EUW1_5971127917,TFT7_Augment_SwiftshotEmblem2,TFT7_Augment_SwiftshotTrait,TFT6_Augment_SecondWind2,0.0,1.0,,2.0,,,,,,,2.0,,0.0,,,,0.0,,,,,,,3.0,1.0,,0.0,,,,,,,,,,,,,,,,,,,,,,,,,,,,,,,,,,,,,,,,,,,,,,,,,,,,,,,,,,1.0,Zephyr,,,,,,,,,,,,,,,3.0,GargoyleStoneplate,RedBuff,Shroud,,,,,,,,,,,,,,,,,,,,,,,,,,,,,,,,,,,,,,,,,,,,,,,,,2.0,WarmogsArmor,,,,,,,,,,,,,,,,,,,,,,,,,,,2.0,,,,,,,,3.0,ForceOfNature,,,,,,,,,,,,,,,,,,,,,,,2.0,SwiftshotEmblemItem,,,,,,,,,,,,,None,None,,,,,2.0,,,,3.0,GuinsoosRageblade,UnstableConcoction,Deathblade,,,,,,,,,2.0,GuinsoosRageblade,UnstableConcoction,,,,,,,,,,,,,
1,EUW1_5971127917,TFT7_Augment_CavalierEmblem2,TFT6_Augment_ItemGrabBag1,TFT6_Augment_Ascension,,,,,,4.0,1.0,0.0,,,1.0,,,0.0,3.0,,0.0,,0.0,,,,,,,,1.0,,,,,,,,,,,,,,,,,,,,,,,,,,,,,,,,,,,,,,2.0,HextechGunblade,SpearOfShojin,ArchangelsStaff,,,,,,,,,,,,,,,,,,,,,,,,,2.0,JeweledGauntlet,Redemption,,,,,,,,,,,,,,,,,,,,,,,,,,,,,,2.0,ThiefsGloves,Bloodthirster,DragonsClaw,,,,,,,,,,,,,,,,,3.0,RedBuff,TitansResolve,WarmogsArmor,,,,,,,,,,,,,,,,,,,,,2.0,Zephyr,,,,,,,,,,,,,,,,,,,,,,,,,,,,,,,,,,,,,,,,,,,,,,,,,,,,,,,,,None,None,,,,,,,,,,,,,,,,,,,,,,,,,2.0,CavalierEmblemItem,Bloodthirster,MadredsBloodrazor,2.0,Shroud,,,,,,
8,EUW1_5971127917,TFT7_Augment_GuardianEmblem2,TFT6_Augment_ThrillOfTheHunt1,TFT6_Augment_SalvageBin,,,,,,,1.0,1.0,,2.0,,0.0,0.0,,,,0.0,,0.0,0.0,1.0,,,0.0,,,,,,,,,,,,,,,,,2.0,MadredsBloodrazor,StatikkShiv,InfinityEdge,,,,,,,,,3.0,RedBuff,GargoyleStoneplate,GargoyleStoneplate,,,,,,,,,,,,,2.0,,,,,,,,,,,,,,,,,,,,,,,,,,,,,,,,,,,,,,,,,,,,,,,,,,,,,,,,,,,,,,,,,,,,,,,,,,,,,,,,,,,,,,,,,,,,,,,,,,,,,,,,,,,,,,,,,,,,,,,,,,,,,,,,,,,,2.0,GuinsoosRageblade,TearOfTheGoddess,,,,,,,,,,,,,,2.0,ShimmerscaleDeterminedInvestor,,,,,,,,,None,None,,,,,,,,,,,,,,,,,2.0,GuardianEmblemItem,MadredsBloodrazor,GuinsoosRageblade,,,,,,,,,,,,,,,,
7,EUW1_5971127917,TFT7_Augment_SwiftshotEmblem2,TFT6_Augment_Weakspot,TFT7_Augment_BestFriends2,,,,0.0,,2.0,1.0,,,,2.0,,,0.0,,,2.0,,0.0,0.0,,,,1.0,,,0.0,,,,,,,,,,,,,,,,,,,,,,,,,,,,,,,,,,,,,,,,,,,,,,,,,,,,,,,,,,,,,,,,,,2.0,RedBuff,WarmogsArmor,WarmogsArmor,,,,,,,,,,,,,,,,,,,,,,,,,,,,,1.0,,,,,,,,,,,,,,,,,,,,,,,,,,,,,,,,,,,,,,,,,,,,1.0,,,,,,,,,,,,2.0,,,,1.0,SwiftshotEmblemItem,InfinityEdge,Bloodthirster,,,,,,,,,,,,,,,,,,,,,,,,,,,,,,,,,,,,,,,None,None,,,,,1.0,,,,,,,,,,,,,,,,2.0,Deathblade,GuinsoosRageblade,Quicksilver,,,,,,,,,,,,
3,EUW1_5971127917,TFT7_Augment_AssassinEmblem2,TFT7_Augment_AssassinTrait,TFT6_Augment_CyberneticImplants2,3.0,,,2.0,,,,,,,1.0,,0.0,0.0,,,0.0,,1.0,,,,,,1.0,,1.0,1.0,,,,,,,,,,,,,,,,,,,,,,,,,,,,,,,,,3.0,IonicSpark,FrozenHeart,MadredsBloodrazor,,,,,,,,,,,,,,,,,,,,,,,,,,,,,,,,,,,,,,,,,,,,,,,,,,,,,,,,,,,,,,,,,,,,,,,,,,,,,,,,,,,,,3.0,AssassinEmblemItem,RapidFireCannon,InfinityEdge,1.0,NegatronCloak,,,2.0,TitansResolve,Bloodthirster,RabadonsDeathcap,2.0,NeedlesslyLargeRod,,,,,,,,,,,,,,,,,,,2.0,Shroud,,,,,,,,,,,,,,,,,,,,,,,2.0,TearOfTheGoddess,,,,,,,2.0,UnstableConcoction,InfinityEdge,,,,,,,,,,,,None,None,,,,,,,,,,,,,,,,,,,,,,,,,,,,,,,,,,,,
4,EUW1_5971127917,TFT6_Augment_MaxLevel10,TFT6_Augment_CelestialBlessing1,TFT6_Augment_ComponentGrabBag,1.0,,1.0,1.0,,0.0,,0.0,,,3.0,,0.0,,0.0,0.0,1.0,,,,,,,1.0,0.0,,1.0,0.0,,,,,,,,,,,,,,,,,,,,,2.0,JeweledGauntlet,,,,,,,,,,,,,,,,,,,,,,,,,,,,,,,,,,,,,,,,,,,2.0,FrozenHeart,BrambleVest,,,,,,,,,,,,,,,,,,,,,,,,,,,,,,,,,,,,,,,,,,,,,,,,,,,,,,,,,,2.0,GargoyleStoneplate,Zephyr,Morellonomicon,1.0,,,,,,,,,,,,,,,,,,,,,,,,1.0,,,,,,,,,,,,,,,,,,,,,,,,,,,,,,,,2.0,InfinityEdge,StatikkShiv,UnstableConcoction,,,,,,,,,,,None,None,,,,,2.0,,,,,,,,,,,,,,,,2.0,MadredsBloodrazor,Quicksilver,GuinsoosRageblade,2.0,,,,,,,,,,,
5,EUW1_5971127917,TFT6_Augment_MaxLevel10,TFT7_Augment_AxiomArc1,TFT6_Augment_SalvageBin,,0.0,1.0,1.0,,,1.0,,0.0,,1.0,,0.0,1.0,,2.0,,,,,0.0,1.0,,,2.0,1.0,,0.0,,,,,,,,,2.0,ArchangelsStaff,HextechGunblade,SpearOfShojin,,,,,,,,,1.0,,,,,,,,,,,,,,,,,,,,,,,,,,,,,,,,,,,,,,,,,,,,,,,,1.0,,,,,,,,,,,,,,,,,,,,,,,,,,,,,,,,2.0,,,,3.0,ArchangelsStaff,SpearOfShojin,,,,,,,,,,,,,,,,,,1.0,IonicSpark,,,,,,,,,,,,,,,,,,,,,,,,,,,,,,,,,,,,,,,,,,,,,,,,,,,2.0,RedBuff,BrambleVest,FrozenHeart,,,,,,,,,,,,,,,,,2.0,TrainerSnax,None,None,,,,,,,,,,,,,,,,,,,,,,,,,,,,,,,,,1.0,Zephyr,,
6,EUW1_5971127917,TFT7_Augment_BestFriends3,TFT6_Augment_ThrillOfTheHunt1,TFT6_Augment_SunfireBoard,,1.0,,2.0,,,,,,,1.0,,0.0,,,,0.0,,,,,,,1.0,0.0,,0.0,,,,,,,,,,,,,,,,,,,,,,,,,,,,,,,,,,,,,,,,,,,,,,,,,,,,,,,,,,,,,,,,,,,,,,,,,,2.0,RedBuff,GargoyleStoneplate,,,,,,,,,,,,,,,,,,,,,,,,,,,,,,,,,,,,,,,,,,,,,,,,,,2.0,LocketOfTheIronSolari,,,,,,,,,,,,,,,,,,,,,,,,,,,2.0,,,,,,,,2.0,,,,,,,,,,,,,,,,,,,,,,,,,,,,,,,,,,,,,,None,None,,,,,2.0,RecurveBow,,,3.0,MadredsBloodrazor,RunaansHurricane,GuinsoosRageblade,,,,,,,,,2.0,InfinityEdge,Quicksilver,MadredsBloodrazor,,,,,,,,,,,,
5,EUW1_5971112274,TFT6_Augment_LudensEcho1,TFT6_Augment_Recombobulator,TFT7_Augment_JadeTrait,,,,,,,1.0,0.0,1.0,,,3.0,0.0,,,1.0,,,,1.0,,,1.0,0.0,,0.0,,,,,,,2.0,SpearOfShojin,HextechGunblade,,,,,,2.0,,,,,,,,,,,,,,,,,,,,,,,,,,,,,,,,2.0,GuinsoosRageblade,TitansResolve,Bloodthirster,,,,,,,,,,,,,2.0,Shroud,FrozenHeart,Redemption,,,,,,,,,,,,,,,,,,,,,,,,,,,,,,,,,,,,,1.0,Shroud,,,,,,,2.0,ThiefsGloves,Zephyr,GuardianAngel,,,,,,,,,,,,,,,,,,,,,,,,,,,,,,,,,,,,,,,,,,,,,,,,,,,,,,,,,2.0,,,,,,,,,,,,,,,,,,,,,,,,,,,,,,None,None,,,,,,,,,,,,,,,,,,,,,,,,,,,,,,,,,,,,
6,EUW1_5971112274,TFT6_Augment_CyberneticImplants1,TFT7_Augment_RevelTrait,TFT7_Augment_CannoneerRicochet,,,1.0,0.0,4.0,,,,1.0,,1.0,,,,,1.0,0.0,4.0,,,,,,,,1.0,,,,,,,,,,,,,,,,,,,,,,,1.0,ThiefsGloves,GiantsBelt,RedBuff,,,,,2.0,GuinsoosRageblade,MadredsBloodrazor,UnstableConcoction,,,,,,,,,,,,,,,,,,,,,,,,,,,,,,,,,,,,,,,,,,,,,2.0,TearOfTheGoddess,,,,,,,,,,,,,,,,,,,,,,,1.0,,,,,,,,,,,,,,,,,,,,,,,,,,,,,,,,,,,,,,,,,,,,1.0,,,,,,,,,,,,,,,,,,,,2.0,Shroud,JeweledGauntlet,CannoneerEmblemItem,,,,,,,,,,,,,2.0,RedBuff,WarmogsArmor,BrambleVest,,,,,,,,,,,,,2.0,TrainerSnax,None,None,2.0,LocketOfTheIronSolari,,,,,,,,,,,,,,,,,,,,,,,,,,,,,,,,,,
8,EUW1_5971112274,TFT6_Augment_Meditation1,TFT6_Augment_Weakspot,TFT7_Augment_AssassinEmblem,2.0,,1.0,0.0,,,1.0,0.0,,1.0,1.0,,0.0,,,0.0,0.0,,0.0,,2.0,,,,0.0,,,1.0,,,,,,,,,,,,,,,,,,,,,1.0,AssassinEmblemItem,,,,,,,,,,,2.0,Morellonomicon,Redemption,UnstableConcoction,,,,,2.0,DragonsClaw,ShimmerscaleMogulsMail,RedBuff,,,,,,,,,,,,,,,,,,,,,,,,,,,,,,,,,,,,,,,,,1.0,,,,,,,,,,,,,,,,,,,,,,,,,,,,,,,,,,,,,,,,1.0,,,,1.0,ShimmerscaleGoldmancersStaff,ArchangelsStaff,InfinityEdge,,,,,,,,,,,,,,,,,,,,,,,,,,,,,,,,,,,,,,,,,,,,,,,,,,,,,,,,,,,,,1.0,,,,,,None,None,,,,,,,,,,,,,,,,,2.0,ThiefsGloves,Redemption,Redemption,,,,,,,,,,,,,,,,
7,EUW1_5971112274,TFT7_Augment_BandOfThieves1,TFT6_Augment_Recombobulator,TFT6_Augment_CyberneticUplink2,1.0,,,,,,1.0,,0.0,0.0,2.0,,,1.0,,0.0,,,,,1.0,1.0,,,0.0,1.0,,,,,,,,,,,,,,,,,,,,,,,,,,,,,,,,,,,,,,,,,,,2.0,DragonsClaw,RedBuff,GargoyleStoneplate,,,,,,,,,,,,,,,,,,,,,,,,,1.0,,,,,,,,,,,,,,,,,,,,,,,,,,,,,,,,1.0,GiantsBelt,,,,,,,,,,,,,,,,,,,,,,,,,,,,,,,1.0,,,,2.0,ShimmerscaleGoldmancersStaff,SpearOfShojin,ArchangelsStaff,,,,,,,,,,,,,,,,,,,,,,,,,,,,,,,,,,,,,,,,,,,,,3.0,MadredsBloodrazor,Quicksilver,Bloodthirster,,,,,,,,,2.0,TrainerSnax,None,None,,,,,,,,,,,,,,,,,,,,,,,,,,,,,,,,,1.0,ThiefsGloves,GiantsBelt,DragonsClaw
2,EUW1_5971112274,TFT6_Augment_Distancing,TFT7_Augment_BandOfThieves1,TFT6_Augment_Diversify2,,0.0,1.0,1.0,,,1.0,,1.0,,1.0,,0.0,1.0,,2.0,,0.0,,,,,,,2.0,1.0,,0.0,,,,,,,,,1.0,ArchangelsStaff,RabadonsDeathcap,HextechGunblade,,,,,,,,,1.0,ThiefsGloves,RedBuff,GargoyleStoneplate,,,,,,,,,,,,,,,,,,,,,,,,,,,,,,,,,,,,,,,,,,,,,2.0,,,,,,,,,,,,,,,,,,,,,,,,,,,,,,,,2.0,,,,3.0,StatikkShiv,HextechGunblade,,,,,,,,,,,,,,,,,,1.0,TitanicHydra,,,,,,,,,,,,,,,,,,,,,,,,,,,,,,,,,,,,,,,1.0,,,,,,,,,,,,2.0,RedBuff,IonicSpark,TitanicHydra,,,,,,,,,,,,,,,,,3.0,TrainerSnax,None,None,,,,,,,,,,,,,,,,,,,,,,,,,,,,,,,,,,,,
1,EUW1_5971112274,TFT6_Augment_FirstAidKit,TFT7_Augment_BestFriends1,TFT6_Augment_Ascension,,1.0,,2.0,,,,,,,1.0,,0.0,,,,0.0,,,,,,,2.0,1.0,,0.0,,,,,,,,,,,,,,,,,,,,,,,,,,,,,,,,,,,,,,,,,,,,,,,,,,,,,,,,,,2.0,,,,,,,,,,,,,,,,3.0,WarmogsArmor,FrozenHeart,BrambleVest,,,,,,,,,,,,,,,,,,,,,,,,,,,,,,,,,,,,,,,,,,,,,,,,,1.0,GargoyleStoneplate,,,,,,,,,,,,,,,,,,,,,,,,,,,2.0,,,,,,,,2.0,,,,,,,,,,,,,,,,,,,,,,,,,,,,,,,,,,,,,,None,None,,,,,1.0,,,,3.0,GuinsoosRageblade,RunaansHurricane,MadredsBloodrazor,,,,,,,,,2.0,LastWhisper,Quicksilver,ZekesHerald,,,,,,,,,,,,
4,EUW1_5971112274,TFT6_Augment_CyberneticUplink1,TFT6_Augment_Electrocharge1,TFT6_Augment_Ascension,,,,0.0,,0.0,1.0,1.0,,0.0,,0.0,0.0,,3.0,,,,,,,,,,1.0,,1.0,,,,,,,,,,,,,,,,,,,,,,,,,,,,,,,,,,,,,,2.0,GuinsoosRageblade,,,,,,,,,,,,,,,,,,,,,,,,,,,,,,,,,,,,,,,,,,,1.0,,,,,,,,2.0,,,,2.0,,,,,,,,,,,,,,,,,,,,,,,,3.0,RedBuff,DragonsClaw,,,,,,2.0,ZekesHerald,,,,,,,,,,,,,,,,,,,,,,,,,,,,,,,,,,,,,,,,,,,,,,,,,,,,,,,,,,,,,,,,,,,,,,,,,None,None,,,,,,,,,,,,,,,,,,,,,,,,,2.0,GuardianAngel,BrambleVest,SeraphsEmbrace,2.0,,,,,,,
3,EUW1_5971112274,TFT6_Augment_CelestialBlessing1,TFT7_Augment_BandOfThieves1,TFT6_Augment_PortableForge,,,,1.0,0.0,1.0,,,0.0,,1.0,,,0.0,,0.0,0.0,,1.0,,0.0,1.0,,,,1.0,1.0,,,,,,,,,,,,,,,,,,,,,,,,,,,,,,,,,,,,,,,,,,,,,,,,,,,,,,,,,,,,,,,,,,,,,,,,,,,,,,,,,,,,,,,,,,,,,,,,,,3.0,,,,3.0,ThiefsGloves,WarmogsArmor,DragonsClaw,,,,,,,,,,,,,,,,,3.0,ThiefsGloves,NeedlesslyLargeRod,Bloodthirster,,,,,,,,,,,,,,,,,2.0,OrnnEternalWinter,FrozenHeart,DragonsClaw,,,,,,,,,2.0,LocketOfTheIronSolari,,,,,,,,,,,,,,,,,,,,,,,,,,,,,,,,,,,,,,,,,,,4.0,TrainerSnax,None,None,3.0,GuinsoosRageblade,Morellonomicon,ArchangelsStaff,,,,,,,,,,,,,,,,,,,,,,,,,,,,,1.0,SpearOfShojin,Zephyr,JeweledGauntlet
8,EUW1_5971741546,TFT6_Augment_SunfireBoard,TFT7_Augment_UrfsGrabBag2,TFT6_Augment_CelestialBlessing2,2.0,,,1.0,,,1.0,,,0.0,1.0,,0.0,,,,,,0.0,,,,,,1.0,,,2.0,,,,,,,,,,,,,,,,,,,,,,,,,,,,,,,,,2.0,IonicSpark,ChainVest,,,,,,,,,,,,,,1.0,AssassinEmblemItem,Bloodthirster,InfinityEdge,,,,,,,,,,,,,,,,,,,,,,,,,,,,,,,,,,,,,,,,,,,,,,,,,,,,,,,,,,,,,,,,,,,,,,,,,2.0,GargoyleStoneplate,WarmogsArmor,GiantsBelt,,,,,2.0,,,,,,,,,,,,,,,,,,,,,,,,,,,,,,,,,,,,,,,,,,,,,,,,,,,,2.0,IonicSpark,RedBuff,,,,,,2.0,,,,,,None,None,,,,,,,,,,,,,,,,,,,,,,,,,,,,,,,,,,,,
2,EUW1_5971741546,TFT6_Augment_TomeOfTraits1,TFT7_Augment_UrfsGrabBag2,TFT6_Augment_CyberneticImplants2,1.0,,,2.0,,0.0,,0.0,,0.0,,0.0,0.0,1.0,0.0,,,,2.0,,0.0,1.0,1.0,,0.0,,1.0,0.0,,,,,,,,,,,,,,,,,,,,,,,,,2.0,GiantsBelt,,,,,,,3.0,FrozenHeart,BruiserEmblemItem,IonicSpark,,,,,,,,,,,,,,,,,,,,,,,,,,,,,,,,,,,,,,,,,,,,,,,,,,,,,,,,,,,,,2.0,NegatronCloak,,,,,,,,,,,,,,,,,,,,,,,3.0,RapidFireCannon,AssassinEmblemItem,InfinityEdge,2.0,RedBuff,,,,,,,,,,,,,,,,,,,,,,,,,,,,,,,,,,,,,,,,,,,2.0,ArchangelsStaff,ArchangelsStaff,,,,,,2.0,ForceOfNature,Zephyr,,,,,,,,,,,,,,,,,,,,None,None,,,,,,,,,,,,,,,,,,,,,,,,,1.0,MageEmblemItem,SeraphsEmbrace,,,,,,1.0,,,
4,EUW1_5971741546,TFT7_Augment_TempestEyeOfTheStorm,TFT6_Augment_ForceOfNature,TFT6_Augment_CelestialBlessing2,,,1.0,0.0,,,,2.0,,,1.0,1.0,1.0,,,0.0,0.0,,,1.0,0.0,,,0.0,1.0,,,,,,,,,,,,,,,,2.0,,,,,,,,1.0,,,,,,,,,,,,,,,,,,,,,,,,,,,,,,,,,,,,,,,,,,,,,,,,,,,,,,,,,,,,2.0,,,,,,,,3.0,Bloodthirster,ArchangelsStaff,LegendEmblemItem,,,,,,,,,,,,,,,,,1.0,GiantsBelt,LocketOfTheIronSolari,,,,,,,,,,,,,,1.0,RedBuff,JeweledGauntlet,Redemption,,,,,,,,,,,,,,,,,,,,,2.0,,,,,,,,,,,,,,,,,,,,,,,,2.0,,,,,,,,,,,,,,,,,,,,,,,,,,None,None,,,,,,,,,,,,,,,,,3.0,Quicksilver,MadredsBloodrazor,GuinsoosRageblade,,,,,,,,,,,,,,,,
5,EUW1_5971741546,TFT7_Augment_UrfsGrabBag1,TFT6_Augment_MakeshiftArmor3,TFT6_Augment_Distancing2,0.0,,,1.0,,2.0,,0.0,,,2.0,,0.0,,0.0,,1.0,,,,,,,1.0,1.0,,1.0,,,,,,,,,,,,,,,,,,,,,,,,,,,,,,,,,,,,,,,,,,,,,,,,,,,,,,,,,,,,,,,,,,1.0,,,,,,,,,,,,,,,,,,,,,,,,,,,,,,,,,,,,,,,,,,,,,,,,,,,,,,,,,,,,1.0,,,,,,,,1.0,FrozenHeart,,,,,,,2.0,,,,,,,,,,,,2.0,,,,,,,,,,,,,,,,,,,,,,,,,,,,,,,,,,,,,,,,,,,,,,None,None,,,,,1.0,,,,,,,,,,,,,,,,2.0,GuinsoosRageblade,TitansResolve,GuardianAngel,1.0,CavalierEmblemItem,GuardianAngel,TitansResolve,,,,,,,,
6,EUW1_5971741546,TFT7_Augment_AxiomArc2,TFT6_Augment_RadiantRelics,TFT7_Augment_UrfsGrabBag1,,1.0,1.0,1.0,,,,,0.0,,2.0,,,2.0,,2.0,,,,,,,,,,1.0,,0.0,,,,,,,,,,,,,,,,,,,,,1.0,NeedlesslyLargeRod,,,,,,,,,,,,,,,,,,,,,,,,,,,,,,,,,,,,,,,,,,,,,,,1.0,,,,2.0,RedBuff,WarmogsArmor,GargoyleStoneplate,,,,,,,,,,,,,,,,,,,,,,,,,2.0,,,,3.0,,,,,,,,,,,,,,,,,,,,,,,,,,,,,,,,2.0,GuinsoosRagebladeRadiant,SpearOfShojin,RabadonsDeathcap,,,,,,,,,,,,,,,,,,,,,,,,,,,,,,,,,,,,,2.0,Shroud,TitansResolve,,,,,,,,,,,,,,,,,,1.0,TrainerSnax,None,None,,,,,,,,,,,,,2.0,,,,,,,,,,,,,,,,,,,,,,,
1,EUW1_5971741546,TFT7_Augment_GadgetExpert,TFT6_Augment_MaxLevel10,TFT6_Augment_PortableForge,,,,,,0.0,1.0,1.0,,,,1.0,,,0.0,,2.0,,,2.0,,,,1.0,,,0.0,,,,,,,,,,,,,,2.0,,,,,,,,,,,,,,,,,,,,,,,,,,,,,,,,,,,,,,,,,,,,,,,,1.0,,,,1.0,,,,,,,,,,,,,,,,,,,,,,,,,,,,,,,,,,,,,,,,,,,,2.0,OrnnEternalWinter,RedBuff,DragonsClaw,,,,,,,,,,,,,,,,,,,,,,,,,,,,,,,,,,,,,,,,,,,,,2.0,ArchangelsStaff,WarmogsArmor,BrambleVest,,,,,,,,,,,,,2.0,Quicksilver,StatikkShiv,GuinsoosRageblade,,,,,,,,,,,,,,,,,,,,,,,None,None,,,,,,,,,,,,,,,,,,,,,2.0,ZekesHerald,,,2.0,Bloodthirster,SeraphsEmbrace,,,,,,,,,
3,EUW1_5971741546,TFT6_Augment_PortableForge,TFT6_Augment_Twins3,TFT6_Augment_CyberneticUplink2,,1.0,1.0,1.0,,,,,,,2.0,,0.0,0.0,,1.0,,,,,,,,1.0,0.0,,,,,,,,,,,,,,,,,,,,,,,,1.0,,,,,,,,,,,,,,,,,,,,,,,,,,,,,,,,,,,,,,,,,,,,,,,,,,,,3.0,GargoyleStoneplate,RedBuff,BrambleVest,,,,,,,,,,,,,,,,,,,,,,,,,,,,,3.0,SeraphsEmbrace,,,,,,,,,,,,,,,,,,,2.0,FrozenHeart,,,,,,,,,,,,,,,,,,,,,,,,,,,,,,,,,,,,,,,,,,,,,,,,,,,,,,,,,,,,,,,,,,,,,,,,,None,None,,,,,2.0,,,,3.0,GuinsoosRageblade,Deathblade,RunaansHurricane,,,,,,,,,,,,,,,,,,,,,,,,
7,EUW1_5971741546,TFT6_Augment_MetabolicAccelerator,TFT6_Augment_HighEndShopping,TFT6_Augment_ComponentGrabBag,,,1.0,1.0,,,1.0,,0.0,,1.0,,0.0,1.0,,1.0,,,,,0.0,1.0,,,2.0,1.0,,0.0,,,,,,,,,1.0,SpearOfShojin,ArchangelsStaff,Bloodthirster,,,,,,,,,1.0,,,,,,,,,,,,,,,,,,,,,,,,,,,,,,,,,,,,,,,,,,,,,,,,2.0,,,,,,,,,,,,,,,,,,,,,,,,,,,,,,,,2.0,,,,,,,,,,,,,,,,,,,,,,,,2.0,,,,,,,,,,,,,,,,,,,,,,,,,,,,,,,,,,,,,,,,,,,,,,,,,,,,2.0,GargoyleStoneplate,TitansResolve,Quicksilver,,,,,,,,,,,,,,,,,3.0,TrainerSnax,None,None,,,,,,,,,,,,,,,,,,,,,,,,,,,,,,,,,2.0,GuinsoosRageblade,,
1,EUW1_5971638076,TFT7_Augment_GuildEmblem,TFT6_Augment_FirstAidKit,TFT6_Augment_ComponentGrabBag,0.0,,1.0,,,,1.0,,1.0,,4.0,2.0,0.0,0.0,,2.0,,,,1.0,,,,,,0.0,,,,,,,3.0,JeweledGauntlet,SpearOfShojin,ArchangelsStaff,,,,,,,,,,,,,1.0,ChainVest,,,,,,,,,,,,,,,,,,,,,,,2.0,UnstableConcoction,MadredsBloodrazor,TitansResolve,,,,,,,,,,,,,2.0,GuildEmblemItem,Zephyr,,,,,,,,,,,,,,,,,,,,,,,,,,,,,,,,,,,,,,2.0,,,,,,,,2.0,WarmogsArmor,GargoyleStoneplate,RedBuff,,,,,,,,,,,,,,,,,,,,,,,,,2.0,,,,,,,,,,,,,,,,,,,,,,,,,,,,,,,,,,,,,,,,,,,,,,,,2.0,Bloodthirster,Zephyr,,,,,,,,,,,,None,None,,,,,,,,,,,,,,,,,,,,,,,,,,,,,,,,,,,,
2,EUW1_5971638076,TFT6_Augment_CyberneticImplants2,TFT6_Augment_Diversify1,TFT7_Augment_GadgetExpert,,0.0,,,2.0,,1.0,,1.0,1.0,,,,0.0,,1.0,,2.0,,,1.0,,,,,1.0,,0.0,,,,,,,,,,,,,,,,,,,,,,,,,,,,,2.0,UnstableConcoction,GuinsoosRageblade,Quicksilver,,,,,,,,,2.0,ShimmerscaleMogulsMail,GargoyleStoneplate,DragonsClaw,,,,,,,,,,,,,,,,,,,,,,,,,,,,,,,,,2.0,LocketOfTheIronSolari,RedBuff,,,,,,,,,,,,,,,,,,,,,,2.0,,,,1.0,,,,,,,,,,,,,,,,,,,,,,,,,,,,,,,,,,,,,,,,,,,,,,,,,,,,,,,,,,,,2.0,MadredsBloodrazor,,,,,,,,,,,,,,,,,,,,,,,,,,,2.0,RedBuff,IonicSpark,Bloodthirster,4.0,TrainerSnax,None,None,2.0,StatikkShiv,,,,,,,,,,,,,,,,,,,,,,,,,,,,,,,,,,
5,EUW1_5971638076,TFT6_Augment_PortableForge,TFT6_Augment_CelestialBlessing1,TFT7_Augment_RagewingScorch,0.0,,,1.0,,0.0,1.0,,,,2.0,,0.0,,,,2.0,,,0.0,,,,1.0,0.0,,0.0,,,,,,,,,,,,,,,,,,,,,,,,,,,,,,,,,,,,,,,,,,,,,,,,,,,,,,,,,,,,,,,,,,1.0,GuardianAngel,,,,,,,,,,,,,,,,,,,,,,,,,,,,,,,,,,,,,,,,,,,,,,,,,,,,,,,,,,,2.0,DragonsClaw,,,,,,,,,,,,,,,,,,,,,,,,,,,2.0,,,,1.0,,,,,,,,,,,,,,,,,,,,,,,,,,,,2.0,MadredsBloodrazor,InfinityEdge,RedBuff,,,,,,,,,,,None,None,,,,,1.0,LastWhisper,,,,,,,,,,,,,,,2.0,GuinsoosRageblade,OrnnInfinityForce,UnstableConcoction,,,,,,,,,,,,
4,EUW1_5971638076,TFT6_Augment_PortableForge,TFT6_Augment_Diversify1,TFT7_Augment_SwiftshotPressTheAttack,1.0,,,1.0,,1.0,,,,,3.0,,0.0,,,,1.0,,,,,,,1.0,1.0,,0.0,,,,,,,,,,,,,,,,,,,,,,,,,,,,,,,,,,,,,,,,,,,,,,,,,,,,,,,,,,,,,,,,,,2.0,TearOfTheGoddess,LocketOfTheIronSolari,,,,,,,,,,,,,,,,,,,,,,,,,,,,,,,,,,,,,,,,,,,,,,,,,,,,,,,,,,1.0,ZekesHerald,,,,,,,2.0,FrozenHeart,RabadonsDeathcap,,,,,,1.0,,,,,,,,,,,,2.0,,,,,,,,,,,,,,,,,,,,,,,,,,,,,,,,2.0,Deathblade,RedBuff,InfinityEdge,,,,,,,,,,,None,None,,,,,2.0,,,,,,,,,,,,,,,,2.0,OrnnDeathsDefiance,Deathblade,GuinsoosRageblade,,,,,,,,,,,,
8,EUW1_5971638076,TFT6_Augment_CalculatedLoss,TFT7_Augment_LategameSpecialist,TFT6_Augment_ThrillOfTheHunt2,,0.0,,,,,1.0,0.0,,,,2.0,,,,0.0,,,,2.0,,,,0.0,,,,0.0,,,,,,,,,,,,,2.0,,,,,,,,,,,,,,,,,,,,,,,,,,,,,,,,1.0,,,,,,,,3.0,Bloodthirster,Quicksilver,,,,,,2.0,,,,,,,,,,,,,,,,,,,,,,,,,,,,,,,,,,,,,,,,,,,,,,,,1.0,GargoyleStoneplate,BrambleVest,,3.0,MadredsBloodrazor,Quicksilver,GuinsoosRageblade,,,,,,,,,,,,,,,,,,,,,,,,,,,,,,,,,,,,,,,,,,,,,,,,,,,,,,,,,,,,,,,,,,,,,,,,,,,,,,,,,,,None,None,,,,,,,,,,,,,,,,,,,,,,,,,,,,,,,,,,,,
7,EUW1_5971638076,TFT7_Augment_MirageEmblem,TFT6_Augment_ThrillOfTheHunt1,TFT6_Augment_FuturePeepers,,,,1.0,,2.0,1.0,0.0,,,1.0,,0.0,,3.0,,0.0,,,,,,,,0.0,,1.0,,,,,,,,,,,,,,,,,,,,,,,,,,,,,,,,,,,,,,2.0,StatikkShiv,MadredsBloodrazor,,,,,,,,,,,,,,,,,,,,,,,,,,1.0,MirageEmblemItem,,,,,,,,,,,,,,,,,,,,,,,,,,,,,,,,,,,,,,,,,,,,,,,,,,,2.0,WarmogsArmor,BrambleVest,,,,,,1.0,,,,,,,,,,,,,,,,2.0,Zephyr,,,,,,,,,,,2.0,,,,,,,,,,,,,,,,,,,,,,,,,,,,,,,,,,,,,,,,,,,,,,None,None,,,,,,,,,,,,,,,,,,,,,,,,,1.0,WarmogsArmor,SeraphsEmbrace,,,,,,,,,
6,EUW1_5971638076,TFT7_Augment_GuildEmblem,TFT6_Augment_SecondWind1,TFT6_Augment_Diversify2,,1.0,,1.0,,,,,0.0,,3.0,,,1.0,,1.0,,,,,,,,1.0,,0.0,,0.0,,,,,,,,,,,,,,,,,,,,,,,,,,,,,,,,,,,,,,,,,,,,,,,,,,,,,,,,,,,,,,,,,,,,,,,,,3.0,Redemption,GargoyleStoneplate,Morellonomicon,,,,,,,,,,,,,,,,,,,,,,,,,1.0,,,,3.0,ArchangelsStaff,SpearOfShojin,,,,,,,,,,,,,,,,,,,,,,,,,,,,,,1.0,,,,,,,,,,,,,,,,,,,,,,,,,,,,,,,,,,,,,,,,2.0,IonicSpark,,,,,,,,,,,,,,,,,,,,,None,None,,,,,2.0,,,,3.0,GuildEmblemItem,MadredsBloodrazor,GuinsoosRageblade,,,,,,,,,,,,,,,,,,,,,,,,
3,EUW1_5971638076,TFT7_Augment_EvokerEmblem,TFT6_Augment_Diversify1,TFT7_Augment_UrfsGrabBag1,,0.0,,1.0,,,,0.0,1.0,,1.0,,0.0,2.0,,1.0,,0.0,,,,,,,1.0,1.0,,0.0,,,,,,,,,,,,,,,,,,,,,,,,,,,,,,,,,,,,,,,,,,,,,,,,,,,,,,,,,,,,,,,,,,,,,2.0,EvokerEmblemItem,,,,,,,,,,,,,,,,,,,2.0,TitanicHydra,TitansResolve,,,,,,,,,,2.0,Chalice,PowerGauntlet,,2.0,Zephyr,,,,,,,,,,,,,,,,,,,2.0,ThiefsGloves,GargoyleStoneplate,RedBuff,,,,,,,,,2.0,HextechGunblade,SpearOfShojin,ArchangelsStaff,,,,,,,,,,,,,,,,,,,,,,,,,2.0,MageEmblemItem,,,,,,,,,,,2.0,IonicSpark,,,,,,,,,,,,,,,,,,,4.0,TrainerSnax,None,None,,,,,,,,,,,,,,,,,,,,,,,,,,,,,,,,,,,,
2,EUW1_5971653659,TFT6_Augment_Twins2,TFT6_Augment_SecondWind2,TFT7_Augment_AssassinCutthroat,3.0,,,0.0,,0.0,,,,0.0,1.0,,,0.0,,,0.0,,2.0,,0.0,,,,0.0,,0.0,0.0,,,,,,,,,,,,,,,,,,,,,,,,,2.0,,,,,,,,3.0,HextechGunblade,InfinityEdge,MadredsBloodrazor,,,,,,,,,,,,,,,,,,,,,,,,,,,,,,,,,,,,,,,,,,,,,,,,,1.0,,,,,,,,,,,,2.0,,,,,,,,,,,,,,,,,,,,,,,,2.0,AssassinEmblemItem,SparringGloves,,,,,,2.0,SpearOfShojin,,,2.0,,,,,,,,,,,,,,,,,,,,,,,,,,,,,,,,,,,,,,,,,,,,,,,,,,,,2.0,GuardianAngel,PowerGauntlet,,,,,,,,,,,,None,None,,,,,,,,,,,,,,,,,,,,,,,,,,,,,,,,,,,,
1,EUW1_5971653659,TFT6_Augment_Traitless2,TFT6_Augment_Twins2,TFT7_Augment_PandorasBench,,,,0.0,,0.0,,0.0,,,,,0.0,,0.0,,0.0,,,,,,,0.0,0.0,,0.0,,,,,,,,,,,,,,,,,,,,,,,,,,,,,,,,,,,,,,,,,,,,,,,,,,,,,,,,,,,,,,,,,,2.0,RapidFireCannon,TearOfTheGoddess,,,,,,,,,,,,,,,,,,,,,,,,,,,,,,,,,,,,,,,,,,,,,,,,,,,,,,,,,,2.0,RedBuff,Redemption,,,,,,,,,,,,,,,,,,,,,,,,,,,,,,,,,,,,,,,,,,,,,,,,,,,,,,,,,,,,,,,,,,,,,,,,None,None,,,,,,,,,,,,,,,,,,,,,3.0,Quicksilver,UnstableConcoction,GuinsoosRageblade,1.0,Quicksilver,,,,,,,,,,
8,EUW1_5971653659,TFT6_Augment_CyberneticUplink2,TFT7_Augment_PandorasBench,TFT6_Augment_Distancing2,,,,0.0,,0.0,1.0,,,1.0,1.0,,,,,,1.0,,,,1.0,,,1.0,,,0.0,0.0,,,,,,,,,,,,,,,,,,,,,,,,,,,,,,,,,,,,,,,,,2.0,Redemption,,,,,,,,,,,,,,,,,,,,,,,2.0,,,,,,,,,,,,,,,,,,,,,,,,,,,,,,,,,,,,,,,,,,,,,,,,,,,,,,,,,,,,,,,,,,,,,,,,,,,,,,,,,,,,,,,,2.0,,,,,,,,,,,,,,,,,,,,,,,,,,,,,,,,,,,,,,,,1.0,,,,,,None,None,,,,,2.0,Zephyr,ShimmerscaleGamblersBlade,,,,,,,,,,,,,,2.0,MadredsBloodrazor,GuinsoosRageblade,Quicksilver,,,,,,,,,,,,
4,EUW1_5971653659,TFT6_Augment_JeweledLotus,TFT6_Augment_Electrocharge2,TFT6_Augment_Meditation2,0.0,0.0,,1.0,,,1.0,,0.0,,,,0.0,1.0,,1.0,,,,,,,,,2.0,1.0,,1.0,,,,,,,,,1.0,SpearOfShojin,HextechGunblade,InfinityEdge,,,,,,,,,,,,,,,,,,,,,,,,,,,,,,,,,,,,,,,,,,,,,,,,,,,,,,,,,2.0,,,,,,,,,,,,,,,,,,,,,,,,,,,,,,,,2.0,,,,3.0,,,,,,,,,,,,,,,,,,,,1.0,,,,1.0,Zephyr,,,,,,,,,,,,,,,,,,,,,,,,,,,,,,,,,,,,,,,,,,,,,,,2.0,TitanicHydra,GargoyleStoneplate,FrozenHeart,,,,,,,,,,,,,,,,,3.0,TrainerSnax,None,None,,,,,,,,,,,,,,,,,,,,,,,,,,,,,,,,,,,,
6,EUW1_5971653659,TFT6_Augment_TriForce2,TFT7_Augment_BestFriends2,TFT7_Augment_SwiftshotPressTheAttack,,1.0,,2.0,,,,,,,1.0,,0.0,0.0,,0.0,,,,,,,,1.0,0.0,,,0.0,,,,,,,,,,,,,,,,,,,,,,,,,,,,,,,,,,,,,,,,,,,,,,,,,,,,,,,,,,,,,,,,,,,,,,,,,3.0,GargoyleStoneplate,Redemption,GargoyleStoneplate,,,,,,,,,,,,,,,,,,,,,,,,,,,,,3.0,,,,,,,,,,,,,,,,,,,,1.0,,,,,,,,,,,,,,,,,,,,,,,,,,,,,,,,,,,,2.0,,,,,,,,,,,,,,,,1.0,,,,,,,,,,,,,,,,,,,,,,None,None,,,,,1.0,LastWhisper,,,3.0,Quicksilver,GuinsoosRageblade,Deathblade,,,,,,,,,,,,,,,,,,,,,,,,
5,EUW1_5971653659,TFT7_Augment_BestFriends2,TFT6_Augment_CelestialBlessing2,TFT7_Augment_PandorasBench,1.0,,,2.0,,,1.0,,,0.0,,,0.0,0.0,,0.0,0.0,,,,,,,,1.0,,0.0,3.0,,,,,,,,,,,,,,,,,,,,,,,,,,,,,,,,,,,,,,,,,,,,,,,,,2.0,InfinityEdge,Bloodthirster,GuardianAngel,,,,,,,,,,,,,,,,,,,,,,,,,,,,,,,,,,,,,,,,,,,,,,,,,,,,,,,,,,,,,,,,,,,,,,,,,1.0,StatikkShiv,,,2.0,RedBuff,Bloodthirster,UnstableConcoction,1.0,,,,,,,,,,,,,,,,,,,,2.0,,,,,,,,,,,,,,,,,,,,,,,,2.0,MysticEmblemItem,GiantsBelt,,,,,,,,,,,,,,1.0,,,,,,None,None,,,,,,,,,,,,,,,,,,,,,,,,,,,,,,,,,,,,
3,EUW1_5971653659,TFT6_Augment_TradeSector,TFT6_Augment_PortableForge,TFT6_Augment_ComponentGrabBag,1.0,,,2.0,,,1.0,,,,1.0,0.0,0.0,0.0,,,0.0,,,,,,1.0,,1.0,,0.0,2.0,,,,,,,,,,,,,,,,,,,,,,,,,,,,,,,,,,,,,,,,,,,,,,,,,2.0,OrnnInfinityForce,UnstableConcoction,InfinityEdge,,,,,,,,,,,,,,,,,,,,,,,,,,,,,,,,,,,,,,,,,,,,,,,,,,,,,,,,,,,,,,,,,,,,,,,,,2.0,BrambleVest,Redemption,HextechGunblade,,,,,2.0,NeedlesslyLargeRod,,,,,,,,,,,,,,,,,,,2.0,,,,,,,,,,,,,,,,1.0,SpearOfShojin,RapidFireCannon,,,,,,2.0,ZekesHerald,BrambleVest,,,,,,2.0,IonicSpark,RedBuff,RunaansHurricane,,,,,,,,,,,None,None,,,,,,,,,,,,,,,,,,,,,,,,,,,,,,,,,,,,
7,EUW1_5971653659,TFT7_Augment_PandorasBench,TFT6_Augment_RichGetRicherPlus,TFT6_Augment_ComponentGrabBag,,,1.0,,2.0,,,,1.0,1.0,1.0,,,,,1.0,,2.0,0.0,,,,,,,1.0,,0.0,,,,,,,,,,,,,,,,,,,,,1.0,,,,2.0,RedBuff,,,1.0,,,,,,,,,,,,,,,,,,,,,,,,,,,,,,,,,,,,,,,,,,,,,,,,2.0,Morellonomicon,,,,,,,,,,,,,,,,,,,,,,,2.0,,,,,,,,,,,,,,,,,,,,,,,,,,,,,,,,,,,,,,,,,,,,,,,,,,,,,,,,,,,,,,,,2.0,SpearOfShojin,StatikkShiv,ArchangelsStaff,,,,,,,,,,,,,,,,,,,,,,,,,3.0,,,,3.0,TrainerSnax,None,None,3.0,LastWhisper,Quicksilver,GuinsoosRageblade,,,,,,,,,,,,,,,,,,,,,,,,,,,,,,,,
5,EUW1_5971612892,TFT6_Augment_Meditation1,TFT6_Augment_ThrillOfTheHunt1,TFT6_Augment_Distancing2,,,,1.0,,1.0,1.0,,,0.0,2.0,,0.0,,,,1.0,,,,1.0,,,1.0,0.0,,0.0,,,,,,,,,,,,,,,,,,,,,,,,,,,,,,,,,,,,,,,,,,2.0,GargoyleStoneplate,RedBuff,Redemption,,,,,,,,,,,,,,,,,,,,,1.0,ThiefsGloves,NeedlesslyLargeRod,ArchangelsStaff,,,,,,,,,,,,,,,,,,,,,,,,,,,,,,,,,,,,,,,,,,,,,,,,,,,,,,,,,2.0,BrambleVest,ChainVest,,,,,,,,,,,,,,2.0,,,,,,,,,,,,1.0,,,,,,,,,,,,,,,,,,,,,,,,,,,,,,,,,,,,,,,,,,,,,,None,None,,,,,1.0,,,,,,,,,,,,,,,,2.0,ShimmerscaleDravensAxe,UnstableConcoction,GuinsoosRageblade,,,,,,,,,,,,
1,EUW1_5971612892,TFT7_Augment_ShimmerscaleEmblem,TFT7_Augment_LategameSpecialist,TFT7_Augment_ShimmerscaleTrait,0.0,,1.0,,0.0,,1.0,1.0,,0.0,1.0,0.0,0.0,0.0,0.0,0.0,0.0,0.0,,,4.0,1.0,1.0,,,,0.0,,,,,,,,,,,,,,,,,,,,,,1.0,ShimmerscaleEmblemItem,Redemption,TearOfTheGoddess,,,,,2.0,GuinsoosRageblade,GuinsoosRageblade,ShimmerscaleDravensAxe,,,,,,,,,2.0,ShimmerscaleMogulsMail,RedBuff,GargoyleStoneplate,,,,,,,,,,,,,,,,,,,,,,,,,,,,,,,,,,,,,,,,,2.0,Zephyr,,,,,,,,,,,,,,,,,,,,,,,,,,,,,,,,,,,,,,,,,,,,,,,,,,,,,,,,,,,,,,,,,,,,,,,,,,,,,,,,,,,2.0,SpearOfShojin,DragonmancerEmblemItem,ShimmerscaleEmblemItem,,,,,,,,,,,,,,,,,,,,,,,,,,,None,None,,,,,,,,,,,,,,,,,2.0,,,,,,,,2.0,WarmogsArmor,Redemption,FrozenHeart,,,,,2.0,ShimmerscaleCrownOfChampions,ShimmerscaleGamblersBlade,ShimmerscaleGoldmancersStaff
6,EUW1_5971612892,TFT6_Augment_CyberneticUplink1,TFT6_Augment_Weakspot,TFT6_Augment_PortableForge,,,,,2.0,,1.0,,1.0,1.0,,,,,,0.0,,2.0,0.0,,1.0,,,,,1.0,,,,,,,,,,,,,,,,,,,,,,,,,,,2.0,Zephyr,,,1.0,Quicksilver,OrnnObsidianCleaver,ShimmerscaleDravensAxe,,,,,,,,,1.0,Redemption,DragonsClaw,BrambleVest,,,,,,,,,,,,,,,,,,,,,,,,,,,,,,,,,2.0,,,,,,,,,,,,,,,,,,,,,,,,2.0,SparringGloves,,,,,,,,,,,,,,,,,,,,,,,,,,,,,,,,,,,,,,,,,,,,,,,,,,,,,,,,,,,,,,,1.0,,,,,,,,,,,,,,,,,,,,,,,,,,,,,,,,3.0,TrainerSnax,None,None,2.0,StatikkShiv,,,,,,,,,,,,,,,,,,,,,,,,,,,,,,,,,,
2,EUW1_5971612892,TFT6_Augment_CyberneticUplink1,TFT6_Augment_ItemGrabBag1,TFT6_Augment_Diversify2,,0.0,,1.0,,,,,1.0,,1.0,0.0,,2.0,,1.0,,0.0,,,0.0,1.0,1.0,,,1.0,,1.0,,,,,,,,,,,,,,,,,,,,,,,,,,,,,,,,,,,,,,,,,,,,,,,,,,,,,,,,,,,,,,,,,,,,,2.0,EvokerEmblemItem,,,2.0,Morellonomicon,,,,,,,,,,,,,,,,,,,,,,,,,,,2.0,ZekesHerald,PowerGauntlet,,3.0,StatikkShiv,,,,,,,,,,,,,,,,,,,,,,,,,,,,,,,2.0,ArchangelsStaff,SpearOfShojin,,,,,,,,,,,,,,,,,,,,,,,,,,2.0,WhispersEmblemItem,,,1.0,,,,,,,,2.0,RedBuff,,,,,,,,,,,,,,,,,,,4.0,TrainerSnax,None,None,,,,,,,,,,,,,,,,,,,,,,,,,,,,,,,,,1.0,BFSword,,
8,EUW1_5971612892,TFT6_Augment_CelestialBlessing1,TFT6_Augment_Recombobulator,,,,,0.0,0.0,,1.0,,0.0,0.0,,,,0.0,,0.0,,,,0.0,1.0,,,,,1.0,,1.0,,,,,,,,,,,,,,,,,,,,,,,,,,,,,,,,,,,,,,,,,1.0,,,,,,,,,,,,1.0,GuardianAngel,Bloodthirster,GuinsoosRageblade,,,,,,,,,,,,,,,,,,,,,,,,,,,,,,,,,,,,,,,,,,,,,1.0,,,,,,,,,,,,,,,,,,,,,,,,,,,,,,,,,,,,,,,,,,,,,,,,,,,,,,,,,,,,,,,,,,,,,,,,,,,,2.0,,,,,,,,,,,,,,,,,,,,1.0,TrainerSnax,None,None,2.0,ShimmerscaleDravensAxe,,,,,,,,,,,,,,,,,,,,,,,,,,,,,,,,,,
4,EUW1_5971612892,TFT6_Augment_PandorasItems,TFT6_Augment_TinyTitans,TFT6_Augment_ThrillOfTheHunt2,1.0,,,2.0,,,1.0,,,,1.0,,0.0,0.0,,,0.0,,,,,,,,1.0,,0.0,2.0,,,,,,,,,,,,,,,,,,,,,,,,,,,,,,,,,,,,,,,,,,,,,,,,,2.0,Quicksilver,MadredsBloodrazor,Bloodthirster,,,,,,,,,,,,,,,,,,,,,,,,,,,,,,,,,,,,,,,,,,,,,,,,,,,,,,,,,,,,,,,,,,,,,,,,,1.0,,,,,,,,2.0,FrozenHeart,,,,,,,,,,,,,,,,,,,2.0,BrambleVest,,,,,,,,,,,,,,,,,,,,,,,2.0,,,,,,,,2.0,UnstableConcoction,RedBuff,FrozenHeart,,,,,,,,,,,None,None,,,,,,,,,,,,,,,,,,,,,,,,,,,,,,,,,,,,
3,EUW1_5971612892,TFT6_Augment_Twins1,TFT6_Augment_TinyTitans,TFT6_Augment_TargetDummies,,1.0,,1.0,,,,,,,3.0,,,1.0,,0.0,,,,,,,,1.0,,,,0.0,,,,,,,,,,,,,,,,,,,,,,,,,,,,,,,,,,,,,,,,,,,,,,,,,,,,,,,,,,,,,,,,,,,,,,,,,3.0,RedBuff,BrambleVest,FrozenHeart,,,,,,,,,,,,,,,,,,,,,,,,,,,,,3.0,PowerGauntlet,GuildEmblemItem,,,,,,,,,,,,,,,,,,,,,,,,,,,,,,2.0,Shroud,,,,,,,,,,,,,,,,,,,,,,,,,,,,,,,,,,,,,,,2.0,,,,,,,,,,,,,,,,,,,,,,None,None,,,,,2.0,,,,2.0,RapidFireCannon,GuinsoosRageblade,Deathblade,,,,,,,,,,,,,,,,,,,,,,,,
7,EUW1_5971612892,TFT6_Augment_Featherweights1,TFT6_Augment_CelestialBlessing1,TFT7_Augment_BestFriends2,,0.0,,,,,1.0,,,1.0,,1.0,,,,0.0,,,0.0,1.0,,,1.0,,,,,0.0,,,,,,,,,,,,,,,,,,,,,,,,,1.0,WarmogsArmor,,,,,,,,,,,,,,,,,,,1.0,,,,,,,,2.0,TearOfTheGoddess,,,,,,,,,,,,,,,,,,,,,,,,,,,,,,,,,,,,,,,,,,,,,,,,,,,,,,,,,,,3.0,Quicksilver,GuinsoosRageblade,InfinityEdge,,,,,,,,,,,,,,,,,,,,,,,,,,,,,,,,,,,,,,,,,,,,,,,,,,,,,1.0,,,,,,,,,,,,,,,,,,,,1.0,,,,,,,,,,None,None,,,,,,,,,,,,,,,,,,,,,,,,,,,,,,,,,,,,
8,EUW1_5971621793,TFT7_Augment_BandOfThieves1,TFT6_Augment_ComponentGrabBag,,,,,1.0,,1.0,1.0,,,,1.0,,,,,,0.0,0.0,,,,,,,,,0.0,1.0,,,,,,,,,,,,,,,,,,,,,,,,,,,,,,,,,,,,,,,,,,,,,,,,,1.0,CavalierEmblemItem,MadredsBloodrazor,,,,,,,,,,,,,,,,,,,,,,,,,,,,,,,,,,,,,,,,,,,,,,,,,,,,,,,,,,,,,,,,,,,,,,,,,,,,,,,,,,,,,,,,,,2.0,,,,,,,,,,,,1.0,Redemption,,,,,,,,,,,,,,,,,,,,,,,,,,,2.0,ThiefsGloves,GiantsBelt,RunaansHurricane,,,,,,,,,,,,,,,None,None,,,,,,,,,,,,,,,,,,,,,,,,,,,,,,,,,,,,
3,EUW1_5971621793,TFT6_Augment_Weakspot,TFT7_Augment_PandorasBench,TFT6_Augment_Diversify2,,,1.0,,,,1.0,,1.0,1.0,1.0,2.0,0.0,,,2.0,,,,1.0,,,1.0,,,0.0,,,,,,,3.0,SpearOfShojin,ArchangelsStaff,JeweledGauntlet,,,,,,,,,,,,,1.0,SeraphsEmbrace,,,,,,,,,,,,,,,,,,,,,,,2.0,GuardianEmblemItem,WarmogsArmor,Deathblade,,,,,,,,,,,,,2.0,ThiefsGloves,ChainVest,IonicSpark,,,,,,,,,,,,,,,,,,,,,,,,,,,,,,,,,,,,,2.0,IonicSpark,Redemption,Bloodthirster,,,,,2.0,GuardianEmblemItem,GargoyleStoneplate,IonicSpark,,,,,,,,,,,,,,,,,,,,,,,,,,,,,,,,,,,,,,,,,,,,,,,,,,,,,,,,,1.0,,,,,,,,,,,,,,,,,,,,,,,,,,,,,,None,None,,,,,,,,,,,,,,,,,,,,,,,,,,,,,,,,,,,,
1,EUW1_5971621793,TFT6_Augment_SecondWind1,TFT6_Augment_Meditation2,TFT6_Augment_Ascension,,0.0,1.0,1.0,,,1.0,,1.0,,1.0,,,1.0,,2.0,,0.0,,,,,,,1.0,1.0,,0.0,,,,,,,,,2.0,SpearOfShojin,SpearOfShojin,JeweledGauntlet,,,,,,,,,1.0,,,,,,,,,,,,,,,,,,,,,,,,,,,,,,,,,,,,,,,,,,,,,,,,2.0,,,,2.0,FrozenHeart,TitansResolve,ChainVest,,,,,,,,,,,,,,,,,,,,,,,,,2.0,PowerGauntlet,,,1.0,,,,,,,,,,,,,,,,,,,,,,,,,,,,,,,,,,,,,,,,,,,,,,,,,,,,,,,,,,,,2.0,JeweledGauntlet,GuardianAngel,UnstableConcoction,,,,,,,,,2.0,TitanicHydra,GargoyleStoneplate,GargoyleStoneplate,,,,,,,,,,,,,,,,,4.0,TrainerSnax,None,None,,,,,,,,,,,,,,,,,,,,,,,,,,,,,,,,,,,,
2,EUW1_5971621793,TFT6_Augment_TinyTitans,TFT7_Augment_GadgetExpert,TFT6_Augment_ComponentGrabBag,,0.0,1.0,1.0,,,,,0.0,,2.0,,,2.0,,2.0,,,,,0.0,1.0,,,,1.0,,0.0,,,,,,,,,,,,,,,,,,,,,1.0,,,,,,,,,,,,,,,,,,,,,,,,,,,,,,,,,,,,,,,,,,,,,,,,2.0,,,,2.0,MageEmblemItem,TitanicHydra,InfinityEdge,,,,,,,,,,,,,,,,,,,,,,,,,2.0,Chalice,ArchangelsStaff,ZekesHerald,2.0,StatikkShiv,GuinsoosRageblade,RabadonsDeathcap,,,,,,,,,,,,,,,,,,,,,,,,,,,,,3.0,SpearOfShojin,ArchangelsStaff,ArchangelsStaff,,,,,,,,,,,,,,,,,,,,,,,,,,,,,,,,,,,,,2.0,RedBuff,TitanicHydra,Zephyr,,,,,,,,,,,,,,,,,4.0,TrainerSnax,None,None,,,,,,,,,,,,,,,,,,,,,,,,,,,,,,,,,2.0,ThiefsGloves,ZekesHerald,RapidFireCannon
4,EUW1_5971621793,TFT6_Augment_CyberneticImplants1,TFT6_Augment_PortableForge,TFT7_Augment_UrfsGrabBag1,1.0,,,1.0,,0.0,,0.0,,,1.0,1.0,0.0,,,,1.0,,,1.0,,,,1.0,1.0,,0.0,,,,,,,,,,,,,,2.0,RunaansHurricane,,,,,,,,,,,,,,,,,,,,,,,,,,,,,,,,,,,,,,,,,,,,,,,2.0,,,,2.0,SeraphsEmbrace,,,,,,,,,,,,,,,,,,,,,,,,,,,,,,,,,,,,,,,,,,,2.0,GargoyleStoneplate,ArchangelsStaff,,,,,,,,,,,,,,2.0,Shroud,,,,,,,2.0,Shroud,,,,,,,,,,,,,,,,,,,1.0,,,,,,,,,,,,,,,,,,,,,,,,,,,,,,,,2.0,FrozenHeart,Deathblade,OrnnDeathsDefiance,,,,,,,,,,,None,None,,,,,,,,,,,,,,,,,,,,,2.0,MadredsBloodrazor,GuinsoosRageblade,Quicksilver,,,,,,,,,,,,
7,EUW1_5971621793,TFT6_Augment_ItemGrabBag1,TFT7_Augment_BruiserEmblem,TFT6_Augment_CelestialBlessing2,2.0,,,2.0,,,,,,,1.0,,0.0,,,,0.0,,1.0,,0.0,,,,1.0,,1.0,,,,,,,,,,,,,,,,,,,,,,,,,,,,,,,,,,2.0,BruiserEmblemItem,MadredsBloodrazor,PowerGauntlet,,,,,,,,,,,,,,,,,,,,,,,,,,,,,,,,,,,,,,,,,,,,,,,,,2.0,,,,,,,,,,,,,,,,,,,,,,,,,,,,,,,,,,,,2.0,RunaansHurricane,AssassinEmblemItem,InfinityEdge,2.0,,,,,,,,2.0,,,,,,,,,,,,,,,,,,,,2.0,,,,,,,,,,,,,,,,,,,,,,,,,,,,,,,,2.0,FrozenHeart,IonicSpark,GuinsoosRageblade,,,,,,,,,,,None,None,,,,,,,,,,,,,,,,,,,,,,,,,,,,,,,,,,,,
6,EUW1_5971621793,TFT7_Augment_AFK,TFT7_Augment_LastStand,TFT6_Augment_ThrillOfTheHunt2,,1.0,,1.0,,,1.0,,1.0,,1.0,,,2.0,,1.0,,,,,0.0,1.0,,,,1.0,,0.0,,,,,,,,,,,,,,,,,1.0,,,,,,,,,,,,,,,,,,,,,,,,,,,,,,,,,,,,,,,,,,,,,,,,,,,,2.0,,,,2.0,GiantsBelt,,,,,,,,,,,,,,,,,,,,,,,,,,,2.0,,,,3.0,RapidFireCannon,,,,,,,,,,,,,,,,,,,,,,,,,,,,,,,2.0,JeweledGauntlet,SpearOfShojin,HextechGunblade,,,,,,,,,,,,,,,,,,,,,,,,,,,,,,,,,,,,,2.0,RedBuff,TitansResolve,,,,,,,,,,,,,,,,,,3.0,TrainerSnax,None,None,,,,,,,,,,,,,,,,,,,,,,,,,,,,,,,,,1.0,,,
5,EUW1_5971621793,TFT6_Augment_FirstAidKit,TFT6_Augment_Electrocharge2,TFT7_Augment_BestFriends2,,,,,1.0,,1.0,,1.0,2.0,,,,,,0.0,,1.0,0.0,,1.0,,,,,1.0,,0.0,,,,,,,,,,,,,,,,,,,,,,,,,2.0,,,,,,,,,,,,,,,,2.0,TitansResolve,DragonsClaw,BrambleVest,,,,,,,,,,,,,,,,,,,,,,,,,,,,,,,,,2.0,,,,,,,,,,,,,,,,,,,,,,,,1.0,GuardianEmblemItem,,,,,,,,,,,,,,,,,,,,,,,,,,,,,,,,,,,,,,,,,,,,,,,,,,,,,,,,,,,,,,,2.0,ShimmerscaleGamblersBlade,GuinsoosRageblade,,,,,,,,,,,,,,,,,,,,,,,,,,2.0,,,,2.0,TrainerSnax,None,None,3.0,GuinsoosRageblade,Quicksilver,Deathblade,,,,,,,,,,,,,,,,,,,,,,,,,,,,,,,,
1,EUW1_5971563483,TFT6_Augment_TomeOfTraits1,TFT6_Augment_SecondWind1,TFT6_Augment_Distancing,,,1.0,1.0,1.0,,1.0,,1.0,,1.0,,0.0,,1.0,1.0,,4.0,,,,,,,0.0,0.0,,,,,,,,,,,,,,,,,,,,,,,2.0,,,,,,,,2.0,StatikkShiv,RunaansHurricane,GuardianAngel,,,,,2.0,Quicksilver,RevelEmblemItem,GuinsoosRageblade,,,,,,,,,,,,,,,,,,,,,,,,,,,,,,,,,,,,,2.0,Shroud,,,,,,,,,,,,,,,,,,,,,,,2.0,SpearOfShojin,NeedlesslyLargeRod,,,,,,,,,,,,,,,,,,,,,,2.0,Zephyr,,,,,,,,,,,,,,,,,,,,,,,,,,,,,,,,,,,,,,,2.0,,,,,,,,,,,,,,,,2.0,TitanicHydra,Zephyr,,,,,,,,,,,,,,,,None,None,,,,,,,,,,,,,,,,,,,,,,,,,,,,,,,,,,,,
8,EUW1_5971563483,TFT7_Augment_GadgetExpert,TFT6_Augment_FirstAidKit,TFT6_Augment_Distancing,,,,0.0,,1.0,1.0,,0.0,,1.0,,,2.0,,,,0.0,0.0,,,,,,1.0,0.0,,0.0,,,,,,,,,1.0,SpearOfShojin,UnstableConcoction,ArchangelsStaff,,,,,,,,,,,,,,,,,,,,,,,,,,,,,,,,,,,,,,,,,,,,,,,,,,,,,,,,,2.0,,,,,,,,,,,,,,,,,,,,,,,,,,,,2.0,Shroud,,,,,,,,,,,,,,,,,,,,,,,,,,,,,,,,,,,,,,,2.0,,,,,,,,,,,,,,,,,,,,,,,,,,,,1.0,MageEmblemItem,StatikkShiv,,,,,,,,,,2.0,TitansResolve,CavalierEmblemItem,GargoyleStoneplate,,,,,,,,,,,,,,,,,,,None,None,,,,,,,,,,,,,,,,,,,,,,,,,,,,,,,,,,,,
4,EUW1_5971563483,TFT7_Augment_CannoneerHotShot,TFT6_Augment_Diversify1,TFT6_Augment_Weakspot,,,,,2.0,,1.0,,1.0,1.0,,,,,,0.0,,2.0,,,1.0,,,,,1.0,,0.0,,,,,,,,,,,,,,,,,,,,,,,,,,,,,1.0,ZekesHerald,RunaansHurricane,,,,,,,,,,2.0,BrambleVest,DragonsClaw,Redemption,,,,,,,,,,,,,,,,,,,,,,,,,,,,,,,,,2.0,,,,,,,,,,,,,,,,,,,,,,,,1.0,,,,,,,,,,,,,,,,,,,,,,,,,,,,,,,,,,,,,,,,,,,,,,,,,,,,,,,,,,,,,,,,2.0,,,,,,,,,,,,,,,,,,,,,,,,,,,,2.0,TitanicHydra,NegatronCloak,,3.0,TrainerSnax,None,None,2.0,GuinsoosRageblade,ShimmerscaleGoldmancersStaff,MadredsBloodrazor,,,,,,,,,,,,,,,,,,,,,,,,,,,,,,,,
7,EUW1_5971563483,TFT7_Augment_CannoneerHotShot,TFT6_Augment_SecondWind1,TFT7_Augment_CannoneerTrait,,,1.0,,2.0,,1.0,,1.0,1.0,1.0,,,,,1.0,,1.0,0.0,,1.0,,,,,1.0,,,,,,,,,,,,,,,,,,,,,,,1.0,,,,2.0,,,,1.0,GuardianAngel,,,,,,,,,,,2.0,FrozenHeart,,,,,,,,,,,,,,,,,,,,,,,,,,,,,,,,,,,,,,,,,,,,,,,,,,,,,,,,,,,1.0,,,,,,,,,,,,,,,,,,,,,,,,,,,,,,,,,,,,,,,,,,,,,,,,,,,,,,,,,,,,,,,,2.0,SpearOfShojin,,,,,,,,,,,,,,,,,,,,,,,,,,,,,,,3.0,TrainerSnax,None,None,2.0,RunaansHurricane,InfinityEdge,ShimmerscaleGoldmancersStaff,,,,,,,,,,,,,,,,,,,,,,,,,,,,,,,,
5,EUW1_5971563483,TFT7_Augment_CannoneerHotShot,TFT6_Augment_CyberneticShell1,TFT6_Augment_Diversify1,,,,1.0,1.0,,1.0,,1.0,,,,,0.0,,0.0,,1.0,,,,,,,,1.0,,2.0,,,,,,,,,,,,,,,,,,,,,,,,,,,,,2.0,MadredsBloodrazor,GuinsoosRageblade,InfinityEdge,,,,,,,,,,,,,,,,,2.0,WarmogsArmor,GargoyleStoneplate,RapidFireCannon,,,,,,,,,,,,,,,,,,,,,,,,,,,,,,,,,,,,,,,,,,,,,,,,,2.0,,,,,,,,,,,,,,,,,,,,,,,,,,,,,,,,,,,,,,,,,,,,,,,,,,,,,,,,,,,,,,,,2.0,ArchangelsStaff,,,,,,,,,,,2.0,Redemption,,,,,,,,,,,,,,,,,,,2.0,TrainerSnax,None,None,2.0,RecurveBow,,,,,,,,,,,,,,,,,,,,,,,,,,,,,,,,,,
2,EUW1_5971563483,TFT6_Augment_JeweledLotus,TFT6_Augment_SecondWind1,TFT7_Augment_CavalierTrait,0.0,,,1.0,,4.0,,0.0,,,3.0,,0.0,,0.0,,1.0,,,,,,,1.0,0.0,,1.0,,,,,,,,,,,,,,,,,,,,,,,,,,,,,,,,,,,,,,,,,,,,,,,,,,,,,,,,,,,,,,,,,,2.0,TitansResolve,,,,,,,,,,,,,,,,,,,,,,,,,,,,,,,,,,,,,,,,,,,,,,,,,,,,,,,,,,,2.0,TearOfTheGoddess,CavalierEmblemItem,Redemption,,,,,,,,,,,,,2.0,,,,,,,,,,,,2.0,,,,,,,,,,,,,,,,,,,,,,,,,,,,,,,,1.0,,,,,,,,,,,,,,None,None,,,,,2.0,LastWhisper,,,,,,,,,,,,,,,2.0,GuardianAngel,InfinityEdge,GuinsoosRageblade,1.0,CavalierEmblemItem,SeraphsEmbrace,InfinityEdge,,,,,,,,
6,EUW1_5971563483,TFT7_Augment_RagewingTantrum,TFT6_Augment_Weakspot,TFT6_Augment_SecondWind1,,,,,,,1.0,1.0,,,,1.0,,,,,2.0,,,2.0,,,,1.0,,,,,,,,,,,,,,,,,1.0,,,,,,,,,,,,,,,,,,,,,,,,,,,,,,,,,,,,,,,,,,,,,,,,1.0,,,,,,,,,,,,,,,,,,,,,,,,,,,,,,,,,,,,,,,,,,,,,,,,1.0,RedBuff,GiantsBelt,,,,,,,,,,,,,,,,,,,,,,,,,,,,,,,,,,,,,,2.0,,,,,,,,2.0,DragonsClaw,ArchangelsStaff,,,,,,,,,,,,,,2.0,MadredsBloodrazor,ArchangelsStaff,MadredsBloodrazor,,,,,,,,,,,,,,,,,,,,,,,None,None,,,,,,,,,,,,,,,,,,,,,1.0,,,,,,,,,,,,,,,
3,EUW1_5971563483,TFT6_Augment_CyberneticShell2,TFT6_Augment_CyberneticUplink1,TFT6_Augment_SecondWind1,0.0,,1.0,,,,1.0,0.0,,,2.0,2.0,,,0.0,1.0,,,,1.0,,,1.0,,,,0.0,,,,,,,,,,,,,,,,,,,,,,2.0,,,,,,,,,,,,,,,,,,,,,,,,2.0,Bloodthirster,InfinityEdge,Deathblade,,,,,,,,,,,,,2.0,,,,,,,,,,,,,,,,,,,,,,,,,,,,,,,,,,,,,,,,,,,,,,,,2.0,IonicSpark,Morellonomicon,RabadonsDeathcap,,,,,,,,,,,,,,,,,,,,,,,,,,,,,,,,,,,,,,,,,,,,,,,,,,,,,,,,,1.0,Shroud,,,,,,,,,,,,,,,2.0,FrozenHeart,,,,,,,,,,,,,None,None,,,,,,,,,,,,,,,,,,,,,,,,,2.0,RedBuff,,,,,,,,,,
6,EUW1_5971459576,TFT6_Augment_FirstAidKit,TFT6_Augment_LudensEcho1,TFT6_Augment_JeweledLotus,,0.0,,1.0,,,,,1.0,,1.0,,,2.0,,1.0,,0.0,,,0.0,1.0,,,,1.0,,0.0,,,,,,,,,,,,,,,,,,,,,,,,,,,,,,,,,,,,,,,,,,,,,,,,,,,,,,,,,,,,,,,,,,,,,2.0,,,,2.0,,,,,,,,,,,,,,,,,,,,,,,,,,,,2.0,,,,3.0,SpearOfShojin,,,,,,,,,,,,,,,,,,,,,,,,,,,,,,,2.0,MadredsBloodrazor,SpearOfShojin,JeweledGauntlet,,,,,,,,,,,,,,,,,,,,,,,,,1.0,,,,,,,,,,,,2.0,GargoyleStoneplate,GargoyleStoneplate,WarmogsArmor,,,,,,,,,,,,,,,,,3.0,TrainerSnax,None,None,,,,,,,,,,,,,,,,,,,,,,,,,,,,,,,,,1.0,Bloodthirster,,
3,EUW1_5971459576,TFT6_Augment_Electrocharge1,TFT6_Augment_Weakspot,TFT6_Augment_ComponentGrabBag,2.0,,,2.0,,,1.0,,,,1.0,,0.0,,,,0.0,,0.0,,,,,,1.0,,1.0,2.0,,,,,,,,,,,,,,,,,,,,,,,,,,,,,,,,,,,,,,,,,,,,,,,,,2.0,TitansResolve,UnstableConcoction,TitansResolve,,,,,,,,,,,,,,,,,,,,,,,,,,,,,,,,,,,,,,,,,,,,,,,,,,,,,,,,,,,,,,,,,,,,,3.0,LastWhisper,AssassinEmblemItem,Bloodthirster,1.0,,,,1.0,RapidFireCannon,,,2.0,,,,,,,,,,,,,,,,,,,,2.0,DragonsClaw,Redemption,,,,,,,,,,,,,,,,,,,,,,,,,,,,,,2.0,FrozenHeart,RapidFireCannon,Quicksilver,,,,,,,,,,,None,None,,,,,,,,,,,,,,,,,,,,,,,,,,,,,,,,,,,,
4,EUW1_5971459576,TFT6_Augment_SecondWind1,TFT6_Augment_TinyTitans,TFT6_Augment_PortableForge,1.0,,,,,0.0,1.0,,,,2.0,0.0,,,,,2.0,,,1.0,0.0,,,1.0,,,,,,,,,,,,,,,,,,,,,,,,,,,,,,,,,,,,,,,,,,,,,,,,,,,,,,,,,,,,,,,,,,,,,2.0,,,,,,,,,,,,,,,,,,,,1.0,,,,,,,,,,,,,,,,,,,,,,,,2.0,DragonsClaw,Shroud,ArchangelsStaff,,,,,,,,,,,,,,,,,,,,,,,,,,,,,,,,,,,,,,,,,,,,,1.0,WarmogsArmor,IonicSpark,ArchangelsStaff,,,,,,,,,,,,,,,,,,,,,,,,,2.0,GuinsoosRageblade,HextechGunblade,OrnnInfinityForce,,,,,,,,,,,None,None,,,,,2.0,,,,,,,,,,,,,,,,2.0,Quicksilver,LastWhisper,GuinsoosRageblade,,,,,,,,,,,,
5,EUW1_5971459576,TFT6_Augment_CyberneticImplants1,TFT6_Augment_TinyTitans,TFT7_Augment_UrfsGrabBag1,3.0,,,2.0,,,,,,,1.0,,0.0,0.0,,,0.0,,1.0,,0.0,,,,1.0,,1.0,1.0,,,,,,,,,,,,,,,,,,,,,,,,,,,,,,,,,2.0,Shroud,Bloodthirster,,,,,,,,,,,,,,,,,,,,,,,,,,,,,,,,,,,,,,,,,,,,,,,,,,2.0,RunaansHurricane,,,,,,,,,,,,,,,,,,,,,,,,,,,,,,,,,,,2.0,AssassinEmblemItem,InfinityEdge,Quicksilver,2.0,,,,1.0,RabadonsDeathcap,,,2.0,FrozenHeart,Shroud,,,,,,,,,,,,,,,,,,2.0,NegatronCloak,,,,,,,,,,,,,,,,,,,,,,,2.0,,,,,,,,1.0,ThiefsGloves,WarmogsArmor,DragonsClaw,,,,,,,,,,,None,None,,,,,,,,,,,,,,,,,,,,,,,,,,,,,,,,,,,,
8,EUW1_5971459576,TFT6_Augment_ThrillOfTheHunt1,TFT7_Augment_Preparation,TFT7_Augment_DragonmancerInspire,,,,0.0,,,,2.0,,,,1.0,0.0,,,,1.0,,,0.0,0.0,,1.0,0.0,0.0,,0.0,,,,,,,,,,,,,,2.0,,,,,,,,,,,,,,,,,,,,,,,,,,,,,,,,,,,,,,,,,,,,,,,,,,,,,,,,,,,,,,,,,,,,1.0,,,,,,,,2.0,,,,,,,,,,,,,,,,,,,,,,,,,,,,,,,,,,,,,,,,,,,,,,,,,,,,,,,,,,,,2.0,,,,2.0,BrambleVest,GiantsBelt,,,,,,,,,,,,,,1.0,NeedlesslyLargeRod,,,2.0,GuinsoosRageblade,Quicksilver,MadredsBloodrazor,,,,,,,,,,,,,,,,,,,,,,,None,None,,,,,,,,,,,,,,,,,2.0,,,,,,,,,,,,,,,,,,,
7,EUW1_5971459576,TFT6_Augment_Distancing,TFT6_Augment_Electrocharge1,TFT7_Augment_CannoneerHotShot,,,,,1.0,,1.0,,1.0,1.0,,,,,,0.0,,1.0,0.0,,1.0,,,,,1.0,,,,,,,,,,,,,,,,,,,,,,,,,,,2.0,WarmogsArmor,DragonsClaw,TitansResolve,2.0,MadredsBloodrazor,Deathblade,ShimmerscaleGamblersBlade,,,,,,,,,1.0,,,,,,,,,,,,,,,,,,,,,,,,,,,,,,,,,,,,,,,,,,,,,,,,,,,,,,,,,,,,1.0,,,,,,,,,,,,,,,,,,,,,,,,,,,,,,,,,,,,,,,,,,,,,,,,,,,,,,,,,,,,,,,,2.0,,,,,,,,,,,,,,,,,,,,,,,,,,,,,,,,3.0,TrainerSnax,None,None,2.0,,,,,,,,,,,,,,,,,,,,,,,,,,,,,,,,,,,
2,EUW1_5971459576,TFT6_Augment_CelestialBlessing1,TFT6_Augment_FirstAidKit,TFT7_Augment_DragonAlliance,1.0,,,2.0,,,2.0,0.0,,0.0,,,0.0,0.0,0.0,,0.0,,,,,,,,1.0,,1.0,3.0,,,,,,,,,,,,,,,,,,,,,,,,,,,,,,,,,,,,,,,,,,,,,,,,,2.0,GuinsoosRageblade,UnstableConcoction,Bloodthirster,,,,,,,,,,,,,,,,,,,,,,,,,,,,,,,,,,,,,,,,,,,,,,,,,,,,,,,,,,,,,,,,,,,,,,,,,2.0,Shroud,GargoyleStoneplate,RedBuff,2.0,InfinityEdge,DragonsClaw,UnstableConcoction,1.0,,,,,,,,,,,,,,,,,,,,1.0,,,,,,,,,,,,,,,,,,,,,,,,2.0,,,,,,,,,,,,,,,,1.0,RecurveBow,,,,,None,None,,,,,,,,,,,,,,,,,,,,,,,,,2.0,SpearOfShojin,RunaansHurricane,TitansResolve,,,,,,,,
1,EUW1_5971459576,TFT6_Augment_Electrocharge1,TFT6_Augment_TinyTitans,TFT7_Augment_ShapeshifterBeastsDen,,0.0,,,,,1.0,0.0,,0.0,,0.0,,,,,1.0,,,3.0,,,,,,,,1.0,,,,,,,,,,,,,,,,,,,,,,,,,,,,,,,,,,,,,,,,,,,,,,,,,,,,,2.0,PowerGauntlet,SeraphsEmbrace,,,,,,2.0,GiantsBelt,,,,,,,,,,,,,,,,,,,,,,,,,,,,,,,,,,,,,,,,,,,,,,,2.0,GargoyleStoneplate,GargoyleStoneplate,RedBuff,3.0,Quicksilver,GuinsoosRageblade,Deathblade,,,,,,,,,,,,,,,,,,,,,,,,,,,,,,,,,,,,,,,,,2.0,DragonsClaw,WarmogsArmor,JeweledGauntlet,,,,,,,,,,,,,1.0,,,,,,,,,,,,,,,,,,,,2.0,,,,,,None,None,,,,,,,,,,,,,,,,,,,,,,,,,,,,,,,,,,,,
2,EUW1_5971965972,TFT7_Augment_GadgetExpert,TFT6_Augment_ItemGrabBag1,TFT6_Augment_CelestialBlessing2,1.0,,1.0,,,,1.0,0.0,,1.0,2.0,,,0.0,0.0,0.0,0.0,,,,2.0,1.0,,0.0,,,0.0,1.0,,,,,,,,,,,,,,,,,,,,,2.0,,,,,,,,,,,,,,,,,,,,2.0,BrambleVest,ShimmerscaleMogulsMail,WarmogsArmor,,,,,,,,,,,,,,,,,,,,,,,,,,,,,,,,,,,,,,,,,,,,,,,,,,,,,,,,,,,,,,,,,,,,,,,,,,,,,,,,,,,,,2.0,RabadonsDeathcap,ShimmerscaleEmblemItem,InfinityEdge,,,,,,,,,,,,,,,,,,,,,,,,,,,,,,,,,,,,,,,,,,,,,,,,,,,,,2.0,InfinityEdge,LastWhisper,ShimmerscaleHeartOfGold,,,,,1.0,,,,,,None,None,,,,,,,,,,,,,,,,,,,,,2.0,StatikkShiv,StatikkShiv,GuinsoosRageblade,2.0,TitansResolve,GuardianAngel,SeraphsEmbrace,,,,,1.0,,,
8,EUW1_5971965972,TFT7_Augment_Preparation2,TFT6_Augment_Featherweights1,TFT7_Augment_MirageHallucinate,,,,,,,1.0,0.0,,2.0,,0.0,,,3.0,,,,0.0,,,,,,,,1.0,0.0,,,,,,,,,,,,,,,,,,,,,,,,,2.0,,,,,,,,,,,,1.0,,,,,,,,,,,,,,,,,,,,,,,,,,,,,,,,,,,,,,,,,,,,,,,,,,,,,,,,1.0,,,,,,,,,,,,,,,,,,,,,,,,,,,,,,,,,,,,,,,,,,,,,,,,,,,,,,,,,,,,,,,,,,,,,,,,,,,,,,,,,,,,,,,,,,,,,,,,3.0,RedBuff,,,2.0,,,,,,None,None,,,,,,,,,,,,,,,,,,,,,,,,,1.0,MadredsBloodrazor,Bloodthirster,GuinsoosRageblade,3.0,GuinsoosRageblade,HextechGunblade,Quicksilver,,,,
6,EUW1_5971965972,TFT6_Augment_TomeOfTraits1,TFT6_Augment_Electrocharge1,TFT6_Augment_Diversify2,0.0,,,,,,1.0,1.0,,0.0,,0.0,0.0,,,,1.0,,,0.0,3.0,,,1.0,,,0.0,,2.0,,,,,,,,,,,,2.0,PowerGauntlet,ShimmerscaleHeartOfGold,Redemption,,,,,,,,,,,,,,,,,,,,,,,,,2.0,ShimmerscaleMogulsMail,RedBuff,BrambleVest,,,,,,,,,,,,,,,,,,,,,,,,,,,,,,,,,,,,,,,,,2.0,Shroud,,,,,,,,,,,,,,,,,,,,,,,,,,,,,,,,,,,,,,,,,,,,,,,,,,,,,,,,,,,,,,,,,,,,,,,,,,,,,,,,,,,,,,,2.0,ShimmerscaleEmblemItem,ShimmerscaleGamblersBlade,GuinsoosRageblade,,,,,,,,,,,,,,,,,,,,,,,None,None,,,,,,,,,,,,,,,,,2.0,ThiefsGloves,LocketOfTheIronSolari,GuinsoosRageblade,2.0,GuinsoosRageblade,ShimmerscaleDravensAxe,MadredsBloodrazor,,,,,,,,,,,,
5,EUW1_5971965972,TFT6_Augment_SunfireBoard,TFT6_Augment_ThrillOfTheHunt1,TFT7_Augment_CannoneerRicochet,,,1.0,,1.0,,1.0,,1.0,1.0,1.0,,,,,1.0,,1.0,0.0,,1.0,,,,,1.0,,,,,,,,,,,,,,,,,,,,,,,1.0,,,,2.0,WarmogsArmor,GargoyleStoneplate,,2.0,InfinityEdge,Bloodthirster,GuinsoosRageblade,,,,,,,,,1.0,ShimmerscaleMogulsMail,WarmogsArmor,TitansResolve,,,,,,,,,,,,,,,,,,,,,,,,,,,,,,,,,,,,,,,,,,,,,,,,,,,,,,,,,2.0,,,,,,,,,,,,,,,,,,,,,,,,,,,,,,,,,,,,,,,,,,,,,,,,,,,,,,,,,,,,,,,,2.0,,,,,,,,,,,,,,,,,,,,,,,,,,,,,,,,4.0,TrainerSnax,None,None,3.0,StatikkShiv,LastWhisper,,,,,,,,,,,,,,,,,,,,,,,,,,,,,,,,,
7,EUW1_5971965972,TFT7_Augment_GadgetExpert,TFT6_Augment_LudensEcho1,TFT6_Augment_SalvageBin,,,,,2.0,,1.0,,1.0,1.0,,,,,,0.0,,2.0,,,1.0,,,,,1.0,,0.0,,,,,,,,,,,,,,,,,,,,,,,,,,,,,1.0,RunaansHurricane,InfinityEdge,GuinsoosRageblade,,,,,,,,,2.0,WarmogsArmor,BrambleVest,ShimmerscaleMogulsMail,,,,,,,,,,,,,,,,,,,,,,,,,,,,,,,,,1.0,,,,,,,,,,,,,,,,,,,,,,,,1.0,,,,,,,,,,,,,,,,,,,,,,,,,,,,,,,,,,,,,,,,,,,,,,,,,,,,,,,,,,,,,,,,2.0,ArchangelsStaff,UnstableConcoction,,,,,,,,,,,,,,,,,,,,,,,,,,1.0,FrozenHeart,,,2.0,TrainerSnax,None,None,2.0,ThiefsGloves,SeraphsEmbrace,HextechGunblade,,,,,,,,,,,,,,,,,,,,,,,,,,,,,,,,
4,EUW1_5971965972,TFT6_Augment_SunfireBoard,TFT6_Augment_TriForce1,TFT7_Augment_PandorasBench,,0.0,1.0,1.0,,,,,0.0,,2.0,,,2.0,,2.0,,,,,0.0,1.0,,,,1.0,,0.0,,,,,,,,,,,,,,,,,,,,,1.0,,,,,,,,,,,,,,,,,,,,,,,,,,,,,,,,,,,,,,,,,,,,,,,,2.0,,,,2.0,,,,,,,,,,,,,,,,,,,,,,,,,,,,2.0,StatikkShiv,Shroud,,3.0,,,,,,,,,,,,,,,,,,,,,,,,,,,,,,,,3.0,HextechGunblade,ArchangelsStaff,SpearOfShojin,,,,,,,,,,,,,,,,,,,,,,,,,,,,,,,,,,,,,2.0,TitanicHydra,,,,,,,,,,,,,,,,,,,3.0,TrainerSnax,None,None,,,,,,,,,,,,,,,,,,,,,,,,,,,,,,,,,1.0,Bloodthirster,,
1,EUW1_5971965972,TFT7_Augment_ShapeshifterBeastsDen,TFT7_Augment_BandOfThieves1,TFT6_Augment_ThrillOfTheHunt2,,0.0,,,,,1.0,,0.0,1.0,,2.0,,,,1.0,,,,2.0,,,,,,0.0,,1.0,,,,,,,,,,,,,,,,,,,,,,,,,,,,,,,,,,,,,,,,,,,,,2.0,ThiefsGloves,GuinsoosRageblade,SpearOfShojin,,,,,3.0,ArchangelsStaff,TitansResolve,JeweledGauntlet,,,,,2.0,Shroud,,,,,,,,,,,,,,,,,,,,,,,,,,,,,,,,,,,,,,,2.0,,,,,,,,2.0,RedBuff,Zephyr,GargoyleStoneplate,3.0,GuinsoosRageblade,MadredsBloodrazor,Quicksilver,,,,,,,,,,,,,,,,,,,,,,,,,,,,,,,,,,,,,,,,,,,,,,,,,,,,,,,,,,,,,,,,,,,,,,,,,1.0,Zephyr,,,2.0,,,,,,None,None,,,,,,,,,,,,,,,,,,,,,,,,,,,,,,,,,,,,
3,EUW1_5971965972,TFT6_Augment_TargetDummies,TFT6_Augment_Electrocharge1,TFT6_Augment_CelestialBlessing2,,1.0,,2.0,,,,,,,1.0,,0.0,,,,0.0,,,,,,,2.0,1.0,,0.0,,,,,,,,,,,,,,,,,,,,,,,,,,,,,,,,,,,,,,,,,,,,,,,,,,,,,,,,,,1.0,Zephyr,,,,,,,,,,,,,,,3.0,GargoyleStoneplate,Quicksilver,DragonsClaw,,,,,,,,,,,,,,,,,,,,,,,,,,,,,,,,,,,,,,,,,,,,,,,,,2.0,,,,,,,,,,,,,,,,,,,,,,,,,,,,2.0,,,,,,,,2.0,,,,,,,,,,,,,,,,,,,,,,,,,,,,,,,,,,,,,,None,None,,,,,2.0,,,,3.0,InfinityEdge,RunaansHurricane,GuinsoosRageblade,,,,,,,,,2.0,InfinityEdge,GuinsoosRageblade,JeweledGauntlet,,,,,,,,,,,,
2,EUW1_5971842279,TFT6_Augment_TinyTitans,TFT6_Augment_Weakspot,TFT7_Augment_SwiftshotPressTheAttack,,1.0,,1.0,,,,,1.0,,1.0,,,1.0,,1.0,,0.0,,,0.0,1.0,,1.0,,0.0,,0.0,,,,,,,,,,,,,,,,,,,,,,,,,,,,,,,,,,,,,,,,,,,,,,,,,,,,,,,,,,,,,,,,,,,,,,,,,3.0,RedBuff,Redemption,HextechGunblade,,,,,,,,,,,,,,,,,,,,,,,,,2.0,ArchangelsStaff,ZekesHerald,,2.0,,,,,,,,,,,,,,,,,,,,,,,,,,,,,,,,,,,,,,,,,,,,,,,,,,,,,,,,,,,,2.0,,,,,,,,,,,,1.0,TitansResolve,,,,,,,,,,,,,,,,,,,,,None,None,,,,,2.0,,,,3.0,GuinsoosRageblade,Deathblade,RunaansHurricane,,,,,,,,,,,,,,,,,,,,,1.0,,,
1,EUW1_5971842279,TFT6_Augment_CelestialBlessing1,TFT7_Augment_AssassinTrait,TFT6_Augment_Diversify2,3.0,,,2.0,,,,,,,1.0,,0.0,0.0,,,0.0,,1.0,,,,,,1.0,,1.0,1.0,,,,,,,,,,,,,,,,,,,,,,,,,,,,,,,,,2.0,RedBuff,Bloodthirster,IonicSpark,,,,,,,,,,,,,,,,,,,,,,,,,,,,,,,,,,,,,,,,,,,,,,,,,,,,,,,,,,,,,,,,,,,,,,,,,,,,,,,,,,,,,3.0,AssassinEmblemItem,RunaansHurricane,InfinityEdge,2.0,,,,1.0,PowerGauntlet,TearOfTheGoddess,,2.0,,,,,,,,,,,,,,,,,,,,2.0,,,,,,,,,,,,,,,,,,,,,,,,1.0,,,,,,,,1.0,RedBuff,,,,,,,,,,,,,None,None,,,,,,,,,,,,,,,,,,,,,,,,,,,,,,,,,,,,
8,EUW1_5971842279,TFT6_Augment_CyberneticUplink1,TFT6_Augment_SecondWind1,TFT6_Augment_ComponentGrabBag,0.0,,,,,,1.0,1.0,,0.0,,0.0,0.0,,,,1.0,,,0.0,2.0,,,1.0,,,,,,,,,,,,,,,,,1.0,,,,,,,,,,,,,,,,,,,,,,,,,,,,2.0,RedBuff,ShimmerscaleMogulsMail,WarmogsArmor,,,,,,,,,,,,,,,,,,,,,,,,,,,,,,,,,,,,,,,,,2.0,,,,,,,,,,,,,,,,,,,,,,,,,,,,,,,,,,,,,,,,,,,,,,,,,,,,,,,,,,,,,,,,,,,,,,,,,,,,,,,,,,,,,,,,2.0,StatikkShiv,GuinsoosRageblade,,,,,,,,,,,,,,,,,,,,,,,,None,None,,,,,,,,,,,,,,,,,2.0,,,,2.0,InfinityEdge,UnstableConcoction,ShimmerscaleDravensAxe,,,,,,,,,,,,
4,EUW1_5971842279,TFT6_Augment_Twins1,TFT6_Augment_Weakspot,TFT6_Augment_CyberneticShell2,,0.0,,,,,1.0,0.0,0.0,,,1.0,0.0,,,,1.0,,,3.0,,,,,,,,0.0,,,,,2.0,,,,,,,,,,,,,,,,,,,,,,,,,,,,,,,,,,,,,,,,,,,,,,,,2.0,,,,,,,,2.0,,,,,,,,,,,,,,,,,,,,,,,,,,,,,,,,,,,,,,,,,,,,,,,,2.0,Redemption,RedBuff,GiantsBelt,3.0,Deathblade,Quicksilver,RunaansHurricane,,,,,,,,,,,,,,,,,,,,,,,,,,,,,,,,,,,,,,,,,1.0,StatikkShiv,Bloodthirster,IonicSpark,,,,,,,,,,,,,2.0,,,,,,,,,,,,,,,,,,,,,,,,,,None,None,,,,,,,,,,,,,,,,,,,,,,,,,,,,,,,,,,,,
5,EUW1_5971842279,TFT6_Augment_TinyTitans,TFT6_Augment_FirstAidKit,TFT6_Augment_PortableForge,,0.0,1.0,1.0,,,1.0,,0.0,,1.0,,,1.0,,2.0,,,,,0.0,1.0,,,1.0,0.0,,0.0,,,,,,,,,1.0,JeweledGauntlet,OrnnMuramana,ArchangelsStaff,,,,,,,,,1.0,Shroud,,,,,,,,,,,,,,,,,,,,,,,,,,,,,,,,,,,,,,,,,,,,,,,,,,,2.0,NegatronCloak,,,,,,,,,,,,,,,,,,,,,,,,,,,1.0,,,,3.0,ThiefsGloves,WarmogsArmor,TitanicHydra,,,,,,,,,,,,,,,,,,,,,,,,,,,,,,,,,,,,,,,,,,,,,,,,,,,,,,,,,,,,,,,,,,,,,2.0,GargoyleStoneplate,TitansResolve,RedBuff,,,,,,,,,,,,,,,,,,,None,None,,,,,,,,,,,,,,,,,,,,,,,,,,,,,,,,,1.0,StatikkShiv,,
6,EUW1_5971842279,TFT7_Augment_BestFriends1,TFT6_Augment_CyberneticUplink1,TFT6_Augment_CyberneticUplink2,,1.0,1.0,1.0,,,,,0.0,,2.0,,,2.0,,2.0,,,,,,,,,,1.0,,0.0,,,,,,,,,,,,,,,,,,,,,1.0,NeedlesslyLargeRod,,,,,,,,,,,,,,,,,,,,,,,,,,,,,,,,,,,,,,,,,,,,,,,2.0,GiantsBelt,,,2.0,TitansResolve,,,,,,,,,,,,,,,,,,,,,,,,,,,2.0,NegatronCloak,,,3.0,Shroud,,,,,,,,,,,,,,,,,,,,,,,,,,,,,,,2.0,SpearOfShojin,ArchangelsStaff,JeweledGauntlet,,,,,,,,,,,,,,,,,,,,,,,,,,,,,,,,,,,,,2.0,RedBuff,,,,,,,,,,,,,,,,,,,3.0,TrainerSnax,None,None,,,,,,,,,,,,,2.0,ChainVest,,,,,,,,,,,,,,,,,,,,,,
3,EUW1_5971842279,TFT7_Augment_GuildTrait,TFT6_Augment_Diversify1,TFT7_Augment_SwiftshotPressTheAttack,1.0,,1.0,1.0,,0.0,,,,,4.0,,0.0,,,0.0,1.0,,,,,,,1.0,1.0,,0.0,,,,,,,,,,,,,,,,,,,,,,1.0,,,,,,,,,,,,,,,,,,,,,,,,,,,,,,,,,,,,,,,,,,,,2.0,RabadonsDeathcap,GargoyleStoneplate,RedBuff,,,,,,,,,,,,,,,,,,,,,,,,,,,,,,,,,,,,,,,,,,,,,,,,,,,,,,,,,1.0,,,,,,,,2.0,,,,,,,,,,,,,,,,,,,,2.0,,,,,,,,,,,,,,,,,,,,,,,,,,,,,,,,2.0,RapidFireCannon,InfinityEdge,MadredsBloodrazor,,,,,,,,,,,None,None,,,,,2.0,,,,,,,,,,,,,,,,2.0,GuinsoosRageblade,Deathblade,Quicksilver,,,,,,,,,,,,
7,EUW1_5971842279,TFT6_Augment_FirstAidKit,TFT6_Augment_CelestialBlessing1,TFT6_Augment_PortableForge,,,,0.0,0.0,,1.0,,1.0,0.0,,,,1.0,,0.0,,1.0,,,1.0,1.0,,,,1.0,,0.0,,,,,,,,,,,,,,,,,,,,,,,,,,,,,2.0,MadredsBloodrazor,GuinsoosRageblade,InfinityEdge,,,,,,,,,2.0,RedBuff,OrnnEternalWinter,DragonsClaw,,,,,,,,,,,,,,,,,,,,,,,,,2.0,,,,,,,,,,,,,,,,,,,,,,,,,,,,,,,,1.0,,,,,,,,,,,,,,,,,,,,,,,,,,,,,,,,,,,,,,,,,,,,,,,,,,,,,,,,,,,,,,,,1.0,,,,,,,,,,,,2.0,FrozenHeart,,,,,,,,,,,,,,,,,,,1.0,TrainerSnax,None,None,,,,,,,,,,,,,,,,,,,,,,,,,,,,,,,,,1.0,ShimmerscaleDravensAxe,UnstableConcoction,
5,EUW1_5971715069,TFT6_Augment_SecondWind2,TFT6_Augment_Diversify3,TFT6_Augment_ComponentGrabBag,,,,,,,1.0,1.0,,,,1.0,,,0.0,,,,,1.0,,,,0.0,1.0,,0.0,,,,,,,,,,1.0,ArchangelsStaff,SpearOfShojin,Quicksilver,2.0,,,,,,,,,,,,,,,,,,,,,,,,,,,,,,,,,,,,,,,,,,,,,,,,2.0,ThiefsGloves,GiantsBelt,RedBuff,,,,,,,,,,,,,,,,,2.0,,,,,,,,,,,,,,,,,,,,,,,,,,,,2.0,IonicSpark,RedBuff,GargoyleStoneplate,,,,,,,,,,,,,,,,,,,,,,,,,,,,,,,,,,,,,,,,,,,,,,,,,,,,,,,,,,,,,,,,,,,,,,,,,,,,,,,,,,,,,,,None,None,,,,,,,,,,,,,,,,,,,,,,,,,1.0,Bloodthirster,MadredsBloodrazor,,,,,,,,,
6,EUW1_5971715069,TFT6_Augment_TradeSector,TFT6_Augment_ForceOfNature,TFT7_Augment_MikaelsGift,,,,0.0,2.0,,1.0,,1.0,1.0,,,,,,0.0,,3.0,0.0,,1.0,,,,,1.0,,,,,,,,,,,,,,,,,,,,,,,,,,,2.0,,,,1.0,InfinityEdge,UnstableConcoction,GuardianAngel,,,,,,,,,2.0,DragonsClaw,,,,,,,,,,,,,,,,,,,,,,,,,,,,,,,,,,,2.0,,,,,,,,,,,,,,,,,,,,,,,,2.0,ZekesHerald,ZekesHerald,LocketOfTheIronSolari,,,,,,,,,,,,,,,,,,,,,,,,,,,,,,,,,,,,,,,,,,,,,,,,,,,,,,,,,,,,,2.0,Morellonomicon,,,,,,,,,,,,,,,2.0,GiantsBelt,,,,,,,,,,,,,,,3.0,TrainerSnax,None,None,2.0,ShimmerscaleGoldmancersStaff,,,,,,,,,,,,,,,,,,,,,,,,,,,,,,,,,,
8,EUW1_5971715069,TFT7_Augment_GuildLoot,TFT6_Augment_VerdantVeil,TFT7_Augment_BestFriends2,,1.0,,1.0,,0.0,,,,,2.0,,,0.0,,0.0,,,,,,,,1.0,,,,0.0,,,,,,,,,,,,,,,,,,,,,,,,,,,,,,,,,,,,,,,,,,,,,,,,,,,,,,,,,,,,,,,,,,,,,,,,,2.0,Redemption,NegatronCloak,,,,,,,,,,,,,,,,,,,,,,,,,,,,,,3.0,ThiefsGloves,RecurveBow,IonicSpark,,,,,,,,,,,,,,,,,,,,,,,,,,,,,,,,,2.0,,,,,,,,,,,,,,,,,,,,,,,,,,,,,,,,,,,,1.0,,,,,,,,,,,,,,,,,,,,,,None,None,,,,,2.0,,,,2.0,InfinityEdge,RecurveBow,,,,,,,,,,,,,,,,,,,,,,,,,
2,EUW1_5971715069,TFT6_Augment_PortableForge,TFT7_Augment_BestFriends3,TFT6_Augment_Meditation2,,,,1.0,,,1.0,,1.0,,,,0.0,1.0,,0.0,,0.0,,,0.0,1.0,,,2.0,1.0,,0.0,,,,,,,,,2.0,SpearOfShojin,MadredsBloodrazor,UnstableConcoction,,,,,,,,,,,,,,,,,,,,,,,,,,,,,,,,,,,,,,,,,,,,,,,,,,,,,,,,,1.0,,,,,,,,,,,,,,,,,,,,,,,,,,,,,,,,2.0,,,,,,,,,,,,,,,,,,,,,,,,2.0,Morellonomicon,OrnnAnimaVisage,IonicSpark,,,,,,,,,,,,,,,,,,,,,,,,,,,,,,,,,,,,,2.0,StatikkShiv,HextechGunblade,Shroud,,,,,,,,,2.0,Zephyr,SpearOfShojin,,,,,,,,,,,,,,,,,,2.0,TrainerSnax,None,None,,,,,,,,,,,,,,,,,,,,,,,,,,,,,,,,,1.0,,,
4,EUW1_5971715069,TFT7_Augment_CannoneerRicochet,TFT7_Augment_ThinkFast,TFT6_Augment_CelestialBlessing2,0.0,,,,1.0,,1.0,,1.0,1.0,,,,,,0.0,,1.0,,,1.0,,,,,1.0,,1.0,,,,,,,,,,,,,,,,,,,,,,,,,,,,,2.0,Deathblade,RunaansHurricane,HextechGunblade,,,,,,,,,2.0,WarmogsArmor,GargoyleStoneplate,Quicksilver,,,,,,,,,,,,,,,,,,,,,,,,,,,,,,,,,,,,,,,,,,,,,,,,,,,,,,,,,2.0,,,,,,,,,,,,,,,,,,,,,,,,,,,,1.0,ShimmerscaleGoldmancersStaff,LastWhisper,,,,,,,,,,,,,,,,,,,,,,,,,,,,,,,,,,2.0,ThiefsGloves,Redemption,LastWhisper,,,,,,,,,,,,,,,,,,,,,,,,,2.0,,,,3.0,TrainerSnax,None,None,2.0,ThiefsGloves,GiantsBelt,RedBuff,,,,,,,,,,,,,,,,,,,,,,,,,,,,,,,,
1,EUW1_5971715069,TFT6_Augment_CyberneticShell2,TFT6_Augment_RadiantRelics,TFT7_Augment_BestFriends2,1.0,,1.0,1.0,,1.0,,,,,4.0,,0.0,,,0.0,1.0,,,,,,,1.0,1.0,,0.0,,,,,,,,,,,,,,,,,,,,,,1.0,,,,,,,,,,,,,,,,,,,,,,,,,,,,,,,,,,,,,,,,,,,,3.0,SparringGloves,UnstableConcoction,HextechGunblade,,,,,,,,,,,,,,,,,,,,,,,,,,,,,,,,,,,,,,,,,,,,,,,,,,,,,,,,,1.0,GargoyleStoneplate,,,,,,,2.0,,,,,,,,1.0,,,,,,,,,,,,2.0,IonicSpark,,,,,,,,,,,,,,,,,,,,,,,,,,,,,,,2.0,FrozenHeart,LastWhisper,Deathblade,,,,,,,,,,,None,None,,,,,2.0,,,,,,,,,,,,,,,,2.0,Quicksilver,InfinityEdge,GuinsoosRagebladeRadiant,,,,,,,,,,,,
3,EUW1_5971715069,TFT7_Augment_BestFriends2,TFT6_Augment_Diversify3,TFT6_Augment_Ascension,1.0,,1.0,2.0,,,1.0,,,,2.0,0.0,0.0,0.0,,0.0,0.0,,,,,,1.0,,1.0,,0.0,2.0,,,,,,,,,,,,,,,,,,,,,1.0,BFSword,,,,,,,,,,,,,,,,,,,,,,,,,,,2.0,Bloodthirster,GuinsoosRageblade,InfinityEdge,,,,,,,,,,,,,,,,,,,,,,,,,,,,,,,,,,,,,,,,,,,,,,,,,,,,,,,,,,,,,,,,,,,,,,,,,1.0,,,,,,,,2.0,,,,,,,,,,,,,,,,,,,,2.0,RedBuff,WarmogsArmor,,,,,,,,,,,,,,1.0,,,,,,,,1.0,,,,,,,,2.0,InfinityEdge,GuardianAngel,RunaansHurricane,,,,,,,,,,,None,None,,,,,,,,,,,,,,,,,,,,,,,,,,,,,,,,,,,,
7,EUW1_5971715069,TFT7_Augment_CannoneerRicochet,TFT6_Augment_GrandGambler,TFT6_Augment_JeweledLotus,,,,,2.0,,1.0,,1.0,1.0,,,,,,0.0,,2.0,0.0,,1.0,,,,,1.0,,,,,,,,,,,,,,,,,,,,,,,,,,,1.0,GargoyleStoneplate,,,2.0,Deathblade,GuardianAngel,InfinityEdge,,,,,,,,,2.0,DragonsClaw,GargoyleStoneplate,RedBuff,,,,,,,,,,,,,,,,,,,,,,,,,,,,,,,,,2.0,,,,,,,,,,,,,,,,,,,,,,,,2.0,,,,,,,,,,,,,,,,,,,,,,,,,,,,,,,,,,,,,,,,,,,,,,,,,,,,,,,,,,,,,,,,2.0,,,,,,,,,,,,,,,,,,,,,,,,,,,,,,,,3.0,TrainerSnax,None,None,2.0,ShimmerscaleGoldmancersStaff,PowerGauntlet,,,,,,,,,,,,,,,,,,,,,,,,,,,,,,,,,
5,EUW1_5971722131,TFT7_Augment_UrfsGrabBag2,TFT6_Augment_LudensEcho1,TFT6_Augment_PortableForge,,1.0,,1.0,,,,,0.0,,1.0,,,3.0,,1.0,,,,,0.0,1.0,,,,1.0,,0.0,,,,,,,,,,,,,,,,,,,,,,,,,,,,,,,,,,,,,,,,,,,,,,,,,,,,,,,,,,,,,,,,,,,,,2.0,,,,2.0,RedBuff,IonicSpark,MageEmblemItem,,,,,,,,,,,,,,,,,,,,,,,,,2.0,,,,2.0,ZekesHerald,SpearOfShojin,,,,,,,,,,,,,,,,,,,,,,,,,,,,,,2.0,JeweledGauntlet,HextechGunblade,OrnnZhonyasParadox,,,,,,,,,,,,,,,,,,,,,,,,,,,,,,,,,,,,,2.0,ChainVest,WarmogsArmor,PowerGauntlet,,,,,,,,,,,,,,,,,2.0,TrainerSnax,None,None,,,,,,,,,,,,,3.0,FrozenHeart,,,,,,,,,,,,,,,,,,,1.0,,,
6,EUW1_5971722131,TFT6_Augment_Featherweights3,TFT6_Augment_CelestialBlessing1,TFT6_Augment_ComponentGrabBag,0.0,,,,1.0,,,,0.0,1.0,,,,0.0,,0.0,,0.0,1.0,,,,,,,2.0,,0.0,,,,,,,,,,,,,,,,,,,,,,,,,3.0,Redemption,Shroud,GargoyleStoneplate,,,,,1.0,FrozenHeart,SparringGloves,,,,,,,,,,,,,,,,,,,,,,,,,,,,,,,,,,2.0,,,,,,,,2.0,LocketOfTheIronSolari,LocketOfTheIronSolari,MadredsBloodrazor,,,,,,,,,,,,,,,,,,,,,2.0,,,,,,,,,,,,,,,,,,,,,,,,,,,,,,,,,,,,,,,,,,,,,,,,,,,,,,,,,,,,,,,,,,,,,,,,,,,,,,,,,,,,,,,,,,,,2.0,,,,4.0,TrainerSnax,None,None,3.0,Quicksilver,MadredsBloodrazor,GuinsoosRageblade,,,,,,,,,,,,,,,,,,,,,,,,,,,,,,,,
2,EUW1_5971722131,TFT6_Augment_TriForce3,TFT6_Augment_LudensEcho1,TFT6_Augment_Diversify2,,,1.0,1.0,,,1.0,,0.0,,2.0,0.0,0.0,1.0,,1.0,,,,0.0,0.0,1.0,,,2.0,0.0,,0.0,,,,,,,,,1.0,StatikkShiv,UnstableConcoction,,,,,,,,,,2.0,Morellonomicon,,,,,,,,,,,,,,,,,,,,,,,,,,,,,,,,,,,,,,,,,,,,,,,,,,,,,,,,,,,,,,,,,,,,,,,,,,,,,,,2.0,,,,,,,,1.0,,,,,,,,,,,,,,,,2.0,,,,,,,,,,,,3.0,MadredsBloodrazor,ArchangelsStaff,SpearOfShojin,,,,,,,,,,,,,,,,,,,,,,,,,,,,,,,,,,,,,2.0,RedBuff,GargoyleStoneplate,DragonsClaw,,,,,,,,,,,,,,,,,,,None,None,,,,,,,,,,,,,,,,,,,,,,,,,,,,,,,,,1.0,WarmogsArmor,RecurveBow,
8,EUW1_5971722131,TFT6_Augment_SlowAndSteady,TFT7_Augment_Preparation,TFT7_Augment_GadgetExpert,,1.0,1.0,1.0,,,,,,,2.0,,,2.0,,1.0,,,,,,,,,,0.0,,0.0,,,,,,,,,,,,,,,,,,,,,1.0,,,,,,,,,,,,,,,,,,,,,,,,,,,,,,,,,,,,,,,,,,,,,,,,2.0,,,,2.0,DragonsClaw,NegatronCloak,,,,,,,,,,,,,,,,,,,,,,,,,,,,,,2.0,StatikkShiv,,,,,,,,,,,,,,,,,,,,,,,,,,,,,,,2.0,SpearOfShojin,HextechGunblade,MadredsBloodrazor,,,,,,,,,,,,,,,,,,,,,,,,,,,,,,,,,,,,,2.0,RedBuff,DragonsClaw,,,,,,,,,,,,,,,,,,,,None,None,,,,,,,,,,,,,2.0,,,,,,,,,,,,,,,,,,,,,,,
4,EUW1_5971722131,TFT6_Augment_RadiantRelics,TFT7_Augment_ShapeshifterTrait,TFT7_Augment_DragonmancerEmblem,,,,,,0.0,,2.0,,,,1.0,,,,,1.0,,,2.0,,,,0.0,0.0,,,0.0,,,,,,,,,,,,,2.0,,,,,,,,,,,,,,,,,,,,,,,,,,,,,,,,,,,,,,,,1.0,,,,,,,,,,,,2.0,DragonmancerEmblemItem,TitanicHydra,IonicSpark,,,,,,,,,,,,,2.0,,,,,,,,2.0,Redemption,IonicSpark,,,,,,,,,,,,,,,,,,2.0,GargoyleStoneplate,WarmogsArmor,DragonsClaw,,,,,,,,,,,,,,,,,,,,,,,,,,,,,,,,,,,,,2.0,,,,,,,,,,,,,,,,,,,,,,,,3.0,GuinsoosRageblade,ArchangelsStaff,GiantSlayerRadiant,,,,,,,,,,,,,,,,,,,,,,,None,None,,,,,,,,,,,,,,,,,,,,,,,,,,,,,,,,,,,,
7,EUW1_5971722131,TFT7_Augment_BestFriends3,TFT6_Augment_CelestialBlessing1,TFT6_Augment_ComponentGrabBag,,0.0,,,,,1.0,0.0,,,,2.0,,,,0.0,,,,2.0,,,,0.0,,,,0.0,,,,,,,,,,,,,1.0,,,,,,,,,,,,,,,,,,,,,,,,,,,,,,,,2.0,TitansResolve,SparringGloves,,,,,,2.0,,,,,,,,2.0,,,,,,,,,,,,,,,,,,,,,,,,,,,,,,,,,,,,,,,,,,,,,,,,1.0,RedBuff,WarmogsArmor,DragonmancerEmblemItem,3.0,RunaansHurricane,Deathblade,,,,,,,,,,,,,,,,,,,,,,,,,,,,,,,,,,,,,,,,,,,,,,,,,,,,,,,,,,,,,,,,,,,,,,,,,,,,,,,,,,,,None,None,,,,,,,,,,,,,,,,,,,,,,,,,,,,,,,,,,,,
1,EUW1_5971722131,TFT6_Augment_CyberneticImplants3,TFT6_Augment_CelestialBlessing1,TFT6_Augment_CyberneticImplants2,,0.0,1.0,,1.0,,1.0,,1.0,1.0,1.0,0.0,,0.0,,2.0,,1.0,,0.0,1.0,,,,,1.0,,,,,,,,,,,,,,,,,,,,,,,1.0,TearOfTheGoddess,Zephyr,,,,,,2.0,Quicksilver,ShimmerscaleDravensAxe,GuinsoosRageblade,,,,,,,,,2.0,RedBuff,DragonsClaw,,,,,,,,,,,,,,,,,,,,,,,,,,,,,,,,,,,,,,,,,,,,,,,,,,,,,,,,,,2.0,NegatronCloak,,,1.0,,,,2.0,GuardianEmblemItem,,,,,,,,,,,,,,,,,,,,,,,,,,,,,,,,,,,,,,,,,,,,,,,,,,,,,,,2.0,GuinsoosRageblade,SpearOfShojin,,,,,,,,,,,,,,,,,,,,,,,,,,,,,,3.0,TrainerSnax,None,None,2.0,LastWhisper,InfinityEdge,GuinsoosRageblade,,,,,,,,,,,,,,,,,,,,,,,,,,,,,,,,
3,EUW1_5971722131,TFT6_Augment_TriForce3,TFT6_Augment_ItemGrabBag1,TFT7_Augment_BigFriend2,,1.0,,1.0,,,,,,,1.0,,0.0,1.0,,0.0,,,,,,,,1.0,0.0,,,0.0,,,,,,,,,,,,,,,,,,,,,,,,,,,,,,,,,,,,,,,,,,,,,,,,,,,,,,,,,,,,,,,,,,,,,,,,,3.0,GargoyleStoneplate,RedBuff,,,,,,,,,,,,,,,,,,,,,,,,,,,,,,3.0,SpearOfShojin,ArchangelsStaff,SpearOfShojin,,,,,,,,,,,,,,,,,2.0,RedBuff,GuardianAngel,,,,,,,,,,,,,,,,,,,,,,,,,,,,,,,,,,,,,,,,,,,,,,,,,,2.0,NegatronCloak,,,,,,,,,,,,,,,,,,,,,None,None,,,,,2.0,,,,3.0,GuinsoosRageblade,Deathblade,RunaansHurricane,2.0,,,,,,,,,,,,,,,,,,,,,,,
4,EUW1_5971610432,TFT6_Augment_RichGetRicher,TFT7_Augment_DragonAlliance,TFT6_Augment_PortableForge,,,,1.0,1.0,,2.0,,,1.0,,,0.0,,,,,1.0,,,1.0,,,,0.0,,,2.0,,,,,,,,,,,,,,,,,,,,,,,,,,,,,2.0,GuinsoosRageblade,OrnnInfinityForce,RunaansHurricane,,,,,,,,,2.0,TitanicHydra,Redemption,GargoyleStoneplate,,,,,2.0,Quicksilver,Bloodthirster,JeweledGauntlet,,,,,,,,,,,,,,,,,,,,,,,,,2.0,,,,,,,,,,,,,,,,,,,,,,,,,,,,,,,,,,,,,,,,,,,,,,,,2.0,ShimmerscaleHeartOfGold,,,,,,,,,,,,,,,,,,,,,,,,,,,,,,,,,,,,,,,,,,,,,,,,,,,,,,,,,,,,,,,,,,,2.0,Shroud,,,,,None,None,,,,,,,,,,,,,,,,,,,,,,,,,,,,,,,,,,,,
8,EUW1_5971610432,TFT6_Augment_TargetDummies,TFT6_Augment_Ascension,TFT6_Augment_CelestialBlessing2,,,,1.0,0.0,,1.0,,0.0,0.0,,,,1.0,,0.0,,1.0,,,1.0,1.0,,,,1.0,,0.0,,,,,,,,,,,,,,,,,,,,,,,,,,,,,1.0,MadredsBloodrazor,Quicksilver,Deathblade,,,,,,,,,2.0,GargoyleStoneplate,RedBuff,DragonsClaw,,,,,,,,,,,,,,,,,,,,,,,,,2.0,ShimmerscaleHeartOfGold,,,,,,,,,,,,,,,,,,,,,,,,,,,,,,,1.0,,,,,,,,,,,,,,,,,,,,,,,,,,,,,,,,,,,,,,,,,,,,,,,,,,,,,,,,,,,,,,,,,,,,,,,,,,,,1.0,,,,2.0,GiantsBelt,,,,,,,,,,,,,,,3.0,TrainerSnax,None,None,,,,,,,,,,,,,,,,,,,,,,,,,,,,,,,,,1.0,UnstableConcoction,,
3,EUW1_5971610432,TFT7_Augment_DragonmancerEmblem,TFT6_Augment_PortableForge,TFT6_Augment_TargetDummies,,,,1.0,,,,2.0,,,,1.0,0.0,,,,1.0,,,1.0,,,,0.0,1.0,,0.0,,,,,,,,,,,,,,2.0,StatikkShiv,,,,,,,,,,,,,,,,,,,,,,,,,,,,,,,,,,,,,,,,,,,,,,,,,,,,,,,,,,,,,,,,,,,2.0,,,,,,,,2.0,TearOfTheGoddess,,,,,,,,,,,,,,,,,,,1.0,WarmogsArmor,DragonsClaw,GargoyleStoneplate,,,,,,,,,,,,,1.0,,,,,,,,,,,,,,,,,,,,,,,,2.0,,,,2.0,DragonmancerEmblemItem,GargoyleStoneplate,,,,,,,,,,,,,,,,,,3.0,GuinsoosRageblade,Quicksilver,OrnnInfinityForce,,,,,,,,,,,,,,,,,,,,,,,None,None,,,,,,,,,,,,,,,,,,,,,,,,,,,,,,,,,,,,
5,EUW1_5971610432,TFT6_Augment_CyberneticShell2,TFT7_Augment_CannoneerHotShot,TFT6_Augment_Ascension,,,1.0,1.0,1.0,,,,0.0,,1.0,,0.0,1.0,,0.0,0.0,1.0,,,0.0,1.0,,,0.0,1.0,0.0,,,,,,,,,,,,,,,,,,,,,,1.0,,,,,,,,1.0,MadredsBloodrazor,GuinsoosRageblade,,,,,,,,,,,,,,,,,,,,,,,,,,,,,,,,,,,,,,2.0,,,,,,,,,,,,,,,,,,,,,,,,,,,,,,,,,,,,,,,,,,,,,,,,,,,,,,,,2.0,WarmogsArmor,Shroud,TitansResolve,,,,,,,,,,,,,,,,,,,,,,,,,2.0,RedBuff,FrozenHeart,,,,,,,,,,2.0,Morellonomicon,MageEmblemItem,,,,,,,,,,,,,,,,,,,,,,,,,,,,,,2.0,TrainerSnax,None,None,1.0,,,,,,,,,,,,,,,,,,,,,,,,,,,,,,,,1.0,,,
1,EUW1_5971610432,TFT6_Augment_CelestialBlessing2,TFT6_Augment_Diversify2,TFT7_Augment_UrfsGrabBag1,3.0,,,2.0,,,,,,,1.0,,0.0,0.0,,,0.0,,1.0,,0.0,,,,1.0,,1.0,1.0,,,,,,,,,,,,,,,,,,,,,,,,,,,,,,,,,2.0,RabadonsDeathcap,InfinityEdge,RedBuff,,,,,,,,,,,,,,,,,,,,,,,,,,,,,,,,,,,,,,,,,,,,,,,,,2.0,,,,,,,,,,,,,,,,,,,,,,,,,,,,,,,,,,,,3.0,AssassinEmblemItem,UnstableConcoction,MadredsBloodrazor,2.0,,,,2.0,Quicksilver,InfinityEdge,Chalice,2.0,,,,,,,,,,,,,,,,,,,,2.0,,,,,,,,,,,,,,,,,,,,,,,,2.0,RedBuff,BrambleVest,,,,,,2.0,BFSword,,,,,,,,,,,,,None,None,,,,,,,,,,,,,,,,,,,,,,,,,,,,,,,,,,,,
7,EUW1_5971610432,TFT6_Augment_PortableForge,TFT6_Augment_CyberneticImplants2,TFT7_Augment_PandorasBench,,,,0.0,,1.0,,1.0,0.0,,,1.0,1.0,0.0,0.0,,,,0.0,,0.0,,,0.0,0.0,,,,,,,,2.0,,,,,,,,1.0,,,,,,,,,,,,,,,,,,,,,,,,,,,,,,,,,,,,,,,,,,,,,,,,,,,,,,,,,,,,,,,,,,,,1.0,,,,,,,,,,,,,,,,1.0,,,,,,,,,,,,,,,,,,,,2.0,RabadonsDeathcap,GargoyleStoneplate,,,,,,2.0,OrnnEternalWinter,FrozenHeart,RedBuff,,,,,,,,,,,,,,,,,,,,,,,,,,,,,,,,,,,,,,,,,,,,,,,,,,,,,,,,,,,,,,,,,,,,,,,None,None,,,,,,,,,,,,,,,,,3.0,Quicksilver,Bloodthirster,GuinsoosRageblade,,,,,,,,,,,,,,,,
6,EUW1_5971610432,TFT6_Augment_SunfireBoard,TFT6_Augment_Twins2,TFT7_Augment_GuildEmblem,1.0,1.0,,1.0,,,,,,,3.0,,0.0,0.0,,0.0,,,,,,,,1.0,1.0,,,,,,,,,,,,,,,,,,,,,,,,,,,,,,,,,,,,,,,,,,,,,,,,,,,,,,,,,,,,,,,,,,,,,,,,,,,,3.0,Redemption,GargoyleStoneplate,WarmogsArmor,,,,,,,,,,,,,,,,,,,,,,,,,,,,,3.0,ArchangelsStaff,,,,,,,,,,,,,,,,,,,1.0,Redemption,,,,,,,1.0,,,,,,,,,,,,,,,,,,,,,,,,,,,,,,,,,,,,,,,,,,,,,,,,,,,,1.0,FrozenHeart,,,,,,,,,,,,,None,None,,,,,2.0,,,,2.0,GuinsoosRageblade,Deathblade,GuildEmblemItem,,,,,,,,,,,,,,,,,,,,,,,,
2,EUW1_5971610432,TFT6_Augment_SecondWind2,TFT6_Augment_JeweledLotus,TFT7_Augment_GadgetExpert,,0.0,,1.0,,,1.0,,0.0,,,,0.0,1.0,,1.0,,,,,0.0,1.0,,,2.0,1.0,,0.0,,,,,,,,,2.0,Quicksilver,JeweledGauntlet,SpearOfShojin,,,,,,,,,,,,,,,,,,,,,,,,,,,,,,,,,,,,,,,,,,,,,,,,,,,,,,,,,2.0,,,,,,,,,,,,,,,,,,,,,,,,,,,,,,,,2.0,,,,3.0,JeweledGauntlet,StatikkShiv,Chalice,,,,,,,,,,,,,,,,,2.0,,,,,,,,,,,,,,,,,,,,,,,,,,,,,,,,,,,,,,,,,,,,,,,,,,,,2.0,RedBuff,GargoyleStoneplate,WarmogsArmor,,,,,,,,,,,,,,,,,4.0,TrainerSnax,None,None,,,,,,,,,,,,,,,,,,,,,,,,,,,,,,,,,2.0,GuardianAngel,Quicksilver,LocketOfTheIronSolari
5,EUW1_5970996891,TFT6_Augment_MetabolicAccelerator,TFT6_Augment_ItemGrabBag1,TFT6_Augment_CyberneticImplants2,,,1.0,,1.0,,1.0,,1.0,1.0,1.0,,,,,1.0,,1.0,,,1.0,,,,,1.0,,0.0,,,,,,,,,,,,,,,,,,,,,1.0,Shroud,,,,,,,2.0,Quicksilver,GuinsoosRageblade,ShimmerscaleGamblersBlade,,,,,,,,,2.0,RedBuff,WarmogsArmor,,,,,,,,,,,,,,,,,,,,,,,,,,,,,,,,,,,,,,,,,,,,,,,,,,,,,,,,,,2.0,NeedlesslyLargeRod,,,,,,,,,,,,,,,,,,,,,,,,,,,,,,,,,,,,,,,,,,,,,,,,,,,,,,,,,,,,,,,2.0,Morellonomicon,,,,,,,,,,,,,,,,,,,,,,,,,,,1.0,TitanicHydra,,,3.0,TrainerSnax,None,None,2.0,LastWhisper,MadredsBloodrazor,GuinsoosRageblade,,,,,,,,,,,,,,,,,,,,,,,,,,,,,,,,
6,EUW1_5970996891,TFT6_Augment_HyperRoll,TFT6_Augment_Electrocharge1,TFT6_Augment_SunfireBoard,,0.0,1.0,2.0,,,1.0,,,,2.0,,,0.0,,0.0,0.0,,,,,,,1.0,,,0.0,2.0,,,,,,,,,,,,,,,,,,,,,1.0,,,,,,,,,,,,,,,,,,,,,,,,,,,,1.0,,,,,,,,,,,,,,,,,,,,,,,,3.0,Redemption,RabadonsDeathcap,BrambleVest,,,,,,,,,,,,,,,,,,,,,,,,,,,,,,,,,,,,,,,,,,,,,,,,,,,,,,,,,,,,,,,,,,,,,,,,,,,,,2.0,,,,,,,,,,,,,,,,,,,,,,,,2.0,Shroud,,,,,,,,,,,,,,,,,,,,,None,None,,,,,2.0,,,,3.0,Quicksilver,MadredsBloodrazor,GuinsoosRageblade,,,,,,,,,,,,,,,,,,,,,,,,
1,EUW1_5970996891,TFT7_Augment_EvokerEmblem,TFT7_Augment_MageTrait,TFT6_Augment_CelestialBlessing2,,0.0,,1.0,,,1.0,,1.0,,,0.0,0.0,2.0,,1.0,,,,,0.0,1.0,1.0,,2.0,1.0,,0.0,,,,,,,,,2.0,SpearOfShojin,HextechGunblade,ArchangelsStaff,,,,,,,,,,,,,,,,,,,,,,,,,,,,,,,,,,,,,,,,,,,,,,,,,,,,,,,,,2.0,,,,,,,,,,,,,,,,,,,,,,,,,,,,,,,,2.0,Chalice,,,2.0,ThiefsGloves,UnstableConcoction,Zephyr,,,,,,,,,,,,,,,,,2.0,EvokerEmblemItem,,,,,,,,,,,,,,,,,,,,,,,,,,,,,,,,,,,,,,,,,,,2.0,GuardianAngel,ArchangelsStaff,,,,,,2.0,RedBuff,BrambleVest,RabadonsDeathcap,,,,,,,,,,,,,,,,,4.0,TrainerSnax,None,None,,,,,,,,,,,,,,,,,,,,,,,,,,,,,,,,,1.0,StatikkShiv,,
8,EUW1_5970996891,TFT7_Augment_GadgetExpert,TFT6_Augment_FirstAidKit,TFT6_Augment_CelestialBlessing2,,,,,1.0,,1.0,,1.0,1.0,,,,,,0.0,,1.0,,,1.0,,,,,1.0,,0.0,,,,,,,,,,,,,,,,,,,,,,,,,,,,,1.0,ShimmerscaleGamblersBlade,InfinityEdge,GuinsoosRageblade,,,,,,,,,1.0,DragonsClaw,Redemption,Shroud,,,,,,,,,,,,,,,,,,,,,,,,,,,,,,,,,,,,,,,,,,,,,,,,,,,,,,,,,1.0,,,,,,,,,,,,,,,,,,,,,,,,,,,,,,,,,,,,,,,,,,,,,,,,,,,,,,,,,,,,,,,,2.0,,,,,,,,,,,,,,,,,,,,,,,,,,,,1.0,,,,2.0,TrainerSnax,None,None,2.0,StatikkShiv,,,,,,,,,,,,,,,,,,,,,,,,,,,,,,,,,,
4,EUW1_5970996891,TFT6_Augment_SecondWind2,TFT6_Augment_Diversify1,TFT7_Augment_AssassinEmblem,2.0,,,2.0,,,,,,,,,,0.0,,,0.0,0.0,1.0,,,,,,0.0,,1.0,1.0,,,,,,,,,,,,,,,,,,,,,,,,,,,,,,,,,3.0,IonicSpark,FrozenHeart,InfinityEdge,,,,,,,,,,,,,,,,,,,,,,,,,,,,,,,,,,,,,,,,,,,,,,,,,,,,,,,,,,,,,,,,,,,,,,,,,,,,,,,,,,,,,3.0,AssassinEmblemItem,InfinityEdge,RunaansHurricane,,,,,1.0,ThiefsGloves,RecurveBow,Deathblade,2.0,InfinityEdge,,,,,,,,,,,,,,,,,,,2.0,,,,,,,,,,,,,,,,,,,,,,,,1.0,,,,1.0,TitanicHydra,,,,,,,,,,,,,,,,,None,None,,,,,,,,,,,,,,,,,,,,,,,,,,,,,,,,,,,,
3,EUW1_5970996891,TFT6_Augment_HyperRoll,TFT6_Augment_Meditation1,TFT6_Augment_MakeshiftArmor2,,,1.0,1.0,,,1.0,,,,2.0,0.0,0.0,1.0,,0.0,,,,,0.0,1.0,1.0,,2.0,,,0.0,,,,,,,,,2.0,MadredsBloodrazor,SpearOfShojin,ArchangelsStaff,,,,,,,,,1.0,ZekesHerald,Shroud,,,,,,,,,,,,,,,,,,,,,,,,,,,,,,,,,,,,,,,,,,,,,,,,,,,,,,,,,,,,,,,,,,,,,,,,,,,,,,,,,,,,,,,,,,,,,,,,,,,,,,2.0,Quicksilver,DragonsClaw,,,,,,,,,,2.0,,,,,,,,,,,,,,,,,,,,,,,,,,,,,,,,2.0,,,,,,,,1.0,,,,,,,,,,,,,,,,,,,,,,None,None,,,,,,,,,,,,,,,,,,,,,,,,,,,,,,,,,2.0,StatikkShiv,RunaansHurricane,MadredsBloodrazor
2,EUW1_5970996891,TFT7_Augment_MikaelsGift,TFT6_Augment_ThrillOfTheHunt1,TFT6_Augment_PortableForge,0.0,0.0,1.0,1.0,,,1.0,,0.0,,1.0,,0.0,0.0,,2.0,,,,0.0,,,,,0.0,0.0,,3.0,,,,,,,,,,,,,,,,,,,,,1.0,SeraphsEmbrace,,,,,,,,,,,,,,,,,,,,,,,,,,,2.0,TitansResolve,Bloodthirster,GuinsoosRageblade,2.0,ThiefsGloves,GuinsoosRageblade,SpearOfShojin,,,,,,,,,,,,,,,,,,,,,,,,,,,,,,,,,,,,,,,,,,,,,1.0,,,,1.0,,,,,,,,,,,,,,,,,,,,2.0,LocketOfTheIronSolari,OrnnEternalWinter,LocketOfTheIronSolari,2.0,Shroud,TearOfTheGoddess,MadredsBloodrazor,,,,,,,,,,,,,,,,,,,,,,,,,,,,,,,,,,,,,,,,,,,,,2.0,Zephyr,HextechGunblade,Quicksilver,,,,,,,,,,,,,,,,,,,None,None,,,,,,,,,,,,,,,,,,,,,,,,,,,,,,,,,,,,
7,EUW1_5970996891,TFT7_Augment_GuildEmblem,TFT6_Augment_ItemGrabBag1,TFT6_Augment_CyberneticImplants2,1.0,,,1.0,,0.0,,,,,4.0,,0.0,0.0,,,1.0,,,,,,,1.0,1.0,,0.0,,,,,,,,,,,,,,,,,,,,,,,,,,,,,,,,,,,,,,,,,,,,,,,,,,,,,,,,,,,,,,,,,,2.0,GiantsBelt,,,,,,,,,,,,,,,,,,,,,,,,,,,,,,,,,,,,,,,,,,,,,,,,,,,,,,,,,,,1.0,RedBuff,,,,,,,2.0,NegatronCloak,,,1.0,NeedlesslyLargeRod,,,,,,,,,,,,,,,2.0,IonicSpark,,,,,,,,,,,,,,,,,,,,,,,,,,,,,,,2.0,InfinityEdge,RedBuff,,,,,,,,,,,,None,None,,,,,1.0,RecurveBow,,,,,,,,,,,,,,,2.0,MadredsBloodrazor,GuinsoosRageblade,GuildEmblemItem,,,,,,,,,,,,
1,EUW1_5971336898,TFT7_Augment_Preparation,TFT6_Augment_Diversify1,TFT6_Augment_CelestialBlessing2,0.0,,,0.0,,1.0,1.0,0.0,,1.0,2.0,0.0,,,0.0,,1.0,,,,1.0,,1.0,1.0,,,1.0,,,,,,,,,,,,,,,,,,,,,,,,,,,,,,,,,,,,,,,,,,2.0,GargoyleStoneplate,RedBuff,GargoyleStoneplate,,,,,,,,,,,,,,,,,,,,,2.0,GuardianEmblemItem,,,,,,,,,,,,,,,,,,,,,,,,,,,,,,,,,,,,,,,,,,,,,,,,,,,,,,,,,,,,,,,,,,,,,,,,,,,,,,,,,,,,,,,2.0,,,,,,,,,,,,,,,,2.0,,,,,,,,,,,,,,,,2.0,UnstableConcoction,RapidFireCannon,FrozenHeart,,,,,,,,,,,None,None,,,,,2.0,,,,,,,,,,,,,,,,2.0,Quicksilver,GuinsoosRageblade,MadredsBloodrazor,2.0,HextechGunblade,CavalierEmblemItem,ShimmerscaleDravensAxe,,,,,,,,
5,EUW1_5971336898,TFT6_Augment_SecondWind1,TFT6_Augment_Weakspot,TFT7_Augment_GuardianEmblem,,,,,2.0,,1.0,,1.0,1.0,,0.0,,,,0.0,,2.0,,,1.0,,1.0,,,1.0,,,,,,,,,,,,,,,,,,,,,,,,,,,,,,,2.0,InfinityEdge,ShimmerscaleDravensAxe,UnstableConcoction,,,,,,,,,2.0,DragonsClaw,BrambleVest,WarmogsArmor,,,,,,,,,,,,,,,,,,,,,,,,,,,,,,,,,2.0,ZekesHerald,,,,,,,,,,,,,,,,,,,,,,,2.0,GuardianEmblemItem,BrambleVest,,,,,,,,,,,,,,,,,,,,,,,,,,,,,,,,,,,,,,,,,,,,,,,,,,,,,,,,,,,,,,2.0,RabadonsDeathcap,SpearOfShojin,NeedlesslyLargeRod,1.0,,,,,,,,,,,,,,,,,,,,,,,,,,,,2.0,TrainerSnax,None,None,2.0,,,,,,,,,,,,,,,,,,,,,,,,,,,,,,,,,,,
7,EUW1_5971336898,TFT6_Augment_ItemGrabBag1,TFT7_Augment_SwiftshotTrait,TFT6_Augment_SalvageBin,,1.0,,1.0,,,,,,,2.0,,,1.0,,0.0,,,,,,,,2.0,0.0,,,0.0,,,,,,,,,,,,,,,,,,,,,,,,,,,,,,,,,,,,,,,,,,,,,,,,,,,,,,,,,2.0,,,,,,,,,,,,,,,,2.0,RedBuff,WarmogsArmor,Redemption,,,,,,,,,,,,,,,,,,,,,,,,,,,,,3.0,ArchangelsStaff,,,,,,,,,,,,,,,,,,,,,,,,,,,,,,,2.0,Zephyr,,,,,,,,,,,,,,,,,,,,,,,,,,,,,,,,,,,,,,,2.0,ThiefsGloves,SparringGloves,Redemption,,,,,,,,,,,,,,,,,,,None,None,,,,,2.0,,,,3.0,RapidFireCannon,RunaansHurricane,InfinityEdge,,,,,,,,,,,,,,,,,,,,,,,,
6,EUW1_5971336898,TFT6_Augment_SecondWind1,TFT6_Augment_Weakspot,TFT6_Augment_SalvageBin,,0.0,,2.0,,0.0,1.0,,,,,,0.0,1.0,,,0.0,,,,0.0,1.0,,,2.0,,0.0,0.0,,,,,,,,,1.0,MageEmblemItem,ArchangelsStaff,SpearOfShojin,,,,,,,,,,,,,,,,,,,,,,,,,,,,,,,,,,,,,,,,,,,,,,,,,,,,,2.0,IonicSpark,,,,,,,2.0,GargoyleStoneplate,WarmogsArmor,BrambleVest,,,,,,,,,,,,,,,,,,,,,,,,,,,,,,,,,,,,,,,,,,,,,,,,,1.0,,,,,,,,,,,,,,,,,,,,,,,,,,,,1.0,,,,,,,,,,,,,,,,,,,,,,,,2.0,,,,,,,,,,,,,,,,,,,,,,None,None,,,,,,,,,,,,,,,,,,,,,,,,,,,,,,,,,1.0,RapidFireCannon,Zephyr,
3,EUW1_5971336898,TFT7_Augment_JadeEmblem,TFT6_Augment_ThrillOfTheHunt1,TFT6_Augment_ComponentGrabBag,,,1.0,,,,1.0,,1.0,0.0,1.0,3.0,0.0,,,2.0,,,,1.0,,,1.0,,,0.0,,,,,,,2.0,ArchangelsStaff,ArchangelsStaff,JeweledGauntlet,,,,,,,,,,,,,1.0,,,,,,,,,,,,,,,,,,,,,,,,2.0,Quicksilver,RunaansHurricane,UnstableConcoction,,,,,,,,,,,,,2.0,NeedlesslyLargeRod,Zephyr,,,,,,,,,,,,,,,,,,,,,,,,,,,,,,,,,,,,,,2.0,JadeEmblemItem,Chalice,,,,,,2.0,GargoyleStoneplate,RedBuff,Redemption,,,,,,,,,,,,,,,,,,,,,,,,,,,,,,,,,,,,,,,,,,,,,,,,,,,,,,,,,1.0,,,,,,,,,,,,,,,,,,,,2.0,,,,,,,,,,None,None,,,,,,,,,,,,,,,,,,,,,,,,,,,,,,,,,,,,
8,EUW1_5971336898,TFT7_Augment_CannoneerTrait,TFT6_Augment_Electrocharge1,TFT7_Augment_CannoneerRicochet,,,,,3.0,,1.0,,1.0,1.0,,,,,,0.0,,2.0,,,1.0,,,,,1.0,,,,,,,,,,,,,,,,,,,,,,,,,,,,,,,2.0,MadredsBloodrazor,GuinsoosRageblade,Bloodthirster,,,,,,,,,1.0,DragonsClaw,WarmogsArmor,,,,,,,,,,,,,,,,,,,,,,,,,,,,,,,,,,2.0,,,,,,,,,,,,,,,,,,,,,,,,2.0,,,,,,,,,,,,,,,,,,,,,,,,,,,,,,,,,,,,,,,,,,,,,,,,,,,,,,,,,,,,,,,,2.0,GuardianEmblemItem,,,,,,,,,,,,,,,,,,,,,,,,,,,,,,,3.0,TrainerSnax,None,None,2.0,ShimmerscaleDravensAxe,,,,,,,,,,,,,,,,,,,,,,,,,,,,,,,,,,
4,EUW1_5971336898,TFT7_Augment_AFK,TFT6_Augment_PandorasItems,TFT6_Augment_Meditation2,,0.0,1.0,1.0,,,,,1.0,,2.0,,,2.0,,1.0,,0.0,,,0.0,1.0,,,,1.0,,0.0,,,,,,,,,,,,,,,,,,,,,1.0,,,,,,,,,,,,,,,,,,,,,,,,,,,,,,,,,,,,,,,,,,,,,,,,2.0,,,,2.0,TitanicHydra,NeedlesslyLargeRod,Morellonomicon,,,,,,,,,,,,,,,,,,,,,,,,,2.0,ZekesHerald,,,,,,,,,,,,,,,,,,,,,,,,,,,,,,,,,,,2.0,JeweledGauntlet,SpearOfShojin,ArchangelsStaff,,,,,,,,,,,,,,,,,,,,,,,,,2.0,MageEmblemItem,,,,,,,,,,,2.0,WarmogsArmor,RedBuff,BrambleVest,,,,,,,,,,,,,,,,,3.0,TrainerSnax,None,None,,,,,,,,,,,,,,,,,,,,,,,,,,,,,,,,,1.0,,,
2,EUW1_5971336898,TFT6_Augment_Twins1,TFT6_Augment_Weakspot,TFT6_Augment_PortableForge,,0.0,,0.0,,,1.0,,0.0,,,1.0,0.0,,,,,,,2.0,,,,,,,,2.0,,,,,2.0,,,,,,,,,,,,,,,,,,,,,,,,,,,,,,,,,,,,,,,,,,,,2.0,GuinsoosRageblade,GuardianAngel,Bloodthirster,2.0,HextechGunblade,,,,,,,2.0,OrnnRanduinsSanctum,,,,,,,,,,,,,,,,,,,,,,,,,,,,,,,,,,,,,,,,,,,,,,,2.0,FrozenHeart,RedBuff,Morellonomicon,3.0,GuinsoosRageblade,Deathblade,Quicksilver,,,,,,,,,,,,,,,,,,,,,,,,,,,,,,,,,,,,,,,,,,,,,,,,,,,,,,,,,,,,,,,,,,,,,,,,,,,,,,,,,,,None,None,,,,,,,,,,,,,,,,,,,,,,,,,,,,,,,,,,,,
8,EUW1_5972365541,TFT7_Augment_MageEmblem,TFT6_Augment_WindfallPlus,TFT7_Augment_AxiomArc2,,0.0,,1.0,0.0,,1.0,,0.0,,,,0.0,1.0,,1.0,,,,,,,,,2.0,1.0,,0.0,,,,,,,,,1.0,MageEmblemItem,GuinsoosRageblade,MadredsBloodrazor,,,,,,,,,,,,,,,,,,,,,,,,,,,,,,,,,,,,,,,,,,,,,,,,,,,,,,,,,,,,,,,,,,,,,,,,,,,,,,,,,,,,,,,,,2.0,,,,2.0,,,,,,,,,,,,,,,,,,,,1.0,GargoyleStoneplate,,,,,,,,,,,,,,,,,,,,,,,,,,,,,,,,,,,,,,,,,,,,,,,,,,,2.0,,,,,,,,,,,,,,,,,,,,2.0,TrainerSnax,None,None,2.0,,,,,,,,,,,,,,,,,,,,,,,,,,,,,,,,,,,
1,EUW1_5972365541,TFT7_Augment_MageConference,TFT6_Augment_HighEndShopping,TFT6_Augment_CelestialBlessing2,,0.0,,1.0,,0.0,,,,,1.0,,0.0,3.0,,0.0,,,0.0,,0.0,1.0,,,0.0,0.0,,0.0,,,,,,,,,,,,,,,,,,,,,,,,,,,,,,,,,,,,,,,,,,,,,,,,,,,,,,,,,,,,,,,,,,,,,3.0,,,,,,,,,,,,,,,,,,,,,,,,,,,,3.0,,,,,,,,3.0,ZekesHerald,,,,,,,,,,,,,,,,,,,1.0,,,,,,,,,,,,3.0,SpearOfShojin,RabadonsDeathcap,ArchangelsStaff,,,,,,,,,,,,,,,,,,,,,,,,,,,,,,,,,,,,,3.0,GargoyleStoneplate,RedBuff,GargoyleStoneplate,,,,,,,,,,,,,,,,,,,None,None,,,,,,,,,,,,,3.0,ChainVest,,,,,,,,,,,,,,,,,,,3.0,Morellonomicon,Shroud,
7,EUW1_5972365541,TFT6_Augment_BlueBattery2,TFT6_Augment_LudensEcho3,TFT7_Augment_AxiomArc2,,,,,0.0,1.0,,,0.0,0.0,3.0,,,1.0,,0.0,,,1.0,,,,,0.0,,2.0,,,,,,,,,,,,,,,,,,,,,,,,,,,1.0,,,,,,,,,,,,,,,,,,,,,,,,,,,,,,,,,,,,,,,,,,,,2.0,,,,,,,,,,,,,,,,,,,,,,,,,,,,2.0,,,,2.0,Chalice,PowerGauntlet,,,,,,,,,,,,,,,,,,,,,,,,,,,,,,,,,,2.0,ArchangelsStaff,Bloodthirster,,2.0,RedBuff,DragonsClaw,,,,,,,,,,,,,,,,,,,,,,,,,,,,,,,,,,,,,,,,,,,,,,,,,,,,,,3.0,TrainerSnax,None,None,2.0,,,,2.0,,,,,,,,,,,,,,,,,,,,,,,,,,,,,,,
2,EUW1_5972365541,TFT6_Augment_Distancing2,TFT6_Augment_BandOfThieves2,TFT6_Augment_CyberneticShell2,1.0,0.0,1.0,1.0,,,1.0,,,,3.0,,,,,0.0,,,,,,,,1.0,,,,2.0,,,,,,,,,,,,,,,,,,,,,1.0,WarmogsArmor,,,,,,,,,,,,,,,,,,,,,,,,,,,2.0,GuinsoosRageblade,HextechGunblade,Deathblade,,,,,,,,,,,,,,,,,,,,,3.0,ThiefsGloves,GiantsBelt,WarmogsArmor,,,,,,,,,,,,,,,,,,,,,,,,,,,,,,,,,,,,,,,,,,,,,,,,,,,,,1.0,ThiefsGloves,MadredsBloodrazor,RapidFireCannon,,,,,,,,,,,,,,,,,,,,,,,,,,,,,,,,,,,,,,,,,,,,,,,,,,,,,1.0,Zephyr,IonicSpark,,,,,,,,,,,,None,None,,,,,2.0,,,,3.0,InfinityEdge,Deathblade,GuinsoosRageblade,,,,,,,,,,,,,,,,,,,,,,,,
5,EUW1_5972365541,TFT6_Augment_Ascension,TFT7_Augment_CursedCrown,TFT7_Augment_GadgetExpert,1.0,0.0,,2.0,,1.0,,,,,3.0,,0.0,,0.0,,0.0,,0.0,,,,,1.0,1.0,,1.0,,,,,,,,,,,,,,,,,,,,,,,,,,,,,,,,,,,,,,,,,,,,,,,,,,,,,,,,,,,,,,,,,,,,,,,,,,1.0,,,,,,,,,,,,,,,,,,,,,,,,,,,,,,,,,,,,,,,,,,,,2.0,IonicSpark,WarmogsArmor,IonicSpark,2.0,ThiefsGloves,DragonsClaw,HextechGunblade,1.0,TearOfTheGoddess,,,,,,,2.0,,,,,,,,1.0,,,,,,,,,,,,2.0,,,,,,,,,,,,,,,,,,,,,,,,,,,,,,,,2.0,HextechGunblade,RedBuff,,,,,,,,,,,,None,None,,,,,1.0,,,,,,,,,,,,,,,,1.0,RapidFireCannon,GuinsoosRageblade,StatikkShiv,,,,,,,,,,,,
6,EUW1_5972365541,TFT6_Augment_TradeSector,TFT6_Augment_ThriftShop,TFT6_Augment_ComponentGrabBag,,,,,2.0,,1.0,,1.0,1.0,,,,,,0.0,,2.0,,,1.0,,,,,1.0,,0.0,,,,,,,,,,,,,,,,,,,,,,,,,,,,,2.0,InfinityEdge,HextechGunblade,GuinsoosRageblade,,,,,,,,,2.0,ShimmerscaleMogulsMail,DragonsClaw,GargoyleStoneplate,,,,,,,,,,,,,,,,,,,,,,,,,,,,,,,,,2.0,,,,,,,,,,,,,,,,,,,,,,,,2.0,PowerGauntlet,,,,,,,,,,,,,,,,,,,,,,,,,,,,,,,,,,,,,,,,,,,,,,,,,,,,,,,,,,,,,,,2.0,,,,,,,,,,,,,,,,,,,,,,,,,,,,2.0,WarmogsArmor,Redemption,BrambleVest,4.0,TrainerSnax,None,None,3.0,,,,,,,,,,,,,,,,,,,,,,,,,,,,,,,,,,,
3,EUW1_5972365541,TFT6_Augment_TrueTwos,TFT6_Augment_CelestialBlessing3,TFT6_Augment_SecondWind2,1.0,,1.0,1.0,,0.0,1.0,,,,2.0,,0.0,,,0.0,2.0,,,0.0,,,,0.0,1.0,,0.0,,,,,,,,,,,,,,,,,,,,,,1.0,,,,,,,,,,,,,,,,,,,,,,,,,,,,,,,,,,,,,,,,,,,,2.0,TearOfTheGoddess,,,,,,,,,,,,,,,,,,,,,,,,,,,,,,,,,,,,,,,,,,,,,,,,,,,,,,,,,,,2.0,,,,,,,,2.0,Bloodthirster,,,,,,,,,,,,,,,,,,,2.0,,,,2.0,ArchangelsStaff,WarmogsArmor,WarmogsArmor,,,,,,,,,,,,,,,,,,,,,,,,,2.0,InfinityEdge,RunaansHurricane,MadredsBloodrazor,,,,,,,,,,,None,None,,,,,,,,,,,,,,,,,,,,,1.0,,,,,,,,,,,,,,,
4,EUW1_5972365541,TFT6_Augment_CelestialBlessing2,TFT6_Augment_MakeshiftArmor3,TFT7_Augment_GuildEmblem,1.0,,,1.0,,1.0,,,,,4.0,,0.0,,,,1.0,,,,,,,1.0,1.0,,0.0,,,,,,,,,,,,,,,,,,,,,,,,,,,,,,,,,,,,,,,,,,,,,,,,,,,,,,,,,,,,,,,,,,2.0,,,,,,,,,,,,,,,,,,,,,,,,,,,,,,,,,,,,,,,,,,,,,,,,,,,,,,,,,,,,2.0,,,,,,,,2.0,,,,,,,,2.0,,,,,,,,,,,,2.0,,,,,,,,,,,,,,,,,,,,,,,,,,,,,,,,1.0,UnstableConcoction,InfinityEdge,Bloodthirster,,,,,,,,,,,None,None,,,,,2.0,LastWhisper,ZekesHerald,,,,,,,,,,,,,,2.0,MadredsBloodrazor,GuildEmblemItem,GuinsoosRageblade,,,,,,,,,,,,
2,EUW1_5973199075,TFT6_Augment_SecondWind1,TFT6_Augment_CelestialBlessing1,TFT7_Augment_MirageHallucinate,,,1.0,,,1.0,1.0,0.0,,,2.0,,,,3.0,0.0,,,,,,,,,,,1.0,,,,,,,,,,,,,,,,,,,,,,1.0,Chalice,Chalice,Chalice,,,,,,,,,,,,,2.0,GuinsoosRageblade,GuinsoosRageblade,RabadonsDeathcap,,,,,,,,,,,,,,,,,,,,,,,,,,,,,,,,,,,,,,,,,,,,,,,,,,,,,,,,,,,,,,,,,,,,,,,,,,,,,2.0,RedBuff,ChainVest,,,,,,,,,,,,,,,,,,,,,,2.0,,,,,,,,,,,,,,,,,,,,,,,,,,,,,,,,,,,,,,,,,,,,,,,,,,,,,,,,,,None,None,,,,,,,,,,,,,,,,,,,,,,,,,2.0,UnstableConcoction,TitansResolve,SeraphsEmbrace,2.0,,,,,,,
6,EUW1_5973199075,TFT7_Augment_AxiomArc1,TFT6_Augment_TinyTitans,TFT7_Augment_PandorasBench,1.0,,,1.0,,1.0,,,,,3.0,,0.0,,,,1.0,,,,,,,1.0,1.0,,0.0,,,,,,,,,,,,,,,,,,,,,,,,,,,,,,,,,,,,,,,,,,,,,,,,,,,,,,,,,,,,,,,,,,2.0,Morellonomicon,,,,,,,,,,,,,,,,,,,,,,,,,,,,,,,,,,,,,,,,,,,,,,,,,,,,,,,,,,,2.0,GuardianAngel,,,,,,,2.0,,,,,,,,1.0,,,,,,,,,,,,1.0,,,,,,,,,,,,,,,,,,,,,,,,,,,,,,,,3.0,FrozenHeart,LastWhisper,MadredsBloodrazor,,,,,,,,,,,None,None,,,,,2.0,,,,,,,,,,,,,,,,2.0,GuinsoosRageblade,MadredsBloodrazor,Quicksilver,,,,,,,,,,,,
5,EUW1_5973199075,TFT7_Augment_ShapeshifterTrait,TFT6_Augment_Weakspot,TFT6_Augment_ThrillOfTheHunt2,,0.0,,,,,1.0,0.0,,1.0,,2.0,,,,0.0,0.0,,,3.0,,,,,,,,0.0,,,,,,,,,,,,,,,,,,,,,,,,,,,,,,,,,,,,,,,,,,,,,1.0,GuardianEmblemItem,,,,,,,2.0,HextechGunblade,HextechGunblade,ArchangelsStaff,,,,,2.0,,,,,,,,,,,,,,,,,,,,,,,,,,,,,,,,,,,,,,,,,,,,,,,,2.0,FrozenHeart,TitanicHydra,Morellonomicon,3.0,GuinsoosRageblade,Deathblade,Quicksilver,,,,,,,,,,,,,,,,,,,,,,,,,,,,,,,,,,,,,,,,,,,,,,,,,,,,,,,,,2.0,ArchangelsStaff,,,,,,,,,,,,,,,2.0,,,,,,,,,,None,None,,,,,,,,,,,,,,,,,,,,,,,,,,,,,,,,,,,,
4,EUW1_5973199075,TFT6_Augment_TinyTitans,TFT6_Augment_SecondWind1,TFT6_Augment_Ascension,,,,1.0,,,,2.0,0.0,,,1.0,1.0,,0.0,,0.0,,,,0.0,,,0.0,1.0,,1.0,,,,,,2.0,SeraphsEmbrace,InfinityEdge,Morellonomicon,,,,,2.0,,,,,,,,,,,,,,,,,,,,,,,,,,,,,,,,,,,,,,,,,,,,,,,,,,,,,,,,,,,,,,,,,,,,2.0,,,,,,,,2.0,Chalice,,,,,,,,,,,,,,,,,,,,,,,,,,,,,,,,,,,2.0,RedBuff,WarmogsArmor,DragonmancerEmblemItem,,,,,,,,,,,,,,,,,,,,,,,,,1.0,,,,,,,,,,,,,,,,,,,,,,,,,,,,,,,,,,,,,,,,,,,,,,None,None,,,,,,,,,,,,,,,,,2.0,Bloodthirster,GuinsoosRageblade,Quicksilver,,,,,1.0,ArchangelsStaff,,,,,,,,,,
7,EUW1_5973199075,TFT7_Augment_BandOfThieves1,TFT7_Augment_GuardianTrait,TFT7_Augment_RevelPartyTime,,,,,1.0,,1.0,0.0,1.0,1.0,,,,,0.0,0.0,,1.0,,,1.0,,,,,1.0,0.0,,,,,,,,,,,,,,,,,,,,,,,,,,,,,,2.0,InfinityEdge,GuinsoosRageblade,MadredsBloodrazor,,,,,,,,,2.0,GargoyleStoneplate,DragonsClaw,Redemption,,,,,,,,,,,,,,,,,,,,,,,,,,,,,,,,,,,,,,,,,,,,,,,,,,,,,,,,,2.0,,,,,,,,,,,,,,,,,,,,,,,,,,,,,,,,,,,,,,,,,,,,,,,,,,,,,,,,,,,,,,,,2.0,ShimmerscaleGoldmancersStaff,Morellonomicon,ArchangelsStaff,,,,,,,,,,,,,,,,,,,,,,,,,,,,,1.0,TrainerSnax,None,None,2.0,,,,,,,,,,,,,,,,,,,,,,,,1.0,ThiefsGloves,SparringGloves,Chalice,,,,,,,,
1,EUW1_5973199075,TFT7_Augment_MysticTrait,TFT6_Augment_Diversify1,TFT6_Augment_BlueBattery2,,1.0,,1.0,,,,,1.0,0.0,1.0,,,2.0,,2.0,,0.0,,,,,,,,1.0,,1.0,,,,,,,,,,,,,,,,,,,,,,,,,,,,,,,,,,,,,,,,,,,,,,,,,,,,,,,,,,,,,,,,,,,,,2.0,EvokerEmblemItem,,,3.0,BrambleVest,,,,,,,,,,,,,,,,,,,,,,,,,,,2.0,,,,3.0,StatikkShiv,ArchangelsStaff,RapidFireCannon,,,,,,,,,,,,,,,,,,,,,,,,,,,,,2.0,SpearOfShojin,ArchangelsStaff,HextechGunblade,,,,,,,,,,,,,,,,,,,,,,,,,2.0,RapidFireCannon,,,,,,,,,,,2.0,WarmogsArmor,GargoyleStoneplate,IonicSpark,,,,,,,,,,,,,1.0,,,,3.0,TrainerSnax,None,None,,,,,,,,,,,,,2.0,,,,,,,,,,,,,,,,,,,,,,,
3,EUW1_5973199075,TFT6_Augment_ThrillOfTheHunt1,TFT6_Augment_PandorasItems,TFT7_Augment_SwiftshotPressTheAttack,0.0,,,0.0,0.0,0.0,1.0,0.0,,,,,,,,,3.0,,,1.0,0.0,,,0.0,,,0.0,,,,,,,,,,,,,,,,,,,,,,,,,,,,,,,,,,,,,,,,,,,,,,,,,,,,,,,,,,,,,,,,,,2.0,FrozenHeart,,,,,,,,,,,,,,,,,,,1.0,FrozenHeart,,,,,,,,,,,,,,,,,,,,,,,,,,,,,,,,,,,,,,,,,,,,,,,,,,,,,,,,,,,2.0,,,,,,,,3.0,DragonsClaw,PowerGauntlet,Chalice,1.0,ThiefsGloves,LocketOfTheIronSolari,TitanicHydra,,,,,,,,,,,,,2.0,LocketOfTheIronSolari,RunaansHurricane,,,,,,,,,,,,,,,,,,,,,,,,None,None,,,,,,,,,,,,,,,,,,,,,2.0,MadredsBloodrazor,InfinityEdge,GuinsoosRageblade,,,,,,,,,,,,
8,EUW1_5973199075,TFT6_Augment_Weakspot,TFT6_Augment_LudensEcho1,TFT6_Augment_PortableForge,,0.0,,1.0,,,,,1.0,,1.0,,,2.0,,1.0,,0.0,,,0.0,1.0,,,,1.0,,0.0,,,,,,,,,,,,,,,,,,,,,,,,,,,,,,,,,,,,,,,,,,,,,,,,,,,,,,,,,,,,,,,,,,,,,2.0,,,,2.0,FrozenHeart,,,,,,,,,,,,,,,,,,,,,,,,,,,2.0,,,,2.0,,,,,,,,,,,,,,,,,,,,,,,,,,,,,,,,2.0,SpearOfShojin,ArchangelsStaff,HextechGunblade,,,,,,,,,,,,,,,,,,,,,,,,,1.0,,,,,,,,,,,,2.0,GargoyleStoneplate,GargoyleStoneplate,OrnnZhonyasParadox,,,,,,,,,,,,,,,,,3.0,TrainerSnax,None,None,,,,,,,,,,,,,,,,,,,,,,,,,,,,,,,,,1.0,,,
8,EUW1_5973187226,TFT6_Augment_SecondWind2,TFT6_Augment_Recombobulator,,0.0,0.0,,,0.0,,,,,0.0,,,,,,,0.0,,,,0.0,,,0.0,,0.0,,0.0,,,,,,,,,,,,,2.0,,,,,,,,,,,,,,,,,,,,,,,,,,,,,,,,,,,,,,,,,,,,2.0,,,,,,,,,,,,,,,,,,,,,,,,,,,,,,,,,,,,2.0,,,,,,,,,,,,,,,,,,,,,,,,,,,,,,,,,,,,,,,,,,,,,,,,,,,,,,,,,,,,,,,,,,,,,,,,,,,,,,,,,,,,,,,,,,,,,,,,2.0,,,,,,,,,,None,None,,,,,,,,,,,,,,,,,,,,,,,,,,,,,,,,,,,,
2,EUW1_5973187226,TFT7_Augment_Bloodlust1,TFT6_Augment_PandorasItems,TFT6_Augment_CyberneticImplants1,1.0,1.0,1.0,1.0,,,,,,,3.0,,0.0,0.0,,1.0,,,,,,,,1.0,1.0,,,,,,,,,,,,,,,,,,,,,,,,2.0,ChainVest,,,,,,,,,,,,,,,,,,,,,,,,,,,,,,,,,,,,,,,,,,,,,,,,,,,3.0,GargoyleStoneplate,RedBuff,DragonsClaw,,,,,,,,,,,,,,,,,,,,,,,,,,,,,3.0,,,,,,,,,,,,,,,,,,,,2.0,,,,,,,,1.0,,,,,,,,,,,,,,,,,,,,,,,,,,,,,,,,,,,,,,,,,,,,,,,,,,,,2.0,SwiftshotEmblemItem,TitansResolve,UnstableConcoction,,,,,,,,,,,None,None,,,,,1.0,,,,3.0,RunaansHurricane,GuinsoosRageblade,Deathblade,,,,,,,,,,,,,,,,,,,,,,,,
5,EUW1_5973187226,TFT7_Augment_GadgetExpert,TFT6_Augment_ItemGrabBag1,TFT7_Augment_BestFriends1,,,,,,2.0,1.0,0.0,,,,,,0.0,3.0,,0.0,,0.0,,,,,,,,1.0,,,,,,,,,,,,,,,,,,,,,,,,,,,,,,,,,,,,,,1.0,GuinsoosRageblade,Quicksilver,ArchangelsStaff,,,,,,,,,,,,,,,,,,,,,,,,,2.0,,,,,,,,,,,,,,,,,,,,,,,,,,,,,,,,2.0,,,,,,,,,,,,,,,,,,,,2.0,Redemption,DragonsClaw,,,,,,,,,,,,,,,,,,,,,,,,,,,,,,,,,,,,,,,,,,,,,,,,,,,,,,,,,,,,,,,,,,,,,,,,,,,,,,,,None,None,,,,,,,,,,,,,,,,,,,,,,,,,1.0,MadredsBloodrazor,StatikkShiv,ZekesHerald,2.0,Zephyr,,,,,,
3,EUW1_5973187226,TFT6_Augment_Ascension,TFT6_Augment_TinyTitans,TFT6_Augment_PandorasItems,,0.0,,1.0,,,1.0,,1.0,,,,0.0,1.0,,1.0,,0.0,,,,,,,2.0,1.0,,0.0,,,,,,,,,1.0,ArchangelsStaff,SpearOfShojin,ArchangelsStaff,,,,,,,,,,,,,,,,,,,,,,,,,,,,,,,,,,,,,,,,,,,,,,,,,,,,,,,,,2.0,,,,,,,,,,,,,,,,,,,,,,,,,,,,,,,,2.0,PowerGauntlet,,,3.0,StatikkShiv,ArchangelsStaff,,,,,,,,,,,,,,,,,,1.0,,,,,,,,,,,,,,,,,,,,,,,,,,,,,,,,,,,,,,,,1.0,,,,,,,,,,,,2.0,DragonsClaw,RedBuff,GargoyleStoneplate,,,,,,,,,,,,,,,,,3.0,TrainerSnax,None,None,,,,,,,,,,,,,,,,,,,,,,,,,,,,,,,,,,,,
7,EUW1_5973187226,TFT6_Augment_CelestialBlessing2,TFT6_Augment_FirstAidKit,TFT6_Augment_Meditation1,,1.0,,1.0,,,,,0.0,,1.0,,,2.0,,1.0,,,,,,,,,,1.0,,0.0,,,,,,,,,,,,,,,,,,,,,,,,,,,,,,,,,,,,,,,,,,,,,,,,,,,,,,,,,,,,,,,,,,,,,2.0,,,,2.0,ThiefsGloves,RecurveBow,UnstableConcoction,,,,,,,,,,,,,,,,,,,,,,,,,2.0,,,,1.0,,,,,,,,,,,,,,,,,,,,,,,,,,,,,,,,2.0,ArchangelsStaff,SpearOfShojin,,,,,,,,,,,,,,,,,,,,,,,,,,,,,,,,,,,,,,2.0,TitansResolve,TitansResolve,,,,,,,,,,,,,,,,,,2.0,TrainerSnax,None,None,,,,,,,,,,,,,2.0,,,,,,,,,,,,,,,,,,,,,,,
4,EUW1_5973187226,TFT6_Augment_Electrocharge2,TFT6_Augment_Diversify1,TFT7_Augment_MysticTrait,1.0,,,1.0,,1.0,,,,,3.0,,0.0,,,0.0,1.0,,,,,,,1.0,1.0,,0.0,,,,,,,,,,,,,,,,,,,,,,,,,,,,,,,,,,,,,,,,,,,,,,,,,,,,,,,,,,,,,,,,,,2.0,WarmogsArmor,,,,,,,,,,,,,,,,,,,,,,,,,,,,,,,,,,,,,,,,,,,,,,,,,,,,,,,,,,,2.0,RedBuff,WarmogsArmor,Shroud,,,,,1.0,,,,,,,,2.0,,,,,,,,,,,,2.0,,,,,,,,,,,,,,,,,,,,,,,,,,,,,,,,1.0,JeweledGauntlet,,,,,,,,,,,,,None,None,,,,,1.0,PowerGauntlet,,,,,,,,,,,,,,,2.0,GuinsoosRageblade,Quicksilver,MadredsBloodrazor,,,,,,,,,,,,
6,EUW1_5973187226,TFT6_Augment_TradeSector,TFT6_Augment_SecondWind1,TFT7_Augment_AstralTrait,,1.0,,1.0,,0.0,,,,,2.0,,,0.0,,0.0,,,,,,,,1.0,,,,,,,,,,,,,,,,,,,,,,,,,,,,,,,,,,,,,,,,,,,,,,,,,,,,,,,,,,,,,,,,,,,,,,,,,,,,,2.0,,,,,,,,,,,,,,,,,,,,,,,,,,,,,,,,2.0,,,,,,,,,,,,,,,,,,,,,,,,,,,,,,,,,,,,1.0,,,,,,,,,,,,,,,,,,,,2.0,RedBuff,FrozenHeart,,,,,,,,,,,,,,,,,,,,,,,,,,,,,,,,,,,,None,None,,,,,2.0,,,,2.0,UnstableConcoction,Deathblade,,,,,,,,,,,,,,,,,,,,,,,,,
1,EUW1_5973187226,TFT6_Augment_TargetDummies,TFT7_Augment_GuildTrait,TFT6_Augment_Weakspot,1.0,,,1.0,,0.0,1.0,,,,3.0,,0.0,,,,2.0,,,0.0,,,,1.0,1.0,,0.0,,,,,,,,,,,,,,,,,,,,,,,,,,,,,,,,,,,,,,,,,,,,,,,,,,,,,,,,,,,,,,,,,,2.0,TitanicHydra,WarmogsArmor,DragonsClaw,,,,,,,,,,,,,,,,,,,,,,,,,,,,,,,,,,,,,,,,,,,,,,,,,,,,,,,,,2.0,,,,,,,,2.0,Zephyr,,,,,,,,,,,,,,,,,,,2.0,,,,2.0,IonicSpark,BrambleVest,MadredsBloodrazor,,,,,,,,,,,,,,,,,,,,,,,,,1.0,,,,,,,,,,,,,,None,None,,,,,2.0,,,,,,,,,,,,,,,,2.0,Deathblade,MadredsBloodrazor,UnstableConcoction,,,,,,,,,,,,
7,EUW1_5973162037,TFT6_Augment_SecondWind2,TFT6_Augment_Diversify2,TFT6_Augment_PortableForge,,,,,1.0,,1.0,,1.0,1.0,,0.0,,,,0.0,,1.0,,,1.0,,1.0,,,1.0,,0.0,,,,,,,,,,,,,,,,,,,,,,,,,,,,,1.0,InfinityEdge,Deathblade,GuinsoosRageblade,,,,,,,,,1.0,RedBuff,GargoyleStoneplate,OrnnZhonyasParadox,,,,,,,,,,,,,,,,,,,,,,,,,,,,,,,,,,,,,,,,,,,,,,,,,,,,,,,,,1.0,,,,,,,,,,,,,,,,,,,,,,,,,,,,,,,,,,,,,,,,,,,,,,,,,,,,,,,,,,,,,,,,2.0,ArchangelsStaff,ShimmerscaleHeartOfGold,,1.0,,,,,,,,,,,,,,,,,,,,,,,,1.0,GiantsBelt,,,2.0,TrainerSnax,None,None,2.0,,,,,,,,,,,,,,,,,,,,,,,,,,,,,,,,,,,
8,EUW1_5973162037,TFT6_Augment_SecondWind2,TFT7_Augment_CannoneerHotShot,TFT7_Augment_BestFriends2,,,,,2.0,,1.0,,1.0,0.0,,,,,,0.0,,2.0,,,1.0,,,,,1.0,,,,,,,,,,,,,,,,,,,,,,,,,,,,,,,2.0,GuinsoosRageblade,LastWhisper,,,,,,,,,,2.0,ShimmerscaleHeartOfGold,RedBuff,DragonsClaw,,,,,,,,,,,,,,,,,,,,,,,,,,,,,,,,,2.0,,,,,,,,,,,,,,,,,,,,,,,,2.0,NegatronCloak,,,,,,,,,,,,,,,,,,,,,,,,,,,,,,,,,,,,,,,,,,,,,,,,,,,,,,,,,,,,,,,1.0,SpearOfShojin,,,,,,,,,,,,,,,,,,,,,,,,,,,,,,,2.0,TrainerSnax,None,None,2.0,,,,,,,,,,,,,,,,,,,,,,,,,,,,,,,,,,,
1,EUW1_5973162037,TFT6_Augment_LudensEcho2,TFT6_Augment_PortableForge,TFT7_Augment_BestFriends2,,0.0,,1.0,,,1.0,,0.0,,,,0.0,2.0,,1.0,,,,,0.0,1.0,,,2.0,1.0,,0.0,,,,,,,,,1.0,SpearOfShojin,UnstableConcoction,OrnnZhonyasParadox,,,,,,,,,,,,,,,,,,,,,,,,,,,,,,,,,,,,,,,,,,,,,,,,,,,,,,,,,1.0,,,,,,,,,,,,,,,,,,,,,,,,,,,,,,,,2.0,,,,3.0,ThiefsGloves,,,,,,,,,,,,,,,,,,,2.0,IonicSpark,GargoyleStoneplate,,,,,,,,,,,,,,,,,,,,,,,,,,,,,,,,,,,,,,,,,,,,,,,,,,2.0,TitanicHydra,GargoyleStoneplate,RedBuff,,,,,,,,,,,,,,,,,4.0,TrainerSnax,None,None,,,,,,,,,,,,,2.0,,,,,,,,,,,,,,,,,,,,1.0,TitansResolve,,
2,EUW1_5973162037,TFT6_Augment_CelestialBlessing2,TFT7_Augment_LastStand,TFT7_Augment_GuildEmblem,1.0,,1.0,1.0,,1.0,,,,,5.0,,0.0,,,0.0,1.0,,,,,,,1.0,1.0,,0.0,,,,,,,,,,,,,,,,,,,,,,1.0,,,,,,,,,,,,,,,,,,,,,,,,,,,,,,,,,,,,,,,,,,,,2.0,GuildEmblemItem,,,,,,,,,,,,,,,,,,,,,,,,,,,,,,,,,,,,,,,,,,,,,,,,,,,,,,,,,,,2.0,RedBuff,GargoyleStoneplate,,,,,,2.0,TearOfTheGoddess,,,,,,,2.0,,,,,,,,,,,,2.0,,,,,,,,,,,,,,,,,,,,,,,,,,,,,,,,2.0,LastWhisper,StatikkShiv,,,,,,,,,,,,None,None,,,,,2.0,ZekesHerald,,,,,,,,,,,,,,,2.0,GuinsoosRageblade,MadredsBloodrazor,Bloodthirster,,,,,,,,,,,,
4,EUW1_5973162037,TFT7_Augment_RagewingScorch,TFT6_Augment_SunfireBoard,TFT6_Augment_Diversify2,1.0,,,1.0,,1.0,,,,,3.0,,0.0,,,,1.0,,,,,,,1.0,1.0,,0.0,,,,,,,,,,,,,,,,,,,,,,,,,,,,,,,,,,,,,,,,,,,,,,,,,,,,,,,,,,,,,,,,,,2.0,Morellonomicon,Redemption,,,,,,,,,,,,,,,,,,,,,,,,,,,,,,,,,,,,,,,,,,,,,,,,,,,,,,,,,,1.0,TitanicHydra,,,,,,,1.0,,,,,,,,2.0,,,,,,,,,,,,2.0,LocketOfTheIronSolari,,,,,,,,,,,,,,,,,,,,,,,,,,,,,,,2.0,FrozenHeart,RunaansHurricane,,,,,,,,,,,,None,None,,,,,2.0,,,,,,,,,,,,,,,,2.0,GuinsoosRageblade,MadredsBloodrazor,UnstableConcoction,,,,,,,,,,,,
5,EUW1_5973162037,TFT6_Augment_JeweledLotus,TFT6_Augment_TradeSectorPlus,TFT7_Augment_AxiomArc2,,,,,,,1.0,1.0,,1.0,,2.0,,,0.0,0.0,,,,,,,,1.0,1.0,,,,,,,,,,,,,,,,2.0,,,,,,,,,,,,,,,,,,,,,,,,,,,,,,,,2.0,RapidFireCannon,UnstableConcoction,,,,,,,,,,3.0,,,,,,,,,,,,,,,,,,,,,,,,3.0,InfinityEdge,SeraphsEmbrace,ArchangelsStaff,,,,,2.0,,,,3.0,GargoyleStoneplate,BrambleVest,DragonsClaw,,,,,,,,,,,,,,,,,,,,,,,,,,,,,,,,,,,,,,,,,,,,,,,,,,,,,,,,,,,,,,,,,,,,,,,,,,,,,,,,,,,,,,,,,,,,,3.0,,,,,,,,,,None,None,,,,,,,,,,,,,,,,,,,,,,,,,,,,,,,,,,,,
3,EUW1_5973162037,TFT7_Augment_BestFriends2,TFT6_Augment_SunfireBoard,TFT6_Augment_CyberneticImplants2,,,,1.0,0.0,,1.0,,1.0,,,,,1.0,,0.0,,1.0,,,0.0,1.0,,,,1.0,,2.0,,,,,,,,,,,,,,,,,,,,,,,,,,,,,2.0,GuinsoosRageblade,RunaansHurricane,MadredsBloodrazor,,,,,,,,,,,,,,,,,2.0,TearOfTheGoddess,GargoyleStoneplate,UnstableConcoction,,,,,,,,,,,,,,,,,2.0,,,,,,,,,,,,,,,,,,,,,,,,,,,,,,,,2.0,,,,,,,,,,,,,,,,,,,,,,,,,,,,,,,,,,,,,,,,,,,,,,,,,,,,,,,,,,,,,,,,2.0,MageEmblemItem,SpearOfShojin,HextechGunblade,,,,,,,,,2.0,IonicSpark,,,,,,,,,,,,,,,,,,,4.0,TrainerSnax,None,None,,,,,,,,,,,,,,,,,,,,,,,,,,,,,,,,,1.0,SpearOfShojin,,
6,EUW1_5973162037,TFT6_Augment_TradeSector,TFT6_Augment_SecondWind2,TFT6_Augment_SunfireBoard,,1.0,,1.0,,,,,0.0,,1.0,,,3.0,,1.0,,,,,0.0,1.0,,,,1.0,,0.0,,,,,,,,,,,,,,,,,,,,,,,,,,,,,,,,,,,,,,,,,,,,,,,,,,,,,,,,,,,,,,,,,,,,,2.0,,,,2.0,MageEmblemItem,,,,,,,,,,,,,,,,,,,,,,,,,,,1.0,,,,3.0,ThiefsGloves,RunaansHurricane,SeraphsEmbrace,,,,,,,,,,,,,,,,,,,,,,,,,,,,,3.0,SpearOfShojin,JeweledGauntlet,InfinityEdge,,,,,,,,,,,,,,,,,,,,,,,,,,,,,,,,,,,,,2.0,RedBuff,BrambleVest,,,,,,,,,,,,,,,,,,2.0,TrainerSnax,None,None,,,,,,,,,,,,,2.0,,,,,,,,,,,,,,,,,,,,1.0,StatikkShiv,,
1,EUW1_5973144072,TFT6_Augment_Electrocharge2,TFT6_Augment_BlueBattery2,TFT6_Augment_MakeshiftArmor2,,1.0,,1.0,,,,,1.0,,1.0,,,3.0,,1.0,,0.0,,,0.0,1.0,,,,1.0,,0.0,,,,,,,,,,,,,,,,,,,,,,,,,,,,,,,,,,,,,,,,,,,,,,,,,,,,,,,,,,,,,,,,,,,,,2.0,Chalice,,,3.0,,,,,,,,,,,,,,,,,,,,,,,,,,,,2.0,MageEmblemItem,ArchangelsStaff,SpearOfShojin,3.0,ArchangelsStaff,ArchangelsStaff,RapidFireCannon,,,,,,,,,,,,,,,,,,,,,,,,,,,,,2.0,,,,,,,,,,,,,,,,,,,,,,,,,,,,1.0,,,,,,,,,,,,2.0,IonicSpark,HextechGunblade,FrozenHeart,,,,,,,,,,,,,,,,,4.0,TrainerSnax,None,None,,,,,,,,,,,,,3.0,,,,,,,,,,,,,,,,,,,,1.0,,,
8,EUW1_5973144072,TFT6_Augment_MetabolicAccelerator,TFT7_Augment_GuildEmblem,TFT7_Augment_GadgetExpert,,,,1.0,0.0,,1.0,,1.0,,2.0,,,1.0,,0.0,,0.0,,,,,,,,2.0,,2.0,,,,,,,,,,,,,,,,,,,,,,,,,,,,,,,,,,,,,,,,,,,,,,,,,1.0,GuildEmblemItem,MadredsBloodrazor,Quicksilver,,,,,,,,,,,,,,,,,1.0,,,,,,,,,,,,,,,,,,,,,,,,,,,,,,,,2.0,,,,,,,,,,,,,,,,,,,,,,,,,,,,,,,,,,,,2.0,StatikkShiv,SpearOfShojin,JeweledGauntlet,,,,,,,,,,,,,,,,,,,,,,,,,1.0,,,,,,,,,,,,1.0,Redemption,RedBuff,GiantsBelt,,,,,,,,,,,,,,,,,2.0,TrainerSnax,None,None,1.0,ZekesHerald,,,,,,,,,,,,,,,,,,,,,,,,,,,,,,,,,,
3,EUW1_5973144072,TFT6_Augment_CyberneticShell2,TFT6_Augment_TradeSectorPlus,TFT6_Augment_PortableForge,,,,0.0,,,1.0,1.0,,,,2.0,0.0,,0.0,0.0,,,,1.0,,,,0.0,1.0,,0.0,,,,,,,,,,,,,,2.0,NeedlesslyLargeRod,,,,,,,,,,,,,,,,,,,,,,,,,,,,,,,2.0,TitansResolve,MadredsBloodrazor,OrnnDeathsDefiance,,,,,,,,,,,,,2.0,SparringGloves,,,,,,,,,,,,,,,,,,,,,,,,,,,2.0,TitansResolve,,,,,,,,,,,,,,,,,,,2.0,RedBuff,,,,,,,,,,,,,,,2.0,BrambleVest,,,,,,,,,,,,,,,,,,,,,,,,,,,,,,,,,,,,,,,,,,,,,,,,,,,,,,,,,,,,,,,,,,,,,,,,,None,None,,,,,,,,,,,,,,,,,,,,,,,,,2.0,HextechGunblade,SeraphsEmbrace,GuardianAngel,,,,,,,,
6,EUW1_5973144072,TFT7_Augment_GuildLoot,TFT6_Augment_TradeSectorPlus,TFT7_Augment_SwiftshotPressTheAttack,1.0,,,1.0,,1.0,,,,,3.0,,0.0,,,,1.0,,,,,,,1.0,1.0,,0.0,,,,,,,,,,,,,,,,,,,,,,,,,,,,,,,,,,,,,,,,,,,,,,,,,,,,,,,,,,,,,,,,,,2.0,TitanicHydra,WarmogsArmor,GargoyleStoneplate,,,,,,,,,,,,,,,,,,,,,,,,,,,,,,,,,,,,,,,,,,,,,,,,,,,,,,,,,1.0,,,,,,,,2.0,ThiefsGloves,RecurveBow,UnstableConcoction,,,,,2.0,TitanicHydra,,,,,,,,,,,2.0,,,,,,,,,,,,,,,,,,,,,,,,,,,,,,,,1.0,GuardianAngel,IonicSpark,,,,,,,,,,,,None,None,,,,,2.0,,,,,,,,,,,,,,,,2.0,MadredsBloodrazor,Quicksilver,GuinsoosRageblade,,,,,,,,,,,,
7,EUW1_5973144072,TFT7_Augment_TempestEyeOfTheStorm,TFT6_Augment_PortableForge,TFT7_Augment_JadeTrait,0.0,,,0.0,,,1.0,,,,1.0,1.0,,1.0,,,,,,1.0,0.0,1.0,,,2.0,,,0.0,,,,,,,,,1.0,StatikkShiv,OrnnMuramana,ArchangelsStaff,,,,,,,,,,,,,,,,,,,,,,,,,,,,,,,,,,,,,,,,,,,,,,,,,2.0,,,,,,,,,,,,,,,,,,,,,,,,,,,,,,,,,,,,,,,,,,,,,,,,1.0,Bloodthirster,Quicksilver,BrambleVest,,,,,,,,,,,,,,,,,,,,,2.0,,,,1.0,,,,,,,,,,,,,,,,,,,,,,,,,,,,,,,,,,,,,,,,1.0,ZekesHerald,,,,,,,,,,,,,,,,,,,,,None,None,,,,,,,,,,,,,,,,,,,,,,,,,,,,,,,,,2.0,NeedlesslyLargeRod,,
5,EUW1_5973144072,TFT6_Augment_Meditation2,TFT7_Augment_DragonHorde,TFT6_Augment_CelestialBlessing2,0.0,,,1.0,,,2.0,0.0,,0.0,,,0.0,,2.0,,0.0,,,,1.0,,,,1.0,,1.0,,,,,,,,,,,,,,,,,,,,,,,,,,,,,,,,,,,,,,2.0,ShimmerscaleGoldmancersStaff,SpearOfShojin,ArchangelsStaff,2.0,RedBuff,IonicSpark,Quicksilver,,,,,,,,,,,,,,,,,,,,,,,,,,,,,,,,,,,,,,,,,,,,,,,,,,,,,,,,,,,,,,,,,,,,,,,,,,,,,,,,,1.0,,,,,,,,2.0,,,,,,,,,,,,,,,,,,,,2.0,,,,,,,,,,,,,,,,,,,,,,,,,,,,,,,,,,,,,,,,,,,,,,None,None,,,,,,,,,,,,,,,,,,,,,,,,,1.0,UnstableConcoction,StatikkShiv,GuardianAngel,,,,,,,,
2,EUW1_5973144072,TFT6_Augment_ThrillOfTheHunt2,TFT6_Augment_ComponentGrabBag,TFT6_Augment_Diversify2,1.0,,1.0,1.0,,0.0,,,,,3.0,,0.0,,,0.0,1.0,,,,,,,1.0,1.0,,0.0,,,,,,,,,,,,,,,,,,,,,,2.0,SpearOfShojin,,,,,,,,,,,,,,,,,,,,,,,,,,,,,,,,,,,,,,,,,,,2.0,ThiefsGloves,GiantsBelt,DragonsClaw,,,,,,,,,,,,,,,,,,,,,,,,,,,,,,,,,,,,,,,,,,,,,,,,,,,,,,,,,2.0,RedBuff,WarmogsArmor,,,,,,2.0,FrozenHeart,,,,,,,,,,,,,,,,,,,2.0,,,,,,,,,,,,,,,,,,,,,,,,,,,,,,,,2.0,TitansResolve,UnstableConcoction,LastWhisper,,,,,,,,,,,None,None,,,,,2.0,,,,,,,,,,,,,,,,2.0,MadredsBloodrazor,GuinsoosRageblade,Quicksilver,,,,,,,,,,,,
4,EUW1_5973144072,TFT7_Augment_RagewingScorch,TFT7_Augment_BestFriends2,TFT6_Augment_JeweledLotus,,,,1.0,,,,2.0,,,,1.0,0.0,,,,1.0,,,1.0,,,,0.0,1.0,,0.0,,,,,,,,,,,,,,2.0,,,,,,,,,,,,,,,,,,,,,,,,,,,,,,,,,,,,,,,,,,,,,,,,,,,,,,,,,,,,,,,,,,,,2.0,,,,,,,,2.0,UnstableConcoction,Morellonomicon,BFSword,,,,,,,,,,,,,,,,,2.0,DragonmancerEmblemItem,WarmogsArmor,IonicSpark,,,,,,,,,,,,,1.0,,,,,,,,,,,,,,,,,,,,,,,,2.0,,,,2.0,,,,,,,,,,,,,,,,,,,,3.0,Quicksilver,ArchangelsStaff,GuinsoosRageblade,,,,,,,,,,,,,,,,,,,,,,,None,None,,,,,,,,,,,,,,,,,,,,,,,,,,,,,,,,,,,,
8,EUW1_5973068281,TFT7_Augment_BruiserTitanicStrength,TFT7_Augment_BigFriend,TFT6_Augment_ItemGrabBag2,,0.0,,2.0,,,,,,,,,,,0.0,,0.0,0.0,0.0,,,,,,,,1.0,,,,,,,,,,,,,,,,,,,,,,,,,,,,,,,,,,,,,,,,,,,,,,,,,,,,,,,,,,,,,,,,,,,,,,,,,,1.0,,,,,,,,,,,,,,,,,,,,,,,,,,,,,,,,,,,,,,,,,,,,,,,,1.0,,,,,,,,,,,,,,,,,,,,,,,,,,,,,,,,2.0,TearOfTheGoddess,,,,,,,,,,,,,,,,,,,,,,,,,,,1.0,,,,,,,,,,,,,,,,,,None,None,,,,,,,,,,,,,,,,,,,,,,,,,,,,,1.0,BFSword,,,,,,
7,EUW1_5973068281,TFT6_Augment_SunfireBoard,TFT7_Augment_BandOfThieves1,TFT7_Augment_GuardianEmblem2,,,,,,,1.0,0.0,,2.0,,2.0,,,0.0,0.0,,,0.0,,,,,1.0,0.0,,,,,,,,,,,,,,,,2.0,,,,,,,,,,,,1.0,,,,,,,,,,,,,,,,,,,,1.0,GuardianEmblemItem,IonicSpark,GargoyleStoneplate,,,,,,,,,3.0,ArchangelsStaff,MadredsBloodrazor,HextechGunblade,,,,,,,,,,,,,,,,,,,,,2.0,,,,,,,,,,,,3.0,GargoyleStoneplate,IonicSpark,BrambleVest,,,,,,,,,,,,,,,,,,,,,,,,,,,,,,,,,,,,,,,,,,,,,,,,,,,,,,,,,,,,,,,,,,,,,,,,,,,,,,,,,,,,,,,,,,,,,2.0,ThiefsGloves,TearOfTheGoddess,FrozenHeart,,,,,,,None,None,,,,,,,,,,,,,,,,,,,,,,,,,,,,,,,,,,,,
6,EUW1_5973068281,TFT7_Augment_BruiserEmblem,TFT6_Augment_SecondWind1,TFT6_Augment_Diversify3,,,,1.0,1.0,,1.0,,0.0,1.0,,,,,,,0.0,2.0,,,1.0,,,,,,0.0,0.0,,,,,,,,,,,,,,,,,,,,,,,,,,,,,2.0,MadredsBloodrazor,GuinsoosRageblade,UnstableConcoction,,,,,,,,,2.0,RedBuff,GargoyleStoneplate,ShimmerscaleDiamondHands,,,,,,,,,,,,,,,,,,,,,,,,,,,,,,,,,1.0,,,,,,,,,,,,,,,,,,,,,,,,,,,,,,,,,,,,,,,,,,,,,,,,,,,,,,,,,,,,,,,,,,,,,,,,,,,,2.0,IonicSpark,TitanicHydra,,,,,,,,,,2.0,BruiserEmblemItem,RabadonsDeathcap,,,,,,,,,,,,,,,,,,,,,,,,,,2.0,,,,,,None,None,,,,,,,,,,,,,,,,,,,,,,,,,,,,,,,,,,,,
4,EUW1_5973068281,TFT7_Augment_AssassinEmblem,TFT7_Augment_AssassinTrait,TFT6_Augment_HighEndShopping,3.0,,,1.0,,,1.0,,,,1.0,,0.0,0.0,,,0.0,,0.0,,0.0,,,,1.0,,,2.0,,,,,,,,,,,,,,,,,,,,,,,,,,,,,,,,,2.0,RedBuff,FrozenHeart,InfinityEdge,,,,,,,,,,,,,2.0,Bloodthirster,InfinityEdge,AssassinEmblemItem,,,,,,,,,,,,,,,,,,,,,,,,,,,,,,,,,1.0,,,,,,,,,,,,,,,,,,,,,,,,,,,,,,,,,,,,,,,,2.0,Shroud,ChainVest,,,,,,2.0,IonicSpark,,,,,,,,,,,,,,,,,,,,,,,,,,,,,,,,,,,,,,,,,,,1.0,,,,,,,,1.0,MadredsBloodrazor,,,,,,,,,,,,,None,None,,,,,,,,,,,,,,,,,,,,,,,,,,,,,,,,,,,,
1,EUW1_5973068281,TFT7_Augment_JadeTrait,TFT7_Augment_LategameSpecialist,TFT6_Augment_MaxLevel10,,,1.0,1.0,,,1.0,0.0,,,2.0,0.0,0.0,1.0,0.0,0.0,,,,,0.0,1.0,1.0,,2.0,,0.0,0.0,,,,,,,,,2.0,SpearOfShojin,HextechGunblade,ArchangelsStaff,,,,,,,,,2.0,,,,,,,,,,,,,,,,,,,,,,,,,,,,,,,,,,,,,,,,,,,,,,,,,,,,,,,,,,,,,,,,,,,,,,,,,,,,,,,,,,,,,,,,,,,,,,,,,,,,,,,,2.0,GargoyleStoneplate,DragonsClaw,WarmogsArmor,,,,,,,,,1.0,,,,,,,,,,,,,,,,,,,,,,,,,,,,,,,,2.0,LocketOfTheIronSolari,Shroud,,,,,,1.0,GargoyleStoneplate,,,,,,,,,,,,,,,,,,,,,None,None,,,,,,,,,,,,,,,,,,,,,,,,,2.0,RedBuff,Redemption,BrambleVest,,,,,2.0,Quicksilver,,
3,EUW1_5973068281,TFT6_Augment_TradeSector,TFT6_Augment_Featherweights1,TFT6_Augment_FuturePeepers2,,0.0,1.0,,,,1.0,0.0,,,1.0,1.0,,0.0,0.0,0.0,1.0,,,2.0,0.0,1.0,1.0,,,,0.0,,,,,,,,,,,,,,,,,,,,,,2.0,,,,,,,,,,,,,,,,,,,,,,,,,,,,,,,,,,,,,,,,2.0,BFSword,,,,,,,,,,,,,,,,,,,,,,,,,,,,,,,,,,,,,,,,,,,,,,,2.0,RedBuff,,,3.0,Quicksilver,UnstableConcoction,GuinsoosRageblade,,,,,,,,,,,,,,,,,,,,,,,,,,,,,,,,,,,,,,,,,2.0,TitansResolve,FrozenHeart,HextechGunblade,,,,,,,,,1.0,ZephyrRadiant,,,,,,,,,,,,,,,,,,,,,,,,,,,,,None,None,,,,,,,,,,,,,,,,,,,,,,,,,2.0,LastWhisper,SeraphsEmbrace,,,,,,2.0,,,
2,EUW1_5973068281,TFT7_Augment_BestFriends2,TFT6_Augment_Recombobulator,TFT6_Augment_TheGoldenEgg,1.0,0.0,1.0,,,,1.0,0.0,0.0,,2.0,0.0,,0.0,0.0,2.0,1.0,,,1.0,,,,,,0.0,0.0,0.0,,,,,,,,,,,,,,,,,,,,,2.0,RecurveBow,StatikkShiv,,,,,,,,,,,,,,,,,,,,,,,,,,,,,,,,,,,,,,,,,,,,,,,,,,,,,,,,,,,,,,,,,,,,,,,,,,,,,,2.0,,,,1.0,,,,2.0,WarmogsArmor,PowerGauntlet,WarmogsArmor,,,,,,,,,,,,,,,,,2.0,SeraphsEmbrace,UnstableConcoction,OrnnObsidianCleaver,,,,,,,,,,,,,,,,,,,,,,,,,2.0,HandOfJusticeRadiant,RedBuff,UnstableConcoction,,,,,,,,,,,,,,,,,,,,,,,,,2.0,MadredsBloodrazor,,,,,,,,,,,,,None,None,,,,,,,,,,,,,,,,,,,,,,,,,2.0,AssassinEmblemItem,Quicksilver,UnstableConcoction,,,,,,,,
5,EUW1_5973068281,TFT7_Augment_BruiserEmblem,TFT6_Augment_TinyTitans,TFT6_Augment_MaxLevel10,,,,2.0,,1.0,1.0,0.0,,,,,0.0,0.0,2.0,,0.0,,,,,,,,1.0,,0.0,0.0,,,,,,,,,,,,,,,,,,,,,,,,,,,,,,,,,,,,,2.0,ArchangelsStaff,GuinsoosRageblade,MadredsBloodrazor,,,,,,,,,,,,,,,,,,,,,,,,,2.0,TearOfTheGoddess,RedBuff,,,,,,,,,,,,,,,,,,,,,,1.0,,,,,,,,,,,,,,,,,,,,,,,,,,,,2.0,FrozenHeart,WarmogsArmor,BruiserEmblemItem,,,,,2.0,ThiefsGloves,Chalice,PowerGauntlet,,,,,,,,,,,,,,,,,,,,,,,,,2.0,,,,,,,,,,,,,,,,,,,,,,,,2.0,,,,,,,,,,,,,,,,,,,,,,None,None,,,,,,,,,,,,,,,,,,,,,,,,,,,,,,,,,,,,
3,EUW1_5972830267,TFT6_Augment_CalculatedLoss,TFT7_Augment_FirstAidKit2,TFT6_Augment_PortableForge,,0.0,,1.0,,,1.0,,0.0,,1.0,,,2.0,,1.0,,,,,0.0,1.0,,,,1.0,,2.0,,,,,,,,,,,,,,,,,,,,,,,,,,,,,,,,,,,,,,,,,,,,,,,,,2.0,GuardianAngel,Bloodthirster,,,,,,,,,,,,,,,,,,2.0,Shroud,,,,,,,,,,,,,,,,,,,,,,,,,,,,,,,2.0,,,,2.0,,,,,,,,,,,,,,,,,,,,,,,,,,,,,,,,2.0,OrnnMuramana,SpearOfShojin,ArchangelsStaff,,,,,,,,,,,,,,,,,,,,,,,,,,,,,,,,,,,,,2.0,RedBuff,IonicSpark,DragonsClaw,,,,,,,,,,,,,,,,,3.0,TrainerSnax,None,None,,,,,,,,,,,,,,,,,,,,,,,,,,,,,,,,,1.0,StatikkShiv,,
8,EUW1_5972830267,TFT7_Augment_Preparation2,TFT6_Augment_TradeSectorPlus,TFT7_Augment_BestFriends2,,,,,1.0,,1.0,,1.0,1.0,,,,,,0.0,,1.0,0.0,,1.0,,,,,1.0,,,,,,,,,,,,,,,,,,,,,,,,,,,2.0,IonicSpark,WarmogsArmor,ShimmerscaleDeterminedInvestor,2.0,,,,,,,,,,,,1.0,ArchangelsStaff,,,,,,,,,,,,,,,,,,,,,,,,,,,,,,,,,,,,,,,,,,,,,,,,,,,,,,,,,,,2.0,,,,,,,,,,,,,,,,,,,,,,,,,,,,,,,,,,,,,,,,,,,,,,,,,,,,,,,,,,,,,,,,1.0,,,,,,,,,,,,,,,,,,,,,,,,,,,,,,,,2.0,TrainerSnax,None,None,2.0,UnstableConcoction,NeedlesslyLargeRod,,,,,,,,,,,,,,,,,,,,,,,,,,,,,,,,,
7,EUW1_5972830267,TFT6_Augment_CyberneticShell2,TFT7_Augment_FirstAidKit2,TFT6_Augment_Diversify2,,1.0,,1.0,,,1.0,,1.0,,,,0.0,2.0,,1.0,,,,,0.0,1.0,,,0.0,1.0,,0.0,,,,,,,,,,,,,,,,,1.0,SpearOfShojin,MageEmblemItem,GuinsoosRageblade,,,,,,,,,,,,,,,,,,,,,,,,,,,,,,,,,,,,,,,,,,,,,,,,,1.0,,,,,,,,,,,,,,,,,,,,,,,,,,,,,,,,1.0,,,,2.0,,,,,,,,,,,,,,,,,,,,1.0,LastWhisper,,,,,,,,,,,,,,,,,,,,,,,,,,,,,,,,,,,,,,,,,,,,,,,,,,,2.0,RedBuff,GargoyleStoneplate,,,,,,,,,,,,,,,,,,2.0,TrainerSnax,None,None,,,,,,,,,,,,,,,,,,,,,,,,,,,,,,,,,1.0,RecurveBow,,
5,EUW1_5972830267,TFT6_Augment_CelestialBlessing2,TFT6_Augment_RichGetRicherPlus,TFT6_Augment_CyberneticImplants2,,,1.0,,,,1.0,0.0,1.0,,1.0,2.0,0.0,,0.0,2.0,,,,1.0,,,,,,0.0,0.0,,,,,,2.0,GuinsoosRageblade,RecurveBow,,,,,,,,,,,,,,1.0,,,,,,,,,,,,,,,,,,,,,,,,2.0,Bloodthirster,TitansResolve,GuardianAngel,,,,,,,,,,,,,2.0,,,,,,,,,,,,,,,,,,,,,,,,,,,,,,,,,,,,,,,,1.0,,,,,,,,2.0,RedBuff,Redemption,Quicksilver,,,,,,,,,,,,,,,,,,,,,,,,,,,,,,,,,,,,,,,,,,,,,,,,,,,,,,,,,,,,,,,,,,,,,,,,,,,,,,,,,,,,,,,None,None,,,,,,,,,,,,,,,,,,,,,,,,,2.0,ThiefsGloves,Morellonomicon,IonicSpark,,,,,,,,
4,EUW1_5972830267,TFT6_Augment_CyberneticUplink2,TFT6_Augment_ComponentGrabBag,TFT6_Augment_CyberneticImplants2,,,,1.0,1.0,,,0.0,1.0,,,,0.0,1.0,0.0,0.0,,2.0,,,,,,,0.0,1.0,0.0,0.0,,,,,,,,,,,,,,,,,,,,,,,,,,,,,1.0,UnstableConcoction,MadredsBloodrazor,InfinityEdge,,,,,,,,,,,,,,,,,,,,,,,,,,,,,,,,,,,,,2.0,NeedlesslyLargeRod,,,,,,,2.0,NeedlesslyLargeRod,,,,,,,,,,,,,,,,,,,,,,,2.0,GiantsBelt,,,,,,,,,,,,,,,,,,,,,,,2.0,Redemption,,,,,,,,,,,,,,,,,,,,,,,,,,,,,,,,,,,,,,,2.0,MageEmblemItem,,,,,,,,,,,2.0,NegatronCloak,TitansResolve,TitanicHydra,,,,,,,,,,,,,,,,,4.0,TrainerSnax,None,None,,,,,,,,,,,,,,,,,,,,,,,,,1.0,ZekesHerald,,,,,,,,,,
1,EUW1_5972830267,TFT6_Augment_Electrocharge2,TFT7_Augment_ScalescornEmblem,TFT6_Augment_TomeOfTraits1,2.0,,,1.0,,,,,,1.0,2.0,,0.0,,,,,,2.0,,,,,0.0,1.0,,0.0,1.0,,,,,,,,,,,,,,,,,,,,,,,,,2.0,Redemption,IonicSpark,,,,,,3.0,ThiefsGloves,PowerGauntlet,LastWhisper,,,,,,,,,,,,,,,,,,,,,,,,,,,,,,,,,,,,,,,,,,,,,,,,,,,,,,,,,,,,,,,,,,,,,,,,,,,,,,,,,,,,,3.0,RunaansHurricane,AssassinEmblemItem,Bloodthirster,1.0,,,,,,,,1.0,,,,,,,,,,,,,,,,,,,,,,,,,,,,,,,,,,,,,,,,,,,,,,,,,,,,1.0,ScalescornEmblemItem,WhispersEmblemItem,LastWhisper,,,,,3.0,LocketOfTheIronSolari,,,,,None,None,,,,,1.0,,,,,,,,,,,,,,,,,,,,,,,,,,,,,,,
2,EUW1_5972830267,TFT6_Augment_Meditation2,TFT6_Augment_Ascension,TFT6_Augment_ComponentGrabBag,,1.0,1.0,1.0,,,,,1.0,,2.0,,,2.0,,2.0,,0.0,,,,,,,,1.0,,0.0,,,,,,,,,,,,,,,,,,,,,1.0,GuinsoosRageblade,,,,,,,,,,,,,,,,,,,,,,,,,,,,,,,,,,,,,,,,,,,,,,,2.0,,,,2.0,GargoyleStoneplate,Morellonomicon,,,,,,,,,,,,,,,,,,,,,,,,,,2.0,,,,3.0,StatikkShiv,GuinsoosRageblade,SpearOfShojin,,,,,,,,,,,,,,,,,,,,,,,,,,,,,2.0,,,,,,,,,,,,,,,,,,,,,,,,,,,,1.0,,,,,,,,,,,,2.0,DragonsClaw,GargoyleStoneplate,RedBuff,,,,,,,,,,,,,,,,,2.0,TrainerSnax,None,None,,,,,,,,,,,,,1.0,PowerGauntlet,,,,,,,,,,,,,,,,,,,,,,
6,EUW1_5972830267,TFT7_Augment_GuildEmblem,TFT6_Augment_Ascension,TFT7_Augment_BestFriends2,0.0,1.0,,1.0,,0.0,,,,,6.0,,0.0,1.0,,0.0,,,,,,,,1.0,0.0,,,,,,,,,,,,,,,,,,,,,,,,,,,,,,,,,,,,,,,,,,,,,,,,,,,,,,,,,,,,,,,,,,,,,,,,,,,,2.0,GargoyleStoneplate,TitansResolve,,,,,,,,,,,,,,,,,,,,,,,,,,,,,,2.0,ArchangelsStaff,,,,,,,,,,,,,,,,,,,2.0,MageEmblemItem,GuildEmblemItem,,,,,,,,,,2.0,,,,2.0,,,,,,,,,,,,,,,,,,,,,,,,,,,,,,,,,,,,,,,,,,,,2.0,Bloodthirster,,,,,,,,,,,,,None,None,,,,,2.0,UnstableConcoction,,,3.0,GuinsoosRageblade,GuildEmblemItem,MadredsBloodrazor,,,,,,,,,,,,,,,,,,,,,,,,
2,EUW1_5972362445,TFT6_Augment_Electrocharge1,TFT7_Augment_DragonAlliance,TFT6_Augment_RadiantRelics,1.0,,1.0,1.0,,,2.0,,,1.0,2.0,,,0.0,,0.0,,,,,1.0,,,,,,,3.0,,,,,,,,,,,,,,,,,,,,,1.0,,,,,,,,,,,,,,,,,,,,2.0,GargoyleStoneplate,DragonsClaw,RabadonsDeathcap,,,,,2.0,GuinsoosRageblade,UnstableConcoction,QuicksilverRadiant,,,,,,,,,,,,,,,,,,,,,,,,,,,,,,,,,,,,,,,,,,,,,,,,,,,,,,,,,,,,,,,,,,,,,,,,,,,,,2.0,InfinityEdge,ShimmerscaleGoldmancersStaff,UnstableConcoction,,,,,,,,,,,,,,,,,,,,,,,,,,,,,,,,,,,,,,,,,,,,,2.0,GargoyleStoneplate,,,,,,,2.0,ZekesHerald,ZekesHerald,RunaansHurricane,,,,,2.0,,,,,,None,None,,,,,,,,,,,,,,,,,,,,,,,,,,,,,,,,,,,,
6,EUW1_5972362445,TFT7_Augment_AFK,TFT6_Augment_Ascension,TFT6_Augment_Distancing3,,,1.0,,,2.0,1.0,0.0,,,2.0,,,,3.0,0.0,0.0,,,,,,,,,,1.0,,,,,,,,,,,,,,,,,,,,,,1.0,,,,,,,,,,,,,,,,2.0,UnstableConcoction,JeweledGauntlet,MadredsBloodrazor,,,,,,,,,,,,,,,,,,,,,,,,,2.0,,,,,,,,,,,,,,,,,,,,,,,,,,,,,,,,,,,,,,,,,,,,,,,,,,,,2.0,WarmogsArmor,,,,,,,,,,,,,,,,,,,,,,,2.0,,,,,,,,,,,,,,,,,,,,,,,,,,,,,,,,,,,,,,,,,,,,,,,,,,,,,,,,,,None,None,,,,,,,,,,,,,,,,,,,,,,,,,1.0,TitansResolve,TitansResolve,GuardianAngel,2.0,,,,,,,
8,EUW1_5972362445,TFT7_Augment_AssassinTrait,TFT7_Augment_DragonHorde,TFT7_Augment_ThinkFast,1.0,,,1.0,,,2.0,,,,1.0,0.0,,0.0,,,,,,1.0,,,,,,,,3.0,,,,,,,,,,,,,,,,,,,,,,,,,,,,,,,,,,,,,,,,,,,,,,,,,1.0,Quicksilver,GuinsoosRageblade,,2.0,,,,,,,,,,,,,,,,,,,,,,,,,,,,,,,,,,,,,,,,,,,,,,,,,,,,,,,,2.0,WarmogsArmor,,,,,,,,,,,,,,,,,,,1.0,,,,,,,,,,,,,,,,,,,,,,,,,,,,,,,,,,,,,,,,,,,,,,,,2.0,,,,,,,,2.0,InfinityEdge,SparringGloves,,,,,,,,,,,,None,None,,,,,,,,,,,,,,,,,,,,,,,,,,,,,,,,,,,,
7,EUW1_5972362445,TFT6_Augment_Featherweights1,TFT7_Augment_MirageHallucinate,TFT6_Augment_ItemGrabBag2,,,,,,3.0,1.0,0.0,,,1.0,,,0.0,3.0,,0.0,,0.0,,,,,,,,1.0,,,,,,,,,,,,,,,,,,,,,,,,,,,,,,,,,,,,,,1.0,JeweledGauntlet,UnstableConcoction,StatikkShiv,,,,,,,,,,,,,,,,,,,,,,,,,1.0,TearOfTheGoddess,,,,,,,,,,,,,,,,,,,,,,,,,,,,,,,1.0,,,,,,,,,,,,,,,,,,,,3.0,Redemption,RedBuff,DragonsClaw,,,,,,,,,,,,,,,,,,,,,2.0,TitanicHydra,,,,,,,,,,,,,,,,,,,,,,,,,,,,,,,,,,,,,,,,,,,,,,,,,,,,,,,,,None,None,,,,,,,,,,,,,,,,,,,,,,,,,1.0,Bloodthirster,FrozenHeart,RedBuff,2.0,,,,,,,
3,EUW1_5972362445,TFT6_Augment_SecondWind1,TFT6_Augment_Diversify2,TFT6_Augment_FuturePeepers2,,0.0,,2.0,,,1.0,,,,1.0,,0.0,0.0,,,,,,,,,,2.0,1.0,,,2.0,,,,,,,,,,,,,,,,,,,,,,,,,,,,,,,,,,,,,,,,,,,,,,,,,2.0,LastWhisper,,,,,,,2.0,,,,,,,,,,,,,,,,3.0,RedBuff,Redemption,Bloodthirster,,,,,,,,,,,,,,,,,,,,,,,,,,,,,,,,,,,,,,,,,,,,,,,,,2.0,SwiftshotEmblemItem,SpearOfShojin,ZephyrRadiant,,,,,,,,,,,,,,,,,,,,,,,,,,,,,,,,,,,,,,,,,,,,,,,,,2.0,TitanicHydra,,,,,,,,,,,,,,,,,,,,,None,None,,,,,2.0,,,,3.0,GuinsoosRageblade,MadredsBloodrazor,RunaansHurricane,,,,,,,,,,,,,,,,,,,,,,,,
4,EUW1_5972362445,TFT6_Augment_CyberneticImplants1,TFT7_Augment_BruiserTitanicStrength,TFT6_Augment_GrandGambler,1.0,,,2.0,,0.0,,,,0.0,,,0.0,0.0,,,0.0,,2.0,,,,,,1.0,,1.0,0.0,,,,,,,,,,,,,,,,,,,,,,,,,2.0,,,,,,,,3.0,InfinityEdge,ArchangelsStaff,ArchangelsStaff,,,,,,,,,,,,,,,,,,,,,,,,,,,,,,,,,,,,,,,,,,,,,,,,,,,,,,,,,,,,,2.0,,,,,,,,,,,,,,,,,,,,,,,,3.0,Bloodthirster,Quicksilver,MadredsBloodrazor,1.0,WarmogsArmor,,,,,,,2.0,LocketOfTheIronSolari,FrozenHeart,PowerGauntlet,,,,,,,,,,,,,,,,,2.0,,,,,,,,,,,,,,,,,,,,,,,,2.0,,,,,,,,,,,,,,,,,,,,,,None,None,,,,,,,,,,,,,,,,,,,,,,,,,,,,,,,,,,,,
1,EUW1_5972362445,TFT6_Augment_CyberneticUplink1,TFT7_Augment_AssassinEmblem,TFT7_Augment_TomeOfTraits2,3.0,,,,,,1.0,0.0,,,1.0,2.0,,,0.0,0.0,,,,1.0,,,,1.0,0.0,,0.0,0.0,,,,,,,,,,,,,2.0,RecurveBow,,,,,,,,,,,,,,,,,,,,,,,,,,,,,,,2.0,HextechGunblade,InfinityEdge,AssassinEmblemItem,,,,,,,,,,,,,2.0,,,,,,,,,,,,,,,,,,,,,,,,,,,,,,,,,,,,,,,,,,,,,,,,2.0,AssassinEmblemItem,WarmogsArmor,UnstableConcoction,,,,,,,,,,,,,,,,,2.0,RedBuff,SwiftshotEmblemItem,,2.0,RecurveBow,,,,,,,,,,,,,,,,,,,,,,,,,,,,,,,,,,,,,,,,,,,,,,,,,,,2.0,StatikkShiv,SwiftshotEmblemItem,Deathblade,,,,,,,,,,,None,None,,,,,,,,,,,,,,,,,,,,,,,,,2.0,GargoyleStoneplate,AssassinEmblemItem,Deathblade,,,,,,,,
5,EUW1_5972362445,TFT6_Augment_Electrocharge1,TFT7_Augment_BruiserEmblem,TFT6_Augment_ForceOfNature,2.0,,,2.0,,,1.0,,,0.0,1.0,,0.0,0.0,,,0.0,,,,0.0,,,,1.0,,,3.0,,,,,,,,,,,,,,,,,,,,,,,,,,,,,,,,,,,,,,,,,,,,,,,,,2.0,Quicksilver,UnstableConcoction,IonicSpark,,,,,,,,,,,,,,,,,,,,,,,,,,,,,,,,,2.0,,,,,,,,,,,,,,,,,,,,,,,,,,,,,,,,,,,,,,,,2.0,,,,1.0,BruiserEmblemItem,FrozenHeart,ArchangelsStaff,2.0,,,,,,,,,,,,,,,,,,,,,,,,,,,,,,,,,,,,,,,,,,,,2.0,FrozenHeart,RedBuff,GiantsBelt,,,,,2.0,InfinityEdge,,,,,,,1.0,,,,,,None,None,,,,,,,,,,,,,,,,,,,,,,,,,,,,,,,,,,,,
6,EUW1_5972317433,TFT6_Augment_PortableForge,TFT6_Augment_TradeSectorPlus,TFT7_Augment_BestFriends2,,0.0,1.0,1.0,,,,,0.0,,2.0,,,2.0,,2.0,,,,,0.0,1.0,,,,1.0,,0.0,,,,,,,,,,,,,,,,,,,,,1.0,,,,,,,,,,,,,,,,,,,,,,,,,,,,,,,,,,,,,,,,,,,,,,,,2.0,LastWhisper,,,3.0,ThiefsGloves,SeraphsEmbrace,Morellonomicon,,,,,,,,,,,,,,,,,,,,,,,,,2.0,,,,3.0,,,,,,,,,,,,,,,,,,,,,,,,,,,,,,,,2.0,HextechGunblade,OrnnMuramana,JeweledGauntlet,,,,,,,,,,,,,,,,,,,,,,,,,,,,,,,,,,,,,2.0,GargoyleStoneplate,TitanicHydra,BrambleVest,,,,,,,,,,,,,,,,,1.0,TrainerSnax,None,None,,,,,,,,,,,,,,,,,,,,,,,,,,,,,,,,,1.0,LastWhisper,,
1,EUW1_5972317433,TFT6_Augment_Electrocharge2,TFT6_Augment_CelestialBlessing2,TFT6_Augment_Ascension,0.0,,1.0,1.0,,3.0,,0.0,,0.0,2.0,,,0.0,0.0,0.0,0.0,,2.0,,,,,,,,1.0,,,,,,,,,,,,,,,,,,,,,,1.0,Zephyr,SpearOfShojin,StatikkShiv,2.0,TitanicHydra,,,,,,,2.0,,,,,,,,,,,,,,,,,,,,,,,,,,,,,,,,2.0,,,,,,,,,,,,,,,,,,,,,,,,,,,,,,,,3.0,IonicSpark,TitansResolve,JeweledGauntlet,,,,,,,,,,,,,,,,,,,,,3.0,CavalierEmblemItem,RunaansHurricane,RunaansHurricane,,,,,,,,,,,,,,,,,2.0,,,,,,,,,,,,2.0,,,,,,,,,,,,,,,,,,,,,,,,,,,,,,,,,,,,,,,,,,,,,,None,None,,,,,,,,,,,,,,,,,,,,,,,,,2.0,Deathblade,,,,,,,,,,
8,EUW1_5972317433,TFT6_Augment_Traitless2,TFT6_Augment_Electrocharge2,TFT6_Augment_Ascension,,,,0.0,0.0,0.0,,,,0.0,,0.0,0.0,,,,0.0,0.0,,0.0,,,,0.0,0.0,,,,,,,,,,,,,,,,,,,,,,,,,,,,,,,,2.0,,,,,,,,,,,,,,,,,,,,,,,,,,,,,,,,,,,,1.0,,,,,,,,,,,,,,,,,,,,,,,,,,,,,,,,,,,,,,,,,,,,2.0,WarmogsArmor,IonicSpark,,,,,,,,,,,,,,2.0,,,,,,,,,,,,,,,,,,,,,,,,,,,,,,,,,,,,,,,,,,,,,,,,,,,,,,,,,,,,,,,,2.0,,,,,,,,,,None,None,,,,,,,,,,,,,,,,,,,,,1.0,MadredsBloodrazor,Quicksilver,RecurveBow,,,,,,,,,,,,
2,EUW1_5972317433,TFT7_Augment_SwiftshotPressTheAttack,TFT7_Augment_GuildEmblem,TFT6_Augment_Diversify2,1.0,,1.0,1.0,,1.0,,,,,6.0,,0.0,,,0.0,1.0,,,,,,,1.0,1.0,,0.0,,,,,,,,,,,,,,,,,,,,,,1.0,,,,,,,,,,,,,,,,,,,,,,,,,,,,,,,,,,,,,,,,,,,,2.0,,,,,,,,,,,,,,,,,,,,,,,,,,,,,,,,,,,,,,,,,,,,,,,,,,,,,,,,,,,,2.0,RedBuff,GuildEmblemItem,Redemption,,,,,2.0,Zephyr,,,,,,,2.0,,,,,,,,,,,,2.0,,,,,,,,,,,,,,,,,,,,,,,,,,,,,,,,2.0,InfinityEdge,UnstableConcoction,FrozenHeart,,,,,,,,,,,None,None,,,,,2.0,PowerGauntlet,GuinsoosRageblade,MadredsBloodrazor,,,,,,,,,,,,,2.0,MadredsBloodrazor,GuildEmblemItem,GuinsoosRageblade,,,,,,,,,,,,
3,EUW1_5972317433,TFT6_Augment_Featherweights2,TFT6_Augment_SecondWind2,TFT6_Augment_Ascension,,,1.0,,2.0,,,,1.0,1.0,1.0,,,,,1.0,,2.0,0.0,,,,,,,1.0,,0.0,,,,,,,,,,,,,,,,,,,,,1.0,,,,3.0,GargoyleStoneplate,Redemption,TitanicHydra,2.0,,,,,,,,,,,,,,,,,,,,,,,,,,,,,,,,,,,,,,,,,,,,,,,,2.0,,,,,,,,,,,,,,,,,,,,,,,,2.0,,,,,,,,,,,,,,,,,,,,,,,,,,,,,,,,,,,,,,,,,,,,,,,,,,,,,,,,,,,,,,,,2.0,SpearOfShojin,,,,,,,,,,,,,,,,,,,,,,,,,,,3.0,ChainVest,Shroud,,4.0,TrainerSnax,None,None,3.0,InfinityEdge,MadredsBloodrazor,MadredsBloodrazor,,,,,,,,,,,,,,,,,,,,,,,,,,,,,,,,
4,EUW1_5972317433,TFT7_Augment_CannoneerEmblem,TFT6_Augment_SecondWind2,TFT6_Augment_Meditation2,,,1.0,1.0,3.0,,1.0,,0.0,,1.0,,,0.0,,1.0,,1.0,,,,,,,,1.0,,2.0,,,,,,,,,,,,,,,,,,,,,1.0,,,,,,,,2.0,StatikkShiv,RunaansHurricane,LastWhisper,,,,,,,,,,,,,,,,,2.0,GuinsoosRageblade,UnstableConcoction,GuardianAngel,,,,,,,,,,,,,,,,,,,,,,,,,2.0,,,,,,,,,,,,,,,,,,,,,,,,1.0,,,,,,,,,,,,,,,,,,,,,,,,,,,,,,,,,,,,,,,,,,,,,,,,,,,,,,,,,,,,,,,,,,,,,,,,,,,,1.0,CannoneerEmblemItem,Zephyr,,,,,,,,,,,,,,,,,,4.0,TrainerSnax,None,None,2.0,Quicksilver,LastWhisper,,,,,,,,,,,,,,,,,,,,,,,,,,,,,,,,,
5,EUW1_5972317433,TFT6_Augment_MetabolicAccelerator,TFT7_Augment_FirstAidKit2,TFT6_Augment_SecondWind2,,,,1.0,,,1.0,,,1.0,,1.0,,0.0,,,,,,1.0,,,1.0,,,,,3.0,,,,,,,,,,,,,,,,,,,,,,,,,,,,,,,,,,,,,,,,,,,,,,,,,1.0,TitansResolve,HextechGunblade,RapidFireCannon,3.0,JeweledGauntlet,Bloodthirster,ArchangelsStaff,,,,,,,,,,,,,,,,,,,,,,,,,,,,,,,,,,,,,,,,,,,,,,,,,,,,,2.0,WarmogsArmor,TitansResolve,,,,,,,,,,,,,,,,,,,,,,,,,,,,,,,,,,,,,,,,,,,,,,,,,,,,,,,,,,1.0,,,,,,,,2.0,,,,,,,,,,,,2.0,,,,1.0,,,,,,None,None,,,,,,,,,,,,,,,,,,,,,,,,,,,,,,,,,,,,
7,EUW1_5972317433,TFT6_Augment_ThrillOfTheHunt2,TFT6_Augment_Electrocharge2,TFT6_Augment_Ascension,,0.0,,,,,1.0,,0.0,,,2.0,0.0,,,0.0,,,,2.0,,,,,,,,0.0,,,,,1.0,,,,,,,,,,,,,,,,,,,,,,,,,,,,,,,,,,,,,,,,1.0,InfinityEdge,,,,,,,1.0,,,,,,,,2.0,InfinityEdge,,,,,,,,,,,,,,,,,,,,,,,,,,,,,,,,,,,,,,,,,,,,,,,1.0,RedBuff,TitanicHydra,,3.0,Quicksilver,Deathblade,GuinsoosRageblade,,,,,,,,,,,,,,,,,,,,,,,,,,,,,,,,,,,,,,,,,,,,,,,,,,,,,,,,,,,,,,,,,,,,,,,,,,,,,,,,,,,None,None,,,,,,,,,,,,,,,,,,,,,,,,,,,,,,,,,,,,
2,EUW1_5972068695,TFT7_Augment_GuildEmblem,TFT6_Augment_Ascension,TFT6_Augment_SecondWind2,1.0,,,1.0,,1.0,,,,,4.0,,0.0,,,,1.0,,,,,,,1.0,1.0,,0.0,,,,,,,,,,,,,,,,,,,,,,,,,,,,,,,,,,,,,,,,,,,,,,,,,,,,,,,,,,,,,,,,,,2.0,,,,,,,,,,,,,,,,,,,,,,,,,,,,,,,,,,,,,,,,,,,,,,,,,,,,,,,,,,,,2.0,GargoyleStoneplate,RedBuff,,,,,,2.0,FrozenHeart,,,,,,,2.0,,,,,,,,,,,,2.0,,,,,,,,,,,,,,,,,,,,,,,,,,,,,,,,2.0,FrozenHeart,UnstableConcoction,InfinityEdge,,,,,,,,,,,None,None,,,,,2.0,StatikkShiv,,,,,,,,,,,,,,,2.0,Quicksilver,GuildEmblemItem,StatikkShiv,,,,,,,,,,,,
4,EUW1_5972068695,TFT6_Augment_Electrocharge2,TFT7_Augment_LastStand,TFT6_Augment_Distancing2,0.0,,,1.0,,2.0,,0.0,,,2.0,0.0,,,1.0,,0.0,,0.0,,,,1.0,,,,2.0,,,,,,,,,,,,,,,,,,,,,,,,,,,,,,,,,,,,,,,,,,,,,,,,,,,,,,,,,,,,,,,,,,,,,,,,,,,,,,,,,,,,,,,,,,,,,,,,,,,,,,,,,,,,,,,,,,,,,,2.0,ChainVest,,,2.0,Quicksilver,CavalierEmblemItem,RunaansHurricane,,,,,,,,,,,,,,,,,1.0,,,,,,,,,,,,2.0,,,,,,,,,,,,,,,,2.0,SpearOfShojin,ArchangelsStaff,Chalice,,,,,,,,,,,,,1.0,,,,,,,,,,,,,,None,None,,,,,,,,,,,,,,,,,,,,,,,,,1.0,,,,3.0,RunaansHurricane,RapidFireCannon,InfinityEdge,,,,
7,EUW1_5972068695,TFT6_Augment_RichGetRicher,TFT6_Augment_JeweledLotus,TFT7_Augment_GuildEmblem,,,,,0.0,1.0,,,0.0,,4.0,0.0,,1.0,,0.0,,,0.0,,,,1.0,0.0,,2.0,,,,,,,,,,,,,,,,,,,,,,,,,,,,,,,,,,,,,,,,,,,,,,,,,,,,,,,,,,,,,,,,,,,,,,,2.0,,,,,,,,,,,,,,,,,,,,,,,,,,,,2.0,,,,2.0,ZekesHerald,ZekesHerald,PowerGauntlet,,,,,,,,,,,,,,,,,,,,,,,,,,,,,,,,,2.0,JeweledGauntlet,StatikkShiv,ArchangelsStaff,2.0,TitanicHydra,,,,,,,,,,,,,,,,,,,,,,,,,,,1.0,,,,,,,,,,,,,,,,,,,,,,,,,,,,4.0,TrainerSnax,None,None,2.0,GuildEmblemItem,,,1.0,,,,,,,,,,,,,,,,,,,,,,,,,,,,,,,
6,EUW1_5972068695,TFT7_Augment_MageConference,TFT6_Augment_ComponentGrabBag,TFT7_Augment_MageEmblem,,1.0,,1.0,,,1.0,,1.0,,,,0.0,2.0,,1.0,,,,,,,,,0.0,1.0,,0.0,,,,,,,,,,,,,,,,,1.0,MageEmblemItem,SpearOfShojin,ArchangelsStaff,,,,,,,,,,,,,,,,,,,,,,,,,,,,,,,,,,,,,,,,,,,,,,,,,2.0,,,,,,,,,,,,,,,,,,,,,,,,,,,,,,,,2.0,PowerGauntlet,MageEmblemItem,,2.0,,,,,,,,,,,,,,,,,,,,2.0,ThiefsGloves,WarmogsArmor,IonicSpark,,,,,,,,,,,,,,,,,,,,,,,,,,,,,,,,,,,,,,,,,,,,,,,,,2.0,GargoyleStoneplate,TitanicHydra,,,,,,,,,,,,,,,,,,2.0,TrainerSnax,None,None,,,,,,,,,,,,,3.0,RabadonsDeathcap,Bloodthirster,,,,,,,,,,,,,,,,,,,,,
5,EUW1_5972068695,TFT6_Augment_ThreesCompany,TFT7_Augment_SwiftshotPressTheAttack,TFT6_Augment_JeweledLotus,1.0,1.0,,1.0,,,,,,,2.0,,0.0,0.0,,0.0,,,,,,,,1.0,1.0,,,,,,,,,,,,,,,,,,,,,,,,,,,,,,,,,,,,,,,,,,,,,,,,,,,,,,,,,,,,,,,,,,,,,,,,,,,,3.0,Redemption,WarmogsArmor,,,,,,,,,,,,,,,,,,,,,,,,,,,,,,3.0,,,,,,,,,,,,,,,,,,,,1.0,,,,,,,,2.0,,,,,,,,,,,,,,,,,,,,,,,,,,,,,,,,,,,,,,,,,,,,,,,,,,,,2.0,GuardianAngel,UnstableConcoction,,,,,,,,,,,,None,None,,,,,2.0,ZekesHerald,,,3.0,GuinsoosRageblade,Deathblade,RunaansHurricane,,,,,,,,,,,,,,,,,,,,,,,,
3,EUW1_5972068695,TFT6_Augment_SecondWind2,TFT6_Augment_RichGetRicherPlus,TFT7_Augment_AxiomArc2,,,,,1.0,,1.0,0.0,1.0,1.0,,,,,0.0,0.0,,1.0,,,1.0,,,,,1.0,0.0,0.0,,,,,,,,,,,,,,,,,,,,,,,,,,,,,2.0,ShimmerscaleDravensAxe,GuinsoosRageblade,UnstableConcoction,,,,,,,,,2.0,RedBuff,RabadonsDeathcap,BrambleVest,,,,,,,,,,,,,,,,,,,,,,,,,,,,,,,,,,,,,,,,,,,,,,,,,,,,,,,,,2.0,,,,,,,,,,,,,,,,,,,,,,,,,,,,,,,,,,,,,,,,,,,,,,,,,,,,,,,,,,,,,,,,2.0,GuinsoosRageblade,,,,,,,,,,,,,,,,,,,,,,,,,,,2.0,,,,1.0,TrainerSnax,None,None,2.0,ZekesHerald,,,,,,,,,,,,,,,,,,,,,,,2.0,UnstableConcoction,SeraphsEmbrace,Quicksilver,,,,,,,,
8,EUW1_5972068695,TFT7_Augment_ClutteredMind,TFT7_Augment_AstralIntercosmicGifts,TFT7_Augment_DragonAlliance,,,,,,0.0,2.0,0.0,,,,2.0,,,,0.0,1.0,,,1.0,,,,1.0,,,,,,,,,,,,,,,,,1.0,,,,,,,,,,,,,,,,,,,,,,,,,,,,,,,,1.0,Shroud,GargoyleStoneplate,,,,,,,,,,,,,,2.0,,,,1.0,,,,,,,,,,,,,,,,,,,,,,,,,,,,,,,,,,,,,,,,,,,,1.0,GargoyleStoneplate,,,,,,,,,,,,,,,,,,,,,,,,,,,,,,,,,,,,,,,,,,,,,,,,,,,,,,,,,,,,,,,1.0,,,,,,,,,,,,,,,,,,,,,,,,,,None,None,,,,,,,,,,,,,,,,,,,,,2.0,Deathblade,GuinsoosRageblade,BFSword,,,,,,,,,,,,
1,EUW1_5972068695,TFT7_Augment_MageConference,TFT6_Augment_Meditation2,TFT7_Augment_BestFriends2,,1.0,,1.0,,0.0,,,1.0,,1.0,,,3.0,,1.0,,0.0,0.0,,,,,,,1.0,,0.0,,,,,,,,,,,,,,,,,,,,,,,,,,,,,,,,,,,,,,,,,,,,,,,,,,,,,,,,,,,,,,,,,,,,,3.0,,,,3.0,MageEmblemItem,,,,,,,,,,,,,,,,,,,,,,,3.0,Bloodthirster,JeweledGauntlet,,2.0,,,,3.0,StatikkShiv,SpearOfShojin,HextechGunblade,,,,,,,,,,,,,,,,,,,,,,,,,,,,,2.0,,,,,,,,,,,,,,,,,,,,,,,,,,,,1.0,,,,,,,,,,,,2.0,RedBuff,Zephyr,Redemption,,,,,,,,,,,,,,,,,2.0,TrainerSnax,None,None,,,,,,,,,,,,,2.0,,,,,,,,,,,,,,,,,,,,,,,
6,EUW1_5972133094,TFT7_Augment_RevelEmblem2,TFT6_Augment_CelestialBlessing1,TFT6_Augment_Distancing2,,,,0.0,1.0,0.0,1.0,,1.0,,,,,,2.0,0.0,,3.0,,,,,,,,1.0,,,,,,,,,,,,,,,,,,,,,,,,,,,,,,,2.0,StatikkShiv,HextechGunblade,,,,,,2.0,UnstableConcoction,RevelEmblemItem,GuinsoosRageblade,,,,,,,,,,,,,,,,,,,,,,,,,,,,,,,,,,,,,,,,,,,,,,,,,,,,,,,,,,,,,2.0,TitanicHydra,,,,,,,,,,,,,,,2.0,RedBuff,GargoyleStoneplate,Redemption,,,,,,,,,,,,,,,,,,,,,,,,,,,,,,,,,,,,,,,,,,,,,2.0,TearOfTheGoddess,,,,,,,,,,,,,,,2.0,WarmogsArmor,,,,,,,,,,,,,,,3.0,TrainerSnax,None,None,1.0,,,,,,,,,,,,,,,,,,,,,,,,,,,,,,,,,,,
2,EUW1_5972133094,TFT7_Augment_ShimmerscaleTrait2,TFT7_Augment_ShimmerscaleEmblem,TFT6_Augment_ThrillOfTheHunt2,0.0,,,,,,1.0,1.0,,0.0,1.0,,0.0,0.0,0.0,,1.0,,,,4.0,1.0,,1.0,,,0.0,,,,,,,,,,,,,,,,,,,,,,,,,,,,,,,,,,,,,,,,,,2.0,ShimmerscaleHeartOfGold,ShimmerscaleDiamondHands,TitansResolve,,,,,,,,,,,,,,,,,,,,,,,,,,,,,,,,,,,,,,,,,2.0,FrozenHeart,ShimmerscaleGoldmancersStaff,ShimmerscaleGamblersBlade,,,,,,,,,,,,,,,,,,,,,,,,,,,,,,,,,,,,,,,,,,,,,,,,,,,,,,,,,,,,,1.0,,,,,,,,,,,,,,,,,,,,,,,,,,,,,,,,,,,,,,,,,,,,,,,,,,None,None,,,,,1.0,ShimmerscaleEmblemItem,,,,,,,,,,,2.0,ThiefsGloves,Bloodthirster,DragonsClaw,2.0,GuinsoosRageblade,ShimmerscaleCrownOfChampions,Quicksilver,2.0,RedBuff,SeraphsEmbrace,ShimmerscaleEmblemItem,,,,,1.0,TearOfTheGoddess,Chalice,
1,EUW1_5972133094,TFT6_Augment_CyberneticUplink3,TFT7_Augment_AxiomArc1,TFT7_Augment_GadgetExpert,,1.0,,1.0,,,,,1.0,,1.0,,,3.0,,1.0,,,,,0.0,1.0,,,,1.0,,0.0,,,,,,,,,,,,,,,,,,,,,,,,,,,,,,,,,,,,,,,,,,,,,,,,,,,,,,,,,,,,,,,,,,,,,1.0,InfinityEdge,,,3.0,NeedlesslyLargeRod,,,,,,,,,,,,,,,,,,,,,,,,,,,2.0,MageEmblemItem,,,3.0,HextechGunblade,SpearOfShojin,,,,,,,,,,,,,,,,,,,,,,,,,,,,,,2.0,SpearOfShojin,JeweledGauntlet,EvokerEmblemItem,,,,,,,,,,,,,,,,,,,,,,,,,,,,,,,,,,,,,2.0,FrozenHeart,,,,,,,,,,,,,,,,,,,3.0,TrainerSnax,None,None,,,,,,,,,,,,,2.0,GiantsBelt,,,,,,,,,,,,,,,,,,,2.0,StatikkShiv,,
8,EUW1_5972133094,TFT6_Augment_ForceOfNature,TFT6_Augment_TinyTitans,TFT7_Augment_RagewingScorch,1.0,,,1.0,,1.0,,,,,3.0,,0.0,,,,1.0,,0.0,,,,,1.0,0.0,,0.0,,,,,,,,,,,,,,,,,,,,,,,,,,,,,,,,,,1.0,,,,,,,,,,,,,,,,,,,,,,,,,,,,,,,,2.0,,,,,,,,,,,,,,,,,,,,,,,,,,,,,,,,,,,,,,,,,,,,,,,,,,,,,,,,,,,,2.0,RedBuff,,,,,,,,,,,,,,,1.0,,,,,,,,,,,,2.0,FrozenHeart,,,,,,,,,,,,,,,,,,,,,,,,,,,,,,,2.0,Bloodthirster,MadredsBloodrazor,FrozenHeart,,,,,,,,,,,None,None,,,,,2.0,,,,,,,,,,,,,,,,2.0,GuinsoosRageblade,InfinityEdge,Quicksilver,,,,,,,,,,,,
3,EUW1_5972133094,TFT7_Augment_GuildEmblem2,TFT6_Augment_Weakspot,TFT6_Augment_TomeOfTraits1,1.0,,,1.0,,1.0,,,,,5.0,,0.0,,,,1.0,,,,,,,1.0,1.0,,0.0,,,,,,,,,,,,,,,,,,,,,,,,,,,,,,,,,,,,,,,,,,,,,,,,,,,,,,,,,,,,,,,,,,2.0,,,,,,,,,,,,,,,,,,,,,,,,,,,,,,,,,,,,,,,,,,,,,,,,,,,,,,,,,,,,2.0,BrambleVest,ArchangelsStaff,,,,,,2.0,,,,,,,,1.0,,,,,,,,,,,,2.0,RedBuff,GuildEmblemItem,,,,,,,,,,,,,,,,,,,,,,,,,,,,,,2.0,Bloodthirster,FrozenHeart,IonicSpark,,,,,,,,,,,None,None,,,,,2.0,ZekesHerald,PowerGauntlet,,,,,,,,,,,,,,2.0,MadredsBloodrazor,GuildEmblemItem,GuinsoosRageblade,,,,,,,,,,,,
4,EUW1_5972133094,TFT7_Augment_ThinkFast,TFT6_Augment_Featherweights1,TFT7_Augment_FirstAidKit2,,0.0,,,,,1.0,,,0.0,,2.0,,,,0.0,,,,2.0,,,1.0,,,,,1.0,,,,,,,,,,,,,,,,,,,,,,,,,,,,,,,,,,,,,,,,,,,,,2.0,UnstableConcoction,GuinsoosRageblade,TitansResolve,,,,,2.0,,,,,,,,2.0,,,,,,,,,,,,,,,,,,,,,,,,,,,,,,,,,,,,,,,,,,,,,,,,2.0,BrambleVest,IonicSpark,RedBuff,3.0,GuinsoosRageblade,Quicksilver,UnstableConcoction,,,,,,,,,,,,,,,,,,,,,,,,,,,,,,,,,,,,,,,,,,,,,,,,,,,,,1.0,,,,,,,,,,,,,,,,,,,,,,,,2.0,,,,,,None,None,,,,,,,,,,,,,,,,,,,,,,,,,,,,,,,,,,,,
7,EUW1_5972133094,TFT7_Augment_MysticTrait2,TFT6_Augment_ItemGrabBag1,TFT7_Augment_MikaelsGift,,1.0,1.0,1.0,,,,,0.0,,2.0,,,2.0,,3.0,,,,,,,,,,1.0,,0.0,,,,,,,,,,,,,,,,,,,,,1.0,PowerGauntlet,,,,,,,,,,,,,,,,,,,,,,,,,,,,,,,,,,,,,,,,,,,,,,,2.0,Chalice,,,2.0,RedBuff,DragonsClaw,,,,,,,,,,,,,,,,,,,,,,,,,,2.0,,,,3.0,LocketOfTheIronSolari,SparringGloves,,,,,,,,,,,,,,,,,,,,,,,,,,,,,,2.0,RabadonsDeathcap,JeweledGauntlet,SpearOfShojin,,,,,,,,,,,,,,,,,,,,,,,,,,,,,,,,,,,,,2.0,WarmogsArmor,BrambleVest,TitanicHydra,,,,,,,,,,,,,,,,,3.0,TrainerSnax,None,None,,,,,,,,,,,,,2.0,,,,,,,,,,,,,,,,,,,,,,,
5,EUW1_5972133094,TFT7_Augment_MirageEmblem2,TFT6_Augment_CelestialBlessing1,TFT7_Augment_FirstAidKit2,,,,,,1.0,1.0,0.0,,1.0,,0.0,,,4.0,,0.0,,,,,,,,,,1.0,,,,,,,,,,,,,,,,,,,,,,,,,,,,,,,,,,,,,,2.0,JeweledGauntlet,Quicksilver,UnstableConcoction,,,,,,,,,,,,,,,,,,,,,,,,,1.0,MirageEmblemItem,,,,,,,,,,,,,,,,,,,,,,,,,,,2.0,,,,,,,,,,,,,,,,,,,,,,,,2.0,BrambleVest,Redemption,RedBuff,,,,,,,,,,,,,,,,,,,,,,,,,,,,,,,,,,,,,,,,,,,,,,,,,,,,,,,,,,,,,,,,,,,,,1.0,,,,,,,,,,None,None,,,,,,,,,,,,,,,,,,,,,,,,,2.0,TitansResolve,Bloodthirster,FrozenHeart,2.0,StatikkShiv,,,,,,
8,EUW1_5971953673,TFT7_Augment_CannoneerTrait,TFT6_Augment_CelestialBlessing1,TFT6_Augment_SunfireBoard,,,1.0,,3.0,,1.0,,0.0,1.0,1.0,,,,,1.0,,1.0,0.0,,1.0,,,,,1.0,,,,,,,,,,,,,,,,,,,,,,,1.0,Zephyr,,,2.0,,,,1.0,LastWhisper,RunaansHurricane,,,,,,,,,,2.0,WarmogsArmor,DragonsClaw,ShimmerscaleDeterminedInvestor,,,,,,,,,,,,,,,,,,,,,,,,,,,,,,,,,1.0,,,,,,,,,,,,,,,,,,,,,,,,1.0,,,,,,,,,,,,,,,,,,,,,,,,,,,,,,,,,,,,,,,,,,,,,,,,,,,,,,,,,,,,,,,,,,,,,,,,,,,,,,,,,,,,,,,,,,,,,,,,3.0,TrainerSnax,None,None,2.0,InfinityEdge,GuardianAngel,,,,,,,,,,,,,,,,,,,,,,,,,,,,,,,,,
2,EUW1_5971953673,TFT7_Augment_AstralTrait,TFT6_Augment_FirstAidKit,TFT6_Augment_BlueBattery2,,1.0,,1.0,,,,,0.0,,1.0,,,3.0,,1.0,,,,,0.0,1.0,,,,1.0,,0.0,,,,,,,,,,,,,,,,,,,,,,,,,,,,,,,,,,,,,,,,,,,,,,,,,,,,,,,,,,,,,,,,,,,,,1.0,,,,3.0,MageEmblemItem,WarmogsArmor,ChainVest,,,,,,,,,,,,,,,,,,,,,,,,,2.0,,,,3.0,StatikkShiv,SpearOfShojin,RabadonsDeathcap,,,,,,,,,,,,,,,,,,,,,,,,,,,,,2.0,,,,,,,,,,,,,,,,,,,,,,,,,,,,,,,,,,,,,,,,2.0,RedBuff,Zephyr,DragonsClaw,,,,,,,,,,,,,,,,,2.0,TrainerSnax,None,None,,,,,,,,,,,,,2.0,,,,,,,,,,,,,,,,,,,,1.0,ArchangelsStaff,,
4,EUW1_5971953673,TFT7_Augment_AxiomArc1,TFT7_Augment_BestFriends1,TFT6_Augment_Meditation2,,2.0,1.0,1.0,,,1.0,,1.0,,1.0,,,1.0,,2.0,,,,,,,,,,0.0,,0.0,,,,,,,,,,,,,,,,,2.0,HextechGunblade,ArchangelsStaff,ArchangelsStaff,2.0,,,,,,,,,,,,,,,,,,,,,,,,,,,,,,,,,,,,,,,,,,,,,,,,,,,,2.0,GargoyleStoneplate,DragonsClaw,GargoyleStoneplate,,,,,,,,,,,,,,,,,,,,,,,,,2.0,,,,3.0,,,,,,,,,,,,,,,,,,,,,,,,,,,,,,,,,,,,,,,,,,,,,,,,,,,,,,,,,,,,,,,,,,,,,,,,2.0,WarmogsArmor,GargoyleStoneplate,RedBuff,,,,,,,,,,,,,,,,,,,None,None,,,,,,,,,,,,,2.0,,,,,,,,,,,,,,,,,,,,,,,
3,EUW1_5971953673,TFT6_Augment_Meditation1,TFT7_Augment_MysticTrait,TFT7_Augment_GadgetExpert,,,,1.0,0.0,,1.0,,1.0,,,,,1.0,,1.0,,1.0,,,0.0,1.0,,,,1.0,,2.0,,,,,,,,,,,,,,,,,,,,,,,,,,,,,1.0,LastWhisper,UnstableConcoction,InfinityEdge,,,,,,,,,,,,,,,,,1.0,ThiefsGloves,JeweledGauntlet,RabadonsDeathcap,,,,,,,,,,,,,,,,,2.0,,,,,,,,,,,,,,,,,,,,,,,,,,,,,,,,2.0,,,,,,,,,,,,,,,,,,,,,,,,,,,,,,,,,,,,,,,,,,,,,,,,,,,,,,,,,,,,,,,,2.0,Morellonomicon,NeedlesslyLargeRod,GuinsoosRageblade,,,,,,,,,2.0,BrambleVest,,,,,,,,,,,,,,,,,,,4.0,TrainerSnax,None,None,,,,,,,,,,,,,,,,,,,,,,,,,,,,,,,,,1.0,StatikkShiv,StatikkShiv,UnstableConcoction
6,EUW1_5971953673,TFT6_Augment_Weakspot,TFT7_Augment_CannoneerTrait,TFT6_Augment_SecondWind2,1.0,,,1.0,2.0,,,,1.0,,1.0,,0.0,,,0.0,0.0,1.0,,,,,,,1.0,1.0,0.0,,,,,,,,,,,,,,,,,,,,,,,,,,,,,,2.0,UnstableConcoction,GuinsoosRageblade,MadredsBloodrazor,,,,,,,,,,,,,,,,,,,,,,,,,,,,,,,,,,,,,,,,,,,,,,,,,,,,,,,,,,,,,,,,,,,,,2.0,,,,,,,,,,,,,,,,,,,,,,,,2.0,GargoyleStoneplate,GargoyleStoneplate,NegatronCloak,,,,,1.0,,,,,,,,,,,,,,,,,,,,2.0,,,,,,,,,,,,1.0,SpearOfShojin,,,,,,,,,,,,,,,,,,,2.0,ThiefsGloves,Quicksilver,DragonsClaw,,,,,,,,,3.0,TrainerSnax,None,None,2.0,,,,,,,,,,,,,,,,,,,,,,,,,,,,,,,,,,,
5,EUW1_5971953673,TFT7_Augment_AxiomArc1,TFT6_Augment_ItemGrabBag1,TFT6_Augment_SecondWind2,0.0,,,,1.0,,1.0,,1.0,1.0,,,,,,0.0,,1.0,0.0,,1.0,,,,,1.0,,0.0,,,,,,,,,,,,,,,,,,,,,,,,,2.0,Shroud,GargoyleStoneplate,,2.0,GuinsoosRageblade,MadredsBloodrazor,Quicksilver,,,,,,,,,2.0,GargoyleStoneplate,ShimmerscaleDiamondHands,GargoyleStoneplate,,,,,,,,,,,,,,,,,,,,,,,,,,,,,,,,,,,,,,,,,,,,,,,,,,,,,,,,,2.0,,,,,,,,,,,,,,,,,,,,,,,,,,,,1.0,,,,,,,,,,,,,,,,,,,,,,,,,,,,,,,,,,,,2.0,TearOfTheGoddess,HextechGunblade,JeweledGauntlet,,,,,,,,,,,,,,,,,,,,,,,,,,,,,3.0,TrainerSnax,None,None,2.0,,,,,,,,,,,,,,,,,,,,,,,,,,,,,,,,,,,
7,EUW1_5971953673,TFT7_Augment_WarriorTrait,TFT6_Augment_FirstAidKit,TFT6_Augment_TomeOfTraits1,,,,1.0,,,1.0,,,1.0,1.0,,,,3.0,,0.0,,0.0,,,,,0.0,,,2.0,,,,,,,,,,,,,,,,,,,,,,,,,,2.0,Redemption,,,,,,,,,,,2.0,SpearOfShojin,MadredsBloodrazor,,,,,,,,,,,,,,,,,,,,,,,,,,,,,,,,,,,,,,,,,,,,,,,,,,,,,,2.0,,,,,,,,,,,,,,,,,,,,,,,,,,,,2.0,MirageEmblemItem,,,,,,,,,,,,,,,,,,,,,,,,,,,,,,,1.0,,,,,,,,,,,,,,,,,,,,,,,,,,,,,,,,,,,,,,,,,,,,,,None,None,,,,,1.0,,,,,,,,,,,,,,,,,,,,,,,,3.0,UnstableConcoction,HextechGunblade,GuinsoosRageblade,,,,
1,EUW1_5971953673,TFT6_Augment_FirstAidKit,TFT7_Augment_BandOfThieves1,TFT7_Augment_GadgetExpert,,,1.0,1.0,,,1.0,0.0,,,2.0,0.0,0.0,1.0,0.0,0.0,,,,,0.0,1.0,1.0,,2.0,,0.0,0.0,,,,,,,,,1.0,HextechGunblade,SpearOfShojin,GuinsoosRageblade,,,,,,,,,1.0,,,,,,,,,,,,,,,,,,,,,,,,,,,,,,,,,,,,,,,,,,,,,,,,,,,,,,,,,,,,,,,,,,,,,,,,,,,,,,,,,,,,,,,,,,,,,,,,,,,,,,,,2.0,ThiefsGloves,,,,,,,,,,,2.0,,,,,,,,,,,,,,,,,,,,,,,,,,,,,,,,1.0,StatikkShiv,Zephyr,,,,,,2.0,WarmogsArmor,RedBuff,,,,,,,,,,,,,,,,,,,,None,None,,,,,,,,,,,,,,,,,,,,,,,,,1.0,StatikkShiv,Quicksilver,IonicSpark,,,,,1.0,,,
2,EUW1_5971919070,TFT6_Augment_MetabolicAccelerator,TFT7_Augment_GadgetExpert,TFT6_Augment_CyberneticUplink2,,2.0,,1.0,,,1.0,,1.0,,,,,2.0,,1.0,,,,,,,,,,1.0,,0.0,,,,,,,,,,,,,,,,,2.0,MageEmblemItem,MadredsBloodrazor,ArchangelsStaff,,,,,,,,,,,,,,,,,,,,,,,,,,,,,,,,,,,,,,,,,,,,,,,,,2.0,,,,3.0,RecurveBow,WarmogsArmor,Morellonomicon,,,,,,,,,,,,,,,,,,,,,,,,,2.0,,,,3.0,StatikkShiv,GuinsoosRageblade,SpearOfShojin,,,,,,,,,,,,,,,,,,,,,,,,,,,,,,,,,,,,,,,,,,,,,,,,,,,,,,,,,,,,,,,,,,,,,2.0,DragonsClaw,TitanicHydra,BrambleVest,,,,,,,,,,,,,,,,,2.0,TrainerSnax,None,None,,,,,,,,,,,,,2.0,,,,,,,,,,,,,,,,,,,,,,,
4,EUW1_5971919070,TFT7_Augment_CannoneerRicochet,TFT6_Augment_SunfireBoard,TFT7_Augment_RevelPartyTime,,,,,2.0,,1.0,,1.0,1.0,,,,,,0.0,,2.0,,,1.0,,,,,1.0,,0.0,,,,,,,,,,,,,,,,,,,,,,,,,,,,,2.0,GuinsoosRageblade,UnstableConcoction,MadredsBloodrazor,,,,,,,,,2.0,WarmogsArmor,GargoyleStoneplate,ShimmerscaleHeartOfGold,,,,,,,,,,,,,,,,,,,,,,,,,,,,,,,,,2.0,GuinsoosRageblade,RecurveBow,,,,,,,,,,,,,,,,,,,,,,2.0,,,,,,,,,,,,,,,,,,,,,,,,,,,,,,,,,,,,,,,,,,,,,,,,,,,,,,,,,,,,,,,,2.0,JeweledGauntlet,,,,,,,,,,,,,,,,,,,,,,,,,,,2.0,Shroud,,,4.0,TrainerSnax,None,None,2.0,ZekesHerald,,,,,,,,,,,,,,,,,,,,,,,,,,,,,,,,,,
7,EUW1_5971919070,TFT6_Augment_CyberneticImplants2,TFT7_Augment_DragonAlliance,TFT6_Augment_Diversify2,,,,1.0,,,2.0,0.0,,0.0,,,,0.0,2.0,,,,,,1.0,,,,,,0.0,2.0,,,,,,,,,,,,,,,,,,,,,,,,,,,,,,,,,,,,,2.0,SpearOfShojin,SpearOfShojin,,2.0,Redemption,FrozenHeart,IonicSpark,,,,,2.0,RunaansHurricane,GuinsoosRageblade,,,,,,,,,,,,,,,,,,,,,,,,,,,,,,,,,,,,,,,,,,,,,,,,,,,,,,,,,,,,,,,,,,,,,,,,,,,,,,,,,,,,,,,,,,,,,,,,,,,,,,,,,,,,,,,,,,,,,,,,,,,,,,1.0,,,,,,,,,,,,,,,,,,,,,,None,None,,,,,,,,,,,,,,,,,,,,,,,,,1.0,ShimmerscaleHeartOfGold,,,,,,,,,,
8,EUW1_5971919070,TFT7_Augment_BestFriends2,TFT7_Augment_ClutteredMind,TFT6_Augment_ComponentGrabBag,1.0,,,2.0,,,,0.0,,,1.0,,0.0,0.0,0.0,,0.0,,1.0,,,,,,1.0,,1.0,0.0,,,,,,,,,,,,,,,,,,,,,,,,,,,,,,,,,2.0,IonicSpark,RedBuff,MadredsBloodrazor,,,,,,,,,,,,,,,,,,,,,,,,,,,,,,,,,,,,,,,,,,,,,,,,,,,,,,,,,,,,,,,,,,,,,,,,,,,,,,,,,,,,,2.0,ThiefsGloves,InfinityEdge,Bloodthirster,1.0,RedBuff,,,,,,,2.0,,,,,,,,,,,,,,,,,,,,2.0,RedBuff,,,,,,,,,,,,,,,,,,,,,,,1.0,,,,,,,,2.0,RapidFireCannon,,,,,,,,,,,,,None,None,,,,,,,,,,,,,,,,,,,,,,,,,1.0,ThiefsGloves,Bloodthirster,UnstableConcoction,,,,,,,,
3,EUW1_5971919070,TFT6_Augment_ClearMind,TFT6_Augment_SalvageBin,TFT6_Augment_SecondWind2,1.0,,1.0,1.0,,0.0,,,,,3.0,0.0,0.0,,,0.0,1.0,,,,,,1.0,1.0,1.0,,0.0,,,,,,,,,,,,,,,,,,,,,,2.0,,,,,,,,,,,,,,,,,,,,,,,,,,,,,,,,,,,,,,,,,,,,2.0,DragonsClaw,Morellonomicon,BrambleVest,,,,,,,,,,,,,,,,,,,,,,,,,,,,,,,,,,,,,,,,,,,,,,,,,,,,,,,,,2.0,,,,,,,,2.0,Zephyr,,,,,,,,,,,,,,,,,,,1.0,,,,,,,,,,,,,,,,2.0,Shroud,,,,,,,,,,,,,,,2.0,FrozenHeart,UnstableConcoction,,,,,,,,,,,,None,None,,,,,2.0,,,,,,,,,,,,,,,,2.0,GuinsoosRageblade,MadredsBloodrazor,InfinityEdge,,,,,,,,,,,,
5,EUW1_5971919070,TFT6_Augment_ThreesCompany,TFT6_Augment_TargetDummies,TFT6_Augment_ComponentGrabBag,1.0,,,1.0,,0.0,,0.0,,,2.0,,0.0,,0.0,,1.0,,,,,,,1.0,1.0,,1.0,,,,,,,,,,,,,,,,,,,,,,,,,,,,,,,,,,,,,,,,,,,,,,,,,,,,,,,,,,,,,,,,,,2.0,NegatronCloak,,,,,,,,,,,,,,,,,,,,,,,,,,,,,,,,,,,,,,,,,,,,,,,,,,,,,,,,,,,2.0,,,,,,,,1.0,,,,,,,,,,,,,,,,,,,,2.0,RedBuff,,,,,,,,,,,,,,,,,,,,,,,,,,,,,,,2.0,Shroud,MadredsBloodrazor,RapidFireCannon,,,,,,,,,,,None,None,,,,,2.0,,,,,,,,,,,,,,,,2.0,UnstableConcoction,MadredsBloodrazor,GuinsoosRageblade,1.0,TitansResolve,Quicksilver,FrozenHeart,,,,,,,,
1,EUW1_5971919070,TFT7_Augment_ScalescornEmblem,TFT7_Augment_GadgetExpert,TFT7_Augment_AssassinEmblem,2.0,,,2.0,,0.0,,,,,,,0.0,1.0,,,0.0,,2.0,,0.0,1.0,,,1.0,,1.0,0.0,,,,,,,,,,,,,,,,,,,,,,,,,,,,,,,,,3.0,StatikkShiv,RabadonsDeathcap,ArchangelsStaff,,,,,,,,,,,,,,,,,,,,,,,,,,,,,,,,,,,,,,,,,,,,,,,,,,,,,,,,,,,,,2.0,,,,,,,,,,,,,,,,,,,,,,,,3.0,RunaansHurricane,AssassinEmblemItem,InfinityEdge,2.0,,,,,,,,2.0,PowerGauntlet,,,,,,,,,,,,,,,,,,,2.0,TitanicHydra,,,,,,,,,,,,,,,,,,,,,,,2.0,ScalescornEmblemItem,AssassinEmblemItem,RedBuff,,,,,,,,,,,,,,,,,,,None,None,,,,,,,,,,,,,,,,,,,,,,,,,,,,,,,,,1.0,Morellonomicon,Quicksilver,Zephyr
6,EUW1_5971919070,TFT6_Augment_LudensEcho2,TFT6_Augment_PortableForge,TFT7_Augment_AxiomArc2,,,,,,,1.0,1.0,,1.0,,2.0,,,1.0,0.0,,,,,,,,1.0,1.0,,,,,,,,,,,,,,,,2.0,MirageEmblemItem,,,,,,,,,,,,,,,,,,,,,,,,,,,,,,,2.0,WarmogsArmor,RabadonsDeathcap,DragonsClaw,,,,,,,,,3.0,OrnnInfinityForce,ArchangelsStaff,SeraphsEmbrace,,,,,,,,,,,,,,,,,,,,,2.0,,,,,,,,2.0,SparringGloves,,,3.0,ThiefsGloves,GiantsBelt,WarmogsArmor,,,,,,,,,,,,,,,,,,,,,,,,,,,,,,,,,,,,,,,,,,,,,,,,,,,,,,,,,,,,,,,,,,,,,,,,,,,,,,,,,,,,,,,,,,,,,2.0,TitanicHydra,,,,,,,,,None,None,,,,,,,,,,,,,,,,,,,,,,,,,,,,,,,,,,,,
6,EUW1_5971884415,TFT7_Augment_GuildEmblem,TFT6_Augment_ThrillOfTheHunt2,TFT6_Augment_PortableForge,1.0,,,1.0,,1.0,,,,,4.0,,0.0,,,,1.0,,,,,,,1.0,1.0,,0.0,,,,,,,,,,,,,,,,,,,,,,,,,,,,,,,,,,,,,,,,,,,,,,,,,,,,,,,,,,,,,,,,,,2.0,GuildEmblemItem,,,,,,,,,,,,,,,,,,,,,,,,,,,,,,,,,,,,,,,,,,,,,,,,,,,,,,,,,,,2.0,GargoyleStoneplate,OrnnRocketPropelledFist,Morellonomicon,,,,,1.0,,,,,,,,2.0,,,,,,,,,,,,2.0,,,,,,,,,,,,,,,,,,,,,,,,,,,,,,,,1.0,NeedlesslyLargeRod,,,,,,,,,,,,,None,None,,,,,2.0,PowerGauntlet,,,,,,,,,,,,,,,2.0,MadredsBloodrazor,GuinsoosRageblade,InfinityEdge,,,,,,,,,,,,
3,EUW1_5971884415,TFT7_Augment_GadgetExpert,TFT6_Augment_LudensEcho2,TFT6_Augment_CelestialBlessing2,,0.0,1.0,1.0,,,1.0,,0.0,,1.0,,0.0,1.0,,2.0,,,,,,,,,2.0,1.0,,0.0,,,,,,,,,1.0,Quicksilver,SpearOfShojin,GuinsoosRageblade,,,,,,,,,2.0,Shroud,,,,,,,,,,,,,,,,,,,,,,,,,,,,,,,,,,,,,,,,,,,,,,,2.0,,,,,,,,,,,,,,,,,,,,,,,,,,,,,,,,2.0,,,,3.0,StatikkShiv,SpearOfShojin,StatikkShiv,,,,,,,,,,,,,,,,,1.0,ThiefsGloves,GuinsoosRageblade,Quicksilver,,,,,,,,,,,,,,,,,,,,,,,,,,,,,,,,,,,,,,,,,,,,,,,,,2.0,GargoyleStoneplate,TitanicHydra,Redemption,,,,,,,,,,,,,,,,,3.0,TrainerSnax,None,None,,,,,,,,,,,,,,,,,,,,,,,,,,,,,,,,,,,,
2,EUW1_5971884415,TFT6_Augment_SalvageBin,TFT6_Augment_TargetDummies,TFT6_Augment_Diversify2,1.0,,,1.0,,1.0,,,,,3.0,0.0,0.0,,,,1.0,,,,,,1.0,1.0,1.0,,0.0,,,,,,,,,,,,,,,,,,,,,,,,,,,,,,,,,,,,,,,,,,,,,,,,,,,,,,,,,,,,,,,,,,2.0,FrozenHeart,,,,,,,,,,,,,,,,,,,,,,,,,,,,,,,,,,,,,,,,,,,,,,,,,,,,,,,,,,,2.0,WarmogsArmor,DragonsClaw,,,,,,2.0,,,,,,,,2.0,,,,,,,,,,,,2.0,,,,,,,,,,,,,,,,1.0,NeedlesslyLargeRod,,,,,,,,,,,,,,,2.0,GuardianAngel,MadredsBloodrazor,Deathblade,,,,,,,,,,,None,None,,,,,2.0,,,,,,,,,,,,,,,,2.0,MadredsBloodrazor,GuinsoosRageblade,Quicksilver,,,,,,,,,,,,
4,EUW1_5971884415,TFT7_Augment_BruiserPersonalTraining,TFT6_Augment_ComponentGrabBag,TFT6_Augment_SalvageBin,,1.0,1.0,1.0,,,,,0.0,,3.0,,,1.0,,2.0,,,,,,,,1.0,,0.0,,0.0,,,,,,,,,,,,,,,,,,,,,1.0,LastWhisper,,,,,,,,,,,,,,,,,,,,,,,,,,,,,,,,,,,,,,,,,,,,,,,,,,,3.0,RedBuff,GargoyleStoneplate,DragonsClaw,,,,,,,,,,,,,,,,,,,,,,,,,2.0,PowerGauntlet,Redemption,,3.0,,,,,,,,,,,,,,,,,,,,,,,,,,,,,,,,2.0,FrozenHeart,,,,,,,,,,,,,,,,,,,,,,,,,,,,,,,,,,,,,,,2.0,ChainVest,WarmogsArmor,,,,,,,,,,,,,,,,,,,,None,None,,,,,2.0,,,,3.0,UnstableConcoction,Deathblade,GuinsoosRageblade,,,,,,,,,,,,,,,,,,,,,,,,
1,EUW1_5971884415,TFT7_Augment_AssassinEmblem,TFT7_Augment_BruiserPersonalTraining,TFT6_Augment_CelestialBlessing2,2.0,,,2.0,,,1.0,,,,1.0,,0.0,0.0,,,0.0,,,,,,,,1.0,,0.0,2.0,,,,,,,,,,,,,,,,,,,,,,,,,,,,,,,,,,,,,,,,,,,,,,,,,2.0,AssassinEmblemItem,InfinityEdge,GuinsoosRageblade,,,,,,,,,,,,,,,,,,,,,,,,,,,,,,,,,,,,,,,,,,,,,,,,,,,,,,,,,,,,,,,,,,,,,,,,,2.0,TitanicHydra,,,2.0,GuinsoosRageblade,UnstableConcoction,,2.0,,,,,,,,,,,,,,,,,,,,2.0,RedBuff,,,,,,,,,,,,,,,,,,,,,,,1.0,Zephyr,,,,,,,2.0,RunaansHurricane,UnstableConcoction,RapidFireCannon,,,,,,,,,,,None,None,,,,,,,,,,,,,,,,,,,,,,,,,,,,,,,,,,,,
7,EUW1_5971884415,TFT7_Augment_RevelPartyTime,TFT7_Augment_CannoneerRicochet,TFT7_Augment_GadgetExpert,,,,,2.0,,1.0,,1.0,1.0,,,,,,0.0,,2.0,,,1.0,,,,,1.0,,0.0,,,,,,,,,,,,,,,,,,,,,,,,,,,,,2.0,InfinityEdge,UnstableConcoction,ShimmerscaleDravensAxe,,,,,,,,,1.0,RedBuff,Redemption,,,,,,,,,,,,,,,,,,,,,,,,,,,,,,,,,,2.0,StatikkShiv,,,,,,,,,,,,,,,,,,,,,,,2.0,,,,,,,,,,,,,,,,,,,,,,,,,,,,,,,,,,,,,,,,,,,,,,,,,,,,,,,,,,,,,,,,2.0,SpearOfShojin,PowerGauntlet,,,,,,,,,,,,,,,,,,,,,,,,,,2.0,,,,3.0,TrainerSnax,None,None,2.0,Shroud,,,,,,,,,,,,,,,,,,,,,,,,,,,,,,,,,,
8,EUW1_5971884415,TFT7_Augment_GuildLoot,TFT6_Augment_Diversify2,TFT6_Augment_SecondWind2,,,,1.0,,0.0,,1.0,,,2.0,0.0,0.0,,,,1.0,,,1.0,,,,1.0,0.0,,0.0,,,,,,,,,,,,,,1.0,,,,,,,,,,,,,,,,,,,,,,,,,,,,,,,,,,,,,,,,,,,,,,,,,,,,,,,,,,,,,,,,,,,,,,,,,,,,,,,,,,,,,,,,,,,,,,,,1.0,RedBuff,GargoyleStoneplate,,,,,,,,,,,,,,1.0,,,,,,,,,,,,,,,,2.0,,,,,,,,1.0,,,,2.0,,,,,,,,,,,,,,,,,,,,2.0,Quicksilver,GuinsoosRageblade,MadredsBloodrazor,,,,,,,,,,,,,,,,,,,,,,,None,None,,,,,2.0,SeraphsEmbrace,,,,,,,,,,,,,,,,,,,,,,,,,,,,,,
5,EUW1_5971884415,TFT6_Augment_LudensEcho2,TFT7_Augment_GadgetExpert,TFT6_Augment_Diversify2,,0.0,,1.0,,,,,1.0,,1.0,,,2.0,,1.0,,0.0,,,0.0,1.0,,,,1.0,,0.0,,,,,,,,,,,,,,,,,,,,,,,,,,,,,,,,,,,,,,,,,,,,,,,,,,,,,,,,,,,,,,,,,,,,,2.0,,,,2.0,TitanicHydra,,,,,,,,,,,,,,,,,,,,,,,,,,,2.0,,,,2.0,Chalice,Chalice,ZekesHerald,,,,,,,,,,,,,,,,,,,,,,,,,,,,,2.0,StatikkShiv,SpearOfShojin,,,,,,,,,,,,,,,,,,,,,,,,,,1.0,,,,,,,,,,,,2.0,TitanicHydra,RedBuff,,,,,,,,,,,,,,,,,,2.0,TrainerSnax,None,None,,,,,,,,,,,,,,,,,,,,,,,,,,,,,,,,,1.0,NegatronCloak,RabadonsDeathcap,
4,EUW1_5971878743,TFT6_Augment_Twins2,TFT6_Augment_LudensEcho3,TFT6_Augment_Ascension,,,,1.0,,,1.0,,,0.0,,0.0,,0.0,,,,,,1.0,,,,,,,,3.0,,,,,,,,,,,,,,,,,,,,,,,,,,,,,,,,,,,,,,,,,,,,,,,,,2.0,MadredsBloodrazor,WarmogsArmor,GuardianAngel,2.0,SparringGloves,LastWhisper,Bloodthirster,,,,,2.0,,,,,,,,,,,,,,,,,,,,,,,,,,,,,,,,,,,,,,,,,,,,,,,,,,,,,,,,,,,,,,,,,,,,,,,,,,,,,,,,,,,,,,,,,,,,,,,,,,,,,,,,,,,,,,,,,,,,2.0,Redemption,RedBuff,,,,,,,,,,,,,,2.0,,,,,,None,None,,,,,,,,,,,,,,,,,,,,,,,,,,,,,,,,,,,,
2,EUW1_5971878743,TFT7_Augment_BestFriends2,TFT7_Augment_ThinkFast,TFT7_Augment_SwiftshotPressTheAttack,,1.0,,2.0,,,,0.0,,,1.0,0.0,0.0,,0.0,,0.0,,,,,,,2.0,1.0,,1.0,,,,,,,,,,,,,,2.0,,,,,,,,,,,,,,,,,,,,,,,,,,,,,,,,,,,,,,,,,,,,2.0,GuinsoosRageblade,Quicksilver,Bloodthirster,,,,,,,,,,,,,3.0,FrozenHeart,GargoyleStoneplate,RedBuff,,,,,,,,,,,,,,,,,,,,,,,,,,,,,,,,,,,,,,,,,,,,,,,,,2.0,ThiefsGloves,StatikkShiv,RabadonsDeathcap,,,,,,,,,,,,,,,,,,,,,,,,,2.0,,,,,,,,2.0,,,,,,,,,,,,,,,,,,,,,,,,,,,,,,,,,,,,,,None,None,,,,,2.0,PowerGauntlet,,,3.0,RunaansHurricane,Deathblade,GuinsoosRageblade,,,,,,,,,,,,,1.0,,,,,,,,,,,
1,EUW1_5971878743,TFT7_Augment_FirstAidKit2,TFT7_Augment_MageEmblem2,TFT6_Augment_SecondWind2,,0.0,1.0,1.0,,,1.0,,0.0,,2.0,,,2.0,,2.0,,,,,0.0,1.0,,,,0.0,,2.0,,,,,,,,,,,,,,,,,,,,,2.0,MageEmblemItem,Shroud,,,,,,,,,,,,,,,,,,,,,,,,,,2.0,InfinityEdge,UnstableConcoction,MageEmblemItem,,,,,,,,,,,,,,,,,,,,,,,,,,,,,,,,,,,,,,,,,,,,,,,,,2.0,,,,2.0,Chalice,ZekesHerald,,,,,,,,,,,,,,,,,,,,,,,,,,,,,,3.0,ArchangelsStaff,SpearOfShojin,Redemption,,,,,,,,,,,,,,,,,,,,,,,,,,,,,,,,,,,,,2.0,RedBuff,Zephyr,,,,,,,,,,,,,,,,,,,,None,None,,,,,,,,,,,,,,,,,,,,,,,,,,,,,,,,,2.0,ThiefsGloves,,
8,EUW1_5971878743,TFT6_Augment_PortableForge,TFT6_Augment_RadiantRelics,TFT7_Augment_BruiserEmblem,,1.0,,1.0,,,1.0,,,,1.0,,,0.0,,0.0,0.0,,,,,,,1.0,1.0,,0.0,,,,,,,,,,1.0,StatikkShiv,SpearOfShojin,MageEmblemItem,,,,,,,,,,,,,,,,,,,,,,,,,,,,,,,,,,,,,,,,,,,,,,,,,,,,,,,,,,,,,2.0,GargoyleStoneplateRadiant,OrnnAnimaVisage,,,,,,,,,,,,,,,,,,,,,,,,,,,,,,2.0,Shroud,BruiserEmblemItem,,,,,,,,,,,,,,,,,,,,,,,,,,,,,,,,,,,,,,,,,,,,,,1.0,,,,,,,,,,,,,,,,,,,,,,,,,,,,,,,,,,,,,,,,,,,,,,None,None,,,,,2.0,ZekesHerald,,,2.0,MadredsBloodrazor,GuinsoosRageblade,RunaansHurricane,,,,,,,,,,,,,,,,,,,,,,,,
3,EUW1_5971878743,TFT6_Augment_PortableForge,TFT6_Augment_ItemGrabBag2,TFT7_Augment_GadgetExpert,1.0,1.0,,1.0,,,,,,,2.0,0.0,0.0,0.0,,0.0,,,,0.0,,,,1.0,1.0,,,,,,,,,,,,,,,,,,,,,,,,,,,,,,,,,,,,,,,,,,,,,,,,,,,,,,,,,,,,,,,,,,,,,,,,,,,,2.0,RedBuff,TitanicHydra,TitansResolve,,,,,,,,,,,,,,,,,,,,,,,,,,,,,2.0,Zephyr,,,1.0,,,,,,,,,,,,,,,,2.0,ThiefsGloves,PowerGauntlet,Shroud,,,,,2.0,ZekesHerald,LocketOfTheIronSolari,,,,,,,,,,,,,,,,,,,,,,,,,,,,,,,,,,,,,,,,,,,,,,,,,,2.0,UnstableConcoction,OrnnObsidianCleaver,FrozenHeart,,,,,,,,,,,None,None,,,,,1.0,,,,3.0,Deathblade,GuinsoosRageblade,StatikkShiv,,,,,,,,,,,,,,,,,,,,,,,,
5,EUW1_5971878743,TFT6_Augment_Twins2,TFT6_Augment_Meditation3,TFT7_Augment_BestFriends2,,0.0,,0.0,,,,,,,1.0,,,2.0,,0.0,,,,,0.0,1.0,,,,,0.0,0.0,,,,,,,,,,,,,,,,,,,,,,,,,,,,,,,,,,,,,,,,,,,,,,,,,,,,,,,,,,,,,,,,,,,,,,,,,,,,,,,,,,,,,,,,,,,,,,,,,,,,,,,,,3.0,ArchangelsStaff,SpearOfShojin,ZekesHerald,,,,,,,,,,,,,,,,,,,,,,,,,,,,,3.0,,,,,,,,,,,,,,,,,,,,,,,,,,,,,,,,,,,,,,,,2.0,RedBuff,GargoyleStoneplate,WarmogsArmor,,,,,,,,,,,,,,,,,,,None,None,,,,,,,,,,,,,2.0,,,,,,,,,,,,,,,,,,,,1.0,WarriorEmblemItem,,
6,EUW1_5971878743,TFT7_Augment_AssassinEmblem,TFT6_Augment_CyberneticUplink3,TFT6_Augment_PortableForge,2.0,,,2.0,,,,,,,,,0.0,0.0,0.0,,0.0,,1.0,,,,,,1.0,,1.0,0.0,,,,,,,,,,,,,,,,,,,,,,,,,,,,,,,,,3.0,IonicSpark,GiantsBelt,DragonsClaw,,,,,,,,,,,,,,,,,,,,,,,,,,,,,,,,,,,,,,,,,,,,,,,,,,,,,,,,,,,,,,,,,,,,,,,,,,,,,,,,,,,,,2.0,OrnnDeathsDefiance,AssassinEmblemItem,InfinityEdge,2.0,GiantsBelt,,,,,,,2.0,GiantsBelt,,,,,,,,,,,,,,,,,,,2.0,,,,,,,,,,,,,,,,,,,,,,,,2.0,GiantsBelt,,,,,,,,,,,,,,,,,,,,,None,None,,,,,,,,,,,,,,,,,,,,,,,,,,,,,3.0,Bloodthirster,AssassinEmblemItem,GuardianAngel,,,,
7,EUW1_5971878743,TFT7_Augment_MikaelsGift,TFT6_Augment_WindfallPlus,TFT6_Augment_SunfireBoard,,,,,2.0,,1.0,,1.0,1.0,,,,,,0.0,,2.0,,,1.0,,,,,1.0,,0.0,,,,,,,,,,,,,,,,,,,,,,,,,,,,,2.0,MadredsBloodrazor,Deathblade,Deathblade,,,,,,,,,2.0,WarmogsArmor,Redemption,GargoyleStoneplate,,,,,,,,,,,,,,,,,,,,,,,,,,,,,,,,,2.0,,,,,,,,,,,,,,,,,,,,,,,,2.0,LocketOfTheIronSolari,,,,,,,,,,,,,,,,,,,,,,,,,,,,,,,,,,,,,,,,,,,,,,,,,,,,,,,,,,,,,,,2.0,,,,,,,,,,,,,,,,,,,,,,,,,,,,2.0,WarmogsArmor,,,3.0,TrainerSnax,None,None,2.0,ShimmerscaleHeartOfGold,RunaansHurricane,,,,,,,,,,,,,,,,,,,,,,,,,,,,,,,,,
1,EUW1_5971540407,TFT6_Augment_CyberneticUplink1,TFT6_Augment_Diversify1,TFT6_Augment_CelestialBlessing2,,,1.0,,2.0,,1.0,,1.0,1.0,1.0,,,0.0,,1.0,,2.0,,,1.0,1.0,,,,1.0,,,,,,,,,,,,,,,,,,,,,,,2.0,ZekesHerald,,,,,,,2.0,MadredsBloodrazor,HextechGunblade,Deathblade,,,,,,,,,2.0,GargoyleStoneplate,WarmogsArmor,RedBuff,,,,,,,,,,,,,,,,,,,,,,,,,,,,,,,,,2.0,,,,,,,,,,,,,,,,,,,,,,,,2.0,GuardianEmblemItem,,,,,,,,,,,,,,,,,,,,,,,,,,,,,,,,,,,,,,,,,,,,,,,,,,,,,,,,,,,,,,,1.0,ChainVest,,,,,,,,,,,,,,,,,,,,,,,,,,,,,,,4.0,TrainerSnax,None,None,2.0,LastWhisper,,,,,,,,,,,,,,,,,,,,,,,,,,,,,,,2.0,ShimmerscaleHeartOfGold,NeedlesslyLargeRod,GuinsoosRageblade
5,EUW1_5971540407,TFT6_Augment_Featherweights1,TFT7_Augment_SwiftshotTrait,TFT6_Augment_ComponentGrabBag,,1.0,,1.0,,,,,0.0,,1.0,,,0.0,,1.0,0.0,,,,,,,2.0,,0.0,,0.0,,,,,,,,,,,,,,,,,,,,,,,,,,,,,,,,,,,,,,,,,,,,,,,,,,,,,,,,,,,,,,,,,,,,,,,,,3.0,ThiefsGloves,NegatronCloak,InfinityEdge,,,,,,,,,,,,,,,,,,,,,,,,,1.0,,,,3.0,GuinsoosRageblade,ZekesHerald,LocketOfTheIronSolari,,,,,,,,,,,,,,,,,,,,,,,,,,,,,,,,,,,,,,,,,,,,,,,,,,,,,,,,,,,,,,,,,,,,,2.0,GargoyleStoneplate,IonicSpark,RedBuff,,,,,,,,,,,,,,,,,,,None,None,,,,,2.0,,,,3.0,InfinityEdge,GuinsoosRageblade,RunaansHurricane,,,,,,,,,1.0,,,,,,,,,,,,,,,
2,EUW1_5971540407,TFT7_Augment_Preparation,TFT6_Augment_TinyTitans,TFT7_Augment_ShapeshifterBeastsDen,,0.0,1.0,,,,1.0,,,0.0,1.0,2.0,,,,1.0,,,,2.0,,,1.0,,,,,1.0,,,,,,,,,,,,,,,,,,,,,1.0,,,,,,,,,,,,,,,,,,,,,,,,2.0,UnstableConcoction,GuardianAngel,TitansResolve,,,,,2.0,,,,,,,,2.0,GiantsBelt,,,,,,,,,,,,,,,,,,,,,,,,,,,,,,,,,,,,,,,,,,,,,,,2.0,RedBuff,GargoyleStoneplate,WarmogsArmor,3.0,Quicksilver,MadredsBloodrazor,GuinsoosRageblade,,,,,,,,,,,,,,,,,,,,,,,,,,,,,,,,,,,,,,,,,,,,,,,,,,,,,2.0,SpearOfShojin,,,,,,,,,,,,,,,,,,,,,,,1.0,,,,,,None,None,,,,,,,,,,,,,,,,,,,,,,,,,,,,,,,,,,,,
7,EUW1_5971540407,TFT7_Augment_BandOfThieves1,TFT6_Augment_CyberneticUplink1,TFT7_Augment_BruiserTitanicStrength,1.0,0.0,,2.0,,,1.0,,,0.0,,,0.0,0.0,,,,,,,,,,,1.0,,,3.0,,,,,,,,,,,,,,,,,,,,,,,,,,,,,,,,,,,,,,,,,,,,,,,,,2.0,InfinityEdge,GuardianAngel,UnstableConcoction,,,,,,,,,,,,,,,,,,,,,,,,,,,,,,,,,,,,,,,,,,,,,,,,,,,,,,,,,,,,,,,,,,,,,,,,,1.0,ThiefsGloves,RunaansHurricane,ArchangelsStaff,1.0,IonicSpark,Quicksilver,,1.0,FrozenHeart,,,,,,,,,,,,,,,,,,,,,,,,,,,2.0,,,,,,,,,,,,,,,,2.0,,,,,,,,,,,,,,,,2.0,,,,,,None,None,,,,,,,,,,,,,,,,,,,,,,,,,,,,,,,,,,,,
6,EUW1_5971540407,TFT6_Augment_SecondWind1,TFT6_Augment_PandorasItems,TFT7_Augment_JadeTrait,,,,,,,1.0,1.0,,,,2.0,,,,0.0,0.0,,,1.0,,,1.0,0.0,,,,,,,,,,,,,,,,,2.0,,,,,,,,,,,,,,,,,,,,,,,,,,,,,,,,1.0,Bloodthirster,TitansResolve,MadredsBloodrazor,,,,,,,,,,,,,2.0,,,,,,,,,,,,,,,,,,,,,,,,,,,,,,,,,,,,,,,,,,,,,,,,2.0,Bloodthirster,,,,,,,,,,,,,,,,,,,,,,,,,,,,,,,,,,,,,,,2.0,,,,,,,,,,,,,,,,,,,,1.0,,,,3.0,ArchangelsStaff,GuinsoosRageblade,StatikkShiv,,,,,,,,,,,,,,,,,,,,,,,None,None,,,,,,,,,,,,,,,,,,,,,,,,,,,,,,,,,,,,
8,EUW1_5971540407,TFT6_Augment_TinyTitans,TFT6_Augment_MakeshiftArmor1,TFT6_Augment_MakeshiftArmor2,,,,0.0,,2.0,,1.0,0.0,,1.0,0.0,1.0,0.0,0.0,,,,0.0,,0.0,,,0.0,1.0,,,,,,,,1.0,Morellonomicon,,,,,,,1.0,,,,,,,,,,,,,,,,,,,,,,,,,,,,,,,,,,,,,,,,,,,,,,,,,,,,,,,,,,,,,,,,,,,,,,,,,,,,2.0,,,,,,,,2.0,,,,,,,,,,,,,,,,,,,,2.0,,,,,,,,1.0,RedBuff,,,,,,,,,,,,,,,2.0,NegatronCloak,,,,,,,,,,,,,,,,,,,,,,,,,,,,,,,,,,,,,,,,,,,,,,,,,,,,,,,,,None,None,,,,,,,,,,,,,,,,,2.0,Quicksilver,GuinsoosRageblade,,,,,,,,,,,,,,,,,
3,EUW1_5971540407,TFT6_Augment_TinyTitans,TFT6_Augment_Electrocharge1,TFT6_Augment_PortableForge,,0.0,1.0,1.0,,,,,0.0,,2.0,,,2.0,,2.0,,,,,0.0,1.0,,,,1.0,,0.0,,,,,,,,,,,,,,,,,,,,,2.0,,,,,,,,,,,,,,,,,,,,,,,,,,,,,,,,,,,,,,,,,,,,,,,,2.0,TearOfTheGoddess,,,3.0,ThiefsGloves,RedBuff,InfinityEdge,,,,,,,,,,,,,,,,,,,,,,,,,2.0,Chalice,,,3.0,SpearOfShojin,FrozenHeart,,,,,,,,,,,,,,,,,,,,,,,,,,,,,,2.0,JeweledGauntlet,InfinityEdge,SpearOfShojin,,,,,,,,,,,,,,,,,,,,,,,,,,,,,,,,,,,,,2.0,RedBuff,OrnnRocketPropelledFist,IonicSpark,,,,,,,,,,,,,,,,,4.0,TrainerSnax,None,None,,,,,,,,,,,,,,,,,,,,,,,,,,,,,,,,,1.0,SpearOfShojin,UnstableConcoction,
4,EUW1_5971540407,TFT6_Augment_Electrocharge1,TFT6_Augment_Weakspot,TFT6_Augment_SunfireBoard,1.0,,,,,,1.0,,1.0,,1.0,2.0,0.0,,,1.0,,,,1.0,,,,,,0.0,,0.0,,,,,3.0,ArchangelsStaff,Quicksilver,,,,,,,,,,,,,,,,,,,,,,,,,,,,,,,,,,,,,,2.0,MadredsBloodrazor,GuinsoosRageblade,Bloodthirster,,,,,,,,,,,,,2.0,,,,,,,,,,,,,,,,,,,,,,,,,,,,,,,,,,,,,,,,2.0,,,,,,,,2.0,WarmogsArmor,IonicSpark,DragonsClaw,,,,,,,,,,,,,,,,,1.0,,,,,,,,,,,,,,,,,,,,,,,,,,,,,,,,,,,,,,,,,,,,,,,,,,,,,,,,2.0,ThiefsGloves,WarmogsArmor,GargoyleStoneplate,,,,,,,,,,,None,None,,,,,,,,,,,,,,,,,,,,,,,,,,,,,,,,,,,,
3,EUW1_5971528374,TFT6_Augment_Twins1,TFT7_Augment_Preparation2,TFT6_Augment_Meditation3,,1.0,,1.0,,,,,,,2.0,,,1.0,,0.0,,0.0,,,0.0,1.0,,1.0,,,,0.0,,,,,,,,,,,,,,,,,,,,,,,,,,,,,,,,,,,,,,,,,,,,,,,,,,,,,,,,,,,,,,,,,,,,,,,,,3.0,RedBuff,GiantsBelt,RevelEmblemItem,,,,,,,,,,,,,,,,,,,,,,,,,,,,,3.0,SpearOfShojin,,,,,,,,,,,,,,,,,,,,,,,,,,,,,,,2.0,,,,,,,,,,,,,,,,,,,,,,,,,,,,,,,,,,,,,,,,2.0,,,,,,,,,,,,,,,,,,,,,,None,None,,,,,1.0,RunaansHurricane,ForceOfNature,,2.0,GuinsoosRageblade,UnstableConcoction,RunaansHurricane,,,,,,,,,,,,,,,,,,,,,1.0,Deathblade,,
2,EUW1_5971528374,TFT6_Augment_Twins1,TFT7_Augment_Preparation2,TFT6_Augment_CelestialBlessing3,,,,1.0,,0.0,1.0,0.0,,0.0,,,,,4.0,,0.0,,0.0,,,,,,,,2.0,,,,,,,,,,,,,,,,,,,,,,,,,,,,,,,,,,,,,,1.0,,,,,,,,,,,,,,,,,,,,,,,,,,,,,,,,,,,,,,,,,,,,,,,,,,,,,,,,1.0,,,,,,,,,,,,,,,,,,,,,,,,2.0,BrambleVest,FrozenHeart,,2.0,MirageEmblemItem,,,,,,,,,,,,,,,,,,,,,,,,,,,,,,,2.0,ZekesHerald,,,,,,,,,,,,,,,,,,,,,,,,,,,,,,,,,,,,,,,,,,,,,None,None,,,,,,,,,,,,,,,,,,,,,,,,,1.0,Morellonomicon,,,3.0,Quicksilver,GuinsoosRageblade,GuinsoosRageblade,,,,
6,EUW1_5971528374,TFT6_Augment_CyberneticUplink1,TFT6_Augment_ComponentGrabBag,TFT6_Augment_ItemGrabBag2,,1.0,,1.0,,,,,0.0,,2.0,,,1.0,,1.0,,,,,0.0,1.0,,1.0,,0.0,,0.0,,,,,,,,,,,,,,,,,,,,,,,,,,,,,,,,,,,,,,,,,,,,,,,,,,,,,,,,,,,,,,,,,,,,,,,,,2.0,GargoyleStoneplate,RedBuff,WarmogsArmor,,,,,,,,,,,,,,,,,,,,,,,,,2.0,,,,3.0,ArchangelsStaff,,,,,,,,,,,,,,,,,,,,,,,,,,,,,,,2.0,JeweledGauntlet,SpearOfShojin,RabadonsDeathcap,,,,,,,,,,,,,,,,,,,,,,,,,,,,,,,,,,,,,2.0,DragonsClaw,WarmogsArmor,GargoyleStoneplate,,,,,,,,,,,,,,,,,,,None,None,,,,,2.0,,,,3.0,InfinityEdge,GuinsoosRageblade,RunaansHurricane,,,,,,,,,,,,,,,,,,,,,1.0,,,
4,EUW1_5971528374,TFT7_Augment_GuardianTrait,TFT6_Augment_ComponentGrabBag,TFT6_Augment_CelestialBlessing3,,,,,,,1.0,1.0,,1.0,,2.0,,,0.0,0.0,,,,,,,,1.0,1.0,,,,,,,,,,,,,,,,2.0,,,,,,,,,,,,,,,,,,,,,,,,,,,,,,,,1.0,TitansResolve,Deathblade,,,,,,,,,,3.0,MadredsBloodrazor,ArchangelsStaff,MadredsBloodrazor,,,,,,,,,,,,,,,,,,,,,3.0,ZekesHerald,RabadonsDeathcap,,,,,,2.0,,,,3.0,DragonsClaw,,,,,,,,,,,,,,,,,,,,,,,,,,,,,,,,,,,,,,,,,,,,,,,,,,,,,,,,,,,,,,,,,,,,,,,,,,,,,,,,,,,,,,,,,,,,,,,3.0,GargoyleStoneplate,GargoyleStoneplate,RedBuff,,,,,,,None,None,,,,,,,,,,,,,,,,,,,,,,,,,,,,,,,,,,,,
8,EUW1_5971528374,TFT6_Augment_Electrocharge1,TFT7_Augment_PandorasBench,TFT7_Augment_CavalierEmblem2,,,,1.0,,3.0,,,,,1.0,,,1.0,0.0,,0.0,,1.0,,,,,,,,0.0,0.0,,,,,,,,,,,,,,,,,,,,,,,,,,,,,,,,,,,,,,,,,,,,,,,,,,,,,,,,,,,,,,,,,2.0,,,,,,,,,,,,,,,,,,,,,,,,,,,,,,,,3.0,IonicSpark,UnstableConcoction,BFSword,,,,,,,,,,,,,,,,,2.0,RedBuff,GiantsBelt,,2.0,,,,,,,,,,,,,,,,2.0,NeedlesslyLargeRod,,,,,,,,,,,,,,,,,,,,,,,,,,,,,,,,,,,,,,,1.0,RedBuff,CavalierEmblemItem,,,,,,,,,,,,,,,,,,,,None,None,,,,,,,,,,,,,,,,,,,,,,,,,,,,,,,,,,,,
7,EUW1_5971528374,TFT6_Augment_Weakspot,TFT6_Augment_TargetDummies,TFT7_Augment_CannoneerEmblem2,,,,,2.0,,1.0,,1.0,1.0,,,,,,0.0,,1.0,,,1.0,,,,,1.0,,0.0,,,,,,,,,,,,,,,,,,,,,,,,,,,,,1.0,MadredsBloodrazor,ShimmerscaleGamblersBlade,RunaansHurricane,,,,,,,,,1.0,GargoyleStoneplate,RedBuff,WarmogsArmor,,,,,,,,,,,,,,,,,,,,,,,,,,,,,,,,,,,,,,,,,,,,,,,,,,,,,,,,,2.0,CannoneerEmblemItem,,,,,,,,,,,,,,,,,,,,,,,,,,,,,,,,,,,,,,,,,,,,,,,,,,,,,,,,,,,,,,,1.0,RapidFireCannon,,,,,,,,,,,,,,,,,,,,,,,,,,,2.0,,,,2.0,TrainerSnax,None,None,2.0,,,,,,,,,,,,,,,,,,,,,,,,,,,,,,,,,,,
1,EUW1_5971528374,TFT7_Augment_RagewingTrait,TFT7_Augment_PandorasBench,TFT6_Augment_CelestialBlessing3,1.0,,1.0,,,,,2.0,,,1.0,1.0,0.0,,0.0,0.0,1.0,,,1.0,0.0,,,0.0,1.0,,0.0,,,,,,,,,,,,,,2.0,,,,,,,,2.0,,,,,,,,,,,,,,,,,,,,,,,,,,,,,,,,,,,,,,,,,,,,,,,,,,,,,,,,,,,,,,,,,,,,2.0,,,,,,,,,,,,,,,,,,,,2.0,TitanicHydra,FrozenHeart,GargoyleStoneplate,,,,,,,,,,,,,,,,,,,,,1.0,,,,,,,,,,,,,,,,2.0,,,,,,,,,,,,,,,,,,,,,,,,3.0,Quicksilver,GuinsoosRageblade,StatikkShiv,,,,,,,,,,,,,,,,,,,,,,,None,None,,,,,,,,,,,,,,,,,2.0,ZekesHerald,AssassinEmblemItem,,,,,,2.0,JadeEmblemItem,UnstableConcoction,MadredsBloodrazor,,,,,,,,
5,EUW1_5971528374,TFT7_Augment_RevelTrait,TFT6_Augment_Ascension,TFT6_Augment_CelestialBlessing3,1.0,,,2.0,,,1.0,,,,1.0,,0.0,0.0,,,0.0,0.0,,,,,,,1.0,,0.0,2.0,,,,,,,,,,,,,,,,,,,,,,,,,,,,,,,,,,,,,,,,,,,,,,,,,2.0,MadredsBloodrazor,InfinityEdge,Bloodthirster,,,,,,,,,,,,,,,,,,,,,,,,,,,,,,,,,,,,,,,,,,,,,,,,,,,,,,,,,,,,,,,,,,,,,,,,,2.0,,,,1.0,,,,2.0,SparringGloves,,,,,,,,,,,,,,,,,,,2.0,GargoyleStoneplate,RedBuff,BrambleVest,,,,,,,,,,,,,,,,,,,,,2.0,,,,,,,,2.0,UnstableConcoction,FrozenHeart,RabadonsDeathcap,,,,,,,,,,,None,None,,,,,,,,,,,,,,,,,,,,,,,,,,,,,,,,,,,,
2,EUW1_5971534596,TFT6_Augment_Electrocharge2,TFT7_Augment_MageTrait,TFT6_Augment_PortableForge,,1.0,,1.0,0.0,,,,0.0,,1.0,,,3.0,,1.0,,,,,0.0,1.0,,,,1.0,,0.0,,,,,,,,,,,,,,,,,,,,,,,,,,,,,,,,,,,,,,,,,,,,,,,,,,,,,,,,,,,,,,,,,,,,,2.0,,,,3.0,WarmogsArmor,IonicSpark,Redemption,,,,,,,,,,,,,,,,,,,,,,,,,2.0,ZekesHerald,CannoneerEmblemItem,ZekesHerald,3.0,ThiefsGloves,Morellonomicon,IonicSpark,,,,,,,,,,,,,,,,,,,,,,,,,,,,,2.0,OrnnMuramana,ArchangelsStaff,ArchangelsStaff,,,,,,,,,,,,,,,,,,,,,,,,,,,,,,,,,,,,,3.0,,,,,,,,,,,,,,,,,,,,4.0,TrainerSnax,None,None,,,,,,,,,,,,,2.0,Shroud,,,,,,,,,,,,,,,,,,,1.0,GuinsoosRageblade,,
4,EUW1_5971534596,TFT7_Augment_GuardianEmblem,TFT6_Augment_TinyTitans,TFT6_Augment_Ascension,0.0,,,0.0,,2.0,1.0,,,1.0,3.0,,,,,,1.0,,,,1.0,,,1.0,,,0.0,,,,,,,,,,,,,,,,,,,,,,,,,,,,,,,,,,,,,,,,,,2.0,GargoyleStoneplate,BrambleVest,ShimmerscaleMogulsMail,,,,,,,,,,,,,,,,,,,,,2.0,,,,,,,,,,,,,,,,,,,,,,,,,,,,,,,,,,,,,,,,,,,,,,,,,,,,,,,,,,,,,,,,,,,,,,,,,,,,2.0,GuardianEmblemItem,,,,,,,,,,,1.0,Shroud,,,,,,,,,,,,,,,,,,,,,,,,,,,,,,,2.0,CavalierEmblemItem,HextechGunblade,TearOfTheGoddess,,,,,,,,,,,None,None,,,,,2.0,GuinsoosRageblade,,,,,,,,,,,,,,,2.0,Quicksilver,GuinsoosRageblade,InfinityEdge,,,,,,,,,,,,
8,EUW1_5971534596,TFT7_Augment_EvokerEssenceTheft,TFT6_Augment_PandorasItems,TFT6_Augment_MakeshiftArmor2,,,,0.0,0.0,0.0,,,0.0,,3.0,,,1.0,,0.0,,,,,,,,0.0,,2.0,,0.0,,,,,,,,,,,,,,,,,,,,,,,,,,,,,,,,,,,,,,,,,,,,,,,,,,,,,,,,,,,,,,,,,,,,,2.0,LocketOfTheIronSolari,NeedlesslyLargeRod,,,,,,,,,,,,,,,,,,,,,,,,,,,,,,2.0,,,,,,,,,,,,,,,,,,,,,,,,,,,,,,,,,,,,2.0,Chalice,ZekesHerald,Chalice,2.0,,,,,,,,,,,,,,,,,,,,,,,,,,,,,,,,,,,,2.0,,,,,,,,,,,,,,,,,,,,4.0,TrainerSnax,None,None,2.0,,,,2.0,,,,,,,,,,,,,,,,,,,,,,,,,,,,,,,
7,EUW1_5971534596,TFT7_Augment_SwiftshotPressTheAttack,TFT7_Augment_GuildTrait,TFT6_Augment_CyberneticImplants2,0.0,,,1.0,,1.0,,0.0,,,4.0,,0.0,,,,1.0,,,,,,,1.0,1.0,,0.0,,,,,,,,,,,,,,,,,,,,,,,,,,,,,,,,,,,,,,,,,,,,,,,,,,,,,,,,,,,,,,,,,,1.0,ThiefsGloves,GiantsBelt,GargoyleStoneplate,,,,,,,,,,,,,,,,,,,,,1.0,TitansResolve,,,,,,,,,,,,,,,,,,,,,,,,,,,,,,,,,,,1.0,RedBuff,,,,,,,,,,,,,,,1.0,,,,,,,,,,,,2.0,WarmogsArmor,,,,,,,,,,,,,,,,,,,,,,,,,,,,,,,1.0,FrozenHeart,Bloodthirster,,,,,,,,,,,,None,None,,,,,1.0,,,,,,,,,,,,,,,,2.0,Quicksilver,GuinsoosRageblade,InfinityEdge,,,,,,,,,,,,
6,EUW1_5971534596,TFT6_Augment_PortableForge,TFT6_Augment_Diversify1,TFT7_Augment_BestFriends2,1.0,,1.0,1.0,,,1.0,0.0,,,2.0,,0.0,,0.0,0.0,0.0,,,,,,,,1.0,,1.0,1.0,,,,,,,,,,,,,,,,,,,,,1.0,,,,,,,,,,,,,,,,,,,,,,,,,,,,2.0,GuinsoosRageblade,Bloodthirster,GuardianAngel,,,,,,,,,,,,,,,,,,,,,,,,,,,,,,,,,,,,,,,,,,,,,,,,,,,,,,,,,,,,,,,,,,,,,,,,,2.0,WarmogsArmor,BrambleVest,Morellonomicon,,,,,2.0,,,,,,,,,,,,,,,,,,,,2.0,,,,,,,,,,,,,,,,,,,,,,,,,,,,,,,,2.0,HextechGunblade,OrnnTheCollector,,,,,,,,,,,,None,None,,,,,,,,,,,,,,,,,,,,,,,,,1.0,WarmogsArmor,,,,,,,,,,
5,EUW1_5971534596,TFT7_Augment_MirageEmblem,TFT6_Augment_Weakspot,TFT6_Augment_ComponentGrabBag,1.0,,,1.0,,1.0,,,,0.0,3.0,,0.0,,,,1.0,,,,,,,1.0,1.0,,0.0,,,,,,,,,,,,,,,,,,,,,,,,,,,,,,,,,,,,,,,,,,,,,,,,,,,,,,,,,,,,,,,,,,1.0,,,,,,,,,,,,,,,,,,,,,,,,,,,,,,,,,,,,,,,,,,,,,,,,,,,,,,,,,,,,2.0,RedBuff,,,,,,,2.0,FrozenHeart,RedBuff,NegatronCloak,,,,,2.0,GuardianEmblemItem,,,,,,,,,,,2.0,LocketOfTheIronSolari,,,,,,,,,,,,,,,,,,,,,,,,,,,,,,,2.0,IonicSpark,Deathblade,,,,,,,,,,,,None,None,,,,,2.0,ZekesHerald,,,,,,,,,,,,,,,1.0,GuinsoosRageblade,Quicksilver,MadredsBloodrazor,,,,,,,,,,,,
3,EUW1_5971534596,TFT7_Augment_CavalierEmblem,TFT7_Augment_BandOfThieves1,TFT6_Augment_ComponentGrabBag,1.0,,1.0,1.0,,2.0,,,,,4.0,,0.0,,,0.0,1.0,,,,,,,1.0,1.0,,0.0,,,,,,,,,,,,,,,,,,,,,,1.0,,,,,,,,,,,,,,,,,,,,,,,,,,,,,,,,,,,,,,,,,,,,2.0,ThiefsGloves,Chalice,RabadonsDeathcap,,,,,,,,,,,,,,,,,,,,,,,,,,,,,,,,,,,,,,,,,,,,,,,,,,,,,,,,,2.0,RedBuff,Redemption,CavalierEmblemItem,,,,,1.0,FrozenHeart,,,,,,,2.0,Zephyr,,,,,,,,,,,2.0,IonicSpark,WarmogsArmor,,,,,,,,,,,,,,,,,,,,,,,,,,,,,,2.0,RunaansHurricane,InfinityEdge,,,,,,,,,,,,None,None,,,,,1.0,,,,,,,,,,,,,,,,2.0,Quicksilver,Deathblade,GuinsoosRageblade,,,,,,,,,,,,
1,EUW1_5971534596,TFT7_Augment_RagewingScorch,TFT6_Augment_SecondWind1,TFT7_Augment_FirstAidKit2,,,,,,,1.0,1.0,0.0,,,2.0,,,,1.0,1.0,,,1.0,,,1.0,1.0,,0.0,,,,,,,,,,,,,,,2.0,,,,,,,,,,,,,,,,,,,,,,,,,,,,,,,,2.0,Bloodthirster,,,,,,,,,,,,,,,,,,,,,,,,,,,,,,,,,,,,,,,,,,,,,,,,,,,,,,,2.0,,,,,,,,2.0,BrambleVest,RedBuff,JeweledGauntlet,,,,,,,,,,,,,,,,,,,,,,,,,,,,,,,,,,,,,2.0,,,,,,,,,,,,,,,,,,,,1.0,ForceOfNature,,,3.0,Quicksilver,GuinsoosRageblade,StatikkShiv,,,,,,,,,,,,,,,,,,,,,,,None,None,,,,,,,,,,,,,,,,,,,,,2.0,ZekesHerald,GiantsBelt,,,,,,,,,,,,,
4,EUW1_5971519142,TFT7_Augment_MikaelsGift,TFT6_Augment_TinyTitans,TFT6_Augment_CyberneticShell1,,1.0,1.0,1.0,,,,,0.0,,2.0,,,2.0,,2.0,,,,,,,,,,1.0,,0.0,,,,,,,,,,,,,,,,,,,,,1.0,InfinityEdge,,,,,,,,,,,,,,,,,,,,,,,,,,,,,,,,,,,,,,,,,,,,,,,2.0,InfinityEdge,,,2.0,NegatronCloak,,,,,,,,,,,,,,,,,,,,,,,,,,,2.0,StatikkShiv,ZekesHerald,,3.0,ThiefsGloves,BFSword,Bloodthirster,,,,,,,,,,,,,,,,,,,,,,,,,,,,,2.0,HextechGunblade,SpearOfShojin,RabadonsDeathcap,,,,,,,,,,,,,,,,,,,,,,,,,,,,,,,,,,,,,2.0,RedBuff,MadredsBloodrazor,,,,,,,,,,,,,,,,,,2.0,TrainerSnax,None,None,,,,,,,,,,,,,3.0,LocketOfTheIronSolari,,,,,,,,,,,,,,,,,,,,,,
1,EUW1_5971519142,TFT7_Augment_GadgetExpert,TFT6_Augment_CyberneticShell1,TFT6_Augment_CyberneticUplink1,0.0,0.0,,1.0,,,,,1.0,,1.0,,0.0,2.0,,1.0,,0.0,,,,,,,1.0,1.0,,0.0,,,,,,,,,,,,,,,,,,,,,,,,,,,,,,,,,,,,,,,,,,,,,,,,,,,,,,,,,,,,,,,,,,,,,2.0,,,,,,,,,,,,,,,,,,,,,,,,,,,,,,,,2.0,Morellonomicon,,,3.0,StatikkShiv,,,,,,,,,,,,,,,,,,,2.0,WarmogsArmor,BrambleVest,GargoyleStoneplate,,,,,1.0,,,,2.0,SpearOfShojin,GuardianAngel,MadredsBloodrazor,,,,,,,,,,,,,,,,,,,,,,,,,2.0,StatikkShiv,,,,,,,,,,,2.0,IonicSpark,RedBuff,Quicksilver,,,,,,,,,,,,,,,,,3.0,TrainerSnax,None,None,,,,,,,,,,,,,2.0,TitansResolve,,,,,,,,,,,,,,,,,,,,,,
2,EUW1_5971519142,TFT6_Augment_Twins2,TFT7_Augment_BestFriends1,TFT6_Augment_Weakspot,,0.0,,1.0,,,1.0,,,,,0.0,0.0,,,,,,,2.0,,,,,0.0,,,2.0,,,,,,,,,,,,,,,,,,,,,,,,,,,,,,,,,,,,,,,,,,,,,,,,,2.0,RedBuff,BrambleVest,TitansResolve,2.0,HextechGunblade,Shroud,,,,,,1.0,Zephyr,,,,,,,,,,,,,,,,,,,,,,,,,,,,,,,,,,,,,,,,,,,,,,,2.0,Redemption,GargoyleStoneplate,WarmogsArmor,2.0,GuinsoosRageblade,MadredsBloodrazor,Quicksilver,,,,,,,,,1.0,,,,,,,,,,,,,,,,,,,,,,,,,,,,,,,,,,,,,,,,,,,,,,,,,,,,,,,,,,,,,,,,,,,,,,,,,,None,None,,,,,,,,,,,,,,,,,,,,,,,,,,,,,,,,,,,,
3,EUW1_5971519142,TFT6_Augment_Traitless2,TFT6_Augment_CyberneticImplants1,TFT6_Augment_Traitless1,0.0,0.0,,0.0,0.0,0.0,,0.0,,,,,0.0,,0.0,,0.0,0.0,0.0,,0.0,,,0.0,0.0,,0.0,,,,,,,,,,,,,,,,,,,,,,,,,,,,,,2.0,RecurveBow,GuardianAngel,SpearOfShojin,2.0,UnstableConcoction,IonicSpark,RedBuff,,,,,,,,,,,,,,,,,,,,,,,,,,,,,,,,,,,,,,,,,,,,,,,,,,,,,3.0,LocketOfTheIronSolari,LocketOfTheIronSolari,FrozenHeart,,,,,,,,,,,,,,,,,,,,,,,,,3.0,TitanicHydra,,,,,,,,,,,,,,,,,,,,,,,,,,,,,,,,,,,2.0,,,,,,,,,,,,,,,,,,,,,,,,,,,,,,,,,,,,,,,,,,,,,,None,None,,,,,,,,,1.0,,,,,,,,2.0,UnstableConcoction,TitansResolve,,,,,,,,,,,,,,,,,
8,EUW1_5971519142,TFT6_Augment_CelestialBlessing2,TFT7_Augment_RevelTrait,TFT6_Augment_Recombobulator,,,,0.0,0.0,,1.0,,1.0,0.0,,0.0,,,,0.0,0.0,1.0,,,1.0,,1.0,,,1.0,0.0,,,,,,,,,,,,,,,,,,,,,,,,,,,,,,,,,,,,,,,,,,,,,,,,,,,,,,,,,,,,,,,,,,,,,,,,,,,,,,,,,,,,,,,,,,,,,,,,,,,,,,,,,,,,,,,,,,,,,,,,,,,,,,1.0,,,,,,,,,,,,,,,,1.0,,,,,,,,,,,,1.0,,,,1.0,,,,,,,,2.0,ThiefsGloves,GuinsoosRageblade,Quicksilver,2.0,GuinsoosRageblade,,,,,,,,,,,,,,,,,,,,,,,,,,,,,None,None,1.0,,,,,,,,,,,,,,,,,,,,,,,,,,,,,,,,,,,
5,EUW1_5971519142,TFT7_Augment_UrfsGrabBag1,TFT6_Augment_Weakspot,TFT6_Augment_ThrillOfTheHunt1,2.0,0.0,,2.0,,,,,,,1.0,,0.0,,,,0.0,,1.0,,,,,,1.0,,1.0,0.0,,,,,,,,,,,,,,,,,,,,,,,,,,,,,,,,,3.0,IonicSpark,FrozenHeart,GuardianAngel,,,,,,,,,,,,,,,,,,,,,,,,,,,,,,,,,,,,,1.0,,,,,,,,,,,,,,,,,,,,,,,,,,,,,,,,,,,,,,,,,,,,,,,,3.0,Bloodthirster,InfinityEdge,AssassinEmblemItem,1.0,TearOfTheGoddess,,,1.0,,,,2.0,GuinsoosRageblade,,,,,,,,,,,,,,,,,,,2.0,WarmogsArmor,,,,,,,,,,,,,,,,,,,,,,,,,,,,,,,2.0,ZekesHerald,GuinsoosRageblade,RapidFireCannon,,,,,,,,,,,None,None,,,,,,,,,,,,,,,,,,,,,,,,,,,,,,,,,,,,
6,EUW1_5971519142,TFT6_Augment_Meditation2,TFT6_Augment_SecondWind1,TFT7_Augment_BestFriends1,,,,,2.0,,1.0,,1.0,1.0,,,,,,0.0,,2.0,,,1.0,,,,,1.0,,,,,,,,,,,,,,,,,,,,,,,,,,,,,,,2.0,GuinsoosRageblade,MadredsBloodrazor,InfinityEdge,,,,,,,,,2.0,RedBuff,ShimmerscaleHeartOfGold,GargoyleStoneplate,,,,,,,,,,,,,,,,,,,,,,,,,,,,,,,,,2.0,,,,,,,,,,,,,,,,,,,,,,,,2.0,,,,,,,,,,,,,,,,,,,,,,,,,,,,,,,,,,,,,,,,,,,,,,,,,,,,,,,,,,,,,,,,1.0,GuardianEmblemItem,LocketOfTheIronSolari,ChainVest,,,,,,,,,,,,,,,,,,,,,,,,,,,,,4.0,TrainerSnax,None,None,2.0,,,,,,,,,,,,,,,,,,,,,,,,,,,,,,,,,,,
7,EUW1_5971519142,TFT6_Augment_SalvageBin,TFT6_Augment_TinyTitans,TFT7_Augment_BestFriends1,,1.0,,2.0,,,,,,,1.0,,0.0,,,,0.0,,,,,,,2.0,1.0,,0.0,,,,,,,,,,,,,,,,,,,,,,,,,,,,,,,,,,,,,,,,,,,,,,,,,,,,,,,,,,1.0,,,,,,,,,,,,,,,,2.0,WarmogsArmor,IonicSpark,BrambleVest,,,,,,,,,,,,,,,,,,,,,,,,,,,,,,,,,,,,,,,,,,,,,,,,,1.0,,,,,,,,,,,,,,,,,,,,,,,,,,,,2.0,,,,,,,,2.0,,,,,,,,,,,,,,,,,,,,,,,,,,,,,,,,,,,,,,None,None,,,,,2.0,,,,3.0,GuinsoosRageblade,Quicksilver,MadredsBloodrazor,,,,,,,,,1.0,RecurveBow,,,,,,,,,,,,,,
2,EUW1_5972993428,TFT7_Augment_GuildEmblem,TFT6_Augment_Distancing3,TFT6_Augment_CelestialBlessing2,1.0,,,1.0,,1.0,,0.0,,,4.0,,0.0,,0.0,,1.0,,,,,,,1.0,1.0,,1.0,,,,,,,,,,,,,,,,,,,,,,,,,,,,,,,,,,,,,,,,,,,,,,,,,,,,,,,,,,,,,,,,,,2.0,,,,,,,,,,,,,,,,,,,,,,,,,,,,,,,,,,,,,,,,,,,,,,,,,,,,,,,,,,,,2.0,BrambleVest,WarmogsArmor,Redemption,,,,,2.0,FrozenHeart,RedBuff,,,,,,2.0,,,,,,,,,,,,1.0,,,,,,,,,,,,,,,,,,,,,,,,,,,,,,,,1.0,,,,,,,,,,,,,,None,None,,,,,2.0,,,,,,,,,,,,,,,,2.0,GuinsoosRageblade,InfinityEdge,GuildEmblemItem,2.0,Quicksilver,Bloodthirster,UnstableConcoction,,,,,,,,
5,EUW1_5972993428,TFT6_Augment_CelestialBlessing2,TFT6_Augment_Meditation3,TFT6_Augment_Diversify2,,1.0,,1.0,,,,,1.0,,1.0,,,2.0,,1.0,,0.0,,,,,,,,1.0,,0.0,,,,,,,,,,,,,,,,,,,,,,,,,,,,,,,,,,,,,,,,,,,,,,,,,,,,,,,,,,,,,,,,,,,,,2.0,,,,2.0,RedBuff,IonicSpark,BrambleVest,,,,,,,,,,,,,,,,,,,,,,,,,2.0,,,,2.0,,,,,,,,,,,,,,,,,,,,,,,,,,,,,,,,2.0,JeweledGauntlet,SpearOfShojin,RabadonsDeathcap,,,,,,,,,,,,,,,,,,,,,,,,,2.0,,,,,,,,,,,,2.0,,,,,,,,,,,,,,,,,,,,4.0,TrainerSnax,None,None,,,,,,,,,,,,,2.0,,,,,,,,,,,,,,,,,,,,,,,
3,EUW1_5972993428,TFT7_Augment_ClutteredMind,TFT6_Augment_Twins3,TFT6_Augment_SunfireBoard,0.0,1.0,1.0,1.0,,,,,,,3.0,,0.0,0.0,,1.0,,,,,,,,1.0,1.0,,,,,,,,,,,,,,,,,,,,,,,,1.0,,,,,,,,,,,,,,,,,,,,,,,,,,,,,,,,,,,,,,,,,,,,,,,,,,,,2.0,DragonsClaw,WarmogsArmor,BrambleVest,,,,,,,,,,,,,,,,,,,,,,,,,,,,,3.0,TempestEmblemItem,PowerGauntlet,HextechGunblade,,,,,,,,,,,,,,,,,2.0,,,,,,,,,,,,,,,,,,,,,,,,,,,,,,,,,,,,,,,,,,,,,,,,,,,,,,,,,,,,1.0,,,,,,,,,,,,,,None,None,,,,,2.0,,,,3.0,GuinsoosRageblade,RunaansHurricane,MadredsBloodrazor,,,,,,,,,,,,,,,,,,,,,,,,
4,EUW1_5972993428,TFT7_Augment_GuildEmblem,TFT6_Augment_BandOfThieves2,TFT6_Augment_CyberneticImplants2,0.0,1.0,1.0,1.0,,0.0,,,,,6.0,,,0.0,,0.0,,,,,,,,1.0,,,,,,,,,,,,,,,,,,,,,,,,,1.0,SpearOfShojin,ZekesHerald,,,,,,,,,,,,,,,,,,,,,,,,,,,,,,,,,,,,,,,,,,,,,,,,,,2.0,RedBuff,TitanicHydra,Bloodthirster,,,,,,,,,,,,,,,,,,,,,,,,,,,,,,,,,,,,,,,,,,,,,,,,,,,,,,,,,,,,,2.0,RabadonsDeathcap,,,1.0,NegatronCloak,,,,,,,,,,,,,,,,,,,3.0,ThiefsGloves,RecurveBow,MadredsBloodrazor,,,,,,,,,,,,,,,,,,,,,2.0,ThiefsGloves,SpearOfShojin,GuardianAngel,,,,,,,,,,,None,None,,,,,2.0,BFSword,,,2.0,GuinsoosRageblade,GuildEmblemItem,MadredsBloodrazor,,,,,,,,,,,,,,,,,,,,,,,,
8,EUW1_5972993428,TFT7_Augment_CannoneerRicochet,TFT7_Augment_BestFriends3,TFT6_Augment_ComponentGrabBag,,,,1.0,1.0,,1.0,,1.0,,,,,0.0,,0.0,,1.0,,,,,,,,1.0,,2.0,,,,,,,,,,,,,,,,,,,,,,,,,,,,,,,,,,,,,,,,,,,,,,,,,1.0,TitansResolve,FrozenHeart,Bloodthirster,,,,,,,,,,,,,,,,,,,,,,,,,2.0,,,,,,,,,,,,,,,,,,,,,,,,2.0,,,,,,,,,,,,,,,,,,,,,,,,,,,,,,,,,,,,,,,,,,,,,,,,,,,,,,,,,,,,,,,,1.0,TearOfTheGoddess,,,,,,,,,,,1.0,RedBuff,GargoyleStoneplate,BrambleVest,,,,,,,,,,,,,,,,,2.0,TrainerSnax,None,None,2.0,MadredsBloodrazor,RunaansHurricane,Deathblade,,,,,,,,,,,,,,,,,,,,,,,,,,,,,,,,
1,EUW1_5972993428,TFT7_Augment_BestFriends2,TFT6_Augment_BandOfThieves2,TFT7_Augment_RagewingTantrum,0.0,,,1.0,,1.0,1.0,,,,3.0,,0.0,,,,2.0,,,0.0,,,,1.0,0.0,,0.0,,,,,,,,,,,,,,,,,,,,,,,,,,,,,,,,,,,,,,,,,,,,,,,,,,,,,,,,,,,,,,,,,,2.0,DragonsClaw,BruiserEmblemItem,,,,,,,,,,,,,,,,,,,,,,,,,,,,,,,,,,,,,,,,,,,,,,,,,,,,,,,,,,2.0,ThiefsGloves,RunaansHurricane,Quicksilver,,,,,,,,,,,,,2.0,WarmogsArmor,,,,,,,,,,,2.0,ThiefsGloves,Zephyr,GuardianAngel,1.0,ThiefsGloves,DragonsClaw,HextechGunblade,,,,,,,,,,,,,,,,,,,,,,,,,2.0,FrozenHeart,RunaansHurricane,LastWhisper,,,,,,,,,,,None,None,,,,,1.0,Shroud,,,,,,,,,,,,,,,2.0,GuinsoosRageblade,LastWhisper,MadredsBloodrazor,,,,,,,,,,,,
6,EUW1_5972993428,TFT7_Augment_MikaelsGift,TFT7_Augment_MageEmblem2,TFT7_Augment_MageEmblem,,0.0,1.0,1.0,,,,,0.0,,2.0,,,3.0,,2.0,,,,,0.0,1.0,,,,1.0,,0.0,,,,,,,,,,,,,,,,,,,,,1.0,,,,,,,,,,,,,,,,,,,,,,,,,,,,,,,,,,,,,,,,,,,,,,,,2.0,Chalice,Chalice,,2.0,MageEmblemItem,,,,,,,,,,,,,,,,,,,,,,,,,,,1.0,MageEmblemItem,,,3.0,SpearOfShojin,LocketOfTheIronSolari,,,,,,,,,,,,,,,,,,,,,,,,,,,,,,2.0,UnstableConcoction,SpearOfShojin,ArchangelsStaff,,,,,,,,,,,,,,,,,,,,,,,,,,,,,,,,,,,,,2.0,TitanicHydra,,,,,,,,,,,,,,,,,,,1.0,TrainerSnax,None,None,,,,,,,,,,,,,,,,,,,,,,,,,,,,,,,,,1.0,,,
7,EUW1_5972993428,TFT6_Augment_TradeSector,TFT6_Augment_Electrocharge3,TFT7_Augment_BestFriends2,,,,,1.0,,1.0,,1.0,1.0,,,,,,0.0,,1.0,0.0,,1.0,,,,,1.0,,,,,,,,,,,,,,,,,,,,,,,,,,,2.0,ShimmerscaleHeartOfGold,,,1.0,UnstableConcoction,InfinityEdge,GuinsoosRageblade,,,,,,,,,2.0,FrozenHeart,RedBuff,WarmogsArmor,,,,,,,,,,,,,,,,,,,,,,,,,,,,,,,,,,,,,,,,,,,,,,,,,,,,,,,,,2.0,,,,,,,,,,,,,,,,,,,,,,,,,,,,,,,,,,,,,,,,,,,,,,,,,,,,,,,,,,,,,,,,2.0,SeraphsEmbrace,,,,,,,,,,,,,,,,,,,,,,,,,,,,,,,2.0,TrainerSnax,None,None,1.0,,,,,,,,,,,,,,,,,,,,,,,,,,,,,,,,,,,
6,EUW1_5972923316,TFT6_Augment_Featherweights1,TFT7_Augment_BestFriends2,TFT7_Augment_ThinkFast,,,,,2.0,,,,1.0,1.0,,,,,,0.0,,2.0,0.0,,,,,,,1.0,,0.0,,,,,,,,,,,,,,,,,,,,,,,,,3.0,RedBuff,WarmogsArmor,Redemption,1.0,,,,,,,,,,,,,,,,,,,,,,,,,,,,,,,,,,,,,,,,,,,,,,,,3.0,,,,,,,,,,,,,,,,,,,,,,,,2.0,,,,,,,,,,,,,,,,,,,,,,,,,,,,,,,,,,,,,,,,,,,,,,,,,,,,,,,,,,,,,,,,2.0,Morellonomicon,JeweledGauntlet,,,,,,,,,,,,,,,,,,,,,,,,,,3.0,,,,3.0,TrainerSnax,None,None,3.0,GuinsoosRageblade,MadredsBloodrazor,,,,,,,,,,,,,,,,,,,,,,,,,,,,,,,,,
5,EUW1_5972923316,TFT7_Augment_ShapeshifterTrait,TFT6_Augment_SunfireBoard,TFT6_Augment_ForceOfNature,,,,,,,1.0,0.0,1.0,0.0,,3.0,0.0,,,1.0,,,,1.0,,,,0.0,,0.0,,,,,,,2.0,SpearOfShojin,MadredsBloodrazor,ArchangelsStaff,,,,,2.0,Shroud,,,,,,,,,,,,,,,,,,,,,,,,,,,,,,,2.0,,,,,,,,,,,,,,,,2.0,,,,,,,,,,,,,,,,,,,,2.0,,,,,,,,,,,,,,,,,,,,2.0,,,,,,,,1.0,BrambleVest,DragonsClaw,GiantsBelt,,,,,,,,,,,,,,,,,,,,,,,,,,,,,,,,,,,,,,,,,,,,,,,,,,,,,,,,,,,,,,,,,,,,,,,,,,,,,2.0,,,,,,,,,,None,None,,,,,,,,,,,,,,,,,,,,,,,,,,,,,,,,,,,,
2,EUW1_5972923316,TFT6_Augment_LudensEcho1,TFT7_Augment_MageConference,TFT6_Augment_RadiantRelics,,1.0,,1.0,,,,,0.0,,1.0,,,2.0,,1.0,,,,,0.0,1.0,,,,1.0,,0.0,,,,,,,,,,,,,,,,,,,,,,,,,,,,,,,,,,,,,,,,,,,,,,,,,,,,,,,,,,,,,,,,,,,,,3.0,InfinityEdge,,,2.0,,,,,,,,,,,,,,,,,,,,,,,,,,,,2.0,Chalice,,,3.0,SpearOfShojin,,,,,,,,,,,,,,,,,,,,,,,,,,,,,,,3.0,StatikkShiv,SpearOfShojin,ArchangelsStaff,,,,,,,,,,,,,,,,,,,,,,,,,,,,,,,,,,,,,2.0,GargoyleStoneplateRadiant,TitansResolve,RedBuff,,,,,,,,,,,,,,,,,4.0,TrainerSnax,None,None,,,,,,,,,,,,,3.0,ThiefsGloves,,,,,,,,,,,,,,,,,,,1.0,,,
1,EUW1_5972923316,TFT6_Augment_PandorasItems,TFT6_Augment_TradeSectorPlus,TFT7_Augment_UrfsGrabBag2,0.0,,,,,1.0,1.0,0.0,,,3.0,0.0,,,3.0,,,,,,,,1.0,,,,0.0,,,,,,,,,,,,,,,,,,,,,,,,,,,,,,,,,,,,,,2.0,MadredsBloodrazor,GuinsoosRageblade,GuildEmblemItem,,,,,,,,,,,,,,,,,,,,,,,,,,,,,,,,,,,,,,,,,,,,,,,,,,,,,,,,,,,,,,,,,,,,,,,,,,,,,3.0,ChainVest,,,,,,,,,,,,,,,,,,,,,,,2.0,MirageEmblemItem,,,,,,,,,,,,,,,,,,,,,,,,,,,1.0,MirageEmblemItem,,,,,,,,,,,,,,,1.0,,,,,,,,,,,,,,None,None,,,,,,,,,,,,,,,,,,,,,,,,,1.0,,,,,,,,,,,
3,EUW1_5972923316,TFT6_Augment_FirstAidKit,TFT6_Augment_TomeOfTraits1,TFT7_Augment_UrfsGrabBag2,,1.0,1.0,1.0,1.0,,,,,,2.0,,,2.0,,1.0,,,,,,,,,,1.0,,0.0,,,,,,,,,,,,,,,,,,,,,1.0,,,,,,,,,,,,,,,,,,,,,,,,,,,,,,,,,,,,,,,,,,,,,,,,2.0,JeweledGauntlet,,,3.0,ThiefsGloves,GiantsBelt,RedBuff,,,,,,,,,,,,,,,,,,,,,,,,,,,,,3.0,SpearOfShojin,HextechGunblade,ForceOfNature,,,,,,,,,,,,,,,,,,,,,,,,,,,,,2.0,SpearOfShojin,HextechGunblade,MadredsBloodrazor,,,,,,,,,,,,,,,,,,,,,,,,,,,,,,,,,,,,,2.0,WarmogsArmor,CannoneerEmblemItem,GargoyleStoneplate,,,,,,,,,,,,,,,,,3.0,TrainerSnax,None,None,2.0,,,,,,,,,,,,2.0,GargoyleStoneplate,,,,,,,,,,,,,,,,,,,,,,
4,EUW1_5972923316,TFT7_Augment_WarriorTrait,TFT6_Augment_TomeOfTraits1,TFT6_Augment_ItemGrabBag2,,,,1.0,2.0,,,0.0,,,,,,,1.0,,1.0,0.0,0.0,,0.0,,,0.0,,,3.0,,2.0,,,,,,,,,,,,,,,,,,,,,,,,,,,,2.0,SpearOfShojin,UnstableConcoction,,,,,,,,,,,,,,,,,,,,,,,,,,,,,,,,,,,,,,,,,,,,,,,,,,,,,,,,,,,,,,,,,,,,,,,,,,,,,,,,,,,,,,,,,,2.0,Bloodthirster,GuinsoosRageblade,,,,,,,,,,,,,,,,,,,,,,2.0,Zephyr,Chalice,,,,,,2.0,RedBuff,GargoyleStoneplate,GiantsBelt,,,,,,,,,,,,,,,,,,,,,,,,,,,,,,,,,,,,,,,,,,,None,None,,,,,,,,,,,,,,,,,,,,,2.0,CannoneerEmblemItem,RecurveBow,,2.0,Quicksilver,,,2.0,,,,,,,
7,EUW1_5972923316,TFT7_Augment_ShapeshifterTrait,TFT7_Augment_FirstAidKit2,TFT7_Augment_ShapeshifterTrait2,,,,,,0.0,,1.0,,,,1.0,,,0.0,,1.0,,,3.0,,,,,,,0.0,0.0,,,,,,,,,,,,,,,,,,,,,,,,,,,,,,,,,,,,,,,,,,,,,,,,,,,,,1.0,RagewingEmblemItem,ArchangelsStaff,,,,,,2.0,,,,2.0,,,,,,,,,,,,,,,,2.0,,,,,,,,,,,,,,,,,,,,,,,,,,,,2.0,RedBuff,DragonsClaw,BrambleVest,,,,,,,,,,,,,,,,,,,,,,,,,,,,,,,,,,,,,,,,,,,,,,,,,,,,,,,,,,,,,3.0,GuinsoosRageblade,ArchangelsStaff,Quicksilver,,,,,,,,,,,,,,,,,,,,,,,None,None,,,,,,,,,,,,,,,,,,,,,,,,,1.0,Deathblade,,,,,,,,,,
8,EUW1_5972923316,TFT6_Augment_CyberneticShell1,TFT6_Augment_Electrocharge2,TFT6_Augment_BinaryAirdrop,,,,,,,1.0,1.0,,0.0,,2.0,,,,0.0,,,,,,,,1.0,1.0,,,,,,,,,,,,,,,,2.0,,,,,,,,,,,,,,,,,,,,,,,,,,,,,,,,2.0,,,,,,,,,,,,3.0,InfinityEdge,JeweledGauntlet,SeraphsEmbrace,,,,,,,,,,,,,,,,,,,,,2.0,,,,,,,,2.0,Bloodthirster,InfinityEdge,PowerGauntlet,,,,,,,,,,,,,,,,,,,,,,,,,,,,,,,,,,,,,,,,,,,,,,,,,,,,,,,,,,,,,,,,,,,,,,,,,,,,,,,,,,,,,,,,,,,,,,,,,3.0,,,,,,,,,,None,None,,,,,,,,,,,,,,,,,,,,,,,,,,,,,,,,,,,,
6,EUW1_5972878400,TFT7_Augment_CannoneerRicochet,TFT6_Augment_Featherweights2,TFT6_Augment_ComponentGrabBag,,,,0.0,2.0,,1.0,,1.0,0.0,,,,,,0.0,,3.0,,,1.0,,,,,1.0,,,,,,,,,,,,,,,,,,,,,,,,,,,,,,,2.0,GuinsoosRageblade,Bloodthirster,,,,,,,,,,1.0,RedBuff,TitansResolve,WarmogsArmor,,,,,,,,,,,,,,,,,,,,,,,,,,,,,,,,,2.0,,,,,,,,,,,,,,,,,,,,,,,,2.0,TitanicHydra,,,,,,,,,,,,,,,,,,,,,,,,,,,,,,,,,,,,,,,,,,,,,,,,,,,,,,,,,,,,,,,2.0,,,,,,,,,,,,,,,,3.0,ShimmerscaleMogulsMail,GargoyleStoneplate,RedBuff,,,,,,,,,,,,,3.0,TrainerSnax,None,None,2.0,,,,,,,,,,,,,,,,,,,,,,,,,,,,,,,,,,,
5,EUW1_5972878400,TFT7_Augment_GuildLoot,TFT6_Augment_FuturePeepers,TFT6_Augment_Diversify2,1.0,,,1.0,,1.0,,,,,3.0,,0.0,,,,1.0,,,,,,,1.0,1.0,,0.0,,,,,,,,,,,,,,,,,,,,,,,,,,,,,,,,,,,,,,,,,,,,,,,,,,,,,,,,,,,,,,,,,,2.0,,,,,,,,,,,,,,,,,,,,,,,,,,,,,,,,,,,,,,,,,,,,,,,,,,,,,,,,,,,,1.0,Redemption,FrozenHeart,,,,,,2.0,ZekesHerald,,,,,,,2.0,,,,,,,,,,,,1.0,Zephyr,,,,,,,,,,,,,,,,,,,,,,,,,,,,,,,2.0,Bloodthirster,InfinityEdge,MadredsBloodrazor,,,,,,,,,,,None,None,,,,,2.0,Zephyr,,,,,,,,,,,,,,,2.0,MadredsBloodrazor,GuinsoosRageblade,InfinityEdge,,,,,,,,,,,,
3,EUW1_5972878400,TFT6_Augment_SunfireBoard,TFT7_Augment_MikaelsGift,TFT6_Augment_Ascension,,,1.0,1.0,2.0,,1.0,,,,1.0,,,0.0,,0.0,,2.0,,,,,,,,1.0,,1.0,,,,,,,,,,,,,,,,,,,,,2.0,StatikkShiv,,,,,,,2.0,MadredsBloodrazor,MadredsBloodrazor,GuinsoosRageblade,,,,,,,,,,,,,,,,,3.0,GargoyleStoneplate,FrozenHeart,WarmogsArmor,,,,,,,,,,,,,,,,,2.0,LocketOfTheIronSolari,LocketOfTheIronSolari,ZekesHerald,,,,,2.0,ThiefsGloves,Redemption,LastWhisper,,,,,,,,,,,,,,,,,,,,,,,,,,,,,,,,,,,,,,,,,,,,,,,,,,,,,,,,,,,,,,,,,,,,,,,,,,,,,,,,,,,,,,,,,,,,,,,,,,,,,2.0,IonicSpark,,,,,,,,,,,,,,,4.0,TrainerSnax,None,None,1.0,,,,,,,,,,,,,,,,,,,,,,,,,,,,,,,,,,,
4,EUW1_5972878400,TFT7_Augment_ClutteredMind,TFT6_Augment_ComponentGrabBag,TFT7_Augment_ShimmerscaleTrait,,,,0.0,,3.0,1.0,0.0,0.0,,1.0,0.0,1.0,0.0,0.0,,0.0,,0.0,,0.0,,,,2.0,,,,,,,,2.0,,,,2.0,ThiefsGloves,StatikkShiv,StatikkShiv,,,,,,,,,,,,,,,,,,,,,,,,,,,,,,,,,,,,,,,,,,,,,,,,,,,,,2.0,,,,,,,,,,,,,,,,,,,,,,,,,,,,,,,,2.0,WarmogsArmor,,,,,,,,,,,,,,,,,,,3.0,RedBuff,,,,,,,2.0,UnstableConcoction,TitansResolve,JeweledGauntlet,,,,,,,,,,,,,2.0,NegatronCloak,,,,,,,,,,,,,,,,,,,,,,,,,,,,,,,,,,,,,,,,,,,,,,,,,,,,,,,,,None,None,,,,,,,,,,,,,,,,,2.0,LastWhisper,RapidFireCannon,,,,,,,,,,,,,,,,,
2,EUW1_5972878400,TFT7_Augment_WarriorTiamat,TFT6_Augment_ComponentGrabBag,TFT7_Augment_BruiserTitanicStrength,1.0,0.0,,2.0,,,,0.0,,,,,0.0,0.0,1.0,,0.0,,1.0,,,,,,1.0,,2.0,0.0,,,,,,,,,,,,,,,,,,,,,,,,,,,,,,,,,2.0,RedBuff,,,,,,,,,,,,,,,,,,,,,,,,,,,,,,,,,,,,,,,1.0,,,,,,,,,,,,,,,,,,,,,,,,,,,,,,,,,,,,,,,,,,,,,,,,3.0,GuinsoosRageblade,Quicksilver,,2.0,RedBuff,Chalice,Zephyr,,,,,2.0,,,,,,,,,,,,,,,,,,,,3.0,IonicSpark,Redemption,IonicSpark,,,,,,,,,,,,,,,,,,,,,2.0,,,,,,,,,,,,,,,,,,,,,,None,None,,,,,,,,,,,,,,,,,,,,,,,,,1.0,,,,3.0,InfinityEdge,GuardianAngel,GuinsoosRageblade,,,,
1,EUW1_5972878400,TFT7_Augment_SwiftshotPressTheAttack,TFT6_Augment_PortableForge,TFT6_Augment_MakeshiftArmor2,,1.0,1.0,2.0,,,,,,,2.0,,0.0,,,0.0,0.0,,,,,,,2.0,1.0,,0.0,,,,,,,,,,,,,,,,,,,,,,1.0,,,,,,,,,,,,,,,,,,,,,,,,,,,,,,,,,,,,2.0,,,,,,,,,,,,,,,,3.0,TitansResolve,Zephyr,RedBuff,,,,,,,,,,,,,,,,,,,,,,,,,,,,,,,,,,,,,,,,,,,,,,,,,1.0,,,,,,,,,,,,,,,,,,,,,,,,,,,,2.0,LocketOfTheIronSolari,,,,,,,2.0,,,,,,,,,,,,,,,,,,,,,,,,,,,,,,,,,,,,,,None,None,,,,,2.0,PowerGauntlet,,,3.0,Quicksilver,GuinsoosRageblade,MadredsBloodrazor,,,,,,,,,1.0,OrnnTheCollector,ArchangelsStaff,RabadonsDeathcap,,,,,,,,,,,,
8,EUW1_5972878400,TFT6_Augment_TomeOfTraits1,TFT6_Augment_JeweledLotus,TFT7_Augment_AstralIntercosmicGifts,,1.0,1.0,0.0,,,,,0.0,,2.0,,,2.0,,2.0,,,,,,,,,,1.0,,,,,,,,,,,,,,,,,,,,,,,1.0,,,,,,,,,,,,,,,,,,,,,,,,,,,,,,,,,,,,,,,,,,,,,,,,1.0,,,,2.0,MageEmblemItem,RedBuff,,,,,,,,,,,,,,,,,,,,,,,,,,1.0,,,,3.0,ArchangelsStaff,StatikkShiv,,,,,,,,,,,,,,,,,,,,,,,,,,,,,,3.0,ArchangelsStaff,HextechGunblade,InfinityEdge,,,,,,,,,,,,,,,,,,,,,,,,,,,,,,,,,,,,,,,,,,,,,,,,,,,,,,,,,1.0,TrainerSnax,None,None,,,,,,,,,,,,,1.0,,,,,,,,,,,,,,,,,,,,,,,
7,EUW1_5972878400,TFT7_Augment_MageConference,TFT6_Augment_ThrillOfTheHunt2,TFT6_Augment_FuturePeepers,,,,0.0,,,,1.0,0.0,,,1.0,1.0,,,,0.0,,,0.0,0.0,,,0.0,1.0,,,,,,,,2.0,ArchangelsStaff,SpearOfShojin,,,,,,2.0,,,,,,,,,,,,,,,,,,,,,,,,,,,,,,,,,,,,,,,,,,,,,,,,,,,,,,,,,,,,,,,,,,,,2.0,,,,,,,,2.0,,,,,,,,,,,,,,,,,,,,,,,,,,,,,,,,,,,,2.0,FrozenHeart,,,,,,,,,,,,,,,,,,,,,,,,,,,,,,,,,,,,,,,,,,,,,,,2.0,,,,,,,,,,,,,,,,,,,,,,,,,,None,None,,,,,,,,,,,,,,,,,2.0,Quicksilver,RapidFireCannon,,,,,,,,,,,,,,,,,
1,EUW1_5971593592,TFT7_Augment_GuildEmblem,TFT6_Augment_SecondWind1,TFT6_Augment_CelestialBlessing2,2.0,,1.0,1.0,,0.0,1.0,0.0,,,5.0,,0.0,,0.0,0.0,,,,,,,,0.0,1.0,,0.0,2.0,,,,,,,,,,,,,,,,,,,,,2.0,,,,,,,,,,,,,,,,,,,,,,,,,,,,2.0,GuildEmblemItem,InfinityEdge,Quicksilver,,,,,,,,,,,,,,,,,,,,,,,,,,,,,,,,,,,,,,,,,,,,,,,,,,,,,,,,,,,,,,,,,,,,,,,,,2.0,LocketOfTheIronSolari,WarmogsArmor,,2.0,InfinityEdge,,,2.0,,,,,,,,1.0,,,,,,,,,,,,,,,,,,,,,,,,,,,,,,,,,,,,,,,,,,,,2.0,UnstableConcoction,FrozenHeart,MadredsBloodrazor,,,,,,,,,,,None,None,,,,,2.0,,,,,,,,,,,,,,,,,,,,2.0,AssassinEmblemItem,PowerGauntlet,,,,,,,,,
2,EUW1_5971593592,TFT6_Augment_TrueTwos,TFT6_Augment_SecondWind1,TFT6_Augment_PortableForge,,0.0,,0.0,,,1.0,0.0,,,,1.0,,,,,2.0,,,3.0,,,1.0,,,,0.0,0.0,,,,,,,,,,,,,,,,,,,,,,,,,,,,,,,,,,,,,,,,,,,,,,,,,,,,,1.0,,,,,,,,3.0,RapidFireCannon,Deathblade,,,,,,,,,,,,,,,,,,,,,,,,,,,,,,,,,,,,,,,,,,,,,,2.0,OrnnRocketPropelledFist,WarmogsArmor,RedBuff,3.0,GuinsoosRageblade,UnstableConcoction,Deathblade,,,,,,,,,,,,,,,,,,,,,,,,,,,,,,,,,,,,,2.0,,,,2.0,IonicSpark,RabadonsDeathcap,LocketOfTheIronSolari,,,,,,,,,1.0,RagewingEmblemItem,,,2.0,,,,,,,,,,,,,,,,,,,,,,,,,,None,None,,,,,,,,,,,,,,,,,,,,,,,,,,,,,,,,,,,,
8,EUW1_5971593592,TFT7_Augment_CavalierEmblem,TFT6_Augment_Electrocharge1,TFT7_Augment_DragonHorde,,,,,,4.0,2.0,,,0.0,1.0,,,0.0,3.0,,0.0,,0.0,,,,,,,,0.0,,,,,,,,,,,,,,,,,,,,,,,,,,,,,,,,,,,,,,2.0,GuinsoosRageblade,ArchangelsStaff,Quicksilver,,,,,,,,,,,,,,,,,,,,,,,,,1.0,,,,,,,,,,,,,,,,,,,,,,,,,,,,1.0,SeraphsEmbrace,CavalierEmblemItem,RapidFireCannon,2.0,RedBuff,,,,,,,,,,,,,,,,,,,2.0,Redemption,,,,,,,,,,,,,,,,,,,,,,,2.0,,,,,,,,,,,,,,,,,,,,,,,,,,,,,,,,,,,,,,,,,,,,,,,,,,,,,,,,,,None,None,,,,,,,,,,,,,,,,,,,,,,,,,,,,,2.0,RecurveBow,,,,,,
4,EUW1_5971593592,TFT7_Augment_ShimmerscaleTrait,TFT7_Augment_ShimmerscaleEmblem,TFT7_Augment_BestFriends2,1.0,,,0.0,,0.0,1.0,,,1.0,3.0,,,,,,1.0,,,,2.0,,,1.0,,,0.0,1.0,,,,,,,,,,,,,,,,,,,,,,,,,,,,,,,,,,,,,,,,,2.0,ShimmerscaleDiamondHands,TitanicHydra,ShimmerscaleHeartOfGold,,,,,,,,,,,,,,,,,,,,,1.0,,,,,,,,,,,,,,,,,,,,,,,,,,,,,,,,,,,,,,,,,,,,,,,,,,,,,,,,,,,,,,,,2.0,Bloodthirster,,,,,,,,,,,,,,,,,,,,,,,1.0,,,,,,,,,,,,,,,,,,,,,,,,,,,,,,,,2.0,Bloodthirster,GuardianAngel,RedBuff,,,,,2.0,PowerGauntlet,ShimmerscaleEmblemItem,,,,None,None,,,,,2.0,,,,,,,,,,,,,,,,2.0,GuildEmblemItem,MadredsBloodrazor,GuinsoosRageblade,,,,,,,,,,,,
5,EUW1_5971593592,TFT6_Augment_TomeOfTraits1,TFT6_Augment_FirstAidKit,TFT7_Augment_MirageEmblem,,,,1.0,1.0,0.0,1.0,,0.0,0.0,,,,,3.0,,,4.0,,,,,,,,,,,,,,,,,,,,,,,,,,,,,,,,,,,,,,,2.0,SpearOfShojin,BruiserEmblemItem,MirageEmblemItem,,,,,1.0,RevelEmblemItem,ArchangelsStaff,Quicksilver,,,,,,,,,,,,,,,,,,,,,,,,,,,,,,,,,,,,,2.0,,,,,,,,,,,,,,,,2.0,,,,,,,,,,,,,,,,,,,,,,,,2.0,RedBuff,IonicSpark,GargoyleStoneplate,,,,,,,,,,,,,,,,,,,,,,,,,,,,,,,,,,,,,,,,,,,,,2.0,Redemption,,,,,,,,,,,,,,,2.0,,,,,,,,,,,,,,,,,,None,None,,,,,,,,,,,,,,,,,,,,,,,,,,,,,,,,,,,,
3,EUW1_5971593592,TFT6_Augment_SecondWind2,TFT6_Augment_Weakspot,TFT7_Augment_FirstAidKit2,,,,0.0,,,1.0,1.0,,,,2.0,0.0,,0.0,0.0,,,,1.0,,,,0.0,1.0,,0.0,,,,,,,,,,,,,,2.0,,,,,,,,,,,,,,,,,,,,,,,,,,,,,,,,2.0,GuinsoosRageblade,MadredsBloodrazor,GuardianAngel,,,,,,,,,,,,,2.0,,,,,,,,,,,,,,,,,,,,,,,,,,,,1.0,,,,,,,,,,,,,,,,,,,,2.0,GargoyleStoneplate,,,,,,,,,,,,,,,2.0,SpearOfShojin,TearOfTheGoddess,,,,,,,,,,,,,,,,,,,,,,,,,,,,,,,,,,,,,,,,,,,,,,,,,,,,,,,,,,,,,,,,,,,,,,,,None,None,,,,,,,,,,,,,,,,,,,,,,,,,1.0,SeraphsEmbrace,Quicksilver,LastWhisper,,,,,,,,
7,EUW1_5971593592,TFT6_Augment_CyberneticShell2,TFT6_Augment_PandorasItems,TFT6_Augment_ComponentGrabBag,0.0,,,1.0,,1.0,,0.0,,,3.0,,0.0,,,,1.0,,,,,,,1.0,1.0,,0.0,,,,,,,,,,,,,,,,,,,,,,,,,,,,,,,,,,,,,,,,,,,,,,,,,,,,,,,,,,,,,,,,,,2.0,RedBuff,GargoyleStoneplate,DragonsClaw,,,,,,,,,,,,,,,,,,,,,1.0,ChainVest,,,,,,,,,,,,,,,,,,,,,,,,,,,,,,,,,,,1.0,ZekesHerald,,,,,,,,,,,,,,,1.0,,,,,,,,,,,,2.0,,,,,,,,,,,,,,,,,,,,,,,,,,,,,,,,1.0,FrozenHeart,,,,,,,,,,,,,None,None,,,,,2.0,,,,,,,,,,,,,,,,2.0,MadredsBloodrazor,Quicksilver,GuinsoosRageblade,,,,,,,,,,,,
6,EUW1_5971593592,TFT6_Augment_JeweledLotus,TFT7_Augment_BestFriends1,TFT6_Augment_MakeshiftArmor2,0.0,,,,,1.0,1.0,0.0,0.0,0.0,,,,,3.0,0.0,0.0,,,,,,,,,0.0,0.0,0.0,,,,,,,,,,,,,,,,,,,,,,,,,,,,,,,,,,,,,2.0,InfinityEdge,ArchangelsStaff,ArchangelsStaff,,,,,,,,,,,,,,,,,,,,,,,,,1.0,,,,,,,,,,,,,,,,,,,,,,,,,,,,2.0,,,,,,,,2.0,,,,,,,,,,,,,,,,2.0,WarmogsArmor,TitanicHydra,,,,,,,,,,1.0,ThiefsGloves,ZekesHerald,ZekesHerald,,,,,,,,,,,,,,,,,,,,,,,,,,,,,,,,,,,,,,,,,,,,,,,,,,,,,,,,,,,,,,,,,,,None,None,,,,,,,,,,,,,,,,,,,,,,,,,1.0,Bloodthirster,,,,,,,,,,
3,EUW1_5971556379,TFT7_Augment_RagewingTrait,TFT7_Augment_BestFriends1,TFT6_Augment_CyberneticImplants2,3.0,,,1.0,,,,,,,1.0,,0.0,,,,1.0,,1.0,,0.0,,,,1.0,,1.0,0.0,,,,,,,,,,,,,,,,,,,,,,,,,,,,,,,,,2.0,TitansResolve,RabadonsDeathcap,ArchangelsStaff,,,,,,,,,,,,,,,,,,,,,,,,,,,,,,,,,,,,,,,,,,,,,,,,,2.0,Shroud,,,,,,,,,,,,,,,,,,,,,,,,,,,,,,,,,,,3.0,InfinityEdge,AssassinEmblemItem,RunaansHurricane,2.0,WarmogsArmor,,,1.0,ThiefsGloves,Bloodthirster,UnstableConcoction,2.0,StatikkShiv,,,,,,,,,,,,,,,,,,,2.0,WarmogsArmor,,,,,,,,,,,,,,,,,,,,,,,,,,,,,,,2.0,Deathblade,Bloodthirster,FrozenHeart,,,,,,,,,,,None,None,,,,,,,,,,,,,,,,,,,,,,,,,,,,,,,,,,,,
5,EUW1_5971556379,TFT6_Augment_PandorasItems,TFT6_Augment_ItemGrabBag1,TFT6_Augment_SalvageBin,,,,,,1.0,1.0,0.0,,0.0,,,,,4.0,,0.0,,,,,,,,,,1.0,,,,,,,,,,,,,,,,,,,,,,,,,,,,,,,,,,,,,,2.0,ArchangelsStaff,MadredsBloodrazor,JeweledGauntlet,,,,,,,,,,,,,,,,,,,,,,,,,1.0,MirageEmblemItem,Redemption,,,,,,,,,,,,,,,,,,,,,,,,,,2.0,,,,,,,,,,,,,,,,,,,,,,,,3.0,WarmogsArmor,IonicSpark,WarmogsArmor,,,,,,,,,,,,,,,,,,,,,,,,,,,,,,,,,,,,,,,,,,,,,,,,,,,,,,,,,,,,,,,,,,,,,,,,,,,,,,,None,None,,,,,,,,,,,,,,,,,,,,,,,,,1.0,SeraphsEmbrace,RabadonsDeathcap,IonicSpark,1.0,,,,,,,
6,EUW1_5971556379,TFT6_Augment_FirstAidKit,TFT6_Augment_TinyTitans,TFT6_Augment_Distancing2,,0.0,,1.0,,0.0,1.0,,0.0,,,,0.0,1.0,,1.0,0.0,,,,,,,,2.0,1.0,,0.0,,,,,,,,,1.0,SpearOfShojin,MageEmblemItem,ArchangelsStaff,,,,,,,,,,,,,,,,,,,,,,,,,,,,,,,,,,,,,,,,,,,,,,,,,,,,,1.0,,,,2.0,,,,,,,,,,,,,,,,,,,,,,,,,,,,,,,,2.0,,,,3.0,NeedlesslyLargeRod,MadredsBloodrazor,JeweledGauntlet,,,,,,,,,,,,,,,,,1.0,,,,,,,,,,,,,,,,,,,,,,,,,,,,,,,,,,,,,,,,,,,,,,,,,,,,2.0,GargoyleStoneplate,GargoyleStoneplate,Quicksilver,,,,,,,,,,,,,,,,,2.0,TrainerSnax,None,None,,,,,,,,,,,,,,,,,,,,,,,,,,,,,,,,,,,,
4,EUW1_5971556379,TFT6_Augment_Weakspot,TFT6_Augment_Electrocharge1,TFT6_Augment_ComponentGrabBag,1.0,,,1.0,,1.0,,,,,3.0,,0.0,,,,1.0,,,,,,,1.0,1.0,,0.0,,,,,,,,,,,,,,,,,,,,,,,,,,,,,,,,,,,,,,,,,,,,,,,,,,,,,,,,,,,,,,,,,,2.0,SeraphsEmbrace,ArchangelsStaff,,,,,,,,,,,,,,,,,,,,,,,,,,,,,,,,,,,,,,,,,,,,,,,,,,,,,,,,,,2.0,RedBuff,DragonsClaw,Chalice,,,,,2.0,FrozenHeart,,,,,,,2.0,,,,,,,,,,,,2.0,,,,,,,,,,,,,,,,,,,,,,,,,,,,,,,,1.0,MadredsBloodrazor,JeweledGauntlet,ZekesHerald,,,,,,,,,,,None,None,,,,,2.0,,,,,,,,,,,,,,,,2.0,Quicksilver,MadredsBloodrazor,GuinsoosRageblade,,,,,,,,,,,,
8,EUW1_5971556379,TFT6_Augment_ItemGrabBag1,TFT6_Augment_PandorasItems,TFT6_Augment_SalvageBin,1.0,0.0,,2.0,,,1.0,,,,1.0,,0.0,0.0,,,,,,0.0,,,,,0.0,,,3.0,,,,,,,,,,,,,,,,,,,,,,,,,,,,,,,,,,,,,,,,,,,,,,,,,2.0,Bloodthirster,InfinityEdge,GuinsoosRageblade,1.0,,,,,,,,,,,,,,,,,,,,1.0,,,,,,,,,,,,,,,,,,,,,,,,,,,,,,,,,,,,,,,,,,,,,,,,,,,,1.0,WarmogsArmor,RedBuff,,1.0,HextechGunblade,GuardianAngel,BFSword,,,,,,,,,,,,,,,,,,,,,,,,,,,,,,,,,,,,,,,,,,,,,1.0,,,,,,,,1.0,BFSword,Bloodthirster,,,,,,,,,,,,None,None,,,,,,,,,,,,,,,,,,,,,,,,,,,,,,,,,,,,
7,EUW1_5971556379,TFT7_Augment_BestFriends1,TFT6_Augment_Diversify1,TFT6_Augment_CelestialBlessing2,2.0,,,2.0,,,1.0,,,,1.0,,0.0,0.0,,,0.0,,0.0,,,,,,1.0,,0.0,2.0,,,,,,,,,,,,,,,,,,,,,,,,,,,,,,,,,1.0,,,,,,,,,,,,,,,,2.0,Deathblade,HextechGunblade,AssassinEmblemItem,,,,,,,,,,,,,,,,,,,,,,,,,,,,,,,,,,,,,,,,,,,,,,,,,,,,,,,,,,,,,,,,,,,,,,,,,1.0,NegatronCloak,PowerGauntlet,,,,,,1.0,GuinsoosRageblade,,,,,,,,,,,,,,,,,,,2.0,,,,,,,,,,,,,,,,,,,,,,,,1.0,,,,,,,,1.0,RedBuff,ArchangelsStaff,Deathblade,,,,,,,,,,,None,None,,,,,,,,,,,,,,,,,,,,,,,,,,,,,,,,,,,,
1,EUW1_5971556379,TFT6_Augment_SecondWind1,TFT6_Augment_ThrillOfTheHunt1,TFT6_Augment_PortableForge,,,1.0,,1.0,,1.0,,1.0,1.0,1.0,0.0,,,,1.0,,1.0,,,1.0,,1.0,,,1.0,,0.0,,,,,,,,,,,,,,,,,,,,,1.0,,,,,,,,2.0,MadredsBloodrazor,ShimmerscaleDravensAxe,StatikkShiv,,,,,,,,,2.0,WarmogsArmor,GargoyleStoneplate,WarmogsArmor,,,,,,,,,,,,,,,,,,,,,,,,,,,,,,,,,,,,,,,,,,,,,,,,,,,,,,,,,2.0,ZekesHerald,OrnnRanduinsSanctum,ZekesHerald,,,,,,,,,,,,,,,,,,,,,,,,,,,,,,,,,,,,,,,,,,,,,,,,,,,,,,,,,,,,,2.0,HextechGunblade,SpearOfShojin,Zephyr,2.0,WarmogsArmor,BrambleVest,,,,,,,,,,,,,,,,,,,,,,2.0,TitanicHydra,Bloodthirster,Chalice,4.0,TrainerSnax,None,None,2.0,ThiefsGloves,,,,,,,,,,,,,,,,,,,,,,,,,,,,,,,,,,
2,EUW1_5971556379,TFT6_Augment_TinyTitans,TFT7_Augment_ShapeshifterTrait,TFT6_Augment_Ascension,0.0,0.0,,,,0.0,1.0,,1.0,,1.0,2.0,0.0,,,1.0,,,,2.0,,,,,,0.0,,0.0,,,,,2.0,Morellonomicon,SpearOfShojin,,,,,,,,,,,,,,,,,,,,,,,,,,,,,,,,,,,,,,2.0,BrambleVest,TitansResolve,Quicksilver,,,,,,,,,,,,,2.0,FrozenHeart,,,,,,,,,,,,,,,,,,,,,,,,,,,,,,,,,,,,,,,2.0,JadeEmblemItem,,,,,,,2.0,RedBuff,TitanicHydra,BrambleVest,3.0,GuinsoosRageblade,UnstableConcoction,Deathblade,,,,,,,,,,,,,2.0,,,,,,,,,,,,1.0,,,,,,,,,,,,,,,,,,,,,,,,,,,,,,,,,,,,,,,,,,,,,,,,,,,,,,,,,,None,None,,,,,,,,,,,,,,,,,,,,,,,,,,,,,,,,,,,,
4,EUW1_5971541104,TFT6_Augment_TinyTitans,TFT7_Augment_BestFriends2,TFT7_Augment_GadgetExpert,,,,,,,1.0,1.0,,1.0,,0.0,0.0,,,,1.0,,,0.0,1.0,,1.0,0.0,,,,0.0,,,,,,,,,,,,,,,,,,,,,,,,,,,,,,,,,,,,,,,,,2.0,RedBuff,GargoyleStoneplate,ShimmerscaleMogulsMail,,,,,,,,,,,,,,,,,,,,,,,,,,,,,,,,,,,,,,,,,,,,,,,,,,,,,,,,,,,,,,,,,,,,,,,,,,,,,,,,,,,,,,,,,,,,,,,,,,,,,,,,,2.0,PowerGauntlet,,,,,,,,,,,,,,,,,,,1.0,,,,2.0,GuinsoosRageblade,StatikkShiv,StatikkShiv,,,,,,,,,,,,,,,,,1.0,,,,,,None,None,,,,,,,,,,,,,,,,,2.0,Zephyr,TearOfTheGoddess,,2.0,MadredsBloodrazor,ArchangelsStaff,GuinsoosRageblade,,,,,,,,,,,,
6,EUW1_5971541104,TFT6_Augment_TinyTitans,TFT6_Augment_PortableForge,TFT7_Augment_UrfsGrabBag1,,0.0,,0.0,,,1.0,0.0,1.0,,,,0.0,1.0,0.0,1.0,,0.0,,,,,,,2.0,1.0,0.0,,,,,,,,,,1.0,MageEmblemItem,ArchangelsStaff,SpearOfShojin,,,,,,,,,,,,,,,,,,,,,,,,,,,,,,,,,,,,,,,,,,,,,,,,,,,,,,,,,2.0,,,,,,,,,,,,,,,,,,,,,,,,,,,,,,,,1.0,Chalice,,,2.0,,,,,,,,,,,,,,,,,,,,2.0,WarmogsArmor,OrnnAnimaVisage,,,,,,,,,,,,,,,,,,,,,,,,,,,,,,,,,,,,,,2.0,SpearOfShojin,SeraphsEmbrace,,,,,,,,,,,,,,,,,,,,,,,,,,,,,,2.0,TrainerSnax,None,None,,,,,,,,,,,,,,,,,,,,,,,,,2.0,ThiefsGloves,RunaansHurricane,MadredsBloodrazor,,,,,,,,
5,EUW1_5971541104,TFT6_Augment_TinyTitans,TFT7_Augment_UrfsGrabBag1,TFT7_Augment_SwiftshotPressTheAttack,,1.0,,2.0,,,,,,,1.0,,,0.0,,,1.0,,,0.0,,,,2.0,,,0.0,1.0,,,,,,,,,,,,,,,,,,,,,,,,,,,,,,,,,,,,,,,,,,,,,,,,,,,,,1.0,,,,,,,,,,,,,,,,,,,,3.0,Zephyr,,,,,,,,,,,,,,,,,,,,,,,,,,,,,,,,,,,,,,,,,,,,,,,,,,,,,,,,,,,,,,,,,,,,,,,,,,,,,,,2.0,ChainVest,,,,,,,3.0,PowerGauntlet,SwiftshotEmblemItem,InfinityEdge,,,,,,,,,,,,,2.0,GargoyleStoneplate,RedBuff,FrozenHeart,,,,,,,,,,,,,,,,,,,None,None,,,,,2.0,RagewingEmblemItem,,,3.0,InfinityEdge,GuinsoosRageblade,MadredsBloodrazor,,,,,,,,,1.0,,,,,,,,,,,,,,,
7,EUW1_5971541104,TFT7_Augment_ShapeshifterTrait,TFT7_Augment_ShapeshifterBeastsDen,TFT7_Augment_BigFriend2,,0.0,,,,,1.0,0.0,0.0,,,1.0,,,,,1.0,0.0,,3.0,,,1.0,,,,,,,,,,,,,,,,,,,,,,,,,,,,,,,,,,,,,,,,,,,,,,,,,,,,,,,,,,,,,,,,,,2.0,,,,,,,,,,,,,,,,,,,,,,,,,,,,,,,,,,,,,,,,,,,,,,,,1.0,WarmogsArmor,RedBuff,,3.0,GuinsoosRageblade,Quicksilver,InfinityEdge,,,,,,,,,,,,,,,,,,,,,,,,,,,,,,,,,,,,,,,,,1.0,UnstableConcoction,,,,,,,1.0,,,,1.0,RabadonsDeathcap,,,2.0,,,,,,,,,,,,,,,,,,,,,,,,,,None,None,,,,,,,,,,,,,,,,,,,,,,,,,,,,,,,,,,,,
3,EUW1_5971541104,TFT6_Augment_ItemGrabBag1,TFT6_Augment_Diversify2,TFT6_Augment_SalvageBin,,,1.0,1.0,0.0,,1.0,,1.0,,1.0,,,1.0,,1.0,,1.0,,,0.0,1.0,,,,1.0,,2.0,,,,,,,,,,,,,,,,,,,,,1.0,,,,,,,,2.0,UnstableConcoction,InfinityEdge,GuinsoosRageblade,,,,,,,,,,,,,,,,,2.0,FrozenHeart,RunaansHurricane,DragonsClaw,,,,,,,,,,,,,,,,,2.0,Zephyr,,,,,,,,,,,,,,,,,,,,,,,,,,,,,,,2.0,Zephyr,SeraphsEmbrace,LastWhisper,,,,,,,,,,,,,,,,,,,,,,,,,,,,,,,,,,,,,,,,,,,,,,,,,,,,,,,,,,,,,2.0,,,,,,,,,,,,2.0,DragonsClaw,RedBuff,GargoyleStoneplate,,,,,,,,,,,,,,,,,4.0,TrainerSnax,None,None,,,,,,,,,,,,,,,,,,,,,,,,,,,,,,,,,2.0,,,
8,EUW1_5971541104,TFT6_Augment_TinyTitans,TFT7_Augment_DragonHorde,TFT6_Augment_Ascension,,,,1.0,,0.0,2.0,,,0.0,,,0.0,,3.0,,0.0,,,,,,,,0.0,,1.0,,,,,,,,,,,,,,,,,,,,,,,,,,,,,,,,,,,,,,2.0,ArchangelsStaff,ArchangelsStaff,,,,,,,,,,,,,,,,,,,,,,,,,,,,,,,,,,,,,,,,,,,,,,,,,,,,,,2.0,,,,,,,,,,,,,,,,,,,,,,,,2.0,WarmogsArmor,GargoyleStoneplate,,,,,,1.0,,,,,,,,,,,,,,,,,,,,,,,,,,,,2.0,,,,,,,,,,,,,,,,,,,,,,,,,,,,,,,,,,,,,,,,,,,,,,None,None,,,,,,,,,,,,,,,,,,,,,,,,,,,,,2.0,,,,,,,
1,EUW1_5971541104,TFT7_Augment_BestFriends1,TFT6_Augment_ComponentGrabBag,TFT7_Augment_TempestEyeOfTheStorm,3.0,,,2.0,,,,,0.0,,1.0,,0.0,0.0,,,0.0,0.0,1.0,,,,,,1.0,,1.0,1.0,,,,,,,,,,,,,,,,,,,,,,,,,,,,,,,,,3.0,FrozenHeart,IonicSpark,Bloodthirster,,,,,,,,,,,,,,,,,,,,,,,,,,,,,,,,,,,,,,,,,,,,,,,,,,,,,,,,,,,,,,,,,,,,,,,,,,,,,,,,,,,,,3.0,AssassinEmblemItem,InfinityEdge,RunaansHurricane,2.0,AssassinEmblemItem,RecurveBow,,2.0,FrozenHeart,MadredsBloodrazor,GuardianAngel,2.0,,,,,,,,,,,,,,,,,,,,2.0,,,,,,,,,,,,1.0,,,,,,,,,,,,2.0,,,,,,,,2.0,LastWhisper,TitansResolve,,,,,,,,,,,,None,None,,,,,,,,,,,,,,,,,,,,,,,,,,,,,,,,,,,,
2,EUW1_5971541104,TFT6_Augment_LudensEcho1,TFT6_Augment_TriForce2,TFT7_Augment_MageEmblem,,1.0,,1.0,,,,,0.0,,1.0,,,3.0,,1.0,,,,,0.0,1.0,,,,1.0,,0.0,,,,,,,,,,,,,,,,,,,,,,,,,,,,,,,,,,,,,,,,,,,,,,,,,,,,,,,,,,,,,,,,,,,,,2.0,,,,3.0,IonicSpark,MageEmblemItem,Bloodthirster,,,,,,,,,,,,,,,,,,,,,,,,,2.0,,,,3.0,SpearOfShojin,Chalice,,,,,,,,,,,,,,,,,,,,,,,,,,,,,,3.0,InfinityEdge,SpearOfShojin,JeweledGauntlet,,,,,,,,,,,,,,,,,,,,,,,,,,,,,,,,,,,,,3.0,RedBuff,BrambleVest,,,,,,,,,,,,,,,,,,4.0,TrainerSnax,None,None,,,,,,,,,,,,,2.0,TitanicHydra,TitanicHydra,,,,,,,,,,,,,,,,,,1.0,,,
7,EUW1_5971533970,TFT6_Augment_ThreesCompany,TFT6_Augment_LudensEcho1,TFT6_Augment_CelestialBlessing1,1.0,,,1.0,,0.0,,,,,2.0,,0.0,,,,1.0,,0.0,,,,,1.0,1.0,,1.0,,,,,,,,,,,,,,,,,,,,,,,,,,,,,,,,,,,,,,,,,,,,,,,,,,,,,,,,,,,,,,,,,,2.0,WarmogsArmor,,,,,,,,,,,,,,,,,,,,,,,,,,,,,,,,,,,,,,,,,,,,,,,,,,,,,,,2.0,,,,2.0,RedBuff,DragonsClaw,,,,,,3.0,RedBuff,,,,,,,,,,,,,,,,,,,2.0,,,,,,,,,,,,,,,,,,,,,,,,,,,,,,,,1.0,InfinityEdge,,,,,,,,,,,,,None,None,,,,,2.0,ZekesHerald,,,,,,,,,,,,,,,2.0,GuinsoosRageblade,LastWhisper,,,,,,,,,,,,,
8,EUW1_5971533970,TFT7_Augment_AxiomArc2,TFT7_Augment_AxiomArc1,TFT6_Augment_SecondWind1,,1.0,,1.0,,0.0,,,,,1.0,,,3.0,,0.0,,,0.0,,0.0,1.0,,,,0.0,,0.0,,,,,,,,,,,,,,,,,,,,,,,,,,,,,,,,,,,,,,,,,,,,,,,,,,,,,,,,,,,,,,,,,,,,,2.0,,,,2.0,WarmogsArmor,,,,,,,,,,,,,,,,,,,,,,,2.0,,,,,,,,2.0,SpearOfShojin,StatikkShiv,ArchangelsStaff,,,,,,,,,,,,,,,,,,,,,,,,,,,,,2.0,SeraphsEmbrace,RapidFireCannon,RabadonsDeathcap,,,,,,,,,,,,,,,,,,,,,,,,,,,,,,,,,,,,,2.0,,,,,,,,,,,,,,,,,,,,,,None,None,,,,,,,,,,,,,2.0,IonicSpark,,,,,,,,,,,,,,,,,,,2.0,Quicksilver,,
6,EUW1_5971533970,TFT6_Augment_Electrocharge2,TFT6_Augment_FirstAidKit,TFT6_Augment_CelestialBlessing1,,,,,,,,2.0,,,,0.0,0.0,,,,1.0,,,0.0,0.0,,,1.0,0.0,,,,,,,,,,,,,,,,2.0,,,,,,,,,,,,,,,,,,,,,,,,,,,,,,,,,,,,,,,,,,,,,,,,,,,,,,,,,,,,,,,,,,,,2.0,,,,,,,,2.0,RabadonsDeathcap,TitansResolve,,,,,,,,,,,,,,,,,,,,,,,,,,,,,,,,,,,,,,,,,,,,,,,,,,,,,,,,,,2.0,TitanicHydra,RedBuff,,,,,,,,,,,,,,,,,,,,,,2.0,,,,,,,,,,,,,,,,,,,,,,,,,,None,None,,,,,,,,,,,,,,,,,3.0,Bloodthirster,Quicksilver,GuinsoosRageblade,2.0,GuinsoosRageblade,MadredsBloodrazor,InfinityEdge,,,,,,,,,,,,
5,EUW1_5971533970,TFT7_Augment_MageEmblem,TFT6_Augment_LudensEcho1,TFT7_Augment_BandOfThieves1,,3.0,,1.0,,,1.0,,0.0,,,,,1.0,,0.0,,,,0.0,,,,0.0,,,,,,,,,,,,,,,,,,,,,1.0,MageEmblemItem,Bloodthirster,SpearOfShojin,,,,,,,,,,,,,,,,,,,,,,,,,,,,,,,,,,,,,,,,,,,,,,,,,,,,,3.0,RedBuff,UnstableConcoction,WarmogsArmor,,,,,,,,,,,,,,,,,,,,,,,,,,,,,3.0,ThiefsGloves,Chalice,PowerGauntlet,,,,,3.0,ThiefsGloves,RecurveBow,MadredsBloodrazor,,,,,,,,,,,,,,,,,,,,,,,,,,,,,,,,,,,,,,,,,,,,,3.0,ThiefsGloves,SeraphsEmbrace,RabadonsDeathcap,,,,,,,,,,,,,,,,,,,,,,,,,,,,,,,,,,,None,None,,,,,,,,,3.0,GuinsoosRageblade,Quicksilver,HextechGunblade,3.0,ThiefsGloves,SeraphsEmbrace,HextechGunblade,,,,,,,,,,,,,,,,,,,,
4,EUW1_5971533970,TFT6_Augment_JeweledLotus,TFT6_Augment_PandorasItems,TFT6_Augment_Weakspot,,,,,,,1.0,0.0,0.0,1.0,,2.0,0.0,,0.0,0.0,,,0.0,,,,1.0,,,,,,,,,,2.0,Morellonomicon,ArchangelsStaff,SeraphsEmbrace,,,,,,,,,,,,,,,,,2.0,,,,,,,,,,,,,,,,,,,,2.0,GuinsoosRageblade,Bloodthirster,InfinityEdge,,,,,,,,,,,,,,,,,,,,,,,,,,,,,,,,,2.0,LocketOfTheIronSolari,,,,,,,,,,,2.0,,,,,,,,,,,,,,,,,,,,,,,,,,,,,,,,,,,,,,,,,,,,,,,,,,,,,,,,,,,,,,,,,,,,,,,,,,,,1.0,SpearOfShojin,,,,,,,,,,,,,,,,,,,2.0,WarmogsArmor,,,,,,,,,None,None,,,,,,,,,,,,,,,,,,,,,,,,,,,,,,,,,,,,
3,EUW1_5971533970,TFT7_Augment_RevelPartyTime,TFT6_Augment_Distancing,TFT6_Augment_MakeshiftArmor1,,,1.0,,2.0,,,,1.0,1.0,1.0,,,,,1.0,,2.0,0.0,,,,,,,1.0,,0.0,,,,,,,,,,,,,,,,,,,,,1.0,,,,2.0,GargoyleStoneplate,DragonsClaw,WarmogsArmor,2.0,StatikkShiv,LastWhisper,Bloodthirster,,,,,,,,,,,,,,,,,,,,,,,,,,,,,,,,,,,,,,,,,,,,,3.0,RapidFireCannon,InfinityEdge,Deathblade,,,,,,,,,,,,,,,,,,,,,2.0,ZekesHerald,Redemption,,,,,,,,,,,,,,,,,,,,,,,,,,,,,,,,,,,,,,,,,,,,,,,,,,,,,,,,,,,,,,2.0,Zephyr,Morellonomicon,,,,,,,,,,,,,,,,,,,,,,,,,,2.0,,,,2.0,TrainerSnax,None,None,2.0,,,,,,,,,,,,,,,,,,,,,,,,,,,,,,,,,,,
2,EUW1_5971533970,TFT6_Augment_SunfireBoard,TFT6_Augment_LudensEcho1,TFT6_Augment_CyberneticShell1,,1.0,,1.0,,0.0,,,,,1.0,,,3.0,,0.0,,,0.0,,0.0,1.0,,,,0.0,,0.0,,,,,,,,,,,,,,,,,,,,,,,,,,,,,,,,,,,,,,,,,,,,,,,,,,,,,,,,,,,,,,,,,,,,,2.0,StatikkShiv,RapidFireCannon,SpearOfShojin,3.0,Shroud,IonicSpark,,,,,,,,,,,,,,,,,,,,,,2.0,,,,,,,,3.0,InfinityEdge,Chalice,,,,,,,,,,,,,,,,,,,,,,,,,,,,,,3.0,SeraphsEmbrace,HextechGunblade,SpearOfShojin,,,,,,,,,,,,,,,,,,,,,,,,,,,,,,,,,,,,,2.0,,,,,,,,,,,,,,,,,,,,,,None,None,,,,,,,,,,,,,2.0,,,,,,,,,,,,,,,,,,,,1.0,ThiefsGloves,EmptyBag,EmptyBag
1,EUW1_5971533970,TFT7_Augment_BestFriends2,TFT7_Augment_BestFriends1,TFT6_Augment_SecondWind1,,,,,,3.0,1.0,0.0,,,1.0,,,0.0,3.0,,0.0,,0.0,,,,,,,,1.0,,,,,,,,,,,,,,,,,,,,,,,,,,,,,,,,,,,,,,2.0,RapidFireCannon,GuinsoosRageblade,Bloodthirster,,,,,,,,,,,,,,,,,,,,,,,,,2.0,SparringGloves,Shroud,,,,,,,,,,,,,,,,,,,,,,,,,,,,,,2.0,,,,,,,,,,,,,,,,,,,,2.0,HextechGunblade,WarmogsArmor,Bloodthirster,,,,,,,,,,,,,,,,,,,,,2.0,,,,,,,,,,,,,,,,,,,,,,,,,,,,,,,,,,,,,,,,,,,,,,,,,,,,,,,,,,None,None,,,,,,,,,,,,,,,,,,,,,,,,,1.0,RedBuff,Chalice,Redemption,2.0,StatikkShiv,,,,,,
6,EUW1_5971267683,TFT6_Augment_ThrillOfTheHunt2,TFT6_Augment_Distancing,TFT6_Augment_Ascension,,,1.0,0.0,,,,1.0,,,1.0,0.0,,,,0.0,1.0,,,1.0,0.0,,,,,,1.0,,2.0,,,,,,,,,,,,,,,,,,,,1.0,Quicksilver,,,,,,,,,,,,,,,,,,,,,,,,,,,,,,,,,,,,,,,,,,,,,,,,,,,,,,,,,,,1.0,,,,,,,,,,,,,,,,,,,,,,,,,,,,1.0,IonicSpark,TitansResolve,,,,,,,,,,,,,,,,,,,,,,,,,,,,,,,,,,,,,,2.0,GiantsBelt,,,3.0,GargoyleStoneplate,RedBuff,DragonsClaw,,,,,,,,,,,,,,,,,3.0,MadredsBloodrazor,GuinsoosRageblade,StatikkShiv,,,,,,,,,,,,,,,,,,,,,,,None,None,,,,,,,,,,,,,,,,,,,,,,,,,,,,,,,,,,,,
5,EUW1_5971267683,TFT6_Augment_PortableForge,TFT7_Augment_AxiomArc1,TFT7_Augment_SwiftshotEmblem,,0.0,,1.0,,,,,,,1.0,,0.0,,,,0.0,,,,,,,2.0,1.0,,0.0,,,,,,,,,,,,,,,,,,,,,,,,,,,,,,,,,,,,,,,,,,,,,,,,,,,,,,,,,,2.0,ArchangelsStaff,,,,,,,,,,,,,,,2.0,WarmogsArmor,OrnnRanduinsSanctum,LocketOfTheIronSolari,,,,,,,,,,,,,,,,,,,,,,,,,,,,,,,,,,,,,,,,,,,,,,,,,2.0,,,,,,,,,,,,,,,,,,,,,,,,,,,,2.0,SwiftshotEmblemItem,GuardianAngel,,,,,,,,,,,,,,,,,,,,,,,,,,,,,,,,,,,,,,,,,,,,None,None,,,,,2.0,,,,2.0,GuinsoosRageblade,RunaansHurricane,Deathblade,,,,,,,,,2.0,StatikkShiv,GuinsoosRageblade,RapidFireCannon,,,,,,,,,,,,
8,EUW1_5971267683,TFT7_Augment_MageEmblem,TFT6_Augment_SecondWind1,TFT7_Augment_UrfsGrabBag1,1.0,,,0.0,,,,,,,,,,0.0,0.0,,,0.0,,,,,,,0.0,,,0.0,,,,,,,,,,,,,,,,,,,,,,,,,,,,,,,,,,,,,,,,,,,,,,,,,,,,,,,,,,,,,,,,,,,,,,,,,,,,,,,,,,,,,,,,,,,,,,,,,,,,,,,,,,,,,,,,,,,,,,,,,,,,,,,,,1.0,Shroud,MirageEmblemItem,InfinityEdge,1.0,MageEmblemItem,,,,,,,,,,,,,,,,,,,,,,,,,,,,,,,,,,,,,,,,,,,,,,,1.0,,,,,,,,,,,,,,,,,,None,None,,,,,,,,,,,,,,,,,,,,,,,,,,,,,,,,,,,,
7,EUW1_5971267683,TFT7_Augment_MageEmblem,TFT7_Augment_MageTrait,TFT6_Augment_ComponentGrabBag,,0.0,,0.0,,0.0,,,,,1.0,,,3.0,,0.0,,,0.0,,0.0,1.0,,,,0.0,,,,,,,,,,,,,,,,,,,,,,,,,,,,,,,,,,,,,,,,,,,,,,,,,,,,,,,,,,,,,,,,,,,,,,,3.0,TitansResolve,,,,,,,,,,,,,,,,,,,,,,,,,,,2.0,ArchangelsStaff,HextechGunblade,FrozenHeart,,,,,3.0,Chalice,,,,,,,,,,,,,,,,,,,,,,,,,,,,,,,2.0,SpearOfShojin,ArchangelsStaff,UnstableConcoction,,,,,,,,,,,,,,,,,,,,,3.0,MageEmblemItem,ChainVest,,,,,,,,,,,,,,,,,,,,,,,,,,,,,,,,,,,,None,None,,,,,,,,,,,,,,,,,,,,,,,,,,,,,,,,,1.0,SpearOfShojin,,
2,EUW1_5971267683,TFT6_Augment_JeweledLotus,TFT6_Augment_PandorasItems,TFT7_Augment_BestFriends2,,0.0,,4.0,,,1.0,,,,,,0.0,0.0,,,0.0,0.0,0.0,,,,,,0.0,,1.0,2.0,,,,,,,,,,,,,,,,,,,,,,,,,,,,,,,,,,,,,,,,,,,,,,,,,2.0,TitansResolve,Quicksilver,Bloodthirster,,,,,,,,,,,,,,,,,,,,,2.0,ThiefsGloves,,,,,,,,,,,,,,,,,,,,,,,,,,,,,,,,,,,,,,,,,,,,,,,2.0,StatikkShiv,,,1.0,ArchangelsStaff,,,,,,,,,,,,,,,,,,,,,,,,,,,2.0,DragonsClaw,,,,,,,2.0,,,,,,,,,,,,,,,,1.0,NegatronCloak,,,2.0,TitanicHydra,DragonsClaw,PowerGauntlet,,,,,,,,,,,,,,,None,None,,,,,,,,,,,,,,,,,,,,,,,,,,,,,,,,,,,,
1,EUW1_5971267683,TFT6_Augment_Twins2,TFT7_Augment_BandOfThieves1,TFT6_Augment_CyberneticUplink2,,,,0.0,,,,1.0,0.0,,,1.0,1.0,,,,,,,0.0,0.0,,,0.0,0.0,,,,,,,,2.0,GuinsoosRageblade,DragonsClaw,RedBuff,,,,,2.0,UnstableConcoction,,,,,,,,,,,,,,,,,,,,,,,,,,,,,,,,,,,,,,,,,,,,,,,,,,,,,,,,,,,,,,,,,,,2.0,,,,,,,,,,,,,,,,,,,,,,,,,,,,1.0,,,,,,,,,,,,,,,,2.0,FrozenHeart,ZekesHerald,Chalice,,,,,,,,,,,,,,,,,,,,,,,,,,,,,,,,,,,,,,,,,,,,,,,,,,,,,,,,,,,,,,,,,,,,,,,None,None,,,,,,,,,,,,,,,,,3.0,Bloodthirster,Quicksilver,RedBuff,,,,,,,,,,,,,,,,
4,EUW1_5971267683,TFT6_Augment_RichGetRicher,TFT7_Augment_LategameSpecialist,TFT7_Augment_DragonmancerInspire,,,,,,,1.0,2.0,,0.0,,0.0,0.0,,0.0,,0.0,,,0.0,2.0,,,0.0,0.0,,1.0,,2.0,,,,,,,,,,,,2.0,ShimmerscaleGamblersBlade,ShimmerscaleDravensAxe,,,,,,,,,,,,,,,,,,,,,,,,,,2.0,,,,,,,,,,,,,,,,,,,,,,,,,,,,,,,,,,,,,,,,3.0,JeweledGauntlet,InfinityEdge,SeraphsEmbrace,,,,,2.0,,,,,,,,,,,,,,,,,,,,,,,,,,,,,,,,,,,,,,,,,,,,,,,,,,,,,,,,,,,,,,,,,,,,,,,,,,,,,,,,,,,,2.0,InfinityEdge,HextechGunblade,UnstableConcoction,,,,,,,,,,,,,,,,,,,,,,,None,None,,,,,,,,,,,,,,,,,2.0,DragonsClaw,BrambleVest,WarmogsArmor,,,,,2.0,,,,,,,,,,,
3,EUW1_5971267683,TFT6_Augment_ThrillOfTheHunt2,TFT6_Augment_ThrillOfTheHunt1,TFT7_Augment_MirageEmblem,,0.0,,,,1.0,1.0,0.0,,,1.0,,,1.0,3.0,,,,0.0,,,,,,,,1.0,,,,,,,,,,,,,,,,,,,,,,,,,,,,,,,,,,,,,,2.0,GuinsoosRageblade,HextechGunblade,Quicksilver,,,,,,,,,,,,,,,,,,,,,,,,,,,,,,,,,,,,,,,,,,,,,,,,,,,,,,,,,2.0,,,,,,,,,,,,,,,,,,,,2.0,,,,,,,,,,,,,,,,,,,,3.0,SpearOfShojin,MirageEmblemItem,HextechGunblade,,,,,,,,,,,,,,,,,,,,,,,,,,,,,,,,,,,,,,,,,,,,,,,,,,,,,,,,,,,None,None,,,,,,,,,,,,,2.0,WarmogsArmor,,,,,,,,,,,1.0,TitansResolve,LastWhisper,,2.0,Deathblade,Chalice,,,,,
7,EUW1_5971383845,TFT6_Augment_ClearMind,TFT6_Augment_PandorasItems,TFT7_Augment_GadgetExpert,,,,,,,,2.0,,,,0.0,0.0,,,,1.0,,,0.0,0.0,,,1.0,0.0,,,,,,,,,,,,,,,,2.0,RunaansHurricane,,,,,,,,,,,,,,,,,,,,,,,,,,,,,,,,,,,,,,,,,,,,,,,,,,,,,,,,,,,,,,,,,,,2.0,IonicSpark,SeraphsEmbrace,,,,,,3.0,Deathblade,GuinsoosRageblade,,,,,,,,,,,,,,,,,,,,,,,,,,,,,,,,,,,,,,,,,,,,,,,,,,,,,,,,,,2.0,InfinityEdge,,,,,,,,,,,,,,,,,,,,,,,1.0,StatikkShiv,,,,,,,,,,,,,,,,,,,,,,,,,None,None,,,,,,,,,,,,,,,,,2.0,Zephyr,,,1.0,,,,,,,,,,,,,,,
2,EUW1_5971383845,TFT6_Augment_Ascension,TFT6_Augment_Electrocharge1,TFT6_Augment_ThrillOfTheHunt2,,,,0.0,,,,2.0,0.0,,,1.0,1.0,,,,0.0,,,0.0,0.0,,,0.0,1.0,,,,,,,,2.0,ArchangelsStaff,SparringGloves,SpearOfShojin,,,,,1.0,,,,,,,,,,,,,,,,,,,,,,,,,,,,,,,,,,,,,,,,,,,,,,,,,,,,,,,,,,,,,,,,,,,,2.0,,,,,,,,2.0,GuardianAngel,,,,,,,,,,,,,,,,,,,,,,,,,,,,,,,,,,,2.0,GuardianAngel,Redemption,,,,,,,,,,,,,,,,,,,,,,1.0,,,,,,,,,,,,,,,,,,,,,,,,2.0,SpearOfShojin,,,,,,,,,,,,,,,,,,,,,,,,,None,None,,,,,,,,,,,,,,,,,3.0,Quicksilver,GuinsoosRageblade,Bloodthirster,,,,,,,,,,,,,,,,
1,EUW1_5971383845,TFT7_Augment_CannoneerHotShot,TFT6_Augment_CelestialBlessing1,TFT6_Augment_ComponentGrabBag,,,1.0,1.0,1.0,,1.0,,1.0,,1.0,,,0.0,,1.0,,1.0,,,,,,,,1.0,,2.0,,,,,,,,,,,,,,,,,,,,,2.0,,,,,,,,1.0,UnstableConcoction,RecurveBow,,,,,,,,,,,,,,,,,,2.0,GuinsoosRageblade,TitansResolve,Bloodthirster,,,,,,,,,,,,,,,,,,,,,,,,,,,,,,,,,,,,,,,,,,,,,,,,,1.0,,,,,,,,,,,,,,,,,,,,,,,,,,,,,,,,,,,,,,,,,,,,,,,,,,,,,,,,,,,,,,,,2.0,Morellonomicon,,,,,,,,,,,2.0,Chalice,WarmogsArmor,,,,,,,,,,,,,,,,,,3.0,TrainerSnax,None,None,2.0,StatikkShiv,PowerGauntlet,,,,,,,,,,,,,,,,,,,,,,,,,,,,,,,,,
6,EUW1_5971383845,TFT7_Augment_JadePenitence,TFT6_Augment_Diversify1,TFT6_Augment_Ascension,,,,,,,,2.0,0.0,,,1.0,0.0,,0.0,,0.0,,,1.0,0.0,,,,0.0,,0.0,,,,,,2.0,,,,,,,,,,,,,,,,,,,,,,,,,,,,,,,,,,,,,,,,,,,,,,,,,,,,,,,,,,,,,,,,,,,,,,,,,,,,1.0,,,,,,,,1.0,RedBuff,,,,,,,,,,,,,,,,,,,1.0,,,,,,,,,,,,,,,,,,,,,,,,,,,,,,,,,,,,,,,,2.0,,,,,,,,,,,,,,,,,,,,,,,,2.0,RecurveBow,,,,,,,,,,,,,,,,,,,,,,,,,None,None,,,,,,,,,,,,,,,,,2.0,Quicksilver,GuinsoosRageblade,Bloodthirster,,,,,1.0,Bloodthirster,LastWhisper,GuardianAngel,,,,,,,,
5,EUW1_5971383845,TFT7_Augment_JadeTrait,TFT6_Augment_ItemGrabBag1,TFT6_Augment_CyberneticImplants2,,,1.0,,,,1.0,0.0,0.0,,1.0,3.0,0.0,,,1.0,,,,1.0,,,1.0,,,,,,,,,,2.0,ThiefsGloves,Quicksilver,RabadonsDeathcap,,,,,,,,,,,,,1.0,ThiefsGloves,JeweledGauntlet,SeraphsEmbrace,,,,,,,,,,,,,,,,,,,,,2.0,LastWhisper,InfinityEdge,RunaansHurricane,,,,,,,,,,,,,2.0,WarmogsArmor,FrozenHeart,LocketOfTheIronSolari,,,,,,,,,,,,,,,,,2.0,,,,,,,,,,,,,,,,,,,,,,,,,,,,2.0,Redemption,,,,,,,,,,,,,,,,,,,,,,,,,,,,,,,,,,,,,,,,,,,,,,,,,,,,,,,,,,,1.0,,,,,,,,,,,,,,,,,,,,,,,,,,,,,,None,None,,,,,,,,,,,,,,,,,,,,,,,,,,,,,,,,,,,,
8,EUW1_5971383845,TFT7_Augment_BestFriends2,TFT7_Augment_BestFriends1,TFT7_Augment_DragonHorde,0.0,,,0.0,0.0,,,0.0,,,,0.0,,,,,2.0,,,1.0,0.0,,,0.0,,,0.0,,,,,,,,,,,,,,,,,,,,,,,,,,,,,,,,,,,,,,,,,,,,,,,,,,,,,,,,,,,,,,,,,,,,,,,,,,,,,,,,,,,,,,3.0,InfinityEdge,GuinsoosRageblade,,,,,,,,,,,,,,,,,,,,,,1.0,,,,,,,,,,,,,,,,,,,,,,,,,,,,,,,,,,,,2.0,SparringGloves,,,2.0,RedBuff,,,2.0,StatikkShiv,GargoyleStoneplate,,,,,,,,,,,,,,,,,,2.0,ArchangelsStaff,,,,,,,,,,,,,,,,,,,,,,,,,None,None,,,,,,,,,,,,,,,,,,,,,2.0,GuinsoosRageblade,,,,,,,,,,,,,,
3,EUW1_5971383845,TFT6_Augment_PortableForge,TFT7_Augment_AxiomArc1,TFT7_Augment_RagewingScorch,,0.0,,2.0,4.0,,,,,,,,,,,,1.0,2.0,0.0,,,,,,,0.0,1.0,,,,,,,,,,,,,,,,,,,,,,,,,,,,,,2.0,LocketOfTheIronSolari,ZekesHerald,,,,,,,,,,,,,,,,,,,,,,,,,,,,,,,,,,,,,,,,,,,,,,2.0,HextechGunblade,,,,,,,,,,,,,,,,,,,,,,,,,,,,,,,,,,,,,,,,,,,2.0,CannoneerEmblemItem,RagewingEmblemItem,FrozenHeart,,,,,,,,,,,,,,,,,,,,,2.0,,,,,,,,2.0,GiantsBelt,,,,,,,2.0,RedBuff,OrnnAnimaVisage,TitansResolve,,,,,,,,,,,,,,,,,3.0,RedBuff,,,,,,,,,,,,,,,,,None,None,1.0,NeedlesslyLargeRod,,,,,,,,,,,,,,,,,,,,,,,,,,,,,,,,,,
4,EUW1_5971383845,TFT6_Augment_Featherweights2,TFT6_Augment_ThrillOfTheHunt1,TFT6_Augment_JeweledLotus,,,,,,,,1.0,,1.0,,1.0,,,1.0,,,,,1.0,,,,0.0,,,1.0,,,,,,,,,,,,,,3.0,,,,,,,,,,,,,,,,,,,,,,,,,,,,,,,,,,,,,,,,,,,,,,,,3.0,GargoyleStoneplate,,,,,,,,,,,,,,,,,,,3.0,SeraphsEmbrace,IonicSpark,Morellonomicon,,,,,,,,,2.0,,,,,,,,,,,,,,,,2.0,,,,,,,,,,,,,,,,,,,,,,,,,,,,,,,,,,,,,,,,,,,,,,,,,,,,,,,,,,,,,,,,,,,,,,,,,,,,,,,,3.0,RedBuff,WarmogsArmor,SeraphsEmbrace,,,,,,,None,None,,,,,,,,,,,,,,,,,,,,,,,,,1.0,GuinsoosRageblade,MadredsBloodrazor,,2.0,PowerGauntlet,,,,,,
2,EUW1_5971479619,TFT6_Augment_CelestialBlessing3,TFT6_Augment_Weakspot,TFT6_Augment_VerdantVeil,,2.0,1.0,1.0,,,,,,,2.0,,,1.0,,1.0,,,,0.0,,,,0.0,,,,,,,,,,,,,,,,,,,,,,,,,1.0,,,,,,,,,,,,,,,,,,,,,,,,,,,,,,,,,,,,,,,,,,,,,,,,,,,,3.0,GargoyleStoneplate,TitansResolve,Redemption,,,,,,,,,,,,,,,,,,,,,,,,,,,,,3.0,Redemption,SpearOfShojin,,,,,,3.0,ThiefsGloves,,,,,,,,,,,,,,,,,,,,,,,3.0,SpearOfShojin,SpearOfShojin,HextechGunblade,,,,,,,,,,,,,,,,,,,,,3.0,RedBuff,,,,,,,,,,,,,,,,,,,,,,,,,,,,,,,,,,,,,None,None,,,,,,,,,3.0,,,,3.0,IonicSpark,WarmogsArmor,,,,,,,,,,,,,,,,,,,,,
1,EUW1_5971479619,TFT7_Augment_CavalierEmblem2,TFT7_Augment_GuardianTrait,TFT6_Augment_CyberneticImplants3,,,1.0,,,1.0,1.0,0.0,,2.0,1.0,,,,4.0,0.0,,,,,,,,,,,1.0,0.0,,,,,,,,,,,,,,,,,,,,,2.0,DragonsClaw,ArchangelsStaff,,,,,,,,,,,,,,2.0,MadredsBloodrazor,UnstableConcoction,JeweledGauntlet,,,,,,,,,,,,,,,,,,,,,,,,,,,,,,,,,,,,,,,,,,,,,,,,,,,,,2.0,CavalierEmblemItem,LocketOfTheIronSolari,TitanicHydra,,,,,,,,,,,,,,,,,,,,,2.0,Redemption,Bloodthirster,RedBuff,,,,,,,,,,,,,,,,,,,,,,,,,,,,,,,,,,,,,,,,,,,,,,,,,,,,,,,,,,,,,,,,,,,,,,,,,2.0,TitanicHydra,MirageEmblemItem,,,,None,None,,,,,,,,,,,,,,,,,,,,,,,,,1.0,Bloodthirster,GuardianEmblemItem,RedBuff,2.0,ZekesHerald,Chalice,PowerGauntlet,,,,
4,EUW1_5971479619,TFT7_Augment_DragonmancerEmblem2,TFT6_Augment_CyberneticImplants1,TFT6_Augment_CyberneticImplants3,,,,0.0,,,,2.0,0.0,,,1.0,1.0,,0.0,,0.0,,,0.0,0.0,,,0.0,1.0,,0.0,,,,,,2.0,DragonmancerEmblemItem,,,,,,,2.0,,,,,,,,,,,,,,,,,,,,,,,,,,,,,,,,,,,,,,,,,,,,,,,,,,,,,,,,,,,,,,,,,,,,2.0,SparringGloves,,,,,,,2.0,ZekesHerald,LocketOfTheIronSolari,Chalice,,,,,,,,,,,,,,,,,,,,,,,,,,,,,,,,,2.0,RedBuff,TearOfTheGoddess,WarmogsArmor,,,,,,,,,,,,,,,,,,,,,,,,,,,,,,,,,,,,,,,,,,,,,2.0,LastWhisper,HextechGunblade,,,,,,,,,,,,,,,,,,,,,,,,None,None,,,,,,,,,,,,,,,,,3.0,UnstableConcoction,Quicksilver,GuinsoosRageblade,,,,,1.0,Zephyr,InfinityEdge,MadredsBloodrazor,,,,,,,,
3,EUW1_5971479619,TFT6_Augment_CelestialBlessing3,TFT7_Augment_BandOfThieves1,TFT6_Augment_CyberneticShell3,,,1.0,,,2.0,1.0,0.0,,,2.0,,,,1.0,0.0,0.0,,,,,,,,2.0,,1.0,,,,,,,,,,2.0,Quicksilver,GuinsoosRageblade,TitansResolve,,,,,,,,,1.0,,,,,,,,,,,,,,,,,,,,,,,,,,,,,,,,,,,,,,,,,,,,2.0,ThiefsGloves,GuinsoosRageblade,MadredsBloodrazor,,,,,,,,,,,,,,,,,,,,,2.0,FrozenHeart,StatikkShiv,PowerGauntlet,,,,,,,,,,,,,,,,,,,,,,,,,2.0,Quicksilver,,,,,,,,,,,,,,,,,,,,,,,2.0,ThiefsGloves,RunaansHurricane,Quicksilver,,,,,,,,,,,,,,,,,,,,,,,,,,,,,,,,,,,,,,,,,,,,,,,,,,,,,,,None,None,,,,,,,,,,,,,,,,,,,,,,,,,2.0,HextechGunblade,WarmogsArmor,RunaansHurricane,2.0,TitanicHydra,,,,,,
8,EUW1_5971479619,TFT6_Augment_ItemGrabBag2,TFT7_Augment_Preparation,TFT6_Augment_HighEndShopping,,,,,,,1.0,0.0,0.0,0.0,,3.0,0.0,,,0.0,,,,1.0,,,1.0,0.0,,,,,,,,,2.0,,,,,,,,2.0,StatikkShiv,MadredsBloodrazor,JeweledGauntlet,,,,,,,,,,,,,,,,,,,,,,,,,,,,,1.0,MadredsBloodrazor,,,,,,,,,,,,,,,3.0,GargoyleStoneplate,,,,,,,,,,,,,,,,,,,,,,,,,,,,,,,,,,,,,,,,,,,,,,,2.0,StatikkShiv,,,,,,,,,,,,,,,,,,,,,,,,,,,,,,,,,,,,,,,,,,,,,,,,,,,,,,,,,,,1.0,,,,,,,,,,,,,,,,,,,,2.0,WarmogsArmor,,,,,,,,,None,None,,,,,,,,,,,,,,,,,,,,,,,,,,,,,,,,,,,,
7,EUW1_5971479619,TFT7_Augment_TomeOfTraits2,TFT7_Augment_RevelTrait,TFT6_Augment_VerdantVeil,,0.0,,1.0,1.0,,,,,,1.0,,,2.0,,0.0,,4.0,,,,,,,,,,0.0,,,,,,,,,,,,,,,,,,,,,,,,,,,,,1.0,MageEmblemItem,RecurveBow,,,,,,,,,,,,,,,,,,,,,,,,,,,,,,,,,,,,,,,,,,,,,,2.0,MageEmblemItem,SparringGloves,,,,,,,,,,,,,,,,,,,,,,,,,,1.0,,,,,,,,,,,,,,,,,,,,,,,,,,,,,,,,2.0,RabadonsDeathcap,SpearOfShojin,,,,,,,,,,,,,,,,,,,,,,,,,,,,,,,,,,,,,,2.0,GargoyleStoneplate,,,2.0,WarmogsArmor,,,,,,,,,,,,,,,,,None,None,,,,,,,,,,,,,2.0,RevelEmblemItem,,,,,,,,,,,,,,,,,,,,,,
6,EUW1_5971479619,TFT6_Augment_MakeshiftArmor3,TFT6_Augment_SecondWind1,TFT6_Augment_WindfallPlusPlus,,,,1.0,3.0,,,,,,,,,,,,0.0,2.0,0.0,,,,,,,0.0,1.0,,,,,,,,,,,,,,,,,,,,,,,,,,,,,,2.0,StatikkShiv,SpearOfShojin,GuinsoosRageblade,,,,,,,,,,,,,,,,,,,,,,,,,,,,,,,,,,,,,,,,,,,,,3.0,ZekesHerald,,,,,,,,,,,,,,,,,,,,,,,,,,,,,,,,,,,,,,,,,,,2.0,,,,,,,,,,,,,,,,,,,,,,,,3.0,Bloodthirster,InfinityEdge,GuinsoosRageblade,,,,,2.0,,,,,,,,,,,,,,,,,,,,,,,,,,,,2.0,FrozenHeart,,,,,,,,,,,,,,,,,None,None,2.0,,,,,,,,,,,,,,,,,,,,,,,,,,,,,,,,,,,
5,EUW1_5971479619,TFT6_Augment_BinaryAirdrop,TFT6_Augment_Distancing,TFT6_Augment_BandOfThieves2,,2.0,,1.0,,,,,,,,,,0.0,,0.0,,,,0.0,,,,0.0,,,,,,,,,,,,,,,,,,,,,,,,,,,,,,,,,,,,,,,,,,,,,,,,,,,,,,,,,,,,,,,,,,,,,,,,,,,,,3.0,ThiefsGloves,Shroud,JeweledGauntlet,,,,,,,,,,,,,,,,,,,,,,,,,,,,,3.0,GuinsoosRageblade,SeraphsEmbrace,ZekesHerald,,,,,3.0,GuinsoosRageblade,UnstableConcoction,MadredsBloodrazor,,,,,,,,,,,,,,,,,,,,,,,,,,,,,,,,,,,,,,,,,,,,,3.0,RedBuff,DragonsClaw,TitansResolve,,,,,,,,,,,,,,,,,,,,,,,,,,,,,,,,,,,None,None,,,,,,,,,3.0,Bloodthirster,SpearOfShojin,RapidFireCannon,3.0,ThiefsGloves,,,,,,,,,,,,,,,,,,,,,,
6,EUW1_5971309921,TFT6_Augment_BlueBattery2,TFT6_Augment_JeweledLotus,TFT7_Augment_SwiftshotPressTheAttack,,0.0,1.0,1.0,,,,,,,2.0,,0.0,1.0,,1.0,,,,,,,,1.0,0.0,0.0,,0.0,,,,,,,,,,,,,,,,,,,,,1.0,SeraphsEmbrace,,,,,,,,,,,,,,,,,,,,,,,,,,,,,,,,,,,,,,,,,,,,,,,2.0,,,,,,,,,,,,,,,,,,,,,,,,,,,,,,,,,,,,3.0,SpearOfShojin,,,,,,,,,,,,,,,,,,,1.0,,,,,,,,,,,,,,,,,,,,,,,,,,,,,,,,,,,,,,,,,,,,,,,,,,,,1.0,,,,,,,,,,,,,,,,,,,,,,None,None,,,,,2.0,,,,2.0,GuinsoosRageblade,RunaansHurricane,,,,,,,,,,,,,,,,,,,,,,,,,
5,EUW1_5971309921,TFT7_Augment_CannoneerHotShot,TFT6_Augment_TradeSectorPlus,TFT7_Augment_RevelPartyTime,,,,1.0,2.0,,1.0,,0.0,,,,0.0,,1.0,,,3.0,,,,,,,0.0,0.0,,,,,,,,,,,,,,,,,,,,,,,,,,,,,,,2.0,ZekesHerald,RunaansHurricane,,,,,,2.0,GuinsoosRageblade,,,,,,,,,,,,,,,,,,,,,,,,,,,,,,,,,,,,,,,2.0,,,,,,,,,,,,,,,,,,,,,,,,,,,,,,,,,,,,,,,,,,,,,,,,2.0,RedBuff,WarmogsArmor,HextechGunblade,,,,,,,,,,,,,,,,,,,,,,,,,,,,,,,,,,,,,2.0,SpearOfShojin,,,,,,,,,,,,,,,2.0,GargoyleStoneplate,BrambleVest,WarmogsArmor,,,,,,,,,,,,,,,None,None,2.0,RecurveBow,,,,,,,,,,,,,,,,,,,,,,,,,,,,,,,,,,
3,EUW1_5971309921,TFT7_Augment_MageConference,TFT6_Augment_BlueBattery2,TFT7_Augment_MageEmblem,,0.0,,0.0,,0.0,,,1.0,,1.0,,,3.0,,1.0,,0.0,0.0,,0.0,1.0,,,,1.0,,0.0,,,,,,,,,,,,,,,,,,,,,,,,,,,,,,,,,,,,,,,,,,,,,,,,,,,,,,,,,,,,,,,,,,,,,3.0,SparringGloves,,,,,,,,,,,,,,,,,,,,,,,,,,,3.0,RedBuff,,,2.0,MageEmblemItem,,,3.0,Morellonomicon,,,,,,,,,,,,,,,,,,,,,,,,,,,,,,,2.0,MadredsBloodrazor,JeweledGauntlet,SpearOfShojin,,,,,,,,,,,,,,,,,,,,,,,,,1.0,MageEmblemItem,Redemption,,,,,,,,,,3.0,ThiefsGloves,StatikkShiv,Deathblade,,,,,,,,,,,,,,,,,3.0,TrainerSnax,None,None,,,,,,,,,,,,,,,,,,,,,,,,,,,,,,,,,1.0,GuardianAngel,HextechGunblade,
4,EUW1_5971309921,TFT7_Augment_GuildGearUpgrades,TFT7_Augment_UrfsGrabBag1,TFT7_Augment_GuildEmblem,1.0,0.0,1.0,0.0,,1.0,,,,,6.0,,0.0,0.0,,0.0,0.0,,,,,,,1.0,0.0,,,0.0,,,,,,,,,,,,,,,,,,,,,1.0,,,,,,,,,,,,,,,,,,,,,,,,,,,,,,,,,,,,,,,,,,,,2.0,ThiefsGloves,WarmogsArmor,InfinityEdge,,,,,,,,,,,,,,,,,,,,,,,,,,,,,,,,,,,,,,,,,,,,,,,,,,,,,,,,,1.0,,,,1.0,ThiefsGloves,Morellonomicon,IonicSpark,,,,,3.0,SpearOfShojin,RunaansHurricane,StatikkShiv,2.0,RedBuff,Zephyr,,,,,,,,,,,,,,,,,,,,,,,,,,,,,,,,,,,,,,,,,,2.0,StatikkShiv,HextechGunblade,,,,,,,,,,,,None,None,,,,,2.0,ForceOfNature,,,2.0,SpearOfShojin,GuinsoosRageblade,GuildEmblemItem,,,,,,,,,,,,,,,,,,,,,,,,
2,EUW1_5971309921,TFT6_Augment_PortableForge,TFT6_Augment_RichGetRicherPlus,TFT6_Augment_ComponentGrabBag,0.0,,,0.0,,0.0,1.0,1.0,,,,0.0,,,,,3.0,,,1.0,0.0,,,0.0,,,0.0,,,,,,,,,,,,,,,,,,,,,,,,,,,,,,,,,,,,,,,,,,,,,,,,,,,,,,,,,,,,,,,,,,2.0,Quicksilver,Morellonomicon,GargoyleStoneplate,,,,,,,,,,,,,2.0,Chalice,ArchangelsStaff,,2.0,Morellonomicon,,,,,,,,,,,,,,,,,,,,,,,,,,,,,,,,,,,,,,,,,,,,,,,,,,,,,,,,,,,,,,,2.0,,,,2.0,BrambleVest,,,1.0,BrambleVest,Zephyr,,,,,,,,,,,,,,3.0,GuinsoosRageblade,OrnnInfinityForce,MadredsBloodrazor,,,,,,,,,,,,,,,,,,,,,,,None,None,,,,,,,,,,,,,,,,,,,,,2.0,InfinityEdge,NeedlesslyLargeRod,,,,,,,,,,,,,
1,EUW1_5971309921,TFT7_Augment_CavalierEmblem,TFT7_Augment_ScalescornEmblem,TFT6_Augment_Diversify2,2.0,,,1.0,,2.0,,,,0.0,2.0,,0.0,,,,,,2.0,,,,,,1.0,,0.0,0.0,,,,,,,,,,,,,,,,,,,,,,,,,2.0,,,,,,,,3.0,Zephyr,IonicSpark,SeraphsEmbrace,,,,,,,,,,,,,,,,,,,,,,,,,,,,,,,,,,,,,,,,,,,,,,,,,,,,,,,,,,,,,,,,,,,,,,,,,,,,,,,,,,,,,2.0,ThiefsGloves,,,2.0,Redemption,,,2.0,RabadonsDeathcap,CavalierEmblemItem,IonicSpark,2.0,CavalierEmblemItem,FrozenHeart,Chalice,,,,,2.0,BrambleVest,,,,,,,,,,,,,,,,,,,,,,,,,,,,,,,,,,,,,,,,,,,2.0,ScalescornEmblemItem,,,,,,,,,,,,,None,None,,,,,,,,,,,,,,,,,,,,,,,,,,,,,,,,,,,,
8,EUW1_5971309921,TFT6_Augment_HyperRoll,TFT6_Augment_BlueBattery2,TFT6_Augment_SalvageBin,,2.0,,1.0,,,,,,,1.0,,,1.0,,0.0,,,,0.0,,,,0.0,,,,,,,,,,,,,,,,,,,,,,,,,,,,,,,,,,,,,,,,,,,,,,,,,,,,,,,,,,,,,,,,,,,,,,,,,,,,,2.0,RedBuff,GargoyleStoneplate,UnstableConcoction,,,,,,,,,,,,,,,,,,,,,,,,,,,,,2.0,SpearOfShojin,,,,,,,2.0,,,,,,,,,,,,,,,,,,,,,,,,2.0,GargoyleStoneplate,,,,,,,,,,,,,,,,,,,,,,,2.0,,,,,,,,,,,,,,,,,,,,,,,,,,,,,,,,,,,,,,None,None,,,,,,,,,2.0,,,,2.0,ThiefsGloves,Bloodthirster,DragonsClaw,,,,,,,,,,,,,,,,,,,,
7,EUW1_5971309921,TFT7_Augment_MirageHallucinate,TFT7_Augment_MirageEmblem,TFT6_Augment_JeweledLotus,,,,0.0,,1.0,1.0,0.0,,0.0,,,,,3.0,,1.0,,,0.0,,,,,,,0.0,,,,,,,,,,,,,,,,,,,,,,,,,,,,,,,,,,,,,,1.0,HextechGunblade,ArchangelsStaff,GuinsoosRageblade,,,,,,,,,,,,,,,,,,,,,,,,,1.0,,,,,,,,,,,,,,,,,,,,,,,,,,,,3.0,,,,,,,,,,,,,,,,,,,,,,,,3.0,BrambleVest,GargoyleStoneplate,,,,,,,,,,,,,,,,,,,,,,,,,,,,,,,,,,2.0,,,,,,,,,,,,,,,,,,,,2.0,GuinsoosRageblade,MirageEmblemItem,,,,,,,,,,,,,,,,,,,,,,,,None,None,,,,,,,,,,,,,,,,,,,,,,,,,,,,,,,,,,,,
3,EUW1_5971455262,TFT7_Augment_BruiserPersonalTraining,TFT6_Augment_SecondWind1,TFT6_Augment_TomeOfTraits1,2.0,,1.0,1.0,,0.0,,,,1.0,2.0,,,0.0,,0.0,0.0,,2.0,,,,,,,,1.0,1.0,,,,,,,,,,,,,,,,,,,,,2.0,,,,2.0,Redemption,,,,,,,2.0,FrozenHeart,RedBuff,TitansResolve,,,,,,,,,,,,,,,,,,,,,,,,,,,,,,,,,,,,,,,,,,,,,,,,,,,,,,,,,,,,,2.0,,,,,,,,,,,,,,,,,,,,,,,,3.0,AssassinEmblemItem,RunaansHurricane,InfinityEdge,,,,,1.0,GuardianAngel,Quicksilver,Deathblade,,,,,,,,,,,,,,,,,,,,,2.0,ZekesHerald,,,,,,,,,,,,,,,,,,,,,,,,,,,,,,,2.0,,,,,,,,2.0,MadredsBloodrazor,,,,,None,None,,,,,,,,,,,,,,,,,,,,,,,,,,,,,,,,,,,,
4,EUW1_5971455262,TFT6_Augment_CelestialBlessing2,TFT6_Augment_CelestialBlessing1,TFT6_Augment_TomeOfTraits1,,2.0,,1.0,,,,,,,,,,0.0,,0.0,0.0,,,0.0,,,,1.0,,,,,,,,,,,,,,,,,,,,,,,,,,,,,,,,,,,,,,,,,,,,,,,,,,,,,,,,,,,,,,,,,,,,,,,,,,,,,3.0,BrambleVest,GargoyleStoneplate,WarmogsArmor,,,,,,,,,,,,,,,,,,,,,,,,,,,,,3.0,,,,,,,,3.0,Bloodthirster,UnstableConcoction,GuinsoosRageblade,,,,,,,,,,,,,,,,,,,,,,,,,,,,,,,,,,,,,,,,,,,,,3.0,GargoyleStoneplate,,,,,,,,,,,,,,,,,,,,,,,,,,,,,,,,,,,,,None,None,,,,,,,,,3.0,GuinsoosRageblade,RecurveBow,MadredsBloodrazor,3.0,BruiserEmblemItem,,,,,,,1.0,Quicksilver,SparringGloves,GuardianAngel,,,,,,,,,,,,
7,EUW1_5971455262,TFT7_Augment_SwiftshotEmblem,TFT6_Augment_Recombobulator,TFT7_Augment_DragonHorde,0.0,,,,,0.0,2.0,,,1.0,,,,0.0,3.0,,0.0,,,,2.0,1.0,,1.0,,,,,,,,,,,,,,,,,,,,,,,,,,,,,,,,,,,,,,,,,2.0,ShimmerscaleGamblersBlade,SwiftshotEmblemItem,GuinsoosRageblade,2.0,ArchangelsStaff,IonicSpark,FrozenHeart,,,,,,,,,,,,,,,,,,,,,,,,,,,,,,,,,,,,,,,,,2.0,ShimmerscaleDravensAxe,,,,,,,2.0,,,,,,,,,,,,,,,,,,,,,,,,1.0,,,,,,,,,,,,,,,,,,,,,,,,,,,,,,,,,,,,,,,,,,,,,,,,,,,,,,,,,,,,,,,,,,,,,,,,,,,,,,,,,,None,None,,,,,,,,,,,,,,,,,,,,,2.0,InfinityEdge,LastWhisper,MirageEmblemItem,,,,,,,,,1.0,,,
8,EUW1_5971455262,TFT6_Augment_ClearMind,TFT6_Augment_FirstAidKit,TFT7_Augment_UrfsGrabBag1,1.0,1.0,,1.0,,,,,,,2.0,,0.0,0.0,,0.0,,,,,,,,1.0,1.0,,,,,,,,,,,,,,,,,,,,,,,,,,,,,,,,,,,,,,,,,,,,,,,,,,,,,,,,,,,,,,,,,,,,,,,,,,,,2.0,GargoyleStoneplate,GiantsBelt,BrambleVest,,,,,,,,,,,,,,,,,,,,,,,,,,,,,2.0,ZekesHerald,,,,,,,,,,,,,,,,,,,2.0,ThiefsGloves,NegatronCloak,Deathblade,,,,,1.0,,,,,,,,,,,,,,,,,,,,,,,,,,,,,,,,,,,,,,,,,,,,,,,,,,,,1.0,LastWhisper,,,,,,,,,,,,,None,None,,,,,2.0,,,,3.0,GuinsoosRageblade,Deathblade,RunaansHurricane,,,,,,,,,,,,,,,,,,,,,,,,
2,EUW1_5971455262,TFT7_Augment_BruiserEmblem,TFT7_Augment_Preparation,TFT7_Augment_BruiserTitanicStrength,0.0,0.0,,3.0,,,1.0,,,0.0,,,0.0,0.0,,,0.0,,,0.0,0.0,,,,1.0,,0.0,3.0,,,,,,,,,,,,,,,,,,,,,,,,,,,,,,,,,,,,,,,,,,,,,,,,,3.0,Bloodthirster,Quicksilver,TitansResolve,2.0,Redemption,,,,,,,,,,,,,,,,,,,1.0,,,,,,,,,,,,,,,,,,,,,,,,,,,,,,,,,,,,,,,,,,,,,,,,,,,,2.0,ShimmerscaleEmblemItem,LocketOfTheIronSolari,WarmogsArmor,,,,,2.0,BruiserEmblemItem,ArchangelsStaff,NegatronCloak,,,,,,,,,,,,,,,,,2.0,WarmogsArmor,ZekesHerald,GargoyleStoneplate,,,,,,,,,,,,,,,,,,,,,2.0,,,,,,,,,,,,,,,,1.0,,,,,,None,None,,,,,,,,,,,,,,,,,,,,,,,,,,,,,,,,,,,,
1,EUW1_5971455262,TFT7_Augment_BestFriends2,TFT7_Augment_BestFriends1,TFT7_Augment_PandorasBench,,,,,2.0,,1.0,,1.0,1.0,,,,,,1.0,,2.0,,,1.0,,,,,1.0,,0.0,,,,,,,,,,,,,,,,,,,,,,,,,,,,,3.0,Bloodthirster,GuardianAngel,UnstableConcoction,,,,,,,,,3.0,WarmogsArmor,BrambleVest,GargoyleStoneplate,,,,,,,,,,,,,,,,,,,,,,,,,,,,,,,,,2.0,,,,,,,,,,,,,,,,,,,,,,,,2.0,,,,,,,,,,,,,,,,,,,,,,,,,,,,,,,,,,,,,,,,,,,,,,,,,,,,,,,,,,,,,,,,2.0,JeweledGauntlet,ShimmerscaleGamblersBlade,MysticEmblemItem,,,,,,,,,,,,,,,,,,,,,,,,,1.0,RedBuff,,,4.0,TrainerSnax,None,None,1.0,LastWhisper,ZekesHerald,,,,,,,,,,,,,,,,,,,,,,,,,,,,,,,,,
6,EUW1_5971455262,TFT7_Augment_JadePenitence,TFT6_Augment_Weakspot,TFT6_Augment_SunfireBoard,,,,0.0,,0.0,1.0,0.0,,0.0,,,0.0,,3.0,,,,,,,,,,1.0,,1.0,,,,,,,,,,,,,,,,,,,,,,,,,,,,,,,,,,,,,,2.0,GuinsoosRageblade,SpearOfShojin,JeweledGauntlet,,,,,,,,,,,,,,,,,,,,,,,,,,,,,,,,,,,,,,,,,,,,,,,,,1.0,,,,2.0,WarmogsArmor,RedBuff,FrozenHeart,,,,,,,,,,,,,,,,,,,,,2.0,,,,,,,,2.0,,,,,,,,,,,,,,,,,,,,,,,,,,,,,,,,,,,,,,,,,,,,,,,,,,,,,,,,,,,,,,,,,,,,,,,,,,None,None,,,,,,,,,,,,,,,,,,,,,,,,,2.0,GuinsoosRageblade,InfinityEdge,MadredsBloodrazor,2.0,,,,,,,
5,EUW1_5971455262,TFT6_Augment_TargetDummies,TFT7_Augment_MageTrait,TFT6_Augment_PortableForge,,1.0,,1.0,,0.0,,,,,1.0,,,3.0,,0.0,,,0.0,,,,,,,0.0,,0.0,,,,,,,,,,,,,,,,,,,,,,,,,,,,,,,,,,,,,,,,,,,,,,,,,,,,,,,,,,,,,,,,,,,,,2.0,,,,2.0,OrnnRanduinsSanctum,BrambleVest,WarmogsArmor,,,,,,,,,,,,,,,,,,,,,3.0,SpearOfShojin,,,,,,,3.0,ArchangelsStaff,Morellonomicon,SpearOfShojin,,,,,,,,,,,,,,,,,,,,,,,,,,,,,2.0,Chalice,,,,,,,,,,,,,,,,,,,,,,,,,,,,,,,,,,,,,,,2.0,,,,,,,,,,,,,,,,,,,,,,None,None,,,,,,,,,,,,,3.0,,,,,,,,,,,,,,,,,,,,,,,
2,EUW1_5971586246,TFT6_Augment_ForceOfNature,TFT7_Augment_ThinkFast,TFT6_Augment_BlueBattery2,,1.0,,1.0,,0.0,,,,,1.0,,,2.0,,0.0,,,0.0,,,,,,,0.0,,0.0,,,,,,,,,,,,,,,,,,,,,,,,,,,,,,,,,,,,,,,,,,,,,,,,,,,,,,,,,,,,,,,,,,,,,2.0,RapidFireCannon,,,3.0,RedBuff,GuardianAngel,TitanicHydra,,,,,,,,,,,,,,,,,,,,,2.0,,,,,,,,3.0,ThiefsGloves,,,,,,,,,,,,,,,,,,,,,,,,,,,,,,,2.0,HextechGunblade,SpearOfShojin,RabadonsDeathcap,,,,,,,,,,,,,,,,,,,,,,,,,,,,,,,,,,,,,2.0,DragonsClaw,UnstableConcoction,,,,,,,,,,,,,,,,,,,,None,None,,,,,,,,,,,,,2.0,,,,,,,,,,,,,,,,,,,,,,,
1,EUW1_5971586246,TFT7_Augment_CavalierEmblem2,TFT6_Augment_ForceOfNature,TFT6_Augment_PortableForge,,,,,,4.0,1.0,0.0,,0.0,1.0,,,0.0,3.0,,0.0,,0.0,,,,,,,,1.0,0.0,,,,,,,,,,,,,,,,,,,,,,,,,,,,,,,,,,,,,2.0,GuinsoosRageblade,HextechGunblade,CavalierEmblemItem,,,,,,,,,,,,,,,,,,,,,,,,,2.0,BrambleVest,Morellonomicon,OrnnObsidianCleaver,,,,,,,,,,,,,,,,,,,,,,,,,,,,,2.0,,,,,,,,,,,,,,,,,,,,2.0,RedBuff,IonicSpark,MadredsBloodrazor,,,,,,,,,,,,,,,,,,,,,2.0,,,,,,,,,,,,,,,,,,,,,,,,,,,,,,,,,,,,,,,,,,,,,,,,,,,,2.0,Chalice,Chalice,Chalice,,,None,None,,,,,,,,,,,,,,,,,,,,,,,,,1.0,Chalice,,,1.0,,,,,,,
4,EUW1_5971586246,TFT6_Augment_Windfall,TFT6_Augment_ForceOfNature,TFT6_Augment_Diversify2,1.0,,,1.0,,,1.0,1.0,,,,,,0.0,0.0,,1.0,,,1.0,0.0,,,,,,0.0,3.0,,,,,,,,,,,,,,,,,,,,,,,,,,,,,,,,,,,,,,,,,,,,,,,,,2.0,TitansResolve,UnstableConcoction,MadredsBloodrazor,3.0,,,,,,,,,,,,,,,,,,,,,,,,,,,,,,,,2.0,,,,,,,,,,,,,,,,,,,,,,,,,,,,,,,,,,,,,,,,,,,,1.0,FrozenHeart,HextechGunblade,,,,,,,,,,,,,,,,,,2.0,PowerGauntlet,LocketOfTheIronSolari,,,,,,,,,,,,,,,,,,,,,,2.0,,,,2.0,DragonsClaw,BrambleVest,,,,,,,,,,,,,,,,,,,,None,None,,,,,,,,,,,,,,,,,,,,,,,,,1.0,,,,,,,,,,,
3,EUW1_5971586246,TFT6_Augment_Meditation3,TFT6_Augment_ThriftShop,TFT6_Augment_SunfireBoard,0.0,,1.0,,,1.0,,,,0.0,5.0,,,0.0,1.0,0.0,,,,,,,,0.0,,,0.0,,,,,,,,,,,,,,,,,,,,,,1.0,,,,,,,,,,,,,,,,,,,,,,,,,,,,,,,,,,,,,,,,,,,,,,,,,,,,,,,,,,,,,,,,,,,,,,,,3.0,,,,,,,,,,,,,,,,,,,,,,,,3.0,GuardianAngel,,,,,,,,,,,,,,,,,,,2.0,ZekesHerald,,,3.0,GargoyleStoneplate,RedBuff,,,,,,,,,,,,,,,,,,,,,,,,,,,,,,,,,,,,,,,,,,2.0,MageEmblemItem,,,,,,,,,,,,,None,None,,,,,2.0,ThiefsGloves,GiantsBelt,PowerGauntlet,,,,,,,,,,,,,,,,,,,,,3.0,Bloodthirster,TitansResolve,MadredsBloodrazor,,,,
8,EUW1_5971586246,TFT7_Augment_LivingForge,TFT6_Augment_MaxLevel10,TFT6_Augment_ThrillOfTheHunt2,,,,0.0,,,,2.0,0.0,,,1.0,1.0,,,,0.0,,,0.0,0.0,,,0.0,1.0,,,,,,,,2.0,,,,,,,,3.0,ZekesHerald,UnstableConcoction,RecurveBow,,,,,,,,,,,,,,,,,,,,,,,,,,,,,,,,,,,,,,,,,,,,,,,,,,,,,,,,,,,,,,,,,2.0,,,,,,,,2.0,,,,,,,,,,,,,,,,,,,,,,,,,,,,,,,,,,,,1.0,OrnnObsidianCleaver,GargoyleStoneplate,ChainVest,,,,,,,,,,,,,,,,,,,,,1.0,,,,,,,,,,,,,,,,,,,,,,,,1.0,GuinsoosRageblade,,,,,,,,,,,,,,,,,,,,,,,,,None,None,,,,,,,,,,,,,,,,,2.0,ZekesHerald,Deathblade,OrnnRocketPropelledFist,,,,,,,,,,,,,,,,
7,EUW1_5971586246,TFT7_Augment_RagewingEmblem2,TFT6_Augment_ForceOfNature,TFT6_Augment_PortableForge,0.0,,,1.0,0.0,0.0,,0.0,,,,,,,,,2.0,,0.0,0.0,0.0,,,0.0,,,1.0,,,,,,,,,,,,,,,,,,,,,,,,,,,,,,,,,,,,,,,,,,,,,,,,,,,,,,,,,,,,,,,,,,2.0,ThiefsGloves,FrozenHeart,GuardianAngel,,,,,,,,,,,,,,,,,1.0,,,,,,,,,,,,,,,,,,,,,,,,,,,,,,,,,,,,2.0,RagewingEmblemItem,GargoyleStoneplate,GiantsBelt,,,,,,,,,,,,,,,,,,,,,2.0,Shroud,,,3.0,ThiefsGloves,SpearOfShojin,GuardianAngel,2.0,OrnnRanduinsSanctum,,,,,,,,,,,,,,,,,,,2.0,GuinsoosRageblade,InfinityEdge,,,,,,,,,,,,,,,,,,,,,,,,None,None,,,,,,,,,,,,,,,,,,,,,1.0,UnstableConcoction,Morellonomicon,,,,,,,,,,,,,
6,EUW1_5971586246,TFT7_Augment_ThinkFast,TFT6_Augment_MaxLevel10,TFT7_Augment_CannoneerHotShot,,,,1.0,1.0,,1.0,0.0,0.0,,,,0.0,,1.0,,,3.0,,,,,,,1.0,,,,,,,,,,,,,,,,,,,,,,,,,,,,,,,,2.0,,,,,,,,2.0,MadredsBloodrazor,TitansResolve,GuinsoosRageblade,,,,,,,,,,,,,,,,,,,,,,,,,,,,,,,,,,,,,1.0,,,,,,,,,,,,2.0,,,,,,,,,,,,,,,,,,,,,,,,,,,,,,,,,,,,1.0,WarmogsArmor,TitanicHydra,RedBuff,,,,,,,,,,,,,,,,,,,,,,,,,,,,,,,,,,,,,1.0,SpearOfShojin,,,,,,,,,,,,,,,2.0,BrambleVest,,,,,,,,,,,,,,,,,None,None,,,,,,,,,,,,,,,,,,,,,,,,,,,,,,,,,,,,
5,EUW1_5971586246,TFT7_Augment_LivingForge,TFT6_Augment_CelestialBlessing3,TFT6_Augment_SecondWind2,,0.0,1.0,1.0,,,,,0.0,,2.0,,0.0,2.0,,2.0,,,,,0.0,1.0,,,0.0,1.0,,0.0,,,,,,,,,,,,,,,,,,,,,2.0,,,,,,,,,,,,,,,,,,,,,,,,,,,,,,,,,,,,,,,,,,,,,,,,1.0,,,,,,,,,,,,,,,,,,,,,,,,,,,,,,,,1.0,ZekesHerald,,,3.0,,,,,,,,,,,,,,,,,,,,1.0,WarmogsArmor,,,,,,,,,,,2.0,SpearOfShojin,StatikkShiv,ArchangelsStaff,,,,,,,,,,,,,,,,,,,,,,,,,,,,,,,,,,,,,2.0,RedBuff,Morellonomicon,OrnnObsidianCleaver,,,,,,,,,,,,,,,,,2.0,TrainerSnax,None,None,,,,,,,,,,,,,,,,,,,,,,,,,,,,,,,,,1.0,OrnnInfinityForce,RabadonsDeathcap,
3,EUW1_5973078751,TFT6_Augment_Meditation1,TFT6_Augment_Diversify1,TFT7_Augment_GadgetExpert,,,1.0,,0.0,,1.0,,1.0,1.0,1.0,,,0.0,,1.0,,1.0,,,1.0,,,,,1.0,,0.0,,,,,,,,,,,,,,,,,,,,,1.0,,,,,,,,1.0,GuinsoosRageblade,Deathblade,Deathblade,,,,,,,,,1.0,RedBuff,DragonsClaw,,,,,,,,,,,,,,,,,,,,,,,,,,2.0,,,,,,,,,,,,,,,,,,,,,,,,,,,,,,,,2.0,ShimmerscaleHeartOfGold,,,,,,,,,,,,,,,,,,,,,,,,,,,,,,,,,,,,,,,,,,,,,,,,,,,,,,,,,,,,,,,2.0,StatikkShiv,SpearOfShojin,JeweledGauntlet,,,,,,,,,,,,,,,,,,,,,,,,,2.0,Shroud,JeweledGauntlet,,4.0,TrainerSnax,None,None,,,,,,,,,,,,,,,,,,,,,,,,,,,,,,,,,,,,
5,EUW1_5973078751,TFT6_Augment_PandorasItems,TFT6_Augment_SecondWind1,TFT6_Augment_Ascension,,1.0,,1.0,,,,,1.0,,1.0,,,2.0,,1.0,,0.0,,,,,,,,1.0,,0.0,,,,,,,,,,,,,,,,,,,,,,,,,,,,,,,,,,,,,,,,,,,,,,,,,,,,,,,,,,,,,,,,,,,,,2.0,,,,2.0,Shroud,,,,,,,,,,,,,,,,,,,,,,,,,,,1.0,,,,3.0,SpearOfShojin,ArchangelsStaff,StatikkShiv,,,,,,,,,,,,,,,,,,,,,,,,,,,,,2.0,,,,,,,,,,,,,,,,,,,,,,,,,,,,1.0,Shroud,,,,,,,,,,,2.0,RedBuff,DragonsClaw,TitansResolve,,,,,,,,,,,,,,,,,2.0,TrainerSnax,None,None,,,,,,,,,,,,,2.0,Redemption,ChainVest,,,,,,,,,,,,,,,,,,,,,
6,EUW1_5973078751,TFT7_Augment_MageTrait,TFT6_Augment_FirstAidKit,TFT7_Augment_AxiomArc2,,0.0,1.0,0.0,,,,,1.0,,2.0,,,3.0,,1.0,,0.0,,,0.0,1.0,,,,1.0,,0.0,,,,,,,,,,,,,,,,,,,,,1.0,,,,,,,,,,,,,,,,,,,,,,,,,,,,,,,,,,,,,,,,,,,,,,,,1.0,,,,,,,,,,,,,,,,,,,,,,,,,,,,,,,,2.0,,,,,,,,,,,,,,,,,,,,,,,,,,,,,,,,,,,,2.0,UnstableConcoction,SpearOfShojin,,,,,,,,,,,,,,,,,,,,,,,,,,2.0,MageEmblemItem,HextechGunblade,JeweledGauntlet,,,,,,,,,1.0,WarmogsArmor,DragonsClaw,RedBuff,,,,,,,,,,,,,,,,,2.0,TrainerSnax,None,None,,,,,,,,,,,,,2.0,,,,,,,,,,,,,,,,,,,,1.0,,,
1,EUW1_5973078751,TFT6_Augment_LudensEcho1,TFT7_Augment_Preparation,TFT7_Augment_BestFriends2,,1.0,1.0,1.0,,,,,0.0,,1.0,,,2.0,,2.0,,,,,0.0,1.0,,,,1.0,,0.0,,,,,,,,,,,,,,,,,,,,,1.0,LastWhisper,,,,,,,,,,,,,,,,,,,,,,,,,,,,,,,,,,,,,,,,,,,,,,,2.0,,,,2.0,ThiefsGloves,LocketOfTheIronSolari,TitanicHydra,,,,,,,,,,,,,,,,,,,,,,,,,2.0,,,,3.0,StatikkShiv,SpearOfShojin,RabadonsDeathcap,,,,,,,,,,,,,,,,,,,,,,,,,,,,,,,,,,,,,,,,,,,,,,,,,,,,,,,,,,,,,,,,,,,,,2.0,BrambleVest,GargoyleStoneplate,GuardianAngel,,,,,,,,,,,,,,,,,4.0,TrainerSnax,None,None,,,,,,,,,,,,,2.0,,,,,,,,,,,,,,,,,,,,1.0,SpearOfShojin,RabadonsDeathcap,
2,EUW1_5973078751,TFT7_Augment_WarriorTrait,TFT6_Augment_Featherweights1,TFT7_Augment_MirageHallucinate,,,,1.0,,3.0,,0.0,,,1.0,,,,1.0,,0.0,,0.0,,0.0,,,,,,3.0,,2.0,RedBuff,ZekesHerald,Chalice,,,,,,,,,,,,,,,,,,,,,,,,,,,,,,,,,,,,,,,,,,,,,,,,,,,,,,,,,,,,,2.0,StatikkShiv,StatikkShiv,,,,,,,,,,,,,,,,,,,,,,,,,,,,,,,,,,,,,,,,,,,,,,,,,,2.0,,,,2.0,,,,,,,,,,,,,,,,,,,,2.0,,,,,,,,,,,,2.0,CavalierEmblemItem,LocketOfTheIronSolari,,,,,,,,,,,,,,,,,,,,,,,,,,,,,,,,,,,,,,,,,,,,None,None,,,,,,,,,,,,,,,,,,,,,,,,,1.0,,,,3.0,UnstableConcoction,GuinsoosRageblade,Quicksilver,,,,
7,EUW1_5973078751,TFT6_Augment_Featherweights1,TFT7_Augment_CavalierTrait,TFT7_Augment_BigFriend2,0.0,,,1.0,,3.0,,,,0.0,1.0,,,0.0,0.0,,0.0,,2.0,,,,,,,,1.0,,,,,,,,,,,,,,,,,,,,,,,,,,3.0,ThiefsGloves,RapidFireCannon,Bloodthirster,,,,,2.0,IonicSpark,InfinityEdge,Bloodthirster,,,,,,,,,,,,,,,,,,,,,,,,,,,,,,,,,,,,,,,,,,,,,,,,,,,,,,,,,,,,,3.0,MadredsBloodrazor,Bloodthirster,TitansResolve,,,,,,,,,,,,,,,,,1.0,,,,2.0,,,,,,,,,,,,,,,,,,,,2.0,,,,,,,,,,,,2.0,,,,,,,,,,,,,,,,,,,,,,,,,,,,,,,,,,,,,,,,,,,,,,None,None,,,,,,,,,,,,,,,,,,,,,,,,,,,,,,,,,,,,
4,EUW1_5973078751,TFT7_Augment_MageTrait,TFT6_Augment_LudensEcho1,TFT6_Augment_TargetDummies,,0.0,,1.0,,,1.0,,0.0,,1.0,,,1.0,,0.0,,,,,0.0,1.0,,1.0,,0.0,,2.0,,,,,,,,,,,,,,,,,,,,,,,,,,,,,,,,,,,,,,,,,,,,,,,,,2.0,Deathblade,GuinsoosRageblade,,,,,,,,,,,,,,,,,,,,,,3.0,RedBuff,,,,,,,,,,,,,,,,,,,,,,,,,,,1.0,,,,,,,,,,,,,,,,,,,,,,,,,,,,,,,,,,,,,,,,,,,,,,,,,,,,,,,,,,,,,,,,,,,,,,,,,,,,2.0,,,,,,,,,,,,,,,,,,,,,,None,None,,,,,1.0,,,,3.0,GuinsoosRageblade,InfinityEdge,Quicksilver,,,,,,,,,,,,,,,,,,,,,1.0,Quicksilver,SpearOfShojin,SpearOfShojin
8,EUW1_5973078751,TFT6_Augment_ItemGrabBag1,TFT7_Augment_BestFriends1,TFT7_Augment_SwiftshotPressTheAttack,1.0,,,1.0,,1.0,,,,,3.0,,0.0,,,,1.0,,,,,,,1.0,1.0,,0.0,,,,,,,,,,,,,,,,,,,,,,,,,,,,,,,,,,,,,,,,,,,,,,,,,,,,,,,,,,,,,,,,,,1.0,Morellonomicon,,,,,,,,,,,,,,,,,,,,,,,,,,,,,,,,,,,,,,,,,,,,,,,,,,,,,,,,,,,1.0,GargoyleStoneplate,,,,,,,1.0,FrozenHeart,,,,,,,1.0,,,,,,,,,,,,2.0,,,,,,,,,,,,,,,,,,,,,,,,,,,,,,,,2.0,UnstableConcoction,GuinsoosRageblade,,,,,,,,,,,,None,None,,,,,2.0,,,,,,,,,,,,,,,,2.0,MadredsBloodrazor,GuinsoosRageblade,RunaansHurricane,,,,,,,,,,,,
5,EUW1_5971566172,TFT7_Augment_AFK,TFT7_Augment_ThinkFast,TFT6_Augment_PandorasItems,,,1.0,,,,,2.0,,,1.0,1.0,0.0,,,0.0,1.0,,,1.0,0.0,,,1.0,0.0,,,,,,,,,,,,,,,,2.0,,,,,,,,1.0,DragonmancerEmblemItem,,,,,,,,,,,,,,,,,,,,,,,,,,,,,,,,,,,,,,,,,,,,,,,,,,,,,,,,,,,2.0,,,,,,,,2.0,Morellonomicon,,,,,,,,,,,,,,,,,,,2.0,GargoyleStoneplate,RedBuff,GargoyleStoneplate,,,,,,,,,,,,,,,,,,,,,,,,,,,,,,,,,,,,,2.0,,,,,,,,,,,,,,,,,,,,,,,,3.0,ArchangelsStaff,GuinsoosRageblade,UnstableConcoction,,,,,,,,,,,,,,,,,,,,,,,None,None,,,,,,,,,,,,,,,,,2.0,,,,2.0,ZekesHerald,,,,,,,,,,,,,,
8,EUW1_5971566172,TFT6_Augment_LudensEcho1,TFT6_Augment_MaxLevel10,TFT6_Augment_Distancing,,0.0,,1.0,,,1.0,,0.0,,1.0,,,2.0,,0.0,,0.0,,,0.0,1.0,,,,0.0,,2.0,,,,,,,,,,,,,,,,,,,,,,,,,,,,,,,,,,,,,,,,,,,,,,,,,2.0,RedBuff,DragonsClaw,,,,,,,,,,,,,,,,,,1.0,,,,2.0,,,,,,,,,,,,,,,,,,,,,,,,,,,,,,,,3.0,,,,,,,,,,,,,,,,,,,,,,,,,,,,,,,,2.0,SpearOfShojin,MadredsBloodrazor,Chalice,,,,,,,,,,,,,,,,,,,,,,,,,1.0,,,,,,,,,,,,1.0,,,,,,,,,,,,,,,,,,,,,,None,None,,,,,,,,,,,,,,,,,,,,,,,,,,,,,,,,,1.0,NegatronCloak,RunaansHurricane,
3,EUW1_5971566172,TFT6_Augment_Traitless1,TFT6_Augment_HighEndShopping,TFT6_Augment_Weakspot,0.0,,1.0,0.0,,0.0,,0.0,0.0,,1.0,0.0,0.0,,0.0,1.0,0.0,,,0.0,,,,0.0,0.0,0.0,0.0,0.0,,,,,,,,,,,,,,,,,,,,,2.0,,,,,,,,,,,,,,,,,,,,,,,,,,,,,,,,,,,,,,,,,,,,2.0,,,,,,,,,,,,,,,,,,,,,,,,,,,,,,,,,,,,2.0,,,,,,,,2.0,TitanicHydra,WarmogsArmor,DragonsClaw,,,,,,,,,,,,,2.0,Redemption,,,2.0,Bloodthirster,,,,,,,,,,,,,,,,,,,,,,,,,,,,,,,,,,,,,,,,,,,,,,,,,,,,,,,,,,,,,,,,,,,,,None,None,,,,,,,,,,,,,,,,,,,,,2.0,Deathblade,Quicksilver,,2.0,InfinityEdge,Bloodthirster,TitansResolve,,,,,,,,
7,EUW1_5971566172,TFT6_Augment_PandorasItems,TFT6_Augment_Distancing3,TFT6_Augment_SecondWind1,1.0,,,1.0,,1.0,,,,,3.0,,0.0,,,,1.0,,,,,,,1.0,1.0,,0.0,,,,,,,,,,,,,,,,,,,,,,,,,,,,,,,,,,,,,,,,,,,,,,,,,,,,,,,,,,,,,,,,,,2.0,RedBuff,BrambleVest,DragonsClaw,,,,,,,,,,,,,,,,,,,,,,,,,,,,,,,,,,,,,,,,,,,,,,,,,,,,,,,,,2.0,TitansResolve,,,,,,,2.0,RecurveBow,,,,,,,1.0,,,,,,,,,,,,2.0,,,,,,,,,,,,,,,,,,,,,,,,,,,,,,,,1.0,FrozenHeart,Bloodthirster,,,,,,,,,,,,None,None,,,,,2.0,,,,,,,,,,,,,,,,2.0,MadredsBloodrazor,Quicksilver,GuinsoosRageblade,,,,,,,,,,,,
1,EUW1_5971566172,TFT7_Augment_BestFriends1,TFT7_Augment_UrfsGrabBag2,TFT6_Augment_CelestialBlessing1,2.0,,,2.0,,,,,,,1.0,,0.0,0.0,,,0.0,,1.0,,,,,,1.0,,1.0,1.0,,,,,,,,,,,,,,,,,,,,,,,,,,,,,,,,,3.0,RabadonsDeathcap,FrozenHeart,MadredsBloodrazor,,,,,,,,,,,,,,,,,,,,,,,,,,,,,,,,,,,,,,,,,,,,,,,,,,,,,,,,,,,,,,,,,,,,,,,,,,,,,,,,,,,,,3.0,RapidFireCannon,AssassinEmblemItem,InfinityEdge,2.0,,,,1.0,,,,2.0,Shroud,PowerGauntlet,RapidFireCannon,,,,,,,,,,,,,,,,,2.0,ChainVest,,,,,,,,,,,,,,,,,,,,,,,1.0,,,,,,,,2.0,TitansResolve,GuinsoosRageblade,IonicSpark,,,,,,,,,,,None,None,,,,,,,,,,,,,,,,,,,,,,,,,,,,,,,,,,,,
4,EUW1_5971566172,TFT6_Augment_Meditation1,TFT6_Augment_MaxLevel10,TFT7_Augment_CannoneerTrait,,,1.0,0.0,1.0,,1.0,,1.0,1.0,1.0,,,1.0,,1.0,,1.0,,,1.0,1.0,,,,1.0,,0.0,,,,,,,,,,,,,,,,,,,,,2.0,,,,,,,,2.0,GuinsoosRageblade,MadredsBloodrazor,UnstableConcoction,,,,,,,,,2.0,ShimmerscaleMogulsMail,RedBuff,WarmogsArmor,,,,,,,,,,,,,,,,,,,,,,,,,1.0,,,,,,,,,,,,,,,,,,,,,,,,,,,,,,,,2.0,,,,,,,,,,,,,,,,,,,,,,,,,,,,,,,,,,,,,,,,,,,,,,,,,,,,,,,,,,,,,,,,2.0,RabadonsDeathcap,GuardianEmblemItem,Morellonomicon,,,,,,,,,2.0,,,,,,,,,,,,,,,,,,,,4.0,TrainerSnax,None,None,,,,,,,,,,,,,,,,,,,,,,,,,,,,,,,,,2.0,,,
6,EUW1_5971566172,TFT6_Augment_CyberneticImplants1,TFT6_Augment_ForceOfNature,TFT7_Augment_RevelTrait,,,,0.0,2.0,,1.0,,1.0,1.0,,,,,,0.0,,4.0,,,1.0,,,,,1.0,,0.0,,,,,,,,,,,,,,,,,,,,,,,,,,,,,2.0,MadredsBloodrazor,UnstableConcoction,GuinsoosRageblade,,,,,,,,,2.0,DragonsClaw,GargoyleStoneplate,ShimmerscaleMogulsMail,,,,,,,,,,,,,,,,,,,,,,,,,,,,,,,,,2.0,,,,,,,,,,,,,,,,,,,,,,,,2.0,Shroud,,,,,,,,,,,,,,,,,,,,,,,,,,,,,,,,,,,,,,,,,,,,,,,,,,,,,,,,,,,,,,,2.0,SeraphsEmbrace,ArchangelsStaff,,,,,,,,,,,,,,2.0,TitanicHydra,,,,,,,,,,,2.0,,,,2.0,TrainerSnax,None,None,2.0,,,,,,,,,,,,,,,,,,,,,,,,,,,,,,,,,,,
2,EUW1_5971566172,TFT6_Augment_ItemGrabBag1,TFT7_Augment_ThinkFast,TFT6_Augment_SecondWind1,,,,0.0,,,1.0,1.0,,0.0,,2.0,,,0.0,,,,,1.0,,,,1.0,0.0,,0.0,1.0,,,,,,,,,,,,,3.0,,,,,,,,,,,,,,,,,,,,,,,,,,,,,,,,,,,,2.0,JadeEmblemItem,RapidFireCannon,SpearOfShojin,,,,,3.0,JeweledGauntlet,InfinityEdge,StatikkShiv,3.0,ThiefsGloves,StatikkShiv,SpearOfShojin,,,,,,,,,,,,,,,,,3.0,ZekesHerald,ZekesHerald,Chalice,,,,,,,,,,,,,,,,,,,,,,,,,1.0,,,,,,,,,,,,,,,,,,,,,,,,,,,,,,,,,,,,,,,,,,,,,,,,,,,,,,,,,,,,,,,,,,,,,,,,,,,,,,,,3.0,RedBuff,GargoyleStoneplate,,,,,,,,None,None,,,,,,,,,,,,,,,,,,,,,,,,,1.0,,,,,,,,,,,
1,EUW1_5971437858,TFT6_Augment_SunfireBoard,TFT6_Augment_Distancing3,TFT6_Augment_CyberneticShell2,1.0,,,1.0,,1.0,,,,,3.0,,0.0,0.0,,0.0,1.0,,,,0.0,1.0,,1.0,1.0,,0.0,,,,,,,,,,,,,,,,,,,,,,,,,,,,,,,,,,,,,,,,,,,,,,,,,,,,,,,,,,,,,,,,,,1.0,NegatronCloak,,,,,,,,,,,,,,,,,,,,,,,,,,,,,,,,,,,,,,,,,,,,,,,,,,,,,,,,,,,2.0,TitanicHydra,Morellonomicon,,,,,,2.0,,,,,,,,2.0,GargoyleStoneplate,,,,,,,,,,,2.0,,,,,,,,,,,,,,,,,,,,,,,,,,,,,,,,2.0,InfinityEdge,RapidFireCannon,,,,,,,,,,,,None,None,,,,,2.0,,,,,,,,,,,,,,,,2.0,Quicksilver,GuinsoosRageblade,Deathblade,,,,,,,,,2.0,,,
5,EUW1_5971437858,TFT7_Augment_CannoneerHotShot,TFT7_Augment_CannoneerEmblem2,TFT6_Augment_Diversify2,,,,,4.0,,1.0,,1.0,1.0,,,,,,0.0,,2.0,0.0,,1.0,,,,,1.0,,,,,,,,,,,,,,,,,,,,,,,,,,,2.0,,,,2.0,Quicksilver,RunaansHurricane,GuinsoosRageblade,,,,,,,,,2.0,GargoyleStoneplate,DragonsClaw,WarmogsArmor,,,,,,,,,,,,,,,,,,,,,,,,,,,,,,,,,2.0,,,,,,,,,,,,,,,,,,,,,,,,2.0,CannoneerEmblemItem,ShimmerscaleGoldmancersStaff,,,,,,,,,,,,,,,,,,,,,,,,,,,,,,,,,,,,,,,,,,,,,,,,,,,,,,,,,,,,,,2.0,ZekesHerald,SeraphsEmbrace,CannoneerEmblemItem,,,,,,,,,,,,,,,,,,,,,,,,,,,,,4.0,TrainerSnax,None,None,2.0,,,,,,,,,,,,,,,,,,,,,,,,,,,,,,,,,,,
3,EUW1_5971437858,TFT7_Augment_PandorasBench,TFT7_Augment_ScalescornEmblem2,TFT7_Augment_AxiomArc2,2.0,,,1.0,,1.0,,,,,1.0,,0.0,0.0,,,0.0,,2.0,,,,,,1.0,,0.0,0.0,,,,,,,,,,,,,,,,,,,,,,,,,,,,,,,,,3.0,InfinityEdge,RabadonsDeathcap,TitansResolve,,,,,,,,,,,,,,,,,,,,,,,,,,,,,2.0,BrambleVest,TitansResolve,,,,,,,,,,,,,,,,,,,,,,,,,,,,,,2.0,,,,,,,,,,,,,,,,,,,,,,,,3.0,TitansResolve,LocketOfTheIronSolari,ZekesHerald,1.0,,,,2.0,ScalescornEmblemItem,MadredsBloodrazor,InfinityEdge,2.0,,,,,,,,,,,,,,,,,,,,,,,,,,,,,,,,,,,,,,,,,,,,,,,,,,,,1.0,,,,,,,,,,,,,,None,None,,,,,,,,,,,,,,,,,,,,,,,,,,,,,,,,,,,,
7,EUW1_5971437858,TFT6_Augment_Traitless2,TFT6_Augment_Distancing3,TFT6_Augment_FuturePeepers,0.0,,1.0,0.0,0.0,0.0,,0.0,,,1.0,0.0,0.0,,0.0,0.0,0.0,0.0,,0.0,,,,0.0,0.0,,0.0,0.0,,,,,,,,,,,,,,,,,,,,,1.0,Zephyr,,,,,,,2.0,GuinsoosRageblade,,,,,,,,,,,,,,,,,,,,,,,,,,,,,,,,,,,2.0,Morellonomicon,,,,,,,,,,,,,,,,,,,,,,,,,,,,,,,,,,,,,,,,,,,2.0,IonicSpark,,,,,,,,,,,,,,,1.0,,,,1.0,,,,,,,,,,,,,,,,,,,,,,,,,,,,,,,,,,,,,,,,,,,,,,,,,,,,,,,,,,,,,,,,,,,,,,None,None,,,,,,,,,,,,,,,,,,,,,2.0,GuinsoosRageblade,UnstableConcoction,InfinityEdge,1.0,Bloodthirster,HextechGunblade,,,,,,,,,
4,EUW1_5971437858,TFT6_Augment_TrueTwos,TFT7_Augment_JadeTrait2,TFT6_Augment_PortableForge,,,,,,,1.0,1.0,,,,3.0,,,0.0,0.0,,,,1.0,,,1.0,0.0,,,0.0,,,,,,,,,,,,,,2.0,,,,,,,,,,,,,,,,,,,,,,,,,,,,,,,,1.0,Quicksilver,TitansResolve,TitansResolve,,,,,,,,,,,,,2.0,NeedlesslyLargeRod,WarmogsArmor,,,,,,,,,,,,,,,,,,3.0,ArchangelsStaff,HextechGunblade,SeraphsEmbrace,,,,,,,,,,,,,,,,,,,,,,,,,2.0,OrnnRocketPropelledFist,DragonsClaw,FrozenHeart,,,,,,,,,,,,,,,,,,,,,,,,,,,,,,,,,,,,,,,,,,,,,,,,,,,,,,,,,1.0,,,,,,,,,,,,,,,,,,,,,,,,,,,,,,None,None,,,,,,,,,,,,,,,,,,,,,,,,,1.0,RapidFireCannon,,,,,,,,,,
2,EUW1_5971437858,TFT6_Augment_ClearMind,TFT7_Augment_TomeOfTraits2,TFT7_Augment_BestFriends2,2.0,,,2.0,,,1.0,,,,1.0,,0.0,0.0,,,,,0.0,,,,,,1.0,,,3.0,,,,,,,,,,,,,,,,,,,,,,,,,,,,,,,,,2.0,BruiserEmblemItem,ZekesHerald,,,,,,,,,,,,,,2.0,AssassinEmblemItem,UnstableConcoction,InfinityEdge,,,,,,,,,,,,,,,,,,,,,,,,,,,,,,,,,,,,,,,,,,,,,,,,,,,,,,,,,,,,,,,,,,,,,,,,,2.0,BrambleVest,,,1.0,,,,2.0,StatikkShiv,Zephyr,,,,,,,,,,,,,,,,,,,,,,,,,,,,,,,,,,,,,,,,,,2.0,,,,,,,,2.0,IonicSpark,StatikkShiv,WhispersEmblemItem,,,,,,,,,,,None,None,,,,,,,,,,,,,,,,,,,,,,,,,,,,,,,,,,,,
8,EUW1_5971437858,TFT7_Augment_AstralIntercosmicGifts,TFT7_Augment_MageEmblem2,TFT7_Augment_FirstAidKit2,,0.0,1.0,1.0,,,,,1.0,,2.0,,,2.0,,2.0,,0.0,,,,,,,,1.0,,1.0,,,,,,,,,,,,,,,,,,,,,1.0,,,,,,,,,,,,,,,,,,,,,,,,,,,,,,,,,,,,,,,,,,,,,,,,2.0,SparringGloves,,,2.0,DragonsClaw,,,,,,,,,,,,,,,,,,,,,,,,,,,1.0,,,,3.0,,,,,,,,,,,,,,,,,,,,,,,,,,,,,,,,2.0,SpearOfShojin,ArchangelsStaff,HextechGunblade,,,,,,,,,,,,,,,,,,,,,,,,,2.0,MageEmblemItem,MadredsBloodrazor,WhispersEmblemItem,,,,,,,,,2.0,TitansResolve,RedBuff,GargoyleStoneplate,,,,,,,,,,,,,,,,,2.0,TrainerSnax,None,None,,,,,,,,,,,,,,,,,,,,,,,,,,,,,,,,,,,,
6,EUW1_5971437858,TFT6_Augment_ThreesCompany,TFT6_Augment_CyberneticImplants3,TFT6_Augment_PortableForge,,1.0,,1.0,,,,,0.0,0.0,1.0,,,1.0,,2.0,,,,,0.0,1.0,,1.0,,0.0,,1.0,,,,,,,,,,,,,,,,,,,,,,,,,,,,,,,,,,,,,,,,,,,,,,,,,,,,,,,,,,,,,,,,,,,,,,,,,3.0,OrnnAnimaVisage,IonicSpark,DragonsClaw,,,,,,,,,,,,,,,,,,,,,,,,,1.0,,,,3.0,StatikkShiv,JeweledGauntlet,,,,,,,,,,,,,,,,,,,,,,,,,,,,,,,,,,,,,,,,,,,,,,,,,,,,,,,,,,,,,,,,,,,,,,2.0,ChainVest,,,,,,,,,,,,,,,2.0,,,,,,None,None,,,,,2.0,BFSword,,,3.0,RunaansHurricane,GuinsoosRageblade,Deathblade,,,,,,,,,,,,,,,,,,,,,1.0,MysticEmblemItem,,
6,EUW1_5971510358,TFT6_Augment_ItemGrabBag1,TFT6_Augment_Electrocharge2,TFT6_Augment_ThrillOfTheHunt2,,,1.0,,,2.0,1.0,0.0,,0.0,2.0,,,,3.0,0.0,0.0,,,,,,,,,,0.0,,,,,,,,,,,,,,,,,,,,,,1.0,RunaansHurricane,,,,,,,,,,,,,,,2.0,GuinsoosRageblade,Quicksilver,HextechGunblade,,,,,,,,,,,,,,,,,,,,,,,,,1.0,,,,,,,,,,,,,,,,,,,,,,,,,,,,2.0,,,,,,,,,,,,,,,,,,,,,,,,2.0,RedBuff,WarmogsArmor,,,,,,,,,,,,,,,,,,,,,,2.0,,,,,,,,,,,,,,,,,,,,,,,,,,,,,,,,,,,,,,,,,,,,,,,,,,,,,,,,,,None,None,,,,,,,,,,,,,,,,,,,,,,,,,1.0,UnstableConcoction,GuardianAngel,FrozenHeart,,,,,,,,
5,EUW1_5971510358,TFT6_Augment_Weakspot,TFT7_Augment_GuildEmblem,TFT6_Augment_ComponentGrabBag,1.0,,,1.0,,1.0,,,,,4.0,,0.0,,,,1.0,,,,,,,1.0,1.0,,0.0,,,,,,,,,,,,,,,,,,,,,,,,,,,,,,,,,,,,,,,,,,,,,,,,,,,,,,,,,,,,,,,,,,1.0,Redemption,DragonsClaw,,,,,,,,,,,,,,,,,,,,,,,,,,,,,,,,,,,,,,,,,,,,,,,,,,,,,,,,,,1.0,,,,,,,,2.0,,,,,,,,2.0,Zephyr,,,,,,,,,,,2.0,,,,,,,,,,,,,,,,,,,,,,,,,,,,,,,,2.0,RabadonsDeathcap,UnstableConcoction,RedBuff,,,,,,,,,,,None,None,,,,,2.0,GuinsoosRageblade,ZekesHerald,,,,,,,,,,,,,,2.0,MadredsBloodrazor,GuildEmblemItem,GuinsoosRageblade,,,,,,,,,,,,
2,EUW1_5971510358,TFT7_Augment_WhispersTrait,TFT7_Augment_FirstAidKit2,TFT6_Augment_CyberneticImplants2,1.0,,,2.0,,,1.0,0.0,,0.0,1.0,,0.0,0.0,0.0,,0.0,,,,,,,,1.0,,1.0,3.0,,,,,,,,,,,,,,,,,,,,,,,,,,,,,,,,,,,,,,,,,,,,,,,,,2.0,TitansResolve,InfinityEdge,UnstableConcoction,,,,,,,,,,,,,,,,,,,,,,,,,,,,,,,,,,,,,,,,,,,,,,,,,,,,,,,,,,,,,,,,,,,,,,,,,1.0,Morellonomicon,DragonsClaw,GuardianAngel,,,,,2.0,InfinityEdge,,,,,,,,,,,,,,,,,,,1.0,,,,,,,,,,,,,,,,,,,,,,,,1.0,,,,,,,,1.0,BFSword,,,,,,,2.0,,,,,,None,None,,,,,,,,,,,,,,,,,,,,,,,,,2.0,RedBuff,SeraphsEmbrace,ArchangelsStaff,,,,,,,,
8,EUW1_5971510358,TFT7_Augment_AFK,TFT7_Augment_CavalierEmblem,TFT6_Augment_CyberneticImplants2,0.0,,,1.0,,2.0,,,,,3.0,,0.0,,,,1.0,,,,,,,1.0,0.0,,0.0,,,,,,,,,,,,,,,,,,,,,,,,,,,,,,,,,,,,,,,,,,,,,,,,,,,,,,,,,,,,,,,,,,2.0,,,,,,,,,,,,,,,,,,,,,,,,,,,,,,,,,,,,,,,,,,,,,,,,,,,,,,,,,,,,1.0,RedBuff,WarmogsArmor,,,,,,,,,,,,,,1.0,,,,,,,,,,,,2.0,,,,,,,,,,,,,,,,,,,,,,,,,,,,,,,,2.0,IonicSpark,CavalierEmblemItem,,,,,,,,,,,,None,None,,,,,2.0,,,,,,,,,,,,,,,,2.0,TearOfTheGoddess,MadredsBloodrazor,GuinsoosRageblade,,,,,,,,,,,,
1,EUW1_5971510358,TFT6_Augment_SecondWind1,TFT7_Augment_RagewingScorch,TFT7_Augment_GuildEmblem,1.0,,1.0,1.0,,2.0,,,,,5.0,,0.0,,,0.0,1.0,,,,,,,1.0,1.0,,0.0,0.0,,,,,,,,,,,,,,,,,,,,,2.0,,,,,,,,,,,,,,,,,,,,,,,,,,,,,,,,,,,,,,,,,,,,2.0,RabadonsDeathcap,,,,,,,,,,,,,,,,,,,,,,,,,,,,,,,,,,,,,,,,,,,,,,,,,,,,,,,,,,,2.0,BrambleVest,DragonsClaw,CavalierEmblemItem,1.0,,,,,,,,,,,,2.0,GargoyleStoneplate,,,,,,,,,,,2.0,TempestEmblemItem,,,,,,,,,,,,,,,,,,,,,,,,,,,,,,,2.0,FrozenHeart,,,,,,,,,,,,,None,None,,,,,2.0,ZekesHerald,,,,,,,,,,,,,,,2.0,UnstableConcoction,MadredsBloodrazor,GuildEmblemItem,,,,,,,,,,,,
3,EUW1_5971510358,TFT7_Augment_MageTrait,TFT7_Augment_GadgetExpert,TFT6_Augment_JeweledLotus,,1.0,1.0,1.0,,,,,,,2.0,,,3.0,,1.0,,,,,0.0,1.0,,,,0.0,,0.0,,,,,,,,,,,,,,,,,,,,,1.0,,,,,,,,,,,,,,,,,,,,,,,,,,,,,,,,,,,,,,,,,,,,,,,,2.0,Deathblade,,,3.0,GargoyleStoneplate,,,,,,,,,,,,,,,,,,,,,,,,,,,,,,,3.0,StatikkShiv,PowerGauntlet,ArchangelsStaff,,,,,,,,,,,,,,,,,,,,,,,,,,,,,2.0,ArchangelsStaff,SpearOfShojin,RabadonsDeathcap,,,,,,,,,,,,,,,,,,,,,,,,,,,,,,,,,,,,,2.0,PowerGauntlet,,,,,,,,,,,,,,,,,,,,,None,None,,,,,,,,,,,,,2.0,,,,,,,,,,,,,,,,,,,,2.0,ArchangelsStaff,,
4,EUW1_5971510358,TFT6_Augment_MakeshiftArmor1,TFT7_Augment_BestFriends2,TFT6_Augment_TomeOfTraits1,2.0,,,1.0,,0.0,,,,1.0,,,0.0,0.0,,,,,2.0,,,,,,1.0,,0.0,1.0,,,,,,,,,,,,,,,,,,,,,,,,,2.0,WarmogsArmor,,,,,,,3.0,ArchangelsStaff,RedBuff,InfinityEdge,,,,,,,,,,,,,,,,,,,,,,,,,,,,,,,,,,,,,,,,,,,,,,,,,,,,,,,,,,,,,2.0,,,,,,,,,,,,,,,,,,,,,,,,3.0,AssassinEmblemItem,TitansResolve,TitansResolve,1.0,,,,1.0,InfinityEdge,,,2.0,IonicSpark,,,,,,,,,,,,,,,,,,,,,,,,,,,,,,,,,,,,,,,,,,,,,,,,,,,,,,,,,,,1.0,,,,,,None,None,,,,,,,,,,,,,,,,,,,,,,,,,,,,,,,,,,,,
7,EUW1_5971510358,TFT6_Augment_CyberneticShell1,TFT7_Augment_BruiserTitanicStrength,TFT6_Augment_SecondWind2,1.0,,,1.0,,,1.0,,,0.0,,,0.0,,,,0.0,,,,0.0,,,,1.0,,1.0,2.0,1.0,,,,,,,,,,,,,,,,,,,,,,,,,,,,,,,,,,,,,,,,,,,,,,,,2.0,Quicksilver,Bloodthirster,TitansResolve,,,,,,,,,,,,,,,,,,,,,,,,,,,,,,,,,,,,,,,,,,,,,,,,,,,,,,,,,,,,,,,,,,,,,,,,,1.0,TitanicHydra,ZekesHerald,,1.0,FrozenHeart,JeweledGauntlet,,1.0,,,,,,,,,,,,,,,,,,,,2.0,GiantsBelt,,,,,,,,,,,,,,,,,,,,,,,,,,,,,,,,,,,,,,,2.0,ChainVest,,,,,None,None,,,,,,,,,,,,,,,,,,,,,,,,,,,,,,,,,,,,
5,EUW1_5971473675,TFT6_Augment_CyberneticImplants1,TFT6_Augment_PortableForge,TFT7_Augment_UrfsGrabBag1,,1.0,1.0,1.0,,,,,,,2.0,,,1.0,,1.0,,,,0.0,,,,1.0,,,,0.0,,,,,,,,,,,,,,,,,,,,,1.0,LocketOfTheIronSolari,,,,,,,,,,,,,,,,,,,,,,,,,,,,,,,,,,,,,,,,,,,,,,,,,,,2.0,MageEmblemItem,SparringGloves,,,,,,,,,,,,,,,,,,,,,,,,,,,,,,3.0,,,,,,,,1.0,,,,,,,,,,,,,,,,,,,,,,,,,,,,,,,,,,,,,,,,,,,,,,,,,,,,,,,,,,,,,,,,2.0,RedBuff,TitanicHydra,FrozenHeart,,,,,,,,,,,,,,,,,,,None,None,,,,,1.0,,,,3.0,OrnnInfinityForce,GuinsoosRageblade,RunaansHurricane,,,,,,,,,,,,,,,,,,,,,,,,
8,EUW1_5971473675,TFT7_Augment_JadeEmblem,TFT7_Augment_FirstAidKit2,TFT7_Augment_DragonmancerInspire,,,,,,,1.0,1.0,,,,2.0,,,,0.0,1.0,,,1.0,,,,1.0,,,,,,,,,,,,,,,,,2.0,,,,,,,,,,,,,,,,,,,,,,,,,,,,,,,,1.0,Bloodthirster,,,,,,,,,,,,,,,,,,,,,,,,,,,,,,,,,,,,,,,,,,,,,,,,,,,,,,,,,,,,,,,1.0,ChainVest,,,,,,,,,,,,,,,,,,,,,,,,,,,,,,,,,,,,,,,2.0,JadeEmblemItem,,,,,,,,,,,,,,,,,,,,,,,2.0,Quicksilver,GuinsoosRageblade,,,,,,,,,,,,,,,,,,,,,,,,None,None,,,,,,,,,,,,,,,,,,,,,1.0,,,,,,,,,,,,,,,
2,EUW1_5971473675,TFT7_Augment_BandOfThieves1,TFT6_Augment_Diversify2,TFT6_Augment_Meditation2,,0.0,1.0,1.0,,,1.0,,0.0,,1.0,,,2.0,,2.0,,,,,0.0,1.0,,,1.0,1.0,,0.0,,,,,,,,,2.0,MageEmblemItem,RabadonsDeathcap,SpearOfShojin,,,,,,,,,1.0,Quicksilver,StatikkShiv,,,,,,,,,,,,,,,,,,,,,,,,,,,,,,,,,,,,,,,,,,,,,,2.0,LocketOfTheIronSolari,TitanicHydra,GiantsBelt,3.0,ThiefsGloves,SeraphsEmbrace,HextechGunblade,,,,,,,,,,,,,,,,,,,,,,,,,2.0,,,,2.0,,,,,,,,,,,,,,,,,,,,,,,,,,,,,,,,,,,,,,,,,,,,,,,,,,,,,,,,,,,,,,,,,,,,,,,,2.0,GargoyleStoneplate,TitanicHydra,RedBuff,,,,,,,,,,,,,,,,,4.0,TrainerSnax,None,None,,,,,,,,,,,,,,,,,,,,,,,,,,,,,,,,,1.0,,,
4,EUW1_5971473675,TFT6_Augment_CyberneticImplants1,TFT7_Augment_UrfsGrabBag1,TFT7_Augment_FirstAidKit2,0.0,,,0.0,,,1.0,0.0,,,1.0,,,,,,3.0,,,1.0,0.0,,,1.0,,,0.0,,,,,,,,,,,,,,,,,,,,,,,,,,,,,,,,,,,,,,,,,,,,,,,,,,,,,,,,,,,,,,,,,,,,,,,,,,,,,,,,,,,,,,2.0,TitanicHydra,,,,,,,,,,,,,,,,,,,,,,,,,,,,,,,,,,,,,,,,,,,,,,,,,,,,,,,,,,,,,,,3.0,ThiefsGloves,PowerGauntlet,Shroud,1.0,,,,1.0,DragonsClaw,GuardianAngel,Morellonomicon,,,,,,,,,,,,,2.0,,,,,,,,,,,,,,,,,,,,,,,,,,None,None,,,,,2.0,RagewingEmblemItem,,,,,,,,,,,,,,,2.0,MadredsBloodrazor,GuinsoosRageblade,Quicksilver,,,,,,,,,,,,
1,EUW1_5971473675,TFT6_Augment_CyberneticImplants1,TFT7_Augment_BruiserTitanicStrength,TFT6_Augment_BlueBattery2,,,1.0,1.0,,,1.0,,1.0,,1.0,0.0,,1.0,,1.0,,0.0,,,0.0,1.0,1.0,,,1.0,,2.0,,,,,,,,,,,,,,,,,,,,,1.0,,,,,,,,,,,,,,,,,,,,,,,,,,,,2.0,TitansResolve,Quicksilver,Bloodthirster,,,,,,,,,,,,,,,,,2.0,,,,,,,,,,,,,,,,,,,,,,,,,,,,,,,,2.0,LocketOfTheIronSolari,,,,,,,,,,,,,,,,,,,,,,,,,,,,,,,,,,,,,,,,,,,,,,,,,,,,,,,,,,,,,,,2.0,,,,2.0,GargoyleStoneplate,,,,,,,2.0,RedBuff,GargoyleStoneplate,BrambleVest,,,,,,,,,,,,,,,,,4.0,TrainerSnax,None,None,,,,,,,,,,,,,,,,,,,,,,,,,,,,,,,,,2.0,GuinsoosRageblade,GuinsoosRageblade,TitansResolve
7,EUW1_5971473675,TFT6_Augment_CelestialBlessing1,TFT7_Augment_UrfsGrabBag1,TFT6_Augment_ComponentGrabBag,,0.0,,1.0,,0.0,1.0,,0.0,,1.0,,,2.0,,1.0,,,,,,,,,,1.0,,2.0,,,,,,,,,,,,,,,,,,,,,,,,,,,,,,,,,,,,,,,,,,,,,,,,,1.0,GuinsoosRageblade,Bloodthirster,Bloodthirster,,,,,,,,,,,,,,,,,1.0,,,,,,,,,,,,,,,,,,,,,,,,,,,,,,,,1.0,MageEmblemItem,,,2.0,,,,,,,,,,,,,,,,,,,,,,,,,,,,,,,,2.0,ArchangelsStaff,HextechGunblade,MadredsBloodrazor,,,,,,,,,,,,,,,,,,,,,,,,,,,,,,,,,,,,,1.0,WarmogsArmor,CavalierEmblemItem,,,,,,,,,,,,,,,,,,2.0,TrainerSnax,None,None,,,,,,,,,,,,,,,,,,,,,,,,,,,,,,,,,,,,
3,EUW1_5971473675,TFT7_Augment_AstralTrait,TFT7_Augment_MageEmblem,TFT6_Augment_BlueBattery2,,0.0,,1.0,,,,,1.0,,1.0,,0.0,3.0,,1.0,,0.0,,,0.0,1.0,,,0.0,1.0,,0.0,,,,,,,,,,,,,,,,,,,,,,,,,,,,,,,,,,,,,,,,,,,,,,,,,,,,,,,,,,,,,,,,,,,,,2.0,,,,,,,,,,,,,,,,,,,,,,,,,,,,,,,,2.0,MageEmblemItem,,,2.0,,,,,,,,,,,,,,,,,,,,2.0,Shroud,,,,,,,,,,,2.0,SpearOfShojin,MadredsBloodrazor,JeweledGauntlet,,,,,,,,,,,,,,,,,,,,,,,,,2.0,MageEmblemItem,,,,,,,,,,,2.0,WarmogsArmor,RedBuff,GargoyleStoneplate,,,,,,,,,,,,,,,,,3.0,TrainerSnax,None,None,,,,,,,,,,,,,,,,,,,,,,,,,,,,,,,,,1.0,ThiefsGloves,BrambleVest,TitansResolve
6,EUW1_5971473675,TFT7_Augment_BruiserTrait,TFT6_Augment_SecondWind2,TFT6_Augment_MakeshiftArmor2,,1.0,,3.0,,,1.0,,,,1.0,,0.0,0.0,,,,,,,,,,1.0,0.0,,,2.0,,,,,,,,,,,,,,,,,,,,,,,,,,,,,,,,,,,,,,,,,,,,,,,,,1.0,FrozenHeart,RedBuff,WarmogsArmor,,,,,,,,,,,,,,,,,,,,,2.0,,,,,,,,,,,,,,,,,,,,,,,,,,,,,,,,,,,,,,,,,,,,,,,,,,,,2.0,,,,,,,,,,,,,,,,,,,,,,,,,,,,,,,,,,,,3.0,,,,,,,,,,,,,,,,2.0,,,,,,,,,,,,,,,,,,,,,,None,None,,,,,1.0,,,,3.0,MadredsBloodrazor,GuinsoosRageblade,MadredsBloodrazor,,,,,,,,,,,,,,,,,,,,,,,,
8,EUW1_5971842028,TFT6_Augment_PortableForge,TFT7_Augment_BandOfThieves1,TFT6_Augment_TomeOfTraits1,2.0,,,1.0,,,,,,,1.0,,0.0,,,,1.0,,0.0,,0.0,,,,1.0,,1.0,,2.0,ThiefsGloves,RunaansHurricane,MadredsBloodrazor,,,,,,,,,,,,,,,,,,,,,,,,,,,,,1.0,,,,,,,,,,,,,,,,,,,,,,,,,,,,,,,,,,,,,,,,,,,,,,,,,,,,3.0,InfinityEdge,MadredsBloodrazor,GuinsoosRageblade,,,,,,,,,,,,,,,,,,,,,,,,,,,,,,,,,,,,,2.0,GargoyleStoneplate,OrnnEternalWinter,,,,,,3.0,RagewingEmblemItem,InfinityEdge,FrozenHeart,,,,,,,,,,,,,,,,,1.0,,,,,,,,,,,,,,,,,,,,,,,,,,,,,,,,1.0,Quicksilver,,,,,,,,,,,,,None,None,,,,,,,,,,,,,,,,,,,,,,,,,,,,,,,,,,,,
1,EUW1_5971842028,TFT6_Augment_ClearMind,TFT6_Augment_SecondWind1,TFT6_Augment_MakeshiftArmor2,0.0,,1.0,0.0,,3.0,1.0,0.0,,,2.0,,0.0,,0.0,0.0,0.0,,,,,,,,3.0,,0.0,,,,,,,,,,2.0,JeweledGauntlet,HextechGunblade,CavalierEmblemItem,,,,,,,,,1.0,,,,,,,,,,,,,,,,,,,,,,,,,,,,,,,,,,,,,,,,,,,,2.0,,,,,,,,,,,,,,,,,,,,,,,,2.0,,,,,,,,,,,,,,,,,,,,,,,,,,,,,,,,,,,,2.0,Morellonomicon,Redemption,IonicSpark,,,,,2.0,,,,,,,,2.0,,,,,,,,,,,,,,,,,,,,,,,,,,,,,,,,,,,,,,,,,,,,,,,,,,,,,,,,,,None,None,,,,,,,,,,,,,,,,,,,,,,,,,2.0,CavalierEmblemItem,InfinityEdge,Deathblade,,,,,,,,
5,EUW1_5971842028,TFT7_Augment_GadgetExpert,TFT6_Augment_TinyTitans,TFT6_Augment_CyberneticUplink2,,1.0,1.0,0.0,,1.0,1.0,,1.0,,2.0,0.0,0.0,,,1.0,0.0,,,,,,1.0,,0.0,0.0,,,,,,,,,,,,,,,,,,,1.0,StatikkShiv,SpearOfShojin,ArchangelsStaff,1.0,StatikkShiv,,,,,,,,,,,,,,,,,,,,,,,,,,,,,,,,,,,,,,,,,,,2.0,RedBuff,,,,,,,,,,,,,,,,,,,,,,,,,,,,,,,,,,,2.0,NegatronCloak,,,,,,,,,,,,,,,,,,,,,,,2.0,TitanicHydra,DragonsClaw,FrozenHeart,,,,,,,,,,,,,2.0,ThiefsGloves,ZekesHerald,RapidFireCannon,,,,,,,,,,,,,,,,,,,,,,,,,1.0,RabadonsDeathcap,,,,,,,,,,,,,,,,,,,,,,,,,,,,,None,None,,,,,,,,,,,,,,,,,,,,,,,,,,,,,,,,,,,,
2,EUW1_5971842028,TFT6_Augment_CelestialBlessing2,TFT6_Augment_PandorasItems,TFT6_Augment_PortableForge,,3.0,,1.0,,,1.0,,0.0,,,,,0.0,,0.0,,,,0.0,,,,0.0,,,,,,,,,,,,,,,,,,,,,2.0,OrnnMuramana,ArchangelsStaff,JeweledGauntlet,,,,,,,,,,,,,,,,,,,,,,,,,,,,,,,,,,,,,,,,,,,,,,,,,,,,,3.0,RedBuff,GargoyleStoneplate,Bloodthirster,,,,,,,,,,,,,,,,,,,,,,,,,,,,,3.0,,,,,,,,3.0,MadredsBloodrazor,GuinsoosRageblade,Quicksilver,,,,,,,,,,,,,,,,,,,,,,,,,,,,,,,,,,,,,,,,,,,,,3.0,,,,,,,,,,,,,,,,,,,,,,,,,,,,,,,,,,,,,,None,None,,,,,,,,,3.0,GuinsoosRageblade,SpearOfShojin,StatikkShiv,3.0,Shroud,,,,,,,,,,,,,,,,,,,,,,
3,EUW1_5971842028,TFT6_Augment_TrueTwos,TFT6_Augment_Electrocharge1,TFT6_Augment_CyberneticUplink2,1.0,,,1.0,,1.0,,0.0,,,3.0,,0.0,,0.0,,1.0,,,,,,,1.0,1.0,,1.0,,,,,,,,,,,,,,,,,,,,,,,,,,,,,,,,,,,,,,,,,,,,,,,,,,,,,,,,,,,,,,,,,,2.0,HextechGunblade,,,,,,,,,,,,,,,,,,,,,,,,,,,,,,,,,,,,,,,,,,,,,,,,,,,,,,,,,,,2.0,Zephyr,,,,,,,2.0,FrozenHeart,,,,,,,2.0,,,,,,,,,,,,2.0,RedBuff,,,,,,,,,,,,,,,,,,,,,,,,,,,,,,,2.0,WarmogsArmor,,,,,,,,,,,,,None,None,,,,,2.0,,,,,,,,,,,,,,,,2.0,MadredsBloodrazor,Deathblade,Quicksilver,2.0,MadredsBloodrazor,UnstableConcoction,Redemption,,,,,,,,
4,EUW1_5971842028,TFT6_Augment_Ascension,TFT6_Augment_Distancing,TFT7_Augment_GuardianEmblem,,,1.0,,2.0,,1.0,,1.0,1.0,1.0,,,,,1.0,,2.0,,,1.0,,,,,1.0,,,,,,,,,,,,,,,,,,,,,,,1.0,Zephyr,,,,,,,2.0,GuinsoosRageblade,LastWhisper,MadredsBloodrazor,,,,,,,,,2.0,GargoyleStoneplate,Redemption,ShimmerscaleMogulsMail,,,,,,,,,,,,,,,,,,,,,,,,,,,,,,,,,2.0,,,,,,,,,,,,,,,,,,,,,,,,2.0,,,,,,,,,,,,,,,,,,,,,,,,,,,,,,,,,,,,,,,,,,,,,,,,,,,,,,,,,,,,,,,,2.0,SpearOfShojin,StatikkShiv,Quicksilver,,,,,,,,,,,,,,,,,,,,,,,,,,,,,4.0,TrainerSnax,None,None,2.0,GuardianEmblemItem,ChainVest,,,,,,,,,,,,,,,,,,,,,,,,,,,,,,,,,
7,EUW1_5971842028,TFT6_Augment_CyberneticShell2,TFT7_Augment_AxiomArc1,TFT7_Augment_UrfsGrabBag1,,0.0,,1.0,,,,,0.0,,1.0,,,2.0,,1.0,,,,,0.0,1.0,,,,1.0,,0.0,,,,,,,,,,,,,,,,,,,,,,,,,,,,,,,,,,,,,,,,,,,,,,,,,,,,,,,,,,,,,,,,,,,,,2.0,,,,2.0,TitanicHydra,GargoyleStoneplate,,,,,,,,,,,,,,,,,,,,,,,,,,2.0,MageEmblemItem,,,3.0,,,,,,,,,,,,,,,,,,,,,,,,,,,,,,,,2.0,SpearOfShojin,ArchangelsStaff,HextechGunblade,,,,,,,,,,,,,,,,,,,,,,,,,,,,,,,,,,,,,2.0,WarmogsArmor,GargoyleStoneplate,,,,,,,,,,,,,,,,,,3.0,TrainerSnax,None,None,,,,,,,,,,,,,,,,,,,,,,,,,,,,,,,,,1.0,,,
6,EUW1_5971842028,TFT6_Augment_TomeOfTraits1,TFT7_Augment_BruiserTrait,TFT7_Augment_BestFriends2,1.0,0.0,,4.0,,,1.0,,,,1.0,,0.0,0.0,,,0.0,,0.0,,,,,,0.0,,1.0,2.0,,,,,,,,,,,,,,,,,,,,,,,,,,,,,,,,,,,,,,,,,,,,,,,,,2.0,InfinityEdge,AssassinEmblemItem,Bloodthirster,,,,,,,,,,,,,,,,,,,,,2.0,,,,,,,,,,,,,,,,,,,,,,,,,,,,,,,,,,,,,,,,,,,,,,,,2.0,GuinsoosRageblade,,,1.0,,,,,,,,,,,,,,,,,,,,,,,,,,,,2.0,BrambleVest,,,,,,,,,,,,,,,,,,,,,,,2.0,,,,,,,,2.0,BruiserEmblemItem,FrozenHeart,GuardianAngel,,,,,,,,,,,None,None,,,,,,,,,,,,,,,,,,,,,,,,,,,,,,,,,,,,
8,EUW1_5971787817,TFT7_Augment_JadeTrait,TFT7_Augment_JadeTrait2,TFT6_Augment_SecondWind2,,,1.0,,,,1.0,,0.0,0.0,1.0,3.0,0.0,,,1.0,,,,1.0,,,,,,,,,,,,,1.0,Zephyr,,,,,,,,,,,,,,,1.0,,,,,,,,,,,,,,,,,,,,,,,,2.0,TitansResolve,Bloodthirster,InfinityEdge,,,,,,,,,,,,,2.0,,,,,,,,,,,,,,,,,,,,,,,,,,,,,,,,,,,,,,,,,,,,,,,,2.0,GargoyleStoneplate,RedBuff,TitanicHydra,,,,,,,,,,,,,,,,,,,,,,,,,,,,,,,,,,,,,,,,,,,,,,,,,,,,,,,,,,,,,,,,,,,,,,,,,,,,,2.0,,,,,,,,,,None,None,,,,,,,,,,,,,,,,,,,,,,,,,,,,,,,,,,,,
3,EUW1_5971787817,TFT6_Augment_CyberneticImplants2,TFT6_Augment_ForceOfNature,TFT6_Augment_PortableForge,1.0,,,1.0,,1.0,,,,,3.0,,0.0,,,,1.0,,,,,,,1.0,1.0,,0.0,,,,,,,,,,,,,,,,,,,,,,,,,,,,,,,,,,,,,,,,,,,,,,,,,,,,,,,,,,,,,,,,,,1.0,DragonsClaw,DragonsClaw,GargoyleStoneplate,,,,,,,,,,,,,,,,,,,,,,,,,,,,,,,,,,,,,,,,,,,,,,,,,,,,,,,,,2.0,OrnnRanduinsSanctum,,,,,,,2.0,,,,,,,,2.0,,,,,,,,,,,,2.0,GiantsBelt,,,,,,,,,,,,,,,,,,,,,,,,,,,,,,,2.0,FrozenHeart,,,,,,,,,,,,,None,None,,,,,2.0,,,,,,,,,,,,,,,,2.0,MadredsBloodrazor,GuinsoosRageblade,GuinsoosRageblade,,,,,,,,,,,,
5,EUW1_5971787817,TFT7_Augment_BestFriends2,TFT6_Augment_LudensEcho3,TFT7_Augment_PandorasBench,,0.0,,1.0,,,,,0.0,,1.0,,,2.0,,1.0,,,,,0.0,1.0,,,,1.0,,0.0,,,,,,,,,,,,,,,,,,,,,,,,,,,,,,,,,,,,,,,,,,,,,,,,,,,,,,,,,,,,,,,,,,,,,2.0,,,,2.0,ChainVest,,,,,,,,,,,,,,,,,,,,,,,,,,,2.0,,,,3.0,,,,,,,,,,,,,,,,,,,,,,,,,,,,,,,,2.0,RabadonsDeathcap,SpearOfShojin,MadredsBloodrazor,,,,,,,,,,,,,,,,,,,,,,,,,,,,,,,,,,,,,2.0,RedBuff,GargoyleStoneplate,WarmogsArmor,,,,,,,,,,,,,,,,,3.0,TrainerSnax,None,None,,,,,,,,,,,,,,,,,,,,,,,,,,,,,,,,,1.0,SpearOfShojin,,
1,EUW1_5971787817,TFT7_Augment_CannoneerRicochet,TFT7_Augment_TomeOfTraits2,TFT6_Augment_CyberneticShell2,,,1.0,,2.0,,1.0,0.0,1.0,1.0,1.0,0.0,,,0.0,1.0,,2.0,,,1.0,,1.0,,,1.0,0.0,,,,,,,,,,,,,,,,,,,,,,2.0,,,,,,,,2.0,UnstableConcoction,GuinsoosRageblade,MadredsBloodrazor,,,,,,,,,2.0,BrambleVest,BrambleVest,TitanicHydra,,,,,,,,,,,,,,,,,,,,,,,,,,,,,,,,,,,,,,,,,,,,,,,,,,,,,,,,,2.0,CannoneerEmblemItem,Shroud,,,,,,,,,,,,,,,,,,,,,,,,,,,,,,,,,,,,,,,,,,,,,,,,,,,,,,,,,,,,,,2.0,ShimmerscaleHeartOfGold,,,2.0,BFSword,,,,,,,,,,,,,,,,,,,,,,,,,,,4.0,TrainerSnax,None,None,2.0,RevelEmblemItem,StatikkShiv,,,,,,,,,,,,,,,,,,,,,,2.0,Shroud,GuardianEmblemItem,,,,,,,,,
4,EUW1_5971787817,TFT7_Augment_BruiserEmblem,TFT6_Augment_MakeshiftArmor3,TFT6_Augment_Diversify2,0.0,,,2.0,1.0,,1.0,,0.0,,1.0,,0.0,0.0,,,,2.0,,,,,,,0.0,,,2.0,,,,,,,,,,,,,,,,,,,,,,,,,,,,,2.0,LastWhisper,InfinityEdge,GuinsoosRageblade,,,,,,,,,,,,,,,,,2.0,Bloodthirster,Quicksilver,DragonsClaw,,,,,,,,,,,,,,,,,,,,,,,,,2.0,BruiserEmblemItem,,,,,,,,,,,,,,,,,,,,,,,,,,,,,,,,,,,,,,,,,,,,,,,2.0,,,,,,,,,,,,,,,,,,,,,,,,,,,,,,,,,,,,,,,,2.0,,,,,,,,,,,,2.0,,,,,,,,2.0,,,,,,,,,,,,,,None,None,,,,,,,,,,,,,,,,,,,,,,,,,,,,,,,,,,,,
2,EUW1_5971787817,TFT7_Augment_SwiftshotPressTheAttack,TFT6_Augment_RadiantRelics,TFT6_Augment_ThrillOfTheHunt2,,0.0,,2.0,,,,,,,2.0,,0.0,0.0,,,0.0,,,,,,,2.0,1.0,,0.0,0.0,,,,,,,,,,,,,,,,,,,,,,,,,,,,,,,,,,,,,,,,,,,,,,,,,,,,,,,,,2.0,Zephyr,,,,,,,,,,,,,,,3.0,GuildEmblemItem,RabadonsDeathcap,DragonsClaw,,,,,,,,,,,,,,,,,,,,,,,,,,,,,,,,,,,,,,,,,,,,,,,,,2.0,ThiefsGloves,PowerGauntlet,FrozenHeart,,,,,,,,,,,,,,,,,,,,,,,,,2.0,FrozenHeart,Shroud,LocketOfTheIronSolari,,,,,,,,,,,,,,,,,,,,,2.0,,,,,,,,,,,,,,,,,,,,,,None,None,,,,,2.0,,,,3.0,DeathbladeRadiant,GuinsoosRageblade,InfinityEdge,,,,,,,,,2.0,MadredsBloodrazor,GuinsoosRageblade,,,,,,,,,,,,,
7,EUW1_5971787817,TFT7_Augment_GuildEmblem,TFT7_Augment_UrfsGrabBag2,TFT6_Augment_TomeOfTraits1,0.0,,1.0,0.0,,2.0,,,,,5.0,,0.0,,,0.0,1.0,,,,,,,1.0,0.0,,,,,,,,,,,,,,,,,,,,,,,,1.0,Zephyr,,,,,,,,,,,,,,,,,,,,,,,,,,,,,,,,,,,,,,,,,,,2.0,BrambleVest,,,,,,,,,,,,,,,,,,,,,,,,,,,,,,,,,,,,,,,,,,,,,,,,,,,,,,,,,,,2.0,RedBuff,DragonsClaw,CavalierEmblemItem,,,,,,,,,,,,,1.0,,,,,,,,,,,,,,,,,,,,,,,,,,,,,,,,,,,,,,,,,,,,2.0,FrozenHeart,,,,,,,,,,,,,None,None,,,,,2.0,RagewingEmblemItem,Zephyr,,,,,,,,,,,,,,2.0,GuinsoosRageblade,MadredsBloodrazor,GuildEmblemItem,,,,,,,,,,,,
6,EUW1_5971787817,TFT6_Augment_RichGetRicher,TFT6_Augment_Diversify3,TFT6_Augment_SalvageBin,,0.0,1.0,1.0,,,1.0,,0.0,,1.0,,0.0,1.0,,2.0,,,,,0.0,1.0,,,2.0,0.0,,0.0,,,,,,,,,1.0,JeweledGauntlet,SpearOfShojin,,,,,,,,,,1.0,,,,,,,,,,,,,,,,,,,,,,,,,,,,,,,,,,,,,,,,,,,,,,,,,,,,,,,,,,,,,,,,,,,,,,,,,,,,,,,,2.0,ZekesHerald,,,3.0,,,,,,,,,,,,,,,,,,,,1.0,ChainVest,,,,,,,,,,,,,,,,,,,,,,,,,,,,,,,,,,,,,,,,,,,,,,,,,,,3.0,IonicSpark,GargoyleStoneplate,RedBuff,,,,,,,,,,,,,,,,,,,None,None,,,,,,,,,,,,,,,,,,,,,,,,,,,,,,,,,2.0,GuardianAngel,,
2,EUW1_5971855224,TFT6_Augment_CelestialBlessing2,TFT7_Augment_BestFriends2,TFT6_Augment_PortableForge,,0.0,,1.0,,,1.0,,1.0,,,,0.0,1.0,,1.0,,0.0,,,0.0,1.0,,,0.0,1.0,,1.0,,,,,,,,,,,,,,,,,,,,,,,,,,,,,,,,,,,,,,,,,,,,,,,,,2.0,WarmogsArmor,TitansResolve,OrnnInfinityForce,,,,,,,,,,,,,,,,,2.0,GiantsBelt,,,,,,,,,,,,,,,,,,,,,,,,,,,,,,,2.0,,,,3.0,SpearOfShojin,ArchangelsStaff,StatikkShiv,,,,,,,,,,,,,,,,,2.0,TitanicHydra,GargoyleStoneplate,TitansResolve,,,,,,,,,,,,,,,,,,,,,,,,,,,,,,,,,,,,,1.0,,,,,,,,,,,,,,,,,,,,,,,,,,,,,,,,4.0,TrainerSnax,None,None,,,,,,,,,,,,,,,,,,,,,,,,,,,,,,,,,2.0,StatikkShiv,ArchangelsStaff,FrozenHeart
5,EUW1_5971855224,TFT7_Augment_SwiftshotEmblem,TFT6_Augment_CelestialBlessing2,TFT6_Augment_CyberneticShell2,,0.0,,2.0,,,1.0,,,,,0.0,0.0,0.0,,,,,,,0.0,1.0,1.0,1.0,0.0,,,2.0,,,,,,,,,,,,,,,,,,,,,,,,,,,,,,,,,,,,,,,,,,,,,,,,,2.0,SwiftshotEmblemItem,Redemption,TitansResolve,,,,,,,,,,,,,,,,,,,,,3.0,Zephyr,BrambleVest,GargoyleStoneplate,,,,,,,,,,,,,,,,,,,,,,,,,,,,,,,,,,,,,,,,,,,,,,,,,1.0,TitanicHydra,,,,,,,,,,,,,,,,,,,,,,,,,,,,,,,,,,,,,,,,,,,1.0,,,,,,,,2.0,TearOfTheGoddess,,,,,,,,,,,,,,,,,,,,,None,None,,,,,,,,,3.0,Deathblade,RunaansHurricane,GuinsoosRageblade,,,,,,,,,,,,,,,,,,,,,1.0,,,
7,EUW1_5971855224,TFT6_Augment_Electrocharge2,TFT6_Augment_TomeOfTraits1,TFT6_Augment_FuturePeepers,3.0,,,1.0,,,,,,,1.0,,0.0,,,,0.0,,1.0,,0.0,,,,1.0,,1.0,0.0,,,,,,,,,,,,,,,,,,,,,,,,,,,,,,,,,2.0,ThiefsGloves,JeweledGauntlet,SeraphsEmbrace,,,,,,,,,,,,,,,,,,,,,,,,,,,,,,,,,,,,,,,,,,,,,,,,,1.0,Zephyr,,,,,,,,,,,,,,,,,,,,,,,,,,,,,,,,,,,2.0,AssassinEmblemItem,RunaansHurricane,InfinityEdge,1.0,,,,1.0,ThiefsGloves,NeedlesslyLargeRod,JeweledGauntlet,2.0,IonicSpark,,,,,,,,,,,,,,,,,,,2.0,GargoyleStoneplate,,,,,,,,,,,,,,,,,,,,,,,,,,,,,,,2.0,RedBuff,LastWhisper,,,,,,,,,,,,None,None,,,,,,,,,,,,,,,,,,,,,,,,,,,,,,,,,,,,
1,EUW1_5971855224,TFT6_Augment_TrueTwos,TFT6_Augment_CelestialBlessing2,TFT6_Augment_TargetDummies,,,1.0,,,2.0,1.0,0.0,,1.0,2.0,,,,3.0,0.0,0.0,,0.0,,,,,,,,0.0,,,,,,,,,,,,,,,,,,,,,,1.0,,,,2.0,GargoyleStoneplate,RedBuff,,,,,,,,,,2.0,GuinsoosRageblade,InfinityEdge,JeweledGauntlet,,,,,,,,,,,,,,,,,,,,,,,,,2.0,GuardianAngel,StatikkShiv,,,,,,,,,,,,,,,,,,,,,,,,,,2.0,,,,,,,,,,,,,,,,,,,,,,,,2.0,ZekesHerald,Chalice,HextechGunblade,,,,,,,,,,,,,,,,,,,,,2.0,,,,,,,,,,,,,,,,,,,,,,,,,,,,,,,,,,,,,,,,,,,,,,,,,,,,,,,,,,None,None,,,,,,,,,,,,,,,,,,,,,,,,,2.0,RunaansHurricane,,,,,,,,,,
6,EUW1_5971855224,TFT6_Augment_Electrocharge2,TFT7_Augment_MageEmblem,TFT6_Augment_Ascension,,,,1.0,,,1.0,,1.0,,1.0,,,2.0,,0.0,,0.0,,,0.0,1.0,,,,1.0,,2.0,,,,,,,,,,,,,,,,,,,,,,,,,,,,,,,,,,,,,,,,,,,,,,,,,2.0,MageEmblemItem,,,,,,,,,,,,,,,,,,,2.0,,,,,,,,,,,,,,,,,,,,,,,,,,,,,,,,2.0,,,,,,,,,,,,,,,,,,,,,,,,,,,,,,,,,,,,2.0,SpearOfShojin,ArchangelsStaff,,,,,,,,,,,,,,,,,,,,,,,,,,2.0,,,,,,,,,,,,2.0,RedBuff,Redemption,WarmogsArmor,,,,,,,,,,,,,,,,,3.0,TrainerSnax,None,None,,,,,,,,,,,,,,,,,,,,,,,,,,,,,,,,,1.0,StatikkShiv,,
4,EUW1_5971855224,TFT7_Augment_PandorasBench,TFT6_Augment_Distancing2,TFT7_Augment_RevelPartyFavors,,,,,2.0,,1.0,,1.0,0.0,,,,,,0.0,,2.0,,,1.0,,,,,1.0,,,,,,,,,,,,,,,,,,,,,,,,,,,,,,,2.0,Quicksilver,RunaansHurricane,InfinityEdge,,,,,,,,,2.0,WarmogsArmor,ShimmerscaleHeartOfGold,FrozenHeart,,,,,,,,,,,,,,,,,,,,,,,,,,,,,,,,,2.0,ThiefsGloves,WarmogsArmor,InfinityEdge,,,,,,,,,,,,,,,,,,,,,2.0,Zephyr,,,,,,,,,,,,,,,,,,,,,,,,,,,,,,,,,,,,,,,,,,,,,,,,,,,,,,,,,,,,,,,2.0,ThiefsGloves,GiantsBelt,RabadonsDeathcap,,,,,,,,,,,,,,,,,,,,,,,,,,,,,4.0,TrainerSnax,None,None,3.0,GuinsoosRageblade,InfinityEdge,Quicksilver,,,,,,,,,,,,,,,,,,,,,,,,,,,,,,,,
3,EUW1_5971855224,TFT6_Augment_CyberneticShell2,TFT7_Augment_GadgetExpert,TFT6_Augment_CyberneticUplink2,,1.0,1.0,1.0,,,,,0.0,,2.0,,,2.0,,2.0,,,,,,,,,,1.0,,0.0,,,,,,,,,,,,,,,,,,,,,1.0,Redemption,,,,,,,,,,,,,,,,,,,,,,,,,,,,,,,,,,,,,,,,,,,,,,,2.0,SpearOfShojin,,,3.0,MageEmblemItem,ChainVest,GargoyleStoneplate,,,,,,,,,,,,,,,,,,,,,,,,,2.0,ThiefsGloves,BFSword,Bloodthirster,3.0,SpearOfShojin,,,,,,,,,,,,,,,,,,,,,,,,,,,,,,,2.0,SpearOfShojin,Quicksilver,MadredsBloodrazor,,,,,,,,,,,,,,,,,,,,,,,,,,,,,,,,,,,,,2.0,IonicSpark,TitansResolve,,,,,,,,,,,,,,,,,,2.0,TrainerSnax,None,None,,,,,,,,,,,,,3.0,StatikkShiv,,,,,,,,,,,,,,,,,,,,,,
8,EUW1_5971855224,TFT6_Augment_ThrillOfTheHunt2,TFT6_Augment_RichGetRicherPlus,TFT7_Augment_AstralIntercosmicGifts,,1.0,,1.0,,,,,,,2.0,,,2.0,,0.0,,,,,,,,1.0,,0.0,,0.0,,,,,,,,,,,,,,,,,,,,,,,,,,,,,,,,,,,,,,,,,,,,,,,,,,,,,,,,,,,,,,,,,,,,,1.0,,,,2.0,MageEmblemItem,,,,,,,,,,,,,,,,,,,,,,,,,,,,,,,2.0,,,,,,,,,,,,,,,,,,,,,,,,,,,,,,,,2.0,,,,,,,,,,,,,,,,,,,,,,,,,,,,,,,,,,,,,,,,1.0,GargoyleStoneplate,BrambleVest,WarmogsArmor,,,,,,,,,,,,,,,,,,,None,None,,,,,1.0,,,,3.0,GuinsoosRageblade,BFSword,,,,,,,,,,,,,,,,,,,,,,,,,
6,EUW1_5971957253,TFT6_Augment_CyberneticShell2,TFT6_Augment_PandorasItems,TFT7_Augment_RagewingTrait,,,,0.0,,,,2.0,,,,1.0,0.0,,0.0,,1.0,,,1.0,,,,0.0,1.0,,0.0,,,,,,,,,,,,,,2.0,,,,,,,,,,,,,,,,,,,,,,,,,,,,,,,,,,,,,,,,,,,,,,,,,,,,,,,,,,,,,,,,,,,,2.0,,,,,,,,2.0,SparringGloves,,,,,,,,,,,,,,,,,,,2.0,RedBuff,MadredsBloodrazor,,,,,,,,,,,,,,1.0,ZekesHerald,,,,,,,,,,,,,,,,,,,,,,,2.0,,,,,,,,,,,,,,,,,,,,,,,,2.0,ArchangelsStaff,StatikkShiv,GuinsoosRageblade,,,,,,,,,,,,,,,,,,,,,,,None,None,,,,,,,,,,,,,,,,,,,,,,,,,1.0,HextechGunblade,MadredsBloodrazor,Deathblade,,,,,,,,
8,EUW1_5971957253,TFT7_Augment_JadeEternalProtection,TFT6_Augment_Featherweights1,TFT6_Augment_MakeshiftArmor1,,,,,,,1.0,1.0,,1.0,,2.0,,,,0.0,,,0.0,,,,,0.0,0.0,,,,,,,,,,,,,,,,2.0,StatikkShiv,,,,,,,,,,,2.0,,,,,,,,,,,,,,,,,,,,1.0,Bloodthirster,Quicksilver,,,,,,,,,,,,,,,,,,,,,,,,,,,,,,,,,,3.0,InfinityEdge,JeweledGauntlet,SeraphsEmbrace,,,,,2.0,,,,,,,,,,,,,,,,,,,,,,,,,,,,,,,,,,,,,,,,,,,,,,,,,,,,,,,,,,,,,,,,,,,,,,,,,,,,,,,,,,,,,,,,,,,,,,,,,,,,3.0,,,,,,,,,,None,None,,,,,,,,,,,,,,,,,,,,,,,,,,,,,,,,,,,,
3,EUW1_5971957253,TFT7_Augment_MageEmblem,TFT6_Augment_CelestialBlessing1,TFT6_Augment_CyberneticUplink1,,0.0,,1.0,,,,,1.0,,1.0,,,3.0,,1.0,,0.0,,,0.0,1.0,,,,1.0,,0.0,,,,,,,,,,,,,,,,,,,,,,,,,,,,,,,,,,,,,,,,,,,,,,,,,,,,,,,,,,,,,,,,,,,,,2.0,PowerGauntlet,,,2.0,Shroud,,,,,,,,,,,,,,,,,,,,,,,,,,,2.0,MageEmblemItem,,,3.0,TearOfTheGoddess,,,,,,,,,,,,,,,,,,,,,,,,,,,,,,,3.0,SpearOfShojin,SeraphsEmbrace,Zephyr,,,,,,,,,,,,,,,,,,,,,,,,,2.0,MageEmblemItem,,,,,,,,,,,2.0,DragonsClaw,TitansResolve,RedBuff,,,,,,,,,,,,,,,,,2.0,TrainerSnax,None,None,,,,,,,,,,,,,,,,,,,,,,,,,,,,,,,,,1.0,SparringGloves,,
1,EUW1_5971957253,TFT6_Augment_ClearMind,TFT7_Augment_BestFriends1,TFT6_Augment_Meditation1,,,1.0,,1.0,,1.0,,1.0,1.0,1.0,,,,,1.0,,1.0,,,1.0,,,,,1.0,,0.0,,,,,,,,,,,,,,,,,,,,,2.0,,,,,,,,3.0,GuinsoosRageblade,MadredsBloodrazor,UnstableConcoction,,,,,,,,,2.0,ShimmerscaleDiamondHands,DragonsClaw,WarmogsArmor,,,,,,,,,,,,,,,,,,,,,,,,,,,,,,,,,,,,,,,,,,,,,,,,,,,,,,,,,2.0,,,,,,,,,,,,,,,,,,,,,,,,,,,,,,,,,,,,,,,,,,,,,,,,,,,,,,,,,,,,,,,,2.0,,,,,,,,,,,,,,,,,,,,,,,,,,,,2.0,DragonsClaw,Shroud,FrozenHeart,4.0,TrainerSnax,None,None,1.0,Zephyr,,,,,,,,,,,,,,,,,,,,,,,,,,,,,,,,,,
2,EUW1_5971957253,TFT6_Augment_HyperRoll,TFT6_Augment_TinyTitans,TFT6_Augment_CyberneticUplink1,,,,1.0,,0.0,1.0,0.0,,,1.0,0.0,0.0,,0.0,,2.0,,,1.0,,,,1.0,0.0,,1.0,,,,,,,,,,,,,,,,,,,,,,,,,,,,,,,,,,,,,,,,,,,,,,,,,,,,,,,,,,,,,,,,,,2.0,,,,,,,,,,,,,,,,,,,,,,,,,,,,,,,,,,,,,,,,,,,,2.0,WarmogsArmor,DragonsClaw,RedBuff,,,,,,,,,,,,,2.0,GiantsBelt,Zephyr,,,,,,,,,,,,,,,,,,,,,,,,,,2.0,,,,2.0,GuardianAngel,,,,,,,,,,,,,,,,,,,,,,,,,,,,,,,,,,,,,,,,,None,None,,,,,1.0,PowerGauntlet,,,,,,,,,,,,,,,2.0,MadredsBloodrazor,GuinsoosRageblade,InfinityEdge,1.0,Zephyr,,,,,,,,,,
7,EUW1_5971957253,TFT6_Augment_Ascension,TFT6_Augment_TinyTitans,TFT6_Augment_ItemGrabBag1,,,,1.0,2.0,,,,1.0,,,,0.0,,,0.0,0.0,2.0,,,,,,,0.0,1.0,0.0,,,,,,,,,,,,,,,,,,,,,,,,,,,,,,1.0,Bloodthirster,InfinityEdge,GuinsoosRageblade,,,,,,,,,,,,,,,,,,,,,,,,,,,,,,,,,,,,,,,,,,,,,2.0,,,,,,,,,,,,,,,,,,,,,,,,2.0,,,,,,,,,,,,,,,,,,,,,,,,2.0,RedBuff,Redemption,,,,,,,,,,,,,,,,,,,,,,,,,,1.0,,,,,,,,,,,,1.0,SpearOfShojin,JeweledGauntlet,,,,,,,,,,,,,,,,,,,,,,,,,,,,,,3.0,TrainerSnax,None,None,2.0,StatikkShiv,,,,,,,,,,,,,,,,,,,,,,,,,,,,,,,,,,
4,EUW1_5971957253,TFT6_Augment_HyperRoll,TFT6_Augment_FirstAidKit,TFT6_Augment_Diversify1,,,1.0,,1.0,,1.0,,1.0,1.0,1.0,,,,0.0,1.0,,1.0,,,1.0,,,,,1.0,,,,,,,,,,,,,,,,,,,,,,,2.0,,,,,,,,2.0,Deathblade,GuinsoosRageblade,HextechGunblade,,,,,,,,,2.0,BrambleVest,RedBuff,GargoyleStoneplate,,,,,,,,,,,,,,,,,,,,,,,,,,,,,,,,,,,,,,,,,,,,,,,,,2.0,ShimmerscaleDiamondHands,,,,,,,2.0,,,,,,,,,,,,,,,,,,,,,,,,,,,,,,,,,,,,,,,,,,,,,,,,,,,,,,,,,,,,,,,,2.0,RabadonsDeathcap,,,,,,,,,,,,,,,,,,,,,,,,,,,,,,,2.0,TrainerSnax,None,None,2.0,BFSword,InfinityEdge,,,,,,,,,,,,,,,,,,,,,,,,,,,,,,,,,
5,EUW1_5971957253,TFT7_Augment_MageConference,TFT6_Augment_LudensEcho1,TFT7_Augment_MysticTrait,,0.0,,0.0,,1.0,,,,,1.0,,,3.0,,1.0,,,0.0,,0.0,1.0,,,,0.0,,0.0,,,,,,,,,,,,,,,,,,,,,,,,,,,,,,,,,,,,,,,,,,,,,,,,,,,,,,,,,,,,,,,,,,,,,3.0,,,,,,,,,,,,,,,,,,,,,,,,,,,,3.0,HextechGunblade,UnstableConcoction,ArchangelsStaff,,,,,3.0,,,,,,,,,,,,,,,,,,,,,,,,,,,,,,,,2.0,StatikkShiv,,,,,,,,,,,,,,,,,,,,,,,,,,,,,,,,,,,,,,,3.0,TitansResolve,WarmogsArmor,CavalierEmblemItem,,,,,,,,,,,,,,,,,,,None,None,,,,,,,,,,,,,3.0,IonicSpark,,,,,,,,,,,,,,,,,,,1.0,TearOfTheGoddess,,
6,EUW1_5971899516,TFT7_Augment_AFK,TFT7_Augment_BruiserTrait,TFT6_Augment_VerdantVeil,,1.0,,2.0,,,1.0,,,,1.0,,,1.0,,0.0,,,,,0.0,1.0,,1.0,,,,2.0,,,,,,,,,,,,,,,,,,,,,,,,,,,,,,,,,,,,,,,,,,,,,,,,,2.0,GargoyleStoneplate,RedBuff,WarmogsArmor,,,,,,,,,,,,,,,,,,,,,2.0,,,,,,,,,,,,,,,,,,,,,,,,,,,,,,,,3.0,ArchangelsStaff,,,,,,,,,,,,,,,,,,,,,,,,,,,,,,,,,,,,,,,,,,,,,,,,,,,,,,,,,,,,,,,,,,,,,,,2.0,WarmogsArmor,DragonsClaw,,,,,,,,,,,,,,,,,,,,None,None,,,,,2.0,,,,3.0,RunaansHurricane,MadredsBloodrazor,GuinsoosRageblade,,,,,,,,,,,,,,,,,,,,,1.0,,,
7,EUW1_5971899516,TFT6_Augment_Electrocharge1,TFT7_Augment_BandOfThieves1,TFT6_Augment_MaxLevel10,1.0,,,1.0,,1.0,,,,,3.0,,0.0,,,,1.0,,,,,,,1.0,1.0,,0.0,,,,,,,,,,,,,,,,,,,,,,,,,,,,,,,,,,,,,,,,,,,,,,,,,,,,,,,,,,,,,,,,,,2.0,ThiefsGloves,Redemption,BrambleVest,,,,,,,,,,,,,,,,,,,,,,,,,,,,,,,,,,,,,,,,,,,,,,,,,,,,,,,,,1.0,,,,,,,,2.0,FrozenHeart,,,,,,,1.0,,,,,,,,,,,,2.0,,,,,,,,,,,,,,,,,,,,,,,,,,,,,,,,2.0,InfinityEdge,GuardianAngel,LastWhisper,,,,,,,,,,,None,None,,,,,2.0,SparringGloves,,,,,,,,,,,,,,,2.0,GuinsoosRageblade,RapidFireCannon,RunaansHurricane,,,,,,,,,,,,
5,EUW1_5971899516,TFT7_Augment_ShapeshifterTrait,TFT6_Augment_PandorasItems,TFT7_Augment_ShapeshifterTrait2,,0.0,,0.0,,,1.0,,0.0,,,1.0,0.0,0.0,,,1.0,,,3.0,,,,,,,,1.0,,,,,2.0,,,,,,,,,,,,,,,,,,,,,,,,,,,,,,,,,,,,,,,,,,,,,,,,2.0,UnstableConcoction,,,,,,,2.0,Redemption,,,,,,,,,,,,,,,,,,,,,,,,,,,,,,,,,,,,,,,,,,,,,,,2.0,RedBuff,WarmogsArmor,WarmogsArmor,3.0,GuinsoosRageblade,Quicksilver,Deathblade,,,,,,,,,,,,,,,,,,,,,,,,,,,,,,,,,,,,,,,,,1.0,InfinityEdge,IonicSpark,,,,,,,,,,,,,,,,,,2.0,,,,,,,,,,,,,,,,,,,,,,None,None,,,,,,,,,,,,,,,,,,,,,,,,,,,,,,,,,,,,
1,EUW1_5971899516,TFT7_Augment_AFK,TFT6_Augment_SecondWind1,TFT7_Augment_BestFriends3,,,1.0,1.0,,,1.0,,1.0,,1.0,,0.0,1.0,,1.0,,0.0,,,0.0,1.0,,,2.0,1.0,,0.0,,,,,,,,,1.0,SpearOfShojin,ArchangelsStaff,MadredsBloodrazor,,,,,,,,,2.0,StatikkShiv,,,,,,,,,,,,,,,,,,,,,,,,,,,,,,,,,,,,,,,,,,,,,,,2.0,,,,,,,,,,,,,,,,,,,,,,,,,,,,,,,,2.0,,,,,,,,,,,,,,,,,,,,,,,,2.0,TitanicHydra,WarmogsArmor,RedBuff,,,,,,,,,,,,,,,,,,,,,,,,,,,,,,,,,,,,,2.0,,,,,,,,,,,,2.0,RedBuff,BrambleVest,,,,,,,,,,,,,,,,,,3.0,TrainerSnax,None,None,,,,,,,,,,,,,,,,,,,,,,,,,,,,,,,,,2.0,ThiefsGloves,GuardianAngel,TitansResolve
8,EUW1_5971899516,TFT7_Augment_Preparation,TFT7_Augment_BestFriends1,TFT6_Augment_ForceOfNature,,1.0,,1.0,,,,0.0,0.0,,,,,2.0,0.0,1.0,,,,,0.0,1.0,,,,1.0,0.0,0.0,,,,,,,,,,,,,,,,,,,,,,,,,,,,,,,,,,,,,,,,,,,,,,,,,,,,,,,,,,,,,,,,,,,,,1.0,,,,2.0,,,,,,,,,,,,,,,,,,,,,,,,,,,,1.0,,,,3.0,ArchangelsStaff,RabadonsDeathcap,,,,,,,,,,,,,,,,,,,,,,,,,,,,,,,,,,,,,,,,,,,,,,,,,,,,,,,,,,,,,,,,,,,,,,2.0,GargoyleStoneplate,BrambleVest,,,,,,,,,,,,,,,,,,1.0,TrainerSnax,None,None,,,,,,,,,,,,,1.0,,,,,,,,,,,,1.0,GuinsoosRageblade,SparringGloves,,,,,,1.0,,,
3,EUW1_5971899516,TFT6_Augment_ItemGrabBag1,TFT7_Augment_AxiomArc1,TFT6_Augment_HighEndShopping,,,1.0,1.0,,,1.0,,0.0,,1.0,,0.0,1.0,,1.0,,,,,0.0,1.0,,,2.0,1.0,,0.0,,,,,,,,,2.0,SpearOfShojin,ArchangelsStaff,GuinsoosRageblade,,,,,,,,,2.0,LastWhisper,,,,,,,,,,,,,,,,,,,,,,,,,,,,,,,,,,,,,,,,,,,,,,,2.0,Shroud,,,,,,,,,,,,,,,,,,,,,,,,,,,,,,,2.0,Chalice,,,,,,,,,,,,,,,,,,,,,,,2.0,RedBuff,BrambleVest,GiantsBelt,,,,,,,,,,,,,,,,,,,,,,,,,,,,,,,,,,,,,,,,,,,,,,,,,2.0,GargoyleStoneplate,GargoyleStoneplate,,,,,,,,,,,,,,,,,,4.0,TrainerSnax,None,None,,,,,,,,,,,,,,,,,,,,,,,,,,,,,,,,,2.0,HextechGunblade,,
2,EUW1_5971899516,TFT7_Augment_AFK,TFT7_Augment_MirageTrait,TFT7_Augment_BestFriends3,,,,,,2.0,1.0,0.0,,0.0,,,,0.0,4.0,,0.0,,0.0,,,,,,,,1.0,,,,,,,,,,,,,,,,,,,,,,,,,,,,,,,,,,,,,,2.0,JeweledGauntlet,InfinityEdge,StatikkShiv,,,,,,,,,,,,,,,,,,,,,,,,,2.0,PowerGauntlet,GuardianAngel,,,,,,,,,,,,,,,,,,,,,,,,,,2.0,,,,2.0,,,,,,,,,,,,,,,,,,,,2.0,RedBuff,GargoyleStoneplate,FrozenHeart,,,,,,,,,,,,,,,,,,,,,,,,,,,,,,,,,,,,,,,,,,,,,,,,,,,,,,,,,,,,,,,,,,,,,,,,,,,,,,,None,None,,,,,,,,,,,,,,,,,,,,,,,,,2.0,HextechGunblade,WarmogsArmor,RecurveBow,2.0,,,,,,,
4,EUW1_5971899516,TFT7_Augment_ShapeshifterTrait,TFT6_Augment_ItemGrabBag1,TFT7_Augment_ThinkFast,,0.0,,0.0,,,1.0,0.0,0.0,,,1.0,0.0,,,,0.0,,,3.0,,,,,,,,2.0,,,,,2.0,RabadonsDeathcap,JeweledGauntlet,,,,,,,,,,,,,,,,,,,,,,,,,,,,,,,,,,,,,,,,,,2.0,UnstableConcoction,TitansResolve,Quicksilver,3.0,JeweledGauntlet,ArchangelsStaff,InfinityEdge,,,,,2.0,Zephyr,,,,,,,,,,,,,,,,,,,,,,,,,,,,,,,,,,,,,,,,,,,,,,,2.0,RedBuff,,,1.0,,,,,,,,,,,,,,,,,,,,,,,,,,,,,,,,,,,,,,,,,,,,,,,,,,,,,,,,,,,,1.0,Zephyr,,,,,,,,,,,,,,,,,,,,,,,,,None,None,,,,,,,,,,,,,,,,,,,,,,,,,,,,,,,,,,,,
3,EUW1_5971194699,TFT6_Augment_CalculatedLoss,TFT6_Augment_RadiantRelics,TFT7_Augment_BestFriends2,0.0,,1.0,,1.0,,1.0,,1.0,1.0,1.0,,,,,1.0,,1.0,,,1.0,,,,,1.0,,1.0,,,,,,,,,,,,,,,,,,,,,1.0,,,,,,,,2.0,GuinsoosRageblade,HandOfJusticeRadiant,HextechGunblade,,,,,,,,,2.0,ShimmerscaleMogulsMail,RedBuff,Redemption,,,,,,,,,,,,,,,,,,,,,,,,,,,,,,,,,,,,,,,,,,,,,,,,,,,,,,,,,2.0,,,,,,,,,,,,,,,,,,,,,,,,,,,,2.0,Bloodthirster,FrozenHeart,RecurveBow,,,,,,,,,,,,,,,,,,,,,,,,,,,,,,,,,2.0,MadredsBloodrazor,,,,,,,,,,,,,,,,,,,,,,,,,,,1.0,,,,4.0,TrainerSnax,None,None,2.0,,,,,,,,,,,,,,,,,,,,,,,,,,,,,,,,,,,
4,EUW1_5971194699,TFT6_Augment_ThrillOfTheHunt2,TFT6_Augment_BinaryAirdrop,TFT6_Augment_ComponentGrabBag,0.0,,,0.0,,0.0,1.0,0.0,,,1.0,1.0,,,,,2.0,,,1.0,,,,1.0,,,0.0,,,,,,,,,,,,,,2.0,,,,,,,,,,,,,,,,,,,,,,,,,,,,,,,,,,,,,,,,,,,,,,,,1.0,,,,2.0,GuardianAngel,GargoyleStoneplate,PowerGauntlet,,,,,,,,,,,,,,,,,,,,,,,,,,,,,,,,,,,,,,,,,2.0,BrambleVest,RedBuff,PowerGauntlet,,,,,,,,,,,,,,,,,,,,,,,,,,,,,,,,,,,,,,,,,1.0,,,,2.0,GuardianAngel,Bloodthirster,HextechGunblade,,,,,,,,,,,,,,,,,,,,,,,,,2.0,FrozenHeart,SparringGloves,RabadonsDeathcap,,,,,,,,,,,None,None,,,,,,,,,,,,,,,,,,,,,2.0,GuinsoosRageblade,MadredsBloodrazor,Chalice,,,,,,,,,,,,
7,EUW1_5971194699,TFT6_Augment_ThrillOfTheHunt2,TFT7_Augment_ThinkFast,TFT6_Augment_CyberneticShell2,,,,,1.0,,1.0,,1.0,1.0,,,,,,0.0,,1.0,,,1.0,,,,,1.0,,0.0,,,,,,,,,,,,,,,,,,,,,,,,,,,,,2.0,Deathblade,InfinityEdge,UnstableConcoction,,,,,,,,,2.0,ShimmerscaleMogulsMail,BrambleVest,RedBuff,,,,,,,,,,,,,,,,,,,,,,,,,,,,,,,,,,,,,,,,,,,,,,,,,,,,,,,,,2.0,PowerGauntlet,,,,,,,,,,,,,,,,,,,,,,,,,,,,,,,,,,,,,,,,,,,,,,,,,,,,,,,,,,,,,,,1.0,,,,,,,,,,,,,,,,,,,,,,,,,,,,2.0,,,,2.0,TrainerSnax,None,None,2.0,BFSword,,,,,,,,,,,,,,,,,,,,,,,,,,,,,,,,,,
2,EUW1_5971194699,TFT6_Augment_SecondWind2,TFT6_Augment_Meditation3,TFT6_Augment_SunfireBoard,,0.0,,1.0,,,,,1.0,,1.0,,,2.0,,1.0,,0.0,,,0.0,1.0,,,,1.0,,0.0,,,,,,,,,,,,,,,,,,,,,,,,,,,,,,,,,,,,,,,,,,,,,,,,,,,,,,,,,,,,,,,,,,,,,2.0,,,,2.0,TitanicHydra,LocketOfTheIronSolari,Shroud,,,,,,,,,,,,,,,,,,,,,,,,,2.0,,,,3.0,,,,,,,,,,,,,,,,,,,,,,,,,,,,,,,,2.0,,,,,,,,,,,,,,,,,,,,,,,,,,,,2.0,,,,,,,,,,,,2.0,DragonsClaw,TitanicHydra,IonicSpark,,,,,,,,,,,,,,,,,4.0,TrainerSnax,None,None,,,,,,,,,,,,,,,,,,,,,,,,,,,,,,,,,1.0,SpearOfShojin,RecurveBow,Shroud
5,EUW1_5971194699,TFT7_Augment_CavalierEmblem,TFT7_Augment_MirageEmblem2,TFT7_Augment_BestFriends2,,,,,,2.0,1.0,0.0,,0.0,,,,,4.0,,0.0,,,,,,,,,,1.0,,,,,,,,,,,,,,,,,,,,,,,,,,,,,,,,,,,,,,1.0,Quicksilver,ArchangelsStaff,StatikkShiv,,,,,,,,,,,,,,,,,,,,,,,,,2.0,MirageEmblemItem,,,,,,,,,,,,,,,,,,,,,,,,,,,2.0,Shroud,,,,,,,,,,,,,,,,,,,,,,,3.0,RedBuff,ChainVest,WarmogsArmor,,,,,,,,,,,,,,,,,,,,,,,,,,,,,,,,,,,,,,,,,,,,,,,,,,,,,,,,,,,,,,,,,,,,,,,,,,,,,,,None,None,,,,,,,,,,,,,,,,,,,,,,,,,1.0,CavalierEmblemItem,UnstableConcoction,,2.0,,,,,,,
1,EUW1_5971194699,TFT6_Augment_CyberneticUplink2,TFT6_Augment_CyberneticUplink3,TFT6_Augment_BlueBattery2,,1.0,,1.0,,,,0.0,,,1.0,,,2.0,0.0,0.0,,,,,0.0,1.0,,,,,0.0,0.0,,,,,,,,,,,,,,,,,,,,,,,,,,,,,,,,,,,,,,,,,,,,,,,,,,,,,,,,,,,,,,,,,,,,,,,,,3.0,Shroud,,,,,,,,,,,,,,,,,,,,,,,,,,,,,,,3.0,TearOfTheGoddess,,,,,,,,,,,,,,,,,,,,,,,,,,,,,,,2.0,SeraphsEmbrace,JeweledGauntlet,Bloodthirster,,,,,,,,,,,,,,,,,,,,,,,,,,,,,,,,,,,,,2.0,ThiefsGloves,TearOfTheGoddess,SeraphsEmbrace,,,,,,,,,,,,,,,,,,,None,None,,,,,,,,,,,,,2.0,SparringGloves,,,,,,,,,,,2.0,TearOfTheGoddess,,,,,,,2.0,StatikkShiv,BFSword,
6,EUW1_5971194699,TFT6_Augment_CyberneticImplants2,TFT6_Augment_CyberneticUplink3,TFT7_Augment_BestFriends2,0.0,,,1.0,,1.0,1.0,,0.0,,,,0.0,,2.0,0.0,0.0,,,,,,,,1.0,0.0,0.0,,,,,,,,,,,,,,,,,,,,,,,,,,,,,,,,,,,,,,2.0,GuinsoosRageblade,JeweledGauntlet,ArchangelsStaff,,,,,,,,,,,,,,,,,,,,,,,,,2.0,NegatronCloak,,,,,,,,,,,,,,,,,,,,,,,,,,,,,,,,,,,2.0,RecurveBow,,,,,,,,,,,,,,,1.0,ChainVest,,,,,,,2.0,NegatronCloak,,,,,,,1.0,LastWhisper,,,,,,,,,,,,,,,,,,,2.0,NegatronCloak,,,,,,,,,,,,,,,,,,,,,,,,,,,,,,,,,,,,,,,,,,,,,None,None,,,,,,,,,,,,,,,,,,,,,,,,,,,,,,,,,,,,
8,EUW1_5971194699,TFT6_Augment_SunfireBoard,TFT6_Augment_Distancing3,TFT6_Augment_ComponentGrabBag,1.0,0.0,,2.0,,0.0,,,,0.0,,,,0.0,,,0.0,,2.0,,,,,,0.0,,1.0,0.0,,,,,,,,,,,,,,,,,,,,,,,,,2.0,,,,,,,,2.0,FrozenHeart,InfinityEdge,,,,,,,,,,,,,,,,,,,,,,,,,,,,,,,,,,,,,,,,,,,,,,,,,,,,,,,,,,,,,,2.0,,,,,,,,,,,,,,,,,,,,,,,,2.0,InfinityEdge,RunaansHurricane,MadredsBloodrazor,,,,,,,,,2.0,,,,,,,,,,,,,,,,,,,,2.0,,,,,,,,2.0,,,,,,,,,,,,,,,,2.0,BrambleVest,TitanicHydra,Redemption,,,,,,,,,,,,,,,,,,,None,None,,,,,,,,,,,,,,,,,,,,,,,,,,,,,,,,,,,,
7,EUW1_5971233216,TFT6_Augment_Traitless3,TFT6_Augment_ThriftShop,TFT6_Augment_RadiantRelics,0.0,,,0.0,0.0,0.0,,,,,1.0,0.0,0.0,,,,0.0,0.0,,0.0,,,,0.0,0.0,,,,,,,,,,,,,,,,,,,,,,,,,,,,,,,,2.0,InfinityEdge,RunaansHurricaneRadiant,MadredsBloodrazor,,,,,,,,,,,,,,,,,,,,,,,,,,,,,,,,,1.0,,,,,,,,,,,,,,,,,,,,,,,,,,,,,,,,,,,,,,,,,,,,2.0,Redemption,GargoyleStoneplate,,,,,,,,,,,,,,1.0,ThiefsGloves,ChainVest,IonicSpark,,,,,,,,,,,,,,,,,,,,,,,,,,,,,,,,,,,,,,,,,,,,,,,,,,,,,,,,,1.0,Chalice,,,,,,,,,,,,,None,None,,,,,,,,,,,,,,,,,,,,,2.0,GuardianAngel,,,,,,,,,,,,,,
4,EUW1_5971233216,TFT6_Augment_GrandGambler,TFT6_Augment_ForceOfNature,TFT7_Augment_JadeTrait2,,0.0,,,,,1.0,0.0,0.0,,,3.0,0.0,,,0.0,,,,2.0,,,,0.0,,,,0.0,,,,,2.0,,,,,,,,2.0,,,,,,,,,,,,,,,,,,,,,,,,,,,,,,,,2.0,TitansResolve,RedBuff,GargoyleStoneplate,,,,,2.0,Shroud,,,,,,,2.0,ChainVest,,,,,,,,,,,,,,,,,,,2.0,,,,,,,,,,,,,,,,,,,,,,,,,,,,1.0,Redemption,,,3.0,Quicksilver,GuinsoosRageblade,UnstableConcoction,,,,,,,,,,,,,,,,,,,,,,,,,,,,,,,,,,,,,,,,,,,,,,,,,,,,,,,,,,,,,,,,,,,,,,,,,,,,,,,,,,,None,None,,,,,,,,,,,,,,,,,,,,,,,,,,,,,,,,,,,,
5,EUW1_5971233216,TFT6_Augment_Meditation3,TFT7_Augment_BruiserEmblem2,TFT6_Augment_MakeshiftArmor3,,1.0,,2.0,,,,,0.0,,1.0,,0.0,2.0,,1.0,,,,,,,,,0.0,1.0,,0.0,,,,,,,,,,,,,,,,,,,,,,,,,,,,,,,,,,,,,,,,,,,,,,,,,,,,,,,,,,,,,,,,,,,,,2.0,,,,2.0,,,,,,,,,,,,,,,,,,,,,,,,,,,,2.0,ZekesHerald,GuardianAngel,,2.0,,,,,,,,,,,,,,,,,,,,1.0,,,,,,,,,,,,2.0,,,,,,,,,,,,,,,,,,,,,,,,,,,,,,,,,,,,,,,,2.0,RedBuff,IonicSpark,Redemption,,,,,,,,,,,,,,,,,2.0,TrainerSnax,None,None,,,,,,,,,,,,,2.0,BruiserEmblemItem,WarmogsArmor,FrozenHeart,,,,,,,,,,,,,,,,,,,,
3,EUW1_5971233216,TFT7_Augment_RevelEmblem2,TFT6_Augment_WindfallPlus,TFT7_Augment_BestFriends3,,,,1.0,1.0,1.0,1.0,0.0,0.0,,,,0.0,,3.0,,,4.0,,,,,,,0.0,,0.0,,,,,,,,,,,,,,,,,,,,,,,,,,,,,,1.0,StatikkShiv,SeraphsEmbrace,MirageEmblemItem,,,,,2.0,GuinsoosRageblade,RevelEmblemItem,Quicksilver,,,,,,,,,,,,,,,,,,,,,,,,,,,,,,,,,,,,,2.0,,,,,,,,,,,,,,,,,,,,,,,,,,,,,,,,,,,,,,,,2.0,WarmogsArmor,,,,,,,1.0,CavalierEmblemItem,GargoyleStoneplate,RedBuff,,,,,,,,,,,,,,,,,,,,,,,,,,,,,,,,,,,,,2.0,ArchangelsStaff,,,,,,,,,,,,,,,2.0,,,,,,,,,,,,,,,,,,None,None,,,,,,,,,,,,,,,,,,,,,,,,,1.0,,,,,,,,,,,
2,EUW1_5971233216,TFT6_Augment_BandOfThieves2,TFT6_Augment_CyberneticShell3,TFT7_Augment_UrfsGrabBag2,,0.0,1.0,1.0,,,1.0,,0.0,,1.0,,,1.0,,1.0,,,,,0.0,1.0,,,1.0,1.0,,0.0,,,,,,,,,1.0,SpearOfShojin,ArchangelsStaff,SpearOfShojin,,,,,,,,,1.0,SeraphsEmbrace,,,,,,,,,,,,,,,,,,,,,,,,,,,,,,,,,,,,,,,,,,,,,,,2.0,BFSword,,,2.0,ThiefsGloves,SpearOfShojin,GuardianAngel,,,,,,,,,,,,,,,,,,,,,,,,,2.0,MageEmblemItem,ZekesHerald,LocketOfTheIronSolari,,,,,,,,,,,,,,,,,,,,,,,,,,,,,,,,,,,,,,,,,,,,,,,,,,,,,,,,,,,,,,,,,,,,,,,,,2.0,WarmogsArmor,RedBuff,GargoyleStoneplate,,,,,,,,,,,,,,,,,3.0,TrainerSnax,None,None,,,,,,,,,,,,,,,,,,,,,,,,,,,,,,,,,2.0,ThiefsGloves,Redemption,LastWhisper
1,EUW1_5971233216,TFT7_Augment_SwiftshotEmblem2,TFT6_Augment_ThriftShop,TFT6_Augment_RadiantRelics,1.0,0.0,1.0,1.0,,,,0.0,,,3.0,,0.0,,0.0,0.0,,,,,,,,2.0,1.0,,0.0,0.0,,,,,,,,,,,,,,,,,,,,,2.0,,,,,,,,,,,,,,,,,,,,,,,,,,,,,,,,,,,,2.0,PowerGauntlet,,,,,,,,,,,,,,,3.0,RedBuff,DragonsClaw,FrozenHeart,,,,,,,,,,,,,,,,,,,,,,,,,,,,,,,,,,,,,,,,,,,,,,,,,2.0,SeraphsEmbrace,FrozenHeart,TearOfTheGoddess,1.0,,,,,,,,,,,,,,,,,,,,,,,,,,,,,,,,,,,,,,,,,,,,,,,,,,,,,,,,2.0,,,,,,,,,,,,,,None,None,,,,,2.0,,,,3.0,MadredsBloodrazor,GuinsoosRageblade,RunaansHurricaneRadiant,,,,,,,,,,,,,2.0,MadredsBloodrazor,SwiftshotEmblemItem,Bloodthirster,,,,,,,,
6,EUW1_5971233216,TFT7_Augment_SacrificialPact,TFT7_Augment_ThinkFast,TFT6_Augment_CyberneticShell3,1.0,,,1.0,,0.0,,,,,2.0,,0.0,,,,1.0,,,,,,,1.0,1.0,,0.0,,,,,,,,,,,,,,,,,,,,,,,,,,,,,,,,,,,,,,,,,,,,,,,,,,,,,,,,,,,,,,,,,,2.0,Spatula,,,,,,,,,,,,,,,,,,,,,,,,,,,,,,,,,,,,,,,,,,,,,,,,,,,,,,,,,,,2.0,RedBuff,,,,,,,2.0,,,,,,,,,,,,,,,,,,,,2.0,SparringGloves,,,,,,,,,,,,,,,,,,,,,,,,,,,,,,,2.0,UnstableConcoction,Bloodthirster,,,,,,,,,,,,None,None,,,,,2.0,ZekesHerald,,,,,,,,,,,,,,,2.0,Quicksilver,GuinsoosRageblade,MadredsBloodrazor,,,,,,,,,,,,
8,EUW1_5971233216,TFT6_Augment_RadiantRelics,TFT6_Augment_Electrocharge3,TFT6_Augment_CyberneticImplants3,,1.0,,1.0,,,,,,,1.0,,,1.0,,0.0,,,,,,,,1.0,,0.0,,0.0,,,,,,,,,,,,,,,,,,,,,,,,,,,,,,,,,,,,,,,,,,,,,,,,,,,,,,,,,,,,,,,,,,,,,2.0,,,,3.0,LocketOfTheIronSolariRadiant,,,,,,,,,,,,,,,,,,,,,,,,,,,,,,,3.0,SpearOfShojin,,,,,,,,,,,,,,,,,,,,,,,,,,,,,,,,,,,,,,,,,,,,,,,,,,,,,,,,,,,,,,,,,,,,,,,2.0,BrambleVest,NegatronCloak,,,,,,,,,,,,,,,,,,,,None,None,,,,,2.0,,,,3.0,GuinsoosRageblade,MadredsBloodrazor,,,,,,,,,,,,,,,,,,,,,,,,,
2,EUW1_5971311465,TFT6_Augment_PandorasItems,TFT6_Augment_SecondWind1,TFT7_Augment_ThinkFast,,,1.0,1.0,,,1.0,,1.0,,1.0,0.0,,1.0,,1.0,,0.0,,,0.0,1.0,1.0,,,1.0,,2.0,,,,,,,,,,,,,,,,,,,,,2.0,,,,,,,,,,,,,,,,,,,,,,,,,,,,2.0,Quicksilver,TitansResolve,Bloodthirster,,,,,,,,,,,,,,,,,2.0,,,,,,,,,,,,,,,,,,,,,,,,,,,,,,,,2.0,,,,,,,,,,,,,,,,,,,,,,,,,,,,,,,,,,,,,,,,,,,,,,,,,,,,,,,,,,,,,,,,2.0,SeraphsEmbrace,,,2.0,Shroud,,,,,,,2.0,RedBuff,Redemption,,,,,,,,,,,,,,,,,,3.0,TrainerSnax,None,None,,,,,,,,,,,,,,,,,,,,,,,,,,,,,,,,,2.0,SpearOfShojin,StatikkShiv,Chalice
7,EUW1_5971311465,TFT6_Augment_SecondWind1,TFT6_Augment_CelestialBlessing1,TFT6_Augment_HighEndShopping,1.0,,,1.0,,1.0,,,,,3.0,,0.0,,,,1.0,,,,,,,1.0,1.0,,0.0,,,,,,,,,,,,,,,,,,,,,,,,,,,,,,,,,,,,,,,,,,,,,,,,,,,,,,,,,,,,,,,,,,2.0,,,,,,,,,,,,,,,,,,,,,,,,,,,,,,,,,,,,,,,,,,,,,,,,,,,,,,,,,,,,2.0,RedBuff,,,,,,,1.0,,,,,,,,2.0,,,,,,,,,,,,2.0,,,,,,,,,,,,,,,,,,,,,,,,,,,,,,,,2.0,InfinityEdge,UnstableConcoction,RapidFireCannon,,,,,,,,,,,None,None,,,,,1.0,,,,,,,,,,,,,,,,1.0,RunaansHurricane,UnstableConcoction,InfinityEdge,,,,,,,,,,,,
5,EUW1_5971311465,TFT7_Augment_MysticTrait,TFT6_Augment_CelestialBlessing1,TFT6_Augment_ForceOfNature,,1.0,,1.0,,,,0.0,1.0,,1.0,0.0,,2.0,0.0,2.0,,,,,,,1.0,,,1.0,0.0,0.0,,,,,,,,,,,,,,,,,,,,,,,,,,,,,,,,,,,,,,,,,,,,,,,,,,,,,,,,,,,,,,,,,,,,,2.0,Shroud,,,2.0,,,,,,,,,,,,,,,,,,,,,,,,,,,,1.0,,,,3.0,EvokerEmblemItem,Redemption,,,,,,,,,,,,,,,,,,,,,,,,,,,,,,2.0,SpearOfShojin,ArchangelsStaff,MadredsBloodrazor,,,,,,,,,,,,,,,,,,,,,,,,,,,,,1.0,,,,,,,,2.0,TitansResolve,RedBuff,Redemption,,,,,,,,,,,,,,,,,1.0,TrainerSnax,None,None,,,,,,,,,,,,,2.0,,,,,,,,,,,,1.0,,,,,,,,,,,
1,EUW1_5971311465,TFT6_Augment_TriForce1,TFT6_Augment_Weakspot,TFT6_Augment_TriForce3,0.0,1.0,1.0,1.0,,,,,0.0,,4.0,,,1.0,,2.0,,,,,0.0,1.0,,1.0,,0.0,,0.0,,,,,,,,,,,,,,,,,,,,,1.0,,,,,,,,,,,,,,,,,,,,,,,,,,,,,,,,,,,,,,,,,,,,,,,,,,,,3.0,WarmogsArmor,GargoyleStoneplate,RedBuff,,,,,,,,,,,,,,,,,,,,,,,,,2.0,,,,3.0,StatikkShiv,Zephyr,GuildEmblemItem,,,,,,,,,,,,,,,,,,,,,,,,,,,,,,,,,,,,,,,,,,,,,,,,,,,,,,,,,,,,,,,,,,,,,2.0,BrambleVest,,,,,,,1.0,,,,,,,,,,,,,,None,None,,,,,2.0,,,,3.0,GuinsoosRageblade,MadredsBloodrazor,RunaansHurricane,,,,,,,,,,,,,,,,,,,,,1.0,,,
6,EUW1_5971311465,TFT7_Augment_MirageTrait,TFT7_Augment_BestFriends1,TFT6_Augment_WindfallPlusPlus,,,1.0,,,2.0,1.0,0.0,,1.0,2.0,,,,4.0,0.0,,,,,,,,,,,1.0,,,,,,,,,,,,,,,,,,,,,,1.0,,,,,,,,,,,,,,,,2.0,RabadonsDeathcap,Quicksilver,HextechGunblade,,,,,,,,,,,,,,,,,,,,,,,,,,,,,,,,,,,,,,,,,,,,,,,,,,,,,2.0,,,,,,,,,,,,,,,,,,,,,,,,2.0,WarmogsArmor,GiantsBelt,GuardianEmblemItem,,,,,,,,,,,,,,,,,,,,,2.0,,,,,,,,,,,,,,,,,,,,,,,,,,,,,,,,,,,,,,,,,,,,,,,,,,,,,,,,,,None,None,,,,,,,,,,,,,,,,,,,,,,,,,1.0,CavalierEmblemItem,SeraphsEmbrace,Bloodthirster,2.0,,,,,,,
8,EUW1_5971311465,TFT7_Augment_BandOfThieves1,TFT7_Augment_BestFriends1,TFT6_Augment_ItemGrabBag2,,,,,2.0,,1.0,,1.0,1.0,,,,,,0.0,,2.0,,,1.0,,,,,1.0,,0.0,,,,,,,,,,,,,,,,,,,,,,,,,,,,,1.0,InfinityEdge,StatikkShiv,ShimmerscaleDravensAxe,,,,,,,,,2.0,DragonsClaw,BrambleVest,ChainVest,,,,,,,,,,,,,,,,,,,,,,,,,,,,,,,,,2.0,Shroud,,,,,,,,,,,,,,,,,,,,,,,2.0,Chalice,Chalice,SeraphsEmbrace,,,,,,,,,,,,,,,,,,,,,,,,,,,,,,,,,,,,,,,,,,,,,,,,,,,,,,,,,,,,,1.0,ThiefsGloves,ArchangelsStaff,HextechGunblade,,,,,,,,,,,,,,,,,,,,,,,,,1.0,,,,1.0,TrainerSnax,None,None,1.0,,,,,,,,,,,,,,,,,,,,,,,,,,,,,,,,,,,
3,EUW1_5971311465,TFT7_Augment_AssassinTrait,TFT6_Augment_PandorasItems,TFT6_Augment_HighEndShopping,3.0,,,1.0,,,,,,,1.0,,0.0,,,,1.0,,0.0,,0.0,,,0.0,1.0,,0.0,0.0,,,,,,,,,,,,,,,,,,,,,,,,,,,,,,,,,2.0,,,,,,,,,,,,,,,,,,,,,,,,,,,,,,,,,,,,,,,,,,,,,,,,,,,,2.0,Shroud,,,,,,,,,,,,,,,,,,,,,,,,,,,,,,,,,,,,,,,2.0,RedBuff,,,2.0,FrozenHeart,IonicSpark,InfinityEdge,2.0,Shroud,,,,,,,,,,,,,,,,,,,2.0,GiantsBelt,,,,,,,,,,,,,,,,,,,,,,,,,,,,,,,2.0,Zephyr,,,,,,,,,,,,,None,None,,,,,,,,,,,,,,,,,,,,,2.0,MadredsBloodrazor,GuinsoosRageblade,Quicksilver,,,,,,,,,,,,
4,EUW1_5971311465,TFT6_Augment_Twins1,TFT6_Augment_PandorasItems,TFT6_Augment_CelestialBlessing3,,1.0,,2.0,,,,,,,1.0,,0.0,,,,0.0,,,,,,,1.0,0.0,,0.0,,,,,,,,,,,,,,,,,,,,,,,,,,,,,,,,,,,,,,,,,,,,,,,,,,,,,,,,,,,,,,,,,,,,,,,,,,2.0,RedBuff,GargoyleStoneplate,WarmogsArmor,,,,,,,,,,,,,,,,,,,,,,,,,,,,,,,,,,,,,,,,,,,,,,,,,1.0,SeraphsEmbrace,,,,,,,,,,,,,,,,,,,,,,,,,,,2.0,,,,,,,,2.0,,,,,,,,,,,,,,,,,,,,,,,,,,,,,,,,,,,,,,None,None,,,,,2.0,,,,2.0,UnstableConcoction,GuinsoosRageblade,LastWhisper,,,,,,,,,,,,,,,,,,,,,,,,
5,EUW1_5971163651,TFT7_Augment_MirageTrait,TFT6_Augment_PandorasItems,TFT6_Augment_Distancing2,,,,,,2.0,1.0,0.0,,0.0,1.0,,,,4.0,,0.0,,,,,,,,,,1.0,,,,,,,,,,,,,,,,,,,,,,,,,,,,,,,,,,,,,,2.0,GuinsoosRageblade,,,,,,,,,,,,,,,,,,,,,,,,,,,1.0,SparringGloves,,,,,,,,,,,,,,,,,,,,,,,,,,,2.0,,,,,,,,,,,,,,,,,,,,,,,,2.0,RedBuff,DragonsClaw,,,,,,,,,,,,,,,,,,,,,,2.0,TitanicHydra,,,,,,,,,,,,,,,,,,,,,,,,,,,,,,,,,,,,,,,,,,,,,,,,,,,,,,,,,None,None,,,,,,,,,,,,,,,,,,,,,,,,,1.0,Bloodthirster,,,3.0,Quicksilver,Bloodthirster,GuinsoosRageblade,,,,
4,EUW1_5971163651,TFT6_Augment_CyberneticUplink1,TFT7_Augment_MageTrait,TFT7_Augment_MikaelsGift,,1.0,,1.0,,,,,0.0,,1.0,,,3.0,,1.0,,,,,0.0,1.0,,,,1.0,,0.0,,,,,,,,,,,,,,,,,,,,,,,,,,,,,,,,,,,,,,,,,,,,,,,,,,,,,,,,,,,,,,,,,,,,,2.0,,,,2.0,Morellonomicon,,,,,,,,,,,,,,,,,,,,,,,,,,,1.0,,,,2.0,,,,,,,,,,,,,,,,,,,,,,,,,,,,,,,,2.0,ArchangelsStaff,SpearOfShojin,JeweledGauntlet,,,,,,,,,,,,,,,,,,,,,,,,,,,,,,,,,,,,,3.0,BrambleVest,WarmogsArmor,RedBuff,,,,,,,,,,,,,,,,,1.0,TrainerSnax,None,None,,,,,,,,,,,,,3.0,IonicSpark,,,,,,,,,,,,,,,,,,,1.0,ZekesHerald,PowerGauntlet,LocketOfTheIronSolari
3,EUW1_5971163651,TFT7_Augment_ShapeshifterTrait,TFT6_Augment_PandorasItems,TFT7_Augment_ShapeshifterBeastsDen,,0.0,,,,,1.0,0.0,,,,2.0,,,,0.0,0.0,,,3.0,,,1.0,,,,,0.0,,,,,,,,,,,,,,,,,,,,,,,,,,,,,,,,,,,,,,,,,,,,,2.0,Bloodthirster,GuardianAngel,RedBuff,,,,,2.0,,,,,,,,2.0,,,,,,,,,,,,,,,,,,,,,,,,,,,,,,,,,,,,,,,,,,,,,,,,2.0,RedBuff,Redemption,DragonsClaw,3.0,GuinsoosRageblade,Deathblade,Quicksilver,,,,,,,,,,,,,,,,,,,,,,,,,,,,,,,,,,,,,,,,,,,,,,,,,,,,,1.0,,,,2.0,,,,,,,,,,,,,,,,,,,,,,,,,,None,None,,,,,,,,,,,,,,,,,,,,,,,,,,,,,,,,,,,,
8,EUW1_5971163651,TFT6_Augment_PandorasItems,TFT6_Augment_Diversify1,TFT6_Augment_TargetDummies,,0.0,1.0,1.0,,0.0,,,,,2.0,,,2.0,,1.0,,,0.0,,,,,,,0.0,,0.0,,,,,,,,,,,,,,,,,,,,,1.0,SpearOfShojin,RapidFireCannon,,,,,,,,,,,,,,,,,,,,,,,,,,,,,,,,,,,,,,,,,,,,,,2.0,,,,3.0,,,,,,,,,,,,,,,,,,,,,,,,1.0,,,,,,,,2.0,,,,,,,,,,,,,,,,,,,,,,,,,,,,,,,,2.0,HextechGunblade,SpearOfShojin,ArchangelsStaff,,,,,,,,,,,,,,,,,,,,,,,,,,,,,,,,,,,,,1.0,GargoyleStoneplate,DragonsClaw,,,,,,,,,,,,,,,,,,,,None,None,,,,,,,,,,,,,,,,,,,,,,,,,,,,,,,,,,,,
2,EUW1_5971163651,TFT6_Augment_LudensEcho1,TFT7_Augment_MageTrait,TFT6_Augment_PortableForge,,0.0,1.0,1.0,,,1.0,,1.0,,1.0,,0.0,2.0,,2.0,,0.0,,,,,,,2.0,1.0,,0.0,,,,,,,,,1.0,OrnnMuramana,SpearOfShojin,HextechGunblade,,,,,,,,,2.0,,,,,,,,,,,,,,,,,,,,,,,,,,,,,,,,,,,,,,,,,,,,,,,,2.0,Zephyr,,,,,,,,,,,,,,,,,,,,,,,,,,,,,,,2.0,,,,3.0,RabadonsDeathcap,MadredsBloodrazor,,,,,,,,,,,,,,,,,,2.0,Bloodthirster,GargoyleStoneplate,,,,,,,,,,,,,,,,,,,,,,,,,,,,,,,,,,,,,,2.0,MageEmblemItem,,,,,,,,,,,2.0,RedBuff,GargoyleStoneplate,IonicSpark,,,,,,,,,,,,,,,,,4.0,TrainerSnax,None,None,,,,,,,,,,,,,,,,,,,,,,,,,,,,,,,,,,,,
7,EUW1_5971163651,TFT7_Augment_BruiserTrait,TFT6_Augment_PandorasItems,TFT6_Augment_SunfireBoard,,,1.0,0.0,1.0,,1.0,,1.0,0.0,2.0,,,,,1.0,,1.0,,,1.0,,,0.0,,1.0,,,,,,,,,,,,,,,,,,,,,,,1.0,,,,,,,,1.0,MadredsBloodrazor,LastWhisper,RecurveBow,,,,,,,,,2.0,ShimmerscaleHeartOfGold,WarmogsArmor,Redemption,,,,,,,,,,,,,,,,,,,,,,,,,,,,,,,,,,,,,,,,,,,,,,,,,,,,,,,,,2.0,,,,,,,,,,,,,,,,,,,,,,,,,,,,,,,,,,,,,,,,,,,,,,,,,,,,,,,,,,,,,,,,2.0,ThiefsGloves,Morellonomicon,TitanicHydra,,,,,,,,,,,,,,,,,,,,,,,,,,,,,1.0,TrainerSnax,None,None,1.0,,,,1.0,,,,,,,,,,,,,,,,,,,,,,,,,,,,,,,
6,EUW1_5971163651,TFT6_Augment_FirstAidKit,TFT6_Augment_Diversify1,TFT6_Augment_JeweledLotus,,0.0,,0.0,,1.0,1.0,,,0.0,1.0,,,1.0,2.0,0.0,,,,,0.0,1.0,,,,,,1.0,,,,,,,,,,,,,,,,,,,,,,,,,,,,,,,,,,,,,1.0,MadredsBloodrazor,GuinsoosRageblade,GuinsoosRageblade,,,,,,,,,,,,,,,,,,,,,,,,,,,,,,,,,,,,,,,,,,,,,,,,,,,,,,,,,,,,,,,,,1.0,,,,,,,,,,,,2.0,TitansResolve,WarmogsArmor,UnstableConcoction,,,,,,,,,,,,,,,,,,,,,2.0,,,,,,,,,,,,,,,,,,,,,,,,,,,,,,,,,,,,2.0,GuardianAngel,IonicSpark,,,,,,,,,,,,,,2.0,,,,,,None,None,,,,,,,,,,,,,,,,,,,,,,,,,,,,,,,,,1.0,,,
1,EUW1_5971163651,TFT6_Augment_ItemGrabBag1,TFT6_Augment_Diversify1,TFT6_Augment_ThrillOfTheHunt2,,0.0,1.0,,1.0,,1.0,,1.0,1.0,1.0,,,0.0,,2.0,,1.0,0.0,,1.0,,,,,1.0,,,,,,,,,,,,,,,,,,,,,,,1.0,PowerGauntlet,,,1.0,WarmogsArmor,TitansResolve,,2.0,GuinsoosRageblade,InfinityEdge,Deathblade,,,,,,,,,2.0,GargoyleStoneplate,DragonsClaw,RedBuff,,,,,,,,,,,,,,,,,,,,,,,,,,,,,,,,,,,,,,,,,,,,,,,,,,,,,,,,,2.0,ShimmerscaleHeartOfGold,,,2.0,,,,,,,,,,,,,,,,,,,,,,,,,,,,,,,,,,,,,,,,,,,,,,,,,,,,,,,,,,,,2.0,Morellonomicon,,,,,,,,,,,,,,,,,,,,,,,,,,,,,,,2.0,TrainerSnax,None,None,2.0,StatikkShiv,Shroud,,,,,,,,,,,,,,,,,,,,,,,,,,,,,,,,,
7,EUW1_5970908963,TFT6_Augment_FuturePeepers,TFT6_Augment_CyberneticShell1,TFT7_Augment_BestFriends1,,,1.0,1.0,2.0,,,,1.0,,1.0,,0.0,,,1.0,,3.0,,,,,,,0.0,1.0,,,,,,,,,,,,,,,,,,,,,,,1.0,SpearOfShojin,RapidFireCannon,GuinsoosRageblade,,,,,2.0,MadredsBloodrazor,UnstableConcoction,MadredsBloodrazor,,,,,,,,,,,,,,,,,,,,,,,,,,,,,,,,,,,,,,,,,,,,,2.0,,,,,,,,,,,,,,,,,,,,,,,,2.0,,,,,,,,,,,,,,,,,,,,,,,,2.0,,,,,,,,,,,,,,,,,,,,,,,,,,,,,,,,,,,,,,,,2.0,Zephyr,,,,,,,,,,,,,,,2.0,Zephyr,RedBuff,,,,,,,,,,,,,,3.0,TrainerSnax,None,None,1.0,,,,,,,,,,,,,,,,,,,,,,,,,,,,,,,,,,,
2,EUW1_5970908963,TFT6_Augment_Electrocharge2,TFT6_Augment_SecondWind1,TFT7_Augment_BandOfThieves1,,,1.0,,,3.0,1.0,0.0,,,2.0,,,0.0,3.0,0.0,0.0,,0.0,,,,,,,,1.0,,,,,,,,,,,,,,,,,,,,,,1.0,,,,,,,,,,,,,,,,2.0,RapidFireCannon,JeweledGauntlet,InfinityEdge,,,,,,,,,,,,,,,,,,,,,,,,,1.0,Chalice,ZekesHerald,,,,,,,,,,,,,,,,,,,,,,,,,,,,,,2.0,IonicSpark,,,,,,,,,,,,,,,,,,,3.0,BrambleVest,HextechGunblade,MadredsBloodrazor,,,,,,,,,,,,,,,,,,,,,2.0,,,,,,,,,,,,,,,,,,,,,,,,,,,,,,,,,,,,,,,,,,,,,,,,,,,,,,,,,,None,None,,,,,,,,,,,,,,,,,,,,,,,,,1.0,ThiefsGloves,LocketOfTheIronSolari,GuinsoosRageblade,2.0,ChainVest,,,,,,
5,EUW1_5970908963,TFT7_Augment_GadgetExpert,TFT6_Augment_ThrillOfTheHunt1,TFT7_Augment_GuildTrait,1.0,,,1.0,,0.0,,0.0,,,3.0,,0.0,,0.0,,1.0,,,,,,,1.0,1.0,,1.0,,,,,,,,,,,,,,,,,,,,,,,,,,,,,,,,,,,,,,,,,,,,,,,,,,,,,,,,,,,,,,,,,,2.0,ThiefsGloves,RecurveBow,GuinsoosRageblade,,,,,,,,,,,,,,,,,,,,,,,,,,,,,,,,,,,,,,,,,,,,,,,,,,,,,,,,,1.0,,,,,,,,2.0,RabadonsDeathcap,,,,,,,,,,,,,,,,,,,2.0,Shroud,,,,,,,,,,,,,,,,,,,,,,,,,,,,,,,2.0,HextechGunblade,TitansResolve,Bloodthirster,,,,,,,,,,,None,None,,,,,2.0,Zephyr,,,,,,,,,,,,,,,2.0,StatikkShiv,UnstableConcoction,GuinsoosRageblade,1.0,,,,,,,,,,,
1,EUW1_5970908963,TFT6_Augment_CalculatedLoss,TFT7_Augment_AxiomArc1,TFT6_Augment_CyberneticUplink1,,0.0,,1.0,,,1.0,,0.0,,,,0.0,2.0,,1.0,,,,,0.0,1.0,,,2.0,1.0,,0.0,,,,,,,,,2.0,SpearOfShojin,MageEmblemItem,ArchangelsStaff,,,,,,,,,,,,,,,,,,,,,,,,,,,,,,,,,,,,,,,,,,,,,,,,,,,,,,,,,2.0,RunaansHurricane,,,,,,,,,,,,,,,,,,,,,,,,,,,,,,,2.0,ThiefsGloves,UnstableConcoction,Zephyr,3.0,StatikkShiv,,,,,,,,,,,,,,,,,,,1.0,Morellonomicon,,,,,,,,,,,,,,,,,,,,,,,,,,,,,,,,,,,,,,,,,,,,,,,,,,,2.0,GargoyleStoneplate,BrambleVest,,,,,,,,,,,,,,,,,,3.0,TrainerSnax,None,None,,,,,,,,,,,,,,,,,,,,,,,,,,,,,,,,,2.0,RecurveBow,PowerGauntlet,
8,EUW1_5970908963,TFT6_Augment_SecondWind2,TFT6_Augment_TinyTitans,TFT6_Augment_ThrillOfTheHunt1,,,,,1.0,,1.0,,1.0,1.0,,,,,,0.0,,1.0,,,1.0,,,,,1.0,,0.0,,,,,,,,,,,,,,,,,,,,,,,,,,,,,2.0,Quicksilver,GuinsoosRageblade,MadredsBloodrazor,,,,,,,,,2.0,RedBuff,,,,,,,,,,,,,,,,,,,,,,,,,,,,,,,,,,,,,,,,,,,,,,,,,,,,,,,,,,,1.0,,,,,,,,,,,,,,,,,,,,,,,,,,,,,,,,,,,,,,,,,,,,,,,,,,,,,,,,,,,,,,,,1.0,Morellonomicon,,,,,,,,,,,,,,,,,,,,,,,,,,,2.0,,,,2.0,TrainerSnax,None,None,1.0,ShimmerscaleGoldmancersStaff,StatikkShiv,LastWhisper,,,,,,,,,,,,,,,,,,,,,,,,,,,,,,,,
6,EUW1_5970908963,TFT6_Augment_RichGetRicher,TFT6_Augment_TinyTitans,TFT7_Augment_GuildTrait,0.0,,1.0,,,1.0,,0.0,,,5.0,0.0,,,,0.0,1.0,,,1.0,,,,1.0,,,,,,,,,,,,,,,,,,,,,,,,,1.0,,,,,,,,,,,,,,,,,,,,,,,,,,,,,,,,,,,,,,,,,,,,2.0,,,,,,,,,,,,,,,,,,,,,,,,,,,,,,,,,,,,,,,,,,,,2.0,GargoyleStoneplate,ArchangelsStaff,DragonsClaw,,,,,,,,,,,,,,,,,,,,,,,,,,,,,2.0,,,,,,,,,,,,,,,,,,,,,,,,,,,,,,,,1.0,,,,,,,,,,,,2.0,Bloodthirster,FrozenHeart,,,,,,,,,,,,None,None,,,,,2.0,,,,,,,,,,,,,,,,2.0,Quicksilver,GuinsoosRageblade,MadredsBloodrazor,,,,,,,,,,,,
3,EUW1_5970908963,TFT6_Augment_PortableForge,TFT6_Augment_ItemGrabBag1,TFT7_Augment_WhispersTrait,1.0,,,2.0,,,1.0,0.0,,0.0,,,0.0,0.0,0.0,,0.0,,,,,,,,1.0,,1.0,3.0,,,,,,,,,,,,,,,,,,,,,,,,,,,,,,,,,,,,,,,,,,,,,,,,,2.0,Bloodthirster,OrnnTheCollector,InfinityEdge,,,,,,,,,,,,,,,,,,,,,,,,,,,,,,,,,,,,,,,,,,,,,,,,,,,,,,,,,,,,,,,,,,,,,,,,,2.0,RedBuff,Redemption,,1.0,FrozenHeart,,,2.0,Shroud,,,,,,,,,,,,,,,,,,,2.0,,,,,,,,,,,,,,,,,,,,,,,,2.0,PowerGauntlet,LocketOfTheIronSolari,,,,,,,,,,,,,,2.0,,,,,,None,None,,,,,,,,,,,,,,,,,,,,,,,,,1.0,HextechGunblade,GuinsoosRageblade,,,,,,,,,
4,EUW1_5970908963,TFT6_Augment_CelestialBlessing2,TFT6_Augment_FirstAidKit,TFT7_Augment_ShapeshifterTrait,,,,,,,1.0,2.0,,,,1.0,0.0,,0.0,,1.0,,,2.0,0.0,,,0.0,0.0,,0.0,,,,,,,,,,,,,,2.0,NeedlesslyLargeRod,,,,,,,,,,,,,,,,,,,,,,,,,,,,,,,,,,,,,,,,,,,,,,,,,,,,,,,,,,,,,,,,,,,2.0,,,,,,,,2.0,Shroud,FrozenHeart,,,,,,,,,,,,,,,,,,2.0,TitanicHydra,RedBuff,GargoyleStoneplate,,,,,,,,,,,,,,,,,,,,,,,,,,,,,,,,,,,,,,,,,,,,,1.0,,,,,,,,,,,,,,,,3.0,ArchangelsStaff,GuinsoosRageblade,Quicksilver,,,,,,,,,,,,,,,,,,,,,,,None,None,,,,,,,,,,,,,,,,,2.0,,,,,,,,1.0,ThiefsGloves,Redemption,Redemption,,,,,,,,
2,EUW1_5971254660,TFT6_Augment_PortableForge,TFT6_Augment_TinyTitans,TFT7_Augment_GadgetExpert,,1.0,,2.0,,,,,,,1.0,,0.0,,,,0.0,,,,,,,2.0,1.0,,0.0,,,,,,,,,,,,,,,,,,,,,,,,,,,,,,,,,,,,,,,,,,,,,,,,,,,,,,,,,,2.0,,,,,,,,,,,,,,,,3.0,OrnnEternalWinter,DragonsClaw,GargoyleStoneplate,,,,,,,,,,,,,,,,,,,,,,,,,,,,,,,,,,,,,,,,,,,,,,,,,2.0,Morellonomicon,RedBuff,FrozenHeart,,,,,,,,,,,,,,,,,,,,,,,,,2.0,,,,,,,,3.0,IonicSpark,,,,,,,,,,,,,,,,,,,,,,,,,,,,,,,,,,,,,None,None,,,,,2.0,Zephyr,,,3.0,StatikkShiv,GuinsoosRageblade,RunaansHurricane,,,,,,,,,2.0,RapidFireCannon,InfinityEdge,,,,,,,,,,,,,
7,EUW1_5971254660,TFT6_Augment_BlueBattery2,TFT6_Augment_CelestialBlessing1,TFT6_Augment_MakeshiftArmor2,,,,,,1.0,,1.0,,1.0,,1.0,,,0.0,,0.0,,,,,,,1.0,1.0,,,,,,,,,,,,,,,,2.0,Morellonomicon,HextechGunblade,,,,,,,,,,,,,,,,,,,,,,,,,,,,,,,,,,,,,,,,,,2.0,,,,,,,,1.0,,,,,,,,,,,,,,,,3.0,SpearOfShojin,JeweledGauntlet,InfinityEdge,,,,,1.0,,,,3.0,Redemption,IonicSpark,CavalierEmblemItem,,,,,,,,,,,,,,,,,,,,,,,,,,,,,,,,,,,,,,,,,,,,,,,,,,,,,,,,,,,,,,,,,,,,,,,,,,,,,,,,,,,,,,,,,,,,,2.0,,,,,,,,,,None,None,,,,,,,,,,,,,,,,,,,,,,,,,,,,,,,,,,,,
1,EUW1_5971254660,TFT6_Augment_CyberneticUplink2,TFT6_Augment_CyberneticShell1,TFT6_Augment_JeweledLotus,,1.0,,0.0,,,1.0,,1.0,,1.0,,,3.0,,1.0,,,,,0.0,1.0,,,,1.0,,0.0,,,,,,,,,,,,,,,,,2.0,MageEmblemItem,,,,,,,,,,,,,,,,,,,,,,,,,,,,,,,,,,,,,,,,,,,,,,,,,,,2.0,SparringGloves,,,,,,,,,,,,,,,,,,,,,,,,,,,,,,,2.0,StatikkShiv,,,3.0,SeraphsEmbrace,,,,,,,,,,,,,,,,,,,,,,,,,,,,,,,2.0,NeedlesslyLargeRod,SpearOfShojin,HextechGunblade,,,,,,,,,,,,,,,,,,,,,,,,,,,,,,,,,,,,,2.0,GargoyleStoneplate,WarmogsArmor,,,,,,,,,,,,,,,,,,2.0,TrainerSnax,None,None,,,,,,,,,,,,,3.0,IonicSpark,GargoyleStoneplate,,,,,,,,,,,,,,,,,,2.0,Chalice,Chalice,
4,EUW1_5971254660,TFT6_Augment_CalculatedLoss,TFT6_Augment_Electrocharge1,TFT7_Augment_BruiserTitanicStrength,1.0,,,3.0,,,1.0,,,,,,0.0,0.0,,,0.0,0.0,0.0,,,,,,1.0,,1.0,2.0,,,,,,,,,,,,,,,,,,,,,,,,,,,,,,,,,,,,,,,,,,,,,,,,,2.0,InfinityEdge,Bloodthirster,Deathblade,,,,,,,,,,,,,,,,,,,,,,,,,,,,,,,,,,,,,,,,,,,,,,,,,,,,,,,,,,,,,,,,,,,,,2.0,,,,2.0,WarmogsArmor,Morellonomicon,,1.0,MadredsBloodrazor,FrozenHeart,RedBuff,2.0,,,,,,,,,,,,,,,,,,,,2.0,,,,,,,,,,,,,,,,,,,,,,,,2.0,,,,2.0,,,,,,,,,,,,,,,,,,None,None,,,,,,,,,,,,,,,,,,,,,,,,,,,,,,,,,,,,
8,EUW1_5971254660,TFT6_Augment_HyperRoll,TFT6_Augment_LudensEcho1,TFT7_Augment_AxiomArc2,,1.0,1.0,1.0,,,,,0.0,,2.0,,,2.0,,2.0,,,,,,,,,,1.0,,0.0,,,,,,,,,,,,,,,,,,,,,1.0,,,,,,,,,,,,,,,,,,,,,,,,,,,,,,,,,,,,,,,,,,,,,,,,2.0,,,,2.0,Redemption,,,,,,,,,,,,,,,,,,,,,,,,,,,2.0,,,,2.0,,,,,,,,,,,,,,,,,,,,,,,,,,,,,,,,2.0,MadredsBloodrazor,SpearOfShojin,UnstableConcoction,,,,,,,,,,,,,,,,,,,,,,,,,,,,,,,,,,,,,2.0,RedBuff,GargoyleStoneplate,TitansResolve,,,,,,,,,,,,,,,,,2.0,TrainerSnax,None,None,,,,,,,,,,,,,2.0,,,,,,,,,,,,,,,,,,,,,,,
6,EUW1_5971254660,TFT6_Augment_TradeSector,TFT6_Augment_Diversify1,TFT7_Augment_CannoneerHotShot,,,1.0,,1.0,,1.0,,1.0,1.0,1.0,,,,,1.0,,1.0,0.0,,1.0,,,,,1.0,,,,,,,,,,,,,,,,,,,,,,,1.0,,,,2.0,NegatronCloak,,,2.0,MadredsBloodrazor,HextechGunblade,GuinsoosRageblade,,,,,,,,,2.0,GargoyleStoneplate,Redemption,RedBuff,,,,,,,,,,,,,,,,,,,,,,,,,,,,,,,,,,,,,,,,,,,,,,,,,,,,,,,,,2.0,,,,,,,,,,,,,,,,,,,,,,,,,,,,,,,,,,,,,,,,,,,,,,,,,,,,,,,,,,,,,,,,2.0,StatikkShiv,ShimmerscaleGoldmancersStaff,JeweledGauntlet,,,,,,,,,,,,,,,,,,,,,,,,,,,,,3.0,TrainerSnax,None,None,2.0,,,,,,,,,,,,,,,,,,,,,,,,,,,,,,,,,,,
3,EUW1_5971254660,TFT6_Augment_TrueTwos,TFT7_Augment_BestFriends1,TFT6_Augment_ComponentGrabBag,,1.0,1.0,1.0,,,,,0.0,,2.0,,,1.0,,2.0,,,,,,,,1.0,,1.0,,0.0,,,,,,,,,,,,,,,,,,,,,1.0,,,,,,,,,,,,,,,,,,,,,,,,,,,,,,,,,,,,,,,,,,,,,,,,1.0,,,,3.0,ThiefsGloves,GiantsBelt,PowerGauntlet,,,,,,,,,,,,,,,,,,,,,,,,,2.0,FrozenHeart,,,3.0,SpearOfShojin,ArchangelsStaff,RapidFireCannon,,,,,,,,,,,,,,,,,,,,,,,,,,,,,,,,,,,,,,,,,,,,,,,,,,,,,,,,,,,,,,,,,,,,,2.0,RedBuff,DragonsClaw,Quicksilver,,,,,,,,,,,,,,,,,2.0,TrainerSnax,None,None,,,,,2.0,,,,2.0,RunaansHurricane,GuinsoosRageblade,UnstableConcoction,,,,,,,,,,,,,,,,,,,,,,,,
5,EUW1_5971254660,TFT7_Augment_GuildEmblem,TFT6_Augment_CelestialBlessing1,TFT6_Augment_SecondWind2,1.0,,,1.0,,1.0,,,,,4.0,,0.0,,,,1.0,,,,,,,1.0,1.0,,0.0,,,,,,,,,,,,,,,,,,,,,,,,,,,,,,,,,,,,,,,,,,,,,,,,,,,,,,,,,,,,,,,,,,2.0,NegatronCloak,GargoyleStoneplate,,,,,,,,,,,,,,,,,,,,,,,,,,,,,,,,,,,,,,,,,,,,,,,,,,,,,,,,,,2.0,,,,,,,,2.0,GuildEmblemItem,,,,,,,2.0,,,,,,,,,,,,2.0,,,,,,,,,,,,,,,,,,,,,,,,,,,,,,,,2.0,Bloodthirster,MadredsBloodrazor,GuardianAngel,,,,,,,,,,,None,None,,,,,2.0,,,,,,,,,,,,,,,,2.0,Quicksilver,GuinsoosRageblade,MadredsBloodrazor,,,,,,,,,,,,
6,EUW1_5971058667,TFT7_Augment_GuildEmblem,TFT6_Augment_SalvageBin,TFT6_Augment_ComponentGrabBag,0.0,,1.0,1.0,,1.0,,,,,5.0,,0.0,,,0.0,1.0,,,,,,,1.0,0.0,,0.0,,,,,,,,,,,,,,,,,,,,,,1.0,Redemption,,,,,,,,,,,,,,,,,,,,,,,,,,,,,,,,,,,,,,,,,,,2.0,ThiefsGloves,WarmogsArmor,InfinityEdge,,,,,,,,,,,,,,,,,,,,,,,,,,,,,,,,,,,,,,,,,,,,,,,,,,,,,,,,,2.0,GuildEmblemItem,RedBuff,Bloodthirster,,,,,,,,,,,,,2.0,,,,,,,,,,,,1.0,,,,,,,,,,,,,,,,,,,,,,,,,,,,,,,,2.0,MadredsBloodrazor,FrozenHeart,GuardianAngel,,,,,,,,,,,None,None,,,,,2.0,Zephyr,,,,,,,,,,,,,,,2.0,Quicksilver,GuinsoosRageblade,MadredsBloodrazor,,,,,,,,,,,,
8,EUW1_5971058667,TFT6_Augment_PortableForge,TFT6_Augment_LudensEcho2,TFT6_Augment_CelestialBlessing2,,,,,,,1.0,0.0,1.0,,,1.0,,,,0.0,,0.0,,1.0,,,1.0,,2.0,0.0,,,,,,,,,,,1.0,SpearOfShojin,JeweledGauntlet,ArchangelsStaff,,,,,,,,,,,,,,,,,,,,,,,,,,,,,,,,,,,,,,,,,,,,,,,,,2.0,,,,,,,,,,,,,,,,,,,,,,,,,,,,2.0,Bloodthirster,,,,,,,,,,,2.0,,,,,,,,2.0,RedBuff,,,,,,,,,,,,,,,,,,,,,,,,,,,,,,,,,,,,,,,,,,,,,,,,,,,,,,,2.0,OrnnMuramana,PowerGauntlet,MadredsBloodrazor,1.0,,,,,,,,,,,,,,,,,,,,,,,,,,,,,,None,None,,,,,,,,,,,,,,,,,,,,,,,,,,,,,,,,,,,,
1,EUW1_5971058667,TFT6_Augment_Ascension,TFT6_Augment_PortableForge,TFT7_Augment_UrfsGrabBag1,0.0,,1.0,,1.0,,1.0,0.0,1.0,1.0,2.0,,,,0.0,1.0,,1.0,,,1.0,,,,,1.0,0.0,,,,,,,,,,,,,,,,,,,,,,1.0,TitanicHydra,,,,,,,2.0,Deathblade,RunaansHurricane,MadredsBloodrazor,,,,,,,,,2.0,RedBuff,OrnnEternalWinter,GargoyleStoneplate,,,,,,,,,,,,,,,,,,,,,,,,,,,,,,,,,,,,,,,,,,,,,,,,,,,,,,,,,2.0,GuardianEmblemItem,,,,,,,,,,,,,,,,,,,,,,,,,,,,,,,,,,,,,,,,,,,,,,,,,,,,,,,,,,,,,,,2.0,ThiefsGloves,EmptyBag,EmptyBag,,,,,,,,,,,,,,,,,2.0,DragonsClaw,,,,,,,,,,,3.0,TrainerSnax,None,None,2.0,,,,,,,,,,,,,,,,,,,,,,,,2.0,Bloodthirster,MadredsBloodrazor,ShimmerscaleDiamondHands,,,,,,,,
2,EUW1_5971058667,TFT6_Augment_MetabolicAccelerator,TFT6_Augment_PortableForge,TFT7_Augment_FirstAidKit2,,0.0,1.0,1.0,,,,,0.0,,2.0,,,2.0,,2.0,,,,,0.0,1.0,,,,1.0,,0.0,,,,,,,,,,,,,,,,,,,,,1.0,,,,,,,,,,,,,,,,,,,,,,,,,,,,,,,,,,,,,,,,,,,,,,,,2.0,,,,3.0,WarmogsArmor,TitanicHydra,DragonsClaw,,,,,,,,,,,,,,,,,,,,,,,,,2.0,,,,3.0,LocketOfTheIronSolari,ArchangelsStaff,,,,,,,,,,,,,,,,,,,,,,,,,,,,,,2.0,OrnnMuramana,ArchangelsStaff,HextechGunblade,,,,,,,,,,,,,,,,,,,,,,,,,,,,,,,,,,,,,2.0,RedBuff,Redemption,IonicSpark,,,,,,,,,,,,,,,,,2.0,TrainerSnax,None,None,,,,,,,,,,,,,,,,,,,,,,,,,,,,,,,,,1.0,,,
7,EUW1_5971058667,TFT7_Augment_AssassinEmblem,TFT6_Augment_Ascension,TFT6_Augment_Diversify2,1.0,,1.0,1.0,,,1.0,0.0,,,1.0,0.0,0.0,,,0.0,0.0,,,,,,1.0,,3.0,,0.0,,,,,,,,,,1.0,HextechGunblade,GuardianAngel,ArchangelsStaff,,,,,,,,,1.0,,,,,,,,,,,,,,,,,,,,,,,,,,,,,,,,,,,,,,,,,,,,,,,,,,,,,,,,,,,,,,,,,,,,2.0,Zephyr,,,,,,,,,,,,,,,,,,,,,,,,,,,,,,,,,,,1.0,FrozenHeart,RedBuff,AssassinEmblemItem,,,,,2.0,ZekesHerald,,,,,,,,,,,,,,,,,,,1.0,Shroud,,,,,,,,,,,,,,,1.0,,,,,,,,,,,,,,,,,,,,,,,,,,,,,,None,None,,,,,,,,,,,,,,,,,,,,,,,,,,,,,,,,,,,,
3,EUW1_5971058667,TFT7_Augment_RagewingScorch,TFT6_Augment_TargetDummies,TFT6_Augment_ThrillOfTheHunt2,0.0,,,0.0,,0.0,,1.0,,,,0.0,,,,,2.0,,,1.0,0.0,,,1.0,,,0.0,,,,,,,,,,,,,,2.0,RunaansHurricane,,,,,,,,,,,,,,,,,,,,,,,,,,,,,,,,,,,,,,,,,,,,,,,,,,,2.0,,,,,,,,,,,,,,,,,,,,2.0,,,,,,,,,,,,,,,,,,,,,,,,2.0,RedBuff,JeweledGauntlet,TitanicHydra,,,,,,,,,,,,,,,,,,,,,,,,,,,,,,,,,,,,,2.0,,,,2.0,,,,,,,,,,,,,,,,,,,,3.0,Quicksilver,GuinsoosRageblade,ArchangelsStaff,,,,,,,,,,,,,,,,,,,,,,,None,None,,,,,,,,,,,,,,,,,,,,,2.0,MadredsBloodrazor,UnstableConcoction,RapidFireCannon,,,,,,,,,,,,
5,EUW1_5971058667,TFT6_Augment_RichGetRicher,TFT7_Augment_BruiserTitanicStrength,TFT6_Augment_ThrillOfTheHunt2,1.0,,1.0,2.0,,,1.0,,,0.0,1.0,,0.0,0.0,,0.0,,,0.0,,0.0,1.0,,,0.0,,0.0,3.0,,,,,,,,,,,,,,,,,,,,,2.0,,,,,,,,,,,,,,,,,,,,,,,,,,,,2.0,GuinsoosRageblade,MadredsBloodrazor,Bloodthirster,,,,,,,,,,,,,,,,,,,,,,,,,,,,,,,,,,,,,,,,,,,,,,,,,,,,,,,,,,,,,,,,,,,,,2.0,AssassinEmblemItem,FrozenHeart,RunaansHurricane,2.0,TitanicHydra,,,1.0,RabadonsDeathcap,Bloodthirster,,,,,,,,,,,,,,,,,,,,,,,,,,,,,,,,,,,,,,,,,,,,,,2.0,,,,,,,,,,,,,,,,1.0,,,,,,None,None,,,,,,,,,,,,,,,,,,,,,,,,,,,,,,,,,2.0,,,
4,EUW1_5971058667,TFT6_Augment_ThrillOfTheHunt2,TFT7_Augment_GadgetExpert,TFT6_Augment_Ascension,1.0,,,1.0,,1.0,,,,,3.0,,0.0,,,,1.0,,,,,,,1.0,1.0,,0.0,,,,,,,,,,,,,,,,,,,,,,,,,,,,,,,,,,,,,,,,,,,,,,,,,,,,,,,,,,,,,,,,,,2.0,Morellonomicon,Zephyr,,,,,,,,,,,,,,,,,,,,,,,,,,,,,,,,,,,,,,,,,,,,,,,,,,,,,,,,,,2.0,,,,,,,,2.0,LocketOfTheIronSolari,,,,,,,1.0,,,,,,,,,,,,2.0,IonicSpark,,,,,,,,,,,,,,,,,,,,,,,,,,,,,,,2.0,ThiefsGloves,ChainVest,IonicSpark,,,,,,,,,,,None,None,,,,,2.0,ZekesHerald,PowerGauntlet,,,,,,,,,,,,,,2.0,StatikkShiv,UnstableConcoction,GuinsoosRageblade,,,,,,,,,,,,
5,EUW1_5971104778,TFT6_Augment_RadiantRelics,TFT7_Augment_MageTrait,TFT6_Augment_Meditation2,,1.0,,1.0,,,,,1.0,,1.0,,,3.0,,1.0,,0.0,,,0.0,1.0,,,,0.0,,0.0,,,,,,,,,,,,,,,,,,,,,,,,,,,,,,,,,,,,,,,,,,,,,,,,,,,,,,,,,,,,,,,,,,,,,,,,,2.0,MageEmblemItem,Shroud,Chalice,,,,,,,,,,,,,,,,,,,,,,,,,2.0,,,,3.0,,,,,,,,,,,,,,,,,,,,,,,,,,,,,,,,2.0,ArchangelsStaff,NeedlesslyLargeRod,SpearOfShojin,,,,,,,,,,,,,,,,,,,,,,,,,2.0,,,,,,,,,,,,2.0,RedBuff,GargoyleStoneplateRadiant,TitanicHydra,,,,,,,,,,,,,,,,,,,None,None,,,,,,,,,,,,,3.0,,,,,,,,,,,,,,,,,,,,1.0,,,
7,EUW1_5971104778,TFT7_Augment_MysticTrait2,TFT7_Augment_BandOfThieves1,TFT6_Augment_SecondWind2,,,1.0,,2.0,,1.0,,1.0,0.0,1.0,0.0,,,,2.0,,1.0,,,1.0,,1.0,,,1.0,,,,,,,,,,,,,,,,,,,,,,,1.0,CannoneerEmblemItem,,,,,,,1.0,ShimmerscaleDravensAxe,InfinityEdge,MadredsBloodrazor,,,,,,,,,2.0,GargoyleStoneplate,DragonsClaw,,,,,,,,,,,,,,,,,,,,,,,,,,,,,,,,,,,,,,,,,,,,,,,,,,,,,,,,,,2.0,Chalice,,,,,,,,,,,,,,,,,,,,,,,,,,,,,,,,,,,,,,,,,,,,,,,,,,,,,,,,,,,,,,,1.0,StatikkShiv,UnstableConcoction,GuinsoosRageblade,1.0,,,,,,,,,,,,,,,,,,,,,,,,,,,,4.0,TrainerSnax,None,None,1.0,ThiefsGloves,StatikkShiv,GuinsoosRageblade,,,,,,,,,,,,,,,,,,,,,,,,,,,,,,,,
3,EUW1_5971104778,TFT6_Augment_ItemGrabBag2,TFT7_Augment_BruiserTrait,TFT7_Augment_BigFriend2,0.0,,,3.0,,,1.0,0.0,,,,,0.0,0.0,0.0,,0.0,0.0,,,,,,,1.0,,1.0,2.0,,,,,,,,,,,,,,,,,,,,,,,,,,,,,,,,,,,,,,,,,,,,,,,,,2.0,TitansResolve,Bloodthirster,InfinityEdge,,,,,,,,,,,,,,,,,,,,,,,,,,,,,,,,,,,,,,,,,,,,,,,,,,,,,,,,,,,,,,,,,,,,,,,,,2.0,RedBuff,RapidFireCannon,GargoyleStoneplate,,,,,2.0,FrozenHeart,TearOfTheGoddess,,,,,,,,,,,,,,,,,,2.0,ZekesHerald,,,,,,,,,,,,,,,,,,,,,,,2.0,TitanicHydra,,,2.0,,,,,,,,,,,,,,,,,,None,None,,,,,,,,,,,,,,,,,,,,,,,,,1.0,ThiefsGloves,Morellonomicon,TitanicHydra,,,,,,,,
1,EUW1_5971104778,TFT7_Augment_MirageEmblem2,TFT6_Augment_ItemGrabBag1,TFT6_Augment_PortableForge,,,,,,2.0,1.0,0.0,,,1.0,0.0,,,4.0,,0.0,,,0.0,,,,,,,1.0,,,,,,,,,,,,,,,,,,,,,,,,,,,,,,,,,,,,,,2.0,Quicksilver,ArchangelsStaff,UnstableConcoction,,,,,,,,,,,,,,,,,,,,,,,,,1.0,Chalice,,,,,,,,,,,,,,,,,,,,,,,,,,,,,,,,,,,,,,,,,,,2.0,MirageEmblemItem,RedBuff,,,,,,2.0,Bloodthirster,RedBuff,OrnnRocketPropelledFist,,,,,,,,,,,,,,,,,,,,,2.0,MirageEmblemItem,,,,,,,,,,,,,,,,,,,,,,,,,,,,,,,,,,,,,,,,,,,,,,,,,,,,,,,,,None,None,,,,,,,,,,,,,,,,,,,,,,,,,1.0,TitansResolve,HextechGunblade,,2.0,,,,,,,
2,EUW1_5971104778,TFT7_Augment_ScalescornEmblem2,TFT6_Augment_Weakspot,TFT6_Augment_TomeOfTraits1,2.0,,,1.0,,0.0,,,,,1.0,,0.0,0.0,,,0.0,,2.0,,,,,,1.0,,1.0,,,,,,,,,,,,,,,,,,,,,,,,,,,,,,,,,,3.0,TitansResolve,MadredsBloodrazor,InfinityEdge,,,,,,,,,,,,,,,,,,,,,,,,,,,,,,,,,,,,,,,,,,,,,,,,,,,,,,,,,,,,,2.0,,,,,,,,,,,,,,,,,,,,,,,,2.0,AssassinEmblemItem,InfinityEdge,RunaansHurricane,1.0,,,,,,,,2.0,LocketOfTheIronSolari,Quicksilver,,,,,,,,,,,,,,,,,,2.0,,,,,,,,,,,,,,,,,,,,,,,,,,,,,,,,2.0,IonicSpark,ScalescornEmblemItem,GuinsoosRageblade,,,,,,,,,,,None,None,,,,,,,,,,,,,,,,,,,,,,,,,,,,,,,,,,,,
8,EUW1_5971104778,TFT6_Augment_Twins3,TFT6_Augment_PandorasItems,TFT7_Augment_SwiftshotPressTheAttack,,0.0,,1.0,,,,,,,1.0,,,0.0,,,0.0,,,,,,,1.0,,,0.0,0.0,,,,,,,,,,,,,,,,,,,,,,,,,,,,,,,,,,,,,,,,,,,,,,,,,,,,,,,,,,,,,,,,,,,,,,,,,3.0,GargoyleStoneplate,FrozenHeart,DragonsClaw,,,,,,,,,,,,,,,,,,,,,,,,,,,,,,,,,,,,,,,,,,,,,,,,,,,,,,,,,,,,,,,,,,,,,,,,,,,,,1.0,,,,,,,,,,,,,,,,,,,,,,,,1.0,,,,,,,,,,,,,,,,,,,,,,None,None,,,,,2.0,,,,3.0,RunaansHurricane,Deathblade,GuinsoosRageblade,,,,,,,,,,,,,,,,,,,,,,,,
6,EUW1_5971104778,TFT7_Augment_RevelEmblem2,TFT6_Augment_Electrocharge1,TFT6_Augment_SunfireBoard,,,,1.0,1.0,,1.0,,1.0,,,,0.0,,2.0,0.0,,4.0,,,,,,,0.0,0.0,,,,,,,,,,,,,,,,,,,,,,,,,,,,,,,1.0,StatikkShiv,,,,,,,1.0,Quicksilver,RevelEmblemItem,GuinsoosRageblade,,,,,,,,,,,,,,,,,,,,,,,,,,,,,,,,,,,,,2.0,,,,,,,,,,,,,,,,,,,,,,,,2.0,ZekesHerald,,,,,,,,,,,,,,,,,,,,,,,2.0,ThiefsGloves,ZekesHerald,Deathblade,,,,,,,,,,,,,,,,,,,,,,,,,,,,,,,,,,,,,2.0,ThiefsGloves,Redemption,LastWhisper,,,,,,,,,,,,,2.0,GargoyleStoneplate,FrozenHeart,MirageEmblemItem,,,,,,,,,,,,,,,None,None,,,,,,,,,,,,,,,,,,,,,,,,,,,,,,,,,,,,
4,EUW1_5971104778,TFT6_Augment_Twins3,TFT7_Augment_Preparation,TFT7_Augment_ShapeshifterBeastsDen,,0.0,,,,,1.0,0.0,,,,0.0,,,,,1.0,,,3.0,,,,,,,,0.0,,,,,,,,,,,,,,,,,,,,,,,,,,,,,,,,,,,,,,,,,,,,,,,,,,,,,2.0,,,,,,,,2.0,,,,,,,,,,,,,,,,,,,,,,,,,,,,,,,,,,,,,,,,,,,,,,,,1.0,Shroud,WarmogsArmor,,2.0,Quicksilver,GuinsoosRageblade,MadredsBloodrazor,,,,,,,,,,,,,,,,,,,,,,,,,,,,,,,,,,,,,,,,,1.0,FrozenHeart,IonicSpark,DragonsClaw,,,,,,,,,,,,,2.0,,,,,,,,,,,,,,,,,,,,,,,,,,None,None,,,,,,,,,,,,,,,,,,,,,,,,,,,,,,,,,,,,
6,EUW1_5973227832,TFT6_Augment_ThreesCompany,TFT7_Augment_SwiftshotPressTheAttack,TFT7_Augment_CavalierEmblem,1.0,,,1.0,,2.0,,,,,3.0,,0.0,,,,1.0,,,,,,,1.0,1.0,,0.0,,,,,,,,,,,,,,,,,,,,,,,,,,,,,,,,,,,,,,,,,,,,,,,,,,,,,,,,,,,,,,,,,,1.0,,,,,,,,,,,,,,,,,,,,,,,,,,,,,,,,,,,,,,,,,,,,,,,,,,,,,,,,,,,,2.0,DragonsClaw,Morellonomicon,CavalierEmblemItem,,,,,2.0,,,,,,,,2.0,,,,,,,,,,,,2.0,BrambleVest,,,,,,,,,,,,,,,,,,,,,,,,,,,,,,,1.0,FrozenHeart,MadredsBloodrazor,InfinityEdge,,,,,,,,,,,None,None,,,,,2.0,,,,,,,,,,,,,,,,1.0,GuinsoosRageblade,Deathblade,Quicksilver,,,,,,,,,,,,
8,EUW1_5973227832,TFT7_Augment_CannoneerHotShot,TFT6_Augment_ThrillOfTheHunt2,TFT6_Augment_BlueBattery2,,,,,2.0,,1.0,,1.0,1.0,,,,,,0.0,,2.0,0.0,,1.0,,,,,1.0,,,,,,,,,,,,,,,,,,,,,,,,,,,1.0,FrozenHeart,,,1.0,Bloodthirster,InfinityEdge,LastWhisper,,,,,,,,,1.0,BrambleVest,ShimmerscaleMogulsMail,RedBuff,,,,,,,,,,,,,,,,,,,,,,,,,,,,,,,,,2.0,,,,,,,,,,,,,,,,,,,,,,,,2.0,,,,,,,,,,,,,,,,,,,,,,,,,,,,,,,,,,,,,,,,,,,,,,,,,,,,,,,,,,,,,,,,1.0,,,,,,,,,,,,,,,,,,,,,,,,,,,,,,,,3.0,TrainerSnax,None,None,2.0,StatikkShiv,,,,,,,,,,,,,,,,,,,,,,,,,,,,,,,,,,
7,EUW1_5973227832,TFT7_Augment_GuildEmblem,TFT7_Augment_Preparation2,TFT6_Augment_TomeOfTraits1,0.0,,,1.0,,2.0,,,,,4.0,,0.0,,0.0,,0.0,,,,,,,1.0,0.0,,0.0,,,,,,,,,,,,,,,,,,,,,,,,,,,,,,,,,,,,,,,,,,,,,,,,,,,,,,,,,,,,,,,,,,,,,,,,,,,,,,,,,,,,,,,,,,,,,,,,,,,,,,,,,,,,,,,,,,,,,,2.0,TitanicHydra,,,,,,,1.0,WarmogsArmor,,,,,,,,,,,,,,,2.0,LocketOfTheIronSolari,RedBuff,,,,,,,,,,2.0,,,,,,,,,,,,,,,,,,,,,,,,,,,,,,,,2.0,FrozenHeart,InfinityEdge,CavalierEmblemItem,,,,,,,,,,,None,None,,,,,1.0,,,,,,,,,,,,,,,,1.0,GuinsoosRageblade,GuildEmblemItem,MadredsBloodrazor,,,,,,,,,,,,
1,EUW1_5973227832,TFT6_Augment_Twins2,TFT6_Augment_ComponentGrabBag,TFT6_Augment_ThrillOfTheHunt2,,0.0,,1.0,,,1.0,,,,1.0,,,,,,,,,,,,,1.0,,,,1.0,,,,,,,,,,,,,,,,,,,,,,,,,,,,,,,,,,,,,,,,,,,,,,,,,2.0,MadredsBloodrazor,,,,,,,,,,,,,,,,,,,,,,,2.0,TitanicHydra,GargoyleStoneplate,LocketOfTheIronSolari,,,,,,,,,,,,,,,,,,,,,,,,,,,,,,,,,,,,,,,,,,,,,,,,,,,,,,,,,,,,,,,,,,,,,,,,,,,,,,,,,,,,,,,,,,,,,,,,,,,,,,,,,,,,,,,,,,,,,,,,,,,None,None,,,,,2.0,,,,2.0,PowerGauntlet,RunaansHurricane,StatikkShiv,,,,,,,,,,,,,,,,,,,,,,,,
4,EUW1_5973227832,TFT7_Augment_PandorasBench,TFT6_Augment_TradeSectorPlus,TFT6_Augment_CyberneticShell2,1.0,,,1.0,,1.0,,,,,3.0,,0.0,,,,1.0,,,,,,,1.0,1.0,,0.0,,,,,,,,,,,,,,,,,,,,,,,,,,,,,,,,,,,,,,,,,,,,,,,,,,,,,,,,,,,,,,,,,,2.0,ArchangelsStaff,,,,,,,,,,,,,,,,,,,,,,,,,,,,,,,,,,,,,,,,,,,,,,,,,,,,,,,,,,,2.0,RedBuff,,,,,,,2.0,TearOfTheGoddess,,,,,,,2.0,SparringGloves,,,,,,,,,,,2.0,TearOfTheGoddess,,,,,,,,,,,,,,,,,,,,,,,,,,,,,,,2.0,UnstableConcoction,RunaansHurricane,GuardianAngel,,,,,,,,,,,None,None,,,,,2.0,,,,,,,,,,,,,,,,2.0,Deathblade,GuinsoosRageblade,Quicksilver,,,,,,,,,,,,
3,EUW1_5973227832,TFT6_Augment_CyberneticUplink2,TFT6_Augment_Distancing2,TFT6_Augment_BlueBattery2,,0.0,,1.0,,,,,1.0,,1.0,,,2.0,,1.0,,0.0,,,0.0,1.0,,,,1.0,,0.0,,,,,,,,,,,,,,,,,,,,,,,,,,,,,,,,,,,,,,,,,,,,,,,,,,,,,,,,,,,,,,,,,,,,,2.0,Zephyr,,,2.0,Redemption,,,,,,,,,,,,,,,,,,,,,,,,,,,2.0,GiantsBelt,,,3.0,RecurveBow,,,,,,,,,,,,,,,,,,,,,,,,,,,,,,,2.0,SpearOfShojin,UnstableConcoction,ArchangelsStaff,,,,,,,,,,,,,,,,,,,,,,,,,2.0,MageEmblemItem,,,,,,,,,,,2.0,GargoyleStoneplate,WarmogsArmor,,,,,,,,,,,,,,,,,,2.0,TrainerSnax,None,None,,,,,,,,,,,,,,,,,,,,,,,,,,,,,,,,,1.0,GuinsoosRageblade,,
5,EUW1_5973227832,TFT6_Augment_MakeshiftArmor2,TFT6_Augment_TradeSectorPlus,TFT7_Augment_MirageEmblem,,,,,,3.0,1.0,,,,1.0,,,0.0,3.0,,0.0,,0.0,,,,,,,,0.0,,,,,,,,,,,,,,,,,,,,,,,,,,,,,,,,,,,,,,2.0,ArchangelsStaff,JeweledGauntlet,InfinityEdge,,,,,,,,,,,,,,,,,,,,,,,,,2.0,MirageEmblemItem,PowerGauntlet,TitanicHydra,,,,,,,,,,,,,,,,,,,,,,,,,,,,,2.0,,,,,,,,,,,,,,,,,,,,3.0,RedBuff,Redemption,HextechGunblade,,,,,,,,,,,,,,,,,,,,,2.0,,,,,,,,,,,,,,,,,,,,,,,,,,,,,,,,,,,,,,,,,,,,,,,,,,,,,,,,,,None,None,,,,,,,,,,,,,,,,,,,,,,,,,,,,,2.0,,,,,,,
2,EUW1_5973227832,TFT6_Augment_Ascension,TFT7_Augment_UrfsGrabBag1,TFT6_Augment_TargetDummies,,2.0,,1.0,,,1.0,,1.0,,,,,1.0,,1.0,,,,,,,,,,1.0,,0.0,,,,,,,,,,,,,,,,,1.0,RabadonsDeathcap,ArchangelsStaff,MageEmblemItem,,,,,,,,,,,,,,,,,,,,,,,,,,,,,,,,,,,,,,,,,,,,,,,,,2.0,Zephyr,,,2.0,,,,,,,,,,,,,,,,,,,,,,,,,,,,2.0,PowerGauntlet,StatikkShiv,,3.0,Zephyr,SpearOfShojin,,,,,,,,,,,,,,,,,,,,,,,,,,,,,,,,,,,,,,,,,,,,,,,,,,,,,,1.0,,,,,,,,,,,,,,,,2.0,GargoyleStoneplate,RedBuff,DragonsClaw,,,,,,,,,,,,,,,,,4.0,TrainerSnax,None,None,,,,,,,,,,,,,,,,,,,,,,,,,,,,,,,,,,,,
5,EUW1_5971617011,TFT7_Augment_GadgetExpert,TFT6_Augment_LudensEcho2,TFT7_Augment_MageEmblem,,,,1.0,,0.0,1.0,,0.0,,,,0.0,2.0,,0.0,,,0.0,,0.0,1.0,,,2.0,1.0,,0.0,,,,,,,,,1.0,SpearOfShojin,MageEmblemItem,GuinsoosRageblade,,,,,,,,,,,,,,,,,,,,,,,,,,,,,,,,,,,,,,,,,,,,,,,,,,,,,,,,,1.0,,,,,,,,,,,,,,,,,,,,,,,,,,,,2.0,ThiefsGloves,GiantsBelt,Zephyr,2.0,ArchangelsStaff,,,,,,,,,,,,,,,,,,,,,,,1.0,,,,,,,,,,,,,,,,,,,,,,,,,,,,,,,,,,,,,,,,,,,,,,,,,,,,2.0,DragonsClaw,RedBuff,WarmogsArmor,,,,,,,,,,,,,,,,,2.0,TrainerSnax,None,None,,,,,,,,,,,,,,,,,,,,,,,,,,,,,,,,,1.0,StatikkShiv,MadredsBloodrazor,RapidFireCannon
3,EUW1_5971617011,TFT6_Augment_SecondWind2,TFT7_Augment_LastStand,TFT6_Augment_SunfireBoard,,,,1.0,,,,2.0,0.0,,,1.0,1.0,0.0,0.0,,0.0,,,0.0,0.0,,,0.0,1.0,,0.0,0.0,,,,,2.0,DragonmancerEmblemItem,,,,,,,2.0,,,,,,,,,,,,,,,,,,,,,,,,,,,,,,,,,,,,,,,,,,,,,,,,,,,,,,,,,,,,,,,,,,,,,,,,,,,,2.0,JadeEmblemItem,,,,,,,,,,,,,,,,,,,,,,,,,,,,,,,,,,,2.0,GargoyleStoneplate,,,,,,,,,,,,,,,,,,,,,,,,,,,,,,,,,,,,,,,,,,,,,,,2.0,Chalice,ZekesHerald,Chalice,2.0,,,,,,,,,,,,,,,,,,,,,,None,None,,,,,,,,,,,,,,,,,3.0,GuinsoosRageblade,MadredsBloodrazor,Bloodthirster,,,,,1.0,SeraphsEmbrace,,,,,,,,,,
2,EUW1_5971617011,TFT7_Augment_GadgetExpert,TFT6_Augment_Twins2,TFT7_Augment_SwiftshotPressTheAttack,,1.0,1.0,1.0,,,,0.0,,,2.0,,,0.0,0.0,1.0,,,,,,,,1.0,,,0.0,,,,,,,,,,,,,,,,,,,,,,1.0,,,,,,,,,,,,,,,,,,,,,,,,,,,,,,,,,,,,,,,,,,,,,,,,,,,,3.0,TitanicHydra,GargoyleStoneplate,Morellonomicon,,,,,,,,,,,,,,,,,,,,,,,,,,,,,3.0,PowerGauntlet,RedBuff,,,,,,,,,,,,,,,,,,,,,,,,,,,,,,,,,,,,,,,,,,,,,,,,,,,,,,3.0,TitanicHydra,RedBuff,NegatronCloak,,,,,,,,,,,,,,,,,,,,,,,,,,,,,,,,,,,None,None,,,,,2.0,Shroud,,,3.0,StatikkShiv,StatikkShiv,GuinsoosRageblade,,,,,,,,,,,,,2.0,ThiefsGloves,JeweledGauntlet,ArchangelsStaff,,,,,,,,
4,EUW1_5971617011,TFT6_Augment_CyberneticImplants2,TFT6_Augment_TargetDummies,TFT6_Augment_SunfireBoard,1.0,,,1.0,,1.0,,,,,3.0,,0.0,,,,1.0,,,,,,,1.0,1.0,,0.0,,,,,,,,,,,,,,,,,,,,,,,,,,,,,,,,,,,,,,,,,,,,,,,,,,,,,,,,,,,,,,,,,,2.0,,,,,,,,,,,,,,,,,,,,,,,,,,,,,,,,,,,,,,,,,,,,,,,,,,,,,,,,,,,,2.0,ArchangelsStaff,WarmogsArmor,Morellonomicon,,,,,1.0,,,,,,,,2.0,,,,,,,,,,,,2.0,,,,,,,,,,,,,,,,,,,,,,,,,,,,,,,,2.0,InfinityEdge,RapidFireCannon,RunaansHurricane,,,,,,,,,,,None,None,,,,,2.0,ZekesHerald,,,,,,,,,,,,,,,2.0,MadredsBloodrazor,GuinsoosRageblade,Quicksilver,,,,,,,,,,,,
7,EUW1_5971617011,TFT6_Augment_TrueTwos,TFT6_Augment_TargetDummies,TFT6_Augment_Distancing2,,,,,1.0,,1.0,,1.0,0.0,,,,0.0,,0.0,,1.0,,,1.0,,,,,2.0,,,,,,,,,,,,,,,,,,,,,,,,,,,,,,,1.0,,,,,,,,,,,,2.0,RedBuff,IonicSpark,ShimmerscaleDiamondHands,,,,,,,,,,,,,,,,,,,,,,,,,2.0,,,,,,,,,,,,,,,,,,,,,,,,,,,,,,,,2.0,,,,,,,,,,,,,,,,,,,,,,,,,,,,,,,,,,,,,,,,,,,,,,,,,,,,,,,,,,,,,,,,1.0,,,,,,,,,,,,,,,,,,,,,,,,,,,,,,,,4.0,TrainerSnax,None,None,2.0,UnstableConcoction,GuinsoosRageblade,InfinityEdge,,,,,,,,,,,,,,,,,,,,,,,,,,,,,,,,
1,EUW1_5971617011,TFT7_Augment_GadgetExpert,TFT6_Augment_PortableForge,TFT6_Augment_CyberneticUplink2,,,1.0,,1.0,,1.0,0.0,1.0,1.0,1.0,,,,0.0,1.0,,1.0,,,1.0,,,,,1.0,0.0,0.0,,,,,,,,,,,,,,,,,,,,,1.0,Zephyr,,,,,,,2.0,MadredsBloodrazor,UnstableConcoction,StatikkShiv,,,,,,,,,2.0,OrnnAnimaVisage,ShimmerscaleDiamondHands,GargoyleStoneplate,,,,,,,,,,,,,,,,,,,,,,,,,,,,,,,,,,,,,,,,,,,,,,,,,,,,,,,,,2.0,PowerGauntlet,Chalice,,,,,,,,,,,,,,,,,,,,,,,,,,,,,,,,,,,,,,,,,,,,,,,,,,,,,,,,,,,,,,2.0,StatikkShiv,,,,,,,,,,,,,,,,,,,,,,,,,,,1.0,,,,4.0,TrainerSnax,None,None,2.0,StatikkShiv,StatikkShiv,StatikkShiv,,,,,,,,,,,,,,,,,,,,,2.0,HextechGunblade,,,,,,,,,,
6,EUW1_5971617011,TFT6_Augment_ClearMind,TFT7_Augment_DragonAlliance,TFT6_Augment_Diversify2,,0.0,,2.0,,,2.0,,,0.0,,,0.0,0.0,,,,,,,,,,,2.0,,,2.0,,,,,,,,,1.0,,,,,,,,,,,,,,,,,,,,,,,,,,,,,,,,,,,,,,,,2.0,Bloodthirster,GuinsoosRageblade,Quicksilver,,,,,,,,,,,,,,,,,,,,,2.0,,,,,,,,,,,,,,,,,,,,,,,,,,,,,,,,,,,,,,,,,,,,,,,,,,,,2.0,TitanicHydra,,,,,,,,,,,,,,,,,,,,,,,,,,,,,,,,,,,,,,,,,,,,,,,,,,,2.0,RedBuff,FrozenHeart,IonicSpark,,,,,,,,,,,,,1.0,Zephyr,,,,,None,None,,,,,,,,,,,,,,,,,,,,,,,,,,,,,,,,,,,,
8,EUW1_5971617011,TFT6_Augment_ThreesCompany,TFT6_Augment_Distancing2,TFT6_Augment_TargetDummies,0.0,,,1.0,,0.0,,0.0,,,1.0,0.0,0.0,,,,1.0,,,0.0,,,,0.0,1.0,,0.0,,,,,,,,,,,,,,,,,,,,,,,,,,,,,,,,,,,,,,,,,,,,,,,,,,,,,,,,,,,,,,,,,,1.0,,,,,,,,,,,,,,,,,,,,,,,,2.0,IonicSpark,WarmogsArmor,,,,,,,,,,,,,,,,,,2.0,,,,,,,,,,,,,,,,1.0,,,,,,,,,,,,,,,,,,,,,,,,,,,,2.0,,,,,,,,,,,,,,,,,,,,,,,,,,,,,,,,1.0,InfinityEdge,,,,,,,,,,,,,None,None,,,,,,,,,,,,,,,,,,,,,1.0,GuinsoosRageblade,,,,,,,,,,,,,,
1,EUW1_5971531416,TFT6_Augment_LudensEcho3,TFT7_Augment_MageTrait,TFT6_Augment_CyberneticUplink2,,1.0,,1.0,,0.0,,,0.0,,1.0,,,4.0,,1.0,,,0.0,,,,,,,1.0,,0.0,,,,,,,,,,,,,,,,,,,,,,,,,,,,,,,,,,,,,,,,,,,,,,,,,,,,,,,,,,,,,,,,,,,,,2.0,,,,3.0,MageEmblemItem,,,,,,,,,,,,,,,,,,,,,,,1.0,,,,2.0,MageEmblemItem,,,3.0,StatikkShiv,SpearOfShojin,,,,,,,,,,,,,,,,,,,,,,,,,,,,,,3.0,ArchangelsStaff,HextechGunblade,MadredsBloodrazor,,,,,,,,,,,,,,,,,,,,,,,,,,,,,,,,,,,,,2.0,RedBuff,GargoyleStoneplate,BrambleVest,,,,,,,,,,,,,,,,,4.0,TrainerSnax,None,None,,,,,,,,,,,,,2.0,,,,,,,,,,,,,,,,,,,,,,,
6,EUW1_5971531416,TFT7_Augment_CavalierEmblem2,TFT6_Augment_CelestialBlessing1,TFT6_Augment_SalvageBin,1.0,,,0.0,,1.0,1.0,,,0.0,3.0,,,,,,1.0,,,,1.0,,,1.0,0.0,,0.0,,,,,,,,,,,,,,,,,,,,,,,,,,,,,,,,,,,,,,,,,,2.0,WarmogsArmor,RedBuff,ShimmerscaleDiamondHands,,,,,,,,,,,,,,,,,,,,,1.0,WarmogsArmor,BrambleVest,,,,,,,,,,,,,,,,,,,,,,,,,,,,,,,,,,,,,,,,,,,,,,,,,,,,,,,,,,,,,,,,,,2.0,FrozenHeart,,,,,,,,,,,,,,,,,,,1.0,,,,,,,,,,,,,,,,,,,,,,,,,,,,,,,,2.0,InfinityEdge,CavalierEmblemItem,Bloodthirster,,,,,,,,,,,None,None,,,,,1.0,,,,,,,,,,,,,,,,2.0,GuildEmblemItem,GuinsoosRageblade,InfinityEdge,,,,,,,,,,,,
3,EUW1_5971531416,TFT7_Augment_AssassinEmblem2,TFT6_Augment_SecondWind1,TFT6_Augment_CelestialBlessing2,2.0,,,2.0,,,,,,,2.0,,0.0,0.0,,,0.0,,1.0,,,,,,1.0,,1.0,0.0,,,,,,,,,,,,,,,,,,,,,,,,,,,,,,,,,2.0,IonicSpark,InfinityEdge,MadredsBloodrazor,,,,,,,,,,,,,,,,,,,,,,,,,,,,,,,,,,,,,,,,,,,,,,,,,,,,,,,,,,,,,,,,,,,,,,,,,,,,,,,,,,,,,3.0,AssassinEmblemItem,RunaansHurricane,InfinityEdge,2.0,GargoyleStoneplate,BrambleVest,,,,,,2.0,GuildEmblemItem,,,,,,,,,,,,,,,,,,,2.0,,,,,,,,,,,,,,,,,,,,,,,,1.0,,,,,,,,2.0,InfinityEdge,HextechGunblade,GuinsoosRageblade,,,,,,,,,,,None,None,,,,,,,,,,,,,,,,,,,,,,,,,,,,,,,,,,,,
8,EUW1_5971531416,TFT6_Augment_SlowAndSteady,TFT6_Augment_CyberneticShell1,TFT6_Augment_CyberneticShell2,0.0,1.0,,2.0,,0.0,,,,,3.0,,0.0,0.0,,,,,,,,,,1.0,0.0,,,0.0,,,,,,,,,,,,,,,,,,,,,,,,,,,,,,,,,,,,,,,,,,,,,,,,,,,,,,,,,,,,,,,,,,,,,,,,,3.0,ThiefsGloves,GiantsBelt,Zephyr,,,,,,,,,,,,,,,,,,,,,,,,,,,,,,,,,,,,,,,,,,,,,,,,,1.0,,,,,,,,,,,,,,,,2.0,,,,,,,,,,,,,,,,,,,,2.0,RedBuff,,,,,,,,,,,,,,,2.0,ForceOfNature,,,,,,,1.0,,,,,,,,,,,,,,None,None,,,,,2.0,,,,3.0,Deathblade,GuinsoosRageblade,,,,,,,,,,,,,,,,,,,,,,,,,
4,EUW1_5971531416,TFT7_Augment_ShimmerscaleTrait2,TFT7_Augment_BestFriends1,TFT7_Augment_ShimmerscaleTrait,2.0,,,,,,1.0,0.0,,1.0,1.0,,0.0,,,,0.0,,,,3.0,,,,0.0,,,1.0,,,,,,,,,,,,,,,,,,,,,,,,,,,,,,,,,,,,,,,,,2.0,BrambleVest,ShimmerscaleDiamondHands,TitansResolve,,,,,,,,,,,,,,,,,,,,,,,,,,,,,,,,,,,,,,,,,2.0,,,,,,,,,,,,,,,,,,,,,,,,,,,,,,,,,,,,,,,,,,,,1.0,InfinityEdge,HextechGunblade,IonicSpark,2.0,FrozenHeart,ShimmerscaleGamblersBlade,ShimmerscaleGoldmancersStaff,,,,,,,,,,,,,,,,,,,,,,,,,,,,,,,,,,,,,,,,,,,,,,,,,2.0,InfinityEdge,UnstableConcoction,ShimmerscaleDravensAxe,,,,,1.0,,,,,,None,None,,,,,,,,,,,,,,,,,2.0,JeweledGauntlet,,,,,,,,,,,,,,,,,,
2,EUW1_5971531416,TFT7_Augment_UrfsGrabBag2,TFT7_Augment_WhispersTrait,TFT6_Augment_ThrillOfTheHunt2,1.0,,,1.0,,,1.0,0.0,,0.0,,,,0.0,0.0,,0.0,,,0.0,1.0,,,,,,1.0,4.0,2.0,TitanicHydra,,,,,,,,,,,,,,,,,,,,,,,,,,,,,,,,,,,,,,,,,,,,,,,2.0,GuinsoosRageblade,Bloodthirster,RunaansHurricane,2.0,,,,,,,,,,,,,,,,,,,,,,,,,,,,,,,,2.0,,,,,,,,,,,,,,,,,,,,,,,,,,,,,,,,,,,,,,,,,,,,2.0,Morellonomicon,InfinityEdge,Bloodthirster,,,,,,,,,,,,,,,,,,,,,,,,,,,,,,,,,,,,,,,,,,,,,2.0,ShimmerscaleEmblemItem,WarmogsArmor,Morellonomicon,,,,,,,,,,,,,2.0,,,,,,None,None,,,,,,,,,,,,,,,,,,,,,,,,,2.0,GuardianAngel,ShimmerscaleDiamondHands,UnstableConcoction,,,,,,,,
7,EUW1_5971531416,TFT7_Augment_SwiftshotEmblem2,TFT6_Augment_LudensEcho1,TFT7_Augment_DragonHorde,,,,,,1.0,2.0,,,,2.0,1.0,,,2.0,0.0,0.0,,,,,,,1.0,,,,,,,,,,,,,,,,,,,,,,,,,,,,,,,,,,,,,,,,,2.0,GuinsoosRageblade,StatikkShiv,SwiftshotEmblemItem,,,,,1.0,GuildEmblemItem,MadredsBloodrazor,Quicksilver,,,,,,,,,,,,,,,,,2.0,Morellonomicon,,,,,,,,,,,,,,,,,,,,,,,,,,,,,,,,,,,,,,,,,,,,,,,,,,,1.0,,,,,,,,,,,,,,,,,,,,,,,,,,,,,,,,,,,,,,,,,,,,,,,,,,,,,,,,,,,,,,,,,,,,,,,,,,,,,,,,,,None,None,,,,,2.0,Chalice,,,,,,,,,,,,,,,,,,,,,,,,,,,,,,
5,EUW1_5971531416,TFT7_Augment_SacrificialPact,TFT6_Augment_CelestialBlessing1,TFT6_Augment_Distancing2,2.0,0.0,,2.0,,,,,,,,,0.0,,,,0.0,,1.0,,0.0,,,,1.0,,1.0,,,,,,,,,,,,,,,,,,,,,,,,,,,,,,,,,,2.0,RedBuff,SpearOfShojin,,,,,,,,,,,,,,,,,,,,,,,,,,,,,,,,,,,,,,2.0,,,,,,,,,,,,1.0,,,,,,,,,,,,,,,,,,,,,,,,,,,,,,,,,,,,2.0,RapidFireCannon,AssassinEmblemItem,InfinityEdge,2.0,SpearOfShojin,NeedlesslyLargeRod,,,,,,2.0,,,,,,,,,,,,,,,,,,,,2.0,,,,,,,,,,,,,,,,,,,,,,,,,,,,,,,,,,,,,,,,,,,,,,None,None,,,,,,,,,,,,,,,,,,,,,,,,,,,,,,,,,,,,
6,EUW1_5973242567,TFT6_Augment_MaxLevel10,TFT7_Augment_ClutteredMind,TFT6_Augment_SalvageBin,,0.0,1.0,1.0,,0.0,,,1.0,,1.0,,,2.0,,2.0,,0.0,0.0,,0.0,1.0,,,,1.0,,0.0,,,,,,,,,,,,,,,,,,,,,1.0,,,,,,,,,,,,,,,,,,,,,,,,,,,,,,,,,,,,,,,,,,,,,,,,1.0,GuinsoosRageblade,MadredsBloodrazor,GuardianAngel,2.0,TitanicHydra,,,,,,,,,,,,,,,,,,,,,,,2.0,,,,2.0,,,,2.0,,,,,,,,,,,,,,,,,,,,,,,,,,,,,,,,,,,,,,,,,,,,,,,,,,,,,,,,,,,,1.0,,,,,,,,,,,,2.0,ThiefsGloves,StatikkShiv,RabadonsDeathcap,,,,,,,,,,,,,,,,,2.0,TrainerSnax,None,None,,,,,,,,,,,,,,,,,,,,,,,,,,,,,,,,,2.0,GuinsoosRageblade,SpearOfShojin,ArchangelsStaff
3,EUW1_5973242567,TFT7_Augment_ScalescornEmblem2,TFT6_Augment_TargetDummies,TFT6_Augment_BlueBattery2,1.0,,1.0,1.0,,2.0,,,,,3.0,,,0.0,,0.0,0.0,,2.0,,,,,,,,1.0,,,,,,,,,,,,,,,,,,,,,,1.0,,,,,,,,,,,,2.0,UnstableConcoction,FrozenHeart,Redemption,,,,,,,,,,,,,,,,,,,,,,,,,,,,,2.0,,,,,,,,,,,,,,,,,,,,,,,,,,,,,,,,3.0,TitansResolve,MadredsBloodrazor,Bloodthirster,,,,,,,,,,,,,,,,,,,,,3.0,GuinsoosRageblade,InfinityEdge,UnstableConcoction,,,,,,,,,,,,,,,,,2.0,,,,,,,,,,,,2.0,GiantsBelt,,,,,,,,,,,,,,,,,,,,,,,,,,,,,,,2.0,ScalescornEmblemItem,RunaansHurricane,,,,,,,,,,,,None,None,,,,,,,,,,,,,,,,,,,,,,,,,,,,,,,,,,,,
7,EUW1_5973242567,TFT7_Augment_RagewingEmblem2,TFT6_Augment_Ascension,TFT6_Augment_SunfireBoard,1.0,,,1.0,,0.0,,,,,3.0,,0.0,,,,1.0,,,,,,,1.0,1.0,,0.0,,,,,,,,,,,,,,,,,,,,,,,,,,,,,,,,,,,,,,,,,,,,,,,,,,,,,,,,,,,,,,,,,,,,,,,,,,,,,,,,,,,,,,,,,,,,,,,,,,,,,,,,,,,,,,,,,,,,,,,,,,,,,,2.0,Morellonomicon,Redemption,,,,,,2.0,,,,,,,,2.0,,,,,,,,,,,,2.0,,,,,,,,,,,,,,,,,,,,,,,,,,,,,,,,1.0,FrozenHeart,IonicSpark,Bloodthirster,,,,,,,,,,,None,None,,,,,2.0,RagewingEmblemItem,,,,,,,,,,,,,,,2.0,Quicksilver,MadredsBloodrazor,GuinsoosRageblade,,,,,,,,,,,,
5,EUW1_5973242567,TFT6_Augment_Twins3,TFT6_Augment_Twins2,TFT6_Augment_PortableForge,,1.0,,1.0,,,,,,,1.0,,,1.0,,0.0,,,,,,,,1.0,,,,0.0,,,,,,,,,,,,,,,,,,,,,,,,,,,,,,,,,,,,,,,,,,,,,,,,,,,,,,,,,,,,,,,,,,,,,,,,,2.0,,,,,,,,,,,,,,,,,,,,,,,,,,,,,,,,3.0,,,,,,,,,,,,,,,,,,,,,,,,,,,,,,,,,,,,,,,,,,,,,,,,,,,,,,,,,,,,,,,,,,,,,,,,2.0,OrnnEternalWinter,WarmogsArmor,RedBuff,,,,,,,,,,,,,,,,,,,None,None,,,,,2.0,,,,3.0,GuinsoosRageblade,MadredsBloodrazor,Quicksilver,1.0,,,,,,,,,,,,,,,,,,,,,,,
4,EUW1_5973242567,TFT6_Augment_RadiantRelics,TFT7_Augment_BestFriends2,TFT6_Augment_SunfireBoard,,,,1.0,1.0,,1.0,,1.0,,,,,1.0,,0.0,,1.0,,,0.0,1.0,,,,2.0,,2.0,,,,,,,,,,,,,,,,,,,,,,,,,,,,,2.0,MadredsBloodrazor,LastWhisperRadiant,InfinityEdge,,,,,,,,,,,,,,,,,2.0,Bloodthirster,DragonsClaw,TitansResolve,,,,,,,,,,,,,,,,,2.0,,,,,,,,,,,,,,,,,,,,,,,,,,,,,,,,2.0,,,,,,,,,,,,,,,,,,,,,,,,,,,,,,,,,,,,,,,,,,,,,,,,,,,,,,,,,,,,,,,,1.0,,,,,,,,,,,,2.0,GargoyleStoneplate,WarmogsArmor,TitanicHydra,,,,,,,,,,,,,,,,,4.0,TrainerSnax,None,None,2.0,RunaansHurricane,SparringGloves,,,,,,,,,,,,,,,,,,,,,,,,,,,,,,2.0,,,
2,EUW1_5973242567,TFT7_Augment_RevelEmblem2,TFT7_Augment_BestFriends2,TFT6_Augment_CyberneticUplink2,,,1.0,1.0,1.0,,1.0,,1.0,,1.0,,0.0,,1.0,1.0,,4.0,,,,,,,0.0,0.0,,,,,,,,,,,,,,,,,,,,,,,2.0,JeweledGauntlet,,,,,,,1.0,,,,,,,,2.0,RapidFireCannon,RevelEmblemItem,Quicksilver,,,,,,,,,,,,,,,,,,,,,,,,,,,,,,,,,,,,,2.0,ZekesHerald,,,,,,,,,,,,,,,,,,,,,,,2.0,StatikkShiv,,,,,,,,,,,,,,,,,,,,,,,2.0,Shroud,WarmogsArmor,,,,,,,,,,,,,,,,,,,,,,,,,,,,,,,,,,,,,,2.0,Chalice,JeweledGauntlet,SeraphsEmbrace,,,,,,,,,,,,,1.0,TitanicHydra,,,,,,,,,,,,,,,,,None,None,,,,,,,,,,,,,,,,,,,,,,,,,,,,,,,,,,,,
8,EUW1_5973242567,TFT6_Augment_ForceOfNature,TFT6_Augment_TomeOfTraits1,TFT6_Augment_TargetDummies,1.0,,,1.0,,2.0,,,,,3.0,,0.0,,,,1.0,,,,,,,1.0,1.0,,0.0,,,,,,,,,,,,,,,,,,,,,,,,,,,,,,,,,,,,,,,,,,,,,,,,,,,,,,,,,,,,,,,,,,2.0,,,,,,,,,,,,,,,,,,,,,,,,,,,,,,,,,,,,,,,,,,,,,,,,,,,,,,,,,,,,1.0,CavalierEmblemItem,GargoyleStoneplate,GiantsBelt,,,,,1.0,,,,,,,,2.0,,,,,,,,,,,,2.0,,,,,,,,,,,,,,,,,,,,,,,,,,,,,,,,2.0,HextechGunblade,TitansResolve,,,,,,,,,,,,None,None,,,,,1.0,,,,,,,,,,,,,,,,2.0,GuinsoosRageblade,MadredsBloodrazor,Deathblade,,,,,,,,,,,,
1,EUW1_5973242567,TFT7_Augment_RevelEmblem2,TFT6_Augment_JeweledLotus,TFT7_Augment_RevelPartyTime,,,,1.0,2.0,,1.0,,1.0,,,,0.0,,1.0,0.0,,4.0,,,,,,,0.0,1.0,,,,,,,,,,,,,,,,,,,,,,,,,,,,,,,2.0,StatikkShiv,JeweledGauntlet,Deathblade,,,,,2.0,RevelEmblemItem,GuinsoosRageblade,Quicksilver,,,,,,,,,,,,,,,,,,,,,,,,,,,,,,,,,,,,,2.0,,,,,,,,,,,,,,,,,,,,,,,,2.0,Chalice,,,,,,,,,,,,,,,,,,,,,,,2.0,GargoyleStoneplate,IonicSpark,Redemption,,,,,,,,,,,,,,,,,,,,,,,,,,,,,,,,,,,,,2.0,Morellonomicon,RabadonsDeathcap,,,,,,,,,,,,,,2.0,ThiefsGloves,BrambleVest,TitansResolve,,,,,,,,,,,,,4.0,TrainerSnax,None,None,1.0,,,,,,,,,,,,,,,,,,,,,,,,,,,,,,,,,,,
6,EUW1_5972072206,TFT7_Augment_CannoneerHotShot,TFT7_Augment_BandOfThieves1,TFT6_Augment_Diversify2,,,1.0,1.0,1.0,,,0.0,1.0,,1.0,,0.0,0.0,,1.0,,1.0,,,,,,,1.0,1.0,,0.0,,,,,,,,,,,,,,,,,,,,,2.0,,,,,,,,2.0,GuinsoosRageblade,InfinityEdge,MadredsBloodrazor,,,,,,,,,,,,,,,,,,,,,,,,,,,,,,,,,,,,,,,,,,,,,,,,,,,,,,,,,1.0,,,,,,,,,,,,2.0,,,,,,,,,,,,,,,,,,,,,,,,2.0,RedBuff,DragonsClaw,Redemption,,,,,,,,,,,,,,,,,,,,,,,,,,,,,,,,,,,,,1.0,,,,,,,,,,,,2.0,ThiefsGloves,SparringGloves,InfinityEdge,,,,,,,,,,,,,,,,,2.0,TrainerSnax,None,None,1.0,RunaansHurricane,,,,,,,,,,,,,,,,,,,,,,,,,,,,,,,,,,
4,EUW1_5972072206,TFT6_Augment_TriForce2,TFT7_Augment_BestFriends1,TFT6_Augment_CyberneticImplants2,1.0,1.0,,1.0,,,,,0.0,,2.0,,0.0,0.0,,1.0,,,,,,,,1.0,1.0,0.0,,,,,,,,,,,,,,,,,,,,,,,,,,,,,,,,,,,,,,,,,,,,,,,,,,,,,,,,,,,,,,,,,,,,,,,,,,,3.0,Redemption,RedBuff,,,,,,,,,,,,,,,,,,,,,,,,,,1.0,,,,3.0,Zephyr,,,,,,,,,,,,,,,,,,,1.0,TitanicHydra,,,,,,,2.0,FrozenHeart,,,,,,,,,,,,,,,,,,,,,,,,,,,,,,,,,,,,,,,,,,,,,,,,,,,2.0,FrozenHeart,,,,,,,,,,,,,None,None,,,,,2.0,,,,3.0,GuinsoosRageblade,GuinsoosRageblade,Deathblade,,,,,,,,,,,,,,,,,,,,,,,,
7,EUW1_5972072206,TFT7_Augment_RevelPartyTime,TFT7_Augment_BandOfThieves1,TFT7_Augment_CannoneerEmblem,,,,,2.0,,1.0,,1.0,1.0,,0.0,,,,0.0,,1.0,,,1.0,,,,,1.0,,,,,,,,,,,,,,,,,,,,,,,,,,,,,,,2.0,UnstableConcoction,GuinsoosRageblade,HextechGunblade,,,,,,,,,2.0,GargoyleStoneplate,Redemption,,,,,,,,,,,,,,,,,,,,,,,,,,,,,,,,,,,,,,,,,,,,,,,,,,,,,,,,,,2.0,LocketOfTheIronSolari,,,,,,,,,,,,,,,,,,,,,,,,,,,,,,,,,,,,,,,,,,,,,,,,,,,,,,,,,,,,,,,2.0,CannoneerEmblemItem,,,,,,,,,,,,,,,,,,,,,,,1.0,ThiefsGloves,TearOfTheGoddess,HextechGunblade,,,,,3.0,TrainerSnax,None,None,2.0,ShimmerscaleGamblersBlade,InfinityEdge,,,,,,,,,,,,,,,,,,,,,,,,,,,,,,,,,
2,EUW1_5972072206,TFT7_Augment_SwiftshotPressTheAttack,TFT6_Augment_PandorasItems,TFT7_Augment_SwiftshotEmblem,0.0,,,1.0,,1.0,,,,,4.0,,0.0,,,,1.0,,,,,,,2.0,1.0,,0.0,,,,,,,,,,,,,,,,,,,,,,,,,,,,,,,,,,,,,,,,,,,,,,,,,,,,,,,,,,2.0,LastWhisper,,,,,,,2.0,SeraphsEmbrace,,,,,,,,,,,,,,,,,,,,,,,,,,,,,,,,,,,,,,,,,,,,,,,,,,,,,,,,,,,2.0,RedBuff,Shroud,GuildEmblemItem,,,,,,,,,,,,,2.0,PowerGauntlet,,,,,,,,,,,2.0,,,,,,,,,,,,,,,,,,,,,,,,,,,,,,,,2.0,SwiftshotEmblemItem,UnstableConcoction,Deathblade,,,,,,,,,,,None,None,,,,,2.0,ThiefsGloves,TitansResolve,MadredsBloodrazor,,,,,,,,,,,,,2.0,GuinsoosRageblade,MadredsBloodrazor,Quicksilver,,,,,,,,,,,,
1,EUW1_5972072206,TFT6_Augment_CyberneticUplink2,TFT6_Augment_SecondWind1,TFT6_Augment_Distancing2,,0.0,1.0,1.0,,,1.0,,0.0,,1.0,,0.0,2.0,,2.0,,,,,0.0,1.0,,,2.0,1.0,,0.0,,,,,,,,,1.0,JeweledGauntlet,ArchangelsStaff,MageEmblemItem,,,,,,,,,1.0,IonicSpark,,,,,,,,,,,,,,,,,,,,,,,,,,,,,,,,,,,,,,,,,,,,,,,2.0,,,,,,,,,,,,,,,,,,,,,,,,,,,,,,,,2.0,,,,2.0,StatikkShiv,,,,,,,,,,,,,,,,,,,2.0,GargoyleStoneplate,GargoyleStoneplate,GargoyleStoneplate,,,,,,,,,,,,,,,,,,,,,,,,,,,,,,,,,,,,,,,,,,,,,,,,,2.0,ThiefsGloves,WarmogsArmor,IonicSpark,,,,,,,,,,,,,,,,,4.0,TrainerSnax,None,None,,,,,,,,,,,,,,,,,,,,,,,,,,,,,,,,,2.0,SeraphsEmbrace,SpearOfShojin,
8,EUW1_5972072206,TFT7_Augment_CannoneerRicochet,TFT7_Augment_BestFriends1,TFT6_Augment_PortableForge,0.0,,,,1.0,,1.0,,0.0,1.0,1.0,,,,,0.0,,0.0,0.0,,1.0,,,,,1.0,,,,,,,,,,,,,,,,,,,,,,,,,,,2.0,,,,1.0,GuinsoosRageblade,MadredsBloodrazor,ShimmerscaleGamblersBlade,,,,,,,,,2.0,WarmogsArmor,OrnnEternalWinter,GargoyleStoneplate,,,,,,,,,,,,,,,,,,,,,,,,,,,,,,,,,,,,,,,,,,,,,,,,,,,,,,,,,1.0,,,,,,,,,,,,,,,,,,,,,,,,,,,,,,,,,,,,,,,,,,,,,,,,,,,,,,,,,,,,,,,,,,,,,,,,,,,,,,,,,,,,2.0,,,,,,,,,,,,2.0,TrainerSnax,None,None,1.0,,,,,,,,,,,,,,,,,,,,,,,,,,,,,,,,,,,
3,EUW1_5972072206,TFT6_Augment_CyberneticUplink2,TFT6_Augment_PandorasItems,TFT7_Augment_AxiomArc2,,1.0,,1.0,,,,,1.0,,1.0,,,3.0,,1.0,,,,,0.0,1.0,,,,1.0,,0.0,,,,,,,,,,,,,,,,,,,,,,,,,,,,,,,,,,,,,,,,,,,,,,,,,,,,,,,,,,,,,,,,,,,,,2.0,ThiefsGloves,RecurveBow,Deathblade,2.0,RedBuff,,,,,,,,,,,,,,,,,,,,,,,,,,,2.0,MageEmblemItem,,,3.0,StatikkShiv,EvokerEmblemItem,,,,,,,,,,,,,,,,,,,,,,,,,,,,,,3.0,RabadonsDeathcap,SpearOfShojin,SpearOfShojin,,,,,,,,,,,,,,,,,,,,,,,,,,,,,,,,,,,,,2.0,GargoyleStoneplate,WarmogsArmor,GiantsBelt,,,,,,,,,,,,,,,,,2.0,TrainerSnax,None,None,,,,,,,,,,,,,1.0,,,,,,,,,,,,,,,,,,,,1.0,ThiefsGloves,BFSword,ZekesHerald
5,EUW1_5972072206,TFT6_Augment_CelestialBlessing2,TFT7_Augment_BestFriends1,TFT7_Augment_AssassinEmblem,2.0,,,1.0,,0.0,,,,0.0,,,,0.0,,,,,2.0,,,,,,0.0,,0.0,1.0,,,,,,,,,,,,,,,,,,,,,,,,,2.0,ThiefsGloves,RunaansHurricane,MadredsBloodrazor,,,,,2.0,RedBuff,InfinityEdge,TitansResolve,,,,,,,,,,,,,,,,,,,,,,,,,,,,,,,,,,,,,,,,,,,,,,,,,,,,,,,,,,,,,2.0,Shroud,,,,,,,,,,,,,,,,,,,,,,,2.0,Quicksilver,AssassinEmblemItem,,,,,,1.0,Morellonomicon,,,1.0,ThiefsGloves,ZekesHerald,ZekesHerald,,,,,,,,,,,,,,,,,,,,,,,,,,,,,,,,,,,,,,,,,1.0,,,,,,,,,,,,,,,,,,,,,,None,None,,,,,,,,,,,,,,,,,,,,,,,,,,,,,,,,,,,,
1,EUW1_5971847885,TFT7_Augment_CannoneerEmblem2,TFT6_Augment_Featherweights2,TFT6_Augment_CyberneticShell3,0.0,,,,4.0,,,,1.0,1.0,1.0,,,,,0.0,0.0,2.0,0.0,,,,,,,1.0,,0.0,,,,,,,,,,,,,,,,,,,,,,,,,3.0,RedBuff,DragonsClaw,GiantsBelt,2.0,LastWhisper,InfinityEdge,MadredsBloodrazor,,,,,,,,,,,,,,,,,,,,,,,,,,,,,,,,,,,,,,,,,,,,,3.0,PowerGauntlet,Chalice,,,,,,,,,,,,,,,,,,,,,,2.0,,,,,,,,,,,,,,,,,,,,,,,,,,,,,,,,,,,,,,,,,,,,2.0,,,,,,,,,,,,,,,,,,,,1.0,,,,,,,,,,,,,,,,,,,,1.0,,,,,,,,2.0,CannoneerEmblemItem,Redemption,,4.0,TrainerSnax,None,None,3.0,Deathblade,RunaansHurricane,MadredsBloodrazor,,,,,,,,,,,,,,,,,,,,,,,,,,,,,,,,
5,EUW1_5971847885,TFT7_Augment_BruiserEmblem2,TFT6_Augment_JeweledLotus,TFT6_Augment_TheGoldenEgg,,0.0,1.0,1.0,,,,,1.0,,2.0,,,2.0,,2.0,,0.0,,,,,,,,1.0,,0.0,,,,,,,,,,,,,,,,,,,,,1.0,,,,,,,,,,,,,,,,,,,,,,,,,,,,,,,,,,,,,,,,,,,,,,,,2.0,,,,,,,,,,,,,,,,,,,,,,,,,,,,,,,,2.0,ZekesHerald,,,3.0,Shroud,,,,,,,,,,,,,,,,,,,,,,,,,,,,,,,2.0,ArchangelsStaff,SpearOfShojin,HextechGunblade,,,,,,,,,,,,,,,,,,,,,,,,,1.0,MageEmblemItem,,,,,,,,,,,2.0,GargoyleStoneplate,Redemption,WarmogsArmor,,,,,,,,,,,,,,,,,2.0,TrainerSnax,None,None,,,,,,,,,,,,,2.0,BruiserEmblemItem,,,,,,,,,,,,,,,,,,,,,,
4,EUW1_5971847885,TFT7_Augment_ShapeshifterTrait2,TFT7_Augment_LastStand,TFT6_Augment_CyberneticShell3,,,1.0,,1.0,,1.0,,1.0,1.0,1.0,,,,,1.0,,1.0,0.0,0.0,1.0,,,,,1.0,,,,,,,,,,,,,,,,,,,,,,,1.0,BrambleVest,,,2.0,ThiefsGloves,Zephyr,GuardianAngel,2.0,MadredsBloodrazor,ShimmerscaleDravensAxe,GuinsoosRageblade,,,,,,,,,2.0,GargoyleStoneplate,GargoyleStoneplate,RedBuff,,,,,,,,,,,,,,,,,,,,,,,,,,,,,,,,,,,,,,,,,,,,,,,,,,,,,,,,,1.0,GiantsBelt,TitanicHydra,,,,,,,,,,,,,,,,,,,,,,,,,,,,,,,,,,,,,,,,,,,,,,,,,,,,,,,,,,,,,,2.0,SpearOfShojin,ArchangelsStaff,SpearOfShojin,,,,,,,,,,,,,,,,,,,,,,,,,,,,,1.0,TrainerSnax,None,None,2.0,StatikkShiv,,,,,,,,,,,,,,,,,,,,,,,,,,,,,,,,,,
3,EUW1_5971847885,TFT7_Augment_LivingForge,TFT7_Augment_MikaelsGift,TFT6_Augment_ForceOfNature,2.0,,,1.0,,1.0,,,0.0,,2.0,,0.0,,,,1.0,0.0,0.0,,,,,1.0,1.0,,0.0,1.0,,,,,,,,,,,,,,,,,,,,,,,,,,,,,,,,,2.0,,,,,,,,,,,,,,,,,,,,,,,,,,,,,,,,2.0,WarmogsArmor,,,,,,,,,,,,,,,,,,,,,,,,,,,,,,,,,,,,,,,,,,,,,,,,,,,,,,,,,,,2.0,OrnnZhonyasParadox,RedBuff,WhispersEmblemItem,2.0,OrnnObsidianCleaver,UnstableConcoction,Quicksilver,1.0,,,,,,,,,,,,,,,,,,,,2.0,LocketOfTheIronSolari,CavalierEmblemItem,,,,,,,,,,1.0,,,,,,,,,,,,,,,,,,,,2.0,RunaansHurricane,OrnnDeathsDefiance,UnstableConcoction,,,,,,,,,,,None,None,,,,,2.0,,,,,,,,,,,,,,,,2.0,GuardianAngel,Deathblade,GuinsoosRageblade,,,,,,,,,,,,
2,EUW1_5971847885,TFT6_Augment_Windfall,TFT7_Augment_SwiftshotEmblem,TFT7_Augment_BestFriends3,,0.0,1.0,2.0,,,1.0,,,,2.0,,0.0,0.0,,0.0,,,,,,,,2.0,1.0,,,2.0,,,,,,,,,,,,,,,,,,,,,2.0,,,,,,,,,,,,,,,,,,,,,,,,,,,,2.0,SwiftshotEmblemItem,UnstableConcoction,TitansResolve,,,,,2.0,,,,,,,,,,,,,,,,3.0,BrambleVest,BrambleVest,LocketOfTheIronSolari,,,,,,,,,,,,,,,,,,,,,,,,,,,,,,,,,,,,,,,,,,,,,,,,,2.0,WarmogsArmor,,,,,,,,,,,,,,,,,,,,,,,,,,,,,,,,,,,,,,,,,,,,,,,,,,,2.0,SparringGloves,,,,,,,,,,,,,,,,,,,,,None,None,,,,,2.0,PowerGauntlet,,,3.0,GuinsoosRageblade,MadredsBloodrazor,StatikkShiv,,,,,,,,,,,,,,,,,,,,,,,,
7,EUW1_5971847885,TFT6_Augment_Featherweights3,TFT6_Augment_ComponentGrabBag,TFT7_Augment_ShapeshifterTrait2,,0.0,,,,,1.0,0.0,,0.0,,2.0,,,,0.0,0.0,,,3.0,,,,,,,,0.0,,,,,,,,,,,,,,,,,,,,,,,,,,,,,,,,,,,,,,,,,,,,,1.0,GargoyleStoneplate,RedBuff,DragonsClaw,,,,,2.0,LastWhisper,,,,,,,1.0,,,,,,,,,,,,,,,,,,,,,,,,,,,,,,,,,,,,,,,,,,,,,,,,1.0,,,,3.0,Quicksilver,Deathblade,UnstableConcoction,,,,,,,,,,,,,,,,,,,,,,,,,,,,,,,,,,,,,,,,,,,,,,,,,,,,,,,,,2.0,UnstableConcoction,StatikkShiv,MadredsBloodrazor,,,,,,,,,,,,,2.0,,,,,,,,,,None,None,,,,,,,,,,,,,,,,,,,,,,,,,,,,,,,,,,,,
8,EUW1_5971847885,TFT7_Augment_MirageEmblem2,TFT6_Augment_ThrillOfTheHunt2,TFT7_Augment_RagewingEmblem2,0.0,,,1.0,,1.0,,0.0,,,3.0,,0.0,,1.0,,1.0,,,,,,,1.0,0.0,,1.0,,,,,,,,,,,,,,,,,,,,,,,,,,,,,,,,,,,,,,,,,,,,,,,,,,,,,,,,,,,,,,,,,,2.0,TitanicHydra,,,,,,,,,,,,,,,,,,,,,,,,,,,,,,,,,,,,,,,,,,,,,,,,,,,,,,,,,,,2.0,,,,,,,,,,,,,,,,2.0,,,,,,,,,,,,1.0,MirageEmblemItem,,,,,,,,,,,,,,,,,,,,,,,,,,,,,,,1.0,,,,,,,,,,,,,,None,None,,,,,1.0,,,,,,,,,,,,,,,,1.0,MadredsBloodrazor,UnstableConcoction,GuinsoosRageblade,2.0,RagewingEmblemItem,SeraphsEmbrace,WarmogsArmor,,,,,,,,
6,EUW1_5971847885,TFT6_Augment_ForceOfNature,TFT6_Augment_SalvageBin,TFT7_Augment_BestFriends3,,1.0,,1.0,,,,,0.0,,2.0,,,2.0,,1.0,,,,,,,,0.0,,1.0,,0.0,,,,,,,,,,,,,,,,,,,,,,,,,,,,,,,,,,,,,,,,,,,,,,,,,,,,,,,,,,,,,,,,,,,,,2.0,,,,2.0,WarmogsArmor,GargoyleStoneplate,GargoyleStoneplate,,,,,,,,,,,,,,,,,,,,,,,,,2.0,,,,3.0,StatikkShiv,,,,,,,,,,,,,,,,,,,,,,,,,,,,,,,2.0,SpearOfShojin,ArchangelsStaff,Bloodthirster,,,,,,,,,,,,,,,,,,,,,,,,,,,,,,,,,,,,,1.0,RedBuff,,,,,,,,,,,,,,,,,,,2.0,TrainerSnax,None,None,,,,,1.0,,,,,,,,2.0,,,,,,,,,,,,,,,,,,,,,,,
5,EUW1_5971872109,TFT7_Augment_CannoneerEmblem,TFT6_Augment_Electrocharge2,TFT7_Augment_RevelPartyFavors,,,1.0,,3.0,,1.0,,1.0,1.0,1.0,,,,,1.0,,1.0,,,1.0,,,,,1.0,,0.0,,,,,,,,,,,,,,,,,,,,,2.0,WarmogsArmor,ShimmerscaleHeartOfGold,,,,,,3.0,RunaansHurricane,GuinsoosRageblade,Deathblade,,,,,,,,,1.0,DragonsClaw,Redemption,WarmogsArmor,,,,,,,,,,,,,,,,,,,,,,,,,,,,,,,,,,,,,,,,,,,,,,,,,,,,,,,,,2.0,CannoneerEmblemItem,,,,,,,,,,,,,,,,,,,,,,,,,,,,,,,,,,,,,,,,,,,,,,,,,,,,,,,,,,,,,,,2.0,CannoneerEmblemItem,SeraphsEmbrace,ArchangelsStaff,,,,,,,,,,,,,,,,,,,,,,,,,2.0,ThiefsGloves,ChainVest,LocketOfTheIronSolari,2.0,TrainerSnax,None,None,2.0,GuinsoosRageblade,InfinityEdge,,,,,,,,,,,,,,,,,,,,,,,,,,,,,,,,,
6,EUW1_5971872109,TFT6_Augment_ThrillOfTheHunt2,TFT7_Augment_CannoneerEmblem,TFT6_Augment_Diversify2,,,,,3.0,,1.0,,1.0,1.0,,,,,,0.0,,2.0,0.0,,1.0,,,,,1.0,,,,,,,,,,,,,,,,,,,,,,,,,,,1.0,,,,2.0,LastWhisper,InfinityEdge,Deathblade,,,,,,,,,1.0,RedBuff,Redemption,FrozenHeart,,,,,,,,,,,,,,,,,,,,,,,,,,,,,,,,,2.0,,,,,,,,,,,,,,,,,,,,,,,,2.0,ShimmerscaleHeartOfGold,CannoneerEmblemItem,,,,,,,,,,,,,,,,,,,,,,,,,,,,,,,,,,,,,,,,,,,,,,,,,,,,,,,,,,,,,,1.0,NeedlesslyLargeRod,,,,,,,,,,,,,,,,,,,,,,,,,,,,,,,3.0,TrainerSnax,None,None,2.0,,,,,,,,,,,,,,,,,,,,,,,,,,,,,,,,,,,
2,EUW1_5971872109,TFT7_Augment_GuildGearUpgrades,TFT6_Augment_ComponentGrabBag,TFT7_Augment_SwiftshotPressTheAttack,1.0,,,1.0,,1.0,,,,,3.0,,0.0,,,,1.0,,,,,,,1.0,1.0,,0.0,,,,,,,,,,,,,,,,,,,,,,,,,,,,,,,,,,,,,,,,,,,,,,,,,,,,,,,,,,,,,,,,,,2.0,SeraphsEmbrace,JeweledGauntlet,RabadonsDeathcap,,,,,,,,,,,,,,,,,,,,,,,,,,,,,,,,,,,,,,,,,,,,,,,,,,,,,,,,,2.0,GargoyleStoneplate,,,,,,,2.0,,,,,,,,2.0,RedBuff,,,,,,,,,,,2.0,Shroud,,,,,,,,,,,,,,,,,,,,,,,,,,,,,,,2.0,RapidFireCannon,FrozenHeart,,,,,,,,,,,,None,None,,,,,2.0,NegatronCloak,StatikkShiv,,,,,,,,,,,,,,2.0,TitansResolve,MadredsBloodrazor,Deathblade,,,,,,,,,,,,
1,EUW1_5971872109,TFT6_Augment_RichGetRicher,TFT6_Augment_ComponentGrabBag,TFT7_Augment_GadgetExpert,,,1.0,1.0,,,1.0,0.0,0.0,,1.0,,0.0,1.0,0.0,1.0,,,,,0.0,1.0,,,2.0,1.0,0.0,0.0,,,,,,,,,2.0,StatikkShiv,UnstableConcoction,ArchangelsStaff,,,,,,,,,2.0,,,,,,,,,,,,,,,,,,,,,,,,,,,,,,,,,,,,,,,,,,,,,,,,2.0,,,,,,,,,,,,,,,,,,,,,,,,,,,,,,,,2.0,ZekesHerald,,,,,,,,,,,,,,,,,,,,,,,2.0,IonicSpark,,,,,,,,,,,,,,,,,,,,,,,,,,,,,,,,,,,,,,,,,,,,,,,,,,,1.0,WarmogsArmor,RedBuff,GargoyleStoneplate,,,,,,,,,,,,,,,,,4.0,TrainerSnax,None,None,,,,,,,,,,,,,,,,,,,,,,,,,2.0,LastWhisper,InfinityEdge,Deathblade,,,,,2.0,StatikkShiv,Quicksilver,
7,EUW1_5971872109,TFT7_Augment_UrfsGrabBag1,TFT6_Augment_CelestialBlessing2,TFT7_Augment_MageEmblem,,1.0,,1.0,,,,,0.0,,,,,3.0,,1.0,,,,,0.0,1.0,,,,1.0,,0.0,,,,,,,,,,,,,,,,,,,,,,,,,,,,,,,,,,,,,,,,,,,,,,,,,,,,,,,,,,,,,,,,,,,,,2.0,,,,2.0,MageEmblemItem,Redemption,,,,,,,,,,,,,,,,,,,,,,,,,,2.0,MageEmblemItem,,,2.0,,,,,,,,,,,,,,,,,,,,,,,,,,,,,,,,,,,,,,,,,,,,,,,,,,,,,,,,,,,,,,,,,,,,,,,,2.0,BrambleVest,Redemption,GargoyleStoneplate,,,,,,,,,,,,,,,,,3.0,TrainerSnax,None,None,,,,,,,,,,,,,2.0,,,,,,,,,,,,,,,,,,,,1.0,SpearOfShojin,RabadonsDeathcap,MadredsBloodrazor
3,EUW1_5971872109,TFT7_Augment_GuildLoot,TFT6_Augment_Diversify2,TFT6_Augment_BlueBattery2,,0.0,,1.0,,1.0,1.0,,0.0,,2.0,,,1.0,,1.0,0.0,,,,,,,,,0.0,,2.0,,,,,,,,,,,,,,,,,,,,,,,,,,,,,,,,,,,,,,,,,,,,,,,,,2.0,InfinityEdge,Bloodthirster,TitansResolve,,,,,,,,,,,,,2.0,,,,,,,,,,,,,,,,,,,,,,,,,,,,,,,,,,,,1.0,Shroud,ArchangelsStaff,,2.0,ArchangelsStaff,SpearOfShojin,JeweledGauntlet,,,,,,,,,,,,,,,,,,,,,,,,,,,,,2.0,ArchangelsStaff,JeweledGauntlet,GuinsoosRageblade,2.0,,,,,,,,,,,,,,,,,,,,,,,,,,,,,,,,,,,,2.0,RedBuff,GargoyleStoneplate,DragonsClaw,,,,,,,,,,,,,,,,,,,None,None,,,,,,,,,,,,,,,,,,,,,,,,,,,,,,,,,,,,
8,EUW1_5971872109,TFT6_Augment_ThrillOfTheHunt2,TFT7_Augment_DragonmancerInspire,TFT7_Augment_PandorasBench,,,,0.0,,,1.0,1.0,,,,1.0,,,,,2.0,,,2.0,,,,,,,0.0,,,,,,,,,,,,,,,,,,,,,,,,,,,,,,,,,,,,,,,,,,,,,,,,,,,,,,,,,,,,,,1.0,,,,,,,,,,,,,,,,,,,,2.0,,,,,,,,,,,,,,,,,,,,,,,,,,,,2.0,BrambleVest,Quicksilver,GargoyleStoneplate,,,,,,,,,,,,,,,,,,,,,,,,,,,,,,,,,,,,,2.0,,,,2.0,,,,1.0,RapidFireCannon,,,,,,,,,,,,,,,2.0,GuinsoosRageblade,ArchangelsStaff,Quicksilver,,,,,,,,,,,,,,,,,,,,,,,None,None,,,,,,,,,,,,,,,,,,,,,,,,,,,,,,,,,,,,
4,EUW1_5971872109,TFT6_Augment_Electrocharge2,TFT6_Augment_Distancing2,TFT7_Augment_GadgetExpert,,1.0,,1.0,,,,,0.0,,1.0,,,2.0,,1.0,,,,,0.0,1.0,,,,1.0,,0.0,,,,,,,,,,,,,,,,,,,,,,,,,,,,,,,,,,,,,,,,,,,,,,,,,,,,,,,,,,,,,,,,,,,,,2.0,,,,2.0,ThiefsGloves,ArchangelsStaff,Morellonomicon,,,,,,,,,,,,,,,,,,,,,,,,,1.0,,,,3.0,ArchangelsStaff,StatikkShiv,SpearOfShojin,,,,,,,,,,,,,,,,,,,,,,,,,,,,,2.0,ArchangelsStaff,SpearOfShojin,,,,,,,,,,,,,,,,,,,,,,,,,,,,,,,,,,,,,,2.0,IonicSpark,GargoyleStoneplate,Morellonomicon,,,,,,,,,,,,,,,,,2.0,TrainerSnax,None,None,,,,,,,,,,,,,2.0,WarmogsArmor,DragonsClaw,,,,,,,,,,,,,,,,,,1.0,StatikkShiv,,
8,EUW1_5971797814,TFT6_Augment_Ascension,TFT7_Augment_GadgetExpert,TFT6_Augment_CyberneticShell2,,,,,1.0,,1.0,,1.0,1.0,,,,,,0.0,,1.0,,,1.0,,,,,1.0,,0.0,,,,,,,,,,,,,,,,,,,,,,,,,,,,,1.0,GuinsoosRageblade,,,,,,,,,,,2.0,IonicSpark,ShimmerscaleMogulsMail,TitansResolve,,,,,,,,,,,,,,,,,,,,,,,,,,,,,,,,,,,,,,,,,,,,,,,,,,,,,,,,,2.0,TearOfTheGoddess,,,,,,,,,,,,,,,,,,,,,,,,,,,,,,,,,,,,,,,,,,,,,,,,,,,,,,,,,,,,,,,1.0,SparringGloves,,,,,,,,,,,,,,,,,,,,,,,,,,,2.0,WarmogsArmor,,,3.0,TrainerSnax,None,None,2.0,StatikkShiv,RunaansHurricane,MadredsBloodrazor,,,,,,,,,,,,,,,,,,,,,,,,,,,,,,,,
6,EUW1_5971797814,TFT6_Augment_ThreesCompany,TFT7_Augment_FirstAidKit2,TFT6_Augment_Ascension,,1.0,,1.0,,,,,1.0,,1.0,,,2.0,,1.0,,0.0,,,,,,,,1.0,,0.0,,,,,,,,,,,,,,,,,,,,,,,,,,,,,,,,,,,,,,,,,,,,,,,,,,,,,,,,,,,,,,,,,,,,,2.0,,,,3.0,FrozenHeart,,,,,,,,,,,,,,,,,,,,,,,,,,,2.0,,,,2.0,GuinsoosRageblade,,,,,,,,,,,,,,,,,,,,,,,,,,,,,,,2.0,SpearOfShojin,HextechGunblade,ArchangelsStaff,,,,,,,,,,,,,,,,,,,,,,,,,2.0,,,,,,,,,,,,2.0,TitanicHydra,Zephyr,WarmogsArmor,,,,,,,,,,,,,,,,,3.0,TrainerSnax,None,None,,,,,,,,,,,,,2.0,,,,,,,,,,,,,,,,,,,,,,,
2,EUW1_5971797814,TFT6_Augment_Electrocharge2,TFT6_Augment_SecondWind2,TFT7_Augment_BruiserTitanicStrength,1.0,0.0,,3.0,,,1.0,,,,,,0.0,0.0,,,0.0,,0.0,,,,,,0.0,,1.0,2.0,,,,,,,,,,,,,,,,,,,,,,,,,,,,,,,,,,,,,,,,,,,,,,,,,2.0,AssassinEmblemItem,RapidFireCannon,MadredsBloodrazor,,,,,,,,,,,,,,,,,,,,,2.0,Shroud,,,,,,,,,,,,,,,,,,,,,,,,,,,,,,,,,,,,,,,,,,,,,,,1.0,,,,2.0,TitanicHydra,,,1.0,FrozenHeart,UnstableConcoction,,,,,,,,,,,,,,,,,,,,,,2.0,,,,,,,,,,,,,,,,,,,,,,,,2.0,RedBuff,IonicSpark,WarmogsArmor,,,,,,,,,,,,,,,,,,,None,None,,,,,,,,,,,,,,,,,,,,,,,,,,,,,,,,,,,,
4,EUW1_5971797814,TFT7_Augment_BruiserEmblem,TFT7_Augment_GadgetExpert,TFT7_Augment_RagewingScorch,0.0,,1.0,1.0,,1.0,,0.0,,,3.0,,0.0,,,0.0,1.0,,,,,,,1.0,1.0,,0.0,,,,,,,,,,,,,,,,,,,,,,1.0,,,,,,,,,,,,,,,,,,,,,,,,,,,,,,,,,,,,,,,,,,,,2.0,DragonsClaw,BruiserEmblemItem,Morellonomicon,,,,,,,,,,,,,,,,,,,,,1.0,,,,,,,,,,,,,,,,,,,,,,,,,,,,,,,,,,,,2.0,Bloodthirster,,,,,,,,,,,,,,,,,,,,,,,,,,,2.0,SparringGloves,,,,,,,,,,,,,,,,,,,,,,,,,,,,,,,2.0,CavalierEmblemItem,UnstableConcoction,RunaansHurricane,,,,,,,,,,,None,None,,,,,2.0,StatikkShiv,,,,,,,,,,,,,,,2.0,Quicksilver,TitansResolve,Deathblade,,,,,,,,,,,,
5,EUW1_5971797814,TFT7_Augment_GuildEmblem,TFT6_Augment_Ascension,TFT6_Augment_CyberneticImplants2,1.0,,,1.0,,1.0,,,,,4.0,,0.0,,,,1.0,,,,,,,1.0,1.0,,0.0,,,,,,,,,,,,,,,,,,,,,,,,,,,,,,,,,,,,,,,,,,,,,,,,,,,,,,,,,,,,,,,,,,2.0,GuildEmblemItem,,,,,,,,,,,,,,,,,,,,,,,,,,,,,,,,,,,,,,,,,,,,,,,,,,,,,,,,,,,1.0,Morellonomicon,,,,,,,2.0,FrozenHeart,,,,,,,2.0,DragonsClaw,,,,,,,,,,,1.0,,,,,,,,,,,,,,,,,,,,,,,,,,,,,,,,2.0,UnstableConcoction,TitansResolve,LastWhisper,,,,,,,,,,,None,None,,,,,2.0,RecurveBow,,,,,,,,,,,,,,,2.0,GuinsoosRageblade,TitansResolve,MadredsBloodrazor,,,,,,,,,,,,
7,EUW1_5971797814,TFT7_Augment_BruiserEmblem,TFT6_Augment_Distancing2,TFT6_Augment_Diversify2,,0.0,,1.0,,,,0.0,,,,0.0,,,0.0,,1.0,,,1.0,,,,1.0,,,1.0,0.0,,,,,,,,,,,,,,,,,,,,,,,,,,,,,,,,,,,,,,,,,,,,,,,,,,,,,2.0,,,,,,,,,,,,,,,,,,,,,,,,,,,,,,,,,,,,,,,,,,,,,,,,,,,,,,,,2.0,IonicSpark,BruiserEmblemItem,,,,,,,,,,,,,,,,,,,,,,,,,,,,,,,,,,,,,,,,,,2.0,,,,,,,,,,,,,,,,,,,,1.0,,,,,,,,,,,,,,,,,,,,,,,,,,None,None,,,,,,,,,1.0,,,,,,,,,,,,2.0,Quicksilver,GuinsoosRageblade,MadredsBloodrazor,1.0,IonicSpark,SeraphsEmbrace,HextechGunblade,,,,,,,,
3,EUW1_5971797814,TFT7_Augment_CannoneerRicochet,TFT6_Augment_ComponentGrabBag,TFT7_Augment_RevelPartyFavors,,,1.0,,1.0,,1.0,0.0,0.0,1.0,1.0,,,0.0,0.0,0.0,,2.0,,,1.0,1.0,,,,,0.0,0.0,,,,,,,,,,,,,,,,,,,,,2.0,,,,,,,,2.0,MadredsBloodrazor,Deathblade,MadredsBloodrazor,,,,,,,,,2.0,GargoyleStoneplate,ShimmerscaleMogulsMail,WarmogsArmor,,,,,,,,,,,,,,,,,,,,,,,,,,,,,,,,,2.0,,,,,,,,,,,,,,,,,,,,,,,,,,,,,,,,,,,,,,,,,,,,,,,,,,,,,,,,,,,,,,,,,,,,,,,,,,,,,,,,,,,,,,,,2.0,StatikkShiv,HextechGunblade,,,,,,,,,,,,,,,,,,,,,,,,,,2.0,Redemption,LocketOfTheIronSolari,,,,None,None,,,,,,,,,,,,,,,,,,,,,,,,,2.0,SeraphsEmbrace,GargoyleStoneplate,UnstableConcoction,,,,,2.0,RecurveBow,,
1,EUW1_5971797814,TFT7_Augment_AssassinEmblem,TFT7_Augment_LastStand,TFT6_Augment_SalvageBin,3.0,,1.0,1.0,,,1.0,0.0,,,2.0,,0.0,,0.0,0.0,,,0.0,,,,,,1.0,,0.0,2.0,,,,,,,,,,,,,,,,,,,,,1.0,,,,,,,,,,,,2.0,RedBuff,Shroud,RabadonsDeathcap,,,,,,,,,,,,,2.0,Bloodthirster,AssassinEmblemItem,InfinityEdge,,,,,,,,,,,,,,,,,,,,,,,,,,,,,,,,,,,,,,,,,,,,,,,,,,,,,,,,,,,,,,,,,,,,,,,,,1.0,Redemption,,,1.0,,,,2.0,FrozenHeart,,,,,,,,,,,,,,,,,,,,,,,,,,,,,,,,,,,,,,,,,,,,,,,,,,,2.0,MadredsBloodrazor,,,,,,,,,,,,,None,None,,,,,,,,,,,,,,,,,,,,,,,,,2.0,GuardianAngel,Deathblade,AssassinEmblemItem,,,,,,,,
1,EUW1_5971952601,TFT7_Augment_RevelEmblem2,TFT7_Augment_RevelTrait,TFT6_Augment_ComponentGrabBag,,,1.0,1.0,0.0,,1.0,0.0,1.0,,1.0,,0.0,,2.0,1.0,,4.0,,,,,,,0.0,0.0,0.0,,,,,,,,,,,,,,,,,,,,,,2.0,Zephyr,,,,,,,1.0,ZekesHerald,StatikkShiv,MadredsBloodrazor,,,,,2.0,RevelEmblemItem,Quicksilver,RapidFireCannon,,,,,,,,,,,,,,,,,,,,,,,,,,,,,,,,,,,,,,,,,,,,,,,,,,,,,,,,,,,,,2.0,RabadonsDeathcap,,,,,,,,,,,,,,,,,,,,,,,2.0,Shroud,GargoyleStoneplate,RedBuff,,,,,,,,,,,,,,,,,,,,,,,,,,,,,,,,,,,,,2.0,BFSword,LocketOfTheIronSolari,,,,,,,,,,,,,,1.0,GargoyleStoneplate,,,,,,,,,,,,,,,,,None,None,,,,,,,,,,,,,,,,,,,,,,,,,1.0,,,,,,,,,,,
3,EUW1_5971952601,TFT7_Augment_ScalescornEmblem2,TFT6_Augment_ThrillOfTheHunt1,TFT7_Augment_ScalescornEmblem,2.0,,,1.0,,0.0,,0.0,,0.0,1.0,,,1.0,,,,,3.0,,,,,,1.0,,0.0,0.0,,,,,,,,,,,,,,,,,,,,,,,,,2.0,DragonsClaw,GiantsBelt,Zephyr,,,,,3.0,IonicSpark,MadredsBloodrazor,MageEmblemItem,,,,,,,,,,,,,,,,,,,,,,,,,,,,,,,,,,,,,,,,,,,,,,,,,,,,,1.0,,,,,,,,3.0,AssassinEmblemItem,GuardianAngel,SeraphsEmbrace,,,,,,,,,,,,,,,,,,,,,2.0,,,,,,,,,,,,2.0,FrozenHeart,ScalescornEmblemItem,LocketOfTheIronSolari,,,,,,,,,,,,,,,,,,,,,,,,,,,,,,,,,,,,,,,,,2.0,,,,,,,,2.0,ScalescornEmblemItem,,,,,,,,,,,,,None,None,,,,,,,,,,,,,,,,,,,,,,,,,,,,,,,,,,,,
2,EUW1_5971952601,TFT7_Augment_LivingForge,TFT6_Augment_SecondWind1,TFT6_Augment_ThrillOfTheHunt2,,0.0,1.0,,1.0,,1.0,,1.0,1.0,1.0,,,0.0,,2.0,,1.0,,,1.0,,,,,1.0,,0.0,,,,,,,,,,,,,,,,,,,,,1.0,,,,,,,,2.0,GuinsoosRageblade,GuardianAngel,UnstableConcoction,,,,,,,,,2.0,GargoyleStoneplate,OrnnEternalWinter,RedBuff,,,,,,,,,,,,,,,,,,,,,,,,,,,,,,,,,,,,,,,,,,,,,,,,,,,,,,,,,2.0,PowerGauntlet,Shroud,PowerGauntlet,1.0,,,,,,,,,,,,,,,,,,,,,,,,,,,,,,,,,,,,,,,,,,,,,,,,,,,,,,,,,,,,2.0,ArchangelsStaff,OrnnZhonyasParadox,ShimmerscaleDravensAxe,,,,,,,,,,,,,,,,,,,,,,,,,2.0,OrnnAnimaVisage,BrambleVest,FrozenHeart,4.0,TrainerSnax,None,None,2.0,ThiefsGloves,TitansResolve,ArchangelsStaff,,,,,,,,,,,,,,,,,,,,,,,,,,,,,,,,
6,EUW1_5971952601,TFT6_Augment_SlowAndSteady,TFT6_Augment_Meditation1,TFT7_Augment_JadeEternalProtection,,,1.0,,,,1.0,,1.0,,1.0,2.0,0.0,,,2.0,,,,1.0,,,1.0,,,0.0,,,,,,,2.0,,,,,,,,,,,,,,,,1.0,,,,,,,,,,,,,,,,,,,,,,,,2.0,MadredsBloodrazor,UnstableConcoction,GuardianAngel,,,,,,,,,,,,,2.0,RedBuff,,,,,,,,,,,,,,,,,,,,,,,,,,,,,,,,,,,,,,,2.0,,,,,,,,2.0,Redemption,RedBuff,Morellonomicon,,,,,,,,,,,,,,,,,,,,,,,,,,,,,,,,,,,,,,,,,,,,,,,,,,,,,,,,,1.0,,,,,,,,,,,,,,,,,,,,,,,,,,,,,,None,None,,,,,,,,,,,,,,,,,,,,,,,,,,,,,,,,,,,,
7,EUW1_5971952601,TFT7_Augment_GuildEmblem2,TFT6_Augment_Electrocharge1,TFT6_Augment_SecondWind2,0.0,,1.0,1.0,,1.0,,0.0,,,5.0,,0.0,,0.0,0.0,0.0,,,,,,,0.0,0.0,,1.0,,,,,,,,,,,,,,,,,,,,,,1.0,,,,,,,,,,,,,,,,,,,,,,,,,,,,,,,,,,,,,,,,,,,,1.0,,,,,,,,,,,,,,,,,,,,,,,,,,,,,,,,,,,,,,,,,,,,,,,,,,,,,,,,,,,,2.0,DragonsClaw,GargoyleStoneplate,RedBuff,,,,,,,,,,,,,1.0,,,,,,,,,,,,2.0,WarmogsArmor,,,,,,,,,,,,,,,,,,,,,,,,,,,,,,,1.0,InfinityEdge,GuinsoosRageblade,,,,,,,,,,,,None,None,,,,,2.0,,,,,,,,,,,,,,,,,,,,1.0,GuildEmblemItem,MadredsBloodrazor,HextechGunblade,,,,,,,,
8,EUW1_5971952601,TFT7_Augment_MageEmblem2,TFT6_Augment_TinyTitans,TFT7_Augment_AxiomArc2,,2.0,,1.0,,,1.0,,1.0,,,,,2.0,,1.0,,,,,,,,,,1.0,,0.0,,,,,,,,,,,,,,,,,1.0,MageEmblemItem,SpearOfShojin,HextechGunblade,,,,,,,,,,,,,,,,,,,,,,,,,,,,,,,,,,,,,,,,,,,,,,,,,2.0,,,,2.0,,,,,,,,,,,,,,,,,,,,,,,,,,,,1.0,,,,2.0,StatikkShiv,Bloodthirster,GuardianAngel,,,,,,,,,,,,,,,,,,,,,,,,,,,,,,,,,,,,,,,,,,,,,,,,,,,,,,,,,,,,,,,,,,,,,1.0,BrambleVest,IonicSpark,PowerGauntlet,,,,,,,,,,,,,,,,,2.0,TrainerSnax,None,None,,,,,,,,,,,,,2.0,,,,,,,,,,,,,,,,,,,,,,,
4,EUW1_5971952601,TFT7_Augment_GuildEmblem2,TFT6_Augment_ItemGrabBag1,TFT6_Augment_TomeOfTraits1,0.0,,1.0,1.0,,1.0,,,,,5.0,,0.0,,,0.0,1.0,,,,,,,1.0,1.0,,0.0,,,,,,,,,,,,,,,,,,,,,,1.0,Quicksilver,,,,,,,,,,,,,,,,,,,,,,,,,,,,,,,,,,,,,,,,,,,2.0,ThiefsGloves,RecurveBow,GuinsoosRageblade,,,,,,,,,,,,,,,,,,,,,,,,,,,,,,,,,,,,,,,,,,,,,,,,,,,,,,,,,2.0,Zephyr,GargoyleStoneplate,,,,,,,,,,,,,,2.0,,,,,,,,,,,,2.0,TempestEmblemItem,WarmogsArmor,,,,,,,,,,,,,,,,,,,,,,,,,,,,,,2.0,InfinityEdge,MadredsBloodrazor,GuardianAngel,,,,,,,,,,,None,None,,,,,2.0,ZekesHerald,,,,,,,,,,,,,,,2.0,GuildEmblemItem,Quicksilver,Deathblade,,,,,,,,,,,,
5,EUW1_5971952601,TFT7_Augment_MirageEmblem2,TFT7_Augment_MirageTrait,TFT6_Augment_PortableForge,,,,,,4.0,1.0,,,0.0,1.0,,,0.0,4.0,,0.0,,0.0,,,,,,,,0.0,,,,,,,,,,,,,,,,,,,,,,,,,,,,,,,,,,,,,,2.0,GuinsoosRageblade,UnstableConcoction,HextechGunblade,,,,,,,,,,,,,,,,,,,,,,,,,2.0,MirageEmblemItem,ChainVest,,,,,,,,,,,,,,,,,,,,,,,,,,2.0,CavalierEmblemItem,,,1.0,,,,,,,,,,,,,,,,,,,,2.0,OrnnRocketPropelledFist,BrambleVest,IonicSpark,,,,,,,,,,,,,,,,,,,,,1.0,,,,,,,,,,,,,,,,,,,,,,,,,,,,,,,,,,,,,,,,,,,,,,,,,,,,,,,,,,None,None,,,,,,,,,,,,,,,,,,,,,,,,,,,,,3.0,UnstableConcoction,GuinsoosRageblade,Quicksilver,,,,
5,EUW1_5971950100,TFT7_Augment_ShimmerscaleTrait,TFT6_Augment_Meditation3,TFT7_Augment_MageEmblem2,,0.0,,1.0,,,,,1.0,,1.0,,0.0,2.0,,1.0,,0.0,,,0.0,,,,0.0,1.0,,0.0,,,,,,,,,,,,,,,,,,,,,,,,,,,,,,,,,,,,,,,,,,,,,,,,,,,,,,,,,,,,,,,,,,,,,2.0,,,,,,,,,,,,,,,,,,,,,,,,,,,,,,,,2.0,,,,2.0,,,,,,,,,,,,,,,,,,,,2.0,WarmogsArmor,TitanicHydra,,,,,,,,,,2.0,MadredsBloodrazor,SpearOfShojin,ArchangelsStaff,,,,,,,,,,,,,,,,,,,,,,,,,2.0,MageEmblemItem,HextechGunblade,NeedlesslyLargeRod,,,,,,,,,3.0,GargoyleStoneplate,Quicksilver,DragonsClaw,,,,,,,,,,,,,,,,,3.0,TrainerSnax,None,None,,,,,,,,,,,,,,,,,,,,,,,,,,,,,,,,,,,,
2,EUW1_5971950100,TFT6_Augment_ThrillOfTheHunt2,TFT7_Augment_BestFriends3,TFT7_Augment_CavalierForAllUnits,,,,,,0.0,1.0,,,,,0.0,,,1.0,,,,,,,,1.0,,,,,,,,,,,,,,,,,,,,,,,,,,1.0,,,,,,,,,,,,,,,,2.0,RapidFireCannon,GuinsoosRageblade,Quicksilver,,,,,,,,,,,,,,,,,,,,,,,,,2.0,,,,,,,,,,,,,,,,,,,,,,,,,,,,2.0,,,,,,,,,,,,,,,,,,,,,,,,2.0,,,,,,,,,,,,,,,,,,,,,,,,,,,,,,,,,,,,,,,,,,,,,,,,,,,,2.0,,,,,,,,,,,,,,,,,,,,,,,,,,,,,,None,None,,,,,,,,,,,,,,,,,,,,,,,,,,,,,2.0,,,,,,,
6,EUW1_5971950100,TFT6_Augment_TrueTwos,TFT6_Augment_ForceOfNature,TFT6_Augment_BandOfThieves2,1.0,,,1.0,,1.0,,0.0,,,3.0,,0.0,,0.0,,1.0,,,,,,,1.0,1.0,,1.0,,,,,,,,,,,,,,,,,,,,,,,,,,,,,,,,,,,,,,,,,,,,,,,,,,,,,,,,,,,,,,,,,,2.0,ThiefsGloves,SpearOfShojin,GuardianAngel,,,,,,,,,,,,,,,,,,,,,,,,,,,,,,,,,,,,,,,,,,,,,,,,,,,,,,,,,2.0,WarmogsArmor,Redemption,,,,,,1.0,,,,,,,,2.0,,,,,,,,,,,,2.0,ThiefsGloves,LocketOfTheIronSolari,TitanicHydra,,,,,,,,,,,,,,,,,,,,,,,,,,,,,2.0,InfinityEdge,,,,,,,,,,,,,None,None,,,,,2.0,,,,,,,,,,,,,,,,2.0,MadredsBloodrazor,GuinsoosRageblade,Quicksilver,2.0,Chalice,RecurveBow,,,,,,,,,
4,EUW1_5971950100,TFT7_Augment_BruiserTitanicStrength,TFT6_Augment_CelestialBlessing3,TFT7_Augment_AssassinEmblem2,2.0,,,1.0,,,1.0,0.0,,,1.0,,0.0,,0.0,,0.0,,,,,,,,1.0,,1.0,2.0,,,,,,,,,,,,,,,,,,,,,,,,,,,,,,,,,,,,,,,,,,,,,,,,,2.0,AssassinEmblemItem,TitansResolve,GuinsoosRageblade,,,,,,,,,,,,,,,,,,,,,,,,,,,,,,,,,,,,,,,,,,,,,,,,,,,,,,,,,,,,,,,,,,,,,,,,,2.0,Redemption,,,1.0,PowerGauntlet,,,2.0,,,,,,,,,,,,,,,,,,,,1.0,,,,,,,,,,,,,,,,,,,,,,,,,,,,,,,,2.0,InfinityEdge,Bloodthirster,WarmogsArmor,,,,,,,,,,,None,None,,,,,,,,,,,,,,,,,,,,,,,,,1.0,IonicSpark,TitansResolve,Bloodthirster,,,,,,,,
1,EUW1_5971950100,TFT6_Augment_SecondWind2,TFT6_Augment_GrandGambler,TFT6_Augment_TheGoldenEgg,,,1.0,,,0.0,,2.0,,,1.0,1.0,,,0.0,0.0,1.0,,,1.0,,,,0.0,0.0,,0.0,,,,,,,,,,,,,,2.0,,,,,,,,2.0,StatikkShiv,,,,,,,,,,,,,,,,,,,,,,,,,,,,,,,,,,,,,,,,,,,2.0,GuardianAngel,GargoyleStoneplate,,,,,,,,,,,,,,2.0,Chalice,,,,,,,2.0,TitanicHydra,,,,,,,,,,,,,,,,,,,2.0,RedBuff,RedemptionRadiant,WarmogsArmorRadiant,,,,,,,,,,,,,,,,,,,,,,,,,,,,,,,,,,,,,2.0,,,,,,,,,,,,,,,,,,,,,,,,3.0,GuinsoosRageblade,Quicksilver,StatikkShiv,,,,,,,,,,,,,,,,,,,,,,,None,None,,,,,,,,,,,,,,,,,,,,,,,,,2.0,RapidFireCannon,Quicksilver,UnstableConcoction,,,,,,,,
3,EUW1_5971950100,TFT6_Augment_MetabolicAccelerator,TFT7_Augment_BestFriends3,TFT6_Augment_MaxLevel10,1.0,0.0,,0.0,,,1.0,0.0,,,1.0,1.0,,,0.0,,,,,2.0,,,1.0,,,,0.0,2.0,,,,,,,,,,,,,,,,,,,,,,,,,,,,,,,,,,,,,,,,,,,,,,,,,2.0,Bloodthirster,,,2.0,,,,,,,,2.0,TitanicHydra,,,,,,,,,,,,,,,,,,,,,,,,,,,,,,,,,,,,,,,,,,,,,,,2.0,RedBuff,TitanicHydra,ChainVest,3.0,Quicksilver,Deathblade,GuinsoosRageblade,,,,,,,,,,,,,,,,,,,,,,,,,,,,,,,,,,,,,,,,,,,,,,,,,,,,,1.0,,,,,,,,,,,,,,,,1.0,,,,,,,,,,,,,,None,None,,,,,,,,,,,,,,,,,,,,,,,,,2.0,RedBuff,AssassinEmblemItem,,,,,,,,,
8,EUW1_5971950100,TFT7_Augment_BruiserTitanicStrength,TFT7_Augment_WarriorEmblem2,TFT6_Augment_GrandGambler,1.0,,,2.0,,,,0.0,,,,,0.0,0.0,0.0,,0.0,,1.0,,,,,,1.0,,2.0,0.0,,,,,,,,,,,,,,,,,,,,,,,,,,,,,,,,,3.0,Shroud,GuardianAngel,UnstableConcoction,,,,,,,,,,,,,,,,,,,,,,,,,,,,,,,,,,,,,,,,,,,,,,,,,,,,,,,,,,,,,,,,,,,,,,,,,,,,,,,,,,,,,2.0,GuinsoosRageblade,Quicksilver,MadredsBloodrazor,1.0,WarriorEmblemItem,,,,,,,2.0,,,,,,,,,,,,,,,,,,,,2.0,LocketOfTheIronSolari,,,,,,,,,,,,,,,,,,,,,,,1.0,,,,,,,,,,,,,,,,,,,,,,None,None,,,,,,,,,,,,,,,,,,,,,,,,,1.0,,,,,,,,,,,
7,EUW1_5971950100,TFT7_Augment_PandorasBench,TFT7_Augment_BestFriends3,TFT6_Augment_ForceOfNature,,0.0,1.0,2.0,,,1.0,,,,1.0,1.0,,0.0,,1.0,0.0,0.0,,0.0,,,1.0,,,,0.0,0.0,,,,,,,,,,,,,,,,,,,,,1.0,RecurveBow,SpearOfShojin,Quicksilver,,,,,,,,,,,,,,,,,,,,,2.0,Bloodthirster,MadredsBloodrazor,TitansResolve,,,,,,,,,,,,,,,,,,,,,,,,,1.0,,,,,,,,,,,,,,,,,,,,,,,,,,,,,,,,,,,,1.0,,,,,,,,,,,,,,,,,,,,,,,,,,,,,,,,,,,,,,,,,,,,2.0,,,,,,,,,,,,,,,,1.0,,,,,,,,2.0,,,,1.0,,,,,,,,,,,,,,,,,,None,None,,,,,,,,,,,,,,,,,,,,,,,,,,,,,,,,,,,,
2,EUW1_5971064442,TFT7_Augment_BruiserTrait,TFT6_Augment_Electrocharge1,TFT6_Augment_SunfireBoard,1.0,1.0,,2.0,,,,,,,2.0,,0.0,0.0,,0.0,0.0,,,,,,,1.0,1.0,,0.0,,,,,,,,,,,,,,,,,,,,,,,,,,,,,,,,,,,,,,,,,,,,,,,,,,,,,,,,,,,,,,,,,,,,,,,,,,3.0,TitansResolve,WarmogsArmor,TitansResolve,,,,,,,,,,,,,,,,,,,,,,,,,,,,,3.0,ZekesHerald,,,,,,,,,,,,,,,,,,,2.0,,,,,,,,2.0,,,,,,,,,,,,,,,,,,,,2.0,,,,,,,,,,,,,,,,,,,,,,,,,,,,,,,,2.0,UnstableConcoction,,,,,,,,,,,,,None,None,,,,,1.0,,,,3.0,Deathblade,RunaansHurricane,GuinsoosRageblade,,,,,,,,,,,,,,,,,,,,,,,,
6,EUW1_5971064442,TFT7_Augment_AFK,TFT7_Augment_CannoneerTrait,TFT7_Augment_GuardianEmblem,,,1.0,,4.0,,1.0,,1.0,1.0,1.0,,,,,1.0,,2.0,,,1.0,,,,,1.0,,,,,,,,,,,,,,,,,,,,,,,1.0,,,,,,,,2.0,GuinsoosRageblade,UnstableConcoction,InfinityEdge,,,,,,,,,2.0,ShimmerscaleMogulsMail,GargoyleStoneplate,DragonsClaw,,,,,,,,,,,,,,,,,,,,,,,,,,,,,,,,,2.0,,,,,,,,,,,,,,,,,,,,,,,,2.0,GuardianEmblemItem,,,,,,,,,,,,,,,,,,,,,,,,,,,,,,,,,,,,,,,,,,,,,,,,,,,,,,,,,,,,,,,2.0,CannoneerEmblemItem,,,,,,,,,,,,,,,,,,,,,,,,,,,,,,,3.0,TrainerSnax,None,None,2.0,StatikkShiv,LastWhisper,,,,,,,,,,,,,,,,,,,,,,,,,,,,,,,,,
5,EUW1_5971064442,TFT7_Augment_BandOfThieves1,TFT6_Augment_CyberneticShell1,TFT6_Augment_Ascension,0.0,,,1.0,,,1.0,,0.0,0.0,1.0,,0.0,1.0,,1.0,,,,,1.0,1.0,,,0.0,1.0,,0.0,,,,,,,,,,,,,,,,,,,,,,,,,,,,,,,,,,,,,,,,,2.0,ShimmerscaleMogulsMail,RedBuff,TitansResolve,,,,,,,,,,,,,,,,,,,,,,,,,2.0,,,,,,,,,,,,,,,,,,,,,,,,,,,,,,,,1.0,PowerGauntlet,,,,,,,,,,,,,,,,,,,,,,,2.0,MysticEmblemItem,,,,,,,,,,,,,,,,,,,,,,,,,,,,,,,,,,,,,,,,,,,,,,,,,,,1.0,,,,,,,,2.0,InfinityEdge,MadredsBloodrazor,RapidFireCannon,,,,,,,,,3.0,TrainerSnax,None,None,,,,,,,,,,,,,,,,,,,,,,,,,,,,,,,,,1.0,SpearOfShojin,NeedlesslyLargeRod,
4,EUW1_5971064442,TFT7_Augment_ShapeshifterTrait,TFT6_Augment_Weakspot,TFT6_Augment_Distancing2,,0.0,,0.0,,,1.0,0.0,0.0,,,1.0,0.0,,,,0.0,,,3.0,,,,,,,,2.0,,,,,1.0,,,,,,,,,,,,,,,,,,,,,,,,,,,,,,,,,,,,,,,,,,,,2.0,Quicksilver,UnstableConcoction,Bloodthirster,2.0,,,,,,,,2.0,,,,,,,,,,,,,,,,,,,,,,,,,,,,,,,,,,,,,,,,,,,,,,,,1.0,WarmogsArmor,LocketOfTheIronSolari,GargoyleStoneplate,3.0,Deathblade,MadredsBloodrazor,GuinsoosRageblade,,,,,,,,,,,,,,,,,,,,,,,,,,,,,,,,,,,,,,,,,,,,,,,,,,,,,,,,,1.0,,,,,,,,,,,,,,,,,,,,,,,,,,None,None,,,,,,,,,,,,,,,,,,,,,,,,,,,,,,,,,,,,
7,EUW1_5971064442,TFT6_Augment_ThrillOfTheHunt1,TFT7_Augment_BandOfThieves1,TFT6_Augment_SecondWind2,,2.0,,1.0,,,1.0,,0.0,,1.0,,,1.0,,0.0,,,,,0.0,1.0,,,,,,0.0,,,,,,,,,,,,,,,,,1.0,SeraphsEmbrace,GuardianAngel,,,,,,,,,,,,,,,,,,,,,,,,,,,,,,,,,,,,,,,,,,,,,,,,,,,,,,2.0,ThiefsGloves,SpearOfShojin,GuardianAngel,,,,,,,,,,,,,,,,,,,,,,,,,,,,,3.0,,,,,,,,,,,,,,,,,,,,,,,,,,,,,,,,2.0,SpearOfShojin,JeweledGauntlet,InfinityEdge,,,,,,,,,,,,,,,,,,,,,2.0,TitanicHydra,,,,,,,,,,,,,,,2.0,IonicSpark,,,,,,,,,,,,,,,,,,,,,None,None,,,,,,,,,,,,,,,,,,,,,,,,,,,,,,,,,1.0,TearOfTheGoddess,,
8,EUW1_5971064442,TFT7_Augment_MageTrait,TFT7_Augment_AxiomArc1,TFT6_Augment_ComponentGrabBag,,0.0,,0.0,,0.0,,,0.0,,1.0,,,3.0,,1.0,,,0.0,,,,,,,1.0,,0.0,,,,,,,,,,,,,,,,,,,,,,,,,,,,,,,,,,,,,,,,,,,,,,,,,,,,,,,,,,,,,,,,,,,,,2.0,,,,,,,,,,,,,,,,,,,,,,,,,,,,2.0,,,,2.0,,,,2.0,,,,,,,,,,,,,,,,,,,,,,,,,,,,,,,,2.0,ArchangelsStaff,NeedlesslyLargeRod,,,,,,,,,,,,,,,,,,,,,,,,,,,,,,,,,,,,,,2.0,DragonsClaw,GargoyleStoneplate,RedBuff,,,,,,,,,,,,,,,,,2.0,TrainerSnax,None,None,,,,,,,,,,,,,2.0,TitanicHydra,,,,,,,,,,,,,,,,,,,,,,
3,EUW1_5971064442,TFT7_Augment_SwiftshotTrait,TFT6_Augment_Recombobulator,TFT6_Augment_ComponentGrabBag,,,,1.0,,1.0,,0.0,,,2.0,,0.0,,0.0,,1.0,,,,,,,2.0,1.0,,1.0,,,,,,,,,,,,,,,,,,,,,,,,,,,,,,,,,,,,,,,,,,,,,,,,,,,,,,,,,,2.0,,,,,,,,2.0,WarmogsArmor,DragonsClaw,,,,,,,,,,,,,,,,,,,,,,,,,,,,,,,,,,,,,,,,,,,,,,,,,,,,,,,,,,1.0,,,,,,,,,,,,,,,,2.0,,,,,,,,,,,,2.0,LocketOfTheIronSolari,,,,,,,,,,,,,,,,,,,,,,,,,,,,,,,,,,,,,,,,,,,,,None,None,,,,,2.0,ZekesHerald,ZekesHerald,,,,,,,,,,,,,,2.0,GuinsoosRageblade,GuinsoosRageblade,,2.0,SeraphsEmbrace,Quicksilver,Bloodthirster,,,,,,,,
1,EUW1_5971064442,TFT7_Augment_BestFriends1,TFT6_Augment_FirstAidKit,TFT6_Augment_JeweledLotus,,0.0,,1.0,,,1.0,0.0,0.0,,,,0.0,2.0,0.0,0.0,,,,,0.0,1.0,,,2.0,1.0,0.0,0.0,,,,,,,,,1.0,RabadonsDeathcap,MageEmblemItem,HextechGunblade,,,,,,,,,,,,,,,,,,,,,,,,,,,,,,,,,,,,,,,,,,,,,,,,,,,,,,,,,2.0,,,,,,,,,,,,,,,,,,,,,,,,,,,,,,,,2.0,,,,,,,,,,,,,,,,,,,,,,,,1.0,DragonsClaw,NegatronCloak,,,,,,,,,,,,,,,,,,,,,,,,,,,,,,,,,,,,,,,,,,,,,,,,,,2.0,TitanicHydra,RedBuff,BrambleVest,,,,,,,,,,,,,,,,,4.0,TrainerSnax,None,None,,,,,,,,,,,,,1.0,,,,,,,,,,,,2.0,,,,,,,,2.0,Morellonomicon,GuinsoosRageblade,
7,EUW1_5972044843,TFT6_Augment_TradeSector,TFT6_Augment_CelestialBlessing1,TFT7_Augment_FirstAidKit2,,,,1.0,2.0,,1.0,,1.0,,,,,0.0,,0.0,,2.0,,,,,,,,1.0,,2.0,,,,,,,,,,,,,,,,,,,,,,,,,,,,,1.0,InfinityEdge,LastWhisper,UnstableConcoction,,,,,,,,,,,,,,,,,2.0,InfinityEdge,,,,,,,,,,,,,,,,,,,,,,,,,,,2.0,,,,,,,,,,,,,,,,,,,,,,,,2.0,,,,,,,,,,,,,,,,,,,,,,,,,,,,,,,,,,,,,,,,,,,,,,,,,,,,,,,,,,,,,,,,1.0,NeedlesslyLargeRod,,,,,,,,,,,2.0,GargoyleStoneplate,BrambleVest,WarmogsArmor,,,,,,,,,,,,,,,,,3.0,TrainerSnax,None,None,2.0,,,,,,,,,,,,,,,,,,,,,,,,,,,,,,,,,,,
4,EUW1_5972044843,TFT7_Augment_Preparation2,TFT6_Augment_Weakspot,TFT6_Augment_SecondWind2,0.0,0.0,,2.0,,,1.0,,,,,,0.0,0.0,,,,,,,,,,1.0,1.0,,,2.0,,,,,,,,,,,,,,,,,,,,,,,,,,,,,,,,,,,,,,,,,,,,,,,,,1.0,,,,,,,,2.0,ZekesHerald,,,,,,,,,,,,,,,2.0,Morellonomicon,,,,,,,,,,,,,,,,,,,,,,,,,,,,,,,,,,,,,,,,,,,,,,,,,,,2.0,WarmogsArmor,TitanicHydra,RedBuff,1.0,Morellonomicon,SeraphsEmbrace,,,,,,,,,,,,,,,,,,,,,,,,,,,,,,,,,,,,,,,,,,,,,,2.0,,,,,,,,,,,,,,,,,,,,,,None,None,,,,,,,,,3.0,RunaansHurricane,Bloodthirster,GuinsoosRageblade,,,,,,,,,,,,,,,,,,,,,,,,
3,EUW1_5972044843,TFT6_Augment_CyberneticShell2,TFT6_Augment_CyberneticImplants1,TFT6_Augment_Ascension,0.0,,1.0,,1.0,,1.0,0.0,1.0,1.0,1.0,,,,0.0,1.0,,1.0,,,1.0,,,,,1.0,0.0,0.0,,,,,,,,,,,,,,,,,,,,,2.0,NegatronCloak,,,,,,,2.0,SpearOfShojin,GuinsoosRageblade,UnstableConcoction,,,,,,,,,2.0,RedBuff,IonicSpark,TitanicHydra,,,,,,,,,,,,,,,,,,,,,,,,,,,,,,,,,,,,,,,,,,,,,,,,,,,,,,,,,2.0,GuardianEmblemItem,,,,,,,,,,,,,,,,,,,,,,,,,,,1.0,FrozenHeart,,,,,,,,,,,,,,,,,,,,,,,,,,,,,,,,,,,2.0,Morellonomicon,,,,,,,,,,,,,,,,,,,,,,,,,,,,,,,2.0,TrainerSnax,None,None,1.0,ShimmerscaleHeartOfGold,,,,,,,,,,,,,,,,,,,,,,,2.0,NegatronCloak,,,,,,,,,,
5,EUW1_5972044843,TFT7_Augment_ClutteredMind,TFT6_Augment_CelestialBlessing1,TFT6_Augment_CelestialBlessing2,,,,,,0.0,,2.0,,,,1.0,0.0,,,,1.0,,,1.0,0.0,,,0.0,0.0,,,,,,,,,,,,,,,,2.0,,,,,,,,,,,,,,,,,,,,,,,,,,,,,,,,,,,,,,,,,,,,,,,,,,,,2.0,,,,,,,,,,,,,,,,2.0,Chalice,Chalice,Chalice,,,,,2.0,,,,,,,,,,,,,,,,,,,,2.0,IonicSpark,WarmogsArmor,Bloodthirster,,,,,,,,,,,,,,,,,,,,,,,,,,,,,,,,,,,,,1.0,,,,,,,,,,,,,,,,,,,,,,,,2.0,GuinsoosRageblade,ArchangelsStaff,MadredsBloodrazor,,,,,,,,,,,,,,,,,,,,,,,None,None,,,,,,,,,,,,,,,,,2.0,,,,,,,,,,,,,,,,,,,
6,EUW1_5972044843,TFT7_Augment_TempestEmblem,TFT6_Augment_Weakspot,TFT7_Augment_FirstAidKit2,,,,,,,,2.0,0.0,,,1.0,0.0,,,,0.0,,,0.0,0.0,,,0.0,1.0,,,,,,,,2.0,DragonmancerEmblemItem,,,,,,,2.0,,,,,,,,,,,,,,,,,,,,,,,,,,,,,,,,,,,,,,,,,,,,,,,,,,,,,,,,,,,,,,,,,,,,2.0,TempestEmblemItem,,,,,,,2.0,Bloodthirster,InfinityEdge,JeweledGauntlet,,,,,,,,,,,,,,,,,,,,,,,,,,,,,,,,,,,,,,,,,,,,,,,,,,,,,,,,,2.0,Chalice,,,,,,,,,,,,,,,,,,,,,,,2.0,,,,,,,,,,,,,,,,,,,,,,,,,,None,None,,,,,,,,,,,,,,,,,2.0,FrozenHeart,LocketOfTheIronSolari,GargoyleStoneplate,,,,,,,,,,,,,,,,
8,EUW1_5972044843,TFT7_Augment_ShimmerscaleTrait,TFT7_Augment_BestFriends1,TFT6_Augment_TomeOfTraits1,0.0,,,,,,1.0,,,0.0,1.0,,,0.0,,,0.0,,,,3.0,1.0,,1.0,,,0.0,,2.0,Redemption,,,,,,,,,,,,,,,,,,,,,,,,,,,,,,,,,,,,,,,1.0,ShimmerscaleMogulsMail,ShimmerscaleDeterminedInvestor,,,,,,,,,,,,,,,,,,,,,,,,,,,,,,,,,,,,,,,,,,2.0,ShimmerscaleHeartOfGold,,,,,,,,,,,,,,,,,,,,,,,,,,,,,,,,,,,,,,,,,,,,,,,,,,,,,,,,,,,,,,,,,,,,,,,,,,,,,,,,,,,,,,,,,,,,,,,,,,,,,,,,,,,,,,,,,None,None,,,,,1.0,ShimmerscaleEmblemItem,,,,,,,,,,,,,,,2.0,GuinsoosRageblade,Deathblade,NegatronCloak,,,,,,,,,1.0,ShimmerscaleGoldmancersStaff,Morellonomicon,
1,EUW1_5972044843,TFT6_Augment_Distancing2,TFT7_Augment_LategameSpecialist,TFT6_Augment_CyberneticImplants2,,,1.0,1.0,,,1.0,0.0,0.0,,1.0,,0.0,1.0,0.0,1.0,,,,,0.0,1.0,,,2.0,1.0,0.0,0.0,,,,,,,,,2.0,MadredsBloodrazor,RabadonsDeathcap,SpearOfShojin,,,,,,,,,2.0,,,,,,,,,,,,,,,,,,,,,,,,,,,,,,,,,,,,,,,,,,,,,,,,2.0,,,,,,,,,,,,,,,,,,,,,,,,,,,,,,,,2.0,,,,,,,,,,,,,,,,,,,,,,,,2.0,GargoyleStoneplate,Redemption,WarmogsArmor,,,,,,,,,,,,,,,,,,,,,,,,,,,,,,,,,,,,,,,,,,,,,,,,,2.0,DragonsClaw,,,,,,,,,,,,,,,,,,,4.0,TrainerSnax,None,None,,,,,,,,,,,,,,,,,,,,,,,,,2.0,GuardianAngel,RedBuff,IonicSpark,,,,,1.0,ThiefsGloves,TitansResolve,MadredsBloodrazor
2,EUW1_5972044843,TFT7_Augment_GadgetExpert,TFT7_Augment_BandOfThieves1,TFT7_Augment_MageEmblem,,0.0,1.0,1.0,,,1.0,,0.0,,2.0,,,2.0,,2.0,,,,,0.0,1.0,,,,0.0,,2.0,,,,,,,,,,,,,,,,,,,,,1.0,,,,,,,,,,,,,,,,,,,,,,,,,,,,2.0,ThiefsGloves,MadredsBloodrazor,RedBuff,,,,,,,,,,,,,,,,,,,,,3.0,MageEmblemItem,DragonsClaw,LocketOfTheIronSolari,,,,,,,,,,,,,,,,,,,,,,,,,1.0,,,,3.0,StatikkShiv,HextechGunblade,Quicksilver,,,,,,,,,,,,,,,,,,,,,,,,,,,,,2.0,RabadonsDeathcap,StatikkShiv,SpearOfShojin,,,,,,,,,,,,,,,,,,,,,,,,,,,,,,,,,,,,,2.0,RedBuff,Redemption,ZekesHerald,,,,,,,,,,,,,,,,,,,None,None,,,,,,,,,,,,,,,,,,,,,,,,,,,,,,,,,2.0,ThiefsGloves,MadredsBloodrazor,RapidFireCannon
8,EUW1_5971723547,TFT6_Augment_CyberneticImplants2,TFT6_Augment_Diversify2,TFT6_Augment_CyberneticShell2,1.0,,,1.0,,0.0,,0.0,,,1.0,,0.0,,0.0,,1.0,,,,,,,0.0,1.0,,1.0,,,,,,,,,,,,,,,,,,,,,,,,,,,,,,,,,,,,,,,,,,,,,,,,,,,,,,,,,,,,,,,,,,2.0,NeedlesslyLargeRod,,,,,,,,,,,,,,,,,,,,,,,,,,,,,,,,,,,,,,,,,,,,,,,,,,,,,,,,,,,1.0,WarmogsArmor,,,,,,,2.0,JeweledGauntlet,,,,,,,,,,,,,,,,,,,2.0,,,,,,,,,,,,,,,,,,,,,,,,,,,,,,,,1.0,InfinityEdge,,,,,,,,,,,,,None,None,,,,,,,,,,,,,,,,,,,,,2.0,MadredsBloodrazor,GuinsoosRageblade,,1.0,MadredsBloodrazor,,,,,,,,,,
1,EUW1_5971723547,TFT6_Augment_PortableForge,TFT6_Augment_Ascension,TFT6_Augment_ThrillOfTheHunt2,,,1.0,1.0,0.0,,1.0,0.0,0.0,,1.0,,,1.0,0.0,1.0,,0.0,,,0.0,1.0,,,,1.0,0.0,2.0,,,,,,,,,,,,,,,,,,,,,1.0,,,,,,,,2.0,OrnnTheCollector,GuinsoosRageblade,MadredsBloodrazor,,,,,,,,,,,,,,,,,2.0,DragonsClaw,InfinityEdge,MadredsBloodrazor,,,,,,,,,,,,,,,,,2.0,,,,,,,,,,,,,,,,,,,,,,,,,,,,,,,,2.0,,,,,,,,,,,,,,,,,,,,,,,,,,,,,,,,,,,,,,,,,,,,,,,,,,,,,,,,,,,,,,,,,,,,,,,,,,,,2.0,TitanicHydra,GargoyleStoneplate,RedBuff,,,,,,,,,,,,,,,,,4.0,TrainerSnax,None,None,,,,,,,,,,,,,,,,,,,,,,,,,2.0,WarmogsArmor,,,,,,,2.0,,,
4,EUW1_5971723547,TFT7_Augment_ClutteredMind,TFT6_Augment_BlueBattery2,TFT6_Augment_Meditation2,,0.0,1.0,1.0,,,,,1.0,,2.0,,,2.0,,2.0,,0.0,,,,,,,,1.0,,0.0,,,,,,,,,,,,,,,,,,,,,1.0,MageEmblemItem,PowerGauntlet,,,,,,,,,,,,,,,,,,,,,,,,,,,,,,,,,,,,,,,,,,,,,,2.0,,,,2.0,,,,,,,,,,,,,,,,,,,,,,,,,,,,2.0,,,,3.0,,,,,,,,,,,,,,,,,,,,,,,,,,,,,,,,2.0,SpearOfShojin,JeweledGauntlet,RabadonsDeathcap,,,,,,,,,,,,,,,,,,,,,,,,,2.0,,,,,,,,,,,,2.0,WarmogsArmor,RedBuff,IonicSpark,,,,,,,,,,,,,,,,,3.0,TrainerSnax,None,None,,,,,,,,,,,,,,,,,,,,,,,,,,,,,,,,,,,,
6,EUW1_5971723547,TFT6_Augment_MetabolicAccelerator,TFT6_Augment_FuturePeepers,TFT6_Augment_PortableForge,,,,,,,,2.0,,,,1.0,0.0,,0.0,,0.0,,,1.0,0.0,,,0.0,0.0,,0.0,,,,,,,,,,,,,,2.0,,,,,,,,,,,,,,,,,,,,,,,,,,,,,,,,,,,,,,,,,,,,,,,,,,,,,,,,,,,,,,,,,,,,2.0,,,,,,,,2.0,OrnnEternalWinter,,,,,,,,,,,,,,,,,,,2.0,Zephyr,,,,,,,,,,,,,,,,,,,,,,,,,,,,,,,,,,,,,,,,,,,,,,,,,,,,,,,,,,,,,,,3.0,StatikkShiv,GuinsoosRageblade,,,,,,,,,,,,,,,,,,,,,,,,None,None,,,,,,,,,,,,,,,,,2.0,ZekesHerald,,,,,,,1.0,Bloodthirster,TitansResolve,Quicksilver,,,,,,,,
7,EUW1_5971723547,TFT6_Augment_Electrocharge2,TFT6_Augment_CelestialBlessing2,TFT7_Augment_MikaelsGift,,,,1.0,,1.0,1.0,,,,2.0,,0.0,,,,2.0,,,0.0,,,,1.0,0.0,,0.0,,,,,,,,,,,,,,,,,,,,,,,,,,,,,,,,,,,,,,,,,,,,,,,,,,,,,,,,,,,,,,,,,,2.0,GargoyleStoneplate,GiantsBelt,,,,,,,,,,,,,,,,,,,,,,,,,,,,,,,,,,,,,,,,,,,,,,,,,,,,,,,,,,2.0,,,,,,,,,,,,,,,,2.0,LocketOfTheIronSolari,LocketOfTheIronSolari,,,,,,,,,,1.0,,,,1.0,Bloodthirster,,,,,,,,,,,,,,,,,,,,,,,,,,,,,,,,,,,,,,,,,None,None,,,,,2.0,,,,,,,,,,,,,,,,1.0,Quicksilver,GuinsoosRageblade,MadredsBloodrazor,,,,,,,,,,,,
2,EUW1_5971723547,TFT6_Augment_LudensEcho2,TFT6_Augment_ComponentGrabBag,TFT6_Augment_PortableForge,,1.0,,1.0,,,,,0.0,,1.0,,,3.0,,1.0,,,,,0.0,1.0,,,,1.0,,0.0,,,,,,,,,,,,,,,,,,,,,,,,,,,,,,,,,,,,,,,,,,,,,,,,,,,,,,,,,,,,,,,,,,,,,2.0,,,,3.0,OrnnEternalWinter,MageEmblemItem,DragonsClaw,,,,,,,,,,,,,,,,,,,,,,,,,2.0,,,,3.0,SpearOfShojin,ArchangelsStaff,StatikkShiv,,,,,,,,,,,,,,,,,,,,,,,,,,,,,2.0,MadredsBloodrazor,,,,,,,,,,,,,,,,,,,,,,,,,,,,,,,,,,,,,,,2.0,TitanicHydra,RedBuff,TitanicHydra,,,,,,,,,,,,,,,,,4.0,TrainerSnax,None,None,,,,,,,,,,,,,2.0,Shroud,,,,,,,,,,,,,,,,,,,1.0,StatikkShiv,,
3,EUW1_5971723547,TFT6_Augment_HyperRoll,TFT6_Augment_PortableForge,TFT7_Augment_CannoneerRicochet,,,1.0,,1.0,,1.0,,1.0,1.0,1.0,,,0.0,,1.0,,1.0,,,1.0,1.0,,,,1.0,,0.0,,,,,,,,,,,,,,,,,,,,,1.0,,,,,,,,2.0,UnstableConcoction,MadredsBloodrazor,InfinityEdge,,,,,,,,,1.0,BrambleVest,IonicSpark,OrnnEternalWinter,,,,,,,,,,,,,,,,,,,,,,,,,,,,,,,,,,,,,,,,,,,,,,,,,,,,,,,,,2.0,,,,,,,,,,,,,,,,,,,,,,,,,,,,,,,,,,,,,,,,,,,,,,,,,,,,,,,,,,,,,,,,1.0,Bloodthirster,,,,,,,,,,,,,,,,,,,,,,,,,,,2.0,,,,2.0,TrainerSnax,None,None,2.0,ThiefsGloves,InfinityEdge,JeweledGauntlet,,,,,,,,,,,,,,,,,,,,,,,,,,,,,1.0,ArchangelsStaff,ZekesHerald,ShimmerscaleDravensAxe
5,EUW1_5971723547,TFT7_Augment_RagewingScorch,TFT7_Augment_BestFriends2,TFT7_Augment_RagewingTantrum,1.0,,,1.0,,0.0,,,,,2.0,0.0,0.0,,,,1.0,,,0.0,,,,1.0,1.0,,0.0,,,,,,,,,,,,,,,,,,,,,,,,,,,,,,,,,,,,,,,,,,,,,,,,,,,,,,,,,,,,,,,,,,2.0,ThiefsGloves,Morellonomicon,TitanicHydra,,,,,,,,,,,,,,,,,,,,,,,,,,,,,,,,,,,,,,,,,1.0,WarmogsArmor,NegatronCloak,,,,,,,,,,,,,,2.0,ThiefsGloves,SparringGloves,InfinityEdge,,,,,2.0,,,,,,,,,,,,,,,,,,,,2.0,,,,,,,,,,,,,,,,,,,,,,,,,,,,,,,,2.0,UnstableConcoction,FrozenHeart,,,,,,,,,,,,None,None,,,,,2.0,,,,,,,,,,,,,,,,1.0,Quicksilver,GuinsoosRageblade,MadredsBloodrazor,,,,,,,,,,,,
7,EUW1_5971859537,TFT6_Augment_CyberneticUplink3,TFT6_Augment_Distancing,TFT6_Augment_CelestialBlessing2,,1.0,,1.0,,,,,0.0,,1.0,,,2.0,,1.0,,,,,,,,,,1.0,,0.0,,,,,,,,,,,,,,,,,,,,,,,,,,,,,,,,,,,,,,,,,,,,,,,,,,,,,,,,,,,,,,,,,,,,,2.0,TearOfTheGoddess,,,2.0,,,,,,,,,,,,,,,,,,,,,,,,,,,,2.0,NegatronCloak,,,3.0,NegatronCloak,,,,,,,,,,,,,,,,,,,,,,,,,,,,,,,2.0,MadredsBloodrazor,RabadonsDeathcap,SpearOfShojin,,,,,,,,,,,,,,,,,,,,,,,,,,,,,,,,,,,,,2.0,RedBuff,GargoyleStoneplate,DragonsClaw,,,,,,,,,,,,,,,,,3.0,TrainerSnax,None,None,,,,,,,,,,,,,1.0,,,,,,,,,,,,,,,,,,,,,,,
1,EUW1_5971859537,TFT7_Augment_RevelEmblem2,TFT7_Augment_RevelTrait,TFT7_Augment_RevelPartyFavors,,,1.0,0.0,0.0,,1.0,0.0,1.0,0.0,1.0,0.0,0.0,,2.0,1.0,,4.0,,0.0,,,,,0.0,0.0,0.0,,,,,,,,,,,,,,,,,,,,,,1.0,,,,,,,,2.0,Deathblade,LastWhisper,RapidFireCannon,,,,,2.0,RevelEmblemItem,Quicksilver,StatikkShiv,,,,,,,,,,,,,,,,,,,,,,,,,,,,,,,,,,,,,,,,,,,,,,,,,,,,,,,,,,,,,2.0,ThiefsGloves,LocketOfTheIronSolari,GuinsoosRageblade,,,,,2.0,RevelEmblemItem,GuardianEmblemItem,,,,,,,,,,,,,,2.0,Redemption,DragonsClaw,BrambleVest,,,,,,,,,,,,,,,,,,,,,,,,,,,,,,,,,,,,,2.0,Chalice,Chalice,,,,,,,,,,,,,,,,,,,,,,,,,,,,,,,,None,None,,,,,,,,,,,,,,,,,,,,,,,,,2.0,Shroud,,,,,,,,,,
4,EUW1_5971859537,TFT6_Augment_RadiantRelics,TFT6_Augment_ThrillOfTheHunt1,TFT7_Augment_GuildGearUpgrades,0.0,,,,,1.0,1.0,,,,3.0,0.0,,,,,2.0,,,1.0,,,,1.0,,,,,,,,,,,,,,,,,,,,,,,,,,,,,,,,,,,,,,,,,,,,,,,,,,,,,,,,,,,,,,,,,,,,,2.0,ThiefsGloves,BFSword,Bloodthirster,,,,,,,,,,,,,,,,,,,,,,,,,,,,,,,,,,,,,,,,,2.0,BrambleVest,,,,,,,,,,,,,,,,,,,,,,,,,,,,,,,2.0,NeedlesslyLargeRod,,,,,,,,,,,,,,,1.0,ThiefsGlovesRadiant,ArchangelsStaffRadiant,LocketOfTheIronSolariRadiant,,,,,,,,,,,,,,,,,,,,,,,,,2.0,UnstableConcoction,Zephyr,FrozenHeart,,,,,,,,,,,None,None,,,,,2.0,RagewingEmblemItem,,,,,,,,,,,,,,,2.0,Quicksilver,GuinsoosRageblade,MadredsBloodrazor,,,,,,,,,,,,
5,EUW1_5971859537,TFT6_Augment_Meditation3,TFT6_Augment_ThrillOfTheHunt1,TFT6_Augment_BlueBattery2,,0.0,,1.0,,,1.0,,0.0,,,,0.0,1.0,,1.0,,,,,0.0,1.0,,,2.0,1.0,,,,,,,,,,,1.0,SpearOfShojin,ArchangelsStaff,,,,,,,,,,,,,,,,,,,,,,,,,,,,,,,,,,,,,,,,,,,,,,,,,,,,,,,,,,2.0,IonicSpark,,,3.0,WarmogsArmor,DragonsClaw,FrozenHeart,,,,,,,,,,,,,,,,,,,,,,,,,2.0,,,,3.0,,,,,,,,,,,,,,,,,,,,1.0,GargoyleStoneplate,WarmogsArmor,DragonsClaw,,,,,,,,,,,,,,,,,,,,,,,,,,,,,,,,,,,,,,,,,,,,,,,,,,,,,,,,,,,,,,,,,,,,,3.0,TrainerSnax,None,None,,,,,,,,,,,,,,,,,,,,,,,,,,,,,,,,,1.0,,,
3,EUW1_5971859537,TFT7_Augment_AssassinEmblem2,TFT6_Augment_Weakspot,TFT6_Augment_ComponentGrabBag,3.0,,,1.0,,,,,,,1.0,,0.0,,,,0.0,,1.0,,0.0,,,,1.0,,1.0,0.0,,,,,,,,,,,,,,,,,,,,,,,,,,,,,,,,,2.0,IonicSpark,InfinityEdge,StatikkShiv,,,,,,,,,,,,,,,,,,,,,,,,,,,,,,,,,,,,,,,,,,,,,,,,,1.0,ZekesHerald,ZekesHerald,ZekesHerald,,,,,,,,,,,,,,,,,,,,,,,,,,,,,,,,,2.0,AssassinEmblemItem,InfinityEdge,RapidFireCannon,2.0,Zephyr,,,1.0,ThiefsGloves,NeedlesslyLargeRod,JeweledGauntlet,2.0,LastWhisper,HextechGunblade,,,,,,,,,,,,,,,,,,2.0,,,,,,,,,,,,,,,,,,,,,,,,,,,,,,,,2.0,ThiefsGloves,Shroud,JeweledGauntlet,,,,,,,,,,,None,None,,,,,,,,,,,,,,,,,,,,,,,,,,,,,,,,,,,,
2,EUW1_5971859537,TFT6_Augment_CyberneticShell3,TFT6_Augment_FirstAidKit,TFT7_Augment_EvokerEssenceTheft,,,,,,,1.0,,1.0,,,2.0,0.0,0.0,,1.0,,0.0,,1.0,,,,,,1.0,,,,,,,3.0,ArchangelsStaff,MadredsBloodrazor,Morellonomicon,,,,,,,,,,,,,,,,,,,,,,,,,,,,,,,,,,,,,2.0,IonicSpark,GiantsBelt,GargoyleStoneplate,,,,,,,,,,,,,2.0,,,,,,,,2.0,,,,,,,,,,,,,,,,,,,,,,,,,,,,,,,,2.0,,,,,,,,2.0,GargoyleStoneplate,DragonsClaw,RedBuff,,,,,,,,,,,,,,,,,,,,,,,,,,,,,,,,,,,,,,,,,,,,,,,,,,,,,2.0,RapidFireCannon,,,,,,,,,,,,,,,,,,,,,,,,,,,,,,,3.0,TrainerSnax,None,None,,,,,,,,,,,,,,,,,,,,,,,,,,,,,,,,,,,,
6,EUW1_5971859537,TFT6_Augment_CelestialBlessing3,TFT6_Augment_FirstAidKit,TFT6_Augment_CyberneticShell2,1.0,,1.0,,1.0,,1.0,,0.0,0.0,2.0,,,,,0.0,,2.0,,,1.0,,,,,,,0.0,,,,,,,,,,,,,,,,,,,,,1.0,Chalice,,,,,,,2.0,LastWhisper,RunaansHurricane,ShimmerscaleDravensAxe,,,,,,,,,2.0,FrozenHeart,DragonsClaw,RedBuff,,,,,,,,,,,,,,,,,,,,,,,,,,,,,,,,,2.0,StatikkShiv,,,,,,,,,,,,,,,,,,,,,,,,,,,,,,,,,,,,,,,,,,,,,,,,,,,1.0,IonicSpark,,,,,,,,,,,,,,,,,,,,,,,,,,,,,,,,,,,2.0,,,,,,,,,,,,,,,,,,,,2.0,HextechGunblade,TitanicHydra,,,,,,,,,,,,None,None,,,,,,,,,,,,,,,,,,,,,,,,,,,,,,,,,,,,
8,EUW1_5971859537,TFT6_Augment_ThriftShop,TFT6_Augment_MakeshiftArmor1,,,0.0,1.0,0.0,,,1.0,,0.0,,1.0,1.0,,1.0,,3.0,,,,,,,,,,1.0,,0.0,,,,,,,,,,,,,,,,,,,,,1.0,RapidFireCannon,,,,,,,,,,,,,,,,,,,,,,,1.0,,,,,,,,,,,,,,,,,,,,,,,,2.0,,,,,,,,,,,,,,,,,,,,,,,,,,,,,,,,2.0,,,,2.0,SpearOfShojin,ArchangelsStaff,,,,,,,,,,,,,,,,,,,,,,,,,,,,,,,,,,,,,,,,,,,,,,,,,,,,,,,,,,,,,,,,,,,,,,2.0,,,,,,,,,,,,,,,,,,,,1.0,TrainerSnax,None,None,,,,,,,,,,,,,,,,,,,,,,,,,,,,,,,,,,,,
8,EUW1_5971946475,TFT6_Augment_Traitless2,TFT7_Augment_ThinkFast,TFT6_Augment_SecondWind2,0.0,,,0.0,0.0,0.0,,0.0,,,,,0.0,,0.0,,0.0,0.0,0.0,0.0,0.0,,,0.0,0.0,,0.0,0.0,,,,,,,,,,,,,,,,,,,,,,,,,,,,,,,,,,,,,,,,,,,,,,,,,,,,,2.0,,,,,,,,,,,,,,,,,,,,,,,,2.0,Zephyr,,,,,,,,,,,,,,,,,,,,,,,,,,,,,,,,,,,,,,,2.0,,,,2.0,TitansResolve,UnstableConcoction,RapidFireCannon,,,,,,,,,2.0,,,,,,,,,,,,,,,,,,,,,,,,,,,,,,,,,,,,,,,,,,,,,,,,,,,,,,,,,,,,,,,,,,None,None,,,,,,,,,,,,,,,,,2.0,,,,1.0,RunaansHurricane,,,,,,,,,,,,,,
5,EUW1_5971946475,TFT7_Augment_FirstAidKit2,TFT6_Augment_CelestialBlessing3,TFT6_Augment_CyberneticImplants2,,,,,,,1.0,1.0,,,,2.0,,,0.0,0.0,0.0,,,1.0,,,,1.0,0.0,,0.0,,,,,,,,,,,,,,2.0,NegatronCloak,,,,,,,,,,,,,,,,,,,,,,,,,,,,,,,2.0,ThiefsGloves,Shroud,JeweledGauntlet,,,,,,,,,,,,,1.0,,,,,,,,,,,,,,,,,,,,,,,,,,,,2.0,BrambleVest,,,,,,,,,,,,,,,,,,,2.0,GiantsBelt,PowerGauntlet,,,,,,,,,,,,,,,,,,,,,,,,,,,,,,,,,,,,,,,,,,,,,,,,,,,,,,,,,,,,,,,,,,,,,,,,,,,,,,,,,,,,,,,,None,None,,,,,,,,,,,,,,,,,,,,,2.0,GuinsoosRageblade,Quicksilver,MadredsBloodrazor,1.0,InfinityEdge,TitansResolve,,,,,,,,,
4,EUW1_5971946475,TFT6_Augment_CyberneticImplants2,TFT7_Augment_ThinkFast,TFT7_Augment_BestFriends2,2.0,,1.0,2.0,,,,,,,3.0,,0.0,0.0,,0.0,0.0,,1.0,,,,,0.0,1.0,,1.0,0.0,,,,,,,,,,,,,,,,,,,,,1.0,GuinsoosRageblade,,,,,,,,,,,2.0,RecurveBow,,,,,,,,,,,,,,,,,,,,,,,,,,,,,,,,,,,,,,,,,,,,,,,,,,,,,,,,,,,,,,,,,,,,,,,,,,,,,,,,,,,,,,,3.0,AssassinEmblemItem,InfinityEdge,UnstableConcoction,2.0,Chalice,,,,,,,1.0,,,,,,,,,,,,,,,,,,,,2.0,,,,,,,,,,,,,,,,,,,,,,,,2.0,GargoyleStoneplate,FrozenHeart,Zephyr,,,,,2.0,Bloodthirster,Quicksilver,,,,,,,,,,,,None,None,,,,,1.0,,,,,,,,,,,,,,,,,,,,,,,,,,,,,,,
2,EUW1_5971946475,TFT7_Augment_JadeTrait,TFT6_Augment_MaxLevel10,TFT7_Augment_JadePenitence,,,1.0,,,,1.0,1.0,0.0,,1.0,3.0,0.0,,,2.0,,,,1.0,,,1.0,0.0,,0.0,,,,,,,,,,,,,,,1.0,Zephyr,,,,,,,1.0,,,,,,,,,,,,,,,,,,,,,,,,2.0,MadredsBloodrazor,GuardianAngel,UnstableConcoction,,,,,,,,,,,,,2.0,ThiefsGloves,RunaansHurricane,RunaansHurricane,,,,,,,,,,,,,,,,,2.0,,,,,,,,,,,,,,,,,,,,2.0,,,,,,,,2.0,RedBuff,WarmogsArmor,IonicSpark,,,,,,,,,,,,,,,,,,,,,,,,,,,,,,,,,,,,,,,,,,,,,,,,,,,,,,,,,2.0,LegendEmblemItem,DragonmancerEmblemItem,GuardianAngel,,,,,,,,,,,,,,,,,,,,,,,,,,,None,None,,,,,,,,,,,,,,,,,,,,,,,,,,,,,,,,,,,,
1,EUW1_5971946475,TFT6_Augment_TomeOfTraits1,TFT7_Augment_RevelEmblem2,TFT6_Augment_CyberneticShell2,,,1.0,1.0,0.0,1.0,1.0,0.0,1.0,,1.0,,0.0,,2.0,1.0,,4.0,,,,,,,0.0,0.0,0.0,,,,,,,,,,,,,,,,,,,,,,2.0,,,,,,,,2.0,RapidFireCannon,StatikkShiv,UnstableConcoction,,,,,2.0,RevelEmblemItem,Quicksilver,GuinsoosRageblade,,,,,,,,,,,,,,,,,,,,,,,,,,,,,,,,,,,,,,,,,,,,,,,,,,,,,,,,,,,,,2.0,TearOfTheGoddess,,,,,,,,,,,,,,,2.0,Shroud,,,,,,,2.0,RevelEmblemItem,,,,,,,,,,,,,,,,,,,,,,,,,,,,,,,,,,,,,,,2.0,,,,,,,,,,,,,,,,2.0,RedBuff,,,,,,,,,,,,,,,,,None,None,,,,,,,,,,,,,,,,,,,,,,,,,2.0,ForceOfNature,CavalierEmblemItem,RedBuff,,,,,,,,
7,EUW1_5971946475,TFT6_Augment_SalvageBin,TFT6_Augment_Meditation3,TFT6_Augment_Meditation2,,1.0,,1.0,,0.0,,,,,1.0,,,3.0,,0.0,,,0.0,,,,,,,0.0,,0.0,,,,,,,,,,,,,,,,,,,,,,,,,,,,,,,,,,,,,,,,,,,,,,,,,,,,,,,,,,,,,,,,,,,,,2.0,,,,2.0,MageEmblemItem,BrambleVest,TitansResolve,,,,,,,,,,,,,,,,,,,,,2.0,,,,,,,,3.0,ArchangelsStaff,SpearOfShojin,,,,,,,,,,,,,,,,,,,,,,,,,,,,,,3.0,,,,,,,,,,,,,,,,,,,,,,,,,,,,,,,,,,,,,,,,2.0,ThiefsGloves,DragonsClaw,Deathblade,,,,,,,,,,,,,,,,,,,None,None,,,,,,,,,,,,,1.0,,,,,,,,,,,,,,,,,,,,,,,
6,EUW1_5971946475,TFT7_Augment_BestFriends2,TFT6_Augment_ThriftShop,TFT6_Augment_ThrillOfTheHunt2,1.0,,,2.0,,,1.0,,,,,,0.0,0.0,,,,,0.0,0.0,,,,,1.0,,0.0,3.0,,,,,,,,,,,,,,,,,,,,,,,,,,,,,,,,,,,,,,,,,,,,,,,,,2.0,GuinsoosRageblade,Bloodthirster,Quicksilver,2.0,Bloodthirster,GuinsoosRageblade,Bloodthirster,,,,,,,,,,,,,,,,,,,,,,,,,,,,,,,,,,,,,,,,,,,,,,,,,,,,,,,,,,,,,,,,,2.0,,,,1.0,,,,1.0,GuardianAngel,,,1.0,,,,,,,,,,,,,,,,,,,,,,,,,,,,,,,,,,,,,,,,,,,,2.0,RedBuff,Redemption,,,,,,,,,,,,,,,,,,,,None,None,,,,,,,,,,,,,,,,,,,,,,,,,,,,,,,,,,,,
3,EUW1_5971946475,TFT6_Augment_Twins2,TFT6_Augment_ForceOfNature,TFT6_Augment_ComponentGrabBag,,1.0,,1.0,,0.0,,,0.0,,1.0,,0.0,0.0,,1.0,0.0,,,,,,,1.0,0.0,0.0,,,,,,,,,,,,,,,,,,,,,,,,,,,,,,,,,,,,,,,,,,,,,,,,,,,,,,,,,,,,,,,,,,,2.0,BrambleVest,,,,,,,3.0,LocketOfTheIronSolari,LocketOfTheIronSolari,LocketOfTheIronSolari,,,,,,,,,,,,,,,,,,,,,,,,,2.0,BruiserEmblemItem,,,2.0,,,,,,,,,,,,,,,,,,,,1.0,,,,,,,,,,,,,,,,,,,,,,,,,,,,,,,,,,,,,,,,,,,,,,,,,,,,,,,,,,,,,,,,,,,,,,,,,,None,None,,,,,2.0,,,,2.0,RunaansHurricane,StatikkShiv,RunaansHurricane,,,,,,,,,2.0,MadredsBloodrazor,,,,,,,,,,,,,,
2,EUW1_5971011562,TFT7_Augment_MirageHallucinate,TFT6_Augment_Recombobulator,TFT7_Augment_MirageTrait,,,,1.0,,1.0,1.0,0.0,,,,0.0,,0.0,3.0,,0.0,,,,,,1.0,,,,1.0,0.0,,,,,,,,,,,,,,,,,,,,,,,,,,,,,,,,,,,,,2.0,GuinsoosRageblade,GuinsoosRageblade,Bloodthirster,,,,,,,,,,,,,,,,,,,,,,,,,2.0,FrozenHeart,Redemption,,,,,,,,,,,,,,,,,,,,,,,,,,,,,,,,,,,,,,,,,,,,,,,,,,2.0,BrambleVest,RedBuff,ArchangelsStaff,,,,,,,,,,,,,,,,,,,,,,,,,,,,,,,,,2.0,,,,,,,,,,,,,,,,2.0,Chalice,,,,,,,2.0,,,,,,,,,,,,,,,,,,,,,,None,None,,,,,,,,,,,,,,,,,,,,,,,,,2.0,ThiefsGloves,LocketOfTheIronSolari,GuinsoosRageblade,,,,,,,,
6,EUW1_5971011562,TFT6_Augment_SecondWind2,TFT6_Augment_Weakspot,TFT7_Augment_BestFriends1,0.0,,,1.0,,,1.0,0.0,,,,,0.0,0.0,0.0,,0.0,,,,,,,,2.0,,1.0,1.0,,,,,,,,,1.0,SeraphsEmbrace,SpearOfShojin,RabadonsDeathcap,,,,,,,,,,,,,,,,,,,,,,,,,,,,,,,,,,,,,,,,,,,,,,,,,,,,,,,,,,,,,,,,,,,,,,,,,,,,,,,,,,,,,,,,,,,,,,,,,,,,,,,,,,,,,,,,,2.0,Redemption,,,1.0,SeraphsEmbrace,HextechGunblade,,,,,,,,,,,,,,,,,,,,,,2.0,,,,,,,,,,,,,,,,,,,,,,,,2.0,,,,,,,,,,,,,,,,,,,,,,None,None,,,,,,,,,,,,,,,,,,,,,,,,,1.0,RunaansHurricane,Bloodthirster,GuinsoosRageblade,,,,,,,,
5,EUW1_5971011562,TFT6_Augment_MakeshiftArmor2,TFT7_Augment_BestFriends1,TFT7_Augment_MageTrait,,1.0,,1.0,,,,,0.0,,1.0,,,3.0,,1.0,,,,,,,,,,1.0,,0.0,,,,,,,,,,,,,,,,,,,,,,,,,,,,,,,,,,,,,,,,,,,,,,,,,,,,,,,,,,,,,,,,,,,,,2.0,,,,2.0,MageEmblemItem,,,,,,,,,,,,,,,,,,,,,,,,,,,2.0,,,,3.0,ThiefsGloves,TearOfTheGoddess,GuardianAngel,,,,,,,,,,,,,,,,,,,,,,,,,,,,,3.0,SpearOfShojin,JeweledGauntlet,RabadonsDeathcap,,,,,,,,,,,,,,,,,,,,,,,,,,,,,,,,,,,,,2.0,IonicSpark,MadredsBloodrazor,,,,,,,,,,,,,,,,,,2.0,TrainerSnax,None,None,,,,,,,,,,,,,3.0,TitansResolve,RedBuff,GiantsBelt,,,,,,,,,,,,,,,,,,,,
4,EUW1_5971011562,TFT6_Augment_HyperRoll,TFT6_Augment_Weakspot,TFT7_Augment_BruiserTrait,1.0,1.0,,2.0,,,,,,,2.0,,0.0,0.0,,0.0,0.0,,,,,,,1.0,1.0,,0.0,,,,,,,,,,,,,,,,,,,,,,,,,,,,,,,,,,,,,,,,,,,,,,,,,,,,,,,,,,,,,,,,,,,,,,,,,,3.0,RedBuff,IonicSpark,GargoyleStoneplate,,,,,,,,,,,,,,,,,,,,,,,,,,,,,3.0,,,,,,,,,,,,,,,,,,,,1.0,ThiefsGloves,WarmogsArmor,InfinityEdge,,,,,1.0,,,,,,,,,,,,,,,,,,,,1.0,,,,,,,,,,,,,,,,,,,,,,,,,,,,,,,,2.0,Deathblade,GargoyleStoneplate,,,,,,,,,,,,None,None,,,,,2.0,,,,3.0,GuinsoosRageblade,LastWhisper,RunaansHurricane,,,,,,,,,,,,,,,,,,,,,,,,
8,EUW1_5971011562,TFT6_Augment_HyperRoll,TFT6_Augment_ThrillOfTheHunt1,TFT6_Augment_Weakspot,1.0,,,2.0,,0.0,1.0,,,,1.0,,0.0,0.0,,,1.0,,,,0.0,,,,0.0,,0.0,2.0,,,,,,,,,,,,,,,,,,,,,,,,,,,,,,,,,,,,,,,,,,,,,,,,,1.0,MadredsBloodrazor,GuinsoosRageblade,TitansResolve,,,,,,,,,,,,,2.0,,,,,,,,,,,,,,,,,,,,1.0,,,,,,,,,,,,,,,,,,,,,,,,,,,,,,,,,,,,,,,,1.0,RedBuff,,,,,,,,,,,,,,,,,,,,,,,,,,,1.0,,,,,,,,,,,,,,,,,,,,,,,,1.0,,,,,,,,1.0,FrozenHeart,IonicSpark,JeweledGauntlet,,,,,,,,,,,None,None,,,,,,,,,,,,,,,,,,,,,,,,,,,,,,,,,,,,
7,EUW1_5971011562,TFT7_Augment_CannoneerRicochet,TFT6_Augment_SecondWind1,TFT7_Augment_GuardianTrait,,,,,1.0,,1.0,,1.0,2.0,,,,,,0.0,,1.0,0.0,,1.0,,,,,1.0,,0.0,,,,,,,,,,,,,,,,,,,,,,,,,1.0,,,,2.0,GuinsoosRageblade,InfinityEdge,NeedlesslyLargeRod,,,,,,,,,1.0,ShimmerscaleHeartOfGold,WarmogsArmor,GargoyleStoneplate,,,,,,,,,,,,,,,,,,,,,,,,,,,,,,,,,,,,,,,,,,,,,,,,,,,,,,,,,2.0,LocketOfTheIronSolari,LocketOfTheIronSolari,,,,,,,,,,,,,,,,,,,,,,,,,,,,,,,,,,,,,,,,,,,,,,,,,,,,,,,,,,,,,,1.0,Morellonomicon,,,,,,,,,,,,,,,,,,,,,,,,,,,2.0,,,,4.0,TrainerSnax,None,None,1.0,,,,,,,,,,,,,,,,,,,,,,,,,,,,,,,,,,,
3,EUW1_5971011562,TFT6_Augment_PortableForge,TFT6_Augment_TriForce1,TFT7_Augment_BestFriends1,2.0,0.0,,2.0,,,,,,,1.0,0.0,0.0,,,,0.0,,1.0,,,,1.0,,1.0,,1.0,,,,,,,,,,,,,,,,,,,,,,,,,,,,,,,,,,2.0,ArchangelsStaff,FrozenHeart,RedBuff,,,,,,,,,,,,,,,,,,,,,,,,,,,,,,,,,,,,,2.0,TitanicHydra,,,,,,,,,,,,,,,,,,,,,,,,,,,,,,,,,,,,,,,,,,,,,,,2.0,OrnnDeathsDefiance,InfinityEdge,Quicksilver,2.0,AssassinEmblemItem,,,,,,,1.0,,,,,,,,,,,,,,,,,,,,2.0,,,,,,,,,,,,,,,,1.0,,,,,,,,,,,,,,,,2.0,HextechGunblade,LastWhisper,,,,,,,,,,,,None,None,,,,,,,,,,,,,,,,,,,,,,,,,,,,,,,,,,,,
1,EUW1_5971011562,TFT6_Augment_Electrocharge2,TFT6_Augment_Diversify1,TFT6_Augment_SecondWind1,,,,0.0,2.0,,1.0,0.0,1.0,0.0,,,,,0.0,0.0,,3.0,,,1.0,,,,,1.0,0.0,,,,,,,,,,,,,,,,,,,,,,,,,,,,,,2.0,GuardianAngel,UnstableConcoction,InfinityEdge,,,,,,,,,2.0,RedBuff,BrambleVest,Redemption,,,,,,,,,,,,,,,,,,,,,,,,,,,,,,,,,2.0,,,,,,,,,,,,,,,,,,,,,,,,2.0,,,,,,,,,,,,,,,,,,,,,,,,,,,,,,,,,,,,,,,,,,,,,,,,,,,,,,,,,,,,,,,,2.0,ShimmerscaleHeartOfGold,GuinsoosRageblade,StatikkShiv,,,,,,,,,,,,,2.0,IonicSpark,,,,,,,,,,,,,,,4.0,TrainerSnax,None,None,2.0,,,,,,,,,,,,,,,,,,,,,,,,,,,,,,,,,,,
3,EUW1_5970935821,TFT7_Augment_GuardianEmblem,TFT6_Augment_FirstAidKit,TFT6_Augment_FuturePeepers,,,,,,,,1.0,0.0,1.0,,2.0,0.0,,0.0,,,,,1.0,0.0,,,0.0,,,0.0,,,,,,2.0,HextechGunblade,SeraphsEmbrace,,,,,,2.0,,,,,,,,,,,,,,,,,,,,,,,,,,,,,,,,,,,,,,,,,,,,,,,,2.0,,,,,,,,,,,,,,,,,,,,2.0,,,,,,,,,,,,,,,,,,,,,,,,,,,,2.0,GuardianAngel,Zephyr,DragonsClaw,,,,,,,,,,,,,,,,,,,,,,,,,,,,,,,,,,,,,,,,,,,,,,,,,,,,,,,,,,,,,,,,,,,,,,,,,,,,,2.0,RedBuff,TitansResolve,,,,,,,,None,None,,,,,,,,,,,,,,,,,2.0,Bloodthirster,GuardianEmblemItem,GuinsoosRageblade,,,,,1.0,ThiefsGloves,TearOfTheGoddess,Morellonomicon,,,,,,,,
1,EUW1_5970935821,TFT6_Augment_CyberneticUplink2,TFT6_Augment_LudensEcho1,TFT6_Augment_Ascension,,0.0,1.0,1.0,,,1.0,0.0,,,1.0,0.0,0.0,1.0,0.0,1.0,,,,,0.0,1.0,1.0,,2.0,,0.0,0.0,,,,,,,,,2.0,MadredsBloodrazor,ArchangelsStaff,Quicksilver,,,,,,,,,2.0,,,,,,,,,,,,,,,,,,,,,,,,,,,,,,,,,,,,,,,,,,,,,,,,,,,,,,,,,,,,,,,,,,,,,,,,,,,,,,,,,,,,3.0,Chalice,Chalice,,,,,,,,,,,,,,,,,,1.0,Morellonomicon,,,,,,,,,,,,,,,,,,,,,,,,,,,,,,,,,,,,,,,,,,,1.0,,,,,,,,2.0,GargoyleStoneplate,TitanicHydra,,,,,,,,,,,,,,,,,,,,None,None,,,,,,,,,,,,,,,,,,,,,,,,,2.0,UnstableConcoction,,,,,,,1.0,ArchangelsStaff,,
7,EUW1_5970935821,TFT7_Augment_SwiftshotEmblem,TFT7_Augment_SwiftshotTrait,TFT6_Augment_JeweledLotus,1.0,,,0.0,,1.0,,,,,3.0,,0.0,,,,0.0,,,,,,,2.0,1.0,,,,,,,,,,,,,,,,,,,,,,,,,,,,,,,,,,,,,,,,,,,,,,,,,,,,,,,,,,,,,,,,,,,,2.0,FrozenHeart,Morellonomicon,,,,,,,,,,,,,,,,,,,,,,,,,,,,,,,,,,,,,,,,,,,,,,,,,,,,,,,,,,1.0,DragonsClaw,,,,,,,2.0,,,,,,,,2.0,,,,,,,,,,,,,,,,,,,,,,,,,,,,,,,,,,,,,,,,,,,,2.0,SwiftshotEmblemItem,PowerGauntlet,,,,,,,,,,,,None,None,,,,,2.0,,,,,,,,,,,,,,,,2.0,MadredsBloodrazor,UnstableConcoction,GuinsoosRageblade,,,,,,,,,,,,
5,EUW1_5970935821,TFT6_Augment_MetabolicAccelerator,TFT6_Augment_FirstAidKit,TFT6_Augment_ComponentGrabBag,1.0,1.0,1.0,1.0,,,,,,,3.0,,0.0,0.0,,1.0,,,,,,,,1.0,1.0,,,,,,,,,,,,,,,,,,,,,,,,1.0,SpearOfShojin,,,,,,,,,,,,,,,,,,,,,,,,,,,,,,,,,,,,,,,,,,,,,,,,,,,3.0,WarmogsArmor,WarmogsArmor,TitansResolve,,,,,,,,,,,,,,,,,,,,,,,,,,,,,3.0,,,,,,,,,,,,,,,,,,,,1.0,Morellonomicon,,,,,,,1.0,,,,,,,,,,,,,,,,,,,,,,,,,,,,,,,,,,,,,,,,,,,,,,,,,,,,1.0,Bloodthirster,,,,,,,,,,,,,None,None,,,,,1.0,,,,2.0,GuinsoosRageblade,RunaansHurricane,Deathblade,,,,,,,,,,,,,,,,,,,,,,,,
6,EUW1_5970935821,TFT6_Augment_CyberneticShell2,TFT6_Augment_Diversify1,TFT6_Augment_ComponentGrabBag,,,,,1.0,,1.0,,1.0,1.0,,,,,,0.0,,1.0,0.0,,1.0,,,,,1.0,,,,,,,,,,,,,,,,,,,,,,,,,,,1.0,,,,1.0,Bloodthirster,InfinityEdge,GuinsoosRageblade,,,,,,,,,2.0,WarmogsArmor,RedBuff,,,,,,,,,,,,,,,,,,,,,,,,,,,,,,,,,,,,,,,,,,,,,,,,,,,,,,,,,,2.0,,,,,,,,,,,,,,,,,,,,,,,,,,,,,,,,,,,,,,,,,,,,,,,,,,,,,,,,,,,,,,,,1.0,ShimmerscaleHeartOfGold,ArchangelsStaff,ArchangelsStaff,,,,,,,,,,,,,,,,,,,,,,,,,,,,,2.0,TrainerSnax,None,None,1.0,Zephyr,,,,,,,,,,,,,,,,,,,,,,,,,,,,,,,,,,
2,EUW1_5970935821,TFT6_Augment_TrueTwos,TFT6_Augment_Featherweights1,TFT6_Augment_PortableForge,,,,,0.0,,1.0,0.0,0.0,1.0,,,,,3.0,0.0,,,0.0,,,,,,,1.0,1.0,,,,,,,,,,,,,,,,,,,,,,,,,,2.0,WarmogsArmor,Redemption,,,,,,,,,,2.0,GuinsoosRageblade,MadredsBloodrazor,,,,,,,,,,,,,,,,,,,,,,,,,,,,,,,,,,,,,,,,,,,,,,,,,,,,,,2.0,,,,,,,,2.0,,,,,,,,,,,,,,,,,,,,,,,,,,,,,,,,,,,,,,,,,,,,,,,,,,,,,,,,,,,,,,,,,,,,,,,,,,,,,,,,,,,,,,,,,,,,,,,,4.0,TrainerSnax,None,None,3.0,ZekesHerald,,,,,,,,,,,,,,,,,,,,,,,2.0,UnstableConcoction,UnstableConcoction,Zephyr,3.0,Quicksilver,OrnnDeathsDefiance,ArchangelsStaff,,,,
4,EUW1_5970935821,TFT7_Augment_AssassinCutthroat,TFT7_Augment_BruiserTrait,TFT7_Augment_AssassinEmblem,2.0,,,1.0,,0.0,,,,1.0,1.0,,,0.0,,,0.0,,2.0,,0.0,,,,,,1.0,0.0,,,,,,,,,,,,,,,,,,,,,,,,,2.0,GargoyleStoneplate,GargoyleStoneplate,GiantsBelt,,,,,2.0,RabadonsDeathcap,IonicSpark,,,,,,,,,,,,,,,,,,,,,,,,,,,,,,,,,,,,,,,,,,,,,,,,,,2.0,,,,,,,,,,,,2.0,,,,,,,,,,,,,,,,,,,,,,,,3.0,AssassinEmblemItem,RunaansHurricane,InfinityEdge,,,,,,,,,,,,,,,,,,,,,,,,,,,,,2.0,,,,,,,,,,,,,,,,,,,,,,,,,,,,,,,,2.0,InfinityEdge,Quicksilver,,,,,,2.0,,,,,,None,None,,,,,,,,,,,,,,,,,,,,,,,,,,,,,,,,,,,,
8,EUW1_5970935821,TFT7_Augment_BestFriends2,TFT7_Augment_AxiomArc1,TFT6_Augment_SecondWind2,,0.0,,1.0,,,,,0.0,,1.0,,0.0,2.0,,1.0,,,,,,,,,0.0,1.0,,0.0,,,,,,,,,,,,,,,,,,,,,,,,,,,,,,,,,,,,,,,,,,,,,,,,,,,,,,,,,,,,,,,,,,,,,2.0,,,,,,,,,,,,,,,,,,,,,,,,,,,,,,,,2.0,,,,1.0,,,,,,,,,,,,,,,,,,,,1.0,,,,,,,,,,,,1.0,Spatula,SpearOfShojin,JeweledGauntlet,,,,,,,,,,,,,,,,,,,,,,,,,,,,,,,,,,,,,2.0,TitansResolve,RabadonsDeathcap,,,,,,,,,,,,,,,,,,1.0,TrainerSnax,None,None,,,,,,,,,,,,,2.0,,,,,,,,,,,,,,,,,,,,,,,
8,EUW1_5971748210,TFT7_Augment_BandOfThieves1,TFT6_Augment_PortableForge,TFT7_Augment_DragonAlliance,,,,0.0,,1.0,2.0,,,0.0,,,,,3.0,,0.0,,,,,,,,,,0.0,1.0,,,,,,,,,,,,,,,,,,,,,,,,,,,,,,,,,,,,,2.0,GuinsoosRageblade,OrnnInfinityForce,StatikkShiv,,,,,,,,,2.0,ThiefsGloves,BFSword,RapidFireCannon,,,,,,,,,,,,,1.0,SparringGloves,,,,,,,,,,,,,,,,,,,,,,,,,,,2.0,RedBuff,GargoyleStoneplate,Redemption,,,,,,,,,,,,,,,,,,,,,2.0,ThiefsGloves,GuinsoosRageblade,Quicksilver,,,,,,,,,,,,,,,,,,,,,,,,,,,,,,,,,,,,,,,,,,,,,,,,,,,,,,,,,,,,,,,,,,,,,,,,,,,,,,,None,None,,,,,,,,,,,,,,,,,,,,,,,,,,,,,2.0,,,,,,,
1,EUW1_5971748210,TFT7_Augment_MirageTrait,TFT7_Augment_BestFriends2,TFT6_Augment_Diversify2,1.0,,,1.0,,1.0,,0.0,,,2.0,0.0,0.0,,1.0,,1.0,,,,,,1.0,1.0,1.0,,1.0,,,,,,,,,,,,,,,,,,,,,,,,,,,,,,,,,,,,,,,,,,,,,,,,,,,,,,,,,,,,,,,,,,2.0,RedBuff,FrozenHeart,,,,,,,,,,,,,,,,,,,,,,,,,,,,,,,,,,,,,,,,,,,,,,,,,,,,,,,,,,1.0,ThiefsGloves,SeraphsEmbrace,HextechGunblade,,,,,2.0,FrozenHeart,,,,,,,2.0,Zephyr,,,,,,,,,,,2.0,,,,,,,,,,,,,,,,1.0,,,,,,,,,,,,,,,,,,,,,,,,,,,,,,None,None,,,,,2.0,,,,,,,,,,,,,,,,2.0,Quicksilver,InfinityEdge,MadredsBloodrazor,2.0,NeedlesslyLargeRod,TitansResolve,AssassinEmblemItem,,,,,,,,
7,EUW1_5971748210,TFT6_Augment_SecondWind1,TFT7_Augment_BestFriends2,TFT6_Augment_SalvageBin,,1.0,,2.0,,,,,,,1.0,,0.0,,,,0.0,,,,,,,1.0,0.0,,0.0,,,,,,,,,,,,,,,,,,,,,,,,,,,,,,,,,,,,,,,,,,,,,,,,,,,,,,,,,,,,,,,,,,,,,,,,,,3.0,RedBuff,DragonsClaw,,,,,,,,,,,,,,,,,,,,,,,,,,,,,,,,,,,,,,,,,,,,,,,,,,1.0,,,,,,,,,,,,,,,,,,,,,,,,,,,,2.0,ThiefsGloves,NeedlesslyLargeRod,JeweledGauntlet,,,,,2.0,,,,,,,,,,,,,,,,,,,,,,,,,,,,,,,,,,,,,,None,None,,,,,1.0,Zephyr,,,3.0,Quicksilver,GuinsoosRageblade,RunaansHurricane,,,,,,,,,2.0,GuinsoosRageblade,,,,,,,,,,,,,,
4,EUW1_5971748210,TFT6_Augment_Weakspot,TFT6_Augment_SalvageBin,TFT7_Augment_GadgetExpert,,,,1.0,0.0,,1.0,,1.0,,,,,1.0,,0.0,,1.0,,,0.0,1.0,,,,1.0,,2.0,,,,,,,,,,,,,,,,,,,,,,,,,,,,,2.0,StatikkShiv,InfinityEdge,MadredsBloodrazor,,,,,,,,,,,,,,,,,2.0,UnstableConcoction,Bloodthirster,HextechGunblade,,,,,,,,,,,,,,,,,2.0,,,,,,,,,,,,,,,,,,,,,,,,,,,,,,,,1.0,,,,,,,,,,,,,,,,,,,,,,,,,,,,,,,,,,,,,,,,,,,,,,,,,,,,,,,,,,,,,,,,2.0,ArchangelsStaff,GuinsoosRageblade,ArchangelsStaff,,,,,,,,,2.0,Redemption,ChainVest,,,,,,,,,,,,,,,,,,3.0,TrainerSnax,None,None,,,,,,,,,,,,,,,,,,,,,,,,,,,,,,,,,1.0,SpearOfShojin,,
2,EUW1_5971748210,TFT6_Augment_TinyTitans,TFT6_Augment_JeweledLotus,TFT7_Augment_TempestEyeOfTheStorm,,,,0.0,,,1.0,1.0,,,,2.0,0.0,,,0.0,,,,1.0,,,,0.0,1.0,,,,,,,,,,,,,,,,2.0,RapidFireCannon,Zephyr,,,,,,,,,,,,,,,,,,,,,,,,,,,,,,2.0,ThiefsGloves,PowerGauntlet,Shroud,,,,,,,,,,,,,1.0,ThiefsGloves,ZekesHerald,Deathblade,,,,,,,,,,,,,,,,,2.0,,,,,,,,2.0,FrozenHeart,UnstableConcoction,IonicSpark,,,,,,,,,,,,,,,,,2.0,HextechGunblade,WarmogsArmor,Quicksilver,,,,,,,,,,,,,2.0,ThiefsGloves,RecurveBow,Deathblade,,,,,,,,,,,,,,,,,,,,,,,,,,,,,,,,,,,,,,,,,,,,,,,,,,,,,,,,,,,,,,,,,,,,,,,None,None,,,,,,,,,,,,,,,,,,,,,,,,,,,,,,,,,,,,
6,EUW1_5971748210,TFT6_Augment_Traitless1,TFT6_Augment_Traitless2,TFT6_Augment_MakeshiftArmor2,0.0,,1.0,0.0,,0.0,1.0,,0.0,0.0,1.0,0.0,0.0,0.0,,0.0,0.0,0.0,,,1.0,1.0,1.0,,0.0,,,0.0,,,,,,,,,,,,,,,,,,,,,1.0,,,,,,,,,,,,,,,,,,,,2.0,FrozenHeart,Redemption,,,,,,,,,,,,,,,,,,,,,,2.0,,,,,,,,,,,,,,,,,,,,,,,,,,,,,,,,,,,,,,,,,,,,,,,,,,,,,,,,,,,,1.0,DragonsClaw,,,1.0,SpearOfShojin,Quicksilver,ArchangelsStaff,,,,,,,,,,,,,,,,,,,,,,,,,,,,,,,,,1.0,ZekesHerald,ArchangelsStaff,ShimmerscaleGoldmancersStaff,1.0,,,,,,,,,,,,,,,,,,,,,,,,,,,,,,None,None,,,,,,,,,,,,,,,,,,,,,,,,,,,,,,,,,1.0,,,
3,EUW1_5971748210,TFT6_Augment_TinyTitans,TFT6_Augment_SecondWind2,TFT7_Augment_FirstAidKit2,1.0,,,,,,1.0,,1.0,,1.0,2.0,0.0,,,1.0,,,,1.0,,,,,0.0,0.0,,,,,,,1.0,ArchangelsStaff,StatikkShiv,,,,,,,,,,,,,,,,,,,,,,,,,,,,,,,,,,,,,,2.0,Bloodthirster,Bloodthirster,InfinityEdge,,,,,,,,,,,,,2.0,Redemption,,,,,,,,,,,,,,,,,,,,,,,,,,,,,,,,,,,,,,,2.0,,,,,,,,2.0,WarmogsArmor,DragonsClaw,RedBuff,,,,,,,,,,,,,,,,,,,,,1.0,,,,,,,,,,,,,,,,,,,,,,,,,,,,,,,,,,,,,,,,,,,,,,,,,,,,2.0,,,,,,,,,,,,,,None,None,,,,,,,,,,,,,,,,,,,,,,,,,,,,,,,,,,,,
5,EUW1_5971748210,TFT7_Augment_AxiomArc1,TFT6_Augment_SecondWind2,TFT7_Augment_GadgetExpert,,1.0,1.0,1.0,,,,,0.0,,2.0,,,2.0,,2.0,,,,,,,,,,1.0,,0.0,,,,,,,,,,,,,,,,,,,,,1.0,,,,,,,,,,,,,,,,,,,,,,,,,,,,,,,,,,,,,,,,,,,,,,,,1.0,,,,2.0,,,,,,,,,,,,,,,,,,,,,,,,,,,,2.0,PowerGauntlet,,,3.0,StatikkShiv,SpearOfShojin,GuinsoosRageblade,,,,,,,,,,,,,,,,,,,,,,,,,,,,,3.0,ArchangelsStaff,SpearOfShojin,JeweledGauntlet,,,,,,,,,,,,,,,,,,,,,,,,,,,,,,,,,,,,,2.0,IonicSpark,RedBuff,Bloodthirster,,,,,,,,,,,,,,,,,2.0,TrainerSnax,None,None,,,,,,,,,,,,,2.0,,,,,,,,,,,,,,,,,,,,,,,
2,EUW1_5971863181,TFT7_Augment_UrfsGrabBag2,TFT6_Augment_ThrillOfTheHunt1,TFT7_Augment_CavalierEmblem2,,,1.0,0.0,,3.0,1.0,0.0,,,1.0,,0.0,,3.0,0.0,0.0,,,,,,,,0.0,,1.0,,,,,,,,,,,,,,,,,,,,,,1.0,,,,,,,,,,,,,,,,2.0,ArchangelsStaff,ArchangelsStaff,ArchangelsStaff,,,,,,,,,,,,,,,,,,,,,,,,,2.0,RedBuff,DragonsClaw,IonicSpark,,,,,,,,,,,,,,,,,,,,,,,,,,,,,,,,,,,,,,,,,,,,,,,,,2.0,ChainVest,,,,,,,2.0,Morellonomicon,CavalierEmblemItem,Quicksilver,,,,,,,,,,,,,,,,,,,,,,,,,,,,,,,,,,,,,,,,,,,,,,,,,,,,,,,,,,,,,,,,,,,,,,,None,None,,,,,,,,,,,,,,,,,,,,,,,,,1.0,CavalierEmblemItem,RedBuff,BrambleVest,2.0,PowerGauntlet,,,,,,
1,EUW1_5971863181,TFT6_Augment_LudensEcho3,TFT6_Augment_Electrocharge1,TFT7_Augment_MageEmblem2,,1.0,,1.0,,,,,0.0,,1.0,,,3.0,,1.0,,,,,0.0,1.0,,,,1.0,,1.0,,,,,,,,,,,,,,,,,,,,,,,,,,,,,,,,,,,,,,,,,,,,,,,,,,,,,,,,,,,,,,,,,,,,,2.0,,,,3.0,TitanicHydra,MageEmblemItem,Morellonomicon,,,,,,,,,,,,,,,,,,,,,,,,,2.0,,,,3.0,StatikkShiv,WhispersEmblemItem,ArchangelsStaff,,,,,,,,,,,,,,,,,,,,,,,,,,,,,3.0,SpearOfShojin,HextechGunblade,SpearOfShojin,,,,,,,,,,,,,,,,,,,,,,,,,,,,,,,,,,,,,2.0,Quicksilver,IonicSpark,,,,,,,,,,,,,,,,,,2.0,TrainerSnax,None,None,,,,,,,,,,,,,3.0,Shroud,,,,,,,,,,,,,,,,,,,1.0,NegatronCloak,,
8,EUW1_5971863181,TFT6_Augment_MakeshiftArmor3,TFT7_Augment_BruiserTrait,TFT6_Augment_CelestialBlessing3,,,,0.0,2.0,,1.0,,1.0,1.0,,0.0,,,,0.0,,2.0,,,1.0,,,,,1.0,,,,,,,,,,,,,,,,,,,,,,,,,,,,,,,1.0,GuinsoosRageblade,LastWhisper,InfinityEdge,,,,,,,,,1.0,ShimmerscaleHeartOfGold,BrambleVest,RedBuff,,,,,,,,,,,,,,,,,,,,,,,,,,,,,,,,,1.0,,,,,,,,,,,,,,,,,,,,,,,,2.0,,,,,,,,,,,,,,,,,,,,,,,,,,,,,,,,,,,,,,,,,,,,,,,,,,,,,,,,,,,,,,,,2.0,,,,,,,,,,,,,,,,,,,,,,,,1.0,,,,,,,,2.0,TrainerSnax,None,None,2.0,,,,,,,,,,,,,,,,,,,,,,,,,,,,,,,,,,,
3,EUW1_5971863181,TFT6_Augment_ForceOfNature,TFT6_Augment_Electrocharge1,TFT6_Augment_VerdantVeil,,,,0.0,,3.0,,1.0,0.0,,1.0,1.0,1.0,,0.0,,0.0,,,,0.0,,1.0,0.0,1.0,,,,,,,,2.0,HextechGunblade,,,,,,,2.0,,,,,,,,,,,,,,,,,,,,,,,,,,,,,,,,,,,,,,,,,,,,,,,,,,,,2.0,WarmogsArmor,Chalice,BrambleVest,,,,,,,,,,,,,,,,,,,,,2.0,,,,,,,,,,,,,,,,,,,,,,,,,,,,2.0,,,,,,,,2.0,Bloodthirster,Redemption,DragonsClaw,,,,,,,,,,,,,1.0,,,,,,,,,,,,,,,,,,,,,,,,,,,,1.0,,,,,,,,,,,,,,,,,,,,,,,,,,,,,,None,None,,,,,,,,,,,,,,,,,3.0,GuinsoosRageblade,Bloodthirster,CavalierEmblemItem,,,,,,,,,,,,,,,,
6,EUW1_5971863181,TFT6_Augment_ForceOfNature,TFT7_Augment_BandOfThieves1,TFT6_Augment_GrandGambler,1.0,,,1.0,,1.0,,,,,3.0,,0.0,,,,1.0,,,,,,,1.0,1.0,,0.0,,,,,,,,,,,,,,,,,,,,,,,,,,,,,,,,,,,,,,,,,,,,,,,,,,,,,,,,,,,,,,,,,,1.0,ThiefsGloves,NegatronCloak,Deathblade,,,,,,,,,,,,,,,,,,,,,,,,,,,,,,,,,,,,,,,,,,,,,,,,,,,,,,,,,2.0,GargoyleStoneplate,BrambleVest,RedBuff,,,,,1.0,,,,,,,,1.0,,,,,,,,,,,,2.0,,,,,,,,,,,,,,,,,,,,,,,,,,,,,,,,1.0,,,,,,,,,,,,,,None,None,,,,,2.0,,,,,,,,,,,,,,,,2.0,GuinsoosRageblade,Quicksilver,MadredsBloodrazor,,,,,,,,,,,,
4,EUW1_5971863181,TFT6_Augment_LudensEcho3,TFT7_Augment_BestFriends1,TFT7_Augment_BruiserEmblem2,,0.0,1.0,2.0,,0.0,,,,,2.0,,0.0,2.0,,1.0,,,0.0,,0.0,1.0,,,0.0,,,0.0,,,,,,,,,,,,,,,,,,,,,2.0,,,,,,,,,,,,,,,,,,,,,,,,,,,,,,,,,,,,,,,,,,,,,,,,,,,,2.0,RedBuff,Redemption,TitansResolve,,,,,,,,,,,,,,,,,,,,,2.0,BruiserEmblemItem,,,,,,,3.0,SpearOfShojin,StatikkShiv,,,,,,,,,,,,,,,,,,2.0,TitansResolve,,,,,,,,,,,2.0,GuinsoosRageblade,ArchangelsStaff,StatikkShiv,,,,,,,,,,,,,,,,,,,,,,,,,,,,,,,,,,,,,2.0,,,,,,,,,,,,,,,,,,,,,,None,None,,,,,,,,,,,,,,,,,,,,,,,,,,,,,,,,,1.0,Zephyr,,
7,EUW1_5971863181,TFT7_Augment_DragonmancerEmblem2,TFT7_Augment_ShapeshifterTrait,TFT7_Augment_ThinkFast,,,,0.0,,,1.0,1.0,,,,1.0,,,,,,,,2.0,,,,0.0,0.0,,,2.0,,,,,,,,,,,,,2.0,,,,,,,,,,,,,,,,,,,,,,,,,,,,,,,,,,,,1.0,TitanicHydra,TitansResolve,,3.0,DragonmancerEmblemItem,InfinityEdge,UnstableConcoction,,,,,2.0,Chalice,ZekesHerald,Chalice,,,,,,,,,,,,,,,,,,,,,,,,,2.0,,,,,,,,,,,,,,,,,,,,2.0,Morellonomicon,,,,,,,,,,,,,,,,,,,,,,,,,,,,,,,,,,,,,,,,,,,,,,,,,,,,,,,,,,,,,,,,,,,,,,,,,,,,,,,,,,,,,,,,,None,None,,,,,,,,,,,,,,,,,,,,,,,,,,,,,,,,,,,,
5,EUW1_5971863181,TFT7_Augment_BruiserEmblem2,TFT7_Augment_BigFriend,TFT6_Augment_CyberneticImplants3,0.0,,,2.0,0.0,,1.0,0.0,0.0,,1.0,,0.0,0.0,0.0,,,1.0,,,,,,,0.0,,0.0,2.0,,,,,,,,,,,,,,,,,,,,,,,,,,,,,2.0,BruiserEmblemItem,MadredsBloodrazor,GuinsoosRageblade,,,,,,,,,,,,,,,,,2.0,UnstableConcoction,Deathblade,MadredsBloodrazor,,,,,,,,,,,,,,,,,,,,,,,,,,,,,,,,,,,,,,,,,,,,,,,,,,,,,,,,,,,,,,,,,,,,,,,,,2.0,,,,,,,,,,,,,,,,,,,,,,,,,,,,,,,,,,,,,,,,2.0,,,,,,,,,,,,2.0,Redemption,ChainVest,DragonsClaw,,,,,2.0,RedBuff,Deathblade,,,,,,,,,,,,None,None,,,,,,,,,,,,,,,,,,,,,,,,,1.0,,,,,,,,,,,
8,EUW1_5971880010,TFT6_Augment_ThrillOfTheHunt1,TFT7_Augment_RagewingTrait,TFT7_Augment_RagewingScorch,0.0,,,1.0,,0.0,,0.0,,,,,0.0,,,,2.0,,,,0.0,,,1.0,1.0,,0.0,,,,,,,,,,,,,,,,,,,,,,,,,,,,,,,,,,,,,,,,,,,,,,,,,,,,,,,,,,1.0,,,,,,,,1.0,,,,,,,,,,,,,,,,,,,,2.0,,,,,,,,,,,,,,,,,,,,,,,,,,,,,,,,,,,,,,,,1.0,,,,,,,,,,,,,,,,,,,,,,,,2.0,,,,2.0,,,,,,,,,,,,,,,,,,,,,,,,,,,,,,,,,,,,,,,,,,,,,,None,None,,,,,,,,,,,,,,,,,,,,,1.0,GiantsBelt,Quicksilver,GuinsoosRageblade,,,,,,,,,,,,
5,EUW1_5971880010,TFT6_Augment_MakeshiftArmor1,TFT6_Augment_CelestialBlessing1,TFT6_Augment_SalvageBin,,0.0,,1.0,2.0,,,0.0,1.0,,,,,0.0,,0.0,,3.0,,,,,,,,2.0,,,,,,,,,,,,,,,,,,,,,,,,,,,,,,,2.0,GuinsoosRageblade,GuinsoosRageblade,DragonmancerEmblemItem,,,,,,,,,,,,,,,,,,,,,,,,,,,,,,,,,,,,,2.0,,,,2.0,Shroud,,,2.0,ThiefsGloves,Quicksilver,RabadonsDeathcap,,,,,,,,,,,,,,,,,,,,,2.0,,,,,,,,,,,,,,,,,,,,,,,,,,,,,,,,,,,,,,,,,,,,,,,,,,,,,,,,,,,,,,,,1.0,,,,,,,,,,,,,,,,2.0,,,,,,,,,,,,,,,,4.0,TrainerSnax,None,None,2.0,RunaansHurricane,GuinsoosRageblade,InfinityEdge,,,,,,,,,,,,,,,,,,,,,,,,,,,,,,,,
1,EUW1_5971880010,TFT7_Augment_BandOfThieves1,TFT6_Augment_CyberneticUplink1,TFT6_Augment_ComponentGrabBag,,0.0,1.0,1.0,,,1.0,0.0,0.0,,1.0,,0.0,1.0,0.0,2.0,,,,,,,,,2.0,1.0,0.0,1.0,,,,,,,,,2.0,MadredsBloodrazor,SpearOfShojin,HextechGunblade,,,,,,,,,2.0,SpearOfShojin,Shroud,,,,,,,,,,,,,,,,,,,,,,,,,,,,,,,,,,,,,,,,,,,,,,2.0,WhispersEmblemItem,,,,,,,,,,,,,,,,,,,,,,,,,,,,,,,2.0,PowerGauntlet,,,1.0,GuardianAngel,,,,,,,,,,,,,,,,,,,2.0,Shroud,ChainVest,,,,,,,,,,,,,,,,,,,,,,,,,,,,,,,,,,,,,,,,,,,,,,,,,,2.0,RedBuff,WarmogsArmor,TitanicHydra,,,,,,,,,,,,,,,,,4.0,TrainerSnax,None,None,,,,,,,,,,,,,,,,,,,,,,,,,2.0,ThiefsGloves,SpearOfShojin,GuardianAngel,,,,,,,,
6,EUW1_5971880010,TFT6_Augment_PandorasItems,TFT6_Augment_ThrillOfTheHunt1,TFT6_Augment_SecondWind2,1.0,,1.0,,,0.0,1.0,0.0,,1.0,2.0,,,,1.0,0.0,,,,,1.0,,,,0.0,,0.0,0.0,,,,,,,,,,,,,,,,,,,,,1.0,,,,,,,,,,,,,,,,,,,,2.0,RedBuff,WarmogsArmor,,,,,,,,,,,,,,,,,,,,,,,,,,,,,,,,,,,,,,,,,,,,,,,,,,,,,,,,,,,,,,,,,,,,,,,,,,2.0,TitanicHydra,,,,,,,,,,,,,,,1.0,,,,,,,,,,,,,,,,,,,,,,,,,,,,,,,,,,,,,,,,,,,,,,,,,,,,2.0,MadredsBloodrazor,RunaansHurricane,TitansResolve,,,,,2.0,,,,,,None,None,,,,,,,,,,,,,,,,,,,,,,,,,1.0,ShimmerscaleGamblersBlade,SeraphsEmbrace,,,,,,,,,
7,EUW1_5971880010,TFT7_Augment_BandOfThieves1,TFT7_Augment_BestFriends1,TFT6_Augment_PortableForge,,0.0,,,,,1.0,0.0,,0.0,,0.0,,,,,1.0,,,3.0,,,,,,,,1.0,,,,,,,,,,,,,,,,,,,,,,,,,,,,,,,,,,,,,,,,,,,,,,,,,,,,,2.0,JeweledGauntlet,OrnnInfinityForce,UnstableConcoction,,,,,2.0,GuardianAngel,,,,,,,,,,,,,,,,,,,,,,,,,,,,,,,,,,,,,,,,,,,,,,,2.0,GargoyleStoneplate,Morellonomicon,HextechGunblade,1.0,,,,,,,,,,,,,,,,,,,,,,,,,,,,,,,,,,,,,,,,,,,,1.0,ThiefsGloves,LocketOfTheIronSolari,GuinsoosRageblade,,,,,,,,,,,,,2.0,,,,,,,,,,,,,,,,,,,,2.0,,,,,,None,None,,,,,,,,,,,,,,,,,,,,,,,,,,,,,,,,,,,,
3,EUW1_5971880010,TFT6_Augment_PandorasItems,TFT7_Augment_Preparation,TFT6_Augment_Diversify2,,,,1.0,,1.0,1.0,0.0,,,,,0.0,,1.0,,1.0,,,,,,,0.0,2.0,,1.0,,,,,,,,,,2.0,RabadonsDeathcap,GuinsoosRageblade,StatikkShiv,,,,,,,,,,,,,,,,,,,,,,,,,,,,,,,,,,,,,,,,,,,,,,,,,,,,,2.0,,,,,,,,,,,,,,,,,,,,,,,,,,,,,,,,,,,,,,,,,,,,,,,,,,,,2.0,,,,,,,,2.0,Redemption,RedBuff,,,,,,,,,,,,,,,,,,,,,,,,,,2.0,,,,,,,,,,,,,,,,,,,,,,,,,,,,,,,,,,,,,,,,,,,,,,None,None,,,,,,,,,,,,,,,,,,,,,2.0,InfinityEdge,,,2.0,MadredsBloodrazor,Quicksilver,GuinsoosRageblade,,,,,,,,
2,EUW1_5971880010,TFT6_Augment_CyberneticImplants1,TFT6_Augment_ThrillOfTheHunt1,TFT6_Augment_CyberneticImplants2,0.0,,,,,,1.0,0.0,,0.0,1.0,,0.0,0.0,0.0,,0.0,,,,3.0,1.0,,1.0,,,1.0,,2.0,HextechGunblade,,,,,,,,,,,,,,,,,,,,,,,,,,,,,,,,,,,,,,,2.0,RedBuff,DragonsClaw,ShimmerscaleMogulsMail,,,,,,,,,,,,,,,,,,,,,,,,,,,,,,,,,,,,,,,,,2.0,FrozenHeart,,,,,,,,,,,,,,,,,,,,,,,,,,,,,,,,,,,,,,,,,,,,,,,,,,,,,,,,,,,,,,,,,,,,,,,,,,,,,,,,,,,,,,,,,,,,,,,,,,,,,,,,,,,,,,,,,None,None,,,,,2.0,,,,,,,,,,,,3.0,Bloodthirster,NeedlesslyLargeRod,WarmogsArmor,3.0,MadredsBloodrazor,GuinsoosRageblade,ShimmerscaleDravensAxe,2.0,HextechGunblade,ShimmerscaleDiamondHands,GuardianAngel,,,,,2.0,Quicksilver,ShimmerscaleGamblersBlade,Morellonomicon
4,EUW1_5971880010,TFT7_Augment_SwiftshotTrait,TFT6_Augment_Weakspot,TFT6_Augment_ComponentGrabBag,,0.0,1.0,2.0,,,,,,,2.0,,0.0,0.0,,0.0,0.0,,,,,,,2.0,1.0,,0.0,0.0,,,,,,,,,,,,,,,,,,,,,1.0,,,,,,,,,,,,,,,,,,,,,,,,,,,,,,,,,,,,2.0,ArchangelsStaff,ZekesHerald,Bloodthirster,,,,,,,,,,,,,3.0,TitansResolve,RedBuff,WarmogsArmor,,,,,,,,,,,,,,,,,,,,,,,,,,,,,,,,,,,,,,,,,,,,,,,,,2.0,ThiefsGloves,RecurveBow,GuinsoosRageblade,,,,,,,,,,,,,,,,,,,,,,,,,1.0,,,,,,,,,,,,,,,,,,,,,,,,2.0,,,,,,,,,,,,,,,,,,,,,,None,None,,,,,2.0,,,,3.0,GuinsoosRageblade,MadredsBloodrazor,RunaansHurricane,,,,,,,,,,,,,,,,,,,,,,,,
7,EUW1_5971986008,TFT7_Augment_UrfsGrabBag1,TFT6_Augment_SecondWind1,TFT6_Augment_Diversify2,,1.0,,1.0,,,,,1.0,,1.0,,,2.0,,1.0,,0.0,,,,,,,,1.0,,0.0,,,,,,,,,,,,,,,,,,,,,,,,,,,,,,,,,,,,,,,,,,,,,,,,,,,,,,,,,,,,,,,,,,,,,2.0,,,,2.0,,,,,,,,,,,,,,,,,,,,,,,,,,,,2.0,LocketOfTheIronSolari,,,3.0,JeweledGauntlet,StatikkShiv,,,,,,,,,,,,,,,,,,,,,,,,,,,,,,2.0,SpearOfShojin,ArchangelsStaff,MadredsBloodrazor,,,,,,,,,,,,,,,,,,,,,,,,,1.0,MageEmblemItem,,,,,,,,,,,2.0,RedBuff,GargoyleStoneplate,,,,,,,,,,,,,,,,,,3.0,TrainerSnax,None,None,,,,,,,,,,,,,2.0,,,,,,,,,,,,,,,,,,,,,,,
3,EUW1_5971986008,TFT7_Augment_UrfsGrabBag1,TFT6_Augment_PandorasItems,TFT6_Augment_Distancing2,,0.0,,2.0,,,1.0,,,,1.0,,0.0,0.0,,,,,,,0.0,1.0,,1.0,0.0,,,2.0,,,,,,,,,,,,,,,,,,,,,,,,,,,,,,,,,,,,,,,,,,,,,,,,,2.0,ThiefsGloves,Morellonomicon,IonicSpark,,,,,,,,,,,,,,,,,,,,,2.0,ThiefsGloves,Bloodthirster,HextechGunblade,,,,,,,,,,,,,,,,,,,,,,,,,,,,,,,,,,,,,,,,,,,,,,,,,2.0,ThiefsGloves,ChainVest,IonicSpark,,,,,,,,,,,,,,,,,,,,,,,,,,,,,,,,,,,,,,,,,,,,,,,,,2.0,RedBuff,TitanicHydra,Bloodthirster,,,,,,,,,,,,,,,,,,,None,None,,,,,2.0,Zephyr,,,3.0,GuinsoosRageblade,RunaansHurricane,Deathblade,,,,,,,,,,,,,,,,,,,,,1.0,SpearOfShojin,PowerGauntlet,
2,EUW1_5971986008,TFT6_Augment_Traitless2,TFT6_Augment_MakeshiftArmor1,TFT6_Augment_Ascension,0.0,,1.0,0.0,,0.0,,0.0,0.0,,1.0,0.0,0.0,,0.0,0.0,0.0,0.0,,0.0,,,,0.0,0.0,,0.0,0.0,,,,,,,,,,,,,,,,,,,,,1.0,,,,,,,,,,,,,,,,,,,,,,,,,,,,,,,,,,,,,,,,,,,,2.0,,,,,,,,,,,,,,,,,,,,,,,,,,,,,,,,,,,,,,,,,,,,2.0,RedBuff,LocketOfTheIronSolari,,,,,,,,,,,,,,2.0,,,,2.0,ThiefsGloves,RunaansHurricane,MadredsBloodrazor,,,,,,,,,,,,,,,,,,,,,,,,,,,,,,,,,2.0,ArchangelsStaff,RedBuff,,,,,,,,,,,,,,,,,,,,,,,,,,,,,,,,None,None,,,,,,,,,,,,,,,,,,,,,2.0,StatikkShiv,LastWhisper,HextechGunblade,1.0,TitansResolve,WarmogsArmor,,,,,,,,,
8,EUW1_5971986008,TFT6_Augment_JeweledLotus,TFT6_Augment_CelestialBlessing1,TFT7_Augment_PandorasBench,,0.0,,,,,1.0,,1.0,,,2.0,0.0,0.0,,2.0,,,,1.0,,,,,,0.0,,,,,,,3.0,ArchangelsStaff,SpearOfShojin,InfinityEdge,,,,,,,,,,,,,,,,,,,,,,,,,,,,,,,,,,,,,1.0,Bloodthirster,TitansResolve,LastWhisper,,,,,,,,,,,,,2.0,BFSword,,,,,,,,,,,,,,,,,,,,,,,,,,,,,,,,,,,,,,,2.0,,,,2.0,,,,1.0,,,,,,,,,,,,,,,,,,,,,,,,,,,,,,,,,,,,,,,,,,,,,,,,,,,,,,,,,,,,,,,,,,,,,,,,,,,,,,,,,,,,,,,,,,None,None,,,,,,,,,,,,,,,,,,,,,,,,,,,,,,,,,,,,
4,EUW1_5971986008,TFT6_Augment_CalculatedLoss,TFT6_Augment_TinyTitans,TFT6_Augment_SalvageBin,,,,,2.0,,1.0,,1.0,1.0,,,,,,0.0,,2.0,0.0,,1.0,,,,,1.0,,,,,,,,,,,,,,,,,,,,,,,,,,,1.0,,,,3.0,InfinityEdge,GuardianAngel,MadredsBloodrazor,,,,,,,,,2.0,ShimmerscaleDiamondHands,WarmogsArmor,RedBuff,,,,,,,,,,,,,,,,,,,,,,,,,,,,,,,,,2.0,LocketOfTheIronSolari,,,,,,,,,,,,,,,,,,,,,,,2.0,,,,,,,,,,,,,,,,,,,,,,,,,,,,,,,,,,,,,,,,,,,,,,,,,,,,,,,,,,,,,,,,2.0,TearOfTheGoddess,,,,,,,,,,,,,,,,,,,,,,,,,,,,,,,4.0,TrainerSnax,None,None,2.0,LastWhisper,InfinityEdge,GuardianAngel,,,,,,,,,,,,,,,,,,,,,,,,,,,,,,,,
6,EUW1_5971986008,TFT7_Augment_Preparation2,TFT7_Augment_GuildTrait,TFT6_Augment_FuturePeepers,1.0,,,1.0,,1.0,,,,,4.0,,0.0,,,,1.0,,,,,,,1.0,1.0,,0.0,,,,,,,,,,,,,,,,,,,,,,,,,,,,,,,,,,,,,,,,,,,,,,,,,,,,,,,,,,,,,,,,,,1.0,,,,,,,,,,,,,,,,,,,,,,,,,,,,,,,,,,,,,,,,,,,,,,,,,,,,,,,,,,,,1.0,,,,,,,,2.0,Zephyr,StatikkShiv,,,,,,2.0,,,,,,,,,,,,2.0,RedBuff,,,,,,,,,,,,,,,,,,,,,,,,,,,,,,,2.0,HextechGunblade,,,,,,,,,,,,,None,None,,,,,2.0,Zephyr,,,,,,,,,,,,,,,2.0,GuinsoosRageblade,Quicksilver,LocketOfTheIronSolari,,,,,,,,,,,,
1,EUW1_5971986008,TFT7_Augment_MageConference,TFT6_Augment_TriForce1,TFT6_Augment_TriForce2,,0.0,,0.0,,0.0,,0.0,0.0,,1.0,,,3.0,0.0,1.0,,,0.0,,0.0,1.0,,,,1.0,0.0,0.0,,,,,,,,,,,,,,,,,,,,,,,,,,,,,,,,,,,,,,,,,,,,,,,,,,,,,,,,,,,,,,,,,,,,,3.0,,,,,,,,,,,,,,,,,,,,,,,,,,,,3.0,UnstableConcoction,IonicSpark,Quicksilver,2.0,,,,3.0,,,,,,,,,,,,,,,,,,,,,,,,,,,,,,,,3.0,SpearOfShojin,HextechGunblade,MadredsBloodrazor,,,,,,,,,,,,,,,,,,,,,,,,,,,,,,,,,,,,,3.0,RedBuff,Quicksilver,DragonsClaw,,,,,,,,,,,,,,,,,4.0,TrainerSnax,None,None,,,,,,,,,,,,,3.0,,,,,,,,,,,,2.0,,,,,,,,2.0,UnstableConcoction,MadredsBloodrazor,
5,EUW1_5971986008,TFT6_Augment_MetabolicAccelerator,TFT6_Augment_SecondWind1,TFT6_Augment_SecondWind2,1.0,,,1.0,,1.0,,,,,3.0,,0.0,,,,1.0,,,,,,,1.0,1.0,,0.0,,,,,,,,,,,,,,,,,,,,,,,,,,,,,,,,,,,,,,,,,,,,,,,,,,,,,,,,,,,,,,,,,,2.0,,,,,,,,,,,,,,,,,,,,,,,,,,,,,,,,,,,,,,,,,,,,,,,,,,,,,,,,,,,,2.0,RedBuff,Redemption,TitanicHydra,,,,,2.0,StatikkShiv,,,,,,,1.0,,,,,,,,,,,,2.0,,,,,,,,,,,,,,,,,,,,,,,,,,,,,,,,2.0,InfinityEdge,Redemption,,,,,,,,,,,,None,None,,,,,2.0,,,,,,,,,,,,,,,,2.0,GuinsoosRageblade,InfinityEdge,UnstableConcoction,,,,,,,,,,,,
6,EUW1_5971753639,TFT7_Augment_MageEmblem,TFT6_Augment_CyberneticUplink2,TFT6_Augment_PortableForge,,1.0,,1.0,,,,,0.0,,1.0,,,2.0,,1.0,,,,,,,,,,1.0,,0.0,,,,,,,,,,,,,,,,,,,,,,,,,,,,,,,,,,,,,,,,,,,,,,,,,,,,,,,,,,,,,,,,,,,,,2.0,ZekesHerald,,,2.0,ChainVest,MageEmblemItem,,,,,,,,,,,,,,,,,,,,,,,,,,1.0,,,,3.0,RecurveBow,,,,,,,,,,,,,,,,,,,,,,,,,,,,,,,1.0,SpearOfShojin,,,,,,,,,,,,,,,,,,,,,,,,,,,,,,,,,,,,,,,2.0,RedBuff,OrnnRocketPropelledFist,IonicSpark,,,,,,,,,,,,,,,,,2.0,TrainerSnax,None,None,,,,,,,,,,,,,2.0,ChainVest,,,,,,,,,,,,,,,,,,,,,,
3,EUW1_5971753639,TFT6_Augment_HyperRoll,TFT6_Augment_LudensEcho2,TFT6_Augment_SecondWind2,,,,,,,1.0,1.0,,,,2.0,,,,0.0,0.0,,,2.0,,,1.0,0.0,,,,0.0,,,,,,,,,,,,,1.0,,,,,,,,,,,,,,,,,,,,,,,,,,,,,,,,2.0,Bloodthirster,Quicksilver,TitansResolve,,,,,1.0,,,,,,,,2.0,BrambleVest,,,,,,,,,,,,,,,,,,,,,,,,,,,,,,,,,,,,,,,,,,,,,,,3.0,LocketOfTheIronSolari,RedBuff,DragonmancerEmblemItem,,,,,,,,,,,,,,,,,,,,,,,,,,,,,,,,,,,,,,,,,,,,,,,,,,,,,,,,,1.0,,,,2.0,JeweledGauntlet,HextechGunblade,,,,,,,,,,,,,,,,,,,,,,,,None,None,,,,,,,,,,,,,,,,,,,,,,,,,,,,,,,,,,,,
4,EUW1_5971753639,TFT6_Augment_PortableForge,TFT6_Augment_MakeshiftArmor2,TFT6_Augment_Meditation2,,,,,,,1.0,,1.0,,,2.0,0.0,0.0,,1.0,,,,1.0,0.0,1.0,,,,0.0,,,,,,,2.0,OrnnMuramana,HextechGunblade,Morellonomicon,,,,,,,,,,,,,,,,,,,,,,,,,,,,,,,,,,,,,2.0,GuardianAngel,UnstableConcoction,InfinityEdge,,,,,,,,,,,,,2.0,,,,,,,,,,,,,,,,,,,,,,,,,,,,,,,,,,,,,,,,2.0,,,,,,,,1.0,GargoyleStoneplate,RedBuff,GargoyleStoneplate,,,,,,,,,,,,,,,,,,,,,,,,,,,,,,,,,,,,,,,,,,,,,,,,,,,,,,,,,,,,,,,,,,,,,,,,,,,,,,,,,,,,,,,None,None,,,,,,,,,,,,,,,,,,,,,,,,,,,,,,,,,1.0,,,
5,EUW1_5971753639,TFT6_Augment_SunfireBoard,TFT6_Augment_CelestialBlessing2,TFT6_Augment_Ascension,1.0,,,1.0,,0.0,,,,,2.0,,0.0,,,,1.0,,,,,,,1.0,1.0,,0.0,,,,,,,,,,,,,,,,,,,,,,,,,,,,,,,,,,,,,,,,,,,,,,,,,,,,,,,,,,,,,,,,,,2.0,,,,,,,,,,,,,,,,,,,,,,,,,,,,,,,,,,,,,,,,,,,,,,,,,,,,,,,,,,,,1.0,BrambleVest,,,,,,,2.0,,,,,,,,,,,,,,,,,,,,2.0,BrambleVest,GiantsBelt,GargoyleStoneplate,,,,,,,,,,,,,,,,,,,,,,,,,,,,,2.0,UnstableConcoction,FrozenHeart,,,,,,,,,,,,None,None,,,,,2.0,,,,,,,,,,,,,,,,2.0,MadredsBloodrazor,GuinsoosRageblade,Quicksilver,,,,,,,,,,,,
1,EUW1_5971753639,TFT7_Augment_GadgetExpert,TFT7_Augment_GuardianEmblem,TFT6_Augment_Diversify2,0.0,,1.0,,1.0,,1.0,0.0,1.0,1.0,1.0,,,,0.0,1.0,,1.0,,,1.0,,,,,1.0,0.0,0.0,,,,,,,,,,,,,,,,,,,,,1.0,,,,,,,,2.0,Deathblade,UnstableConcoction,InfinityEdge,,,,,,,,,2.0,RedBuff,WarmogsArmor,,,,,,,,,,,,,,,,,,,,,,,,,,,,,,,,,,,,,,,,,,,,,,,,,,,,,,,,,,1.0,,,,,,,,,,,,,,,,,,,,,,,,,,,,2.0,MadredsBloodrazor,,,,,,,,,,,,,,,,,,,,,,,,,,,,,,,,,,,2.0,HextechGunblade,SpearOfShojin,,,,,,,,,,,,,,,,,,,,,,,,,,,,,,4.0,TrainerSnax,None,None,2.0,StatikkShiv,StatikkShiv,ShimmerscaleGoldmancersStaff,,,,,,,,,,,,,,,,,,,,,2.0,TitansResolve,GuardianEmblemItem,LastWhisper,,,,,,,,
2,EUW1_5971753639,TFT7_Augment_BestFriends2,TFT6_Augment_Diversify2,TFT6_Augment_PortableForge,,,1.0,,1.0,,1.0,,1.0,1.0,1.0,,,0.0,,1.0,,2.0,0.0,,1.0,1.0,,,,1.0,,,,,,,,,,,,,,,,,,,,,,,2.0,GiantsBelt,,,1.0,IonicSpark,,,2.0,InfinityEdge,GuinsoosRageblade,LastWhisper,,,,,,,,,2.0,OrnnEternalWinter,BrambleVest,DragonsClaw,,,,,,,,,,,,,,,,,,,,,,,,,,,,,,,,,,,,,,,,,,,,,,,,,,,,,,,,,2.0,,,,,,,,,,,,,,,,,,,,,,,,,,,,,,,,,,,,,,,,,,,,,,,,,,,,,,,,,,,,,,,,2.0,ShimmerscaleGoldmancersStaff,ArchangelsStaff,FrozenHeart,,,,,,,,,,,,,,,,,,,,,,,,,,,,,4.0,TrainerSnax,None,None,2.0,ThiefsGloves,FrozenHeart,GuardianAngel,,,,,,,,,,,,,,,,,,,,,,,,,,,,,2.0,RevelEmblemItem,,
8,EUW1_5971753639,TFT6_Augment_ClearMind,TFT6_Augment_SecondWind2,TFT6_Augment_SalvageBin,,,,2.0,,0.0,,,,,,0.0,0.0,0.0,,,1.0,,0.0,,,,1.0,0.0,0.0,,1.0,0.0,,,,,,,,,,,,,,,,,,,,,,,,,,,,,,,,,,,,,,,,,,,,,,,,,,,,,,,,,,,,,,,,,3.0,WarmogsArmor,TearOfTheGoddess,LastWhisper,,,,,,,,,,,,,,,,,,,,,,,,,,,,,,,,,,,,,,,,,,,,,,,,,,,,,1.0,,,,2.0,Morellonomicon,GargoyleStoneplate,BrambleVest,,,,,,,,,,,,,,,,,,,,,,,,,1.0,,,,,,,,,,,,,,,,1.0,,,,,,,,2.0,,,,,,,,,,,,,,,,,,,,,,None,None,,,,,,,,,,,,,,,,,,,,,2.0,GuinsoosRageblade,MadredsBloodrazor,NegatronCloak,,,,,,,,,,,,
7,EUW1_5971753639,TFT6_Augment_RichGetRicher,TFT6_Augment_SecondWind2,TFT6_Augment_ComponentGrabBag,,,,0.0,,,,2.0,,,,1.0,,,0.0,,1.0,,,1.0,,,,0.0,0.0,,1.0,,,,,,,,,,,,,,2.0,PowerGauntlet,,,,,,,,,,,,,,,,,,,,,,,,,,,,,,,,,,,,,,,,,,,,,,,,,,,,,,,,,,,,,,,,,,,2.0,,,,,,,,2.0,ThiefsGloves,GuinsoosRageblade,Quicksilver,,,,,,,,,,,,,,,,,1.0,RedBuff,,,,,,,,,,,,,,,,,,,,,,,,,,,,,,,,,,,,,,,2.0,,,,2.0,,,,,,,,,,,,,,,,,,,,2.0,RabadonsDeathcap,StatikkShiv,GuinsoosRageblade,,,,,,,,,,,,,,,,,,,,,,,None,None,,,,,,,,,,,,,,,,,,,,,,,,,1.0,GuardianAngel,UnstableConcoction,,,,,,,,,
5,EUW1_5971151479,TFT6_Augment_CelestialBlessing2,TFT6_Augment_SecondWind1,TFT6_Augment_ItemGrabBag2,,1.0,,2.0,,,1.0,,,,1.0,,,0.0,,,,,,,,,,1.0,,,,2.0,,,,,,,,,,,,,,,,,,,,,,,,,,,,,,,,,,,,,,,,,,,,,,,,,1.0,Quicksilver,GuinsoosRageblade,Bloodthirster,,,,,,,,,,,,,,,,,,,,,3.0,Zephyr,RedBuff,ArchangelsStaff,,,,,,,,,,,,,,,,,,,,,,,,,,,,,,,,,,,,,,,,,,,,,,,,,,,,,,,,,,,,,,,,,,,,,,,,,,,,,,,,,,,,,3.0,ThiefsGloves,RecurveBow,Shroud,,,,,,,,,,,,,2.0,,,,,,,,,,,,,,,,,,,,,,None,None,,,,,2.0,,,,3.0,Quicksilver,GuinsoosRageblade,Deathblade,,,,,,,,,,,,,,,,,,,,,,,,
4,EUW1_5971151479,TFT7_Augment_BestFriends2,TFT6_Augment_TinyTitans,TFT6_Augment_RadiantRelics,,,,,,2.0,1.0,,,0.0,1.0,,,,3.0,,0.0,,,,,,,,,,0.0,,,,,,,,,,,,,,,,,,,,,,,,,,,,,,,,,,,,,,2.0,ArchangelsStaff,JeweledGauntlet,StatikkShiv,,,,,,,,,,,,,,,,,,,,,,,,,2.0,ThiefsGloves,HextechGunblade,UnstableConcoction,,,,,,,,,,,,,,,,,,,,,,,,,2.0,Shroud,,,,,,,,,,,,,,,,,,,,,,,2.0,WarmogsArmor,DragonsClawRadiant,IonicSpark,,,,,,,,,,,,,,,,,,,,,2.0,RecurveBow,,,,,,,,,,,,,,,,,,,,,,,,,,,,,,,,,,,,,,,,,,,,,,,,,,,,,,,,,None,None,,,,,,,,,,,,,,,,,,,,,,,,,,,,,1.0,ZekesHerald,,,,,,
2,EUW1_5971151479,TFT6_Augment_Ascension,TFT6_Augment_ItemGrabBag1,TFT6_Augment_ForceOfNature,1.0,,,1.0,,0.0,1.0,,,,2.0,,0.0,,,,2.0,,,0.0,,,,1.0,1.0,,0.0,,,,,,,,,,,,,,,,,,,,,,,,,,,,,,,,,,,,,,,,,,,,,,,,,,,,,,,,,,,,,,,,,,2.0,ArchangelsStaff,,,,,,,,,,,,,,,,,,,,,,,,,,,,,,,,,,,,,,,,,,,,,,,,,,,,,,,,,,,2.0,Shroud,,,,,,,2.0,FrozenHeart,,,,,,,,,,,,,,,,,,,2.0,PowerGauntlet,,,1.0,DragonsClaw,RedBuff,RabadonsDeathcap,,,,,,,,,,,,,,,,,,,,,,,,,2.0,,,,,,,,,,,,,,None,None,,,,,2.0,,,,,,,,,,,,,,,,2.0,RapidFireCannon,GuinsoosRageblade,InfinityEdge,,,,,,,,,,,,
6,EUW1_5971151479,TFT7_Augment_BestFriends2,TFT6_Augment_CyberneticUplink1,TFT7_Augment_ThinkFast,,,,,1.0,,1.0,,1.0,1.0,,,,1.0,,0.0,,2.0,0.0,,1.0,1.0,,,,0.0,,,,,,,,,,,,,,,,,,,,,,,,,,,1.0,ShimmerscaleHeartOfGold,,,2.0,UnstableConcoction,GuinsoosRageblade,MadredsBloodrazor,,,,,,,,,2.0,MageEmblemItem,RedBuff,Shroud,,,,,,,,,,,,,,,,,,,,,,,,,,,,,,,,,2.0,Chalice,,,,,,,,,,,,,,,,,,,,,,,1.0,,,,,,,,,,,,,,,,,,,,,,,,,,,,,,,,,,,,,,,,,,,,,,,,,,,,,,,,,,,,,,,,2.0,MageEmblemItem,,,,,,,,,,,,,,,,,,,,,,,,,,,,,,,,,None,None,,,,,,,,,,,,,,,,,,,,,,,,,,,,,,,,,1.0,RecurveBow,,
1,EUW1_5971151479,TFT6_Augment_PortableForge,TFT7_Augment_BandOfThieves1,TFT7_Augment_UrfsGrabBag2,3.0,,,1.0,,,,,,,1.0,,0.0,,,,0.0,,1.0,,0.0,,,,1.0,,1.0,0.0,,,,,,,,,,,,,,,,,,,,,,,,,,,,,,,,,3.0,TitansResolve,IonicSpark,InfinityEdge,,,,,,,,,,,,,,,,,,,,,,,,,,,,,,,,,,,,,,,,,,,,,,,,,1.0,,,,,,,,,,,,,,,,,,,,,,,,,,,,,,,,,,,,2.0,OrnnInfinityForce,InfinityEdge,AssassinEmblemItem,1.0,Redemption,ChainVest,,2.0,RapidFireCannon,Bloodthirster,,2.0,ZekesHerald,RedBuff,ZekesHerald,,,,,,,,,,,,,,,,,2.0,,,,,,,,,,,,,,,,,,,,,,,,,,,,,,,,2.0,ThiefsGloves,BFSword,LastWhisper,,,,,,,,,,,None,None,,,,,,,,,,,,,,,,,,,,,,,,,,,,,,,,,,,,
7,EUW1_5971151479,TFT6_Augment_ThrillOfTheHunt2,TFT6_Augment_Weakspot,TFT6_Augment_CyberneticUplink3,1.0,,,1.0,,1.0,,,,,3.0,,0.0,,,,1.0,,,,,,,1.0,1.0,,0.0,,,,,,,,,,,,,,,,,,,,,,,,,,,,,,,,,,,,,,,,,,,,,,,,,,,,,,,,,,,,,,,,,,1.0,TearOfTheGoddess,,,,,,,,,,,,,,,,,,,,,,,,,,,,,,,,,,,,,,,,,,,,,,,,,,,,,,,,,,,1.0,SparringGloves,,,,,,,1.0,RecurveBow,,,,,,,1.0,,,,,,,,,,,,2.0,DragonsClaw,,,,,,,,,,,,,,,,,,,,,,,,,,,,,,,1.0,InfinityEdge,,,,,,,,,,,,,None,None,,,,,2.0,,,,,,,,,,,,,,,,2.0,MadredsBloodrazor,GuinsoosRageblade,Deathblade,,,,,,,,,,,,
8,EUW1_5971151479,TFT6_Augment_CelestialBlessing2,TFT7_Augment_GuildTrait,TFT6_Augment_TheGoldenEgg,,0.0,,1.0,,,,,0.0,,2.0,,0.0,2.0,,1.0,,,,,0.0,1.0,,,0.0,1.0,,0.0,,,,,,,,,,,,,,,,,,,,,,,,,,,,,,,,,,,,,,,,,,,,,,,,,,,,,,,,,,,,,,,,,,,,,1.0,,,,,,,,,,,,,,,,,,,,,,,,,,,,,,,,2.0,,,,2.0,,,,,,,,,,,,,,,,,,,,2.0,,,,,,,,,,,,2.0,ArchangelsStaff,,,,,,,,,,,,,,,,,,,,,,,,,,,,,,,,,,,,,,,2.0,RedBuff,GargoyleStoneplate,,,,,,,,,,,,,,,,,,2.0,TrainerSnax,None,None,,,,,,,,,,,,,,,,,,,,,,,,,,,,,,,,,1.0,StatikkShiv,,
3,EUW1_5971151479,TFT6_Augment_ThrillOfTheHunt2,TFT6_Augment_Weakspot,TFT7_Augment_CursedCrown,0.0,,1.0,1.0,,,1.0,0.0,1.0,0.0,1.0,,0.0,0.0,0.0,2.0,,0.0,,,,,,,0.0,0.0,0.0,3.0,,,,,,,,,,,,,,,,,,,,,1.0,,,,,,,,,,,,,,,,,,,,,,,,,,,,2.0,TitansResolve,GuinsoosRageblade,UnstableConcoction,,,,,,,,,,,,,,,,,,,,,,,,,,,,,,,,,,,,,,,,,,,,,,,,,2.0,,,,,,,,,,,,,,,,,,,,,,,,2.0,TitanicHydra,GargoyleStoneplate,,1.0,MysticEmblemItem,GuardianAngel,RecurveBow,,,,,,,,,,,,,,,,,,,,,,,,,,,,,,,,,2.0,ArchangelsStaff,StatikkShiv,,,,,,,,,,2.0,,,,,,,,,,,,,,,,2.0,,,,,,None,None,,,,,,,,,,,,,,,,,,,,,,,,,1.0,,,,,,,,,,,
8,EUW1_5970857688,TFT6_Augment_Electrocharge1,TFT6_Augment_SalvageBin,TFT6_Augment_CelestialBlessing2,,,,0.0,,0.0,,1.0,,,,1.0,0.0,,,,1.0,,,1.0,,,,,1.0,,,,,,,,,,,,,,,,,,,,,,,,,,,,,,,,,,,,,,,,,,,,,,,,,,,,,,,,,,,,,,,,1.0,,,,1.0,,,,,,,,,,,,,,,,1.0,,,,,,,,2.0,,,,,,,,,,,,,,,,,,,,1.0,Redemption,,,,,,,,,,,,,,,1.0,RedBuff,,,,,,,,,,,,,,,,,,,,,,,1.0,,,,,,,,,,,,,,,,,,,,,,,,2.0,Quicksilver,GuinsoosRageblade,StatikkShiv,,,,,,,,,,,,,,,,,,,,,,,None,None,,,,,,,,,,,,,,,,,,,,,,,,,,,,,,,,,,,,
1,EUW1_5970857688,TFT6_Augment_TriForce1,TFT7_Augment_UrfsGrabBag1,TFT6_Augment_SecondWind2,2.0,0.0,,2.0,,0.0,,,,,1.0,,0.0,,,,0.0,,1.0,,,,,,1.0,,1.0,,,,,,,,,,,,,,,,,,,,,,,,,,,,,,,,,,2.0,FrozenHeart,HextechGunblade,StatikkShiv,,,,,,,,,,,,,,,,,,,,,,,,,,,,,2.0,,,,,,,,2.0,,,,,,,,,,,,,,,,,,,,,,,,,,,,,,,,,,,,,,,,,,,,,,,,3.0,RunaansHurricane,InfinityEdge,AssassinEmblemItem,2.0,,,,,,,,2.0,FrozenHeart,,,,,,,,,,,,,,,,,,,2.0,Zephyr,,,,,,,,,,,,,,,,,,,,,,,,,,,,,,,2.0,RedBuff,RunaansHurricane,,,,,,,,,,,,None,None,,,,,,,,,,,,,,,,,,,,,,,,,,,,,,,,,,,,
6,EUW1_5970857688,TFT7_Augment_BestFriends1,TFT7_Augment_GadgetExpert,TFT6_Augment_SecondWind2,,,,0.0,,2.0,1.0,0.0,,,1.0,,0.0,,3.0,,0.0,,,,,,,,0.0,,1.0,,,,,,,,,,,,,,,,,,,,,,,,,,,,,,,,,,,,,,2.0,JeweledGauntlet,MadredsBloodrazor,UnstableConcoction,,,,,,,,,,,,,,,,,,,,,,,,,2.0,GargoyleStoneplate,NeedlesslyLargeRod,,,,,,,,,,,,,,,,,,,,,,,,,,,,,,,,,,,,,,,,,,,,,,,,,,1.0,,,,,,,,2.0,,,,,,,,,,,,,,,,1.0,,,,,,,,,,,,,,,,,,,,,,,,,,,,,,,,,,,,,,,,,,,,,,,,,,,,,,,,,,None,None,,,,,,,,,,,,,,,,,,,,,,,,,1.0,TitansResolve,Bloodthirster,SeraphsEmbrace,2.0,StatikkShiv,,,,,,
2,EUW1_5970857688,TFT6_Augment_CyberneticShell1,TFT6_Augment_JeweledLotus,TFT6_Augment_SecondWind2,,,,,,,,,,,,,,0.0,,,,,,,0.0,1.0,,,,,,,,,,,,,,,,,,,,,,,,,,,,,,,,,,,,,,,,,,,,,,,,,,,,,,,,,,,,,,,,,,,,,,,,,,,,,,,,,,,,,,,,,,,,,,,,,,,,,,,,,,,,,,,,,,,,,,,,,,,,,,,,,,,,,,,,,,,,,,,,,,,,,,,,,,,,,,,,,,,,,,,,,,,,,,,,,,,,,,,,,,,,,,,,,,,,,,,,,,,,,None,None,,,,,,,,,,,,,,,,,,,,,,,,,,,,,,,,,1.0,WarmogsArmor,GargoyleStoneplate,Morellonomicon
7,EUW1_5970857688,TFT6_Augment_Meditation1,TFT7_Augment_JadeTrait,TFT6_Augment_PortableForge,,,,,,,1.0,0.0,1.0,,,3.0,0.0,,,1.0,,,,1.0,,,,0.0,,0.0,,,,,,,2.0,HextechGunblade,,,,,,,1.0,,,,,,,,,,,,,,,,,,,,,,,,,,,,,,,,1.0,OrnnInfinityForce,UnstableConcoction,Quicksilver,,,,,,,,,,,,,2.0,ZekesHerald,,,,,,,,,,,,,,,,,,,2.0,,,,,,,,,,,,,,,,,,,,1.0,,,,,,,,2.0,WarmogsArmor,BrambleVest,,,,,,,,,,,,,,,,,,,,,,,,,,,,,,,,,,,,,,,,,,,,,,,,,,,,,,,,,,,,,,,,,,,,,,,,,,,,,,,,,,,,,,,,None,None,,,,,,,,,,,,,,,,,,,,,,,,,,,,,,,,,,,,
3,EUW1_5970857688,TFT6_Augment_Electrocharge1,TFT6_Augment_ComponentGrabBag,TFT7_Augment_FirstAidKit2,,,,,1.0,,1.0,0.0,1.0,1.0,,,,,0.0,0.0,,1.0,,,1.0,,,,,1.0,0.0,0.0,,,,,,,,,,,,,,,,,,,,,,,,,,,,,2.0,Deathblade,ShimmerscaleGamblersBlade,InfinityEdge,,,,,,,,,2.0,GargoyleStoneplate,WarmogsArmor,DragonsClaw,,,,,,,,,,,,,,,,,,,,,,,,,,,,,,,,,,,,,,,,,,,,,,,,,,,,,,,,,1.0,,,,,,,,,,,,,,,,,,,,,,,,,,,,,,,,,,,,,,,,,,,,,,,,,,,,,,,,,,,,,,,,2.0,Morellonomicon,ArchangelsStaff,,,,,,,,,,,,,,,,,,,,,,,,,,2.0,,,,2.0,TrainerSnax,None,None,2.0,,,,,,,,,,,,,,,,,,,,,,,,2.0,Quicksilver,UnstableConcoction,UnstableConcoction,,,,,,,,
4,EUW1_5970857688,TFT6_Augment_SecondWind1,TFT6_Augment_TradeSectorPlus,TFT6_Augment_Distancing2,,3.0,,1.0,,,1.0,,0.0,,,,,1.0,,0.0,,,,0.0,0.0,1.0,,0.0,,,,,,,,,,,,,,,,,,,,,1.0,,,,,,,,,,,,,,,,,,,,,,,,,,,,,,,,,,,,,,,,,,,,,,,,,,,,,,,,3.0,MageEmblemItem,HextechGunblade,,,,,,,,,,,,,,,,,,,,,,,,,,,,,,3.0,ThiefsGloves,JeweledGauntlet,ArchangelsStaff,,,,,3.0,,,,,,,,,,,,,,,,,,,,,,,,,,,,,,,,,,,,,,,,,,,,,,,,3.0,,,,,,,,,,,,,,,,,,,,,,,,,,,,,,,,,,,,,,None,None,,,,,,,,,3.0,GuinsoosRageblade,Deathblade,RunaansHurricane,3.0,,,,,,,,,,,,,,,,,,,,1.0,ArchangelsStaff,,
5,EUW1_5970857688,TFT6_Augment_TinyTitans,TFT7_Augment_MageEmblem,TFT6_Augment_SalvageBin,,0.0,,1.0,,,,0.0,0.0,,1.0,0.0,,2.0,0.0,1.0,,,,,0.0,1.0,1.0,,,0.0,0.0,0.0,,,,,,,,,,,,,,,,,,,,,,,,,,,,,,,,,,,,,,,,,,,,,,,,,,,,,,,,,,,,,,,,,,,,,,,,,2.0,IonicSpark,TitanicHydra,ChainVest,,,,,,,,,,,,,,,,,,,,,,,,,2.0,,,,3.0,ThiefsGloves,JeweledGauntlet,SeraphsEmbrace,,,,,,,,,,,,,,,,,,,,,,,,,,,,,2.0,MadredsBloodrazor,ArchangelsStaff,SpearOfShojin,,,,,,,,,,,,,,,,,,,,,,,,,,,,,1.0,MageEmblemItem,,,,,,,2.0,RedBuff,WarmogsArmor,,,,,,,,,,,,,,,,,,,,None,None,,,,,,,,,,,,,,,,,,,,,,,,,1.0,MageEmblemItem,UnstableConcoction,,,,,,1.0,,,
8,EUW1_5971312967,TFT6_Augment_SecondWind1,TFT6_Augment_TargetDummies,TFT6_Augment_CyberneticShell2,1.0,,,1.0,,0.0,,,,,2.0,,0.0,,,,1.0,,,,,,,1.0,1.0,,0.0,,,,,,,,,,,,,,,,,,,,,,,,,,,,,,,,,,,,,,,,,,,,,,,,,,,,,,,,,,,,,,,,,,1.0,,,,,,,,,,,,,,,,,,,,,,,,,,,,,,,,,,,,,,,,,,,,,,,,,,,,,,,,,,,,1.0,GargoyleStoneplate,,,,,,,2.0,,,,,,,,,,,,,,,,,,,,2.0,,,,,,,,,,,,,,,,,,,,,,,,,,,,,,,,1.0,Bloodthirster,,,,,,,,,,,,,None,None,,,,,1.0,,,,,,,,,,,,,,,,1.0,Quicksilver,GuinsoosRageblade,,,,,,,,,,,,,
6,EUW1_5971312967,TFT6_Augment_CyberneticShell1,TFT6_Augment_Electrocharge2,TFT7_Augment_EvokerEmblem,,1.0,,1.0,,,1.0,,2.0,,,,,1.0,,1.0,,0.0,,,,,,,,1.0,,0.0,,,,,,,,,,,,,,,,,1.0,SpearOfShojin,MadredsBloodrazor,ArchangelsStaff,,,,,,,,,,,,,,,,,,,,,,,,,,,,,,,,,,,,,,,,,,,,,,,,,2.0,,,,2.0,WarmogsArmor,WarmogsArmor,,,,,,,,,,,,,,,,,,,,,,,,,,2.0,,,,2.0,EvokerEmblemItem,,,,,,,,,,,,,,,,,,,,,,,,,,,,,,,,,,,,,,,,,,,,,,,,,,,,,,,,,,,2.0,LocketOfTheIronSolari,,,,,,,,,,,2.0,GargoyleStoneplate,RedBuff,GargoyleStoneplate,,,,,,,,,,,,,,,,,3.0,TrainerSnax,None,None,,,,,,,,,,,,,,,,,,,,,,,,,,,,,,,,,,,,
1,EUW1_5971312967,TFT6_Augment_Weakspot,TFT6_Augment_Distancing2,TFT6_Augment_Diversify2,1.0,,,1.0,,1.0,,,,,3.0,,0.0,,,,1.0,,,,,,,1.0,1.0,,0.0,,,,,,,,,,,,,,,,,,,,,,,,,,,,,,,,,,,,,,,,,,,,,,,,,,,,,,,,,,,,,,,,,,2.0,,,,,,,,,,,,,,,,,,,,,,,,,,,,,,,,,,,,,,,,,,,,,,,,,,,,,,,,,,,,2.0,RedBuff,SpearOfShojin,,,,,,2.0,FrozenHeart,,,,,,,2.0,,,,,,,,,,,,2.0,,,,,,,,,,,,,,,,,,,,,,,,,,,,,,,,2.0,InfinityEdge,Bloodthirster,,,,,,,,,,,,None,None,,,,,2.0,,,,,,,,,,,,,,,,3.0,Quicksilver,GuinsoosRageblade,MadredsBloodrazor,,,,,,,,,,,,
7,EUW1_5971312967,TFT6_Augment_PandorasItems,TFT6_Augment_Ascension,TFT6_Augment_Diversify2,1.0,,,1.0,,1.0,,,,,3.0,,0.0,,,,1.0,,,,,,,1.0,1.0,,0.0,,,,,,,,,,,,,,,,,,,,,,,,,,,,,,,,,,,,,,,,,,,,,,,,,,,,,,,,,,,,,,,,,,2.0,,,,,,,,,,,,,,,,,,,,,,,,,,,,,,,,,,,,,,,,,,,,,,,,,,,,,,,,,,,,1.0,WarmogsArmor,RedBuff,,,,,,2.0,,,,,,,,2.0,BruiserEmblemItem,,,,,,,,,,,2.0,,,,,,,,,,,,,,,,,,,,,,,,,,,,,,,,1.0,InfinityEdge,FrozenHeart,,,,,,,,,,,,None,None,,,,,2.0,,,,,,,,,,,,,,,,2.0,GuinsoosRageblade,MadredsBloodrazor,,,,,,,,,,,,,
5,EUW1_5971312967,TFT6_Augment_TinyTitans,TFT7_Augment_DragonHorde,TFT6_Augment_PortableForge,0.0,,,1.0,,,2.0,,,,,1.0,0.0,,,0.0,,,,,,,,,2.0,,,2.0,,,,,,,,,1.0,ArchangelsStaff,HextechGunblade,RecurveBow,,,,,,,,,,,,,,,,,,,,,,,,,,,,,,,,,2.0,Bloodthirster,OrnnZhonyasParadox,UnstableConcoction,2.0,Bloodthirster,UnstableConcoction,InfinityEdge,,,,,,,,,,,,,,,,,,,,,,,,,,,,,,,,,,,,,,,,,,,,,,,,,,,,,,,,,,,,,,,,,,,,,,,,,2.0,Morellonomicon,GuardianAngel,,1.0,,,,,,,,,,,,,,,,,,,,,,,,,,,,,,,,,,,,,,,,,,,,,,,,,,,,,,,,,,,,,,,,,,,,,,None,None,,,,,,,,,,,,,,,,,,,,,,,,,,,,,,,,,,,,
2,EUW1_5971312967,TFT7_Augment_AstralTrait,TFT6_Augment_CelestialBlessing2,TFT7_Augment_SwiftshotPressTheAttack,,3.0,,1.0,,,1.0,,0.0,,1.0,,,0.0,,,,,,0.0,,,,1.0,,,,,,,,,,,,,,,,,,,,,2.0,HextechGunblade,SeraphsEmbrace,RabadonsDeathcap,,,,,,,,,,,,,,,,,,,,,,,,,,,,,,,,,,,,,,,,,,,,,,,,,,,,,3.0,RedBuff,BrambleVest,DragonsClaw,,,,,,,,,,,,,,,,,,,,,,,,,,,,,,,,,,,,,3.0,,,,,,,,,,,,,,,,,,,,,,,,,,,,,,,,,,,,,,,,,,,,,,,,3.0,WarmogsArmor,,,,,,,,,,,,,,,,,,,,,,,,,,,,,,,,,,,,,None,None,,,,,2.0,PowerGauntlet,,,3.0,Deathblade,LastWhisper,RapidFireCannon,3.0,,,,,,,,,,,,,,,,,,,,,,,
3,EUW1_5971312967,TFT7_Augment_MageTrait,TFT6_Augment_SecondWind2,TFT6_Augment_PortableForge,,1.0,,1.0,,,,,0.0,,1.0,0.0,,3.0,,1.0,,,,,0.0,1.0,1.0,,,1.0,,0.0,,,,,,,,,,,,,,,,,,,,,,,,,,,,,,,,,,,,,,,,,,,,,,,,,,,,,,,,,,,,,,,,,,,,,2.0,,,,2.0,TitanicHydra,OrnnRocketPropelledFist,RedBuff,,,,,,,,,,,,,,,,,,,,,,,,,1.0,,,,2.0,,,,,,,,,,,,,,,,,,,,,,,,,,,,,,,,2.0,SpearOfShojin,HextechGunblade,JeweledGauntlet,,,,,,,,,,,,,,,,,,,,,,,,,,,,,2.0,,,,,,,,2.0,Bloodthirster,,,,,,,,,,,,,,,,,,,2.0,TrainerSnax,None,None,,,,,,,,,,,,,2.0,LocketOfTheIronSolari,LocketOfTheIronSolari,,,,,,,,,,,,,,,,,,1.0,GuinsoosRageblade,,
4,EUW1_5971312967,TFT6_Augment_ThrillOfTheHunt1,TFT7_Augment_GadgetExpert,TFT6_Augment_SalvageBin,,,,0.0,,2.0,,1.0,0.0,,1.0,0.0,1.0,,0.0,,0.0,,,,0.0,,,0.0,1.0,,,,,,,,2.0,StatikkShiv,,,,,,,2.0,,,,,,,,,,,,,,,,,,,,,,,,,,,,,,,,,,,,,,,,,,,,,,,,,,,,2.0,,,,,,,,,,,,,,,,,,,,,,,,2.0,ThiefsGloves,MadredsBloodrazor,RapidFireCannon,,,,,,,,,,,,,,,,,,,,,,,,,2.0,Chalice,Chalice,PowerGauntlet,,,,,1.0,GargoyleStoneplate,BrambleVest,LocketOfTheIronSolari,,,,,,,,,,,,,2.0,,,,,,,,,,,,,,,,,,,,,,,,,,,,,,,,,,,,,,,,,,,,,,,,,,,,,,,,,,None,None,,,,,,,,,,,,,,,,,2.0,Bloodthirster,GuinsoosRageblade,Quicksilver,,,,,,,,,,,,,,,,
6,EUW1_5971358811,TFT7_Augment_MageTrait,TFT6_Augment_BlueBattery2,TFT6_Augment_ForceOfNature,,1.0,,1.0,,0.0,,,0.0,,1.0,,,3.0,,1.0,,,0.0,,,,,,,1.0,,0.0,,,,,,,,,,,,,,,,,,,,,,,,,,,,,,,,,,,,,,,,,,,,,,,,,,,,,,,,,,,,,,,,,,,,,2.0,,,,2.0,,,,,,,,,,,,,,,,,,,,,,,,2.0,,,,2.0,,,,2.0,Chalice,StatikkShiv,Chalice,,,,,,,,,,,,,,,,,,,,,,,,,,,,,2.0,SpearOfShojin,ArchangelsStaff,,,,,,,,,,,,,,,,,,,,,,,,,,,,,,,,,,,,,,1.0,GargoyleStoneplate,RedBuff,IonicSpark,,,,,,,,,,,,,,,,,2.0,TrainerSnax,None,None,,,,,,,,,,,,,2.0,,,,,,,,,,,,,,,,,,,,,,,
4,EUW1_5971358811,TFT6_Augment_SecondWind1,TFT7_Augment_BestFriends2,TFT6_Augment_VerdantVeil,,,,,2.0,,1.0,,1.0,1.0,,,,,,0.0,,2.0,,,1.0,,,,,1.0,,0.0,,,,,,,,,,,,,,,,,,,,,,,,,,,,,2.0,GuinsoosRageblade,Deathblade,MadredsBloodrazor,,,,,,,,,2.0,GargoyleStoneplate,ShimmerscaleMogulsMail,GiantsBelt,,,,,,,,,,,,,,,,,,,,,,,,,,,,,,,,,2.0,,,,,,,,,,,,,,,,,,,,,,,,2.0,PowerGauntlet,ZekesHerald,,,,,,,,,,,,,,,,,,,,,,,,,,,,,,,,,,,,,,,,,,,,,,,,,,,,,,,,,,,,,,2.0,UnstableConcoction,Morellonomicon,,,,,,,,,,,,,,,,,,,,,,,,,,2.0,,,,3.0,TrainerSnax,None,None,2.0,,,,,,,,,,,,,,,,,,,,,,,,,,,,,,,,,,,
5,EUW1_5971358811,TFT6_Augment_ThrillOfTheHunt1,TFT6_Augment_Ascension,TFT7_Augment_MirageEmblem2,,,,0.0,,2.0,1.0,0.0,,,1.0,,0.0,,4.0,,0.0,,,,,,,,0.0,,1.0,,,,,,,,,,,,,,,,,,,,,,,,,,,,,,,,,,,,,,2.0,InfinityEdge,JeweledGauntlet,NeedlesslyLargeRod,,,,,,,,,,,,,,,,,,,,,,,,,1.0,,,,,,,,,,,,,,,,,,,,,,,,,,,,,,,,,,,,,,,,,,,,,,,,,,,,2.0,,,,,,,,2.0,RedBuff,MirageEmblemItem,,,,,,,,,,,,,,2.0,MirageEmblemItem,Zephyr,TitanicHydra,,,,,,,,,,,,,,,,,,,,,,,,,,,,,,,,,,,,,,,,,,,,,,,,,,,,,,,None,None,,,,,,,,,,,,,,,,,,,,,,,,,2.0,UnstableConcoction,WarmogsArmor,MadredsBloodrazor,1.0,,,,,,,
1,EUW1_5971358811,TFT6_Augment_TriForce1,TFT6_Augment_Diversify2,TFT7_Augment_BestFriends3,,1.0,1.0,1.0,,,,,0.0,,2.0,,,1.0,,2.0,,,,,0.0,1.0,,1.0,,0.0,,0.0,,,,,,,,,,,,,,,,,,,,,1.0,,,,,,,,,,,,,,,,,,,,,,,,,,,,,,,,,,,,,,,,,,,,,,,,,,,,3.0,BrambleVest,IonicSpark,Bloodthirster,,,,,,,,,,,,,,,,,,,,,,,,,2.0,,,,3.0,ThiefsGloves,,,,,,,,,,,,,,,,,,,,,,,,,,,,,,,,,,,,,,,,,,,,,,,,,,,,,,,,,,,,,,,,,,,,,,,2.0,ThiefsGloves,GiantsBelt,Redemption,,,,,,,,,,,,,,,,,,,None,None,,,,,1.0,Shroud,,,3.0,RunaansHurricane,InfinityEdge,GuinsoosRageblade,,,,,,,,,,,,,,,,,,,,,1.0,Bloodthirster,,
8,EUW1_5971358811,TFT7_Augment_AFK,TFT7_Augment_SwiftshotPressTheAttack,TFT6_Augment_FuturePeepers2,0.0,,,0.0,,0.0,1.0,,,0.0,2.0,,,,,,1.0,,,,1.0,,,1.0,,,0.0,,,,,,,,,,,,,,,,,,,,,,,,,,,,,,,,,,,,,,,,,,2.0,ShimmerscaleMogulsMail,BrambleVest,TitanicHydra,,,,,,,,,,,,,,,,,,,,,2.0,TearOfTheGoddess,,,,,,,,,,,,,,,,,,,,,,,,,,,,,,,,,,,,,,,,,,,,,,,,,,,,,,,,,,,,,,,,,,,,,,,,,,,,,,,,,,,,,,,1.0,,,,,,,,,,,,,,,,,,,,,,,,,,,,,,,,2.0,Bloodthirster,RunaansHurricane,,,,,,,,,,,,None,None,,,,,2.0,ZephyrRadiant,,,,,,,,,,,,,,,2.0,GuinsoosRageblade,MadredsBloodrazor,Quicksilver,,,,,,,,,,,,
7,EUW1_5971358811,TFT7_Augment_BandOfThieves1,TFT7_Augment_BestFriends2,TFT7_Augment_MageEmblem2,,1.0,1.0,1.0,,,,,,,2.0,,,3.0,,1.0,,,,,0.0,1.0,,,,0.0,,0.0,,,,,,,,,,,,,,,,,,,,,1.0,MageEmblemItem,,,,,,,,,,,,,,,,,,,,,,,,,,,,,,,,,,,,,,,,,,,,,,,1.0,,,,2.0,ThiefsGloves,ZekesHerald,RapidFireCannon,,,,,,,,,,,,,,,,,,,,,,,,,,,,,2.0,SpearOfShojin,,,,,,,,,,,,,,,,,,,,,,,,,,,,,,,2.0,UnstableConcoction,SpearOfShojin,ArchangelsStaff,,,,,,,,,,,,,,,,,,,,,,,,,,,,,,,,,,,,,2.0,RedBuff,BrambleVest,TitansResolve,,,,,,,,,,,,,,,,,,,None,None,,,,,,,,,,,,,2.0,GargoyleStoneplate,,,,,,,,,,,,,,,,,,,1.0,TitansResolve,,
3,EUW1_5971358811,TFT6_Augment_Twins1,TFT6_Augment_BlueBattery2,TFT6_Augment_ItemGrabBag2,,,,1.0,,,1.0,0.0,,0.0,,0.0,,0.0,,,,,,1.0,,,,0.0,,,,3.0,,,,,,,,,,,,,1.0,,,,,,,,,,,,,,,,,,,,,,,,,,,,,,,,,,,,2.0,TitansResolve,FrozenHeart,MadredsBloodrazor,3.0,Bloodthirster,JeweledGauntlet,InfinityEdge,,,,,,,,,,,,,,,,,,,,,,,,,,,,,,,,,,,,,,,,,,,,,,,,,,,,,2.0,GargoyleStoneplate,SparringGloves,FrozenHeart,,,,,,,,,,,,,,,,,,,,,,,,,,,,,,,,,,,,,,,,,,,,,,,,,,,,,,,,,,,,,,,,,2.0,,,,,,,,,,,,,,,,2.0,,,,,,None,None,,,,,,,,,,,,,,,,,,,,,,,,,,,,,,,,,,,,
2,EUW1_5971358811,TFT7_Augment_AFK,TFT7_Augment_GadgetExpert,TFT7_Augment_ScalescornEmblem2,2.0,,,2.0,,,,,,0.0,1.0,,0.0,0.0,,,0.0,,2.0,,,,,,1.0,,1.0,0.0,,,,,,,,,,,,,,,,,,,,,,,,,2.0,StatikkShiv,RedBuff,,,,,,2.0,MadredsBloodrazor,StatikkShiv,GuinsoosRageblade,,,,,,,,,,,,,,,,,,,,,,,,,,,,,,,,,,,,,,,,,,,,,,,,,,,,,,,,,,,,,,,,,,,,,,,,,,,,,,,,,,,,,3.0,RunaansHurricane,InfinityEdge,UnstableConcoction,2.0,NegatronCloak,BrambleVest,,,,,,2.0,ScalescornEmblemItem,,,,,,,,,,,,,,,,,,,2.0,,,,,,,,,,,,,,,,,,,,,,,,2.0,AssassinEmblemItem,RabadonsDeathcap,,,,,,2.0,,,,,,,,,,,,,,None,None,,,,,,,,,,,,,,,,,,,,,,,,,,,,,,,,,,,,
1,EUW1_5971274858,TFT7_Augment_DragonmancerEmblem,TFT6_Augment_CelestialBlessing1,TFT7_Augment_DragonmancerInspire,,,1.0,0.0,,,1.0,2.0,,,1.0,1.0,,,,0.0,2.0,,,1.0,,,,0.0,,,0.0,,,,,,,,,,,,,,2.0,StatikkShiv,GuinsoosRageblade,RapidFireCannon,,,,,2.0,DragonmancerEmblemItem,,,,,,,,,,,,,,,,,,,,,,,,,,,,,,,,,,,,,,,,,,,,,,,,,,,,,,,,,,,2.0,ZekesHerald,,,,,,,,,,,,,,,,,,,,,,,,,,,2.0,GargoyleStoneplate,RedBuff,DragonsClaw,,,,,,,,,,,,,,,,,,,,,,,,,,,,,,,,,,,,,2.0,,,,2.0,DragonmancerEmblemItem,,,1.0,GuardianAngel,BrambleVest,,,,,,,,,,,,,,3.0,GuinsoosRageblade,ArchangelsStaff,MadredsBloodrazor,,,,,,,,,,,,,,,,,,,,,,,None,None,,,,,,,,,,,,,,,,,,,,,,,,,,,,,,,,,,,,
4,EUW1_5971274858,TFT7_Augment_EvokerEmblem,TFT6_Augment_ThrillOfTheHunt1,TFT6_Augment_SecondWind2,,0.0,,0.0,,,,,1.0,,1.0,,,3.0,,1.0,,0.0,,,0.0,1.0,,,,1.0,,0.0,,,,,,,,,,,,,,,,,,,,,,,,,,,,,,,,,,,,,,,,,,,,,,,,,,,,,,,,,,,,,,,,,,,,,1.0,,,,,,,,,,,,,,,,,,,,,,,,,,,,,,,,2.0,PowerGauntlet,,,3.0,InfinityEdge,LastWhisper,JeweledGauntlet,,,,,,,,,,,,,,,,,,,,,,,,,,,,,2.0,EvokerEmblemItem,SpearOfShojin,UnstableConcoction,,,,,,,,,,,,,,,,,,,,,,,,,2.0,MageEmblemItem,,,,,,,,,,,2.0,RedBuff,GargoyleStoneplate,GargoyleStoneplate,,,,,,,,,,,,,,,,,1.0,TrainerSnax,None,None,,,,,,,,,,,,,2.0,,,,,,,,,,,,,,,,,,,,1.0,NeedlesslyLargeRod,,
2,EUW1_5971274858,TFT6_Augment_Electrocharge2,TFT6_Augment_Weakspot,TFT7_Augment_SwiftshotPressTheAttack,,0.0,,2.0,,,1.0,0.0,,0.0,1.0,,0.0,0.0,0.0,,,,,,,,,1.0,0.0,,0.0,2.0,,,,,,,,,,,,,,,,,,,,,,,,,,,,,,,,,,,,,,,,,,,,,,,,,2.0,ThiefsGloves,BrambleVest,TitansResolve,,,,,,,,,,,,,,,,,,,,,3.0,WarmogsArmor,BrambleVest,DragonsClaw,,,,,,,,,,,,,,,,,,,,,,,,,,,,,,,,,,,,,,,,,,,,,,,,,2.0,Morellonomicon,SpearOfShojin,GargoyleStoneplate,,,,,,,,,,,,,,,,,,,,,,,,,,,,,,,,,,,,,,,,,,,,,,,,,2.0,Shroud,,,,,,,,,,,,,,,1.0,,,,,,None,None,,,,,2.0,LocketOfTheIronSolari,,,3.0,Deathblade,UnstableConcoction,GuinsoosRageblade,,,,,,,,,,,,,2.0,RedBuff,InfinityEdge,,,,,,,,,
7,EUW1_5971274858,TFT6_Augment_CyberneticImplants2,TFT6_Augment_CyberneticUplink1,TFT7_Augment_CannoneerHotShot,,,,,1.0,,1.0,,1.0,1.0,,,,,,0.0,,1.0,,,1.0,,,,,1.0,,0.0,,,,,,,,,,,,,,,,,,,,,,,,,,,,,2.0,Bloodthirster,Deathblade,MadredsBloodrazor,,,,,,,,,2.0,RedBuff,Redemption,,,,,,,,,,,,,,,,,,,,,,,,,,,,,,,,,,,,,,,,,,,,,,,,,,,,,,,,,,2.0,NeedlesslyLargeRod,,,,,,,,,,,,,,,,,,,,,,,,,,,,,,,,,,,,,,,,,,,,,,,,,,,,,,,,,,,,,,,2.0,TearOfTheGoddess,,,,,,,,,,,,,,,,,,,,,,,,,,,1.0,,,,3.0,TrainerSnax,None,None,2.0,Shroud,ShimmerscaleGamblersBlade,,,,,,,,,,,,,,,,,,,,,,,,,,,,,,,,,
8,EUW1_5971274858,TFT6_Augment_CyberneticShell2,TFT6_Augment_SecondWind1,TFT7_Augment_GadgetExpert,,,1.0,,1.0,,1.0,,1.0,1.0,1.0,,,,,1.0,,1.0,0.0,,1.0,,,,,1.0,,,,,,,,,,,,,,,,,,,,,,,1.0,,,,2.0,RedBuff,,,2.0,MadredsBloodrazor,StatikkShiv,UnstableConcoction,,,,,,,,,1.0,WarmogsArmor,GargoyleStoneplate,GargoyleStoneplate,,,,,,,,,,,,,,,,,,,,,,,,,,,,,,,,,,,,,,,,,,,,,,,,,,,,,,,,,2.0,,,,,,,,,,,,,,,,,,,,,,,,,,,,,,,,,,,,,,,,,,,,,,,,,,,,,,,,,,,,,,,,1.0,,,,,,,,,,,,,,,,,,,,,,,,,,,,,,,,3.0,TrainerSnax,None,None,2.0,InfinityEdge,ShimmerscaleGamblersBlade,,,,,,,,,,,,,,,,,,,,,,,,,,,,,,,,,
3,EUW1_5971274858,TFT7_Augment_CavalierEmblem,TFT7_Augment_CavalierTrait,TFT7_Augment_FirstAidKit2,1.0,,,1.0,,4.0,1.0,0.0,,,1.0,,0.0,0.0,0.0,,0.0,,,,,,,,1.0,,0.0,3.0,,,,,,,,,,,,,,,,,,,,,,,,,,,,,,,,,,,,,,,,,,,,,,,,,2.0,CavalierEmblemItem,Bloodthirster,GuinsoosRageblade,,,,,,,,,,,,,2.0,WhispersEmblemItem,,,,,,,,,,,,,,,,,,,,,,,,,,,,,,,,,,,,,,,,,,,,,,,,,,,,,,,,,,,1.0,Shroud,,,1.0,JeweledGauntlet,Quicksilver,RapidFireCannon,2.0,FrozenHeart,RunaansHurricane,,,,,,2.0,,,,,,,,,,,,,,,,,,,,,,,,,,,,,,,,,,,,1.0,,,,,,,,,,,,,,,,,,,,,,None,None,,,,,,,,,,,,,,,,,,,,,,,,,2.0,CavalierEmblemItem,GuinsoosRageblade,UnstableConcoction,,,,,,,,
5,EUW1_5971274858,TFT7_Augment_BruiserTitanicStrength,TFT6_Augment_Weakspot,TFT7_Augment_BestFriends2,1.0,,,2.0,,,1.0,,,,1.0,,0.0,0.0,,,0.0,,0.0,,,,,,1.0,,1.0,2.0,,,,,,,,,,,,,,,,,,,,,,,,,,,,,,,,,,,,,,,,,,,,,,,,,1.0,MadredsBloodrazor,TitansResolve,RunaansHurricane,,,,,,,,,,,,,,,,,,,,,,,,,,,,,,,,,,,,,,,,,,,,,,,,,,,,,,,,,,,,,,,,,,,,,2.0,UnstableConcoction,InfinityEdge,Quicksilver,1.0,Chalice,,,,,,,2.0,StatikkShiv,,,,,,,,,,,,,,,,,,,2.0,RedBuff,,,,,,,,,,,,,,,,,,,,,,,2.0,RabadonsDeathcap,,,,,,,2.0,RunaansHurricane,,,,,,,,,,,,,None,None,,,,,,,,,,,,,,,,,,,,,,,,,,,,,,,,,,,,
6,EUW1_5971274858,TFT7_Augment_CannoneerHotShot,TFT6_Augment_TinyTitans,TFT7_Augment_DragonAlliance,,,1.0,1.0,,,2.0,,,1.0,1.0,,0.0,,,0.0,,,,,1.0,,,,2.0,,,1.0,,,,,,,,,1.0,InfinityEdge,JeweledGauntlet,SpearOfShojin,,,,,,,,,1.0,,,,,,,,,,,,,,,,,,,,2.0,GargoyleStoneplate,Shroud,,,,,,2.0,InfinityEdge,Quicksilver,ShimmerscaleGamblersBlade,,,,,,,,,,,,,,,,,,,,,,,,,,,,,,,,,,,,,,,,,,,,,,,,,,,,,,,,,,,,,,,,,,,,,,,,,2.0,GuardianEmblemItem,,,,,,,,,,,,,,,,,,,,,,,,,,,,,,,,,,,,,,,,,,,,,,,,,,,,,,,,,,,,,,,,,,,,,,,,,None,None,,,,,,,,,,,,,,,,,,,,,,,,,,,,,,,,,,,,
8,EUW1_5970862952,TFT6_Augment_SecondWind2,TFT6_Augment_Electrocharge1,TFT6_Augment_FirstAidKit,0.0,,,0.0,,0.0,,1.0,,,1.0,1.0,,,,,1.0,,,1.0,,,,0.0,,,0.0,,,,,,,,,,,,,,1.0,,,,,,,,,,,,,,,,,,,,,,,,,,,,,,,,,,,,,,,,,,,,,,,,,,,,1.0,,,,,,,,,,,,,,,,2.0,ThiefsGloves,NeedlesslyLargeRod,GuardianAngel,,,,,,,,,,,,,,,,,,,,,,,,,1.0,GargoyleStoneplate,WarmogsArmor,,,,,,,,,,,,,,,,,,,,,,,,,,,,,,,,,,,,,,,,,,1.0,,,,,,,,,,,,,,,,,,,,2.0,RecurveBow,,,,,,,,,,,2.0,,,,,,,,,,,,,,None,None,,,,,,,,,,,,,,,,,,,,,,,,,,,,,,,,,,,,
6,EUW1_5970862952,TFT6_Augment_Meditation2,TFT6_Augment_Weakspot,TFT6_Augment_Diversify1,,0.0,1.0,1.0,,,1.0,,,,2.0,,0.0,2.0,,1.0,,,,,,,,,2.0,0.0,,0.0,,,,,,,,,1.0,DragonsClaw,MageEmblemItem,SpearOfShojin,,,,,,,,,1.0,,,,,,,,,,,,,,,,,,,,,,,,,,,,,,,,,,,,,,,,,,,,,,,,2.0,,,,,,,,,,,,,,,,,,,,,,,,,,,,,,,,,,,,2.0,,,,,,,,,,,,,,,,,,,,1.0,TitanicHydra,Redemption,UnstableConcoction,,,,,,,,,2.0,,,,,,,,,,,,,,,,,,,,,,,,,,,,,,,,,,,,,,,,2.0,,,,,,,,,,,,,,,,,,,,,,None,None,,,,,,,,,,,,,,,,,,,,,,,,,,,,,,,,,,,,
3,EUW1_5970862952,TFT7_Augment_UrfsGrabBag1,TFT6_Augment_TinyTitans,TFT6_Augment_Diversify1,,,1.0,2.0,0.0,,1.0,,0.0,,1.0,,,1.0,,2.0,0.0,1.0,,,0.0,1.0,,,,1.0,0.0,2.0,,,,,,,,,,,,,,,,,,,,,1.0,,,,,,,,2.0,UnstableConcoction,GuinsoosRageblade,GuardianAngel,,,,,,,,,,,,,,,,,2.0,ThiefsGloves,Quicksilver,DragonsClaw,,,,,,,,,,,,,,,,,1.0,,,,,,,,,,,,,,,,,,,,,,,,,,,,,,,,2.0,ForceOfNature,NeedlesslyLargeRod,Redemption,,,,,,,,,,,,,,,,,,,,,,,,,,,,,,,,,,,,,,,,,,,,,,,,,2.0,RedBuff,Redemption,Redemption,,,,,,,,,,,,,,,,,,,,,2.0,ThiefsGloves,Redemption,LastWhisper,2.0,MysticEmblemItem,,,,,,,,,,,,,,,3.0,TrainerSnax,None,None,,,,,,,,,,,,,,,,,,,,,,,,,,,,,,,,,1.0,,,
5,EUW1_5970862952,TFT6_Augment_Meditation2,TFT6_Augment_Meditation1,TFT6_Augment_Weakspot,,1.0,,1.0,,,,,0.0,,1.0,,,2.0,,1.0,,,,,,,,,,1.0,,0.0,,,,,,,,,,,,,,,,,,,,,,,,,,,,,,,,,,,,,,,,,,,,,,,,,,,,,,,,,,,,,,,,,,,,,2.0,,,,2.0,DragonsClaw,,,,,,,,,,,,,,,,,,,,,,,,,,,2.0,,,,3.0,,,,,,,,,,,,,,,,,,,,,,,,,,,,,,,,2.0,HextechGunblade,SpearOfShojin,StatikkShiv,,,,,,,,,,,,,,,,,,,,,,,,,,,,,,,,,,,,,2.0,WarmogsArmor,GargoyleStoneplate,Redemption,,,,,,,,,,,,,,,,,3.0,TrainerSnax,None,None,,,,,,,,,,,,,2.0,,,,,,,,,,,,,,,,,,,,,,,
4,EUW1_5970862952,TFT6_Augment_HyperRoll,TFT6_Augment_Recombobulator,TFT6_Augment_ThrillOfTheHunt1,1.0,,,1.0,,0.0,1.0,,,,1.0,,0.0,,,,1.0,,,,,,,1.0,1.0,,0.0,1.0,,,,,,,,,,,,,,,,,,,,,,,,,,,,,,,,,,,,,,,,,,,,,,,,,2.0,Bloodthirster,GuinsoosRageblade,ArchangelsStaff,,,,,2.0,,,,,,,,2.0,,,,,,,,,,,,,,,,,,,,,,,,,,,,,,,,,,,,,,,,,,,,,,,,,,,,,,,,,,,,1.0,,,,,,,,2.0,,,,,,,,,,,,,,,,,,,,1.0,,,,,,,,,,,,,,,,,,,,,,,,,,,,,,,,2.0,UnstableConcoction,MadredsBloodrazor,InfinityEdge,,,,,,,,,,,None,None,,,,,,,,,,,,,,,,,,,,,2.0,MadredsBloodrazor,GuinsoosRageblade,Quicksilver,,,,,,,,,,,,
7,EUW1_5970862952,TFT7_Augment_BestFriends2,TFT6_Augment_Weakspot,TFT6_Augment_SecondWind1,,,,,1.0,,1.0,,1.0,1.0,,,,,,0.0,,1.0,0.0,,1.0,,,,,1.0,,,,,,,,,,,,,,,,,,,,,,,,,,,2.0,,,,1.0,GuinsoosRageblade,MadredsBloodrazor,UnstableConcoction,,,,,,,,,2.0,BrambleVest,FrozenHeart,RedBuff,,,,,,,,,,,,,,,,,,,,,,,,,,,,,,,,,,,,,,,,,,,,,,,,,,,,,,,,,2.0,,,,,,,,,,,,,,,,,,,,,,,,,,,,,,,,,,,,,,,,,,,,,,,,,,,,,,,,,,,,,,,,2.0,ShimmerscaleHeartOfGold,StatikkShiv,,,,,,,,,,,,,,,,,,,,,,,,,,,,,,2.0,TrainerSnax,None,None,2.0,,,,,,,,,,,,,,,,,,,,,,,,,,,,,,,,,,,
2,EUW1_5970862952,TFT6_Augment_PortableForge,TFT6_Augment_SecondWind1,TFT6_Augment_CelestialBlessing1,1.0,,,,,,1.0,0.0,,,,2.0,,,,0.0,0.0,,,2.0,,,1.0,,,,,1.0,,,,,,,,,,,,,,,,,,,,,,,,,,,,,,,,,,,,,,,,,,,,,2.0,Bloodthirster,DragonsClaw,AssassinEmblemItem,,,,,3.0,OrnnZhonyasParadox,GuinsoosRageblade,MadredsBloodrazor,,,,,2.0,ThiefsGloves,Quicksilver,RabadonsDeathcap,,,,,,,,,,,,,,,,,,,,,,,,,,,,,,,,,,,,,,,,,,,,,2.0,GargoyleStoneplate,IonicSpark,RedBuff,,,,,,,,,,,,,,,,,1.0,ThiefsGloves,RecurveBow,MadredsBloodrazor,,,,,,,,,,,,,,,,,,,,,,,,,,,,,,,,,,,,,1.0,RapidFireCannon,,,2.0,GiantsBelt,TitansResolve,,,,,,,,,,,,,,,,,,,,,,,,None,None,,,,,,,,,,,,,,,,,,,,,,,,,,,,,,,,,,,,
1,EUW1_5970862952,TFT7_Augment_GadgetExpert,TFT6_Augment_Meditation1,TFT7_Augment_MysticTrait,,,,1.0,,,1.0,0.0,1.0,,,,0.0,1.0,,1.0,,0.0,,,0.0,1.0,,,2.0,1.0,,0.0,,,,,,,,,1.0,SpearOfShojin,ArchangelsStaff,ArchangelsStaff,,,,,,,,,,,,,,,,,,,,,,,,,,,,,,,,,,,,,,,,,,,,,,,,,,,,,,,,,2.0,,,,,,,,,,,,,,,,,,,,,,,,,,,,,,,,2.0,,,,,,,,,,,,,,,,,,,,,,,,2.0,Zephyr,,,,,,,,,,,,,,,,,,,,,,,,,,,,,,,,,,,,,,,3.0,StatikkShiv,GuinsoosRageblade,Morellonomicon,,,,,,,,,2.0,GargoyleStoneplate,Redemption,DragonsClaw,,,,,,,,,,,,,,,,,3.0,TrainerSnax,None,None,,,,,,,,,,,,,,,,,,,,,,,,,,,,,,,,,1.0,DragonmancerEmblemItem,Quicksilver,StatikkShiv
3,EUW1_5971072710,TFT7_Augment_UrfsGrabBag2,TFT6_Augment_LudensEcho1,TFT6_Augment_WindfallPlusPlus,,0.0,1.0,1.0,,,1.0,,0.0,,1.0,,0.0,2.0,,2.0,,,,,0.0,1.0,,,2.0,1.0,,0.0,,,,,,,,,1.0,SpearOfShojin,MageEmblemItem,MadredsBloodrazor,,,,,,,,,2.0,Chalice,ZekesHerald,MageEmblemItem,,,,,,,,,,,,,,,,,,,,,,,,,,,,,,,,,,,,,,,,,,,,,2.0,Zephyr,,,,,,,,,,,,,,,,,,,,,,,,,,,,,,,1.0,,,,2.0,,,,,,,,,,,,,,,,,,,,2.0,GargoyleStoneplate,DragonsClaw,,,,,,,,,,,,,,,,,,,,,,,,,,,,,,,,,,,,,,,,,,,,,,,,,,2.0,ThiefsGloves,Bloodthirster,DragonsClaw,,,,,,,,,,,,,,,,,4.0,TrainerSnax,None,None,,,,,,,,,,,,,,,,,,,,,,,,,,,,,,,,,2.0,StatikkShiv,Quicksilver,
6,EUW1_5971072710,TFT6_Augment_Featherweights3,TFT6_Augment_TinyTitans,TFT6_Augment_HighEndShopping,,0.0,,,,,1.0,0.0,,,,1.0,,,,,1.0,,,3.0,,,1.0,,,,,0.0,,,,,,,,,,,,,,,,,,,,,,,,,,,,,,,,,,,,,,,,,,,,,,,,,,,,,2.0,,,,,,,,2.0,,,,,,,,,,,,,,,,,,,,,,,,,,,,,,,,,,,,,,,,,,,,,,,,2.0,,,,3.0,RapidFireCannon,MadredsBloodrazor,GuinsoosRageblade,,,,,,,,,,,,,,,,,,,,,,,,,,,,,,,,,,,,,,,,,1.0,BrambleVest,MadredsBloodrazor,JeweledGauntlet,,,,,,,,,1.0,,,,2.0,Chalice,ZekesHerald,,,,,,,,,,,,,,,,,,,,,,,,None,None,,,,,,,,,,,,,,,,,,,,,,,,,,,,,,,,,,,,
4,EUW1_5971072710,TFT6_Augment_BinaryAirdrop,TFT6_Augment_TinyTitans,TFT7_Augment_ThinkFast,0.0,,1.0,1.0,,0.0,1.0,,,,3.0,,0.0,,,0.0,2.0,,,0.0,,,,1.0,0.0,,0.0,,,,,,,,,,,,,,,,,,,,,,2.0,FrozenHeart,,,,,,,,,,,,,,,,,,,,,,,,,,,,,,,,,,,,,,,,,,,2.0,,,,,,,,,,,,,,,,,,,,,,,,,,,,,,,,,,,,,,,,,,,,,,,,,,,,,,,,,,,,2.0,WarmogsArmor,NeedlesslyLargeRod,ZekesHerald,,,,,,,,,,,,,,,,,,,,,,,,,2.0,Redemption,GargoyleStoneplate,BrambleVest,2.0,FrozenHeart,,,,,,,,,,,,,,,,,,,,,,,,,,,2.0,Shroud,FrozenHeart,HextechGunblade,,,,,,,,,,,None,None,,,,,2.0,,,,,,,,,,,,,,,,2.0,Deathblade,GuinsoosRageblade,Bloodthirster,,,,,,,,,,,,
7,EUW1_5971072710,TFT6_Augment_CyberneticUplink3,TFT6_Augment_CyberneticShell1,TFT6_Augment_RadiantRelics,,0.0,1.0,1.0,,,1.0,,,,2.0,,,2.0,,1.0,,,,,0.0,1.0,,,,,,2.0,,,,,,,,,,,,,,,,,,,,,1.0,,,,,,,,,,,,,,,,,,,,,,,,,,,,2.0,IonicSpark,DragonsClaw,Shroud,,,,,,,,,,,,,,,,,,,,,,,,,,,,,,,,,,,,,,,,,,,,,,,,,,,,,3.0,SpearOfShojin,,,,,,,,,,,,,,,,,,,,,,,,,,,,,,,2.0,SpearOfShojin,HextechGunbladeRadiant,UnstableConcoction,,,,,,,,,,,,,,,,,,,,,,,,,,,,,,,,,,,,,1.0,NeedlesslyLargeRod,,,,,,,,,,,,,,,,,,,,,None,None,,,,,,,,,,,,,2.0,,,,,,,,,,,,,,,,,,,,1.0,StatikkShiv,,
8,EUW1_5971072710,TFT6_Augment_LudensEcho3,TFT7_Augment_BestFriends1,TFT7_Augment_MageEmblem2,,0.0,,1.0,,,,,1.0,0.0,1.0,,,2.0,,1.0,,0.0,,,,,,,,1.0,,1.0,,,,,,,,,,,,,,,,,,,,,,,,,,,,,,,,,,,,,,,,,,,,,,,,,,,,,,,,,,,,,,,,,,,,,2.0,,,,2.0,MageEmblemItem,TitanicHydra,GiantsBelt,,,,,,,,,,,,,,,,,,,,,,,,,1.0,,,,2.0,,,,,,,,,,,,,,,,,,,,,,,,,,,,,,,,2.0,HextechGunblade,SpearOfShojin,StatikkShiv,,,,,,,,,,,,,,,,,,,,,,,,,1.0,,,,,,,,,,,,2.0,IonicSpark,BrambleVest,RedBuff,,,,,,,,,,,,,1.0,,,,2.0,TrainerSnax,None,None,,,,,,,,,,,,,,,,,,,,,,,,,,,,,,,,,,,,
5,EUW1_5971072710,TFT6_Augment_CyberneticShell3,TFT7_Augment_CannoneerTrait,TFT6_Augment_BandOfThieves2,0.0,,1.0,,3.0,,1.0,,1.0,1.0,1.0,,,,,1.0,,2.0,,,1.0,,,,,1.0,,1.0,,,,,,,,,,,,,,,,,,,,,2.0,ThiefsGloves,RedBuff,GargoyleStoneplate,,,,,2.0,UnstableConcoction,GuinsoosRageblade,ShimmerscaleDiamondHands,,,,,,,,,2.0,WarmogsArmor,GargoyleStoneplate,DragonsClaw,,,,,,,,,,,,,,,,,,,,,,,,,,,,,,,,,2.0,NegatronCloak,,,,,,,,,,,,,,,,,,,,,,,2.0,LocketOfTheIronSolari,,,,,,,,,,,,,,,,,,,,,,,,,,,1.0,ForceOfNature,,,,,,,,,,,,,,,,,,,,,,,,,,,,,,,,,,,2.0,Chalice,,,,,,,,,,,,,,,,,,,,,,,,,,,1.0,,,,2.0,TrainerSnax,None,None,2.0,ThiefsGloves,Chalice,PowerGauntlet,,,,,,,,,,,,,,,,,,,,,,,,,,,,,,,,
1,EUW1_5971072710,TFT6_Augment_MaxLevel10,TFT6_Augment_TinyTitans,TFT6_Augment_Diversify3,,,1.0,,1.0,,1.0,0.0,1.0,0.0,1.0,0.0,,,0.0,1.0,,1.0,,,1.0,,1.0,,,1.0,0.0,,,,,,,,,,,,,,,,,,,,,,2.0,TearOfTheGoddess,,,,,,,2.0,GuinsoosRageblade,MadredsBloodrazor,HextechGunblade,,,,,,,,,2.0,TitanicHydra,RedBuff,,,,,,,,,,,,,,,,,,,,,,,,,,,,,,,,,,,,,,,,,,,,,,,,,,,,,,,,,,2.0,,,,,,,,,,,,,,,,,,,,,,,,,,,,,,,,,,,,,,,,,,,,,,,,,,,,,,,,,,,,,,,,2.0,,,,2.0,LocketOfTheIronSolari,,,,,,,,,,,,,,,,,,,,,,,,,,,4.0,TrainerSnax,None,None,2.0,,,,,,,,,,,,,,,,,,,,,,,,2.0,SeraphsEmbrace,ShimmerscaleDiamondHands,MadredsBloodrazor,,,,,,,,
2,EUW1_5971072710,TFT7_Augment_UrfsGrabBag2,TFT6_Augment_TinyTitans,TFT6_Augment_CelestialBlessing3,3.0,,,2.0,,,,,,,,,0.0,0.0,,,0.0,,1.0,,0.0,,,,1.0,,1.0,1.0,,,,,,,,,,,,,,,,,,,,,,,,,,,,,,,,,2.0,InfinityEdge,IonicSpark,ZekesHerald,,,,,,,,,,,,,,,,,,,,,,,,,,,,,,,,,,,,,,,,,,,,,,,,,3.0,InfinityEdge,LocketOfTheIronSolari,Bloodthirster,,,,,,,,,,,,,,,,,,,,,,,,,,,,,,,,,3.0,InfinityEdge,AssassinEmblemItem,UnstableConcoction,2.0,AssassinEmblemItem,NegatronCloak,,1.0,,,,2.0,,,,,,,,,,,,,,,,,,,,2.0,RedBuff,TitanicHydra,,,,,,,,,,,,,,,,,,,,,,2.0,,,,,,,,,,,,,,,,,,,,,,None,None,,,,,,,,,,,,,,,,,,,,,,,,,,,,,,,,,,,,
8,EUW1_5971422595,TFT7_Augment_SwiftshotEmblem2,TFT6_Augment_Electrocharge1,TFT6_Augment_CyberneticImplants3,,1.0,1.0,2.0,,,1.0,,,,1.0,,,0.0,,0.0,,,,,,,,1.0,,,,2.0,,,,,,,,,,,,,,,,,,,,,1.0,SparringGloves,,,,,,,,,,,,,,,,,,,,,,,,,,,1.0,SwiftshotEmblemItem,,,,,,,,,,,,,,,,,,,,,,,3.0,GargoyleStoneplate,WarmogsArmor,,,,,,,,,,,,,,,,,,,,,,,,,,,,,,,,,,,,,,,,,,,,,,,,,,,,,,,,,,,,,,,,,,,,,,,,,,,,,,,,,,,,,,2.0,,,,,,,,,,,,,,,,2.0,,,,,,,,,,,,,,,,,,,,,,None,None,,,,,,,,,3.0,GuinsoosRageblade,InfinityEdge,RunaansHurricane,,,,,,,,,,,,,,,,,,,,,,,,
1,EUW1_5971422595,TFT6_Augment_SlowAndSteady,TFT6_Augment_PandorasItems,TFT7_Augment_ShapeshifterTrait2,,,,1.0,,,1.0,,,1.0,,1.0,,0.0,,,,,,2.0,,,1.0,,,,,3.0,,,,,,,,,,,,,,,,,,,,,,,,,,,,,,,,,,,,,,,,,,,,,,,,,2.0,Bloodthirster,Quicksilver,RunaansHurricane,3.0,GuinsoosRageblade,Quicksilver,Bloodthirster,,,,,2.0,,,,,,,,,,,,,,,,,,,,,,,,,,,,,,,,,,,,,,,,,,,,,,,,3.0,ZekesHerald,GuardianEmblemItem,BrambleVest,,,,,,,,,,,,,,,,,,,,,,,,,,,,,,,,,,,,,,,,,,,,,,,,,,,,,,,,,1.0,,,,,,,,2.0,,,,,,,,,,,,,,,,3.0,RedBuff,BrambleVest,,,,None,None,,,,,,,,,,,,,,,,,,,,,,,,,,,,,,,,,,,,
5,EUW1_5971422595,TFT7_Augment_MirageEmblem2,TFT7_Augment_BestFriends1,TFT7_Augment_CavalierEmblem2,,,,,,3.0,1.0,0.0,,0.0,1.0,,,,4.0,,0.0,,,,,,,,,,1.0,,,,,,,,,,,,,,,,,,,,,,,,,,,,,,,,,,,,,,2.0,JeweledGauntlet,InfinityEdge,JeweledGauntlet,,,,,,,,,,,,,,,,,,,,,,,,,2.0,MirageEmblemItem,,,,,,,,,,,,,,,,,,,,,,,,,,,2.0,,,,,,,,,,,,,,,,,,,,,,,,2.0,WarmogsArmor,BrambleVest,RedBuff,,,,,,,,,,,,,,,,,,,,,1.0,ChainVest,Shroud,,,,,,,,,,,,,,,,,,,,,,,,,,,,,,,,,,,,,,,,,,,,,,,,,,,,,,,,None,None,,,,,,,,,,,,,,,,,,,,,,,,,2.0,FrozenHeart,CavalierEmblemItem,UnstableConcoction,2.0,,,,,,,
6,EUW1_5971422595,TFT6_Augment_SlowAndSteady,TFT6_Augment_PandorasItems,TFT6_Augment_RadiantRelics,0.0,,,0.0,,1.0,1.0,0.0,,0.0,,,0.0,,3.0,,0.0,,,,,,,,1.0,,0.0,,,,,,,,,,,,,,,,,,,,,,,,,,,,,,,,,,,,,,2.0,MadredsBloodrazor,ArchangelsStaff,HextechGunblade,,,,,,,,,,,,,,,,,,,,,,,,,1.0,,,,,,,,,,,,,,,,,,,,,,,,,,,,1.0,,,,,,,,,,,,,,,,,,,,,,,,3.0,RedBuff,Zephyr,,,,,,2.0,TrapClawRadiant,,,,,,,2.0,,,,,,,,,,,,,,,,,,,,,,,,,,,,,,,,,,,,,,,,,,,,,,,,,,,,,,,,,,,,,,,,,,None,None,,,,,,,,,,,,,,,,,,,,,,,,,1.0,ZekesHerald,UnstableConcoction,RedBuff,,,,,,,,
2,EUW1_5971422595,TFT7_Augment_AssassinEmblem2,TFT6_Augment_SecondWind1,TFT6_Augment_VerdantVeil,3.0,,1.0,1.0,,,1.0,,,,2.0,,0.0,,,0.0,0.0,,0.0,,0.0,,,,1.0,,,2.0,,,,,,,,,,,,,,,,,,,,,1.0,,,,,,,,,,,,2.0,FrozenHeart,LastWhisper,ArchangelsStaff,,,,,,,,,,,,,2.0,AssassinEmblemItem,InfinityEdge,Bloodthirster,,,,,,,,,,,,,,,,,,,,,,,,,,,,,,,,,1.0,,,,,,,,,,,,,,,,,,,,,,,,,,,,,,,,,,,,,,,,2.0,WarmogsArmor,,,2.0,ArchangelsStaff,IonicSpark,LocketOfTheIronSolari,2.0,FrozenHeart,,,,,,,,,,,,,,,,,,,,,,,,,,,,,,,,,,,,,,,,,,,,,,,,,,,2.0,ThiefsGloves,ZekesHerald,ZekesHerald,,,,,,,,,,,None,None,,,,,,,,,,,,,,,,,,,,,,,,,,,,,,,,,,,,
3,EUW1_5971422595,TFT6_Augment_ForceOfNature,TFT6_Augment_Electrocharge1,TFT6_Augment_GrandGambler,1.0,,,1.0,,1.0,,,,,3.0,,0.0,,,,1.0,,,,,,,1.0,1.0,,0.0,,,,,,,,,,,,,,,,,,,,,,,,,,,,,,,,,,,,,,,,,,,,,,,,,,,,,,,,,,,,,,,,,,2.0,,,,,,,,,,,,,,,,,,,,,,,,,,,,,,,,,,,,,,,,,,,,,,,,,,,,,,,,,,,,1.0,GargoyleStoneplate,LastWhisper,,,,,,2.0,,,,,,,,2.0,,,,,,,,,,,,2.0,,,,,,,,,,,,,,,,,,,,,,,,,,,,,,,,2.0,UnstableConcoction,UnstableConcoction,,,,,,,,,,,,None,None,,,,,2.0,BFSword,StatikkShiv,,,,,,,,,,,,,,3.0,MadredsBloodrazor,Quicksilver,GuinsoosRageblade,,,,,,,,,,,,
7,EUW1_5971422595,TFT6_Augment_SlowAndSteady,TFT6_Augment_PandorasItems,TFT6_Augment_Meditation3,,,,1.0,,,,,2.0,,1.0,0.0,0.0,2.0,,0.0,,0.0,,,0.0,1.0,,,0.0,1.0,,0.0,,,,,2.0,MageEmblemItem,,,,,,,,,,,,,,,,,,,,,,,,,,,,,,,,,,,,,,,,,,,,,,,,,,,,,,,,,,,,,,,2.0,,,,,,,,,,,,,,,,,,,,,,,,,,,,,,,,2.0,,,,,,,,,,,,,,,,,,,,,,,,2.0,,,,,,,,,,,,2.0,MadredsBloodrazor,EvokerEmblemItem,HextechGunblade,,,,,,,,,,,,,,,,,,,,,,,,,2.0,,,,,,,,,,,,2.0,GargoyleStoneplate,RedBuff,,,,,,,,,,,,,,,,,,2.0,TrainerSnax,None,None,,,,,,,,,,,,,,,,,,,,,,,,,,,,,,,,,1.0,,,
4,EUW1_5971422595,TFT7_Augment_CannoneerEmblem2,TFT7_Augment_BruiserTrait,TFT6_Augment_CyberneticImplants3,,,,2.0,3.0,,,,1.0,,,,0.0,0.0,,1.0,,3.0,,,,,,,0.0,1.0,,0.0,,,,,,,,,,,,,,,,,,,,,,,,,,,,,2.0,UnstableConcoction,Deathblade,RunaansHurricane,,,,,,,,,,,,,,,,,,,,,,,,,,,,,,,,,,,,,,,,,,,,,2.0,MysticEmblemItem,,,,,,,,,,,,,,,,,,,,,,,2.0,CannoneerEmblemItem,,,,,,,,,,,,,,,,,,,,,,,1.0,RedBuff,,,,,,,,,,,,,,,,,,,,,,,,,,,,,,,,,,,,,,,2.0,TitanicHydra,,,,,,,,,,,1.0,,,,2.0,GargoyleStoneplate,RedBuff,IonicSpark,,,,,,,,,,,,,3.0,TrainerSnax,None,None,2.0,NegatronCloak,,,,,,,,,,,,,,,,,,,,,,,,,,,,,,,,,,
7,EUW1_5971522444,TFT6_Augment_Distancing2,TFT6_Augment_Diversify1,TFT7_Augment_WarriorEmblem,0.0,,,2.0,,,1.0,0.0,,,1.0,,0.0,,0.0,,0.0,,0.0,,,,,,0.0,,2.0,1.0,,,,,,,,,,,,,,,,,,,,,,,,,,,,,,,,,,,,,,,,,,,,,,,,,2.0,WarriorEmblemItem,Quicksilver,GuinsoosRageblade,,,,,,,,,,,,,,,,,,,,,,,,,,,,,,,,,,,,,,,,,,,,,,,,,,,,,,,,,,,,,,,,,,,,,2.0,RapidFireCannon,UnstableConcoction,Deathblade,1.0,,,,,,,,,,,,,,,,,,,,,,,,,,,,2.0,,,,,,,,,,,,,,,,,,,,,,,,,,,,,,,,1.0,,,,,,,,,,,,,,None,None,,,,,,,,,,,,,,,,,,,,,,,,,1.0,SeraphsEmbrace,RedBuff,,,,,,,,,
3,EUW1_5971522444,TFT7_Augment_GuildEmblem,TFT6_Augment_Weakspot,TFT6_Augment_CyberneticImplants2,1.0,,,1.0,,1.0,,,,,4.0,,0.0,,,,1.0,,,,,,,1.0,1.0,,0.0,,,,,,,,,,,,,,,,,,,,,,,,,,,,,,,,,,,,,,,,,,,,,,,,,,,,,,,,,,,,,,,,,,2.0,ThiefsGloves,TitansResolve,MadredsBloodrazor,,,,,,,,,,,,,,,,,,,,,,,,,,,,,,,,,,,,,,,,,,,,,,,,,,,,,,,,,2.0,NegatronCloak,DragonsClaw,,,,,,2.0,RabadonsDeathcap,,,,,,,2.0,,,,,,,,,,,,2.0,TearOfTheGoddess,,,,,,,,,,,,,,,,,,,,,,,,,,,,,,,2.0,RedBuff,MadredsBloodrazor,,,,,,,,,,,,None,None,,,,,2.0,ZekesHerald,,,,,,,,,,,,,,,2.0,GuildEmblemItem,Quicksilver,GuinsoosRageblade,,,,,,,,,,,,
5,EUW1_5971522444,TFT7_Augment_UrfsGrabBag1,TFT6_Augment_FirstAidKit,TFT6_Augment_Ascension,,0.0,,1.0,,,1.0,,0.0,,1.0,,,2.0,,1.0,,,,,0.0,1.0,,,,1.0,,2.0,,,,,,,,,,,,,,,,,,,,,,,,,,,,,,,,,,,,,,,,,,,,,,,,,2.0,Quicksilver,,,,,,,,,,,,,,,,,,,2.0,,,,,,,,,,,,,,,,,,,,,,,,,,,,,,,,2.0,MageEmblemItem,TearOfTheGoddess,,2.0,,,,,,,,,,,,,,,,,,,,,,,,,,,,,,,,2.0,JeweledGauntlet,MadredsBloodrazor,GuinsoosRageblade,,,,,,,,,,,,,,,,,,,,,,,,,,,,,,,,,,,,,2.0,BrambleVest,RedBuff,WarmogsArmor,,,,,,,,,,,,,,,,,4.0,TrainerSnax,None,None,,,,,,,,,,,,,,,,,,,,,,,,,,,,,,,,,2.0,TitansResolve,,
1,EUW1_5971522444,TFT6_Augment_SunfireBoard,TFT6_Augment_SecondWind1,TFT6_Augment_PortableForge,,2.0,,1.0,,,1.0,,1.0,,,,,2.0,,1.0,,,,,0.0,1.0,,,,1.0,,0.0,,,,,,,,,,,,,,,,,1.0,SpearOfShojin,ArchangelsStaff,HextechGunblade,,,,,,,,,,,,,,,,,,,,,,,,,,,,,,,,,,,,,,,,,,,,,,,,,1.0,,,,3.0,DragonsClaw,OrnnEternalWinter,GargoyleStoneplate,,,,,,,,,,,,,,,,,,,,,,,,,2.0,,,,3.0,StatikkShiv,StatikkShiv,,,,,,,,,,,,,,,,,,,,,,,,,,,,,,,,,,,,,,,,,,,,,,,,,,,,,,,,,,,,,,,,,,,,,,2.0,IonicSpark,GiantsBelt,,,,,,,,,,,,,,,,,,2.0,TrainerSnax,None,None,,,,,,,,,,,,,2.0,,,,,,,,,,,,,,,,,,,,2.0,ArchangelsStaff,Quicksilver,
6,EUW1_5971522444,TFT7_Augment_CannoneerHotShot,TFT6_Augment_TinyTitans,TFT6_Augment_FuturePeepers,,,1.0,,1.0,,1.0,,1.0,1.0,1.0,,,,0.0,2.0,,1.0,,,1.0,,,,,1.0,,,,,,,,,,,,,,,,,,,,,,,1.0,,,,,,,,2.0,UnstableConcoction,MadredsBloodrazor,MadredsBloodrazor,,,,,,,,,2.0,Redemption,GargoyleStoneplate,ShimmerscaleHeartOfGold,,,,,,,,,,,,,,,,,,,,,,,,,,,,,,,,,,,,,,,,,,,,,,,,,2.0,MysticEmblemItem,TitanicHydra,,,,,,2.0,,,,,,,,,,,,,,,,,,,,,,,,,,,,,,,,,,,,,,,,,,,,,,,,,,,,,,,,,,,,,,,,2.0,Morellonomicon,Zephyr,SpearOfShojin,,,,,,,,,,,,,,,,,,,,,,,,,,,,,2.0,TrainerSnax,None,None,1.0,,,,,,,,,,,,,,,,,,,,,,,,,,,,,,,,,,,
2,EUW1_5971522444,TFT6_Augment_CyberneticImplants2,TFT6_Augment_SecondWind1,TFT7_Augment_CavalierEmblem,1.0,,1.0,1.0,,1.0,,0.0,,,3.0,,0.0,,0.0,0.0,1.0,,,,,,,1.0,1.0,,1.0,,,,,,,,,,,,,,,,,,,,,,1.0,,,,,,,,,,,,,,,,,,,,,,,,,,,,,,,,,,,,,,,,,,,,2.0,ThiefsGloves,StatikkShiv,SpearOfShojin,,,,,,,,,,,,,,,,,,,,,,,,,,,,,,,,,,,,,,,,,,,,,,,,,,,,,,,,,2.0,Shroud,,,,,,,1.0,NeedlesslyLargeRod,,,,,,,,,,,,,,,,,,,2.0,SpearOfShojin,,,,,,,,,,,,,,,,,,,,,,,,,,,,,,,2.0,FrozenHeart,LastWhisper,,,,,,,,,,,,None,None,,,,,2.0,NeedlesslyLargeRod,,,,,,,,,,,,,,,2.0,GuinsoosRageblade,RunaansHurricane,LastWhisper,2.0,JeweledGauntlet,CavalierEmblemItem,UnstableConcoction,,,,,,,,
8,EUW1_5971522444,TFT6_Augment_Meditation2,TFT7_Augment_AxiomArc1,TFT6_Augment_CelestialBlessing2,1.0,,1.0,1.0,,,0.0,,,,1.0,,,0.0,,0.0,,,,,,,,,1.0,,,1.0,,,,,,,,,1.0,SpearOfShojin,ArchangelsStaff,,,,,,,,,,1.0,,,,,,,,,,,,,,,,,,,,,,,,,,,,2.0,TitansResolve,AssassinEmblemItem,GuinsoosRageblade,,,,,,,,,,,,,,,,,,,,,,,,,,,,,,,,,,,,,,,,,,,,,,,,,,,,,,,,,,,,,,,,,,,,,,,,,,,,,,,,,1.0,,,,,,,,,,,,,,,,,,,,,,,,,,,,,,,,,,,,,,,,,,,,2.0,RedBuff,GargoyleStoneplate,,,,,,,,,,,,,,,,,,,,None,None,,,,,,,,,,,,,,,,,,,,,,,,,,,,,,,,,,,,
4,EUW1_5971522444,TFT6_Augment_ThrillOfTheHunt2,TFT6_Augment_TriForce1,TFT6_Augment_TargetDummies,1.0,0.0,,1.0,,0.0,,,,,3.0,,0.0,,,,0.0,,,,,,,1.0,1.0,,0.0,,,,,,,,,,,,,,,,,,,,,,,,,,,,,,,,,,,,,,,,,,,,,,,,,,,,,,,,,,,,,,,,,,,,,,,,,,3.0,Morellonomicon,Redemption,,,,,,,,,,,,,,,,,,,,,,,,,,,,,,,,,,,,,,,,,,,,,,,,,,1.0,RapidFireCannon,SpearOfShojin,,,,,,2.0,,,,,,,,2.0,,,,,,,,,,,,2.0,TearOfTheGoddess,,,,,,,,,,,,,,,,,,,,,,,,,,,,,,,1.0,,,,,,,,,,,,,,None,None,,,,,2.0,,,,3.0,RunaansHurricane,GuinsoosRageblade,Deathblade,,,,,,,,,,,,,,,,,,,,,,,,
4,EUW1_5971469294,TFT7_Augment_DragonmancerEmblem,TFT6_Augment_PortableForge,TFT6_Augment_CyberneticShell2,,,,0.0,,,1.0,2.0,,,,0.0,0.0,,0.0,,2.0,,,1.0,,,,1.0,1.0,,0.0,,,,,,,,,,,,,,2.0,,,,,,,,,,,,,,,,,,,,,,,,,,,,,,,,,,,,,,,,,,,,,,,,,,,,,,,,,,,,,,,,,,,,,,,,,,,,2.0,GiantsBelt,,,,,,,,,,,,,,,,,,,,,,,,,,,,,,,,,,,1.0,ForceOfNature,,,,,,,,,,,,,,,,,,,,,,,1.0,ChainVest,,,,,,,2.0,RedBuff,OrnnEternalWinter,DragonmancerEmblemItem,,,,,,,,,,,,,2.0,GuinsoosRageblade,MadredsBloodrazor,Quicksilver,,,,,,,,,,,,,,,,,,,,,,,None,None,,,,,,,,,,,,,,,,,,,,,2.0,LastWhisper,,,1.0,,,,,,,,,,,
2,EUW1_5971469294,TFT6_Augment_CyberneticImplants2,TFT7_Augment_BestFriends2,TFT7_Augment_SwiftshotPressTheAttack,,1.0,,1.0,,,,,0.0,,1.0,,,1.0,,1.0,,,,,0.0,1.0,,1.0,,1.0,,0.0,,,,,,,,,,,,,,,,,,,,,,,,,,,,,,,,,,,,,,,,,,,,,,,,,,,,,,,,,,,,,,,,,,,,,2.0,,,,3.0,GargoyleStoneplate,RedBuff,,,,,,,,,,,,,,,,,,,,,,,,,,2.0,,,,3.0,NeedlesslyLargeRod,JeweledGauntlet,,,,,,,,,,,,,,,,,,,,,,,,,,,,,,,,,,,,,,,,,,,,,,,,,,,,,,,,,,,,,,,,,,,,,,2.0,ForceOfNature,,,,,,,,,,,,,,,,,,,3.0,TrainerSnax,None,None,,,,,2.0,RunaansHurricane,,,3.0,GuinsoosRageblade,RunaansHurricane,Quicksilver,,,,,,,,,,,,,,,,,,,,,1.0,PowerGauntlet,,
5,EUW1_5971469294,TFT7_Augment_EvokerEssenceTheft,TFT7_Augment_GadgetExpert,TFT6_Augment_ComponentGrabBag,,,,1.0,2.0,,,,1.0,,,,,1.0,,0.0,,3.0,,,,,,,,2.0,,0.0,,,,,,,,,,,,,,,,,,,,,,,,,,,,,2.0,InfinityEdge,MadredsBloodrazor,,,,,,,,,,,,,,,,,,,,,,,,,,,,,,,,,,,,,,1.0,,,,,,,,2.0,,,,,,,,,,,,,,,,,,,,,,,,1.0,,,,,,,,,,,,,,,,,,,,,,,,,,,,,,,,,,,,,,,,,,,,,,,,,,,,,,,,,,,,,,,,2.0,SpearOfShojin,MageEmblemItem,,,,,,,,,,2.0,,,,2.0,RedBuff,GargoyleStoneplate,WarmogsArmor,,,,,,,,,,,,,3.0,TrainerSnax,None,None,2.0,StatikkShiv,StatikkShiv,ZekesHerald,,,,,,,,,,,,,,,,,,,,,,,,,,,,,,,,
1,EUW1_5971469294,TFT7_Augment_ScalescornEmblem,TFT7_Augment_AssassinEmblem,TFT6_Augment_PortableForge,3.0,,,1.0,,,,0.0,,0.0,1.0,0.0,0.0,,0.0,,0.0,,2.0,,0.0,,1.0,,1.0,,1.0,,,,,,,,,,,,,,,,,,,,,,,,,,2.0,RedBuff,,,,,,,2.0,FrozenHeart,,,,,,,,,,,,,,,,,,,,,,,,,,,,,,,,,,,,,,,,,,,,,,,,,,,2.0,,,,,,,,,,,,,,,,,,,,,,,,,,,,,,,,,,,,3.0,RunaansHurricane,AssassinEmblemItem,InfinityEdge,1.0,,,,,,,,2.0,OrnnRanduinsSanctum,Chalice,ZekesHerald,,,,,,,,,,,,,,,,,,,,,,,,,,,,,,,,,1.0,RecurveBow,Shroud,,,,,,,,,,,,,,1.0,RunaansHurricane,,,,,,,,,,,,,None,None,,,,,,,,,,,,,,,,,,,,,,,,,1.0,AssassinEmblemItem,ScalescornEmblemItem,,,,,,,,,
3,EUW1_5971469294,TFT6_Augment_CyberneticUplink2,TFT6_Augment_SecondWind2,TFT6_Augment_ComponentGrabBag,,0.0,,1.0,,,1.0,,0.0,,,,0.0,2.0,,1.0,,,,,0.0,1.0,,,2.0,1.0,,0.0,,,,,,,,,2.0,SpearOfShojin,MageEmblemItem,JeweledGauntlet,,,,,,,,,,,,,,,,,,,,,,,,,,,,,,,,,,,,,,,,,,,,,,,,,,,,,,,,,1.0,,,,,,,,,,,,,,,,,,,,,,,,,,,,,,,,2.0,ZekesHerald,,,3.0,NeedlesslyLargeRod,,,,,,,,,,,,,,,,,,,1.0,TitanicHydra,FrozenHeart,,,,,,,,,,,,,,,,,,,,,,,,,,,,,,,,,,,,,,,,,,,,,,,,,,2.0,TitanicHydra,TitansResolve,Zephyr,,,,,,,,,,,,,,,,,2.0,TrainerSnax,None,None,,,,,,,,,,,,,,,,,,,,,,,,,,,,,,,,,2.0,Quicksilver,,
6,EUW1_5971469294,TFT7_Augment_BestFriends2,TFT6_Augment_Electrocharge2,TFT7_Augment_UrfsGrabBag1,1.0,,,1.0,,1.0,,,,,3.0,,0.0,,,,1.0,,,,,,,1.0,1.0,,0.0,,,,,,,,,,,,,,,,,,,,,,,,,,,,,,,,,,,,,,,,,,,,,,,,,,,,,,,,,,,,,,,,,,2.0,SeraphsEmbrace,,,,,,,,,,,,,,,,,,,,,,,,,,,,,,,,,,,,,,,,,,,,,,,,,,,,,,,,,,,2.0,,,,,,,,2.0,,,,,,,,2.0,,,,,,,,,,,,2.0,,,,,,,,,,,,,,,,,,,,,,,,,,,,,,,,2.0,FrozenHeart,RunaansHurricane,,,,,,,,,,,,None,None,,,,,1.0,ForceOfNature,RecurveBow,,,,,,,,,,,,,,2.0,Quicksilver,MadredsBloodrazor,GuinsoosRageblade,,,,,,,,,,,,
8,EUW1_5971469294,TFT6_Augment_SecondWind2,TFT6_Augment_SalvageBin,TFT7_Augment_RagewingTantrum,0.0,,,0.0,,1.0,,,,,2.0,,,,,,1.0,,,,,,,1.0,0.0,,0.0,,,,,,,,,,,,,,,,,,,,,,,,,,,,,,,,,,,,,,,,,,,,,,,,,,,,,,,,,,,,,,,,,,1.0,,,,,,,,,,,,,,,,,,,,,,,,,,,,,,,,,,,,,,,,,,,,,,,,,,,,,,,,,,,,,,,,,,,,1.0,FrozenHeart,,,,,,,1.0,,,,,,,,,,,,1.0,,,,,,,,,,,,,,,,,,,,,,,,,,,,,,,,,,,,,,,,,,,,,,None,None,,,,,2.0,,,,,,,,,,,,,,,,1.0,MadredsBloodrazor,GuinsoosRageblade,,,,,,,,,,,,,
7,EUW1_5971469294,TFT7_Augment_MirageEmblem,TFT6_Augment_JeweledLotus,TFT6_Augment_TomeOfTraits1,,,,,,3.0,1.0,0.0,,,1.0,,,,3.0,,0.0,,,,,,,,,,0.0,,,,,,,,,,,,,,,,,,,,,,,,,,,,,,,,,,,,,,2.0,ArchangelsStaff,Quicksilver,InfinityEdge,,,,,,,,,,,,,,,,,,,,,,,,,1.0,MirageEmblemItem,,,,,,,,,,,,,,,,,,,,,,,,,,,,,,,,,,,,,,,,,,,,,,,,,,,2.0,ThiefsGloves,TearOfTheGoddess,SpearOfShojin,,,,,,,,,,,,,,,,,,,,,2.0,,,,,,,,,,,,,,,,,,,,,,,,,,,,,,,,,,,,,,,,,,,,,,,,,,,,,,,,,,None,None,,,,,,,,,,,,,,,,,,,,,,,,,,,,,2.0,DragonmancerEmblemItem,CavalierEmblemItem,,,,,
1,EUW1_5971295948,TFT7_Augment_MageConference,TFT6_Augment_Meditation3,TFT6_Augment_SecondWind2,,1.0,,1.0,,0.0,,,,,1.0,,,3.0,,0.0,,,0.0,,0.0,1.0,,,,0.0,,0.0,,,,,,,,,,,,,,,,,,,,,,,,,,,,,,,,,,,,,,,,,,,,,,,,,,,,,,,,,,,,,,,,,,,,,3.0,,,,3.0,Redemption,MageEmblemItem,IonicSpark,,,,,,,,,,,,,,,,,,,,,3.0,,,,,,,,3.0,SpearOfShojin,PowerGauntlet,InfinityEdge,,,,,,,,,,,,,,,,,,,,,,,,,,,,,3.0,,,,,,,,,,,,,,,,,,,,,,,,,,,,,,,,,,,,,,,,3.0,RedBuff,GargoyleStoneplate,Redemption,,,,,,,,,,,,,,,,,,,None,None,,,,,,,,,,,,,3.0,,,,,,,,,,,,,,,,,,,,1.0,,,
2,EUW1_5971295948,TFT6_Augment_CalculatedLoss,TFT6_Augment_CelestialBlessing3,TFT7_Augment_CannoneerEmblem,,,1.0,,2.0,,1.0,0.0,1.0,0.0,1.0,,,,0.0,1.0,,1.0,,,1.0,,,,,1.0,0.0,,,,,,,,,,,,,,,,,,,,,,2.0,,,,,,,,2.0,Deathblade,ShimmerscaleGamblersBlade,GuinsoosRageblade,,,,,,,,,2.0,RedBuff,GargoyleStoneplate,WarmogsArmor,,,,,,,,,,,,,,,,,,,,,,,,,,,,,,,,,,,,,,,,,,,,,,,,,,,,,,,,,2.0,PowerGauntlet,,,,,,,,,,,,,,,,,,,,,,,,,,,,,,,,,,,,,,,,,,,,,,,,,,,,,,,,,,,,,,,2.0,GuinsoosRageblade,StatikkShiv,,,,,,,,,,,,,,,,,,,,,,,,,,,,,,3.0,TrainerSnax,None,None,2.0,,,,,,,,,,,,,,,,,,,,,,,,1.0,FrozenHeart,CannoneerEmblemItem,GargoyleStoneplate,,,,,,,,
7,EUW1_5971295948,TFT7_Augment_Preparation2,TFT6_Augment_CelestialBlessing3,TFT6_Augment_Ascension,0.0,,,0.0,,2.0,,,,0.0,1.0,,,0.0,0.0,,,,2.0,,,,,,,,0.0,,,,,,,,,,,,,,,,,,,,,,,,,,3.0,,,,,,,,3.0,StatikkShiv,ZekesHerald,ArchangelsStaff,,,,,,,,,,,,,,,,,,,,,,,,,,,,,,,,,,,,,,,,,,,,,,,,,,,,,,,,,,,,,2.0,TitansResolve,MadredsBloodrazor,ArchangelsStaff,,,,,,,,,,,,,,,,,2.0,WarmogsArmor,,,1.0,,,,,,,,,,,,,,,,,,,,2.0,,,,,,,,,,,,,,,,,,,,,,,,,,,,,,,,,,,,,,,,,,,,,,,,,,,,,,,,,,None,None,,,,,,,,,,,,,,,,,,,,,,,,,,,,,,,,,,,,
4,EUW1_5971295948,TFT6_Augment_CyberneticUplink2,TFT7_Augment_ThinkFast,TFT6_Augment_Distancing2,,,,0.0,,,1.0,,,2.0,,0.0,,,2.0,,0.0,,0.0,,,,,,,,1.0,0.0,,,,,,,,,,,,,,,,,,,,,,,,,2.0,,,,,,,,,,,,1.0,RabadonsDeathcap,Morellonomicon,,,,,,,,,,,,,,,,,,,,,,,,,,,,,,,,,,,,,,,,,,,,,,,,,,,,,,3.0,GargoyleStoneplate,,,,,,,,,,,,,,,,,,,,,,,,,,,,,,,,,,,,,,,,,,,,,,,,,,,,,,,,,,,2.0,,,,,,,,,,,,,,,,,,,,,,,,,,,,,,,,,,,,3.0,FrozenHeart,,,3.0,SeraphsEmbrace,,,,,None,None,,,,,,,,,,,,,,,,,,,,,,,,,,,,,3.0,Quicksilver,RapidFireCannon,UnstableConcoction,,,,
6,EUW1_5971295948,TFT6_Augment_Ascension,TFT7_Augment_BestFriends3,TFT6_Augment_TargetDummies,1.0,,,1.0,,1.0,,,,,3.0,,0.0,,,,1.0,,,,,,,1.0,1.0,,0.0,,,,,,,,,,,,,,,,,,,,,,,,,,,,,,,,,,,,,,,,,,,,,,,,,,,,,,,,,,,,,,,,,,1.0,,,,,,,,,,,,,,,,,,,,,,,,,,,,,,,,,,,,,,,,,,,,,,,,,,,,,,,,,,,,2.0,RedBuff,DragonsClaw,,,,,,2.0,,,,,,,,2.0,,,,,,,,,,,,2.0,,,,,,,,,,,,,,,,,,,,,,,,,,,,,,,,1.0,InfinityEdge,FrozenHeart,,,,,,,,,,,,None,None,,,,,1.0,ZekesHerald,,,,,,,,,,,,,,,1.0,Quicksilver,GuinsoosRageblade,,,,,,,,,,,,,
3,EUW1_5971295948,TFT7_Augment_RagewingTantrum,TFT6_Augment_LudensEcho3,TFT7_Augment_BestFriends2,1.0,,,1.0,,1.0,,,,,3.0,,0.0,,,,1.0,,,,,,,1.0,1.0,,0.0,,,,,,,,,,,,,,,,,,,,,,,,,,,,,,,,,,,,,,,,,,,,,,,,,,,,,,,,,,,,,,,,,,2.0,StatikkShiv,RabadonsDeathcap,MadredsBloodrazor,,,,,,,,,,,,,,,,,,,,,,,,,,,,,,,,,,,,,,,,,,,,,,,,,,,,,,,,,2.0,,,,,,,,2.0,,,,,,,,2.0,,,,,,,,,,,,2.0,,,,,,,,,,,,,,,,,,,,,,,,,,,,,,,,2.0,FrozenHeart,GiantsBelt,RedBuff,,,,,,,,,,,None,None,,,,,2.0,,,,,,,,,,,,,,,,2.0,Quicksilver,GuinsoosRageblade,MadredsBloodrazor,,,,,,,,,,,,
5,EUW1_5971295948,TFT6_Augment_TradeSector,TFT7_Augment_ThinkFast,TFT6_Augment_PortableForge,,1.0,1.0,1.0,,,,,0.0,,2.0,,,1.0,,2.0,,,,,,,,1.0,,1.0,,0.0,,,,,,,,,,,,,,,,,,,,,1.0,,,,,,,,,,,,,,,,,,,,,,,,,,,,,,,,,,,,,,,,,,,,,,,,2.0,,,,3.0,Redemption,Morellonomicon,OrnnAnimaVisage,,,,,,,,,,,,,,,,,,,,,,,,,2.0,,,,3.0,,,,,,,,,,,,,,,,,,,,,,,,,,,,,,,,,,,,,,,,,,,,,,,,,,,,,,,,,,,,,,,,,,,,,,,,2.0,Redemption,Quicksilver,IonicSpark,,,,,,,,,,,,,,,,,2.0,TrainerSnax,None,None,,,,,1.0,,,,3.0,InfinityEdge,GuinsoosRageblade,MadredsBloodrazor,,,,,,,,,,,,,,,,,,,,,,,,
8,EUW1_5971295948,TFT7_Augment_GadgetExpert,TFT6_Augment_HighEndShopping,TFT7_Augment_UrfsGrabBag1,1.0,,,1.0,,1.0,,,,,3.0,,0.0,,,,1.0,,,,,,,1.0,1.0,,0.0,,,,,,,,,,,,,,,,,,,,,,,,,,,,,,,,,,,,,,,,,,,,,,,,,,,,,,,,,,,,,,,,,,2.0,ThiefsGloves,NegatronCloak,StatikkShiv,,,,,,,,,,,,,,,,,,,,,,,,,,,,,,,,,,,,,,,,,,,,,,,,,,,,,,,,,2.0,LocketOfTheIronSolari,,,,,,,1.0,,,,,,,,2.0,,,,,,,,,,,,2.0,,,,,,,,,,,,,,,,,,,,,,,,,,,,,,,,2.0,FrozenHeart,InfinityEdge,,,,,,,,,,,,None,None,,,,,2.0,,,,,,,,,,,,,,,,2.0,StatikkShiv,GuinsoosRageblade,,,,,,,,,,,,,
6,EUW1_5971307772,TFT6_Augment_TradeSector,TFT6_Augment_ForceOfNature,TFT6_Augment_Distancing2,,,,1.0,1.0,,,,1.0,,,,,1.0,,0.0,,2.0,,,0.0,1.0,,,,2.0,,0.0,,,,,,,,,,,,,,,,,,,,,,,,,,,,,2.0,GuinsoosRageblade,InfinityEdge,LastWhisper,,,,,,,,,,,,,,,,,,,,,,,,,,,,,,,,,,,,,2.0,,,,,,,,,,,,,,,,,,,,,,,,,,,,,,,,2.0,Shroud,,,,,,,,,,,,,,,,,,,,,,,,,,,,,,,,,,,,,,,,,,,,,,,,,,,,,,,,,,,,,,,2.0,,,,,,,,,,,,2.0,GiantsBelt,,,2.0,Zephyr,,,,,,,,,,,,,,,4.0,TrainerSnax,None,None,2.0,InfinityEdge,,,,,,,,,,,,,,,,,,,,,,,,,,,,,,,1.0,,,
3,EUW1_5971307772,TFT6_Augment_CyberneticShell2,TFT6_Augment_ItemGrabBag2,TFT7_Augment_GadgetExpert,0.0,,1.0,1.0,,,1.0,,0.0,,2.0,,0.0,1.0,,1.0,,,,,,,,,2.0,1.0,,0.0,,,,,,,,,1.0,RabadonsDeathcap,JeweledGauntlet,MadredsBloodrazor,,,,,,,,,2.0,StatikkShiv,,,,,,,,,,,,,,,,,,,,,,,,,,,,,,,,,,,,,,,,,,,,,,,2.0,,,,,,,,,,,,,,,,,,,,,,,,,,,,,,,,2.0,TearOfTheGoddess,,,,,,,,,,,,,,,,,,,,,,,1.0,Redemption,WarmogsArmor,,,,,,,,,,,,,,,,,,,,,,,,,,,,,,,,,,,,,,,,,,,,,,,,,,2.0,BrambleVest,WarmogsArmor,RedBuff,,,,,2.0,LocketOfTheIronSolari,MageEmblemItem,HextechGunblade,,,,,,,,,4.0,TrainerSnax,None,None,,,,,,,,,,,,,,,,,,,,,,,,,,,,,,,,,,,,
8,EUW1_5971307772,TFT7_Augment_RagewingTantrum,TFT7_Augment_CavalierForAllUnits,TFT7_Augment_BestFriends2,0.0,,,1.0,,2.0,,,,,2.0,,0.0,,0.0,,1.0,,,,,,,1.0,1.0,,0.0,,,,,,,,,,,,,,,,,,,,,,,,,,,,,,,,,,,,,,,,,,,,,,,,,,,,,,,,,,,,,,,,,,1.0,,,,,,,,,,,,,,,,,,,,,,,,,,,,,,,,,,,,,,,,,,,,,,,,,,,,2.0,DragonsClaw,RedBuff,WarmogsArmor,,,,,1.0,SparringGloves,,,,,,,1.0,FrozenHeart,,,,,,,1.0,,,,,,,,,,,,1.0,,,,,,,,,,,,,,,,,,,,,,,,,,,,,,,,,,,,,,,,,,,,,,None,None,,,,,1.0,,,,,,,,,,,,,,,,1.0,InfinityEdge,Quicksilver,MadredsBloodrazor,,,,,,,,,,,,
4,EUW1_5971307772,TFT6_Augment_TomeOfTraits1,TFT7_Augment_UrfsGrabBag2,TFT7_Augment_AssassinCutthroat,3.0,,,1.0,,0.0,,,,1.0,1.0,,0.0,,,,0.0,,2.0,,0.0,,,,1.0,,0.0,0.0,,,,,,,,,,,,,,,,,,,,,,,,,2.0,WarmogsArmor,,,,,,,2.0,UnstableConcoction,CavalierEmblemItem,FrozenHeart,,,,,,,,,,,,,,,,,,,,,,,,,,,,,,,,,,,,,,,,,,,,,,,,,2.0,,,,,,,,,,,,,,,,,,,,,,,,,,,,,,,,,,,,3.0,InfinityEdge,AssassinEmblemItem,RunaansHurricane,2.0,Morellonomicon,,,,,,,2.0,Chalice,,,,,,,,,,,,,,,,,,,,,,,,,,,,,,,,,,,,,,,,,,,,,,,,,,,2.0,ScalescornEmblemItem,RunaansHurricane,,,,,,1.0,AssassinEmblemItem,,,,,None,None,,,,,,,,,,,,,,,,,,,,,,,,,,,,,,,,,,,,
1,EUW1_5971307772,TFT6_Augment_Twins2,TFT6_Augment_CelestialBlessing3,TFT7_Augment_UrfsGrabBag1,,0.0,,2.0,,0.0,1.0,,,,1.0,,0.0,0.0,,,,,,,,,,1.0,1.0,,,2.0,,,,,,,,,,,,,,,,,,,,,,,,,,,,,,,,,,,,,,,,,,,,,,,,,2.0,FrozenHeart,TitansResolve,RedBuff,,,,,,,,,,,,,,,,,,,,,3.0,RedBuff,,,,,,,,,,,,,,,,,,,,,,,,,,,,,,,,,,,,,,,,,,,,,,,,,,,1.0,CavalierEmblemItem,,,,,,,,,,,,,,,,,,,,,,,,,,,,,,,,,,,,,,,,,,,,,,,,,,,2.0,,,,,,,,,,,,,,,,,,,,,,None,None,,,,,2.0,,,,2.0,Quicksilver,SpearOfShojin,TempestEmblemItem,,,,,,,,,,,,,,,,,,,,,,,,
7,EUW1_5971307772,TFT7_Augment_CannoneerRicochet,TFT6_Augment_HighEndShopping,TFT6_Augment_MakeshiftArmor2,,1.0,,1.0,1.0,,1.0,,1.0,,,,0.0,,,0.0,,1.0,,,,,,,0.0,1.0,,,,,,,,,,,,,,,,,,,2.0,ThiefsGloves,Bloodthirster,HextechGunblade,,,,,,,,,2.0,MadredsBloodrazor,GuinsoosRageblade,GuardianAngel,,,,,,,,,,,,,,,,,,,,,,,,,,,,,,,,,,,,,,,,,2.0,,,,,,,,,,,,,,,,,,,,,,,,,,,,1.0,,,,,,,,,,,,,,,,,,,,,,,,1.0,GargoyleStoneplate,WarmogsArmor,,,,,,,,,,,,,,,,,,,,,,,,,,,,,,,,,,,,,,2.0,,,,,,,,,,,,,,,,,,,,,,,,,,,,,,,,2.0,TrainerSnax,None,None,2.0,,,,,,,,,,,,,,,,,,,,,,,,,,,,,,,,,,,
5,EUW1_5971307772,TFT7_Augment_CannoneerHotShot,TFT7_Augment_RevelEmblem2,TFT6_Augment_CyberneticImplants2,0.0,,,1.0,1.0,,1.0,,1.0,,,,0.0,,,0.0,,2.0,,,,,,,1.0,1.0,,1.0,,,,,,,,,,,,,,,,,,,,,,,,,,,,,2.0,GuinsoosRageblade,MadredsBloodrazor,InfinityEdge,,,,,,,,,,,,,,,,,2.0,WarmogsArmor,GargoyleStoneplate,,,,,,,,,,,,,,,,,,,,,,,,,,,,,,,,,,,,,,,,,,,,,,,,,,2.0,,,,,,,,,,,,,,,,,,,,,,,,2.0,GiantsBelt,,,,,,,1.0,FrozenHeart,RedBuff,IonicSpark,,,,,,,,,,,,,,,,,,,,,,,,,,,,,1.0,SpearOfShojin,,,,,,,,,,,,,,,,,,,,,,,,,,,,,,,4.0,TrainerSnax,None,None,2.0,RevelEmblemItem,StatikkShiv,,,,,,,,,,,,,,,,,,,,,,,,,,,,,,,,,
2,EUW1_5971307772,TFT7_Augment_ClutteredMind,TFT6_Augment_BandOfThieves2,TFT6_Augment_CyberneticShell2,1.0,,,1.0,,1.0,,,,,3.0,,0.0,,,,1.0,,,,,,,1.0,1.0,,0.0,,,,,,,,,,,,,,,,,,,,,,,,,,,,,,,,,,,,,,,,,,,,,,,,,,,,,,,,,,,,,,,,,,2.0,ThiefsGloves,RedBuff,GargoyleStoneplate,,,,,,,,,,,,,,,,,,,,,,,,,,,,,,,,,,,,,,,,,,,,,,,,,,,,,,,,,2.0,GargoyleStoneplate,RedBuff,,,,,,2.0,MadredsBloodrazor,RedBuff,,,,,,2.0,LocketOfTheIronSolari,,,,,,,,,,,2.0,Redemption,,,,,,,,,,,,,,,,,,,,,,,,,,,,,,,2.0,ThiefsGloves,BFSword,Bloodthirster,,,,,,,,,,,None,None,,,,,2.0,ZekesHerald,,,,,,,,,,,,,,,2.0,MadredsBloodrazor,GuinsoosRageblade,MadredsBloodrazor,,,,,,,,,,,,
5,EUW1_5971960298,TFT6_Augment_CyberneticShell1,TFT6_Augment_CyberneticImplants1,TFT6_Augment_CyberneticImplants2,,,1.0,,,,1.0,0.0,1.0,,1.0,2.0,0.0,,0.0,2.0,,0.0,,1.0,,,,,,0.0,0.0,,,,,,2.0,Morellonomicon,,,,,,,,,,,,,,,1.0,SeraphsEmbrace,PowerGauntlet,,,,,,,,,,,,,,,,,,,,,,2.0,Bloodthirster,TitansResolve,MadredsBloodrazor,,,,,,,,,,,,,2.0,InfinityEdge,,,,,,,,,,,,,,,,,,,,,,,,,,,,,,,,,,,,,,,1.0,,,,,,,,2.0,TearOfTheGoddess,,,,,,,,,,,,,,,,,,,,,,,,,,,,,,,,,,,,,,,,,,,,,,,,,,,,,,,2.0,ThiefsGloves,BFSword,Bloodthirster,,,,,,,,,,,,,,,,,,,,,,,,,,,,,,,None,None,,,,,,,,,,,,,,,,,,,,,,,,,1.0,,,,,,,,,,,
3,EUW1_5971960298,TFT7_Augment_CannoneerTrait,TFT6_Augment_SecondWind1,TFT7_Augment_GadgetExpert,,,1.0,,2.0,,1.0,,1.0,1.0,1.0,,,,,1.0,,1.0,,,1.0,,,,,1.0,,0.0,,,,,,,,,,,,,,,,,,,,,1.0,,,,,,,,2.0,GuinsoosRageblade,StatikkShiv,HextechGunblade,,,,,,,,,2.0,GargoyleStoneplate,WarmogsArmor,ShimmerscaleDiamondHands,,,,,,,,,,,,,,,,,,,,,,,,,,,,,,,,,,,,,,,,,,,,,,,,,,,,,,,,,2.0,BrambleVest,,,,,,,,,,,,,,,,,,,,,,,,,,,,,,,,,,,,,,,,,,,,,,,,,,,,,,,,,,,,,,,1.0,Morellonomicon,StatikkShiv,GuardianAngel,,,,,,,,,,,,,,,,,,,,,,,,,2.0,ThiefsGloves,GuinsoosRageblade,Quicksilver,3.0,TrainerSnax,None,None,2.0,,,,,,,,,,,,,,,,,,,,,,,,,,,,,,,,,,,
4,EUW1_5971960298,TFT6_Augment_TinyTitans,TFT6_Augment_PandorasItems,TFT6_Augment_Ascension,2.0,,,1.0,,,1.0,0.0,,,1.0,0.0,0.0,,0.0,,,,,,,,1.0,,1.0,,0.0,2.0,,,,,,,,,,,,,,,,,,,,,,,,,,,,,,,,,,,,,,,,,,,,,,,,,2.0,GuinsoosRageblade,UnstableConcoction,Quicksilver,,,,,,,,,,,,,,,,,,,,,,,,,,,,,,,,,,,,,,,,,,,,,,,,,,,,,,,,,,,,,,,,,,,,,,,,,2.0,RedBuff,,,1.0,,,,2.0,,,,,,,,,,,,,,,,,,,,,,,,,,,,,,,,,,,,1.0,,,,,,,,,,,,,,,,2.0,InfinityEdge,RecurveBow,MadredsBloodrazor,,,,,,,,,,,None,None,,,,,,,,,,,,,,,,,,,,,,,,,2.0,InfinityEdge,AssassinEmblemItem,,,,,,,,,
8,EUW1_5971960298,TFT7_Augment_MageTrait,TFT6_Augment_LudensEcho1,TFT6_Augment_JeweledLotus,,1.0,,2.0,,,,,,,1.0,,0.0,2.0,,0.0,,,,,0.0,1.0,,,0.0,,,0.0,,,,,,,,,,,,,,,,,,,,,,,,,,,,,,,,,,,,,,,,,,,,,,,,,,,,,,,,,,,,,,,,,,,,,,,,,2.0,PowerGauntlet,,,,,,,,,,,,,,,,,,,,,,,,,,,,,,,3.0,,,,,,,,,,,,,,,,,,,,2.0,,,,,,,,,,,,2.0,,,,,,,,,,,,,,,,,,,,,,,,3.0,GargoyleStoneplate,GargoyleStoneplate,IonicSpark,,,,,,,,,,,,,2.0,,,,,,,,,,,,,,,,,,,,,,None,None,,,,,,,,,,,,,3.0,MadredsBloodrazor,Bloodthirster,ArchangelsStaff,,,,,,,,,,,,,,,,,1.0,ZekesHerald,,
7,EUW1_5971960298,TFT6_Augment_ThrillOfTheHunt1,TFT6_Augment_Diversify1,TFT7_Augment_UrfsGrabBag1,,,,,,2.0,1.0,0.0,,1.0,1.0,,,,4.0,,0.0,,,,,,,,,,1.0,,,,,,,,,,,,,,,,,,,,,,,,,,,,,,,,,,,,,,2.0,ArchangelsStaff,SpearOfShojin,HextechGunblade,,,,,,,,,,,,,,,,,,,,,,,,,2.0,GuardianEmblemItem,MirageEmblemItem,SpearOfShojin,,,,,,,,,,,,,,,,,,,,,,,,,2.0,,,,,,,,,,,,,,,,,,,,,,,,1.0,IonicSpark,WarmogsArmor,,,,,,,,,,,,,,,,,,,,,,2.0,Zephyr,,,,,,,,,,,,,,,,,,,,,,,,,,,,,,,,,,,,,,,,,,,,,,,,,,,,,,,,,None,None,,,,,,,,,,,,,,,,,,,,,,,,,1.0,,,,2.0,,,,,,,
1,EUW1_5971960298,TFT6_Augment_MakeshiftArmor1,TFT6_Augment_Distancing,TFT6_Augment_SecondWind2,,,1.0,,1.0,,1.0,,1.0,1.0,1.0,,,,,1.0,,1.0,,,1.0,,,,,1.0,,0.0,,,,,,,,,,,,,,,,,,,,,1.0,NegatronCloak,,,,,,,3.0,UnstableConcoction,GuinsoosRageblade,InfinityEdge,,,,,,,,,2.0,WarmogsArmor,GargoyleStoneplate,ShimmerscaleDiamondHands,,,,,,,,,,,,,,,,,,,,,,,,,,,,,,,,,,,,,,,,,,,,,,,,,,,,,,,,,2.0,Chalice,TitansResolve,,,,,,,,,,,,,,,,,,,,,,,,,,,,,,,,,,,,,,,,,,,,,,,,,,,,,,,,,,,,,,2.0,HextechGunblade,WarmogsArmor,,,,,,,,,,,,,,,,,,,,,,,,,,2.0,,,,4.0,TrainerSnax,None,None,2.0,,,,,,,,,,,,,,,,,,,,,,,,,,,,,,,,,,,
6,EUW1_5971960298,TFT7_Augment_BestFriends1,TFT6_Augment_ThrillOfTheHunt1,TFT6_Augment_JeweledLotus,,,,,,2.0,1.0,0.0,,,1.0,,,,3.0,,0.0,,,,,,,,,,1.0,,,,,,,,,,,,,,,,,,,,,,,,,,,,,,,,,,,,,,2.0,GuinsoosRageblade,StatikkShiv,ArchangelsStaff,,,,,,,,,,,,,,,,,,,,,,,,,2.0,,,,,,,,,,,,,,,,,,,,,,,,,,,,,,,,,,,,,,,,,,,,,,,,,,,,2.0,WarmogsArmor,,,,,,,,,,,,,,,,,,,,,,,2.0,,,,,,,,,,,,,,,,,,,,,,,,,,,,,,,,,,,,,,,,,,,,,,,,,,,,,,,,,,None,None,,,,,,,,,,,,,,,,,,,,,,,,,1.0,RecurveBow,GuardianAngel,Bloodthirster,1.0,,,,,,,
2,EUW1_5971960298,TFT6_Augment_Meditation1,TFT7_Augment_MysticTrait,TFT6_Augment_BlueBattery2,,0.0,,1.0,,,1.0,,0.0,,1.0,,0.0,2.0,,2.0,,,,,0.0,1.0,,,2.0,1.0,,0.0,,,,,,,,,1.0,,,,,,,,,,,,,,,,,,,,,,,,,,,,,,,,,,,,,,,,,,,,,,,,,,,,,,,,,,,,2.0,,,,,,,,,,,,,,,,,,,,,,,,,,,,,,,,2.0,Chalice,,,3.0,,,,,,,,,,,,,,,,,,,,2.0,ThiefsGloves,MadredsBloodrazor,RapidFireCannon,,,,,,,,,2.0,,,,,,,,,,,,,,,,,,,,,,,,,,,,,,,,,,,,,,,,2.0,WarmogsArmor,RedBuff,GargoyleStoneplate,,,,,,,,,,,,,,,,,4.0,TrainerSnax,None,None,,,,,,,,,,,,,,,,,,,,,,,,,,,,,,,,,1.0,WarmogsArmor,GuinsoosRageblade,IonicSpark
1,EUW1_5971263507,TFT6_Augment_ClearMind,TFT7_Augment_UrfsGrabBag1,TFT6_Augment_SalvageBin,3.0,,1.0,1.0,,,1.0,0.0,,,2.0,,0.0,,0.0,0.0,,,0.0,,,,,,1.0,,0.0,2.0,,,,,,,,,,,,,,,,,,,,,1.0,,,,,,,,,,,,2.0,ThiefsGloves,,,,,,,,,,,,,,,2.0,AssassinEmblemItem,TitansResolve,InfinityEdge,,,,,,,,,,,,,,,,,,,,,,,,,,,,,,,,,,,,,,,,,,,,,,,,,,,,,,,,,,,,,,,,,,,,,,,,,2.0,Morellonomicon,,,2.0,IonicSpark,RabadonsDeathcap,,2.0,FrozenHeart,,,,,,,,,,,,,,,,,,,,,,,,,,,,,,,,,,,,,,,,,,,,,,,,,,,2.0,PowerGauntlet,,,,,,,,,,,,,None,None,,,,,,,,,,,,,,,,,,,,,,,,,2.0,AssassinEmblemItem,TitansResolve,,,,,,,,,
5,EUW1_5971263507,TFT7_Augment_ShimmerscaleTrait,TFT6_Augment_ComponentGrabBag,TFT6_Augment_Ascension,,,1.0,0.0,,,1.0,0.0,0.0,0.0,2.0,0.0,,1.0,0.0,1.0,,,,,2.0,1.0,1.0,,,0.0,0.0,0.0,,,,,,,,,,,,,,,,,,,,,1.0,TearOfTheGoddess,,,,,,,,,,,,,,,,,,,2.0,BrambleVest,ShimmerscaleMogulsMail,ArchangelsStaff,,,,,,,,,,,,,,,,,,,,,,,,,,,,,,,,,,,,,,,,,,,,,,,,,,,,,,,,,2.0,ZekesHerald,,,,,,,,,,,,,,,,,,,,,,,,,,,,,,,,,,,2.0,HextechGunblade,,,,,,,,,,,,,,,,,,,,,,,,,,,,,,,2.0,BrambleVest,ShimmerscaleHeartOfGold,,,,,,2.0,TitanicHydra,,,,,,,,,,,,,,,,,,,,,None,None,,,,,,,,,,,,,,,,,,,,,,,,,1.0,FrozenHeart,,,,,,,2.0,Quicksilver,UnstableConcoction,MadredsBloodrazor
7,EUW1_5971263507,TFT7_Augment_GuildEmblem,TFT6_Augment_SunfireBoard,TFT6_Augment_TomeOfTraits1,0.0,,,1.0,,1.0,,,,,5.0,,0.0,,,,1.0,,,,,,,1.0,0.0,,1.0,,,,,,,,,,,,,,,,,,,,,,,,,,,,,,,,,,,,,,,,,,,,,,,,,,,,,,,,,,,,,,,,,,2.0,GuildEmblemItem,,,,,,,,,,,,,,,,,,,,,,,,,,,,,,,,,,,,,,,,,,,,,,,,,,,,,,,,,,,2.0,GargoyleStoneplate,Redemption,LocketOfTheIronSolari,,,,,,,,,,,,,1.0,,,,,,,,,,,,2.0,,,,,,,,,,,,,,,,,,,,,,,,,,,,,,,,1.0,WarriorEmblemItem,Bloodthirster,,,,,,,,,,,,None,None,,,,,2.0,,,,,,,,,,,,,,,,2.0,GuildEmblemItem,InfinityEdge,Deathblade,,,,,,,,,,,,
3,EUW1_5971263507,TFT7_Augment_ShimmerscaleTrait,TFT7_Augment_DragonHorde,TFT6_Augment_CyberneticImplants2,,,1.0,0.0,,,2.0,0.0,,0.0,1.0,,,0.0,0.0,0.0,,,,,2.0,1.0,,,1.0,,0.0,1.0,,,,,,,,,2.0,ShimmerscaleHeartOfGold,JeweledGauntlet,InfinityEdge,,,,,,,,,1.0,Zephyr,,,,,,,,,,,,,,,,,,,2.0,WarmogsArmor,GargoyleStoneplate,ShimmerscaleMogulsMail,,,,,2.0,GuinsoosRageblade,HextechGunblade,UnstableConcoction,,,,,,,,,,,,,,,,,,,,,,,,,,,,,,,,,,,,,,,,,,,,,,,,,,,,,,,,,,,,,,,,,,,,,,,,,,,,,,,,,,,,,,,,,,,,,,,,,,,,,,,,,,,,,,,,,,,,,,,,,,,,,,,,,,,,,,,,,,,,,,,,,,,None,None,,,,,,,,,,,,,,,,,,,,,,,,,1.0,ZekesHerald,,,,,,,2.0,,,
8,EUW1_5971263507,TFT6_Augment_TrueTwos,TFT7_Augment_MikaelsGift,TFT6_Augment_ComponentGrabBag,,,,,1.0,,1.0,,1.0,1.0,,0.0,,,,0.0,,1.0,0.0,,1.0,,1.0,,,1.0,,,,,,,,,,,,,,,,,,,,,,,,,,,1.0,,,,2.0,StatikkShiv,NegatronCloak,InfinityEdge,,,,,,,,,2.0,ShimmerscaleMogulsMail,GargoyleStoneplate,WarmogsArmor,,,,,,,,,,,,,,,,,,,,,,,,,,,,,,,,,,,,,,,,,,,,,,,,,,,,,,,,,1.0,,,,,,,,,,,,,,,,,,,,,,,,,,,,,,,,,,,,,,,,,,,,,,,,,,,,,,,,,,,,,,,,1.0,Morellonomicon,,,1.0,GiantsBelt,,,,,,,,,,,,,,,,,,,,,,,,,,,2.0,TrainerSnax,None,None,1.0,LocketOfTheIronSolari,,,,,,,,,,,,,,,,,,,,,,,,,,,,,,,,,,
6,EUW1_5971263507,TFT7_Augment_SwiftshotEmblem,TFT6_Augment_ComponentGrabBag,TFT7_Augment_SwiftshotPressTheAttack,,1.0,,2.0,,,1.0,,,,1.0,,,0.0,,,,,,,,,,2.0,0.0,,,2.0,,,,,,,,,,,,,,,,,,,,,,,,,,,,,,,,,,,,,,,,,,,,,,,,,1.0,UnstableConcoction,ZekesHerald,SwiftshotEmblemItem,,,,,1.0,,,,,,,,,,,,,,,,2.0,GargoyleStoneplate,WarmogsArmor,Redemption,,,,,,,,,,,,,,,,,,,,,,,,,,,,,,,,,,,,,,,,,,,,,,,,,,,,,,,,,,,,,,,,,,,,,,,,,,,,,,,,,,,,,2.0,,,,,,,,,,,,,,,,2.0,,,,,,,,,,,,,,,,,,,,,,None,None,,,,,1.0,,,,3.0,GuinsoosRageblade,Deathblade,RunaansHurricane,,,,,,,,,,,,,,,,,,,,,,,,
2,EUW1_5971263507,TFT7_Augment_UrfsGrabBag1,TFT7_Augment_MikaelsGift,TFT7_Augment_WarriorTiamat,3.0,,,1.0,,0.0,,0.0,,0.0,1.0,,0.0,0.0,0.0,,,,2.0,,,,,,1.0,,1.0,0.0,,,,,,,,,,,,,,,,,,,,,,,,,1.0,,,,,,,,2.0,WarmogsArmor,FrozenHeart,Redemption,,,,,,,,,,,,,,,,,,,,,,,,,,,,,,,,,,,,,,,,,,,,,,,,,,,,,,,,,,,,,1.0,,,,,,,,,,,,,,,,,,,,,,,,2.0,InfinityEdge,AssassinEmblemItem,RunaansHurricane,2.0,,,,1.0,,,,2.0,LocketOfTheIronSolari,,,,,,,,,,,,,,,,,,,,,,,,,,,,,,,,,,,,,,,,,,,,,,,,,,,2.0,LastWhisper,UnstableConcoction,InfinityEdge,,,,,,,,,,,None,None,,,,,,,,,,,,,,,,,,,,,,,,,1.0,AssassinEmblemItem,,,,,,,,,,
4,EUW1_5971263507,TFT7_Augment_RevelPartyTime,TFT6_Augment_Electrocharge2,TFT7_Augment_DragonAlliance,,,1.0,0.0,,,2.0,,1.0,0.0,1.0,,0.0,,,1.0,,0.0,,,1.0,,,,2.0,0.0,,,,,,,,,,,1.0,MadredsBloodrazor,SpearOfShojin,ArchangelsStaff,,,,,,,,,2.0,,,,,,,,,,,,,,,,,,,,2.0,GargoyleStoneplate,ShimmerscaleMogulsMail,RedBuff,,,,,,,,,,,,,,,,,,,,,,,,,,,,,,,,,,,,,,,,,,,,,,,,,,,,,,,,,2.0,,,,,,,,,,,,,,,,,,,,,,,,2.0,ZekesHerald,LocketOfTheIronSolari,,,,,,,,,,,,,,,,,,,,,,,,,,,,,,,,,,,,,,2.0,StatikkShiv,StatikkShiv,JeweledGauntlet,,,,,,,,,,,,,,,,,,,,,,,,,,,,,,,None,None,,,,,,,,,,,,,,,,,,,,,,,,,,,,,,,,,,,,
4,EUW1_5970986596,TFT6_Augment_Electrocharge1,TFT6_Augment_Weakspot,TFT6_Augment_SecondWind2,,,,0.0,0.0,1.0,1.0,,0.0,0.0,1.0,0.0,0.0,,,,0.0,1.0,,,1.0,,1.0,,0.0,,,,,,,,,,,,,,,,,,,,,,,,,,,,,,,,2.0,StatikkShiv,UnstableConcoction,MadredsBloodrazor,,,,,,,,,2.0,WarmogsArmor,Redemption,,,,,,,,,,,,,,,,,,,,,,2.0,,,,,,,,,,,,,,,,,,,,,,,,,,,,,,,,,,,,,,,,,,,,,,,,,,,,,,,,,,,,2.0,ThiefsGloves,GiantsBelt,RedBuff,,,,,,,,,,,,,2.0,GiantsBelt,,,,,,,,,,,,,,,,,,,,,,,2.0,JeweledGauntlet,ShimmerscaleGamblersBlade,RapidFireCannon,1.0,,,,,,,,,,,,,,,,,,,,,,,,,,,,,,None,None,,,,,,,,,,,,,,,,,,,,,,,,,,,,,,,,,,,,
7,EUW1_5970986596,TFT6_Augment_TinyTitans,TFT7_Augment_BandOfThieves1,TFT7_Augment_CavalierEmblem,1.0,,1.0,0.0,,1.0,1.0,,,,3.0,,,,,0.0,2.0,,,0.0,,,,1.0,,,0.0,,,,,,,,,,,,,,,,,,,,,,1.0,,,,,,,,,,,,,,,,,,,,,,,,,,,,,,,,,,,,,,,,,,,,2.0,RedBuff,Chalice,,,,,,,,,,,,,,,,,,,,,,,,,,,,,,,,,,,,,,,,,,,,,,,,,,,,,,,,,,,,,,,,,,,,,,,,,,,,,,,,,,,,,,2.0,ThiefsGloves,TearOfTheGoddess,SeraphsEmbrace,1.0,ArchangelsStaff,CavalierEmblemItem,AssassinEmblemItem,,,,,,,,,,,,,,,,,,,,,,,,,2.0,FrozenHeart,,,,,,,,,,,,,None,None,,,,,2.0,,,,,,,,,,,,,,,,2.0,Quicksilver,Deathblade,MadredsBloodrazor,,,,,,,,,,,,
6,EUW1_5970986596,TFT6_Augment_CyberneticUplink1,TFT6_Augment_SecondWind1,TFT6_Augment_Diversify2,,,,,,1.0,1.0,0.0,,,2.0,0.0,,,,,2.0,,,1.0,,,,1.0,,,,,,,,,,,,,,,,,,,,,,,,,,,,,,,,,,,,,,,,,,,,,,,,,,,,,,,,,,,,,,,,,,,,,2.0,,,,,,,,,,,,,,,,,,,,,,,,,,,,,,,,,,,,,,,,,,,,2.0,DragonsClaw,Redemption,,,,,,,,,,,,,,,,,,,,,,,,,,,,,,2.0,,,,,,,,,,,,,,,,1.0,IonicSpark,Redemption,ArchangelsStaff,,,,,,,,,,,,,2.0,,,,,,,,,,,,,,,,,,,,,,,,,,None,None,,,,,1.0,,,,,,,,,,,,,,,,1.0,MadredsBloodrazor,GuinsoosRageblade,Deathblade,,,,,,,,,,,,
1,EUW1_5970986596,TFT6_Augment_CelestialBlessing1,TFT6_Augment_SecondWind1,TFT6_Augment_MakeshiftArmor2,,,1.0,1.0,,,1.0,0.0,0.0,,1.0,0.0,0.0,1.0,0.0,1.0,,,,0.0,0.0,1.0,,,2.0,0.0,0.0,0.0,,,,,,,,,2.0,MadredsBloodrazor,Quicksilver,SpearOfShojin,,,,,,,,,3.0,,,,,,,,,,,,,,,,,,,,,,,,,,,,,,,,,,,,,,,,,,,,,,,,,,,,,,,,,,,,,,,,,,,,,,,,,,,,,,,,2.0,MageEmblemItem,,,,,,,2.0,,,,,,,,,,,,,,,,2.0,,,,,,,,,,,,,,,,,,,,,,,,,,,,,,,,,,,,,,,,,,,,,,,,,,,,2.0,,,,,,,,,,,,,,,,,,,,,,None,None,,,,,,,,,,,,,,,,,,,,,,,,,2.0,,,,,,,,1.0,JeweledGauntlet,Quicksilver,UnstableConcoction
5,EUW1_5970986596,TFT6_Augment_TinyTitans,TFT6_Augment_ThrillOfTheHunt1,TFT6_Augment_Diversify2,,,,,2.0,,1.0,,1.0,1.0,,0.0,,,,0.0,,1.0,0.0,,1.0,,1.0,,,1.0,,,,,,,,,,,,,,,,,,,,,,,,,,,1.0,GiantsBelt,,,2.0,InfinityEdge,UnstableConcoction,GuinsoosRageblade,,,,,,,,,2.0,RedBuff,GargoyleStoneplate,,,,,,,,,,,,,,,,,,,,,,,,,,,,,,,,,,,,,,,,,,,,,,,,,,,,,,,,,,2.0,CannoneerEmblemItem,,,,,,,,,,,,,,,,,,,,,,,,,,,,,,,,,,,,,,,,,,,,,,,,,,,,,,,,,,,,,,,2.0,Shroud,,,1.0,RabadonsDeathcap,,,,,,,,,,,,,,,,,,,,,,,,,,,4.0,TrainerSnax,None,None,2.0,StatikkShiv,ShimmerscaleGamblersBlade,,,,,,,,,,,,,,,,,,,,,,,,,,,,,,,,,
8,EUW1_5970986596,TFT6_Augment_Weakspot,TFT6_Augment_SecondWind1,TFT7_Augment_DragonAlliance,,,,1.0,,,2.0,,,,,,0.0,,,,1.0,,,1.0,,,,,2.0,,,2.0,,,,,,,,,1.0,Quicksilver,GuinsoosRageblade,SpearOfShojin,,,,,,,,,,,,,,,,,,,,,,,,,,,,,,,,,,,,,2.0,WarmogsArmor,ChainVest,,1.0,TitanicHydra,,,,,,,,,,,,,,,,,,,,,,,,,,,,,,,,,,,,,,,,,,,,,,,,,,,,,,,,,,,,,,,,,,,,,,,1.0,,,,,,,,,,,,,,,,,,,,,,,,,,,,,,,,1.0,WarmogsArmor,,,,,,,,,,,,,,,,,,,,,,,,,,,,,,,,,,,,,,,,,None,None,,,,,,,,,,,,,,,,,,,,,,,,,,,,,,,,,,,,
3,EUW1_5970986596,TFT6_Augment_LudensEcho1,TFT6_Augment_CyberneticImplants1,TFT6_Augment_ComponentGrabBag,1.0,,,1.0,,1.0,,0.0,,,3.0,,0.0,,0.0,,1.0,,,,,,,1.0,1.0,,1.0,,,,,,,,,,,,,,,,,,,,,,,,,,,,,,,,,,,,,,,,,,,,,,,,,,,,,,,,,,,,,,,,,,1.0,DragonsClaw,,,,,,,,,,,,,,,,,,,,,,,,,,,,,,,,,,,,,,,,,,,,,,,,,,,,,,,,,,,2.0,RedBuff,Redemption,IonicSpark,,,,,2.0,FrozenHeart,,,,,,,1.0,,,,,,,,,,,,2.0,Chalice,,,,,,,,,,,,,,,,,,,,,,,,,,,,,,,2.0,InfinityEdge,GuinsoosRageblade,,,,,,,,,,,,None,None,,,,,2.0,,,,,,,,,,,,,,,,2.0,GuinsoosRageblade,GuardianAngel,,1.0,,,,,,,,,,,
2,EUW1_5970986596,TFT6_Augment_CyberneticShell1,TFT7_Augment_WhispersTrait,TFT7_Augment_DragonAlliance,,,,1.0,,,2.0,0.0,,,,1.0,,0.0,0.0,0.0,,,,1.0,,,,,,,0.0,3.0,,,,,,,,,,,,,,,,,,,,,,,,,,,,,,,,,,,,,,,,,,,,,2.0,ThiefsGloves,UnstableConcoction,Zephyr,2.0,ThiefsGloves,WarmogsArmor,TitanicHydra,2.0,ArchangelsStaff,FrozenHeart,,,,,,,,,,,,,,,,,,,,,,,,,,,,,,,,,,,,,,,,,,,,,,,,,,,,,,2.0,Redemption,IonicSpark,WarmogsArmor,,,,,,,,,,,,,,,,,,,,,,,,,,,,,,,,,,,,,,,,,,,,,,,,,,,,,,,,,,,,,,,,,2.0,,,,,,,,,,,,,,,,,,,,,,None,None,,,,,,,,,,,,,,,,,,,,,,,,,2.0,InfinityEdge,Bloodthirster,TitansResolve,,,,,,,,
8,EUW1_5971107309,TFT7_Augment_CannoneerEmblem,TFT7_Augment_BandOfThieves1,TFT7_Augment_PandorasBench,,,1.0,0.0,2.0,,1.0,,1.0,1.0,1.0,,,,,1.0,0.0,1.0,,,1.0,,,,,1.0,0.0,,,,,,,,,,,,,,,,,,,,,,1.0,GuardianEmblemItem,CannoneerEmblemItem,,,,,,2.0,MadredsBloodrazor,LastWhisper,GuinsoosRageblade,,,,,,,,,2.0,IonicSpark,RedBuff,FrozenHeart,,,,,,,,,,,,,,,,,,,,,,,,,,,,,,,,,,,,,,,,,,,,,,,,,,,,,,,,,2.0,,,,,,,,,,,,,,,,,,,,,,,,,,,,,,,,,,,,,,,,,,,,,,,,,,,,2.0,ThiefsGloves,Quicksilver,Deathblade,,,,,,,,,2.0,,,,,,,,,,,,,,,,,,,,,,,,,,,,,,,,3.0,TrainerSnax,None,None,1.0,ShimmerscaleDravensAxe,,,,,,,,,,,,,,,,,,,,,,,,,,,,,,,,,,
2,EUW1_5971107309,TFT7_Augment_BruiserEmblem,TFT6_Augment_Electrocharge1,TFT7_Augment_DragonHorde,,0.0,1.0,1.0,,,2.0,,0.0,,1.0,,0.0,0.0,,2.0,,,,,,,,,2.0,0.0,,1.0,,,,,,,,,2.0,StatikkShiv,JeweledGauntlet,GuinsoosRageblade,,,,,,,,,2.0,BruiserEmblemItem,,,,,,,,,,,,,,,,,,,,,,,,,,,2.0,RedBuff,GargoyleStoneplate,MadredsBloodrazor,,,,,,,,,,,,,,,,,,,,,,,,,,,,,,,,,,,,,,,,,,,,,,,,,2.0,ZekesHerald,,,2.0,TitanicHydra,,,,,,,,,,,,,,,,,,,2.0,LocketOfTheIronSolari,Shroud,,,,,,,,,,,,,,,,,,,,,,,,,,,,,,,,,,,,,,,,,,,,,,,,,,,,,,,,,,,,,,,,,,,,,,,,None,None,,,,,,,,,,,,,,,,,,,,,,,,,,,,,,,,,,,,
7,EUW1_5971107309,TFT7_Augment_RagewingEmblem,TFT7_Augment_RagewingTrait,TFT6_Augment_SecondWind2,,,,0.0,,1.0,1.0,0.0,,,1.0,0.0,,,,,3.0,,,1.0,,,1.0,0.0,,,0.0,,,,,,,,,,,,,,,,,,,,,,,,,,,,,,,,,,,,,,,,,,,,,,,,,,,,,,,,,,,,,,,,,,1.0,TitanicHydra,,,,,,,,,,,,,,,,,,,,,,,,,,,,,,,,,,,,,,,,,,,,,,,,,,,,,,,,,,,,,,,,,,,,,,,,,,,2.0,RagewingEmblemItem,,,,,,,,,,,2.0,TitanicHydra,,,1.0,RabadonsDeathcap,Redemption,,,,,,,,,,1.0,,,,2.0,,,,,,,,,,,,,,,,,,,,,,,,,,None,None,,,,,,,,,,,,,,,,,,,,,2.0,MadredsBloodrazor,Deathblade,Quicksilver,,,,,,,,,,,,
6,EUW1_5971107309,TFT6_Augment_Ascension,TFT6_Augment_Diversify1,TFT6_Augment_PortableForge,,1.0,1.0,1.0,,,1.0,,1.0,,1.0,1.0,0.0,,,0.0,,,,1.0,,,,,0.0,,,,,,,,1.0,StatikkShiv,,,,,,,,,,,2.0,GuinsoosRageblade,HextechGunblade,ArchangelsStaff,1.0,SpearOfShojin,,,,,,,,,,,,,,,,,,,,,,,,,,,,,,,,,,,,,,,2.0,,,,,,,,,,,,2.0,ThiefsGloves,PowerGauntlet,Shroud,,,,,,,,,,,,,,,,,,,,,,,,,,,,,,,,,2.0,RedBuff,BrambleVest,OrnnAnimaVisage,,,,,,,,,,,,,1.0,,,,,,,,,,,,,,,,,,,,,,,,,,,,,,,,,,,,,,,,,,,,,,,,,,,,,,,,,,,,,,,,,,,,,,,,,,None,None,,,,,,,,,,,,,,,,,,,,,,,,,,,,,,,,,,,,
4,EUW1_5971107309,TFT6_Augment_ClearMind,TFT6_Augment_PandorasItems,TFT6_Augment_Diversify2,1.0,,1.0,1.0,,1.0,,,,,4.0,,0.0,,,0.0,1.0,,,,,,,1.0,1.0,,0.0,,,,,,,,,,,,,,,,,,,,,,1.0,SeraphsEmbrace,,,,,,,,,,,,,,,,,,,,,,,,,,,,,,,,,,,,,,,,,,,2.0,DragonsClaw,,,,,,,,,,,,,,,,,,,,,,,,,,,,,,,,,,,,,,,,,,,,,,,,,,,,,,,,,,,1.0,,,,,,,,1.0,NeedlesslyLargeRod,,,,,,,1.0,,,,,,,,,,,,2.0,,,,,,,,,,,,,,,,,,,,,,,,,,,,,,,,2.0,InfinityEdge,FrozenHeart,IonicSpark,,,,,,,,,,,None,None,,,,,1.0,ZekesHerald,,,,,,,,,,,,,,,2.0,GuinsoosRageblade,Deathblade,Deathblade,,,,,,,,,,,,
5,EUW1_5971107309,TFT7_Augment_EvokerEmblem,TFT7_Augment_BestFriends1,TFT6_Augment_PortableForge,,0.0,,1.0,,,1.0,,1.0,,,,0.0,1.0,,1.0,,,,,0.0,1.0,,,2.0,1.0,,0.0,,,,,,,,,1.0,EvokerEmblemItem,SpearOfShojin,OrnnZhonyasParadox,,,,,,,,,,,,,,,,,,,,,,,,,,,,,,,,,,,,,,,,,,,,,,,,,,,,,,,,,1.0,,,,,,,,,,,,,,,,,,,,,,,,,,,,,,,,2.0,,,,2.0,StatikkShiv,Shroud,NeedlesslyLargeRod,,,,,,,,,,,,,,,,,1.0,BrambleVest,,,,,,,,,,,,,,,,,,,,,,,,,,,,,,,,,,,,,,,,,,,,,,,,,,,2.0,Redemption,GargoyleStoneplate,RedBuff,,,,,,,,,,,,,,,,,3.0,TrainerSnax,None,None,,,,,,,,,,,,,,,,,,,,,,,,,,,,,,,,,2.0,Quicksilver,GuardianAngel,
3,EUW1_5971107309,TFT7_Augment_GuildEmblem,TFT6_Augment_CelestialBlessing1,TFT6_Augment_PortableForge,1.0,,1.0,1.0,,0.0,,0.0,,,4.0,,0.0,,0.0,0.0,0.0,,,,,,,0.0,0.0,,1.0,0.0,,,,,,,,,,,,,,,,,,,,,1.0,,,,,,,,,,,,,,,,,,,,,,,,,,,,,,,,,,,,,,,,,,,,2.0,,,,,,,,,,,,,,,,,,,,,,,,,,,,,,,,,,,,,,,,,,,,,,,,,,,,,,,,,,,,2.0,RedBuff,WarmogsArmor,OrnnEternalWinter,1.0,InfinityEdge,ArchangelsStaff,MadredsBloodrazor,,,,,,,,,,,,,,,,,,,,,2.0,,,,,,,,,,,,,,,,,,,,,,,,,,,,,,,,1.0,MadredsBloodrazor,,,,,,,,,,,,,None,None,,,,,2.0,Shroud,,,,,,,,,,,,,,,,,,,2.0,GuildEmblemItem,Quicksilver,GuardianAngel,,,,,,,,
1,EUW1_5971107309,TFT6_Augment_TrueTwos,TFT6_Augment_Diversify1,TFT6_Augment_JeweledLotus,,,,0.0,,,1.0,1.0,,,,1.0,,,0.0,,2.0,,,2.0,,,1.0,,,,1.0,,,,,,,,,,,,,,,,,,,,,,,,,,,,,,,,,,,,,,,,,,,,,,,,,,,,,,,,,,,,,,2.0,SparringGloves,,,,,,,,,,,,,,,,,,,,,,,,,,,,,,,,,,,,,,,,,,,,,,,2.0,TitanicHydra,GargoyleStoneplate,WarmogsArmor,,,,,,,,,,,,,,,,,,,,,,,,,,,,,,,,,,,,,2.0,,,,1.0,,,,2.0,UnstableConcoction,InfinityEdge,UnstableConcoction,,,,,,,,,2.0,,,,2.0,GuinsoosRageblade,Quicksilver,ArchangelsStaff,,,,,,,,,,,,,,,,,,,,,,,None,None,,,,,,,,,,,,,,,,,,,,,,,,,1.0,Zephyr,,,,,,,,,,
1,EUW1_5971080207,TFT6_Augment_PortableForge,TFT6_Augment_TinyTitans,TFT7_Augment_BestFriends2,1.0,,,1.0,,2.0,,0.0,,,3.0,,0.0,,,,1.0,,,,,,,1.0,1.0,,0.0,,,,,,,,,,,,,,,,,,,,,,,,,,,,,,,,,,,,,,,,,,,,,,,,,,,,,,,,,,,,,,,,,,2.0,SpearOfShojin,Morellonomicon,SpearOfShojin,,,,,,,,,,,,,,,,,,,,,1.0,AssassinEmblemItem,,,,,,,,,,,,,,,,,,,,,,,,,,,,,,,,,,,2.0,SeraphsEmbrace,WarmogsArmor,IonicSpark,,,,,,,,,,,,,2.0,,,,,,,,,,,,2.0,GuardianAngel,,,,,,,,,,,,,,,,,,,,,,,,,,,,,,,2.0,Bloodthirster,OrnnObsidianCleaver,CavalierEmblemItem,,,,,,,,,,,None,None,,,,,2.0,GuardianAngel,,,,,,,,,,,,,,,3.0,MadredsBloodrazor,Quicksilver,GuinsoosRageblade,,,,,,,,,,,,
2,EUW1_5971080207,TFT6_Augment_ClearMind,TFT6_Augment_Recombobulator,TFT6_Augment_ThrillOfTheHunt2,1.0,,1.0,1.0,,,1.0,,,,2.0,0.0,,0.0,,0.0,,,,1.0,,,1.0,,,,,3.0,,,,,,,,,,,,,,,,,,,,,2.0,,,,,,,,,,,,,,,,,,,,,,,,,,,,2.0,RunaansHurricane,GuinsoosRageblade,Quicksilver,2.0,,,,,,,,,,,,,,,,,,,,,,,,,,,,,,,,,,,,,,,,,,,,,,,,,,,,,,,,2.0,IonicSpark,LocketOfTheIronSolari,Chalice,,,,,,,,,,,,,,,,,2.0,SeraphsEmbrace,InfinityEdge,JeweledGauntlet,,,,,,,,,,,,,,,,,,,,,,,,,,,,,,,,,,,,,2.0,UnstableConcoction,GuinsoosRageblade,,,,,,2.0,GargoyleStoneplate,Shroud,,,,,,2.0,FrozenHeart,,,,,,,,,,,,,None,None,,,,,,,,,,,,,,,,,,,,,,,,,,,,,,,,,,,,
4,EUW1_5971080207,TFT6_Augment_SalvageBin,TFT6_Augment_Electrocharge1,TFT6_Augment_Ascension,,,1.0,,,,1.0,,1.0,,1.0,2.0,,,,2.0,,0.0,,1.0,,,1.0,,,0.0,,,,,,,,,,,,,,,,,,,,,,,1.0,TearOfTheGoddess,,,,,,,,,,,,,,,,,,,,,,,2.0,InfinityEdge,TitansResolve,UnstableConcoction,,,,,,,,,,,,,2.0,WarmogsArmor,,,,,,,,,,,,,,,,,,,,,,,,,,,,,,,,,,,,,,,2.0,,,,,,,,2.0,WarmogsArmor,Redemption,TitansResolve,,,,,,,,,,,,,,,,,,,,,,,,,,,,,,,,,,,,,,,,,,,,,,,,,,,,,2.0,Morellonomicon,SpearOfShojin,RabadonsDeathcap,1.0,,,,,,,,,,,,,,,,,,,,,,,,,,,,,,None,None,,,,,,,,,,,,,,,,,,,,,,,,,,,,,,,,,,,,
3,EUW1_5971080207,TFT7_Augment_GadgetExpert,TFT6_Augment_Distancing,TFT7_Augment_MageEmblem,,,1.0,1.0,,,1.0,0.0,0.0,,1.0,,0.0,2.0,0.0,1.0,,,,,0.0,1.0,,,2.0,1.0,0.0,0.0,,,,,,,,,1.0,MageEmblemItem,SpearOfShojin,MadredsBloodrazor,,,,,,,,,1.0,,,,,,,,,,,,,,,,,,,,,,,,,,,,,,,,,,,,,,,,,,,,,,,,2.0,ThiefsGloves,Bloodthirster,HextechGunblade,,,,,,,,,,,,,,,,,,,,,,,,,,,,,2.0,LocketOfTheIronSolari,,,,,,,,,,,,,,,,,,,,,,,2.0,ThiefsGloves,RapidFireCannon,SpearOfShojin,,,,,,,,,,,,,,,,,,,,,,,,,,,,,,,,,,,,,,,,,,,,,,,,,2.0,Morellonomicon,GargoyleStoneplate,ChainVest,,,,,,,,,,,,,,,,,4.0,TrainerSnax,None,None,,,,,,,,,,,,,,,,,,,,,,,,,2.0,Bloodthirster,UnstableConcoction,MageEmblemItem,,,,,1.0,StatikkShiv,ArchangelsStaff,SpearOfShojin
7,EUW1_5971080207,TFT7_Augment_CavalierEmblem,TFT6_Augment_SecondWind1,TFT6_Augment_Distancing2,,0.0,,1.0,,2.0,,,,,1.0,0.0,,2.0,,0.0,,,0.0,,,,1.0,,,0.0,,0.0,,,,,,,,,,,,,,,,,,,,,,,,,,,,,,,,,,,,,,,,,,,,,,,,,,,,,,,,,,,,,,,,,,,,,2.0,,,,2.0,CavalierEmblemItem,,,,,,,,,,,,,,,,,,,,,,,2.0,,,,,,,,3.0,SpearOfShojin,StatikkShiv,,,,,,,,,,,,,,,,,,,,,,,,,,,,,,2.0,ArchangelsStaff,GuardianAngel,SpearOfShojin,,,,,,,,,,,,,,,,,,,,,,,,,,,,,1.0,,,,,,,,2.0,CavalierEmblemItem,GargoyleStoneplate,Morellonomicon,,,,,,,,,,,,,,,,,,,None,None,,,,,,,,,,,,,,,,,,,,,,,,,,,,,,,,,,,,
5,EUW1_5971080207,TFT6_Augment_CyberneticShell2,TFT6_Augment_CyberneticUplink1,TFT6_Augment_CyberneticUplink2,,1.0,,1.0,,,,,1.0,,1.0,,,2.0,,1.0,,0.0,,,,,,,,1.0,,0.0,,,,,,,,,,,,,,,,,,,,,,,,,,,,,,,,,,,,,,,,,,,,,,,,,,,,,,,,,,,,,,,,,,,,,2.0,ChainVest,,,2.0,ThiefsGloves,PowerGauntlet,LastWhisper,,,,,,,,,,,,,,,,,,,,,,,,,2.0,GiantsBelt,,,2.0,NeedlesslyLargeRod,Redemption,Chalice,,,,,,,,,,,,,,,,,,,,,,,,,,,,,2.0,SpearOfShojin,ArchangelsStaff,,,,,,,,,,,,,,,,,,,,,,,,,,1.0,NeedlesslyLargeRod,,,,,,,,,,,2.0,GargoyleStoneplate,RedBuff,Redemption,,,,,,,,,,,,,,,,,4.0,TrainerSnax,None,None,,,,,,,,,,,,,2.0,TitanicHydra,,,,,,,,,,,,,,,,,,,,,,
8,EUW1_5971080207,TFT6_Augment_CalculatedLoss,TFT6_Augment_SecondWind1,TFT6_Augment_ThrillOfTheHunt2,,,,,1.0,,1.0,,1.0,1.0,,0.0,,,,0.0,,1.0,0.0,,1.0,,1.0,,,1.0,,,,,,,,,,,,,,,,,,,,,,,,,,,1.0,,,,1.0,GuinsoosRageblade,InfinityEdge,LastWhisper,,,,,,,,,1.0,ShimmerscaleHeartOfGold,Bloodthirster,Redemption,,,,,,,,,,,,,,,,,,,,,,,,,,,,,,,,,,,,,,,,,,,,,,,,,,,,,,,,,1.0,,,,,,,,,,,,,,,,,,,,,,,,,,,,,,,,,,,,,,,,,,,,,,,,,,,,,,,,,,,,,,,,1.0,,,,1.0,,,,,,,,,,,,,,,,,,,,,,,,,,,,1.0,TrainerSnax,None,None,2.0,,,,,,,,,,,,,,,,,,,,,,,,,,,,,,,,,,,
6,EUW1_5971080207,TFT6_Augment_ClearMind,TFT6_Augment_PandorasItems,TFT7_Augment_MirageEmblem,,,1.0,,,2.0,1.0,,,,2.0,0.0,,,3.0,0.0,0.0,,,,,,1.0,,,,0.0,,,,,,,,,,,,,,,,,,,,,,1.0,PowerGauntlet,,,,,,,,,,,,,,,2.0,MadredsBloodrazor,ArchangelsStaff,ArchangelsStaff,,,,,,,,,,,,,,,,,,,,,,,,,2.0,MirageEmblemItem,,,,,,,,,,,,,,,,,,,,,,,,,,,,,,,,,,,,,,,,,,,,,,,,,,,2.0,WarmogsArmor,WarmogsArmor,Redemption,,,,,,,,,,,,,,,,,,,,,2.0,,,,,,,,,,,,,,,,,,,,,,,,,,,,1.0,,,,,,,,,,,,,,,,,,,,,,,,,,,,,,None,None,,,,,,,,,,,,,,,,,,,,,,,,,,,,,2.0,,,,,,,
1,EUW1_5971063126,TFT6_Augment_CyberneticShell2,TFT7_Augment_CannoneerTrait,TFT7_Augment_GadgetExpert,,0.0,1.0,1.0,3.0,,,,1.0,,1.0,,0.0,0.0,,2.0,,2.0,,,,,,,0.0,1.0,,0.0,,,,,,,,,,,,,,,,,,,,,1.0,,,,,,,,2.0,UnstableConcoction,GuinsoosRageblade,StatikkShiv,,,,,,,,,,,,,,,,,,,,,,,,,,,,,,,,,,,,,,,,,,,,,2.0,NegatronCloak,,,,,,,,,,,,,,,,,,,,,,,2.0,NeedlesslyLargeRod,,,1.0,,,,,,,,,,,,,,,,,,,,2.0,RedBuff,,,,,,,,,,,,,,,,,,,,,,,,,,,,,,,,,,,,,,,3.0,SpearOfShojin,JeweledGauntlet,GuinsoosRageblade,,,,,,,,,2.0,LocketOfTheIronSolari,TitanicHydra,,,,,,,,,,,,,,,,,,3.0,TrainerSnax,None,None,2.0,RunaansHurricane,UnstableConcoction,,,,,,,,,,,,,,,,,,,,,,,,,,,,,,,,,
5,EUW1_5971063126,TFT6_Augment_PortableForge,TFT7_Augment_BruiserTrait,TFT6_Augment_SunfireBoard,,,,2.0,,,1.0,0.0,,,1.0,0.0,0.0,1.0,,,,,,,0.0,1.0,1.0,,1.0,,,2.0,,,,,,,,,,,,,,,,,,,,,,,,,,,,,,,,,,,,,,,,,,,,,,,,,2.0,Bloodthirster,,,,,,,,,,,,,,,,,,,,,,,,,,,,,,,,,,,,,,,2.0,Shroud,,,,,,,,,,,,,,,,,,,,,,,,,,,,,,,,,,,1.0,Chalice,ZekesHerald,,,,,,,,,,2.0,,,,,,,,,,,,,,,,,,,,,,,,,,,,,,,,1.0,,,,,,,,2.0,OrnnRocketPropelledFist,IonicSpark,WarmogsArmor,,,,,,,,,,,,,,,,,,,None,None,,,,,,,,,,,,,,,,,,,,,,,,,,,,,,,,,1.0,ArchangelsStaff,ArchangelsStaff,GuardianAngel
2,EUW1_5971063126,TFT7_Augment_GadgetExpert,TFT6_Augment_SecondWind1,TFT7_Augment_GuildEmblem,0.0,,,0.0,,2.0,1.0,0.0,,,4.0,0.0,0.0,,0.0,,0.0,,,,,,1.0,0.0,2.0,,0.0,,,,,,,,,,2.0,MadredsBloodrazor,GuildEmblemItem,UnstableConcoction,,,,,,,,,,,,,,,,,,,,,,,,,,,,,,,,,,,,,,,,,,,,,,,,,,,,,2.0,RedBuff,IonicSpark,,,,,,,,,,,,,,,,,,,,,,,,,,,,,,,,,,,,,,,,,,,,,,,,,,,,,,,,,,2.0,DragonsClaw,BrambleVest,Redemption,,,,,,,,,,,,,1.0,,,,,,,,,,,,,,,,,,,,,,,,,,,,2.0,CavalierEmblemItem,,,,,,,,,,,,,,,2.0,ArchangelsStaff,InfinityEdge,JeweledGauntlet,,,,,,,,,,,None,None,,,,,2.0,StatikkShiv,,,,,,,,,,,,,,,,,,,2.0,ThiefsGloves,LocketOfTheIronSolari,TitanicHydra,,,,,,,,
8,EUW1_5971063126,TFT6_Augment_SunfireBoard,TFT6_Augment_ThrillOfTheHunt1,TFT7_Augment_MageEmblem,,0.0,,1.0,,,1.0,,0.0,,1.0,,,2.0,,0.0,,0.0,,,,,,,,,,2.0,,,,,,,,,,,,,,,,,,,,,,,,,,,,,,,,,,,,,,,,,,,,,,,,,1.0,ThiefsGloves,RecurveBow,GuinsoosRageblade,,,,,,,,,,,,,,,,,,,,,,,,,,,,,,,,,,,,,,,,,,,,,,,,,,,,,2.0,,,,,,,,,,,,,,,,,,,,,,,,,,,,,,,,2.0,Quicksilver,SpearOfShojin,ArchangelsStaff,,,,,,,,,,,,,,,,,,,,,,,,,2.0,MageEmblemItem,,,,,,,,,,,2.0,GiantsBelt,,,,,,,,,,,,,,,,,,,,,None,None,,,,,,,,,,,,,2.0,,,,,,,,,,,,,,,,,,,,,,,
7,EUW1_5971063126,TFT7_Augment_BestFriends2,TFT6_Augment_Electrocharge1,TFT6_Augment_ComponentGrabBag,,1.0,,1.0,,2.0,1.0,,1.0,,1.0,,0.0,,0.0,,0.0,0.0,,,,,,,0.0,,,,,,,,,,,,,,,,,,,,2.0,JeweledGauntlet,ArchangelsStaff,HextechGunblade,,,,,,,,,,,,,,,,,,,,,,,,,,,,,,,,,,,,,,,,,,,,,1.0,,,,,,,,2.0,,,,,,,,,,,,,,,,,,,,,,,,,,,,,,,,,,,,,,,,,,,,2.0,DragonsClaw,GargoyleStoneplate,IonicSpark,,,,,2.0,ThiefsGloves,HextechGunblade,UnstableConcoction,,,,,,,,,,,,,1.0,Shroud,,,,,,,,,,,,,,,,,,,,,,,1.0,SpearOfShojin,RapidFireCannon,,,,,,,,,,,,,,,,,,,,,,,,,,,,,,,,None,None,,,,,,,,,,,,,,,,,,,,,,,,,,,,,,,,,,,,
6,EUW1_5971063126,TFT7_Augment_BestFriends2,TFT6_Augment_Weakspot,TFT6_Augment_SunfireBoard,,,1.0,,,,1.0,,1.0,,1.0,2.0,0.0,0.0,,2.0,,,,1.0,0.0,1.0,,,,0.0,,,,,,,2.0,MadredsBloodrazor,,,,,,,,,,,,,,,1.0,Shroud,,,,,,,,,,,,,,,,,,,,,,,2.0,InfinityEdge,RapidFireCannon,GuardianAngel,,,,,,,,,,,,,2.0,InfinityEdge,,,,,,,,,,,,,,,,,,,,,,,,,,,,,,,,,,,,,,,2.0,,,,,,,,2.0,GargoyleStoneplate,RedBuff,RabadonsDeathcap,,,,,,,,,,,,,,,,,,,,,,,,,,,,,,,,,,,,,,,,,,,,,,,,,,,,,,,,,,,,,,,,,,,,,,,,,,,,,,,,,,,,,,,None,None,,,,,,,,,,,,,,,,,,,,,,,,,,,,,,,,,1.0,,,
3,EUW1_5971063126,TFT6_Augment_ClearMind,TFT6_Augment_TinyTitans,TFT6_Augment_TomeOfTraits1,,,1.0,,,3.0,1.0,0.0,,,2.0,0.0,,,3.0,0.0,0.0,,,,,,1.0,,,,1.0,,,,,,,,,,,,,,,,,,,,,,2.0,,,,,,,,,,,,,,,,2.0,ArchangelsStaff,JeweledGauntlet,InfinityEdge,,,,,,,,,,,,,,,,,,,,,,,,,2.0,Shroud,HextechGunblade,,,,,,,,,,,,,,,,,,,,,,,,,,,,,,,,,,,,,,,,,,,,,,,,,,2.0,RedBuff,DragonsClaw,WarmogsArmor,,,,,,,,,,,,,,,,,,,,,2.0,,,,,,,,,,,,,,,,,,,,,,,,,,,,2.0,,,,,,,,,,,,,,,,,,,,,,,,,,,,,,None,None,,,,,,,,,,,,,,,,,,,,,,,,,2.0,GuardianAngel,CavalierEmblemItem,MadredsBloodrazor,1.0,,,,,,,
4,EUW1_5971063126,TFT7_Augment_PandorasBench,TFT7_Augment_BestFriends1,TFT6_Augment_Ascension,1.0,,,1.0,,1.0,,,,,3.0,,0.0,,,,1.0,,,,,,,1.0,1.0,,0.0,,,,,,,,,,,,,,,,,,,,,,,,,,,,,,,,,,,,,,,,,,,,,,,,,,,,,,,,,,,,,,,,,,2.0,,,,,,,,,,,,,,,,,,,,,,,,,,,,,,,,,,,,,,,,,,,,,,,,,,,,,,,,,,,,2.0,RedBuff,WarmogsArmor,,,,,,2.0,,,,,,,,2.0,,,,,,,,,,,,2.0,,,,,,,,,,,,,,,,,,,,,,,,,,,,,,,,2.0,Bloodthirster,Quicksilver,FrozenHeart,,,,,,,,,,,None,None,,,,,1.0,BFSword,ZekesHerald,,,,,,,,,,,,,,2.0,UnstableConcoction,TitansResolve,MadredsBloodrazor,,,,,,,,,,,,
6,EUW1_5971895301,TFT6_Augment_Electrocharge2,TFT7_Augment_DragonHorde,TFT7_Augment_UrfsGrabBag1,,,1.0,,,0.0,2.0,,,1.0,1.0,1.0,,,2.0,1.0,,,,,1.0,,,,,,,0.0,,,,,,,,,,,,,,,,,,,,,1.0,SparringGloves,,,,,,,,,,,,,,,2.0,GuinsoosRageblade,UnstableConcoction,RabadonsDeathcap,2.0,RedBuff,ShimmerscaleDiamondHands,,2.0,Deathblade,TitansResolve,,,,,,,,,,,,,,,,,,,,,,,,,,,,,,,,,,,,,,,,,,,,,,,,,,,,,,,,,,,,,,,,,,,,,,1.0,,,,,,,,,,,,,,,,,,,,,,,,,,,,,,,,,,,,,,,,,,,,,,,,,,,,,,,,,,,,,,,,,,,,,,,,,,,,2.0,,,,,,None,None,,,,,,,,,,,,,,,,,,,,,,,,,,,,,,,,,,,,
5,EUW1_5971895301,TFT6_Augment_JeweledLotus,TFT7_Augment_GadgetExpert,TFT7_Augment_BigFriend2,,,,,,0.0,,1.0,,1.0,,1.0,,,1.0,,,,,,,,,1.0,1.0,,,,,,,,,,,,,,,,3.0,LocketOfTheIronSolari,ArchangelsStaff,StatikkShiv,,,,,,,,,,,,,,,,,,,,,,,,,,,,,,,,,,,,,,,,,3.0,InfinityEdge,ArchangelsStaff,MadredsBloodrazor,,,,,,,,,,,,,,,,,,,,,2.0,,,,,,,,1.0,,,,3.0,RedBuff,GargoyleStoneplate,,,,,,,,,,,,,,,,,,,,,,2.0,,,,,,,,,,,,,,,,,,,,,,,,,,,,,,,,,,,,,,,,,,,,,,,,,,,,,,,,,,,,,,,,,,,,,,,,2.0,,,,,,,,,,None,None,,,,,,,,,,,,,,,,,,,,,,,,,,,,,,,,,,,,
2,EUW1_5971895301,TFT6_Augment_CyberneticImplants2,TFT6_Augment_Electrocharge2,TFT6_Augment_Diversify2,1.0,,,1.0,,1.0,,,,,3.0,,0.0,,,,1.0,,,,,,,1.0,1.0,,0.0,,,,,,,,,,,,,,,,,,,,,,,,,,,,,,,,,,,,,,,,,,,,,,,,,,,,,,,,,,,,,,,,,,2.0,NegatronCloak,,,,,,,,,,,,,,,,,,,,,,,,,,,,,,,,,,,,,,,,,,,,,,,,,,,,,,,,,,,2.0,RedBuff,,,,,,,2.0,FrozenHeart,,,,,,,2.0,,,,,,,,,,,,2.0,TitansResolve,GuardianAngel,,,,,,,,,,,,,,,,,,,,,,,,,,,,,,2.0,RunaansHurricane,Bloodthirster,InfinityEdge,,,,,,,,,,,None,None,,,,,2.0,,,,,,,,,,,,,,,,2.0,GuinsoosRageblade,Quicksilver,MadredsBloodrazor,,,,,,,,,,,,
7,EUW1_5971895301,TFT6_Augment_ThrillOfTheHunt2,TFT7_Augment_JadeTrait,TFT6_Augment_TomeOfTraits1,,,,,0.0,,1.0,,1.0,0.0,,3.0,0.0,,,1.0,,0.0,,1.0,,,,,,0.0,,,,,,,2.0,,,,,,,,,,,,,,,,,,,,,,,,2.0,,,,,,,,,,,,,,,,1.0,GuinsoosRageblade,Bloodthirster,UnstableConcoction,,,,,,,,,,,,,2.0,WarmogsArmor,ChainVest,,,,,,,,,,,,,,,,,,,,,,,,,,,,,,,,,,,,,,2.0,JadeEmblemItem,,,,,,,2.0,DragonsClaw,WarmogsArmor,RedBuff,,,,,,,,,,,,,,,,,,,,,,,,,,,,,,,,,,,,,,,,,,,,,,,,,,,,,,,,,,,,,,,,,,,,,,,,,,,,,2.0,,,,,,,,,,None,None,,,,,,,,,,,,,,,,,,,,,,,,,,,,,,,,,,,,
8,EUW1_5971895301,TFT7_Augment_BruiserEmblem,TFT6_Augment_PortableForge,TFT7_Augment_BigFriend2,0.0,,,3.0,,,1.0,,,,1.0,,0.0,0.0,,,0.0,,0.0,,,,,,0.0,,1.0,2.0,,,,,,,,,,,,,,,,,,,,,,,,,,,,,,,,,,,,,,,,,,,,,,,,,1.0,InfinityEdge,UnstableConcoction,GuinsoosRageblade,,,,,,,,,,,,,,,,,,,,,,,,,,,,,,,,,,,,,,,,,,,,,,,,,,,,,,,,,,,,,,,,,,,,,2.0,ThiefsGloves,ChainVest,BrambleVest,1.0,OrnnEternalWinter,WarmogsArmor,,,,,,,,,,,,,,,,,,,,,,,,,,2.0,,,,,,,,,,,,,,,,,,,,,,,,2.0,,,,,,,,2.0,IonicSpark,BruiserEmblemItem,IonicSpark,,,,,,,,,,,None,None,,,,,,,,,,,,,,,,,,,,,,,,,,,,,,,,,,,,
3,EUW1_5971895301,TFT7_Augment_UrfsGrabBag1,TFT6_Augment_SecondWind2,TFT6_Augment_ComponentGrabBag,2.0,,,2.0,,,,,,,,,0.0,0.0,,,0.0,,1.0,,,,,,1.0,,1.0,1.0,,,,,,,,,,,,,,,,,,,,,,,,,,,,,,,,,3.0,ZekesHerald,TitansResolve,FrozenHeart,,,,,,,,,,,,,,,,,,,,,,,,,,,,,,,,,,,,,,,,,,,,,,,,,,,,,,,,,,,,,,,,,,,,,,,,,,,,,,,,,,,,,3.0,RunaansHurricane,InfinityEdge,AssassinEmblemItem,2.0,ThiefsGloves,RedBuff,InfinityEdge,1.0,GuardianAngel,,,2.0,RedBuff,DragonsClaw,,,,,,,,,,,,,,,,,,2.0,ChainVest,Zephyr,,,,,,,,,,,,,,,,,,,,,,2.0,,,,,,,,,,,,,,,,,,,,,,None,None,,,,,,,,,,,,,,,,,,,,,,,,,,,,,,,,,,,,
1,EUW1_5971895301,TFT7_Augment_Preparation2,TFT6_Augment_TradeSectorPlus,TFT7_Augment_GadgetExpert,,,1.0,,1.0,,1.0,0.0,1.0,1.0,1.0,0.0,,,0.0,1.0,,1.0,,,1.0,,1.0,,,1.0,0.0,,,,,,,,,,,,,,,,,,,,,,2.0,Shroud,,,,,,,2.0,LastWhisper,UnstableConcoction,InfinityEdge,,,,,,,,,2.0,WarmogsArmor,ShimmerscaleDiamondHands,GargoyleStoneplate,,,,,,,,,,,,,,,,,,,,,,,,,,,,,,,,,,,,,,,,,,,,,,,,,,,,,,,,,2.0,GuardianEmblemItem,NegatronCloak,,,,,,,,,,,,,,,,,,,,,,,,,,,,,,,,,,,,,,,,,,,,,,,,,,,,,,,,,,,,,,2.0,StatikkShiv,JeweledGauntlet,,2.0,,,,,,,,,,,,,,,,,,,,,,,,,,,,4.0,TrainerSnax,None,None,2.0,,,,,,,,,,,,,,,,,,,,,,,,2.0,WarmogsArmor,Bloodthirster,,,,,,,,,
4,EUW1_5971895301,TFT6_Augment_Meditation2,TFT7_Augment_BestFriends2,TFT7_Augment_FirstAidKit2,,0.0,1.0,1.0,,,,,1.0,,2.0,,,2.0,,2.0,,,,,0.0,1.0,,,,1.0,,0.0,,,,,,,,,,,,,,,,,,,,,2.0,,,,,,,,,,,,,,,,,,,,,,,,,,,,,,,,,,,,,,,,,,,,,,,,2.0,,,,2.0,LocketOfTheIronSolari,LocketOfTheIronSolari,TitansResolve,,,,,,,,,,,,,,,,,,,,,,,,,2.0,,,,3.0,,,,,,,,,,,,,,,,,,,,,,,,,,,,,,,,2.0,HextechGunblade,EvokerEmblemItem,MadredsBloodrazor,,,,,,,,,,,,,,,,,,,,,,,,,,,,,,,,,,,,,2.0,GargoyleStoneplate,RedBuff,WarmogsArmor,,,,,,,,,,,,,,,,,3.0,TrainerSnax,None,None,,,,,,,,,,,,,,,,,,,,,,,,,,,,,,,,,1.0,,,
7,EUW1_5971420385,TFT7_Augment_BruiserEmblem,TFT6_Augment_Electrocharge2,TFT6_Augment_CelestialBlessing2,0.0,,,2.0,,,1.0,,,0.0,,0.0,0.0,0.0,,,,,,1.0,,,,,1.0,,,3.0,,,,,,,,,,,,,,,,,,,,,,,,,,,,,,,,,,,,,,,,,,,,,,,,,1.0,TitansResolve,Bloodthirster,,2.0,GuinsoosRageblade,Bloodthirster,ArchangelsStaff,,,,,,,,,,,,,,,,,,,,,,,,,,,,,,,,,,,,,,,,,,,,,,,,,,,,,2.0,BruiserEmblemItem,RedBuff,,,,,,,,,,,,,,2.0,TitanicHydra,GiantsBelt,,,,,,1.0,,,,,,,,,,,,,,,,,,,,,,,,,,,,,,,,,,,,,,,,,,,,2.0,,,,,,,,,,,,,,,,2.0,,,,,,None,None,,,,,,,,,,,,,,,,,,,,,,,,,,,,,,,,,,,,
4,EUW1_5971420385,TFT6_Augment_Traitless2,TFT6_Augment_TargetDummies,TFT6_Augment_SalvageBin,0.0,,,0.0,,,1.0,0.0,0.0,1.0,1.0,,0.0,,0.0,,0.0,0.0,0.0,,1.0,,,0.0,0.0,,0.0,,,,,,,,,,,,,,,,,,,,,,,,,,2.0,,,,,,,,,,,,,,,,2.0,WarmogsArmor,Shroud,,,,,,,,,,,,,,,,,,,,,,,,,,,,,,,,,,,,,,,,,,,,,,,,,,,,,,,,,,,,,,,,,,,,,,,,,,,,,,,,,,2.0,,,,,,,,,,,,,,,,,,,,,,,,,,,,,,,,,,,,,,,,1.0,JeweledGauntlet,NeedlesslyLargeRod,,,,,,,,,,,,,,,,,,2.0,ZekesHerald,PowerGauntlet,,,,,,,,,,,,None,None,,,,,,,,,,,,,,,,,,,,,2.0,GuinsoosRageblade,MadredsBloodrazor,UnstableConcoction,1.0,HextechGunblade,LastWhisper,ShimmerscaleGamblersBlade,,,,,,,,
2,EUW1_5971420385,TFT6_Augment_CyberneticImplants2,TFT7_Augment_DragonHorde,TFT7_Augment_PandorasBench,1.0,,,1.0,,,2.0,0.0,,1.0,1.0,,,0.0,0.0,,,,,,1.0,,,,,,0.0,3.0,,,,,,,,,,,,,,,,,,,,,,,,,,,,,,,,,,,,,,,,,2.0,RedBuff,GargoyleStoneplate,WarmogsArmor,,,,,2.0,ShimmerscaleGamblersBlade,UnstableConcoction,UnstableConcoction,,,,,,,,,,,,,,,,,,,,,,,,,,,,,,,,,,,,,,,,,,,,,,,,,,,,,,,,,,,,,,,,,,,,,,,,,,,,,2.0,UnstableConcoction,FrozenHeart,,,,,,,,,,,,,,,,,,,,,,,,,,,,,,,,,,,,,,,,,,,,,,1.0,SparringGloves,,,,,,,1.0,,,,,,,,2.0,NeedlesslyLargeRod,,,,,None,None,,,,,,,,,,,,,,,,,,,,,,,,,2.0,Bloodthirster,,,,,,,,,,
5,EUW1_5971420385,TFT6_Augment_RichGetRicher,TFT6_Augment_Diversify2,TFT7_Augment_BestFriends2,,,1.0,,1.0,,1.0,,1.0,1.0,1.0,,,,,1.0,,1.0,0.0,,1.0,,,,,1.0,,,,,,,,,,,,,,,,,,,,,,,1.0,,,,1.0,,,,2.0,ShimmerscaleGamblersBlade,MadredsBloodrazor,LastWhisper,,,,,,,,,1.0,WarmogsArmor,DragonsClaw,ArchangelsStaff,,,,,,,,,,,,,,,,,,,,,,,,,,,,,,,,,,,,,,,,,,,,,,,,,,,,,,,,,2.0,,,,,,,,,,,,,,,,,,,,,,,,,,,,,,,,,,,,,,,,,,,,,,,,,,,,,,,,,,,,,,,,2.0,ArchangelsStaff,Morellonomicon,Quicksilver,,,,,,,,,,,,,,,,,,,,,,,,,,,,,3.0,TrainerSnax,None,None,2.0,,,,,,,,,,,,,,,,,,,,,,,,,,,,,,,,,,,
8,EUW1_5971420385,TFT6_Augment_PortableForge,TFT6_Augment_RichGetRicherPlus,TFT7_Augment_RagewingScorch,1.0,,,1.0,,0.0,,,,,2.0,,0.0,,,,1.0,,,,,,,1.0,1.0,,0.0,,,,,,,,,,,,,,,,,,,,,,,,,,,,,,,,,,,,,,,,,,,,,,,,,,,,,,,,,,,,,,,,,,2.0,RedBuff,,,,,,,,,,,,,,,,,,,,,,,,,,,,,,,,,,,,,,,,,,,,,,,,,,,,,,,,,,,1.0,,,,,,,,1.0,FrozenHeart,,,,,,,,,,,,,,,,,,,2.0,,,,,,,,,,,,,,,,,,,,,,,,,,,,,,,,2.0,InfinityEdge,Bloodthirster,,,,,,,,,,,,None,None,,,,,1.0,,,,,,,,,,,,,,,,1.0,GuinsoosRageblade,Deathblade,OrnnInfinityForce,,,,,,,,,,,,
6,EUW1_5971420385,TFT6_Augment_CyberneticUplink2,TFT6_Augment_CelestialBlessing2,TFT6_Augment_SecondWind2,,,,,2.0,,1.0,,1.0,1.0,,,,,,0.0,,2.0,0.0,,1.0,,,,,1.0,,,,,,,,,,,,,,,,,,,,,,,,,,,2.0,RedBuff,,,2.0,LastWhisper,GuinsoosRageblade,ShimmerscaleGamblersBlade,,,,,,,,,1.0,WarmogsArmor,BrambleVest,,,,,,,,,,,,,,,,,,,,,,,,,,,,,,,,,,1.0,,,,,,,,,,,,,,,,,,,,,,,,1.0,GiantsBelt,,,,,,,,,,,,,,,,,,,,,,,,,,,,,,,,,,,,,,,,,,,,,,,,,,,,,,,,,,,,,,,2.0,MadredsBloodrazor,,,,,,,,,,,,,,,,,,,,,,,,,,,,,,,1.0,TrainerSnax,None,None,2.0,SparringGloves,,,,,,,,,,,,,,,,,,,,,,,,,,,,,,,,,,
3,EUW1_5971420385,TFT7_Augment_GadgetExpert,TFT7_Augment_DragonHorde,TFT6_Augment_PortableForge,,,,1.0,,,2.0,,,0.0,,0.0,,0.0,,,,,,,1.0,,1.0,,1.0,,,2.0,,,,,,,,,2.0,ArchangelsStaff,UnstableConcoction,ArchangelsStaff,,,,,,,,,,,,,,,,,,,,,,,,,,,,,2.0,BrambleVest,Quicksilver,,,,,,2.0,Bloodthirster,RedBuff,InfinityEdge,,,,,,,,,,,,,,,,,,,,,,,,,,,,,,,,,,,,,,,,,,,,,,,,,,,,,,,,,,,,,,,,,,,,,,,,,,,,,,,,,,,,,,,,,,,,,,,,,,,,,,,,,,,,,,,,,,,,,2.0,ShimmerscaleGamblersBlade,StatikkShiv,,,,,,2.0,OrnnRanduinsSanctum,ShimmerscaleEmblemItem,TearOfTheGoddess,,,,,,,,,,,,,,,,,,,None,None,,,,,,,,,,,,,,,,,,,,,,,,,,,,,,,,,,,,
1,EUW1_5971420385,TFT6_Augment_TriForce2,TFT6_Augment_Distancing2,TFT6_Augment_Diversify2,,1.0,1.0,1.0,,,,,0.0,,2.0,,,3.0,,2.0,,,,,0.0,1.0,,,,1.0,,0.0,,,,,,,,,,,,,,,,,,,,,2.0,,,,,,,,,,,,,,,,,,,,,,,,,,,,,,,,,,,,,,,,,,,,,,,,2.0,,,,3.0,MageEmblemItem,TitansResolve,,,,,,,,,,,,,,,,,,,,,,,,,,2.0,TearOfTheGoddess,,,2.0,,,,,,,,,,,,,,,,,,,,,,,,,,,,,,,,2.0,SpearOfShojin,RabadonsDeathcap,,,,,,,,,,,,,,,,,,,,,,,,,,,,,,,,,,,,,,2.0,TitanicHydra,TitansResolve,GargoyleStoneplate,,,,,,,,,,,,,,,,,4.0,TrainerSnax,None,None,,,,,,,,,,,,,2.0,,,,,,,,,,,,,,,,,,,,2.0,StatikkShiv,GuardianAngel,
3,EUW1_5971860574,TFT7_Augment_MirageEmblem,TFT6_Augment_SecondWind2,TFT6_Augment_WindfallPlusPlus,0.0,,,,,3.0,1.0,,,,1.0,,,0.0,2.0,,0.0,,0.0,,,,,,,,,0.0,,,,,,,,,,,,,,,,,,,,,,,,,,,,,,,,,,,,,2.0,ArchangelsStaff,MadredsBloodrazor,HextechGunblade,,,,,,,,,,,,,,,,,,,,,,,,,1.0,MirageEmblemItem,ArchangelsStaff,,,,,,,,,,,,,,,,,,,,,,,,,,,,,,2.0,,,,,,,,,,,,,,,,,,,,3.0,RedBuff,WarmogsArmor,IonicSpark,,,,,,,,,1.0,,,,,,,,,,,,1.0,PowerGauntlet,,,,,,,,,,,,,,,,,,,,,,,,,,,,,,,,,,,,,,,,,,,,,,,,,,,,,,,,,None,None,,,,,,,,,,,,,,,,,,,,,,,,,,,,,,,,,,,,
6,EUW1_5971860574,TFT6_Augment_LudensEcho2,TFT6_Augment_JeweledLotus,TFT6_Augment_MakeshiftArmor3,,,1.0,,,,1.0,0.0,1.0,,1.0,2.0,0.0,,0.0,2.0,,,,1.0,,,,,,0.0,0.0,,,,,,2.0,HextechGunblade,StatikkShiv,InfinityEdge,,,,,,,,,,,,,1.0,ZekesHerald,,,,,,,,,,,,,,,,,,,,,,,2.0,,,,,,,,,,,,,,,,2.0,,,,,,,,,,,,,,,,,,,,,,,,,,,,,,,,,,,,,,,,2.0,,,,,,,,1.0,BrambleVest,RedBuff,DragonsClaw,,,,,,,,,,,,,,,,,,,,,,,,,,,,,,,,,,,,,,,,,,,,,,,,,,,,,,,,,,,,,,,,,,,,,,,,,,,,,,,,,,,,,,,None,None,,,,,,,,,,,,,,,,,,,,,,,,,2.0,,,,,,,,,,,
1,EUW1_5971860574,TFT6_Augment_CyberneticUplink2,TFT6_Augment_Distancing2,TFT6_Augment_HighEndShopping,,0.0,1.0,1.0,,,,,0.0,,2.0,,,2.0,,2.0,,,,,0.0,1.0,,,,1.0,,0.0,,,,,,,,,,,,,,,,,,,,,2.0,NeedlesslyLargeRod,,,,,,,,,,,,,,,,,,,,,,,,,,,,,,,,,,,,,,,,,,,,,,,1.0,,,,2.0,RedBuff,Zephyr,,,,,,,,,,,,,,,,,,,,,,,,,,2.0,RedBuff,,,3.0,GuinsoosRageblade,,,,,,,,,,,,,,,,,,,,,,,,,,,,,,,2.0,MadredsBloodrazor,UnstableConcoction,JeweledGauntlet,,,,,,,,,,,,,,,,,,,,,,,,,,,,,,,,,,,,,2.0,ThiefsGloves,TearOfTheGoddess,SpearOfShojin,,,,,,,,,,,,,,,,,2.0,TrainerSnax,None,None,,,,,,,,,,,,,,,,,,,,,,,,,,,,,,,,,2.0,JeweledGauntlet,,
2,EUW1_5971860574,TFT6_Augment_LudensEcho2,TFT6_Augment_PortableForge,TFT7_Augment_BestFriends3,,0.0,1.0,1.0,,,1.0,,0.0,,1.0,,,1.0,,1.0,,,,,0.0,1.0,,,1.0,1.0,,0.0,,,,,,,,,1.0,HextechGunblade,MadredsBloodrazor,OrnnMuramana,,,,,,,,,1.0,Quicksilver,JeweledGauntlet,,,,,,,,,,,,,,,,,,,,,,,,,,,,,,,,,,,,,,,,,,,,,,1.0,,,,2.0,ThiefsGloves,GiantsBelt,GargoyleStoneplate,,,,,,,,,,,,,,,,,,,,,,,,,2.0,ThiefsGloves,TearOfTheGoddess,SeraphsEmbrace,,,,,,,,,,,,,,,,,,,,,,,,,,,,,,,,,,,,,,,,,,,,,,,,,,,,,,,,,,,,,,,,,,,,,,,,,2.0,GargoyleStoneplate,IonicSpark,TitansResolve,,,,,,,,,,,,,,,,,3.0,TrainerSnax,None,None,,,,,,,,,,,,,,,,,,,,,,,,,,,,,,,,,1.0,ThiefsGloves,Chalice,RabadonsDeathcap
7,EUW1_5971860574,TFT6_Augment_ThreesCompany,TFT7_Augment_BigFriend2,TFT6_Augment_FuturePeepers2,,,,,,,1.0,,,2.0,,0.0,,,,,,,0.0,1.0,1.0,,,,,,,1.0,,,,,,,,,,,,,,,,,,,,,,,,,2.0,Shroud,,,,,,,,,,,,,,,2.0,RedBuff,ShimmerscaleHeartOfGold,Redemption,,,,,,,,,3.0,GuardianAngel,ArchangelsStaff,Bloodthirster,,,,,2.0,GuinsoosRageblade,GuardianAngel,,,,,,,,,,,,,,,,,,,,,,,,,,,,,,,,,,,,,,,,,,,,,,,,,,,,,,,,,,,,,,,,,,,,,,,,,,,,,,,,,,,,,,,,,,,,,,,,,,,,,,,,,,,,,,,,,,,,,,,,,,,,,,2.0,,,,3.0,ZephyrRadiant,,,,,None,None,,,,,,,,,,,,,,,,,,,,,,,,,,,,,,,,,,,,
5,EUW1_5971860574,TFT6_Augment_TrueTwos,TFT7_Augment_BestFriends2,TFT7_Augment_CannoneerEmblem2,0.0,,,,3.0,,,,1.0,1.0,,,,,,0.0,,2.0,0.0,,,,,,,1.0,,0.0,,,,,,,,,,,,,,,,,,,,,,,,,3.0,GargoyleStoneplate,FrozenHeart,BrambleVest,1.0,,,,,,,,,,,,,,,,,,,,,,,,,,,,,,,,,,,,,,,,,,,,,,,,2.0,BFSword,,,,,,,,,,,,,,,,,,,,,,,2.0,SeraphsEmbrace,CannoneerEmblemItem,,,,,,,,,,,,,,,,,,,,,,,,,,,,,,,,,,,,,,,,,,,,,,,,,,,,,,,,,,,,,,2.0,AssassinEmblemItem,,,,,,,,,,,,,,,,,,,,,,,,,,,2.0,Redemption,,,4.0,TrainerSnax,None,None,3.0,RunaansHurricane,Quicksilver,MadredsBloodrazor,,,,,,,,,,,,,,,,,,,,,,,,,,,,,,,,
8,EUW1_5971860574,TFT6_Augment_SecondWind2,TFT7_Augment_Preparation2,TFT6_Augment_RadiantRelics,0.0,,,0.0,,1.0,1.0,,,,3.0,,,,,,2.0,,,0.0,,,,1.0,,,0.0,,,,,,,,,,,,,,,,,,,,,,,,,,,,,,,,,,,,,,,,,,,,,,,,,,,,,,,,,,,,,,,,,,2.0,ThiefsGloves,RecurveBow,RunaansHurricane,,,,,,,,,,,,,,,,,,,,,,,,,,,,,,,,,,,,,,,,,,,,,,,,,,,,,,,,,,,,,,,,,,,,,,,,,2.0,,,,,,,,,,,,2.0,,,,1.0,LocketOfTheIronSolari,Morellonomicon,,,,,,,,,,,,,,,,,,,,,,,,,,2.0,UnstableConcoction,RapidFireCannon,InfinityEdge,,,,,,,,,,,None,None,,,,,2.0,RecurveBow,,,,,,,,,,,,,,,2.0,GiantSlayerRadiant,Quicksilver,GuinsoosRageblade,,,,,,,,,,,,
4,EUW1_5971860574,TFT7_Augment_ShapeshifterBeastsDen,TFT6_Augment_Featherweights2,TFT7_Augment_UrfsGrabBag2,,0.0,,,,,1.0,0.0,,0.0,,1.0,,,,,1.0,,,3.0,,,1.0,,,,,1.0,,,,,,,,,,,,,,,,,,,,,,,,,,,,,,,,,,,,,,,,,,,,,,,,,,,,,2.0,,,,,,,,2.0,LastWhisper,,,,,,,,,,,,,,,,,,,,,,,,,,,,,,,,,,,,,,,,,,,,,,,2.0,BrambleVest,WarmogsArmor,DragonsClaw,3.0,Quicksilver,GuinsoosRageblade,MadredsBloodrazor,,,,,,,,,,,,,,,,,,,,,,,,,,,,,,,,,,,,,,,,,1.0,UnstableConcoction,Bloodthirster,UnstableConcoction,,,,,,,,,1.0,,,,2.0,,,,,,,,,,,,,,,,,,,,2.0,ForceOfNature,,,,,None,None,,,,,,,,,,,,,,,,,,,,,,,,,,,,,,,,,,,,
1,EUW1_5971949247,TFT7_Augment_GadgetExpert,TFT7_Augment_RagewingScorch,TFT6_Augment_Diversify2,0.0,,,,,1.0,1.0,2.0,,,,1.0,,,0.0,,2.0,,,2.0,,,,0.0,,,0.0,,,,,,,,,,,,,,2.0,ZekesHerald,PowerGauntlet,Chalice,,,,,,,,,,,,,,,,,,,,,,,,,,,,,,,,,,,,,,,,,,,,,2.0,DragonmancerEmblemItem,,,2.0,,,,,,,,,,,,,,,,2.0,,,,,,,,,,,,,,,,,,,,,,,,,,,,2.0,CavalierEmblemItem,TitansResolve,GargoyleStoneplate,,,,,,,,,,,,,,,,,,,,,,,,,,,,,,,,,,,,,1.0,,,,,,,,2.0,PowerGauntlet,,,,,,,,,,,,,,,3.0,Quicksilver,StatikkShiv,GuinsoosRageblade,,,,,,,,,,,,,,,,,,,,,,,None,None,,,,,,,,,,,,,,,,,,,,,,,,,1.0,AssassinEmblemItem,,,,,,,,,,
2,EUW1_5971949247,TFT6_Augment_TriForce2,TFT6_Augment_Twins2,TFT6_Augment_ComponentGrabBag,,0.0,1.0,1.0,,,,0.0,,,2.0,,0.0,,0.0,0.0,,,,,,,,1.0,0.0,,0.0,,,,,,,,,,,,,,,,,,,,,,2.0,,,,,,,,,,,,,,,,,,,,,,,,,,,,,,,,,,,,,,,,,,,,,,,,,,,,2.0,LocketOfTheIronSolari,WarmogsArmor,GargoyleStoneplate,,,,,,,,,,,,,,,,,,,,,,,,,,,,,,,,,,,,,,,,,,,,,,,,,2.0,ThiefsGloves,DragonsClaw,HextechGunblade,,,,,,,,,,,,,,,,,,,,,,,,,,,,,,,,,,,,,,,,,,,,,,,,,,,,,,,,,,,,,,,,,,,,,,,None,None,,,,,2.0,,,,2.0,RapidFireCannon,Deathblade,UnstableConcoction,,,,,,,,,,,,,2.0,Bloodthirster,GargoyleStoneplate,Quicksilver,,,,,,,,
3,EUW1_5971949247,TFT6_Augment_Ascension,TFT7_Augment_BestFriends2,TFT6_Augment_PortableForge,,,1.0,,1.0,,1.0,,1.0,1.0,1.0,0.0,,,,1.0,,2.0,0.0,,1.0,,1.0,,,1.0,,,,,,,,,,,,,,,,,,,,,,,2.0,,,,2.0,DragonsClaw,,,3.0,UnstableConcoction,GuinsoosRageblade,ShimmerscaleDravensAxe,,,,,,,,,2.0,WarmogsArmor,OrnnEternalWinter,RedBuff,,,,,,,,,,,,,,,,,,,,,,,,,,,,,,,,,,,,,,,,,,,,,,,,,,,,,,,,,2.0,PowerGauntlet,RevelEmblemItem,,,,,,,,,,,,,,,,,,,,,,,,,,,,,,,,,,,,,,,,,,,,,,,,,,,,,,,,,,,,,,2.0,Quicksilver,,,2.0,,,,,,,,,,,,,,,,,,,,,,,,,,,,4.0,TrainerSnax,None,None,2.0,GuinsoosRageblade,StatikkShiv,RapidFireCannon,,,,,,,,,,,,,,,,,,,,,,,,,,,,,,,,
6,EUW1_5971949247,TFT6_Augment_Distancing2,TFT6_Augment_Ascension,TFT6_Augment_CelestialBlessing2,,0.0,1.0,1.0,,,1.0,0.0,0.0,,1.0,,0.0,0.0,0.0,2.0,,,,,,,,,2.0,0.0,0.0,0.0,,,,,,,,,1.0,MadredsBloodrazor,ArchangelsStaff,SpearOfShojin,,,,,,,,,1.0,RecurveBow,,,,,,,,,,,,,,,,,,,,,,,,,,,,,,,,,,,,,,,,,,,,,,,,,,,,,,,,,,,,,,,,,,,,,,,,,,,,,,,2.0,,,,1.0,,,,,,,,,,,,,,,,,,,,2.0,ThiefsGloves,DragonsClaw,HextechGunblade,,,,,,,,,,,,,,,,,,,,,,,,,,,,,,,,,,,,,,,,,,,,,,,,,2.0,GargoyleStoneplate,IonicSpark,DragonsClaw,,,,,,,,,,,,,,,,,,,None,None,,,,,,,,,,,,,,,,,,,,,,,,,1.0,,,,,,,,,,,
8,EUW1_5971949247,TFT7_Augment_GadgetExpert,TFT6_Augment_RichGetRicherPlus,TFT6_Augment_SecondWind2,1.0,,,1.0,,0.0,,0.0,,,1.0,0.0,0.0,,0.0,,1.0,,,,,,,1.0,1.0,,1.0,,,,,,,,,,,,,,1.0,StatikkShiv,NeedlesslyLargeRod,,,,,,,,,,,,,,,,,,,,,,,,,,,,,,,,,,,,,,,,,,,,,,,,,,2.0,,,,,,,,,,,,,,,,,,,,,,,,,,,,,,,,,,,,,,,,,,,,,,,,,,,,,,,,,,,,2.0,RedBuff,GargoyleStoneplate,,,,,,2.0,,,,,,,,,,,,,,,,,,,,1.0,,,,,,,,,,,,,,,,,,,,,,,,,,,,,,,,1.0,,,,,,,,,,,,,,None,None,,,,,,,,,,,,,,,,,,,,,1.0,GuinsoosRageblade,MadredsBloodrazor,,1.0,,,,,,,,,,,
5,EUW1_5971949247,TFT6_Augment_ClearMind,TFT6_Augment_PortableForge,TFT6_Augment_ThrillOfTheHunt2,,,1.0,,1.0,,1.0,0.0,1.0,1.0,1.0,,,,0.0,1.0,,1.0,,,1.0,,,,,1.0,1.0,,,,,,,,,,,,,,,,,,,,,,1.0,,,,,,,,2.0,MadredsBloodrazor,GuinsoosRageblade,InfinityEdge,,,,,,,,,1.0,OrnnEternalWinter,GargoyleStoneplate,WarmogsArmor,,,,,,,,,,,,,,,,,,,,,,,,,,,,,,,,,,,,,,,,,,,,,,,,,,,,,,,,,2.0,,,,,,,,,,,,,,,,,,,,,,,,,,,,,,,,,,,,,,,,,,,,,,,,,,,,,,,,,,,,,,,,2.0,NeedlesslyLargeRod,,,,,,,,,,,,,,,,,,,,,,,,,,,,,,,2.0,TrainerSnax,None,None,2.0,WarriorEmblemItem,ShimmerscaleDravensAxe,,,,,,,,,,,,,,,,,,,,,,1.0,GuardianAngel,GuardianEmblemItem,,,,,,,,,
7,EUW1_5971949247,TFT6_Augment_RichGetRicher,TFT6_Augment_TargetDummies,TFT6_Augment_PortableForge,1.0,,,1.0,,1.0,,,,,3.0,,0.0,,,,1.0,,,,,,,1.0,1.0,,0.0,,,,,,,,,,,,,,,,,,,,,,,,,,,,,,,,,,,,,,,,,,,,,,,,,,,,,,,,,,,,,,,,,,1.0,,,,,,,,,,,,,,,,,,,,,,,,,,,,,,,,,,,,,,,,,,,,,,,,,,,,,,,,,,,,2.0,WarmogsArmor,GargoyleStoneplate,IonicSpark,,,,,2.0,,,,,,,,1.0,,,,,,,,,,,,2.0,,,,,,,,,,,,,,,,,,,,,,,,,,,,,,,,2.0,ThiefsGloves,WarmogsArmor,GargoyleStoneplate,,,,,,,,,,,None,None,,,,,2.0,StatikkShiv,,,,,,,,,,,,,,,2.0,RunaansHurricane,OrnnObsidianCleaver,MadredsBloodrazor,,,,,,,,,,,,
4,EUW1_5971949247,TFT7_Augment_MageConference,TFT7_Augment_AxiomArc2,TFT6_Augment_CyberneticShell2,,1.0,,1.0,,0.0,,,,,1.0,,,3.0,,0.0,,,0.0,,0.0,1.0,,,,0.0,,0.0,,,,,,,,,,,,,,,,,,,,,,,,,,,,,,,,,,,,,,,,,,,,,,,,,,,,,,,,,,,,,,,,,,,,,3.0,RabadonsDeathcap,,,2.0,MageEmblemItem,,,,,,,,,,,,,,,,,,,,,,,3.0,NeedlesslyLargeRod,,,,,,,3.0,RecurveBow,,,,,,,,,,,,,,,,,,,,,,,,,,,,,,,3.0,SpearOfShojin,MadredsBloodrazor,ArchangelsStaff,,,,,,,,,,,,,,,,,,,,,,,,,,,,,,,,,,,,,2.0,RedBuff,,,,,,,,,,,,,,,,,,,,,None,None,,,,,,,,,,,,,3.0,ThiefsGloves,Bloodthirster,UnstableConcoction,,,,,,,,,,,,,,,,,1.0,SeraphsEmbrace,,
3,EUW1_5971637691,TFT6_Augment_CyberneticImplants2,TFT6_Augment_Weakspot,TFT6_Augment_Diversify1,1.0,,,1.0,,3.0,,,,,3.0,,0.0,,,,1.0,,,,,,,1.0,1.0,,0.0,,,,,,,,,,,,,,,,,,,,,,,,,,,,,,,,,,,,,,,,,,,,,,,,,,,,,,,,,,,,,,,,,,2.0,GargoyleStoneplate,,,,,,,,,,,,,,,,,,,,,,,,,,,,,,,,,,,,,,,,,,,,,,,,,,,,,,,,,,,2.0,Bloodthirster,,,,,,,2.0,TearOfTheGoddess,,,,,,,2.0,ZekesHerald,,,,,,,,,,,2.0,CavalierEmblemItem,,,,,,,,,,,,,,,,,,,,,,,,,,,,,,,2.0,CavalierEmblemItem,InfinityEdge,WarmogsArmor,,,,,,,,,,,None,None,,,,,2.0,GuinsoosRageblade,,,,,,,,,,,,,,,2.0,GuinsoosRageblade,MadredsBloodrazor,GuardianAngel,,,,,,,,,,,,
8,EUW1_5971637691,TFT7_Augment_WarriorEmblem,TFT6_Augment_Weakspot,TFT7_Augment_BandOfThieves1,1.0,,,2.0,,,,,,,1.0,,0.0,0.0,0.0,,0.0,,1.0,,,,,,0.0,,2.0,0.0,,,,,,,,,,,,,,,,,,,,,,,,,,,,,,,,,2.0,ThiefsGloves,Bloodthirster,HextechGunblade,,,,,,,,,,,,,,,,,,,,,,,,,,,,,,,,,,,,,,,,,,,,,,,,,,,,,,,,,,,,,,,,,,,,,,,,,,,,,,,,,,,,,2.0,Bloodthirster,InfinityEdge,GuinsoosRageblade,2.0,ThiefsGloves,GiantsBelt,GargoyleStoneplate,,,,,,,,,,,,,,,,,,,,,,,,,2.0,Redemption,TearOfTheGoddess,,,,,,,,,,,,,,,,,,,,,,1.0,,,,,,,,2.0,WarriorEmblemItem,DragonsClaw,,,,,,,,,,,,None,None,,,,,,,,,,,,,,,,,,,,,,,,,,,,,2.0,,,,,,,
6,EUW1_5971637691,TFT7_Augment_SwiftshotPressTheAttack,TFT7_Augment_BandOfThieves1,TFT6_Augment_FirstAidKit,,1.0,,1.0,,,1.0,0.0,,0.0,1.0,,0.0,0.0,,0.0,,,,,1.0,,,1.0,1.0,,,,,,,,,,,,,,,,,,,,,,,,,,,,,,,,,,,,,,,,,,,,1.0,WarmogsArmor,,,,,,,,,,,,,,,,,,,,,,,,,,,,,,,3.0,FrozenHeart,LocketOfTheIronSolari,WarmogsArmor,,,,,,,,,,,,,1.0,,,,,,,,,,,,,,,,3.0,FrozenHeart,ShimmerscaleHeartOfGold,,,,,,,,,,,,,,,,,,1.0,ThiefsGloves,RunaansHurricane,ArchangelsStaff,,,,,,,,,,,,,,,,,,,,,,,,,,,,,,,,,,,,,,,,,,,,,,,,,,,,,,,,,,,,,,,,,,,,,,,None,None,,,,,2.0,,,,3.0,Deathblade,Quicksilver,GuinsoosRageblade,,,,,,,,,,,,,,,,,,,,,,,,
2,EUW1_5971637691,TFT6_Augment_Electrocharge2,TFT6_Augment_ThrillOfTheHunt1,TFT6_Augment_CyberneticImplants1,1.0,,1.0,1.0,,,1.0,0.0,,,2.0,,0.0,0.0,0.0,0.0,,,,,,,,,1.0,,1.0,2.0,,,,,,,,,,,,,,,,,,,,,2.0,,,,,,,,,,,,,,,,,,,,,,,,,,,,2.0,GuinsoosRageblade,Quicksilver,TitansResolve,,,,,,,,,,,,,,,,,,,,,,,,,,,,,,,,,,,,,,,,,,,,,,,,,,,,,,,,,,,,,,,,,,,,,,,,,1.0,RedBuff,,,2.0,GuinsoosRageblade,,,2.0,FrozenHeart,IonicSpark,,,,,,,,,,,,,,,,,,,,,,,,,,,,,,,,,,,,,,,,,,2.0,,,,,,,,2.0,WarriorEmblemItem,GuinsoosRageblade,,,,,,,,,,,,None,None,,,,,,,,,,,,,,,,,,,,,,,,,2.0,GuardianAngel,Shroud,,,,,,,,,
7,EUW1_5971637691,TFT7_Augment_ClutteredMind,TFT6_Augment_SecondWind1,TFT6_Augment_Meditation1,,1.0,,1.0,,,,,1.0,,1.0,,,2.0,,1.0,,0.0,,,,,,,,1.0,,0.0,,,,,,,,,,,,,,,,,,,,,,,,,,,,,,,,,,,,,,,,,,,,,,,,,,,,,,,,,,,,,,,,,,,,,2.0,,,,3.0,ChainVest,,,,,,,,,,,,,,,,,,,,,,,,,,,2.0,PowerGauntlet,Redemption,,3.0,,,,,,,,,,,,,,,,,,,,,,,,,,,,,,,,2.0,SpearOfShojin,MadredsBloodrazor,GuinsoosRageblade,,,,,,,,,,,,,,,,,,,,,,,,,1.0,,,,,,,,,,,,2.0,RedBuff,IonicSpark,,,,,,,,,,,,,,,,,,3.0,TrainerSnax,None,None,,,,,,,,,,,,,2.0,,,,,,,,,,,,,,,,,,,,,,,
5,EUW1_5971637691,TFT6_Augment_SalvageBin,TFT6_Augment_CelestialBlessing1,TFT6_Augment_Weakspot,1.0,,,2.0,,,1.0,,,,1.0,,0.0,0.0,,,0.0,,,0.0,,,,,0.0,,0.0,3.0,,,,,,,,,,,,,,,,,,,,,,,,,,,,,,,,,,,,,,,,,,,,,,,,,2.0,RunaansHurricane,Bloodthirster,Quicksilver,1.0,,,,,,,,,,,,,,,,,,,,,,,,,,,,,,,,,,,,,,,,,,,,,,,,,,,,,,,,,,,,,,,,,,,,,,,,1.0,TitanicHydra,,,1.0,ThiefsGloves,PowerGauntlet,Shroud,,,,,,,,,,,,,,,,,,,,,1.0,Shroud,,,,,,,,,,,,,,,,,,,,,,,2.0,LocketOfTheIronSolari,LocketOfTheIronSolari,PowerGauntlet,,,,,1.0,JeweledGauntlet,,,,,,,,,,,,,None,None,,,,,,,,,,,,,,,,,,,,,,,,,,,,,,,,,,,,
1,EUW1_5971637691,TFT7_Augment_BruiserTitanicStrength,TFT6_Augment_Electrocharge1,TFT7_Augment_BestFriends1,1.0,,,2.0,,,1.0,,,,,0.0,0.0,0.0,,,0.0,,,1.0,,,,,0.0,,0.0,3.0,,,,,,,,,,,,,,,,,,,,,,,,,,,,,,,,,,,,,,,,,,,,,,,,,2.0,Bloodthirster,Deathblade,LastWhisper,3.0,UnstableConcoction,AssassinEmblemItem,GuinsoosRageblade,,,,,,,,,,,,,,,,,,,,,,,,,,,,,,,,,,,,,,,,,,,,,,,,,,,,,2.0,,,,,,,,,,,,,,,,2.0,NegatronCloak,BrambleVest,,2.0,RedBuff,RapidFireCannon,HextechGunblade,,,,,,,,,,,,,,,,,,,,,2.0,ZekesHerald,,,,,,,,,,,,,,,,,,,,,,,2.0,,,,,,,,,,,,,,,,,,,,,,None,None,,,,,,,,,,,,,,,,,,,,,,,,,,,,,,,,,,,,
4,EUW1_5971637691,TFT7_Augment_SwiftshotPressTheAttack,TFT7_Augment_BandOfThieves1,TFT6_Augment_SecondWind1,1.0,,,1.0,,1.0,,,,,3.0,,0.0,,,,1.0,,,,,,,1.0,1.0,,0.0,,,,,,,,,,,,,,,,,,,,,,,,,,,,,,,,,,,,,,,,,,,,,,,,,,,,,,,,,,,,,,,,,,2.0,ThiefsGloves,TearOfTheGoddess,SpearOfShojin,,,,,,,,,,,,,,,,,,,,,,,,,,,,,,,,,,,,,,,,,,,,,,,,,,,,,,,,,2.0,NeedlesslyLargeRod,,,,,,,1.0,,,,,,,,2.0,Zephyr,,,,,,,,,,,2.0,RedBuff,,,,,,,,,,,,,,,,,,,,,,,,,,,,,,,2.0,Deathblade,Quicksilver,InfinityEdge,,,,,,,,,,,None,None,,,,,2.0,,,,,,,,,,,,,,,,2.0,MadredsBloodrazor,GuinsoosRageblade,Quicksilver,,,,,,,,,,,,
1,EUW1_5971670313,TFT7_Augment_UrfsGrabBag1,TFT6_Augment_Distancing2,TFT6_Augment_RadiantRelics,,,,1.0,,0.0,1.0,0.0,,1.0,1.0,,0.0,,0.0,,1.0,,,,1.0,,,1.0,0.0,,1.0,0.0,,,,,,,,,,,,,,,,,,,,,,,,,,,,,,,,,,,,,,,,,2.0,DragonsClaw,RedBuff,WarmogsArmor,,,,,,,,,,,,,,,,,,,,,1.0,,,,,,,,,,,,,,,,,,,,,,,,,,,,,,,,,,,,,,,,,,,,,,,,,,,,,,,,,,,,2.0,,,,,,,,,,,,,,,,,,,,,,,,,,,,2.0,NeedlesslyLargeRod,,,,,,,,,,,,,,,,,,,,,,,,,,,,,,,,,,,,,,,2.0,Zephyr,,,,,None,None,,,,,2.0,StatikkShiv,ShimmerscaleHeartOfGold,,,,,,,,,,,,,,2.0,InfinityEdge,MadredsBloodrazor,QuicksilverRadiant,1.0,Bloodthirster,Bloodthirster,,,,,,,,,
6,EUW1_5971670313,TFT7_Augment_ClutteredMind,TFT6_Augment_ThrillOfTheHunt2,TFT6_Augment_Diversify3,1.0,,,0.0,,1.0,,0.0,,,3.0,,0.0,,,,1.0,,,,,,,1.0,1.0,,,,,,,,,,,,,,,,,,,,,,,,,,,,,,,,,,,,,,,,,,,,,,,,,,,,,,,,,,,,,,,,,,,,2.0,,,,,,,,,,,,,,,,,,,,,,,,,,,,,,,,,,,,,,,,,,,,,,,,,,,,,,,,,,,,2.0,WarmogsArmor,Redemption,,,,,,1.0,,,,,,,,2.0,,,,,,,,2.0,,,,,,,,,,,,,,,,,,,,,,,,,,,,,,,,,,,,2.0,JeweledGauntlet,SparringGloves,,,,,,,,,,,,None,None,,,,,1.0,,,,,,,,,,,,,,,,2.0,Quicksilver,UnstableConcoction,GuinsoosRageblade,,,,,,,,,,,,
3,EUW1_5971670313,TFT7_Augment_MirageHallucinate,TFT7_Augment_GadgetExpert,TFT6_Augment_BinaryAirdrop,,,,,,3.0,1.0,0.0,,,1.0,,,0.0,3.0,,0.0,,0.0,,,,,0.0,,,1.0,,,,,,,,,,,,,,,,,,,,,,,,,,,,,,,,,,,,,,2.0,StatikkShiv,Quicksilver,JeweledGauntlet,,,,,,,,,,,,,,,,,,,,,,,,,2.0,RecurveBow,LocketOfTheIronSolari,TitansResolve,,,,,,,,,,,,,,,,,,,,,,,,,,,,,2.0,Chalice,,,,,,,,,,,,,,,,,,,2.0,Redemption,RedBuff,Shroud,,,,,,,,,,,,,,,,,,,,,2.0,,,,,,,,,,,,,,,,,,,,,,,,,,,,,,,,,,,,,,,,,,,,,,,,,,,,,,,,,,None,None,,,,,,,,,,,,,,,,,,,,,,,,,1.0,SwiftshotEmblemItem,Quicksilver,ZekesHerald,2.0,Quicksilver,GuinsoosRageblade,ArchangelsStaff,,,,
4,EUW1_5971670313,TFT6_Augment_LudensEcho2,TFT6_Augment_Meditation2,TFT6_Augment_Meditation3,,,1.0,,,2.0,,0.0,0.0,,1.0,,,1.0,1.0,1.0,0.0,,0.0,,0.0,1.0,,,,1.0,0.0,,,,,,,,,,,,,,,,,,,,,,1.0,StatikkShiv,SpearOfShojin,PowerGauntlet,,,,,,,,,,,,,,,,,,,,,,,,,,,,,,,,,,,,,,,,,2.0,,,,2.0,,,,,,,,,,,,,,,,,,,,,,,,,,,,2.0,,,,2.0,,,,,,,,,,,,,,,,2.0,GargoyleStoneplate,,,,,,,,,,,,,,,,,,,,,,,,,,,,,,,,,,,,,,,,,,,,,,,,,,,,,,,,,,,,,,,,,,,,,,,,,,,,,,,4.0,TrainerSnax,None,None,,,,,,,,,,,,,,,,,,,,,,,,,1.0,HextechGunblade,SeraphsEmbrace,Quicksilver,,,,,1.0,,,
2,EUW1_5971670313,TFT6_Augment_CyberneticUplink2,TFT6_Augment_LudensEcho2,TFT6_Augment_GrandGambler,,0.0,,1.0,,,,,1.0,,1.0,,,2.0,,1.0,,0.0,,,0.0,1.0,,,,1.0,,0.0,,,,,,,,,,,,,,,,,,,,,,,,,,,,,,,,,,,,,,,,,,,,,,,,,,,,,,,,,,,,,,,,,,,,,2.0,StatikkShiv,,,3.0,ChainVest,,,,,,,,,,,,,,,,,,,,,,,,,,,2.0,SparringGloves,,,3.0,NeedlesslyLargeRod,ArchangelsStaff,,,,,,,,,,,,,,,,,,,,,,,,,,,,,,3.0,MadredsBloodrazor,SpearOfShojin,ArchangelsStaff,,,,,,,,,,,,,,,,,,,,,,,,,1.0,,,,,,,,,,,,2.0,RedBuff,TitanicHydra,,,,,,,,,,,,,,,,,,3.0,TrainerSnax,None,None,,,,,,,,,,,,,3.0,,,,,,,,,,,,,,,,,,,,,,,
8,EUW1_5971670313,TFT6_Augment_TrueTwos,TFT7_Augment_DragonHorde,TFT7_Augment_AssassinEmblem2,2.0,,,1.0,,,2.0,,,,1.0,,0.0,0.0,,,,,0.0,,,,,,1.0,,,2.0,,,,,,,,,,,,,,,,,,,,,,,,,,,,,,,,,2.0,ZekesHerald,,,,,,,,,,,,,,,2.0,AssassinEmblemItem,InfinityEdge,,,,,,,,,,,,,,,,,,,,,,,,,,,,,,,,,,,,,,,,,,,,,,,,,,,,,,,,,,,,,,,,,,,,,,,,,,2.0,GargoyleStoneplate,,,,,,,2.0,JeweledGauntlet,StatikkShiv,,,,,,,,,,,,,,,,,,,,,,,,,,,,,,,,,,,,,,,,,,1.0,,,,,,,,2.0,InfinityEdge,,,,,,,,,,,,,None,None,,,,,,,,,,,,,,,,,,,,,,,,,,,,,,,,,,,,
5,EUW1_5971670313,TFT7_Augment_UrfsGrabBag1,TFT6_Augment_BlueBattery2,TFT7_Augment_MageEmblem2,,,1.0,1.0,,,1.0,,0.0,,2.0,,,2.0,,1.0,,,,,0.0,1.0,,,,1.0,,2.0,,,,,,,,,,,,,,,,,,,,,1.0,SpearOfShojin,MageEmblemItem,ZekesHerald,,,,,,,,,,,,,,,,,,,,,,,,,2.0,MageEmblemItem,HextechGunblade,,,,,,,,,,,,,,,,,,2.0,,,,,,,,,,,,,,,,,,,,,,,,,,,,,,,,2.0,,,,,,,,,,,,,,,,,,,,,,,,,,,,,,,,,,,,2.0,SpearOfShojin,RapidFireCannon,JeweledGauntlet,,,,,,,,,,,,,,,,,,,,,,,,,,,,,,,,,,,,,2.0,WarmogsArmor,,,,,,,,,,,,,,,,,,,2.0,TrainerSnax,None,None,,,,,,,,,,,,,,,,,,,,,,,,,,,,,,,,,1.0,ThiefsGloves,Chalice,RabadonsDeathcap
7,EUW1_5971670313,TFT6_Augment_Twins2,TFT6_Augment_TradeSectorPlus,TFT6_Augment_ItemGrabBag2,,1.0,,1.0,,,,,,,1.0,,0.0,0.0,,0.0,,,,,,,,1.0,0.0,,,,,,,,,,,,,,,,,,,,,,,,,,,,,,,,,,,,,,,,,,,,,,,,,,,,,,,,,,,,,,,,,,,,,,,,,,,,2.0,GargoyleStoneplate,WarmogsArmor,GargoyleStoneplate,,,,,,,,,,,,,,,,,,,,,,,,,,,,,3.0,SeraphsEmbrace,JeweledGauntlet,,,,,,,,,,,,,,,,,,1.0,,,,,,,,,,,,,,,,,,,,,,,,,,,,,,,,,,,,,,,,,,,,,,,,,,,,,,,,,,,,,,,,,,,,,,,,,,None,None,,,,,1.0,,,,2.0,GuinsoosRageblade,RunaansHurricane,Quicksilver,,,,,,,,,,,,,,,,,,,,,,,,
6,EUW1_5971619275,TFT6_Augment_SecondWind2,TFT7_Augment_BestFriends1,TFT6_Augment_PortableForge,,,1.0,,1.0,,1.0,,1.0,1.0,1.0,,,,,1.0,,1.0,,,1.0,,,,,1.0,,0.0,,,,,,,,,,,,,,,,,,,,,1.0,,,,,,,,2.0,OrnnInfinityForce,GuinsoosRageblade,LastWhisper,,,,,,,,,2.0,GargoyleStoneplate,GargoyleStoneplate,RedBuff,,,,,,,,,,,,,,,,,,,,,,,,,,,,,,,,,,,,,,,,,,,,,,,,,,,,,,,,,1.0,,,,,,,,,,,,,,,,,,,,,,,,,,,,,,,,,,,,,,,,,,,,,,,,,,,,,,,,,,,,,,,,1.0,ShimmerscaleGoldmancersStaff,ArchangelsStaff,Quicksilver,,,,,,,,,,,,,,,,,,,,,,,,,2.0,DragonsClaw,,,1.0,TrainerSnax,None,None,1.0,,,,,,,,,,,,,,,,,,,,,,,,,,,,,,,,,,,
1,EUW1_5971619275,TFT7_Augment_GadgetExpert,TFT7_Augment_BandOfThieves1,TFT6_Augment_SecondWind2,,,1.0,,,,1.0,0.0,,1.0,1.0,0.0,,,4.0,0.0,,,0.0,,,,1.0,,,,1.0,,,,,,,,,,,,,,,,,,,,,,2.0,MirageEmblemItem,NeedlesslyLargeRod,Morellonomicon,2.0,,,,,,,,,,,,3.0,Quicksilver,TitansResolve,StatikkShiv,,,,,,,,,,,,,,,,,,,,,,,,,,,,,,,,,,,,,,,,,,,,,,,,,,,,,2.0,BrambleVest,DragonsClaw,FrozenHeart,,,,,,,,,,,,,,,,,,,,,,,,,,,,,,,,,,,,,,,,,,,,,,,,,,,,,,,,,,,,,,,,,,,,,,,,,2.0,MirageEmblemItem,,,,,,,,,,,,,,,,,,,,,,,,,,,,,None,None,,,,,,,,,,,,,,,,,,,,,,,,,1.0,ThiefsGloves,UnstableConcoction,Zephyr,2.0,,,,,,,
2,EUW1_5971619275,TFT6_Augment_Meditation2,TFT7_Augment_MageTrait,TFT6_Augment_SecondWind2,,,1.0,1.0,,,1.0,,0.0,,1.0,,0.0,1.0,,1.0,,,,,0.0,1.0,,,2.0,1.0,,0.0,,,,,,,,,2.0,ArchangelsStaff,SpearOfShojin,MadredsBloodrazor,,,,,,,,,1.0,,,,,,,,,,,,,,,,,,,,,,,,,,,,,,,,,,,,,,,,,,,,,,,,2.0,,,,,,,,,,,,,,,,,,,,,,,,,,,,,,,,2.0,Chalice,LocketOfTheIronSolari,,,,,,,,,,,,,,,,,,,,,,2.0,,,,,,,,,,,,,,,,,,,,,,,,,,,,,,,,,,,,,,,,,,,,,,,,,,,,2.0,WarmogsArmor,MadredsBloodrazor,RedBuff,,,,,,,,,,,,,,,,,4.0,TrainerSnax,None,None,,,,,,,,,,,,,,,,,,,,,,,,,,,,,,,,,2.0,SpearOfShojin,SpearOfShojin,ArchangelsStaff
8,EUW1_5971619275,TFT7_Augment_CannoneerHotShot,TFT6_Augment_Featherweights1,TFT6_Augment_Ascension,,,,1.0,2.0,,,,1.0,,,,0.0,,,0.0,,3.0,,,,,,,0.0,1.0,,,,,,,,,,,,,,,,,,,,,,,,,,,,,,,1.0,Deathblade,HextechGunblade,,,,,,,,,,,,,,,,,,,,,,,,,,,,,,,,,,,,,,,,,,,,,,2.0,,,,,,,,,,,,,,,,,,,,,,,,1.0,,,,,,,,,,,,,,,,,,,,,,,,1.0,,,,,,,,,,,,,,,,,,,,,,,,,,,,,,,,,,,,,,,,1.0,,,,,,,,,,,,,,,,2.0,WarmogsArmor,Redemption,ChainVest,,,,,,,,,,,,,2.0,TrainerSnax,None,None,1.0,,,,,,,,,,,,,,,,,,,,,,,,,,,,,,,,,,,
7,EUW1_5971619275,TFT7_Augment_GuildEmblem,TFT7_Augment_BestFriends1,TFT6_Augment_SalvageBin,,,,1.0,,0.0,,,1.0,,4.0,,0.0,1.0,,0.0,,0.0,,,,,,0.0,0.0,1.0,,0.0,,,,,,,,,,,,,,,,,,,,,,,,,,,,,,,,,,,,,,,,,,,,,,,,,,,,,,,,,,,,,,,,,,,,,2.0,GuildEmblemItem,,,,,,,,,,,,,,,,,,,,,,,,,,,,,,,2.0,,,,,,,,,,,,,,,,,,,,,,,,1.0,,,,,,,,,,,,2.0,SpearOfShojin,HextechGunblade,ArchangelsStaff,2.0,NegatronCloak,,,,,,,,,,,,,,,,,,,,,,,2.0,MageEmblemItem,SpearOfShojin,,,,,,,,,,2.0,WarmogsArmor,BrambleVest,TitanicHydra,,,,,,,,,,,,,,,,,3.0,TrainerSnax,None,None,,,,,2.0,,,,,,,,,,,,,,,,,,,,,,,,,,,,,,,
5,EUW1_5971619275,TFT7_Augment_MirageEmblem,TFT7_Augment_BestFriends1,TFT6_Augment_JeweledLotus,,,,1.0,,2.0,1.0,0.0,,,1.0,,0.0,,3.0,,0.0,,,,,,,,0.0,,1.0,,,,,,,,,,,,,,,,,,,,,,,,,,,,,,,,,,,,,,2.0,MadredsBloodrazor,ArchangelsStaff,GuinsoosRageblade,,,,,,,,,,,,,,,,,,,,,,,,,2.0,MadredsBloodrazor,,,,,,,,,,,,,,,,,,,,,,,,,,,,,,,,,,,,,,,,,,,,,,,,,,,2.0,DragonsClaw,Zephyr,GargoyleStoneplate,,,,,1.0,,,,,,,,,,,,,,,,2.0,,,,,,,,,,,,2.0,MirageEmblemItem,LocketOfTheIronSolari,,,,,,,,,,,,,,,,,,,,,,,,,,,,,,,,,,,,,,,,,,,,None,None,,,,,,,,,,,,,,,,,,,,,,,,,1.0,,,,,,,,,,,
3,EUW1_5971619275,TFT6_Augment_Electrocharge2,TFT6_Augment_ThrillOfTheHunt1,TFT7_Augment_BigFriend2,,1.0,,2.0,,,,,0.0,,,,0.0,1.0,,1.0,,,0.0,,0.0,1.0,,1.0,1.0,0.0,0.0,0.0,,,,,,,,,,,,,,,,,,,,,,,,,,,,,,,,,,,,,,,,,,,,,,,,,,,,,,,,,2.0,,,,,,,,,,,,,,,,3.0,Bloodthirster,DragonsClaw,,,,,,,,,,,,,,,,,,,,,,,,,,2.0,,,,3.0,,,,,,,,,,,,,,,,1.0,,,,2.0,RedBuff,Morellonomicon,,,,,,,,,,,,,,,,,,,,,,,,,,,,,,,,,,,,,,,,,,,,,,,,,,2.0,,,,,,,,,,,,,,,,,,,,,,None,None,,,,,,,,,3.0,GuinsoosRageblade,MadredsBloodrazor,RunaansHurricane,,,,,,,,,,,,,,,,,,,,,1.0,NegatronCloak,,
4,EUW1_5971619275,TFT6_Augment_SecondWind2,TFT7_Augment_JadeEmblem,TFT7_Augment_FirstAidKit2,,,,,,,1.0,1.0,0.0,,,3.0,0.0,,0.0,0.0,,,,0.0,,,1.0,0.0,,,0.0,,,,,,2.0,StatikkShiv,BFSword,ArchangelsStaff,,,,,2.0,,,,,,,,,,,,,,,,,,,,,,,,,,,,,,,,2.0,Bloodthirster,MadredsBloodrazor,InfinityEdge,,,,,,,,,,,,,,,,,,,,,,,,,,,,,,,,,2.0,,,,,,,,,,,,,,,,,,,,,,,,,,,,1.0,RedBuff,IonicSpark,Zephyr,,,,,,,,,,,,,,,,,,,,,,,,,,,,,,,,,,,,,,,,,,,,,,,,,,,,,,,,,1.0,,,,,,,,,,,,,,,,,,,,,,,,,,,,,,None,None,,,,,,,,,,,,,,,,,,,,,,,,,1.0,JadeEmblemItem,,,,,,,,,,
2,EUW1_5971605075,TFT6_Augment_Weakspot,TFT7_Augment_CavalierEmblem2,TFT6_Augment_MaxLevel10,0.0,,,1.0,,2.0,1.0,,,,2.0,,0.0,,,,2.0,,,0.0,,,,1.0,1.0,,0.0,,,,,,,,,,,,,,,,,,,,,,,,,,,,,,,,,,,,,,,,,,,,,,,,,,,,,,,,,,,,,,,,,,2.0,ThiefsGloves,HextechGunblade,UnstableConcoction,,,,,,,,,,,,,,,,,,,,,,,,,,,,,,,,,,,,,,,,,,,,,,,,,,,,,,,,,1.0,CavalierEmblemItem,RedBuff,,,,,,1.0,NeedlesslyLargeRod,,,,,,,2.0,ZekesHerald,,,,,,,,,,,1.0,,,,2.0,FrozenHeart,JeweledGauntlet,InfinityEdge,,,,,,,,,,,,,,,,,,,,,,,,,,,,,,,,,,,,,,,None,None,,,,,2.0,,,,,,,,,,,,,,,,2.0,Quicksilver,GuinsoosRageblade,RunaansHurricane,,,,,,,,,,,,
7,EUW1_5971605075,TFT6_Augment_LudensEcho1,TFT6_Augment_Electrocharge3,TFT6_Augment_CyberneticUplink3,,1.0,1.0,1.0,,,,,0.0,,2.0,,,2.0,,2.0,,,,,,,,,,1.0,,0.0,,,,,,,,,,,,,,,,,,,,,2.0,PowerGauntlet,,,,,,,,,,,,,,,,,,,,,,,,,,,,,,,,,,,,,,,,,,,,,,,2.0,BFSword,,,2.0,ThiefsGloves,UnstableConcoction,Zephyr,,,,,,,,,,,,,,,,,,,,,,,,,2.0,,,,3.0,SpearOfShojin,,,,,,,,,,,,,,,,,,,,,,,,,,,,,,,1.0,HextechGunblade,HextechGunblade,,,,,,,,,,,,,,,,,,,,,,,,,,,,,,,,,,,,,,2.0,WarmogsArmor,,,,,,,,,,,,,,,,,,,3.0,TrainerSnax,None,None,,,,,,,,,,,,,2.0,,,,,,,,,,,,,,,,,,,,,,,
4,EUW1_5971605075,TFT7_Augment_MysticTrait,TFT6_Augment_ThriftShop,TFT7_Augment_MysticTrait2,,,,,,,1.0,0.0,1.0,,,2.0,0.0,,,3.0,0.0,,,2.0,,,,,,0.0,,0.0,,,,,2.0,ArchangelsStaff,,,,,,,,,,,,,,,,,,,,,,,,,,,,,,,,,,,,,,,2.0,LastWhisper,MadredsBloodrazor,UnstableConcoction,,,,,1.0,,,,,,,,2.0,,,,,,,,,,,,,,,,,,,,,,,,,,,,,,,,,,,,,,,,2.0,Chalice,,,,,,,2.0,WarmogsArmor,IonicSpark,RedBuff,,,,,,,,,,,,,,,,,,,,,,,,,,,,,,,,,,,,,,,,,,,,,,,,,,,,,,,,,,,,,1.0,,,,,,,,,,,,,,,,,,,,,,,,,,None,None,,,,,,,,,,,,,,,,,,,,,,,,,,,,,,,,,,,,
3,EUW1_5971605075,TFT7_Augment_BestFriends1,TFT7_Augment_BestFriends3,TFT6_Augment_CyberneticUplink3,,,1.0,1.0,,,1.0,0.0,,,2.0,,0.0,1.0,0.0,0.0,,,,,0.0,1.0,,,2.0,,0.0,0.0,,,,,,,,,1.0,SpearOfShojin,ArchangelsStaff,HextechGunblade,,,,,,,,,2.0,Quicksilver,,,,,,,,,,,,,,,,,,,,,,,,,,,,,,,,,,,,,,,,,,,,,,,,,,,,,,,,,,,,,,,,,,,,,,,,,,,,,,,,,,,,,,,,,,,,,,,,,,,,,,,1.0,Morellonomicon,,,,,,,,,,,1.0,,,,,,,,,,,,,,,,,,,,,,,,,,,,,,,,,,,,,,,,1.0,GargoyleStoneplate,WarmogsArmor,Shroud,,,,,,,,,,,,,,,,,,,None,None,,,,,,,,,,,,,,,,,,,,,,,,,2.0,ThiefsGloves,SeraphsEmbrace,ArchangelsStaff,,,,,1.0,,,
8,EUW1_5971605075,TFT7_Augment_AstralTrait,TFT6_Augment_MaxLevel10,TFT6_Augment_Diversify3,,0.0,1.0,1.0,,,,,1.0,,2.0,,0.0,2.0,,2.0,,0.0,,,0.0,1.0,,,0.0,1.0,,0.0,,,,,,,,,,,,,,,,,,,,,1.0,,,,,,,,,,,,,,,,,,,,,,,,,,,,,,,,,,,,,,,,,,,,,,,,1.0,,,,,,,,,,,,,,,,,,,,,,,,,,,,,,,,1.0,,,,3.0,LocketOfTheIronSolari,,,,,,,,,,,,,,,,,,,1.0,,,,,,,,,,,,2.0,UnstableConcoction,SpearOfShojin,,,,,,,,,,,,,,,,,,,,,,,,,,1.0,,,,,,,,,,,,2.0,GargoyleStoneplate,RedBuff,WarmogsArmor,,,,,,,,,,,,,,,,,2.0,TrainerSnax,None,None,,,,,,,,,,,,,,,,,,,,,,,,,,,,,,,,,1.0,,,
5,EUW1_5971605075,TFT7_Augment_CannoneerTrait,TFT6_Augment_Diversify3,TFT7_Augment_UrfsGrabBag2,,,,,3.0,,1.0,,1.0,1.0,,,,,,0.0,,2.0,0.0,,1.0,,,,,1.0,,,,,,,,,,,,,,,,,,,,,,,,,,,2.0,,,,2.0,MadredsBloodrazor,HextechGunblade,MadredsBloodrazor,,,,,,,,,2.0,ShimmerscaleMogulsMail,Redemption,GargoyleStoneplate,,,,,,,,,,,,,,,,,,,,,,,,,,,,,,,,,1.0,,,,,,,,,,,,,,,,,,,,,,,,2.0,,,,,,,,,,,,,,,,,,,,,,,,,,,,,,,,,,,,,,,,,,,,,,,,,,,,,,,,,,,,,,,,2.0,ArchangelsStaff,SeraphsEmbrace,HextechGunblade,,,,,,,,,,,,,,,,,,,,,,,,,,,,,3.0,TrainerSnax,None,None,2.0,,,,,,,,,,,,,,,,,,,,,,,,,,,,,,,,,,,
1,EUW1_5971605075,TFT6_Augment_Weakspot,TFT6_Augment_Distancing3,TFT6_Augment_CyberneticImplants3,1.0,,1.0,1.0,,0.0,,0.0,,,3.0,,0.0,,0.0,0.0,1.0,,,,,,,1.0,1.0,,1.0,,,,,,,,,,,,,,,,,,,,,,1.0,,,,,,,,,,,,,,,,,,,,,,,,,,,,,,,,,,,,,,,,,,,,1.0,Shroud,,,,,,,,,,,,,,,,,,,,,,,,,,,,,,,,,,,,,,,,,,,,,,,,,,,,,,,,,,,2.0,GargoyleStoneplate,,,,,,,2.0,FrozenHeart,,,,,,,,,,,,,,,,,,,2.0,RedBuff,,,,,,,,,,,,,,,,,,,,,,,,,,,,,,,2.0,ThiefsGloves,RunaansHurricane,RunaansHurricane,,,,,,,,,,,None,None,,,,,2.0,NeedlesslyLargeRod,,,,,,,,,,,,,,,2.0,GuinsoosRageblade,MadredsBloodrazor,Quicksilver,1.0,SeraphsEmbrace,,,,,,,,,,
6,EUW1_5971605075,TFT6_Augment_Meditation1,TFT6_Augment_MaxLevel10,TFT6_Augment_TheGoldenEgg,2.0,,,1.0,,,1.0,0.0,,0.0,1.0,,,0.0,0.0,,,,,,,,,,0.0,,0.0,3.0,,,,,,,,,,,,,,,,,,,,,,,,,,,,,,,,,,,,,,,,,,,,,,,,,2.0,GuinsoosRageblade,Bloodthirster,AssassinEmblemItem,,,,,,,,,,,,,,,,,,,,,,,,,,,,,,,,,,,,,,,,,,,,,,,,,,,,,,,,,,,,,,,,,,,,,,,,,,,,,1.0,MadredsBloodrazor,Bloodthirster,,1.0,,,,,,,,,,,,,,,,,,,,,,,,,,,,,,,,,,,,,,,,,,,,2.0,RedBuff,,,,,,,2.0,,,,,,,,2.0,,,,,,None,None,,,,,,,,,,,,,,,,,,,,,,,,,1.0,,,,,,,,,,,
3,EUW1_5971655525,TFT6_Augment_Twins1,TFT6_Augment_Distancing,TFT6_Augment_CelestialBlessing2,,1.0,,1.0,,,,,0.0,,1.0,,,1.0,,1.0,,,,,0.0,1.0,,1.0,,0.0,,0.0,,,,,,,,,,,,,,,,,,,,,,,,,,,,,,,,,,,,,,,,,,,,,,,,,,,,,,,,,,,,,,,,,,,,,,,,,3.0,RedBuff,FrozenHeart,WarmogsArmor,,,,,,,,,,,,,,,,,,,,,,,,,2.0,,,,3.0,SpearOfShojin,,,,,,,,,,,,,,,,,,,,,,,,,,,,,,,,,,,,,,,,,,,,,,,,,,,,,,,,,,,,,,,,,,,,,,,2.0,ThiefsGloves,ZekesHerald,Quicksilver,,,,,,,,,,,,,,,,,,,None,None,,,,,2.0,,,,2.0,MadredsBloodrazor,RunaansHurricane,RapidFireCannon,,,,,,,,,,,,,,,,,,,,,1.0,SpearOfShojin,,
8,EUW1_5971655525,TFT6_Augment_TinyTitans,TFT6_Augment_PandorasItems,TFT6_Augment_TargetDummies,,,1.0,0.0,,1.0,1.0,0.0,,0.0,2.0,,0.0,,3.0,0.0,,,,,,,,,0.0,,0.0,,,,,,,,,,,,,,,,,,,,,,1.0,,,,,,,,,,,,,,,,1.0,MadredsBloodrazor,ArchangelsStaff,StatikkShiv,,,,,,,,,,,,,,,,,,,,,,,,,,,,,,,,,,,,,,,,,,,,,,,,,,,,,2.0,GargoyleStoneplate,RedBuff,,,,,,,,,,,,,,,,,,,,,,2.0,ThiefsGloves,SeraphsEmbrace,ArchangelsStaff,,,,,2.0,,,,,,,,,,,,,,,,2.0,,,,,,,,,,,,,,,,,,,,,,,,,,,,,,,,,,,,,,,,,,,,,,,,,,,,,,,,,,None,None,,,,,,,,,,,,,,,,,,,,,,,,,1.0,SeraphsEmbrace,,,,,,,,,,
1,EUW1_5971655525,TFT6_Augment_Traitless1,TFT6_Augment_Electrocharge1,TFT6_Augment_Traitless2,0.0,,,0.0,0.0,0.0,,,0.0,,1.0,0.0,0.0,,,0.0,0.0,0.0,,0.0,,,,0.0,0.0,0.0,,,,,,,,,,,,,,,,,,,,,,,,,,,,,,,3.0,GuinsoosRageblade,StatikkShiv,JadeEmblemItem,,,,,,,,,,,,,,,,,,,,,,,,,,,,,,,,,3.0,Zephyr,IonicSpark,UnstableConcoction,,,,,,,,,,,,,,,,,,,,,,,,,,,,,,,,,2.0,,,,,,,,2.0,ThiefsGloves,,,,,,,,,,,,,,,2.0,RedBuff,Redemption,WarmogsArmor,,,,,,,,,,,,,,,,,,,,,,,,,,,,,,,,,,,,,,,,,,,,,,,,,,,,,,,,,2.0,,,,,,,,,,,,,,None,None,,,,,,,,,,,,,,,,,,,,,2.0,GuinsoosRageblade,Quicksilver,UnstableConcoction,,,,,,,,,,,,
2,EUW1_5971655525,TFT7_Augment_BandOfThieves1,TFT7_Augment_BestFriends1,TFT6_Augment_PortableForge,,,1.0,1.0,,,1.0,0.0,,,2.0,,0.0,2.0,0.0,0.0,,,,,0.0,1.0,,,2.0,0.0,0.0,0.0,,,,,,,,,2.0,MadredsBloodrazor,SpearOfShojin,MageEmblemItem,,,,,,,,,2.0,Chalice,StatikkShiv,GuinsoosRageblade,,,,,,,,,,,,,,,,,,,,,,,,,,,,,,,,,,,,,,,,,,,,,1.0,StatikkShiv,StatikkShiv,LocketOfTheIronSolari,,,,,,,,,,,,,,,,,,,,,,,,,,,,,,,,,,,,,,,,,,,,,,,,,,,,,1.0,ThiefsGloves,WarmogsArmor,GargoyleStoneplate,,,,,,,,,2.0,GargoyleStoneplate,,,,,,,,,,,,,,,,,,,,,,,,,,,,,,,,,,,,,,,2.0,GargoyleStoneplate,RedBuff,OrnnEternalWinter,,,,,,,,,,,,,,,,,,,None,None,,,,,,,,,,,,,,,,,,,,,,,,,1.0,,,,,,,,2.0,ThiefsGloves,FrozenHeart,GuardianAngel
6,EUW1_5971655525,TFT7_Augment_Preparation,TFT7_Augment_BandOfThieves1,TFT7_Augment_FirstAidKit2,,1.0,,1.0,,,,,0.0,,1.0,,,2.0,,1.0,,,,,,,,,,1.0,,0.0,,,,,,,,,,,,,,,,,,,,,,,,,,,,,,,,,,,,,,,,,,,,,,,,,,,,,,,,,,,,,,,,,,,,,2.0,,,,2.0,,,,,,,,,,,,,,,,,,,,,,,,,,,,1.0,,,,3.0,JeweledGauntlet,ArchangelsStaff,SpearOfShojin,,,,,,,,,,,,,,,,,,,,,,,,,,,,,2.0,Quicksilver,SpearOfShojin,,,,,,,,,,,,,,,,,,,,,,,,,,,,,,,,,,,,,,2.0,ThiefsGloves,ChainVest,LocketOfTheIronSolari,,,,,,,,,,,,,,,,,2.0,TrainerSnax,None,None,,,,,,,,,,,,,2.0,InfinityEdge,Shroud,,,,,,,,,,,,,,,,,,,,,
4,EUW1_5971655525,TFT6_Augment_Twins1,TFT6_Augment_Weakspot,TFT6_Augment_PortableForge,,0.0,,,,,1.0,,,,,2.0,,,,0.0,,,,2.0,,,1.0,,,,,0.0,,,,,,,,,,,,,,,,,,,,,,,,,,,,,,,,,,,,,,,,,,,,,2.0,Bloodthirster,InfinityEdge,UnstableConcoction,,,,,2.0,,,,,,,,2.0,,,,,,,,,,,,,,,,,,,,,,,,,,,,,,,,,,,,,,,,,,,,,,,,2.0,TitanicHydra,OrnnRocketPropelledFist,DragonsClaw,2.0,GuinsoosRageblade,Deathblade,Quicksilver,,,,,,,,,,,,,,,,,,,,,,,,,,,,,,,,,,,,,,,,,,,,,,,,,,,,,1.0,,,,,,,,,,,,,,,,,,,,,,,,,,,,,,None,None,,,,,,,,,,,,,,,,,,,,,,,,,,,,,,,,,,,,
7,EUW1_5971655525,TFT6_Augment_SecondWind1,TFT6_Augment_ThrillOfTheHunt1,TFT7_Augment_GadgetExpert,,,,,,,1.0,1.0,,,,1.0,,,,,1.0,,,1.0,,,,0.0,,,,,,,,,,,,,,,,,2.0,ZekesHerald,,,,,,,,,,,,,,,,,,,,,,,,,,,,,,,,,,,,,,,,,,,,,,,,,,,,,,,,,,,,,,,,,,,2.0,,,,,,,,,,,,,,,,,,,,,,,,,,,,1.0,WarmogsArmor,IonicSpark,,,,,,,,,,,,,,,,,,,,,,,,,,,,,,,,,,,,,,2.0,,,,,,,,1.0,TitansResolve,RecurveBow,,,,,,,,,,,,,,2.0,GuinsoosRageblade,StatikkShiv,Quicksilver,,,,,,,,,,,,,,,,,,,,,,,None,None,,,,,,,,,,,,,,,,,,,,,,,,,,,,,,,,,,,,
5,EUW1_5971655525,TFT6_Augment_Electrocharge1,TFT6_Augment_CelestialBlessing1,TFT6_Augment_SecondWind2,,,,2.0,,,1.0,0.0,,0.0,,,,0.0,0.0,,0.0,,0.0,0.0,,,,,,,1.0,3.0,,,,,,,,,,,,,,,,,,,,,,,,,,,,,,,,,,,,,,,,,,,,,,,,,2.0,UnstableConcoction,Deathblade,InfinityEdge,2.0,,,,,,,,,,,,,,,,,,,,,,,,,,,,,,,,,,,,,,,,,,,,,,,,,,,,,,,,,,,,,,,,,,,,2.0,,,,,,,,,,,,,,,,,,,,,,,,,,,,,,,,2.0,RedBuff,DragonsClaw,WarmogsArmor,,,,,,,,,,,,,,,,,,,,,2.0,,,,,,,,,,,,,,,,2.0,,,,,,None,None,,,,,,,,,,,,,,,,,,,,,,,,,1.0,ArchangelsStaff,,,,,,,,,,
4,EUW1_5971616745,TFT7_Augment_GadgetExpert,TFT7_Augment_LastStand,TFT6_Augment_CyberneticUplink2,,0.0,,1.0,,,1.0,,0.0,0.0,,,0.0,1.0,,1.0,,,,,0.0,1.0,,,2.0,1.0,,0.0,,,,,,,,,1.0,SpearOfShojin,ArchangelsStaff,RabadonsDeathcap,,,,,,,,,,,,,,,,,,,,,,,,,,,,,,,,,,,,,,,,,,,,,,,,,,,,,,,,,2.0,NegatronCloak,,,,,,,,,,,,,,,,,,,,,,,,,,,,,,,2.0,StatikkShiv,,,2.0,Chalice,,,,,,,,,,,,,,,,,,,1.0,LocketOfTheIronSolari,,,,,,,,,,,,,,,,,,,,,,,,,,,,,,,,,,,,,,,,,,,,,,,,,,,2.0,RedBuff,Bloodthirster,,,,,,,,,,,,,,,,,,3.0,TrainerSnax,None,None,,,,,,,,,,,,,,,,,,,,,,,,,,,,,,,,,1.0,GuardianEmblemItem,UnstableConcoction,GuinsoosRageblade
6,EUW1_5971616745,TFT6_Augment_Ascension,TFT7_Augment_MikaelsGift,TFT6_Augment_Diversify2,,,,,2.0,,1.0,,1.0,1.0,,,,,,0.0,,2.0,0.0,,1.0,,,,,1.0,,,,,,,,,,,,,,,,,,,,,,,,,,,2.0,,,,2.0,UnstableConcoction,MadredsBloodrazor,InfinityEdge,,,,,,,,,2.0,Redemption,GargoyleStoneplate,RedBuff,,,,,,,,,,,,,,,,,,,,,,,,,,,,,,,,,2.0,LocketOfTheIronSolari,PowerGauntlet,ZekesHerald,,,,,,,,,,,,,,,,,,,,,2.0,ShimmerscaleDiamondHands,,,,,,,,,,,,,,,,,,,,,,,,,,,,,,,,,,,,,,,,,,,,,,,,,,,,,,,,,,,,,,,2.0,,,,,,,,,,,,,,,,,,,,,,,,,,,,,,,,1.0,TrainerSnax,None,None,1.0,,,,,,,,,,,,,,,,,,,,,,,,,,,,,,,,,,,
7,EUW1_5971616745,TFT7_Augment_GuildLoot,TFT7_Augment_DragonAlliance,TFT7_Augment_BestFriends2,1.0,0.0,,1.0,,,2.0,,,0.0,2.0,,,,,,,,,,1.0,,,0.0,,,,2.0,,,,,,,,,,,,,,,,,,,,,,,,,,,,,,,,,,,,,,,,,1.0,WarmogsArmor,BrambleVest,,,,,,2.0,MadredsBloodrazor,GuinsoosRageblade,Quicksilver,,,,,,,,,,,,,,,,,,,,,1.0,,,,,,,,,,,,,,,,,,,,,,,,,,,,,,,,,,,,,,,,,,,,,,,,,,,,,,,,1.0,RabadonsDeathcap,RedBuff,,,,,,,,,,,,,,,,,,,,,,,,,,,,,,,,,,,,,,,,,,,,,,,,,,,,,,2.0,FrozenHeart,MadredsBloodrazor,,,,,,,,,,,,None,None,,,,,2.0,,,,,,,,,,,,,,,,,,,,,,,,,,,,,,,
8,EUW1_5971616745,TFT7_Augment_BruiserTitanicStrength,TFT7_Augment_BigFriend2,TFT6_Augment_Ascension,0.0,,,2.0,,,1.0,,,,,,0.0,0.0,,,0.0,,,0.0,,,,,0.0,,0.0,3.0,,,,,,,,,,,,,,,,,,,,,,,,,,,,,,,,,,,,,,,,,,,,,,,,,1.0,Bloodthirster,Quicksilver,TitansResolve,2.0,,,,,,,,,,,,,,,,,,,,,,,,,,,,,,,,,,,,,,,,,,,,,,,,,,,,,,,,,,,,,,,,,,,,,,,,2.0,IonicSpark,WarmogsArmor,,1.0,MadredsBloodrazor,,,,,,,,,,,,,,,,,,,,,,,2.0,ZekesHerald,,,,,,,,,,,,,,,,,,,,,,,2.0,GiantsBelt,,,,,,,,,,,,,,,,,,,,,None,None,,,,,,,,,,,,,,,,,,,,,,,,,,,,,,,,,,,,
5,EUW1_5971616745,TFT6_Augment_Meditation2,TFT7_Augment_MageConference,TFT7_Augment_MageEmblem,,0.0,,0.0,,0.0,,,,,1.0,,,3.0,,0.0,,,0.0,,0.0,1.0,,,,0.0,,0.0,,,,,,,,,,,,,,,,,,,,,,,,,,,,,,,,,,,,,,,,,,,,,,,,,,,,,,,,,,,,,,,,,,,,,3.0,,,,,,,,,,,,,,,,,,,,,,,,,,,,3.0,LocketOfTheIronSolari,RabadonsDeathcap,PowerGauntlet,,,,,3.0,,,,,,,,,,,,,,,,,,,,,,,,,,,,,,,,2.0,,,,,,,,,,,,,,,,,,,,,,,,,,,,,,,,,,,,,,,,2.0,IonicSpark,RedBuff,Zephyr,,,,,,,,,,,,,,,,,,,None,None,,,,,,,,,,,,,3.0,TitanicHydra,TitanicHydra,,,,,,,,,,,,,,,,,,1.0,,,
3,EUW1_5971616745,TFT6_Augment_CalculatedLoss,TFT6_Augment_Featherweights2,TFT7_Augment_CannoneerEmblem,,,1.0,,3.0,,,,1.0,1.0,1.0,,,,,1.0,,2.0,0.0,,,,,,,1.0,,0.0,,,,,,,,,,,,,,,,,,,,,1.0,,,,3.0,RedBuff,DragonsClaw,WarmogsArmor,1.0,,,,,,,,,,,,,,,,,,,,,,,,,,,,,,,,,,,,,,,,,,,,,,,,2.0,Deathblade,,,,,,,,,,,,,,,,,,,,,,,2.0,SeraphsEmbrace,CannoneerEmblemItem,,,,,,,,,,,,,,,,,,,,,,,,,,,,,,,,,,,,,,,,,,,,,,,,,,,,,,,,,,,,,,1.0,SeraphsEmbrace,InfinityEdge,JeweledGauntlet,,,,,,,,,,,,,,,,,,,,,,,,,2.0,,,,4.0,TrainerSnax,None,None,3.0,Quicksilver,GuinsoosRageblade,MadredsBloodrazor,,,,,,,,,,,,,,,,,,,,,,,,,,,,,,,,
1,EUW1_5971616745,TFT7_Augment_DragonmancerEmblem,TFT6_Augment_SalvageBin,TFT6_Augment_ThrillOfTheHunt2,0.0,,,,,,,2.0,,0.0,,1.0,0.0,,,,,,,1.0,0.0,,,0.0,1.0,,,1.0,,,,,,,,,,,,,2.0,JeweledGauntlet,BFSword,,,,,,,,,,,,,,,,,,,,,,,,,,,,,,,,,,,,,,3.0,InfinityEdge,JeweledGauntlet,DragonmancerEmblemItem,,,,,,,,,,,,,,,,,,,,,,,,,2.0,Shroud,,,,,,,3.0,GuardianAngel,Redemption,SeraphsEmbrace,,,,,,,,,,,,,,,,,2.0,RedBuff,Redemption,Zephyr,,,,,,,,,,,,,,,,,,,,,1.0,,,,,,,,,,,,,,,,,,,,,,,,,,,,,,,,,,,,,,,,,,,,,,,,,,,,,,,,,,,,2.0,DragonmancerEmblemItem,,,,,None,None,,,,,,,,,,,,,,,,,3.0,ZekesHerald,FrozenHeart,ZekesHerald,,,,,,,,,,,,,,,,
2,EUW1_5971616745,TFT7_Augment_UrfsGrabBag1,TFT7_Augment_GadgetExpert,TFT6_Augment_ComponentGrabBag,,,,0.0,,,1.0,2.0,,,,1.0,,,0.0,,2.0,,,1.0,,,,0.0,0.0,,1.0,,,,,,,,,,,,,,1.0,ZekesHerald,ZekesHerald,Chalice,,,,,,,,,,,,,,,,,,,,,,,,,,,,,,,,,,,,,,,,,,,,,,,,,,,,,,,,,,,,,,,,,2.0,LocketOfTheIronSolari,,,,,,,2.0,,,,,,,,,,,,,,,,,,,,2.0,RedBuff,WarmogsArmor,GargoyleStoneplate,,,,,,,,,,,,,,,,,,,,,,,,,,,,,,,,,,,,,2.0,Shroud,,,2.0,Zephyr,,,1.0,GargoyleStoneplate,GargoyleStoneplate,Redemption,,,,,,,,,,,,,3.0,Quicksilver,StatikkShiv,GuinsoosRageblade,,,,,,,,,,,,,,,,,,,,,,,None,None,,,,,,,,,,,,,,,,,,,,,,,,,1.0,,,,,,,,,,,
3,EUW1_5971653866,TFT6_Augment_MakeshiftArmor1,TFT6_Augment_CelestialBlessing2,TFT6_Augment_SecondWind2,2.0,,,2.0,,,1.0,,,,1.0,,0.0,0.0,,,0.0,,0.0,,,,,,1.0,,0.0,2.0,,,,,,,,,,,,,,,,,,,,,,,,,,,,,,,,,2.0,IonicSpark,UnstableConcoction,MadredsBloodrazor,,,,,,,,,,,,,2.0,Bloodthirster,InfinityEdge,AssassinEmblemItem,,,,,,,,,,,,,,,,,,,,,,,,,,,,,,,,,,,,,,,,,,,,,,,,,,,,,,,,,,,,,,,,,,,,,,,,,2.0,,,,,,,,2.0,,,,,,,,,,,,,,,,,,,,2.0,,,,,,,,,,,,,,,,,,,,,,,,2.0,LocketOfTheIronSolari,GiantsBelt,Chalice,,,,,2.0,FrozenHeart,HextechGunblade,GuinsoosRageblade,,,,,,,,,,,None,None,,,,,,,,,,,,,,,,,,,,,,,,,,,,,,,,,,,,
8,EUW1_5971653866,TFT7_Augment_AxiomArc1,TFT6_Augment_TradeSectorPlus,TFT6_Augment_TargetDummies,,0.0,,1.0,,,1.0,,0.0,,1.0,,,2.0,,1.0,,,,,0.0,1.0,,,,1.0,,2.0,,,,,,,,,,,,,,,,,,,,,,,,,,,,,,,,,,,,,,,,,,,,,,,,,1.0,GiantsBelt,,,,,,,,,,,,,,,,,,,2.0,,,,,,,,,,,,,,,,,,,,,,,,,,,,,,,,2.0,,,,2.0,,,,,,,,,,,,,,,,,,,,,,,,,,,,,,,,2.0,SpearOfShojin,ArchangelsStaff,HextechGunblade,,,,,,,,,,,,,,,,,,,,,,,,,,,,,,,,,,,,,2.0,GargoyleStoneplate,GargoyleStoneplate,Quicksilver,,,,,,,,,,,,,,,,,2.0,TrainerSnax,None,None,,,,,,,,,,,,,,,,,,,,,,,,,,,,,,,,,1.0,,,
2,EUW1_5971653866,TFT6_Augment_Weakspot,TFT6_Augment_SunfireBoard,TFT6_Augment_PortableForge,,0.0,,,,,1.0,0.0,,,,1.0,,,,,1.0,,,3.0,,,,0.0,,,,1.0,,,,,,,,,,,,,2.0,,,,,,,,,,,,,,,,,,,,,,,,,,,,,,,,,,,,,,,,2.0,RunaansHurricane,,,,,,,2.0,Shroud,IonicSpark,,,,,,,,,,,,,,,,,,,,,,,,,,,,,,,,,,,,,,,,,,,,,,2.0,WarmogsArmor,FrozenHeart,Redemption,3.0,Quicksilver,GuinsoosRageblade,MadredsBloodrazor,,,,,,,,,,,,,,,,,,,,,,,,,,,,,,,,,,,,,,,,,1.0,WhispersEmblemItem,OrnnRanduinsSanctum,HextechGunblade,,,,,,,,,,,,,2.0,Shroud,,,,,,,,,,,,,,,,,,,,,,,,,None,None,,,,,,,,,,,,,,,,,,,,,,,,,,,,,,,,,,,,
6,EUW1_5971653866,TFT6_Augment_CyberneticUplink1,TFT6_Augment_Ascension,TFT6_Augment_CyberneticUplink2,,,1.0,,,,1.0,,0.0,1.0,2.0,,,1.0,,1.0,,,0.0,,1.0,1.0,,,,1.0,,,,,,,,,,,,,,,,,,,,,,,1.0,,,,2.0,GiantsBelt,,,,,,,,,,,,,,,2.0,GargoyleStoneplate,RedBuff,ShimmerscaleMogulsMail,,,,,,,,,,,,,,,,,,,,,,,,,2.0,,,,,,,,,,,,,,,,,,,,,,,,,,,,,,,,1.0,TitanicHydra,,,,,,,,,,,,,,,,,,,,,,,,,,,,,,,,,,,2.0,ArchangelsStaff,SpearOfShojin,,,,,,,,,,,,,,,,,,,,,,,,,,,,,,,,,,,,,,,,,,,,,,,,,,,,,,,,,,1.0,TrainerSnax,None,None,,,,,,,,,,,,,,,,,,,,,,,,,,,,,,,,,2.0,PowerGauntlet,SpearOfShojin,
4,EUW1_5971653866,TFT6_Augment_SecondWind1,TFT7_Augment_BestFriends2,TFT6_Augment_ComponentGrabBag,,0.0,,0.0,,,,,1.0,,1.0,0.0,,2.0,,1.0,,0.0,,,0.0,1.0,1.0,,,1.0,,0.0,,,,,,,,,,,,,,,,,,,,,,,,,,,,,,,,,,,,,,,,,,,,,,,,,,,,,,,,,,,,,,,,,,,,,2.0,,,,,,,,,,,,,,,,,,,,,,,,,,,,,,,,2.0,TearOfTheGoddess,RedBuff,,2.0,,,,,,,,,,,,,,,,,,,,,,,,,,,,,,,,2.0,SpearOfShojin,ArchangelsStaff,MadredsBloodrazor,,,,,,,,,,,,,,,,,,,,,,,,,2.0,Zephyr,,,1.0,,,,,,,,2.0,GargoyleStoneplate,IonicSpark,TitansResolve,,,,,,,,,,,,,,,,,3.0,TrainerSnax,None,None,,,,,,,,,,,,,,,,,,,,,,,,,,,,,,,,,1.0,SpearOfShojin,Quicksilver,
7,EUW1_5971653866,TFT6_Augment_Twins1,TFT6_Augment_CyberneticShell2,TFT6_Augment_Ascension,,0.0,,1.0,,,,,,,1.0,0.0,0.0,,,,,,,,,,1.0,1.0,0.0,,,,,,,,,,,,,,,,,,,,,,,,,,,,,,,,,,,,,,,,,,,,,,,,,,,,,,,,,,,,,,,,,,,,,,,,,,,,2.0,WarmogsArmor,GargoyleStoneplate,BrambleVest,,,,,,,,,,,,,,,,,,,,,,,,,,,,,,,,,,,,,,,,,,,,,,,,,1.0,,,,,,,,,,,,,,,,,,,,,,,,,,,,,,,,,,,,,,,,,,,,1.0,,,,,,,,,,,,,,,,,,,,,,,,,,,,,,None,None,,,,,2.0,,,,3.0,RunaansHurricane,GuinsoosRageblade,Deathblade,,,,,,,,,,,,,,,,,,,,,,,,
1,EUW1_5971653866,TFT7_Augment_AFK,TFT7_Augment_LastStand,TFT7_Augment_GuildEmblem,1.0,,1.0,1.0,,1.0,,,,,5.0,,0.0,,,0.0,1.0,,,,,,,1.0,1.0,,0.0,,,,,,,,,,,,,,,,,,,,,,2.0,,,,,,,,,,,,,,,,,,,,,,,,,,,,,,,,,,,,,,,,,,,,3.0,RedBuff,GuildEmblemItem,DragonsClaw,,,,,,,,,,,,,,,,,,,,,,,,,,,,,,,,,,,,,,,,,,,,,,,,,,,,,,,,,2.0,Shroud,Redemption,,,,,,1.0,,,,,,,,2.0,,,,,,,,,,,,2.0,GiantsBelt,,,,,,,,,,,,,,,,,,,,,,,,,,,,,,,2.0,GuardianAngel,Quicksilver,,,,,,,,,,,,None,None,,,,,2.0,PowerGauntlet,ZekesHerald,,,,,,,,,,,,,,2.0,UnstableConcoction,LastWhisper,MadredsBloodrazor,,,,,,,,,,,,
5,EUW1_5971653866,TFT7_Augment_BruiserTrait,TFT6_Augment_CelestialBlessing2,TFT6_Augment_SunfireBoard,0.0,,,2.0,,,1.0,,,0.0,,0.0,0.0,0.0,,,,,,0.0,,,1.0,,1.0,,,3.0,,,,,,,,,,,,,,,,,,,,,,,,,,,,,,,,,,,,,,,,,,,,,,,,,2.0,Bloodthirster,TitansResolve,Quicksilver,2.0,ThiefsGloves,ZekesHerald,Deathblade,,,,,,,,,,,,,,,,,,,,,,,,,,,,,,,,,,,,,,,,,,,,,,,,,,,,,,,,,,,,,,,,,,,,,2.0,,,,,,,,2.0,,,,,,,,,,,,,,,,,,,,,,,,,,,,,,,,,,,,1.0,,,,,,,,2.0,BrambleVest,WarmogsArmor,ZekesHerald,,,,,,,,,,,,,2.0,,,,,,None,None,,,,,,,,,,,,,,,,,,,,,,,,,,,,,,,,,,,,
6,EUW1_5972113857,TFT7_Augment_AFK,TFT6_Augment_PandorasItems,TFT6_Augment_Distancing2,2.0,,,1.0,,0.0,,,,0.0,1.0,,,0.0,,,0.0,,2.0,,,,,,0.0,,1.0,,,,,,,,,,,,,,,,,,,,,,,,,,2.0,,,,,,,,2.0,FrozenHeart,InfinityEdge,GuardianAngel,,,,,,,,,,,,,,,,,,,,,,,,,,,,,,,,,,,,,,,,,,,,,,,,,,,,,,,,,,,,,2.0,,,,,,,,,,,,,,,,,,,,,,,,2.0,InfinityEdge,AssassinEmblemItem,UnstableConcoction,,,,,,,,,2.0,,,,,,,,,,,,,,,,,,,,2.0,,,,,,,,,,,,,,,,,,,,,,,,,,,,,,,,1.0,BFSword,IonicSpark,,,,,,,,,,,,None,None,,,,,,,,,,,,,,,,,,,,,,,,,,,,,,,,,,,,
1,EUW1_5972113857,TFT6_Augment_Distancing,TFT7_Augment_BandOfThieves1,TFT6_Augment_CyberneticShell2,,,1.0,,,3.0,1.0,0.0,,,2.0,,,0.0,3.0,0.0,0.0,,0.0,,,,,,,,1.0,,,,,,,,,,,,,,,,,,,,,,2.0,NegatronCloak,,,,,,,,,,,,,,,2.0,MadredsBloodrazor,ArchangelsStaff,RapidFireCannon,,,,,,,,,,,,,,,,,,,,,,,,,2.0,ThiefsGloves,UnstableConcoction,SpearOfShojin,,,,,,,,,,,,,,,,,,,,,,,,,,,,,2.0,Redemption,,,,,,,,,,,,,,,,,,,2.0,RedBuff,ChainVest,GargoyleStoneplate,,,,,,,,,,,,,,,,,,,,,2.0,BrambleVest,,,,,,,,,,,,,,,,,,,,,,,,,,,,,,,,,,,,,,,,,,,,,,,,,,,,,,,,,None,None,,,,,,,,,,,,,,,,,,,,,,,,,2.0,UnstableConcoction,,,2.0,RapidFireCannon,,,,,,
8,EUW1_5972113857,TFT7_Augment_RevelTrait,TFT6_Augment_ItemGrabBag1,TFT6_Augment_Ascension,,,,,0.0,,1.0,,1.0,1.0,,,,1.0,,0.0,,2.0,,,1.0,1.0,,,,1.0,,0.0,,,,,,,,,,,,,,,,,,,,,,,,,,,,,2.0,Quicksilver,Deathblade,UnstableConcoction,,,,,,,,,1.0,ShimmerscaleMogulsMail,RedBuff,IonicSpark,,,,,,,,,,,,,,,,,,,,,,,,,2.0,,,,,,,,,,,,,,,,,,,,,,,,,,,,,,,,2.0,,,,,,,,,,,,,,,,,,,,,,,,,,,,,,,,,,,,,,,,,,,,,,,,,,,,,,,,,,,,,,,,1.0,MageEmblemItem,RabadonsDeathcap,,,,,,,,,,,,,,,,,,,,,,,,,,2.0,FrozenHeart,,,3.0,TrainerSnax,None,None,,,,,,,,,,,,,,,,,,,,,,,,,,,,,,,,,1.0,,,
3,EUW1_5972113857,TFT7_Augment_BandOfThieves1,TFT6_Augment_Diversify1,TFT6_Augment_SunfireBoard,,,,1.0,,,1.0,,1.0,,1.0,0.0,,1.0,,0.0,,0.0,,,0.0,1.0,1.0,,,1.0,,2.0,,,,,,,,,,,,,,,,,,,,,,,,,,,,,,,,,,,,,,,,,,,,,,,,,2.0,Quicksilver,MadredsBloodrazor,UnstableConcoction,,,,,,,,,,,,,,,,,2.0,ZekesHerald,,,,,,,,,,,,,,,,,,,,,,,,,,,,,,,2.0,ThiefsGloves,IonicSpark,IonicSpark,,,,,,,,,,,,,,,,,,,,,,,,,,,,,,,,,,,,,,,,,,,,,,,,,,,,,,,,,,,,,2.0,ThiefsGloves,GuardianAngel,TitansResolve,1.0,,,,,,,,2.0,TitansResolve,IonicSpark,TitanicHydra,,,,,,,,,,,,,,,,,3.0,TrainerSnax,None,None,,,,,,,,,,,,,,,,,,,,,,,,,,,,,,,,,1.0,InfinityEdge,GuildEmblemItem,
7,EUW1_5972113857,TFT6_Augment_SecondWind1,TFT7_Augment_BestFriends1,TFT7_Augment_SwiftshotPressTheAttack,1.0,,,1.0,,1.0,,,,,3.0,,,,,,1.0,0.0,0.0,,,,,1.0,,,0.0,,,,,,,,,,,,,,,,,,,,,,,,,,,,,,,,,,1.0,,,,,,,,,,,,,,,,,,,,,,,,,,,,,,,,1.0,,,,,,,,,,,,,,,,,,,,,,,,,,,,,,,,,,,,,,,,,,,,,,,,,,,,,,,,,,,,,,,,,,,,,,,,,,,,2.0,,,,,,,,,,,,2.0,,,,,,,,,,,,,,,,,,,,,,,,,,,,2.0,RedBuff,Redemption,,1.0,ThiefsGloves,Zephyr,GuardianAngel,,,,,,,,,,,None,None,,,,,2.0,,,,,,,,,,,,,,,,2.0,InfinityEdge,GuinsoosRageblade,GuardianAngel,,,,,,,,,,,,
2,EUW1_5972113857,TFT6_Augment_CyberneticImplants1,TFT6_Augment_SecondWind1,TFT6_Augment_Diversify2,1.0,,,1.0,,1.0,,,,,3.0,,0.0,,,,1.0,,,,,,,1.0,1.0,,0.0,,,,,,,,,,,,,,,,,,,,,,,,,,,,,,,,,,,,,,,,,,,,,,,,,,,,,,,,,,,,,,,,,,2.0,TitanicHydra,GargoyleStoneplate,,,,,,,,,,,,,,,,,,,,,,,,,,,,,,,,,,,,,,,,,,,,,,,,,,,,,,,,,,2.0,TitanicHydra,,,,,,,1.0,SpearOfShojin,,,,,,,2.0,,,,,,,,,,,,2.0,,,,,,,,,,,,,,,,,,,,,,,,,,,,,,,,2.0,IonicSpark,MadredsBloodrazor,Deathblade,,,,,,,,,,,None,None,,,,,2.0,,,,,,,,,,,,,,,,2.0,GuinsoosRageblade,MadredsBloodrazor,Quicksilver,,,,,,,,,,,,
5,EUW1_5972113857,TFT7_Augment_MageTrait,TFT6_Augment_TriForce1,TFT7_Augment_MageEmblem,0.0,1.0,,1.0,,,,,,,3.0,,,2.0,,0.0,,,,,,,,1.0,,,,0.0,,,,,,,,,,,,,,,,,,,,,,,,,,,,,,,,,,,,,,,,,,,,,,,,,,,,,,,,,,,,,,,,,,,,,,,,,3.0,MageEmblemItem,,,,,,,,,,,,,,,,,,,,,,,,,,,,,,,3.0,StatikkShiv,,,,,,,,,,,,,,,,,,,,,,,,,,,,,,,2.0,,,,,,,,,,,,,,,,,,,,,,,,,,,,,,,,,,,,,,,,2.0,DragonsClaw,RedBuff,BrambleVest,,,,,1.0,,,,,,,,,,,,,,None,None,,,,,2.0,,,,3.0,RunaansHurricane,GuinsoosRageblade,MadredsBloodrazor,,,,,,,,,,,,,,,,,,,,,,,,
4,EUW1_5972113857,TFT6_Augment_CyberneticUplink1,TFT7_Augment_BandOfThieves1,TFT6_Augment_SecondWind2,,,,2.0,,,1.0,,1.0,,,,0.0,0.0,,0.0,0.0,1.0,,,,,,,2.0,0.0,0.0,0.0,,,,,,,,,1.0,GuinsoosRageblade,SpearOfShojin,ArchangelsStaff,,,,,,,,,,,,,,,,,,,,,,,,,,,,,,,,,,,,,,,,,,,,,,,,,,,,,,,,,,,,,,,,,,,,,,,,,,,,,,,,,,,,,,,,,2.0,Chalice,,,,,,,,,,,,,,,,,,,,,,,2.0,ThiefsGloves,JeweledGauntlet,ArchangelsStaff,,,,,,,,,,,,,,,,,,,,,,,,,2.0,,,,,,,,,,,,2.0,Quicksilver,RecurveBow,,,,,,,,,,1.0,,,,2.0,RedBuff,DragonsClaw,,,,,,,,,,,,,,,,None,None,,,,,,,,,,,,,,,,,,,,,,,,,,,,,,,,,,,,
4,EUW1_5971886491,TFT7_Augment_ShapeshifterTrait2,TFT6_Augment_Diversify1,TFT7_Augment_JadeTrait2,,0.0,,1.0,,,1.0,,,,,2.0,,0.0,,0.0,,,,2.0,,,,,,,,1.0,,,,,,,,,,,,,,,,,,,,,,,,,,,,,,,,,,,,,,,,,,,,,2.0,TitansResolve,GuardianAngel,,,,,,2.0,Zephyr,,,,,,,2.0,,,,,,,,,,,,3.0,RedBuff,GargoyleStoneplate,LocketOfTheIronSolari,,,,,,,,,,,,,,,,,,,,,,,,,,,,,,,,,1.0,WarmogsArmor,BrambleVest,,3.0,Deathblade,Quicksilver,GuinsoosRageblade,,,,,,,,,,,,,,,,,,,,,,,,,,,,,,,,,,,,,,,,,,,,,,,,,,,,,,,,,,,,,2.0,,,,,,,,,,,,,,,,,,,,,,None,None,,,,,,,,,,,,,,,,,,,,,,,,,,,,,,,,,,,,
3,EUW1_5971886491,TFT7_Augment_RevelEmblem2,TFT6_Augment_PandorasItems,TFT7_Augment_UrfsGrabBag2,,,,0.0,1.0,3.0,1.0,0.0,0.0,,1.0,,,,2.0,,0.0,4.0,,,,,,,,,0.0,,,,,,,,,,,,,,,,,,,,,,,,,,,,,,2.0,ThiefsGloves,GuinsoosRageblade,MadredsBloodrazor,,,,,2.0,RapidFireCannon,Quicksilver,RevelEmblemItem,,,,,,,,,,,,,,,,,,,,,,,,,2.0,ThiefsGloves,InfinityEdge,MadredsBloodrazor,,,,,,,,,2.0,CavalierEmblemItem,ZekesHerald,Shroud,,,,,,,,,,,,,,,,,,,,,,,,,,,,,,,,,,,,,,,,,,,,,,,,,,,,,,,,,,,,,1.0,,,,,,,,,,,,,,,,,,,,,,,,2.0,StatikkShiv,WarmogsArmor,,,,,,,,,,,,,,2.0,DragonsClaw,RedBuff,WarmogsArmor,,,,,,,,,,,,,,,None,None,,,,,,,,,,,,,,,,,,,,,,,,,2.0,RabadonsDeathcap,CavalierEmblemItem,FrozenHeart,,,,,,,,
6,EUW1_5971886491,TFT7_Augment_JadeTrait2,TFT6_Augment_ItemGrabBag1,TFT6_Augment_HighEndShopping,,,1.0,,,,1.0,,,,1.0,2.0,,,,1.0,,,,1.0,,,1.0,,,,,,,,,,,,,,,,,,,,,,,,,,1.0,,,,,,,,,,,,,,,,,,,,,,,,2.0,GuinsoosRageblade,GuardianAngel,Bloodthirster,,,,,,,,,,,,,2.0,RedBuff,,,,,,,,,,,,,,,,,,,,,,,,,,,,,,,,,,,,,,,,,,,,,,,1.0,TitansResolve,TitansResolve,TitanicHydra,,,,,,,,,,,,,,,,,,,,,,,,,,,,,,,,,,,,,,,,,,,,,,,,,,,,,,,,,1.0,NeedlesslyLargeRod,,,,,,,,,,,,,,,,,,,,,,,,,,,,,None,None,,,,,,,,,,,,,,,,,,,,,,,,,,,,,,,,,,,,
8,EUW1_5971886491,TFT6_Augment_Twins3,TFT7_Augment_BandOfThieves1,TFT6_Augment_BinaryAirdrop,,1.0,,1.0,,,,,,,,,,1.0,,0.0,,,,,0.0,1.0,,0.0,,,,0.0,,,,,,,,,,,,,,,,,,,,,,,,,,,,,,,,,,,,,,,,,,,,,,,,,,,,,,,,,,,,,,,,,,,,,,,,,1.0,RedBuff,IonicSpark,ZekesHerald,,,,,,,,,,,,,,,,,,,,,,,,,,,,,3.0,,,,,,,,,,,,,,,,,,,,,,,,,,,,,,,,,,,,,,,,,,,,,,,,,,,,,,,,,,,,,,,,,,,,,,,,1.0,ThiefsGloves,UnstableConcoction,Zephyr,,,,,,,,,,,,,,,,,,,None,None,,,,,,,,,3.0,GuinsoosRageblade,Deathblade,TitansResolve,,,,,,,,,,,,,,,,,,,,,1.0,,,
2,EUW1_5971886491,TFT7_Augment_CavalierEmblem2,TFT7_Augment_BestFriends1,TFT7_Augment_GuildEmblem2,,,1.0,,,3.0,1.0,0.0,,,4.0,,,,3.0,0.0,0.0,,,,,,,0.0,,,1.0,,,,,,,,,,,,,,,,,,,,,,1.0,,,,,,,,,,,,,,,,2.0,MadredsBloodrazor,GuildEmblemItem,Quicksilver,,,,,,,,,,,,,,,,,,,,,,,,,2.0,Redemption,,,,,,,,,,,,,,,,,,,,,,,,,,,,,,,,,,,,,,,,,,,,,,,,,,,3.0,Redemption,BrambleVest,RedBuff,,,,,,,,,,,,,,,,,,,,,2.0,ThiefsGloves,WarmogsArmor,GargoyleStoneplate,,,,,,,,,,,,,,,,,,,,,,,,,,,,,,,,,,,,,,,,,,,,,,,,,,,,,,,None,None,,,,,2.0,,,,,,,,,,,,,,,,,,,,1.0,SeraphsEmbrace,CavalierEmblemItem,ZekesHerald,2.0,LocketOfTheIronSolari,IonicSpark,,,,,
5,EUW1_5971886491,TFT6_Augment_CyberneticUplink3,TFT7_Augment_BestFriends1,TFT7_Augment_TomeOfTraits2,,0.0,,1.0,,,,,0.0,,1.0,,,3.0,,2.0,,,,,0.0,1.0,,,,1.0,,0.0,,,,,,,,,,,,,,,,,,,,,,,,,,,,,,,,,,,,,,,,,,,,,,,,,,,,,,,,,,,,,,,,,,,,,2.0,MysticEmblemItem,,,2.0,MageEmblemItem,RedBuff,,,,,,,,,,,,,,,,,,,,,,,,,,2.0,MageEmblemItem,,,3.0,SpearOfShojin,,,,,,,,,,,,,,,,,,,,,,,,,,,,,,,2.0,HextechGunblade,MadredsBloodrazor,JeweledGauntlet,,,,,,,,,,,,,,,,,,,,,,,,,,,,,,,,,,,,,2.0,WarmogsArmor,GargoyleStoneplate,GargoyleStoneplate,,,,,,,,,,,,,,,,,4.0,TrainerSnax,None,None,,,,,,,,,,,,,,,,,,,,,,,,,,,,,,,,,1.0,,,
7,EUW1_5971886491,TFT6_Augment_Meditation3,TFT6_Augment_TinyTitans,TFT6_Augment_MaxLevel10,,1.0,,1.0,,,1.0,,1.0,,,,,2.0,,1.0,,,,,0.0,1.0,,,,1.0,,0.0,,,,,,,,,,,,,,,,,1.0,MageEmblemItem,JeweledGauntlet,RabadonsDeathcap,,,,,,,,,,,,,,,,,,,,,,,,,,,,,,,,,,,,,,,,,,,,,,,,,1.0,,,,2.0,,,,,,,,,,,,,,,,,,,,,,,,,,,,2.0,Chalice,ZekesHerald,,2.0,,,,,,,,,,,,,,,,,,,,,,,,,,,,,,,,,,,,,,,,,,,,,,,,,,,,,,,,,,,,,,,,,,,,,,,,2.0,RedBuff,TitanicHydra,,,,,,,,,,,,,,,,,,2.0,TrainerSnax,None,None,,,,,,,,,,,,,,,,,,,,,,,,,,,,,,,,,1.0,,,
1,EUW1_5971886491,TFT7_Augment_AssassinEmblem2,TFT6_Augment_SecondWind1,TFT6_Augment_CelestialBlessing3,3.0,,,2.0,,,1.0,,,,1.0,,0.0,,,,0.0,,0.0,,0.0,,,,1.0,,1.0,2.0,,,,,,,,,,,,,,,,,,,,,,,,,,,,,,,,,2.0,IonicSpark,RedBuff,ZekesHerald,,,,,,,,,,,,,2.0,UnstableConcoction,AssassinEmblemItem,InfinityEdge,,,,,,,,,,,,,,,,,,,,,,,,,,,,,,,,,2.0,ForceOfNature,,,,,,,,,,,,,,,,,,,,,,,,,,,,,,,,,,,2.0,,,,2.0,NegatronCloak,BrambleVest,,2.0,RabadonsDeathcap,MadredsBloodrazor,,2.0,,,,,,,,,,,,,,,,,,,,2.0,,,,,,,,,,,,,,,,,,,,,,,,,,,,,,,,2.0,ThiefsGloves,SeraphsEmbrace,HextechGunblade,,,,,,,,,,,None,None,,,,,,,,,,,,,,,,,,,,,,,,,,,,,,,,,,,,
6,EUW1_5971901460,TFT7_Augment_SwiftshotTrait,TFT6_Augment_ItemGrabBag1,TFT6_Augment_SecondWind2,,0.0,1.0,1.0,,,,0.0,,,2.0,0.0,0.0,,,0.0,0.0,,,,,,,3.0,1.0,,,,,,,,,,,,,,,,1.0,,,,,,,,1.0,,,,,,,,,,,,,,,,,,,,,,,,,,,,,,,,,,,,2.0,,,,,,,,,,,,,,,,3.0,WarmogsArmor,FrozenHeart,BrambleVest,,,,,,,,,,,,,,,,,,,,,,,,,,,,,,,,,,,,,,,,,,,,,,,,,1.0,Morellonomicon,Shroud,,,,,,,,,,,,,,,,,,,,,,,,,,,,,,,,,,,,,,,,,,,,,,,,,,,,,,,,,,,,,,,,,,,,,,,,None,None,,,,,2.0,ZekesHerald,StatikkShiv,,3.0,Deathblade,Deathblade,RunaansHurricane,,,,,,,,,1.0,,,,,,,,,,,,,,,
3,EUW1_5971901460,TFT6_Augment_PandorasItems,TFT6_Augment_CelestialBlessing1,TFT6_Augment_SunfireBoard,,,1.0,1.0,,,1.0,,,,1.0,1.0,0.0,0.0,,0.0,,,,1.0,0.0,1.0,1.0,,2.0,,,0.0,,,,,,,,,1.0,MadredsBloodrazor,ArchangelsStaff,SpearOfShojin,,,,,,,,,1.0,,,,,,,,,,,,,,,,,,,,,,,,,,,,,,,,,,,,,,,,1.0,,,,,,,,,,,,,,,,,,,,,,,,,,,,,,,,,,,,,,,,,,,,,,,,2.0,TitanicHydra,IonicSpark,WarmogsArmor,,,,,,,,,,,,,2.0,WarmogsArmor,,,,,,,,,,,,,,,,,,,,,,,,,,,,,,,,,,,,,,,,,,,1.0,SpearOfShojin,,,,,,,2.0,Shroud,TitanicHydra,,,,,,,,,,,,,,,,,,,,None,None,,,,,,,,,,,,,,,,,,,,,,,,,,,,,,,,,1.0,,,
7,EUW1_5971901460,TFT7_Augment_BestFriends1,TFT7_Augment_MageTrait,TFT6_Augment_JeweledLotus,,1.0,,1.0,,,1.0,,1.0,,,,,2.0,,1.0,,,,,,,,,1.0,1.0,,0.0,,,,,,,,,1.0,EvokerEmblemItem,RabadonsDeathcap,SpearOfShojin,,,,,,,,,,,,,,,,,,,,,,,,,,,,,,,,,,,,,,,,,,,,,,,,,,,,,,,,,1.0,,,,2.0,TitanicHydra,,,,,,,,,,,,,,,,,,,,,,,,,,,2.0,,,,3.0,ZekesHerald,GuardianAngel,,,,,,,,,,,,,,,,,,,,,,,,,,,,,,,,,,,,,,,,,,,,,,,,,,,,,,,,,,,,,,,,,,,,,,2.0,GargoyleStoneplate,WarmogsArmor,IonicSpark,,,,,,,,,,,,,,,,,1.0,TrainerSnax,None,None,,,,,,,,,,,,,2.0,,,,,,,,,,,,,,,,,,,,,,,
2,EUW1_5971901460,TFT6_Augment_TriForce1,TFT6_Augment_LudensEcho1,TFT6_Augment_Diversify2,0.0,1.0,1.0,1.0,,,,,,,4.0,,,1.0,,1.0,,,,,,,,1.0,,,,0.0,,,,,,,,,,,,,,,,,,,,,1.0,ZekesHerald,,,,,,,,,,,,,,,,,,,,,,,,,,,,,,,,,,,,,,,,,,,,,,,,,,,3.0,GargoyleStoneplate,RedBuff,,,,,,,,,,,,,,,,,,,,,,,,,,,,,,3.0,Shroud,,,,,,,,,,,,,,,,,,,,,,,,,,,,,,,2.0,Shroud,RabadonsDeathcap,,,,,,,,,,,,,,,,,,,,,,,,,,,,,,,,,,,,,,2.0,,,,,,,,2.0,,,,,,,,,,,,,,None,None,,,,,2.0,BFSword,,,3.0,Deathblade,GuinsoosRageblade,RunaansHurricane,,,,,,,,,,,,,,,,,,,,,,,,
5,EUW1_5971901460,TFT7_Augment_BandOfThieves1,TFT6_Augment_Recombobulator,TFT6_Augment_SecondWind2,,,1.0,,,2.0,1.0,0.0,,,2.0,0.0,,,3.0,0.0,0.0,,,,,,1.0,,,,1.0,,,,,,,,,,,,,,,,,,,,,,1.0,,,,,,,,,,,,,,,,2.0,GuinsoosRageblade,RapidFireCannon,JeweledGauntlet,,,,,,,,,,,,,,,,,,,,,,,,,2.0,Redemption,,,,,,,,,,,,,,,,,,,,,,,,,,,,,,,,,,,,,,,,,,,,,,,,,,,2.0,RedBuff,FrozenHeart,,,,,,,,,,,,,,,,,,,,,,2.0,ThiefsGloves,HextechGunblade,UnstableConcoction,,,,,,,,,,,,,,,,,,,,,,,,,2.0,TearOfTheGoddess,,,,,,,,,,,,,,,,,,,,,,,,,,,,,None,None,,,,,,,,,,,,,,,,,,,,,,,,,1.0,UnstableConcoction,GuardianAngel,,1.0,,,,,,,
4,EUW1_5971901460,TFT6_Augment_CyberneticUplink1,TFT6_Augment_CyberneticShell1,TFT6_Augment_PortableForge,,,1.0,1.0,,,1.0,,0.0,,1.0,,0.0,1.0,,1.0,,,0.0,,0.0,1.0,,,2.0,1.0,,0.0,,,,,,,,,1.0,JeweledGauntlet,MageEmblemItem,SpearOfShojin,,,,,,,,,1.0,ScalescornEmblemItem,,,,,,,,,,,,,,,,,,,,,,,,,,,,,,,,,,,,,,,,,,,,,,,2.0,,,,,,,,,,,,,,,,,,,,,,,,,,,,,,,,2.0,,,,,,,,,,,,,,,,,,,,,,,,2.0,Redemption,,,,,,,,,,,,,,,,,,,,,,,,,,,,,,,,,,,,,,,,,,,,,,,,,,,2.0,RedBuff,DragonsClaw,TitansResolve,,,,,,,,,,,,,,,,,3.0,TrainerSnax,None,None,,,,,,,,,,,,,,,,,,,,,,,,,,,,,,,,,2.0,SpearOfShojin,OrnnZhonyasParadox,
1,EUW1_5971901460,TFT7_Augment_ShimmerscaleEmblem,TFT6_Augment_ThrillOfTheHunt1,TFT6_Augment_SecondWind2,0.0,,,,,,1.0,1.0,,1.0,,,0.0,0.0,0.0,,1.0,,,0.0,3.0,1.0,,0.0,,,0.0,0.0,,,,,,,,,,,,,,,,,,,,,,,,,,,,,,,,,,,,,,,,,2.0,GargoyleStoneplate,ShimmerscaleMogulsMail,RedBuff,,,,,,,,,,,,,,,,,,,,,,,,,,,,,,,,,,,,,,,,,2.0,SparringGloves,,,,,,,,,,,,,,,,,,,,,,,,,,,,,,,,,,,,,,,,,,,,,,,,,,,,,,,,,,,,,,,,,,,,,,,,,,,,,,,,,,,,,,,3.0,ShimmerscaleGamblersBlade,StatikkShiv,ShimmerscaleGoldmancersStaff,,,,,,,,,,,,,,,,,2.0,,,,,,None,None,,,,,,,,,,,,,,,,,2.0,,,,2.0,MadredsBloodrazor,LastWhisper,Quicksilver,2.0,ShimmerscaleEmblemItem,GuardianAngel,ShimmerscaleHeartOfGold,,,,,2.0,ZekesHerald,SpearOfShojin,
8,EUW1_5971901460,TFT6_Augment_Distancing,TFT6_Augment_SecondWind1,TFT6_Augment_SecondWind2,0.0,,,,,2.0,1.0,0.0,,,2.0,,,,3.0,,0.0,,,,,,,,,,1.0,,,,,,,,,,,,,,,,,,,,,,,,,,,,,,,,,,,,,,1.0,JeweledGauntlet,UnstableConcoction,InfinityEdge,,,,,,,,,,,,,,,,,,,,,,,,,2.0,,,,,,,,,,,,,,,,,,,,,,,,,,,,,,,,,,,,,,,,,,,,,,,,,,,,2.0,RedBuff,GiantsBelt,GargoyleStoneplate,,,,,,,,,,,,,,,,,,,,,2.0,,,,,,,,,,,,,,,,,,,,,,,,,,,,,,,,,,,,,,,,,,,,1.0,,,,,,,,,,,,,,None,None,,,,,,,,,,,,,,,,,,,,,,,,,1.0,LocketOfTheIronSolari,,,2.0,,,,,,,
4,EUW1_5971716761,TFT7_Augment_BestFriends1,TFT6_Augment_MaxLevel10,TFT6_Augment_RadiantRelics,1.0,,,1.0,,1.0,,,,,3.0,,0.0,,,,1.0,,,,,,,1.0,1.0,,0.0,,,,,,,,,,,,,,,,,,,,,,,,,,,,,,,,,,,,,,,,,,,,,,,,,,,,,,,,,,,,,,,,,,2.0,ThiefsGloves,TearOfTheGoddess,SeraphsEmbrace,,,,,,,,,,,,,,,,,,,,,,,,,,,,,,,,,,,,,,,,,,,,,,,,,,,,,,,,,2.0,WarmogsArmor,GargoyleStoneplate,,,,,,2.0,,,,,,,,2.0,ChainVest,,,,,,,,,,,2.0,,,,,,,,,,,,,,,,,,,,,,,,,,,,,,,,1.0,UnstableConcoction,Bloodthirster,,,,,,,,,,,,None,None,,,,,2.0,,,,,,,,,,,,,,,,2.0,LastWhisperRadiant,GuinsoosRageblade,MadredsBloodrazor,,,,,,,,,,,,
2,EUW1_5971716761,TFT7_Augment_ShimmerscaleEmblem,TFT6_Augment_Diversify3,TFT6_Augment_VerdantVeil,1.0,,,1.0,,,1.0,0.0,,1.0,1.0,,,0.0,0.0,,1.0,,,,2.0,,,1.0,,,1.0,1.0,,,,,,,,,,,,,,,,,,,,,,,,,,,,,,,,,,,,,,,,,2.0,IonicSpark,ShimmerscaleHeartOfGold,GargoyleStoneplate,,,,,,,,,,,,,,,,,,,,,,,,,,,,,,,,,,,,,,,,,2.0,,,,,,,,,,,,,,,,,,,,,,,,,,,,,,,,,,,,,,,,,,,,1.0,,,,,,,,,,,,,,,,,,,,,,,,1.0,,,,,,,,,,,,,,,,,,,,,,,,2.0,ChainVest,,,,,,,,,,,,,,,,,,,,,None,None,,,,,2.0,ShimmerscaleEmblemItem,Zephyr,,,,,,,,,,,,,,2.0,GuinsoosRageblade,MadredsBloodrazor,InfinityEdge,2.0,Bloodthirster,GuardianEmblemItem,ShimmerscaleGoldmancersStaff,,,,,,,,
5,EUW1_5971716761,TFT7_Augment_BestFriends1,TFT7_Augment_Preparation3,TFT6_Augment_Diversify3,,1.0,,1.0,,,,,0.0,,1.0,,,1.0,,1.0,,,,,,,,1.0,,1.0,,0.0,,,,,,,,,,,,,,,,,,,,,,,,,,,,,,,,,,,,,,,,,,,,,,,,,,,,,,,,,,,,,,,,,,,,,2.0,,,,2.0,ChainVest,,,,,,,,,,,,,,,,,,,,,,,,,,,2.0,,,,3.0,RabadonsDeathcap,,,,,,,,,,,,,,,,,,,,,,,,,,,,,,,,,,,,,,,,,,,,,,,,,,,,,,,,,,,,,,,,,,,,,,,2.0,RedBuff,GargoyleStoneplate,TitansResolve,,,,,,,,,,,,,,,,,2.0,TrainerSnax,None,None,,,,,2.0,,,,3.0,Deathblade,UnstableConcoction,GuinsoosRageblade,,,,,,,,,,,,,,,,,,,,,,,,
3,EUW1_5971716761,TFT6_Augment_ThrillOfTheHunt1,TFT6_Augment_Diversify3,TFT7_Augment_BestFriends3,1.0,,,1.0,,1.0,,,,,3.0,,0.0,,,,1.0,,,,,,,1.0,1.0,,0.0,,,,,,,,,,,,,,,,,,,,,,,,,,,,,,,,,,,,,,,,,,,,,,,,,,,,,,,,,,,,,,,,,,2.0,ThiefsGloves,Bloodthirster,DragonsClaw,,,,,,,,,,,,,,,,,,,,,,,,,,,,,,,,,,,,,,,,,,,,,,,,,,,,,,,,,2.0,DragonsClaw,,,,,,,2.0,,,,,,,,2.0,,,,,,,,,,,,2.0,DragonsClaw,,,,,,,,,,,,,,,,,,,,,,,,,,,,,,,2.0,UnstableConcoction,FrozenHeart,RedBuff,,,,,,,,,,,None,None,,,,,2.0,,,,,,,,,,,,,,,,1.0,GuinsoosRageblade,MadredsBloodrazor,Quicksilver,,,,,,,,,,,,
7,EUW1_5971716761,TFT6_Augment_PandorasItems,TFT6_Augment_WindfallPlus,TFT6_Augment_MaxLevel10,1.0,1.0,,2.0,,,,,,,3.0,,0.0,,,,0.0,,,,,,,1.0,1.0,,0.0,,,,,,,,,,,,,,,,,,,,,,,,,,,,,,,,,,,,,,,,,,,,,,,,,,,,,,,,,,,,,,,,,,,,,,,,,,2.0,,,,,,,,,,,,,,,,,,,,,,,,,,,,,,,,,,,,,,,,,,,,,,,,,,,,1.0,,,,,,,,2.0,GuildEmblemItem,,,,,,,,,,,,,,,,,,,2.0,,,,,,,,2.0,RedBuff,FrozenHeart,,,,,,,,,,,,,,,,,,,,,,2.0,FrozenHeart,RunaansHurricane,,,,,,,,,,,,None,None,,,,,2.0,RecurveBow,,,3.0,RunaansHurricane,Deathblade,GuinsoosRageblade,,,,,,,,,,,,,,,,,,,,,,,,
8,EUW1_5971716761,TFT6_Augment_Electrocharge1,TFT6_Augment_Electrocharge3,TFT7_Augment_BestFriends3,,,,,1.0,,1.0,,1.0,0.0,,,,,,0.0,,1.0,,,1.0,,,,,1.0,,,,,,,,,,,,,,,,,,,,,,,,,,,,,,,1.0,LastWhisper,UnstableConcoction,,,,,,,,,,2.0,TitansResolve,TitansResolve,GargoyleStoneplate,,,,,,,,,,,,,,,,,,,,,,,,,,,,,,,,,,,,,,,,,,,,,,,,,,,,,,,,,2.0,ShimmerscaleHeartOfGold,,,,,,,,,,,,,,,,,,,,,,,,,,,,,,,,,,,,,,,,,,,,,,,,,,,,,,,,,,,,,,,1.0,StatikkShiv,,,,,,,,,,,,,,,,,,,,,,,,,,,,,,,3.0,TrainerSnax,None,None,2.0,,,,,,,,,,,,,,,,,,,,,,,,,,,,,,,,,,,
6,EUW1_5971716761,TFT6_Augment_TinyTitans,TFT7_Augment_ShapeshifterTrait2,TFT7_Augment_BestFriends3,,0.0,,,,,1.0,0.0,,,,2.0,,,,0.0,0.0,,,3.0,,,1.0,,,,,0.0,,,,,,,,,,,,,,,,,,,,,,,,,,,,,,,,,,,,,,,,,,,,,1.0,MadredsBloodrazor,SparringGloves,InfinityEdge,,,,,2.0,ThiefsGloves,TearOfTheGoddess,SpearOfShojin,,,,,1.0,,,,,,,,,,,,,,,,,,,,,,,,,,,,,,,,,,,,,,,,,,,,,,,,1.0,RedBuff,FrozenHeart,BrambleVest,3.0,Quicksilver,GuinsoosRageblade,Deathblade,,,,,,,,,,,,,,,,,,,,,,,,,,,,,,,,,,,,,,,,,,,,,,,,,,,,,2.0,,,,2.0,,,,,,,,,,,,,,,,,,,,,,,,,,None,None,,,,,,,,,,,,,,,,,,,,,,,,,,,,,,,,,,,,
1,EUW1_5971716761,TFT6_Augment_ItemGrabBag1,TFT6_Augment_RadiantRelics,TFT6_Augment_TheGoldenEgg,,,1.0,,1.0,,1.0,,1.0,1.0,1.0,0.0,,,,1.0,,1.0,,,1.0,,1.0,,,1.0,,0.0,,,,,,,,,,,,,,,,,,,,,2.0,Zephyr,,,,,,,2.0,OrnnInfinityForce,GuinsoosRageblade,MadredsBloodrazor,,,,,,,,,2.0,GargoyleStoneplate,OrnnAnimaVisage,WarmogsArmor,,,,,,,,,,,,,,,,,,,,,,,,,,,,,,,,,,,,,,,,,,,,,,,,,,,,,,,,,2.0,,,,,,,,,,,,,,,,,,,,,,,,,,,,,,,,,,,,,,,,,,,,,,,,,,,,,,,,,,,,,,,,2.0,ArchangelsStaff,OrnnZhonyasParadox,ShimmerscaleHeartOfGold,2.0,,,,,,,,,,,,,,,,,,,,,,,,2.0,ShroudOfStillnessRadiant,DragonsClaw,RedBuff,2.0,TrainerSnax,None,None,1.0,LastWhisper,,,,,,,,,,,,,,,,,,,,,,,,,,,,,,,,,,
1,EUW1_5971954315,TFT7_Augment_AFK,TFT6_Augment_Distancing2,TFT6_Augment_RadiantRelics,0.0,1.0,,2.0,,,1.0,,,,2.0,,0.0,0.0,,,,,,,,,,1.0,2.0,,,0.0,,,,,,,,,2.0,ArchangelsStaff,Zephyr,SpearOfShojin,,,,,,,,,,,,,,,,,,,,,,,,,,,,,,,,,,,,,,,,,,,,,,,,,,,,,,,,,,,,,2.0,RedBuff,GargoyleStoneplate,TitansResolve,,,,,,,,,,,,,,,,,,,,,,,,,,,,,,,,,,,,,,,,,,,,,,,,,2.0,NeedlesslyLargeRod,Shroud,,,,,,,,,,,,,,,,,,,,,,,,,,,,,,,,,,2.0,Shroud,,,,,,,,,,,,,,,2.0,,,,,,,,1.0,,,,,,,,,,,,,,None,None,,,,,2.0,,,,3.0,Deathblade,GuinsoosRageblade,RunaansHurricaneRadiant,,,,,,,,,,,,,,,,,,,,,,,,
4,EUW1_5971954315,TFT6_Augment_Electrocharge1,TFT6_Augment_ComponentGrabBag,TFT6_Augment_TheGoldenEgg,,,1.0,,2.0,,1.0,,1.0,1.0,1.0,,,,,1.0,,2.0,,,1.0,,,,,1.0,,0.0,,,,,,,,,,,,,,,,,,,,,2.0,ThiefsGloves,Redemption,LastWhisper,,,,,2.0,GuinsoosRageblade,MadredsBloodrazor,MadredsBloodrazor,,,,,,,,,2.0,GargoyleStoneplate,GargoyleStoneplate,RedBuff,,,,,,,,,,,,,,,,,,,,,,,,,,,,,,,,,2.0,,,,,,,,,,,,,,,,,,,,,,,,2.0,StatikkShiv,,,,,,,,,,,,,,,,,,,,,,,,,,,,,,,,,,,,,,,,,,,,,,,,,,,,,,,,,,,,,,,2.0,ArchangelsStaff,Chalice,,,,,,,,,,,,,,,,,,,,,,,,,,1.0,,,,3.0,TrainerSnax,None,None,2.0,UnstableConcoction,ShimmerscaleGamblersBlade,,,,,,,,,,,,,,,,,,,,,,,,,,,,,,,,,
6,EUW1_5971954315,TFT7_Augment_BestFriends1,TFT6_Augment_PortableForge,TFT6_Augment_HighEndShopping,1.0,,,1.0,,1.0,,,,,3.0,,0.0,,,,1.0,,,,,,,1.0,1.0,,0.0,,,,,,,,,,,,,,,,,,,,,,,,,,,,,,,,,,,,,,,,,,,,,,,,,,,,,,,,,,,,,,,,,,2.0,,,,,,,,,,,,,,,,,,,,,,,,,,,,,,,,,,,,,,,,,,,,,,,,,,,,,,,,,,,,2.0,TitansResolve,,,,,,,1.0,,,,,,,,2.0,,,,,,,,,,,,1.0,,,,,,,,,,,,,,,,,,,,,,,,,,,,,,,,2.0,InfinityEdge,Deathblade,FrozenHeart,,,,,,,,,,,None,None,,,,,1.0,SparringGloves,Zephyr,,,,,,,,,,,,,,2.0,Quicksilver,OrnnInfinityForce,GuinsoosRageblade,,,,,,,,,,,,
7,EUW1_5971954315,TFT6_Augment_TriForce1,TFT7_Augment_AstralIntercosmicGifts,TFT7_Augment_BestFriends3,,0.0,,2.0,,0.0,1.0,,,,2.0,,,0.0,,,0.0,,,,,,,1.0,,,0.0,2.0,,,,,,,,,,,,,,,,,,,,,,,,,,,,,,,,,,,,,,,,,,,,,,,,,1.0,RunaansHurricane,Deathblade,,,,,,,,,,,,,,,,,,,,,,3.0,GargoyleStoneplate,Redemption,RedBuff,,,,,,,,,,,,,,,,,,,,,,,,,,,,,,,,,,,,,,,,,,,,,,,,,,,,,,,,,,,,,,,,,1.0,,,,,,,,,,,,2.0,,,,,,,,,,,,,,,,,,,,,,,,1.0,,,,,,,,,,,,,,,,,,,,,,None,None,,,,,2.0,NeedlesslyLargeRod,,,3.0,Deathblade,GuinsoosRageblade,RunaansHurricane,,,,,,,,,,,,,,,,,,,,,,,,
8,EUW1_5971954315,TFT6_Augment_CelestialBlessing1,TFT7_Augment_DragonHorde,TFT6_Augment_WindfallPlusPlus,,,,,,,2.0,0.0,1.0,,,1.0,,,1.0,1.0,0.0,0.0,,1.0,,,,,,0.0,,,,,,,,,,,,,,,,,,,,,,,,,,,,,,,,,,,,,,,2.0,StatikkShiv,MadredsBloodrazor,Quicksilver,,,,,2.0,UnstableConcoction,,,,,,,,,,,,,,,,,,,,,,,,,,,,,,,,,,,,,,,,,,,,,,,,,,,,,,,1.0,,,,,,,,2.0,RedBuff,Morellonomicon,IonicSpark,,,,,,,,,,,,,,,,,,,,,,,,,,,,,,,,,,,,,,,,,,,,,,,,,,,,,2.0,,,,,,,,1.0,,,,,,,,,,,,,,,,,,,,,,,,,,None,None,,,,,,,,,,,,,,,,,,,,,,,,,,,,,,,,,,,,
3,EUW1_5971954315,TFT7_Augment_BandOfThieves1,TFT7_Augment_GadgetExpert,TFT7_Augment_ThinkFast,1.0,,1.0,1.0,,0.0,,0.0,,,3.0,,0.0,,0.0,0.0,1.0,,,,,,,1.0,1.0,,1.0,,,,,,,,,,,,,,,,,,,,,,1.0,,,,,,,,,,,,,,,,,,,,,,,,,,,,,,,,,,,,,,,,,,,,2.0,,,,,,,,,,,,,,,,,,,,,,,,,,,,,,,,,,,,,,,,,,,,,,,,,,,,,,,,,,,,2.0,ThiefsGloves,StatikkShiv,Deathblade,,,,,1.0,ChainVest,,,,,,,,,,,,,,,,,,,2.0,Redemption,,,,,,,,,,,,,,,,,,,,,,,,,,,,,,,2.0,MadredsBloodrazor,MadredsBloodrazor,RapidFireCannon,,,,,,,,,,,None,None,,,,,2.0,StatikkShiv,,,,,,,,,,,,,,,2.0,GuinsoosRageblade,RunaansHurricane,Deathblade,2.0,SeraphsEmbrace,,,,,,,,,,
5,EUW1_5971954315,TFT6_Augment_PandorasItems,TFT6_Augment_PortableForge,TFT6_Augment_HighEndShopping,,,,,,0.0,1.0,1.0,,,,0.0,,,,,2.0,,,1.0,,,,1.0,,,,,,,,,,,,,,,,,2.0,,,,,,,,,,,,,,,,,,,,,,,,,,,,,,,,,,,,,,,,,,,,,,,,,,,,2.0,ThiefsGloves,Quicksilver,Deathblade,,,,,,,,,,,,,,,,,,,,,,,,,,,,,,,,,,,,,,,,,,,,,,,,,,,,,,,,,,,,,,,,,,,,,,,,,,,,,,,,,,,,,,,,,2.0,DragonmancerEmblemItem,TitansResolve,UnstableConcoction,,,,,,,,,,,,,2.0,,,,,,,,,,,,,,,,,,,,,,,,,,None,None,,,,,,,,,,,,,,,,,,,,,2.0,GuinsoosRageblade,MadredsBloodrazor,Quicksilver,,,,,,,,,,,,
2,EUW1_5971954315,TFT6_Augment_ThrillOfTheHunt1,TFT6_Augment_PortableForge,TFT6_Augment_WindfallPlusPlus,,0.0,,1.0,,,,,1.0,,1.0,,,2.0,,1.0,,0.0,,,0.0,1.0,,,,1.0,,0.0,,,,,,,,,,,,,,,,,,,,,,,,,,,,,,,,,,,,,,,,,,,,,,,,,,,,,,,,,,,,,,,,,,,,,2.0,,,,3.0,WarmogsArmor,ChainVest,DragonsClaw,,,,,,,,,,,,,,,,,,,,,,,,,2.0,,,,3.0,StatikkShiv,,,,,,,,,,,,,,,,,,,,,,,,,,,,,,,2.0,ArchangelsStaff,OrnnMuramana,Quicksilver,,,,,,,,,,,,,,,,,,,,,,,,,2.0,MageEmblemItem,JeweledGauntlet,SpearOfShojin,,,,,,,,,2.0,GargoyleStoneplate,WarmogsArmor,Redemption,,,,,,,,,,,,,,,,,3.0,TrainerSnax,None,None,,,,,,,,,,,,,,,,,,,,,,,,,,,,,,,,,1.0,,,
5,EUW1_5971939697,TFT6_Augment_MetabolicAccelerator,TFT6_Augment_BandOfThieves2,TFT6_Augment_CyberneticImplants1,2.0,,,1.0,,0.0,,0.0,,0.0,1.0,,0.0,0.0,0.0,,,,2.0,,,,,,1.0,,1.0,,,,,,,,,,,,,,,,,,,,,,,,,,1.0,ThiefsGloves,TitansResolve,MadredsBloodrazor,,,,,1.0,RabadonsDeathcap,,,,,,,,,,,,,,,,,,,,,,,,,,,,,,,,,,,,,,,,,,,,,,,,,,,,,,,,,,,,,,,1.0,,,,,,,,,,,,,,,,,,,,,,,,3.0,RunaansHurricane,AssassinEmblemItem,InfinityEdge,2.0,Shroud,,,,,,,2.0,ThiefsGloves,PowerGauntlet,LastWhisper,,,,,,,,,,,,,,,,,,,,,,,,,,,,,,,,,,,,,,,,,,,,,,,,,2.0,GuinsoosRageblade,InfinityEdge,RedBuff,,,,,,,,,,,None,None,,,,,,,,,,,,,,,,,,,,,,,,,2.0,RecurveBow,,,,,,,,,,
6,EUW1_5971939697,TFT6_Augment_TargetDummies,TFT7_Augment_TomeOfTraits2,TFT6_Augment_ThrillOfTheHunt1,,1.0,,1.0,,,,,1.0,,1.0,,,2.0,,2.0,,0.0,,,,,,,,1.0,,1.0,,,,,,,,,,,,,,,,,,,,,,,,,,,,,,,,,,,,,,,,,,,,,,,,,,,,,,,,,,,,,,,,,,,,,2.0,,,,2.0,MysticEmblemItem,,,,,,,,,,,,,,,,,,,,,,,,,,,2.0,,,,3.0,PowerGauntlet,Chalice,LocketOfTheIronSolari,,,,,,,,,,,,,,,,,,,,,,,,,,,,,2.0,SpearOfShojin,GuinsoosRageblade,WhispersEmblemItem,,,,,,,,,,,,,,,,,,,,,,,,,2.0,BFSword,,,,,,,,,,,2.0,WarmogsArmor,GargoyleStoneplate,RedBuff,,,,,,,,,,,,,,,,,2.0,TrainerSnax,None,None,,,,,,,,,,,,,2.0,,,,,,,,,,,,,,,,,,,,,,,
4,EUW1_5971939697,TFT6_Augment_TrueTwos,TFT7_Augment_AssassinEmblem2,TFT7_Augment_BestFriends1,2.0,,1.0,1.0,,0.0,,0.0,,0.0,2.0,,0.0,0.0,0.0,0.0,,,2.0,,,,,,1.0,,1.0,,,,,,,,,,,,,,,,,,,,,,1.0,,,,2.0,TitanicHydra,ChainVest,,,,,,3.0,FrozenHeart,IonicSpark,InfinityEdge,,,,,,,,,,,,,,,,,,,,,,,,,,,,,,,,,,,,,,,,,,,,,,,,,,,,,,,,,,,,,2.0,,,,,,,,,,,,,,,,,,,,,,,,2.0,InfinityEdge,RunaansHurricane,AssassinEmblemItem,1.0,,,,,,,,2.0,,,,,,,,,,,,,,,,,,,,,,,,,,,,,,,,,,,,,,,,,,,,,,,,,,,,1.0,LastWhisper,,,,,,,,,,,,,None,None,,,,,,,,,,,,,,,,,,,,,,,,,2.0,JeweledGauntlet,UnstableConcoction,,,,,,,,,
8,EUW1_5971939697,TFT6_Augment_SalvageBin,TFT6_Augment_Diversify3,TFT6_Augment_Recombobulator,,,,1.0,,,1.0,0.0,1.0,,,,,0.0,0.0,0.0,0.0,0.0,,,0.0,1.0,,,1.0,0.0,1.0,0.0,,,,,,,,,1.0,SpearOfShojin,ArchangelsStaff,MadredsBloodrazor,,,,,,,,,,,,,,,,,,,,,,,,,,,,,,,,,,,,,,,,,,,,,,,,,,,,,,,,,,,,,,,,,,,,,,,,,,,,,,,,,,,,,,,,,2.0,,,,,,,,,,,,,,,,,,,,,,,,,,,,,,,,,,,,,,,,,,,,,,,,,,,,1.0,,,,,,,,,,,,1.0,,,,,,,,,,,,1.0,IonicSpark,RedBuff,,,,,,,,,,,,,,,,,,,,None,None,,,,,,,,,,,,,,,,,,,,,,,,,1.0,,,,,,,,1.0,SpearOfShojin,Chalice,
2,EUW1_5971939697,TFT7_Augment_ClutteredMind,TFT6_Augment_FuturePeepers2,TFT6_Augment_PandorasItems,,,1.0,,1.0,,1.0,,1.0,1.0,1.0,0.0,,,,1.0,,1.0,,0.0,1.0,,1.0,,,1.0,,,,,,,,,,,,,,,,,,,,,,,2.0,FrozenHeart,GuardianEmblemItem,,,,,,2.0,Bloodthirster,ShimmerscaleDravensAxe,GuinsoosRageblade,,,,,,,,,2.0,WarmogsArmor,DragonsClaw,BrambleVest,,,,,,,,,,,,,,,,,,,,,,,,,,,,,,,,,,,,,,,,,,,,,,,,,,,,,,,,,2.0,,,,,,,,2.0,GuardianEmblemItem,ZephyrRadiant,RedBuff,,,,,,,,,,,,,,,,,,,,,,,,,,,,,,,,,,,,,,,,,,,,,,,,,,,,,3.0,Morellonomicon,NeedlesslyLargeRod,,2.0,RabadonsDeathcap,,,,,,,,,,,,,,,,,,,,,,,,,,,4.0,TrainerSnax,None,None,2.0,LastWhisper,MadredsBloodrazor,InfinityEdge,,,,,,,,,,,,,,,,,,,,,,,,,,,,,,,,
3,EUW1_5971939697,TFT7_Augment_Preparation2,TFT6_Augment_RadiantRelics,TFT7_Augment_BruiserTrait,,,,2.0,0.0,,1.0,,1.0,,,,0.0,0.0,1.0,0.0,,3.0,,,,,,,0.0,0.0,,0.0,,,,,,,,,,,,,,,,,,,,,,,,,,,,,2.0,HextechGunblade,InfinityEdge,StatikkShivRadiant,,,,,2.0,RevelEmblemItem,GuinsoosRageblade,Quicksilver,,,,,,,,,,,,,,,,,,,,,,,,,,,,,,,,,,,,,,,,,,,,,,,,,,,,,,,,,,,,,2.0,Spatula,TitanicHydra,,,,,,,,,,,,,,,,,,,,,,2.0,RedBuff,GiantsBelt,IonicSpark,,,,,,,,,,,,,,,,,,,,,,,,,,,,,,,,,,,,,2.0,StatikkShiv,,,,,,,,,,,2.0,,,,2.0,,,,,,,,,,,,,,,,,,None,None,,,,,,,,,,,,,,,,,,,,,,,,,,,,,,,,,,,,
7,EUW1_5971939697,TFT6_Augment_TargetDummies,TFT6_Augment_Diversify3,TFT6_Augment_CelestialBlessing1,,0.0,1.0,1.0,,0.0,,,,,4.0,0.0,,1.0,,1.0,0.0,,,,,,1.0,0.0,,,0.0,0.0,,,,,,,,,,,,,,,,,,,,,1.0,FrozenHeart,,,,,,,,,,,,,,,,,,,,,,,,,,,,,,,,,,,,,,,,,,,,,,,,,,,,,,,,,,,,,,,,,,,,,,,,,,,,,,,,,,,2.0,,,,,,,,,,,,,,,,,,,,,,,,,,,,,,,,2.0,ArchangelsStaff,SpearOfShojin,HextechGunblade,2.0,IonicSpark,RedBuff,,,,,,,,,,1.0,,,,,,,,,,,,,,,,1.0,,,,,,,,2.0,TitanicHydra,,,,,,,,,,,,,,,,,,,,,None,None,,,,,2.0,RecurveBow,,,,,,,,,,,,,,,,,,,,,,,,,,,,,,
1,EUW1_5971939697,TFT7_Augment_BestFriends2,TFT6_Augment_Diversify3,TFT7_Augment_BestFriends1,1.0,,,2.0,,,1.0,0.0,,,1.0,0.0,0.0,0.0,0.0,,0.0,,,,,,1.0,,0.0,,1.0,2.0,,,,,,,,,,,,,,,,,,,,,,,,,,,,,,,,,,,,,,,,,,,,,,,,,2.0,UnstableConcoction,TitansResolve,Bloodthirster,,,,,,,,,,,,,,,,,,,,,,,,,,,,,,,,,,,,,,,,,,,,,,,,,,,,,,,,,,,,,,,,,,,,,,,,,2.0,,,,2.0,GuinsoosRageblade,JeweledGauntlet,,,,,,,,,,,,,,,,,,,,,,2.0,RedBuff,,,,,,,,,,,,,,,2.0,,,,,,,,2.0,,,,,,,,2.0,FrozenHeart,HextechGunblade,RunaansHurricane,,,,,,,,,,,None,None,,,,,,,,,,,,,,,,,,,,,,,,,1.0,WarmogsArmor,BrambleVest,HextechGunblade,,,,,,,,
7,EUW1_5971798791,TFT6_Augment_CelestialBlessing2,TFT6_Augment_Diversify2,TFT7_Augment_UrfsGrabBag2,,,,1.0,1.0,,1.0,,1.0,,,,0.0,,,0.0,,1.0,,,,,,,0.0,1.0,,1.0,,,,,,,,,,,,,,,,,,,,,,,,,,,,,2.0,GuinsoosRageblade,InfinityEdge,GuardianAngel,,,,,,,,,,,,,,,,,2.0,GargoyleStoneplate,RedBuff,GargoyleStoneplate,,,,,,,,,,,,,,,,,,,,,,,,,,,,,,,,,,,,,,,,,,,,,,,,,1.0,,,,,,,,,,,,,,,,,,,,,,,,1.0,FrozenHeart,,,,,,,,,,,,,,,,,,,,,,,,,,,,,,,,,,,,,,,1.0,Morellonomicon,,,,,,,,,,,,,,,,,,,,,,,,,,,,,,,2.0,TrainerSnax,None,None,2.0,ThiefsGloves,IonicSpark,IonicSpark,,,,,,,,,,,,,,,,,,,,,,,,,,,,,,,,
3,EUW1_5971798791,TFT7_Augment_SwiftshotPressTheAttack,TFT6_Augment_SalvageBin,TFT7_Augment_BestFriends3,1.0,,1.0,1.0,,1.0,,,,,4.0,,0.0,,,0.0,1.0,,,,,,,1.0,1.0,,0.0,,,,,,,,,,,,,,,,,,,,,,1.0,,,,,,,,,,,,,,,,,,,,,,,,,,,,,,,,,,,,,,,,,,,,1.0,,,,,,,,,,,,,,,,,,,,,,,,,,,,,,,,,,,,,,,,,,,,,,,,,,,,,,,,,,,,1.0,RedBuff,WarmogsArmor,TitansResolve,,,,,2.0,,,,,,,,2.0,,,,,,,,,,,,2.0,LocketOfTheIronSolari,,,,,,,,,,,,,,,,,,,,,,,,,,,,,,,2.0,UnstableConcoction,FrozenHeart,IonicSpark,,,,,,,,,,,None,None,,,,,2.0,,,,,,,,,,,,,,,,2.0,GuinsoosRageblade,Quicksilver,GuardianAngel,,,,,,,,,,,,
5,EUW1_5971798791,TFT7_Augment_BestFriends2,TFT6_Augment_Diversify2,TFT6_Augment_VerdantVeil,,,1.0,1.0,,,1.0,,0.0,,2.0,,,1.0,,1.0,,,,,0.0,1.0,,,,1.0,,2.0,,,,,,,,,,,,,,,,,,,,,1.0,,,,,,,,,,,,,,,,,,,,,,,,,,,,2.0,TitansResolve,UnstableConcoction,TitansResolve,,,,,,,,,,,,,,,,,2.0,SparringGloves,,,,,,,,,,,,,,,,,,,,,,,,,,,,,,,2.0,RunaansHurricane,,,,,,,,,,,,,,,,,,,,,,,,,,,,,,,,,,,2.0,HextechGunblade,ArchangelsStaff,,,,,,,,,,,,,,,,,,,,,,,,,,,,,,,,,,,,,,2.0,RedBuff,IonicSpark,,,,,,,,,,,,,,,,,,3.0,TrainerSnax,None,None,,,,,,,,,,,,,,,,,,,,,,,,,,,,,,,,,1.0,StatikkShiv,,
8,EUW1_5971798791,TFT6_Augment_TradeSector,TFT6_Augment_JeweledLotus,TFT6_Augment_WindfallPlusPlus,,0.0,1.0,1.0,,,,,0.0,,2.0,,,2.0,,2.0,,,,,0.0,1.0,,,,1.0,,0.0,,,,,,,,,,,,,,,,,,,,,1.0,,,,,,,,,,,,,,,,,,,,,,,,,,,,,,,,,,,,,,,,,,,,,,,,2.0,,,,2.0,MageEmblemItem,,,,,,,,,,,,,,,,,,,,,,,,,,,2.0,StatikkShiv,,,3.0,,,,,,,,,,,,,,,,,,,,,,,,,,,,,,,,2.0,InfinityEdge,SpearOfShojin,Bloodthirster,,,,,,,,,,,,,,,,,,,,,,,,,,,,,,,,,,,,,2.0,WarmogsArmor,GargoyleStoneplate,,,,,,,,,,,,,,,,,,2.0,TrainerSnax,None,None,,,,,,,,,,,,,,,,,,,,,,,,,,,,,,,,,1.0,TearOfTheGoddess,,
4,EUW1_5971798791,TFT7_Augment_ScalescornEmblem,TFT6_Augment_SecondWind2,TFT7_Augment_ThinkFast,1.0,,,2.0,,,,,,0.0,1.0,,0.0,0.0,,,0.0,,2.0,,,,,,0.0,,1.0,0.0,,,,,,,,,,,,,,,,,,,,,,,,,3.0,GargoyleStoneplate,,,,,,,3.0,RedBuff,IonicSpark,InfinityEdge,,,,,,,,,,,,,,,,,,,,,,,,,,,,,,,,,,,,,,,,,,,,,,,,,,,,,,,,,,,,,,,,,,,,,,,,,,,,,,,,,,,,,2.0,InfinityEdge,RapidFireCannon,Bloodthirster,2.0,,,,,,,,,,,,,,,,,,,,,,,,,,,,2.0,,,,,,,,,,,,,,,,,,,,,,,,2.0,,,,,,,,2.0,ScalescornEmblemItem,WarriorEmblemItem,JeweledGauntlet,,,,,,,,,,,None,None,,,,,,,,,,,,,,,,,,,,,,,,,,,,,,,,,,,,
1,EUW1_5971798791,TFT7_Augment_BruiserEmblem,TFT6_Augment_ThrillOfTheHunt2,TFT7_Augment_UrfsGrabBag2,,,1.0,1.0,,0.0,1.0,0.0,,,1.0,0.0,0.0,1.0,0.0,0.0,0.0,,,,0.0,1.0,1.0,,2.0,,0.0,0.0,,,,,,,,,2.0,MadredsBloodrazor,MageEmblemItem,Bloodthirster,,,,,,,,,1.0,,,,,,,,,,,,,,,,,,,,,,,,,,,,,,,,,,,,,,,,,,,,2.0,BruiserEmblemItem,,,,,,,,,,,,,,,,,,,,,,,,,,,,,,,,,,,,,,,,,,,,,,,,,,,,,,,,,,,2.0,,,,,,,,,,,,,,,,,,,,,,,,,,,,,,,,,,,,,,,,,,,,2.0,,,,,,,,2.0,WarmogsArmor,RedBuff,Redemption,,,,,,,,,,,,,,,,,,,None,None,,,,,,,,,,,,,,,,,,,,,,,,,2.0,SeraphsEmbrace,WarmogsArmor,FrozenHeart,,,,,2.0,HextechGunblade,GuinsoosRageblade,StatikkShiv
2,EUW1_5971798791,TFT6_Augment_SecondWind2,TFT6_Augment_PortableForge,TFT6_Augment_WindfallPlusPlus,,0.0,1.0,,,,1.0,0.0,,,1.0,1.0,,,0.0,0.0,1.0,,,3.0,,,,,,,0.0,0.0,,,,,,,,,,,,,,,,,,,,,1.0,,,,,,,,,,,,,,,,,,,,,,,,,,,,,,,,2.0,,,,,,,,2.0,FrozenHeart,,,,,,,,,,,,,,,,,,,,,,,,,,,,,,,,,,,,,,,,,,,,,,,2.0,GargoyleStoneplate,WarmogsArmor,IonicSpark,3.0,GuinsoosRageblade,MadredsBloodrazor,Quicksilver,,,,,,,,,,,,,,,,,,,,,,,,,,,,,,,,,,,,,,,,,1.0,OrnnInfinityForce,DragonsClaw,Morellonomicon,,,,,,,,,,,,,2.0,JadeEmblemItem,,,,,,,,,,,,,,,,,,,,,,,,,None,None,,,,,,,,,,,,,,,,,,,,,,,,,1.0,ThiefsGloves,DragonsClaw,Deathblade,,,,,,,,
6,EUW1_5971798791,TFT6_Augment_TrueTwos,TFT7_Augment_UrfsGrabBag1,TFT7_Augment_ThinkFast,2.0,,,2.0,,,,,,,1.0,,0.0,0.0,,,0.0,,1.0,,,,,,1.0,,1.0,0.0,,,,,,,,,,,,,,,,,,,,,,,,,,,,,,,,,2.0,RabadonsDeathcap,IonicSpark,ArchangelsStaff,,,,,,,,,,,,,,,,,,,,,,,,,,,,,,,,,,,,,,,,,,,,,,,,,,,,,,,,,,,,,,,,,,,,,,,,,,,,,,,,,,,,,2.0,AssassinEmblemItem,InfinityEdge,RapidFireCannon,2.0,GargoyleStoneplate,Morellonomicon,,,,,,2.0,,,,,,,,,,,,,,,,,,,,2.0,,,,,,,,,,,,,,,,,,,,,,,,2.0,,,,,,,,2.0,FrozenHeart,,,,,,,,,,,,,None,None,,,,,,,,,,,,,,,,,,,,,,,,,,,,,,,,,,,,
5,EUW1_5972943182,TFT6_Augment_PortableForge,TFT6_Augment_ThrillOfTheHunt2,TFT6_Augment_SecondWind2,,0.0,1.0,1.0,,,1.0,,0.0,,1.0,,,1.0,,2.0,,,,,,,,,1.0,1.0,,0.0,,,,,,,,,1.0,SpearOfShojin,SpearOfShojin,,,,,,,,,,1.0,SeraphsEmbrace,,,,,,,,,,,,,,,,,,,,,,,,,,,,,,,,,,,,,,,,,,,,,,,1.0,,,,3.0,TitanicHydra,,,,,,,,,,,,,,,,,,,,,,,,,,,2.0,,,,3.0,StatikkShiv,SeraphsEmbrace,,,,,,,,,,,,,,,,,,,,,,,,,,,,,,,,,,,,,,,,,,,,,,,,,,,,,,,,,,,,,,,,,,,,,,2.0,WarmogsArmor,RedBuff,OrnnEternalWinter,,,,,,,,,,,,,,,,,2.0,TrainerSnax,None,None,,,,,,,,,,,,,,,,,,,,,,,,,,,,,,,,,,,,
3,EUW1_5972943182,TFT7_Augment_BestFriends2,TFT6_Augment_Twins2,TFT6_Augment_SunfireBoard,0.0,,,1.0,,0.0,,,,0.0,,,,0.0,,,0.0,,2.0,,,,,,,,1.0,,,,,,,,,,,,,,,,,,,,,,,,,,1.0,,,,,,,,2.0,InfinityEdge,FrozenHeart,TitansResolve,,,,,,,,,,,,,,,,,,,,,,,,,,,,,,,,,,,,,,,,,,,,,,,,,,,,,,,,,,,,,2.0,,,,,,,,,,,,,,,,,,,,,,,,2.0,RunaansHurricane,GuinsoosRageblade,GargoyleStoneplate,,,,,,,,,,,,,,,,,,,,,,,,,,,,,2.0,,,,,,,,,,,,,,,,,,,,,,,,,,,,,,,,,,,,,,,,,,,,,,None,None,,,,,,,,,,,,,,,,,,,,,,,,,,,,,,,,,,,,
4,EUW1_5972943182,TFT6_Augment_Electrocharge2,TFT6_Augment_ThrillOfTheHunt2,TFT6_Augment_Ascension,2.0,,,2.0,,,1.0,,,,1.0,,0.0,0.0,,,0.0,,,,,,,,1.0,,0.0,2.0,,,,,,,,,,,,,,,,,,,,,,,,,,,,,,,,,,,,,,,,,,,,,,,,,2.0,RapidFireCannon,UnstableConcoction,Quicksilver,,,,,,,,,,,,,,,,,,,,,,,,,,,,,,,,,,,,,,,,,,,,,,,,,,,,,,,,,,,,,,,,,,,,,,,,,1.0,AssassinEmblemItem,,,1.0,HextechGunblade,,,2.0,LastWhisper,,,,,,,,,,,,,,,,,,,2.0,,,,,,,,,,,,,,,,,,,,,,,,2.0,,,,,,,,2.0,TitansResolve,InfinityEdge,FrozenHeart,,,,,,,,,,,None,None,,,,,,,,,,,,,,,,,,,,,,,,,,,,,,,,,,,,
1,EUW1_5972943182,TFT7_Augment_JadeTrait,TFT7_Augment_PandorasBench,TFT7_Augment_ShapeshifterBeastsDen,,,,,,0.0,1.0,0.0,,,1.0,1.0,,,,,2.0,,,2.0,,,,1.0,,,,,,,,,,,,,,,,,,,,,,,,,,,,,,,,,,,,,,,,,,,,,,,,,,,,,,,,,,,,,,,,,2.0,,,,2.0,Shroud,,,,,,,,,,,,,,,,,,,,,,,,,,,,,,,,,,,,,,,,,,,2.0,RedBuff,IonicSpark,BrambleVest,,,,,,,,,,,,,,,,,,,,,,,,,,,,,,,,,,,,,,,,,,,,,1.0,IonicSpark,JeweledGauntlet,RapidFireCannon,,,,,,,,,,,,,2.0,RapidFireCannon,,,,,,,,,,,,,,,,,,,,,,,,,None,None,,,,,1.0,,,,,,,,,,,,,,,,3.0,GuinsoosRageblade,Quicksilver,MadredsBloodrazor,,,,,,,,,,,,
2,EUW1_5972943182,TFT7_Augment_MageConference,TFT6_Augment_Ascension,TFT6_Augment_ComponentGrabBag,,,1.0,1.0,,,1.0,,1.0,,1.0,0.0,,1.0,,1.0,,0.0,,,0.0,1.0,1.0,,,1.0,,2.0,,,,,,,,,,,,,,,,,,,,,2.0,,,,,,,,,,,,,,,,,,,,,,,,,,,,2.0,Bloodthirster,Quicksilver,TitansResolve,,,,,,,,,,,,,,,,,2.0,,,,,,,,,,,,,,,,,,,,,,,,,,,,,,,,2.0,,,,,,,,,,,,,,,,,,,,,,,,,,,,,,,,,,,,,,,,,,,,,,,,,,,,,,,,,,,,,,,,2.0,GuardianAngel,InfinityEdge,,2.0,,,,,,,,2.0,RedBuff,Shroud,TitanicHydra,,,,,,,,,,,,,,,,,3.0,TrainerSnax,None,None,,,,,,,,,,,,,,,,,,,,,,,,,,,,,,,,,2.0,HextechGunblade,JeweledGauntlet,StatikkShiv
6,EUW1_5972943182,TFT6_Augment_HyperRoll,TFT7_Augment_AstralIntercosmicGifts,TFT7_Augment_BestFriends2,1.0,1.0,,2.0,,,,,,,2.0,,0.0,,,,0.0,,,,,,,1.0,1.0,,0.0,,,,,,,,,,,,,,,,,,,,,,,,,,,,,,,,,,,,,,,,,,,,,,,,,,,,,,,,,,,,,,,,,,,,,,,,,,3.0,RedBuff,DragonsClaw,IonicSpark,,,,,,,,,,,,,,,,,,,,,,,,,,,,,,,,,,,,,,,,,,,,,,,,,1.0,,,,,,,,1.0,,,,,,,,,,,,,,,,,,,,2.0,,,,,,,,3.0,,,,,,,,,,,,,,,,,,,,,,,,1.0,RabadonsDeathcap,,,,,,,,,,,,,None,None,,,,,2.0,,,,3.0,GuinsoosRageblade,UnstableConcoction,Deathblade,,,,,,,,,,,,,,,,,,,,,,,,
8,EUW1_5972943182,TFT7_Augment_BestFriends2,TFT6_Augment_PortableForge,TFT6_Augment_ThrillOfTheHunt2,1.0,,,2.0,,,1.0,,,,1.0,,0.0,0.0,,,0.0,,,,,,,,1.0,,0.0,2.0,,,,,,,,,,,,,,,,,,,,,,,,,,,,,,,,,,,,,,,,,,,,,,,,,1.0,OrnnEternalWinter,UnstableConcoction,SparringGloves,,,,,,,,,,,,,,,,,,,,,,,,,,,,,,,,,,,,,,,,,,,,,,,,,,,,,,,,,,,,,,,,,,,,,,,,,1.0,Redemption,Morellonomicon,,,,,,1.0,,,,,,,,,,,,,,,,,,,,2.0,,,,,,,,,,,,,,,,,,,,,,,,2.0,,,,,,,,1.0,IonicSpark,,,,,,,,,,,,,None,None,,,,,,,,,,,,,,,,,,,,,,,,,,,,,,,,,,,,
7,EUW1_5972943182,TFT6_Augment_PortableForge,TFT7_Augment_Preparation2,TFT6_Augment_CyberneticShell2,,0.0,,1.0,,,1.0,,0.0,,,,0.0,1.0,,1.0,0.0,,,,,,,,2.0,0.0,0.0,0.0,,,,,,,,,1.0,OrnnInfinityForce,GuinsoosRageblade,MageEmblemItem,,,,,,,,,,,,,,,,,,,,,,,,,,,,,,,,,,,,,,,,,,,,,,,,,,,,,,,,,,,,,,,,,,,,,,,,,,,,,,,,,,,,,,,,,2.0,,,,3.0,UnstableConcoction,NeedlesslyLargeRod,,,,,,,,,,,,,,,,,,2.0,ThiefsGloves,RecurveBow,StatikkShiv,,,,,,,,,,,,,,,,,,,,,,,,,2.0,RedBuff,GargoyleStoneplate,,,,,,,,,,,,,,,,,,,,,,1.0,,,,,,,,,,,,,,,,,,,,,,None,None,,,,,,,,,,,,,,,,,,,,,,,,,,,,,,,,,,,,
7,EUW1_5971971074,TFT7_Augment_ShimmerscaleTrait,TFT7_Augment_BestFriends2,TFT7_Augment_DragonAlliance,,0.0,,1.0,,0.0,2.0,,,0.0,,,,,2.0,,,,,,1.0,,,,,,,1.0,,,,,,,,,,,,,,,,,,,,,,,,,,,,,,,,,,,,,2.0,GuardianAngel,ShimmerscaleDravensAxe,RapidFireCannon,1.0,FrozenHeart,,,,,,,2.0,GuinsoosRageblade,Bloodthirster,Quicksilver,,,,,,,,,,,,,,,,,,,,,,,,,,,,,,,,,,,,,,,,,,,,,,,,,,,,,,,,,,,,,,,,,2.0,FrozenHeart,,,,,,,,,,,,,,,,,,,,,,,,,,,,,,,,,,,,,,,,,,,1.0,ThiefsGloves,RecurveBow,MadredsBloodrazor,,,,,,,,,,,,,,,,,,,,,,,,,,,,,,,,,,,None,None,,,,,,,,,,,,,,,,,,,,,,,,,,,,,,,,,,,,
1,EUW1_5971971074,TFT7_Augment_GuildEmblem,TFT7_Augment_PandorasBench,TFT6_Augment_TomeOfTraits1,,,1.0,,2.0,,1.0,,1.0,1.0,2.0,,,,,1.0,,2.0,,,1.0,,,,,1.0,,,,,,,,,,,,,,,,,,,,,,,1.0,TearOfTheGoddess,,,,,,,3.0,MadredsBloodrazor,GuardianAngel,GuinsoosRageblade,,,,,,,,,2.0,GargoyleStoneplate,WarmogsArmor,TitansResolve,,,,,,,,,,,,,,,,,,,,,,,,,,,,,,,,,2.0,GuardianEmblemItem,GargoyleStoneplate,,,,,,,,,,,,,,,,,,,,,,2.0,PowerGauntlet,ZekesHerald,RapidFireCannon,,,,,,,,,,,,,,,,,,,,,,,,,,,,,,,,,,,,,,,,,,,,,,,,,,,,,,,,,,,,,3.0,HextechGunblade,StatikkShiv,Bloodthirster,,,,,,,,,,,,,,,,,,,,,,,,,,,,,3.0,TrainerSnax,None,None,2.0,GuildEmblemItem,ShimmerscaleDravensAxe,StatikkShiv,,,,,,,,,,,,,,,,,,,,,,,,,,,,,,,,
8,EUW1_5971971074,TFT6_Augment_SecondWind2,TFT7_Augment_SwiftshotEmblem,TFT7_Augment_SwiftshotPressTheAttack,,,,,,,1.0,0.0,,,1.0,2.0,,,,0.0,0.0,,,1.0,,,,2.0,,,,,,,,,,,,,,,,,2.0,,,,,,,,,,,,,,,,,,,,,,,,,,,,,,,,1.0,SwiftshotEmblemItem,GuardianAngel,,,,,,,,,,,,,,1.0,,,,,,,,,,,,,,,,,,,,,,,,,,,,,,,,,,,,,,,,,,,,,,,,2.0,RedBuff,,,,,,,,,,,,,,,,,,,,,,,,,,,,,,,,,,,,,,,,,,,,,,,,,,,,,,,,,,,,,,,,,,,,,,,,,,,,,,,,,,,,,,,,,None,None,,,,,2.0,,,,,,,,,,,,,,,,1.0,Quicksilver,GuinsoosRageblade,BFSword,,,,,,,,,,,,
5,EUW1_5971971074,TFT7_Augment_MageEmblem,TFT6_Augment_LudensEcho2,TFT7_Augment_UrfsGrabBag1,,0.0,,1.0,,,1.0,,1.0,,,0.0,0.0,2.0,,1.0,,0.0,,,0.0,1.0,1.0,,2.0,0.0,,0.0,,,,,,,,,1.0,SpearOfShojin,HextechGunblade,StatikkShiv,,,,,,,,,,,,,,,,,,,,,,,,,,,,,,,,,,,,,,,,,,,,,,,,,,,,,,,,,,,,,,,,,,,,,,,,,,,,,,,,,,,,,,,,,2.0,PowerGauntlet,MageEmblemItem,SeraphsEmbrace,3.0,UnstableConcoction,Bloodthirster,InfinityEdge,,,,,,,,,,,,,,,,,1.0,,,,,,,,,,,,,,,,,,,,,,,,,,,,,,,,,,,,,,,,2.0,MageEmblemItem,,,1.0,,,,,,,,2.0,NegatronCloak,Redemption,WarmogsArmor,,,,,,,,,,,,,,,,,,,None,None,,,,,,,,,,,,,,,,,,,,,,,,,,,,,,,,,1.0,GuinsoosRageblade,,
3,EUW1_5971971074,TFT6_Augment_HyperRoll,TFT7_Augment_BestFriends2,TFT6_Augment_PortableForge,1.0,,,1.0,,1.0,,,,,3.0,,0.0,,,,1.0,,,,,,,1.0,1.0,,0.0,,,,,,,,,,,,,,,,,,,,,,,,,,,,,,,,,,,,,,,,,,,,,,,,,,,,,,,,,,,,,,,,,,2.0,ThiefsGloves,Bloodthirster,DragonsClaw,,,,,,,,,,,,,,,,,,,,,,,,,,,,,,,,,,,,,,,,,,,,,,,,,,,,,,,,,2.0,Morellonomicon,TitanicHydra,,,,,,3.0,IonicSpark,FrozenHeart,RedBuff,,,,,1.0,,,,,,,,,,,,2.0,Morellonomicon,SparringGloves,,,,,,,,,,,,,,,,,,,,,,,,,,,,,,2.0,InfinityEdge,OrnnTheCollector,UnstableConcoction,,,,,,,,,,,None,None,,,,,2.0,,,,,,,,,,,,,,,,2.0,GuinsoosRageblade,InfinityEdge,ArchangelsStaff,,,,,,,,,,,,
4,EUW1_5971971074,TFT6_Augment_RichGetRicher,TFT6_Augment_ThrillOfTheHunt2,TFT6_Augment_CyberneticUplink2,,,,,,2.0,1.0,0.0,,,1.0,0.0,,0.0,3.0,,0.0,0.0,,,,,1.0,,,0.0,1.0,,,,,,,,,,,,,,,,,,,,,,,,,,,,,,,,,,,,,,2.0,ArchangelsStaff,JeweledGauntlet,InfinityEdge,,,,,,,,,,,,,,,,,,,,,,,,,2.0,IonicSpark,,,1.0,,,,,,,,,,,,,,,,,,,,,,,,,,,,,,,,,,,,,,,,,,,,,,,,2.0,BrambleVest,,,,,,,,,,,,,,,,,,,,,,,2.0,SpearOfShojin,,,,,,,,,,,,,,,,,,,,,,,,,,,1.0,SpearOfShojin,,,,,,,,,,,,,,,,,,,,,,,,,,,,,None,None,,,,,,,,,,,,,,,,,,,,,,,,,2.0,WarmogsArmor,BrambleVest,RevelEmblemItem,2.0,StatikkShiv,,,,,,
6,EUW1_5971971074,TFT6_Augment_PortableForge,TFT6_Augment_TomeOfTraits1,TFT7_Augment_BestFriends2,0.0,,,1.0,,1.0,,0.0,,,4.0,,0.0,,,,1.0,,,,,,,1.0,1.0,,0.0,,,,,,,,,,,,,,,,,,,,,,,,,,,,,,,,,,,,,,,,,,,,,,,,,,,,,,,,,,,,,,,,,,2.0,IonicSpark,Bloodthirster,ArchangelsStaff,,,,,,,,,,,,,,,,,,,,,1.0,,,,,,,,,,,,,,,,,,,,,,,,,,,,,,,,,,,,1.0,,,,,,,,,,,,,,,,2.0,,,,,,,,,,,,2.0,,,,,,,,,,,,,,,,,,,,,,,,,,,,,,,,1.0,InfinityEdge,FrozenHeart,GuardianAngel,,,,,,,,,,,None,None,,,,,1.0,,,,,,,,,,,,,,,,2.0,GuildEmblemItem,MadredsBloodrazor,OrnnTheCollector,,,,,,,,,,,,
2,EUW1_5971971074,TFT7_Augment_AstralIntercosmicGifts,TFT6_Augment_BlueBattery2,TFT6_Augment_Diversify2,,1.0,1.0,1.0,,,,,1.0,,2.0,,,2.0,,2.0,,,,,0.0,1.0,,,,0.0,,0.0,,,,,,,,,,,,,,,,,,,,,2.0,RecurveBow,,,,,,,,,,,,,,,,,,,,,,,,,,,,,,,,,,,,,,,,,,,,,,,,,,,3.0,ThiefsGloves,StatikkShiv,RabadonsDeathcap,,,,,,,,,,,,,,,,,,,,,,,,,2.0,,,,3.0,EvokerEmblemItem,Chalice,PowerGauntlet,,,,,,,,,,,,,,,,,,,,,,,,,,,,,2.0,JeweledGauntlet,SpearOfShojin,GuinsoosRageblade,,,,,,,,,,,,,,,,,,,,,,,,,,,,,,,,,,,,,2.0,GargoyleStoneplate,IonicSpark,FrozenHeart,,,,,,,,,,,,,,,,,,,None,None,,,,,,,,,,,,,2.0,TitansResolve,,,,,,,,,,,,,,,,,,,2.0,GuinsoosRageblade,,
4,EUW1_5971609451,TFT7_Augment_SwiftshotPressTheAttack,TFT7_Augment_UrfsGrabBag1,TFT6_Augment_CyberneticUplink2,1.0,,,1.0,,1.0,,,,,3.0,,0.0,,,,1.0,,,,,,,1.0,1.0,,0.0,,,,,,,,,,,,,,,,,,,,,,,,,,,,,,,,,,,,,,,,,,,,,,,,,,,,,,,,,,,,,,,,,,1.0,ForceOfNature,,,,,,,,,,,,,,,,,,,,,,,,,,,,,,,,,,,,,,,,,,,,,,,,,,,,,,,,,,,2.0,ArchangelsStaff,,,,,,,2.0,RedBuff,FrozenHeart,,,,,,1.0,Zephyr,,,,,,,,,,,2.0,,,,,,,,,,,,,,,,,,,,,,,,,,,,,,,,2.0,Bloodthirster,InfinityEdge,RapidFireCannon,,,,,,,,,,,None,None,,,,,2.0,,,,,,,,,,,,,,,,2.0,RunaansHurricane,GuinsoosRageblade,,,,,,,,,,,,,
6,EUW1_5971609451,TFT6_Augment_ThrillOfTheHunt2,TFT7_Augment_JadeTrait,TFT6_Augment_PortableForge,,,,,,,1.0,,0.0,1.0,,3.0,0.0,,,0.0,,,,1.0,,,1.0,,,,,,,,,,2.0,RunaansHurricane,GuinsoosRageblade,Morellonomicon,,,,,,,,,,,,,,,,,,,,,,,,,,,,,,,,,,,,,2.0,Bloodthirster,GuinsoosRageblade,UnstableConcoction,,,,,,,,,,,,,2.0,OrnnRanduinsSanctum,,,,,,,,,,,,,,,,,,,,,,,,,,,,,,,,,,,,,,,,,,,,,,,2.0,Redemption,GuardianEmblemItem,GargoyleStoneplate,,,,,,,,,,,,,,,,,,,,,,,,,,,,,,,,,,,,,,,,,,,,,,,,,,,,,,,,,1.0,,,,,,,,,,,,,,,,,,,,2.0,,,,,,,,,,None,None,,,,,,,,,,,,,,,,,,,,,,,,,,,,,,,,,,,,
2,EUW1_5971609451,TFT7_Augment_Preparation2,TFT6_Augment_ComponentGrabBag,TFT6_Augment_PortableForge,,1.0,,1.0,,,,,1.0,,1.0,,,1.0,,1.0,,0.0,,,,,,1.0,,1.0,,0.0,,,,,,,,,,,,,,,,,,,,,,,,,,,,,,,,,,,,,,,,,,,,,,,,,,,,,,,,,,,,,,,,,,,,,2.0,,,,3.0,ThiefsGloves,Morellonomicon,TitanicHydra,,,,,,,,,,,,,,,,,,,,,,,,,2.0,TearOfTheGoddess,,,3.0,SpearOfShojin,LocketOfTheIronSolari,Shroud,,,,,,,,,,,,,,,,,,,,,,,,,,,,,,,,,,,,,,,,,,,,,,,,,,,,,,,,,1.0,,,,,,,,,,,,2.0,OrnnDeathsDefiance,GargoyleStoneplate,RedBuff,,,,,,,,,,,,,,,,,2.0,TrainerSnax,None,None,,,,,2.0,ZekesHerald,Chalice,RapidFireCannon,3.0,Deathblade,RunaansHurricane,GuinsoosRageblade,,,,,,,,,,,,,,,,,,,,,,,,
1,EUW1_5971609451,TFT7_Augment_GuardianEmblem,TFT6_Augment_Diversify2,TFT6_Augment_Distancing2,1.0,,1.0,,,2.0,1.0,0.0,,1.0,1.0,0.0,,,3.0,0.0,0.0,,,,,,1.0,,,,1.0,0.0,,,,,,,,,,,,,,,,,,,,,2.0,,,,,,,,,,,,,,,,2.0,StatikkShiv,Quicksilver,HextechGunblade,,,,,,,,,,,,,,,,,,,,,,,,,2.0,GuardianEmblemItem,,,,,,,,,,,,,,,,,,,,,,,,,,,,,,,,,,,,,,,,,,,,,,,,,,,2.0,BrambleVest,GuardianEmblemItem,,,,,,,,,,1.0,UnstableConcoction,,,,,,,,,,,,,,,,,,,,,,,,,,,,,,,,,,,,,,,1.0,,,,,,,,,,,,,,,,,,,,,,,,,,,,,,None,None,,,,,,,,,,,,,,,,,,,,,,,,,2.0,CavalierEmblemItem,SeraphsEmbrace,AssassinEmblemItem,2.0,AssassinEmblemItem,,,,,,
3,EUW1_5971609451,TFT6_Augment_Electrocharge2,TFT7_Augment_CannoneerEmblem,TFT6_Augment_PortableForge,0.0,,,1.0,2.0,,1.0,,1.0,,1.0,,,0.0,,0.0,,1.0,,,,,,,,1.0,,2.0,,,,,,,,,,,,,,,,,,,,,,,,,,,,,3.0,MadredsBloodrazor,OrnnInfinityForce,RunaansHurricane,,,,,,,,,,,,,,,,,2.0,WarmogsArmor,RedBuff,CannoneerEmblemItem,,,,,,,,,,,,,,,,,,,,,,,,,,,,,,,,,,,,,,,,,,,,,,,,,2.0,GiantsBelt,,,,,,,,,,,,,,,,,,,,,,,,,,,,,,,,,,,,,,,,,,,,,,,,,,,,,,,,,,,,,,,2.0,HextechGunblade,,,,,,,,,,,1.0,,,,,,,,2.0,ThiefsGloves,Chalice,RabadonsDeathcap,,,,,,,,,4.0,TrainerSnax,None,None,2.0,StatikkShiv,JeweledGauntlet,,,,,,,,,,,,,,,,,,,,,,,,,,,,,,,,,
8,EUW1_5971609451,TFT7_Augment_BestFriends2,TFT6_Augment_SunfireBoard,TFT7_Augment_DragonAlliance,,,,,,,2.0,0.0,0.0,1.0,,,,,2.0,0.0,,,,,1.0,,,,,0.0,0.0,0.0,,,,,,,,,,,,,,,,,,,,,,,,,,,,,,,,,,,,,1.0,GuinsoosRageblade,MadredsBloodrazor,ShimmerscaleGamblersBlade,2.0,GargoyleStoneplate,,,,,,,,,,,,,,,,,,,,,,,,,,,,,,,,,,,,,,,,,,,,,,,,,,,,,,,,,,,2.0,NeedlesslyLargeRod,,,,,,,,,,,,,,,,,,,,,,,,,,,,,,,,,,,,,,,,,,,,,,,,,,,,,,,,,,,,,,,,,,,,,,,,,,,,,,,,,,,,,,,,,,,2.0,,,,,,None,None,,,,,,,,,,,,,,,,,,,,,,,,,1.0,GuardianAngel,,,,,,,,,,
7,EUW1_5971609451,TFT6_Augment_CalculatedLoss,TFT6_Augment_ComponentGrabBag,TFT7_Augment_DragonHorde,,,,0.0,,,2.0,,,1.0,,1.0,0.0,,,0.0,,,0.0,,1.0,,,,2.0,,,,,,,,,,,,1.0,SpearOfShojin,GuinsoosRageblade,ArchangelsStaff,,,,,,,,,,,,,1.0,,,,,,,,,,,,,,,,2.0,RedBuff,GargoyleStoneplate,,2.0,ZekesHerald,StatikkShiv,TitansResolve,,,,,,,,,,,,,,,,,,,,,,,,,,,,,,,,,,,,,,,,,,,,,,,,,,,,,,,,,,,,,,,,,,,,,,,,,,,,,1.0,ShimmerscaleGamblersBlade,,,,,,,,,,,,,,,,,,,,,,,,,,,,,,,,,,,,,,,,,,,,,,,,,,,,,,,,,,,,,,,,,,,,,,,,,None,None,,,,,,,,,,,,,,,,,,,,,,,,,,,,,,,,,,,,
5,EUW1_5971609451,TFT7_Augment_GuildEmblem,TFT6_Augment_PortableForge,TFT6_Augment_ComponentGrabBag,1.0,,,1.0,,1.0,,,,,4.0,,0.0,,,,1.0,,,,,,,1.0,1.0,,0.0,,,,,,,,,,,,,,,,,,,,,,,,,,,,,,,,,,,,,,,,,,,,,,,,,,,,,,,,,,,,,,,,,,2.0,WarmogsArmor,,,,,,,,,,,,,,,,,,,,,,,,,,,,,,,,,,,,,,,,,,,,,,,,,,,,,,,,,,,2.0,OrnnRocketPropelledFist,RedBuff,GargoyleStoneplate,,,,,2.0,FrozenHeart,Quicksilver,,,,,,2.0,,,,,,,,,,,,2.0,ZekesHerald,,,,,,,,,,,,,,,,,,,,,,,,,,,,,,,2.0,Quicksilver,RunaansHurricane,LastWhisper,,,,,,,,,,,None,None,,,,,1.0,,,,,,,,,,,,,,,,2.0,GuinsoosRageblade,Quicksilver,GuildEmblemItem,,,,,,,,,,,,
1,EUW1_5971255275,TFT7_Augment_AssassinEmblem2,TFT6_Augment_CelestialBlessing1,TFT7_Augment_AssassinEmblem,3.0,,1.0,1.0,,,1.0,0.0,,,2.0,,0.0,,0.0,0.0,,,0.0,,,,,,1.0,,0.0,2.0,,,,,,,,,,,,,,,,,,,,,2.0,,,,,,,,,,,,2.0,FrozenHeart,IonicSpark,,,,,,,,,,,,,,2.0,AssassinEmblemItem,UnstableConcoction,InfinityEdge,,,,,,,,,,,,,,,,,,,,,,,,,,,,,,,,,,,,,,,,,,,,,,,,,,,,,,,,,,,,,,,,,,,,,,,,,2.0,SparringGloves,,,2.0,UnstableConcoction,Bloodthirster,UnstableConcoction,2.0,ZekesHerald,ZekesHerald,Chalice,,,,,,,,,,,,,,,,,,,,,,,,,,,,,,,,,,,,,,,,,,,,,,,,,2.0,ThiefsGloves,StatikkShiv,RabadonsDeathcap,,,,,,,,,,,None,None,,,,,,,,,,,,,,,,,,,,,,,,,1.0,AssassinEmblemItem,Bloodthirster,RapidFireCannon,,,,,,,,
6,EUW1_5971255275,TFT7_Augment_LivingForge,TFT6_Augment_ItemGrabBag1,TFT7_Augment_AxiomArc2,,1.0,1.0,1.0,,,,,0.0,,2.0,,,2.0,,2.0,,,,,,,,,,1.0,,0.0,,,,,,,,,,,,,,,,,,,,,1.0,,,,,,,,,,,,,,,,,,,,,,,,,,,,,,,,,,,,,,,,,,,,,,,,2.0,,,,3.0,ThiefsGloves,RedBuff,GargoyleStoneplate,,,,,,,,,,,,,,,,,,,,,,,,,1.0,,,,3.0,OrnnObsidianCleaver,Chalice,SpearOfShojin,,,,,,,,,,,,,,,,,,,,,,,,,,,,,2.0,ArchangelsStaff,SpearOfShojin,HextechGunblade,,,,,,,,,,,,,,,,,,,,,,,,,,,,,,,,,,,,,2.0,BrambleVest,OrnnEternalWinter,DragonsClaw,,,,,,,,,,,,,,,,,3.0,TrainerSnax,None,None,,,,,,,,,,,,,2.0,,,,,,,,,,,,,,,,,,,,,,,
3,EUW1_5971255275,TFT7_Augment_WhispersEmblem2,TFT6_Augment_CelestialBlessing1,TFT6_Augment_Ascension,0.0,,,1.0,,2.0,1.0,,,,3.0,,,,,,1.0,,,,,,,1.0,,,0.0,2.0,,,,,,,,,,,,,,,,,,,,,,,,,,,,,,,,,,,,,,,,,,,,,,,,,2.0,RapidFireCannon,InfinityEdge,GuardianAngel,,,,,,,,,,,,,2.0,SparringGloves,RedBuff,Bloodthirster,,,,,,,,,,,,,,,,,,,,,,,,,,,,,,,,,,,,,,,,,,,,,,,,,,,,,,,,,,,,,,,,,,,,,,,,,2.0,,,,,,,,,,,,2.0,CavalierEmblemItem,TitansResolve,,,,,,,,,,,,,,,,,,,,,,,,,,,,,,2.0,FrozenHeart,UnstableConcoction,Quicksilver,,,,,,,,,,,None,None,,,,,2.0,,,,,,,,,,,,,,,,2.0,GuinsoosRageblade,WhispersEmblemItem,Quicksilver,,,,,,,,,,,,
8,EUW1_5971255275,TFT6_Augment_MaxLevel10,TFT6_Augment_ThrillOfTheHunt1,TFT6_Augment_PortableForge,,1.0,,1.0,,,1.0,,1.0,,,0.0,0.0,1.0,,0.0,,,,0.0,0.0,1.0,,,0.0,1.0,,0.0,,,,,,,,,,,,,,,,,1.0,JeweledGauntlet,SpearOfShojin,UnstableConcoction,,,,,,,,,,,,,,,,,,,,,,,,,,,,,,,,,,,,,,,,,,,,,,,,,2.0,,,,,,,,,,,,,,,,,,,,,,,,,,,,,,,,2.0,,,,,,,,2.0,RedBuff,OrnnAnimaVisage,GargoyleStoneplate,,,,,,,,,,,,,1.0,,,,,,,,,,,,,,,,,,,,,,,,,,,,,,,,,,,,,,,,,,,,,,,,,,,,2.0,Zephyr,,,,,,,,,,,,,,,,,,,2.0,TrainerSnax,None,None,,,,,,,,,,,,,,,,,,,,,,,,,,,,,,,,,1.0,RabadonsDeathcap,,
2,EUW1_5971255275,TFT7_Augment_UrfsGrabBag2,TFT6_Augment_Diversify1,TFT7_Augment_DragonmancerEmblem,,,,,,1.0,1.0,1.0,0.0,,1.0,2.0,,,0.0,1.0,,,,1.0,,,1.0,0.0,,0.0,0.0,,,,,,,,,,,,,,2.0,Chalice,,,,,,,,,,,,,,,,,,,,,,,,,,,,,,,2.0,TitansResolve,Bloodthirster,Quicksilver,,,,,,,,,,,,,1.0,Shroud,IonicSpark,,,,,,,,,,,,,,,,,,,,,,,,,,,,,,,,,,,,,,1.0,,,,,,,,2.0,GargoyleStoneplate,RedBuff,GargoyleStoneplate,,,,,,,,,,,,,,,,,,,,,,,,,,,,,1.0,Shroud,,,,,,,,,,,,,,,,,,,,,,,,,,,2.0,DragonmancerEmblemItem,SpearOfShojin,TearOfTheGoddess,,,,,,,,,,,,,,,,,,,,,,,,,,,None,None,,,,,,,,,,,,,,,,,,,,,,,,,2.0,CavalierEmblemItem,UnstableConcoction,GuardianAngel,,,,,,,,
5,EUW1_5971255275,TFT6_Augment_RadiantRelics,TFT6_Augment_ItemGrabBag1,TFT6_Augment_SecondWind2,,,1.0,,1.0,,1.0,,1.0,1.0,1.0,,,,,1.0,,1.0,0.0,,1.0,,,,,1.0,,,,,,,,,,,,,,,,,,,,,,,1.0,,,,2.0,,,,2.0,GuinsoosRageblade,LastWhisperRadiant,RunaansHurricane,,,,,,,,,2.0,GargoyleStoneplate,WarmogsArmor,RedBuff,,,,,,,,,,,,,,,,,,,,,,,,,,,,,,,,,,,,,,,,,,,,,,,,,,,,,,,,,2.0,SpearOfShojin,RapidFireCannon,,,,,,,,,,,,,,,,,,,,,,,,,,,,,,,,,,,,,,,,,,,,,,,,,,,,,,,,,,,,,,2.0,SpearOfShojin,Quicksilver,ShimmerscaleGamblersBlade,,,,,,,,,,,,,,,,,,,,,,,,,,,,,3.0,TrainerSnax,None,None,1.0,ZekesHerald,InfinityEdge,,,,,,,,,,,,,,,,,,,,,,,,,,,,,,,,,
7,EUW1_5971255275,TFT6_Augment_RadiantRelics,TFT6_Augment_PandorasItems,TFT7_Augment_RagewingScorch,,,,1.0,,1.0,,1.0,,,1.0,0.0,0.0,,,,1.0,,,1.0,,,,,1.0,,0.0,,,,,,,,,,,,,,,,,,,,,,,,,,,,,,,,,,,,,,,,,,,,,,,,,,,,,,,,,,,,,,,,,,1.0,Shroud,,,,,,,,,,,,,,,,,,,,,,,2.0,,,,,,,,,,,,,,,,,,,,1.0,WarmogsArmor,RedBuff,GargoyleStoneplate,,,,,,,,,,,,,2.0,,,,,,,,,,,,,,,,1.0,,,,,,,,2.0,ThiefsGloves,TearOfTheGoddess,Morellonomicon,2.0,,,,,,,,,,,,,,,,,,,,2.0,Quicksilver,GiantSlayerRadiant,GuinsoosRageblade,,,,,,,,,,,,,,,,,,,,,,,None,None,,,,,,,,,,,,,,,,,,,,,,,,,,,,,,,,,,,,
4,EUW1_5971255275,TFT7_Augment_LivingForge,TFT7_Augment_LategameSpecialist,TFT6_Augment_ComponentGrabBag,1.0,,1.0,1.0,,0.0,,0.0,,,3.0,,0.0,,0.0,0.0,1.0,,,,,,,1.0,1.0,,1.0,,,,,,,,,,,,,,,,,,,,,,1.0,,,,,,,,,,,,,,,,,,,,,,,,,,,,,,,,,,,,,,,,,,,,2.0,Chalice,,,,,,,,,,,,,,,,,,,,,,,,,,,,,,,,,,,,,,,,,,,,,,,,,,,,,,,,,,,1.0,Morellonomicon,RabadonsDeathcap,JeweledGauntlet,,,,,2.0,RedBuff,OrnnTheCollector,FrozenHeart,,,,,,,,,,,,,,,,,2.0,OrnnRanduinsSanctum,,,,,,,,,,,,,,,,,,,,,,,,,,,,,,,2.0,OrnnObsidianCleaver,GuardianAngel,InfinityEdge,,,,,,,,,,,None,None,,,,,2.0,,,,,,,,,,,,,,,,2.0,Quicksilver,GuinsoosRageblade,MadredsBloodrazor,1.0,WarmogsArmor,,,,,,,,,,
4,EUW1_5970868084,TFT7_Augment_SwiftshotEmblem,TFT6_Augment_Electrocharge3,TFT6_Augment_PortableForge,,1.0,1.0,2.0,,,1.0,,,,1.0,,0.0,0.0,,1.0,,,,,,,,1.0,0.0,,,2.0,,,,,,,,,,,,,,,,,,,,,1.0,ThiefsGloves,SparringGloves,InfinityEdge,,,,,,,,,,,,,,,,,,,,,,,,,1.0,Quicksilver,,,,,,,,,,,,,,,,,,,,,,,3.0,Redemption,TitanicHydra,RedBuff,,,,,,,,,,,,,,,,,,,,,,,,,,,,,3.0,SwiftshotEmblemItem,RabadonsDeathcap,GuinsoosRageblade,,,,,,,,,,,,,,,,,1.0,TitanicHydra,,,,,,,,,,,,,,,,,,,,,,,,,,,,,,,,,,,,,,,,,,,,,,,,,,,2.0,,,,,,,,,,,,,,,,,,,,,,None,None,,,,,,,,,3.0,RunaansHurricane,OrnnObsidianCleaver,GuinsoosRageblade,,,,,,,,,,,,,,,,,,,,,,,,
5,EUW1_5970868084,TFT6_Augment_CyberneticShell2,TFT6_Augment_Electrocharge3,TFT7_Augment_CannoneerEmblem,,,1.0,0.0,2.0,,1.0,,1.0,0.0,1.0,0.0,0.0,,,1.0,,1.0,,,1.0,,1.0,,0.0,1.0,,,,,,,,,,,,,,,,,,,,,,,1.0,,,,,,,,2.0,MadredsBloodrazor,GuardianAngel,UnstableConcoction,,,,,,,,,2.0,BrambleVest,RedBuff,GargoyleStoneplate,,,,,,,,,,,,,,,,,,,,,,,,,,,,,,,,,,,,,,,,,,,,,,,,,,,,,,,,,2.0,CannoneerEmblemItem,,,,,,,,,,,,,,,,,,,,,,,2.0,NeedlesslyLargeRod,,,,,,,,,,,,,,,,,,,,,,,,,,,,,,,,,,,,,,,2.0,StatikkShiv,,,1.0,ShimmerscaleGamblersBlade,,,,,,,,,,,,,,,,,,,,,,,,,,,3.0,TrainerSnax,None,None,1.0,,,,,,,,,,,,,,,,,,,,,,,,,,,,,,,,,,,
6,EUW1_5970868084,TFT7_Augment_EvokerEmblem,TFT6_Augment_RadiantRelics,TFT7_Augment_BestFriends2,,0.0,,1.0,,,1.0,,1.0,,,0.0,,1.0,,1.0,,,,,,,1.0,,1.0,1.0,,0.0,,,,,,,,,1.0,SpearOfShojin,EvokerEmblemItem,ArchangelsStaff,,,,,,,,,,,,,,,,,,,,,,,,,,,,,,,,,,,,,,,,,,,,,,,,,,,,,,,,,2.0,,,,2.0,GiantsBelt,RunaansHurricane,DragonsClaw,,,,,,,,,,,,,,,,,,,,,,,,,2.0,,,,3.0,GuinsoosRageblade,,,,,,,,,,,,,,,,,,,,,,,,,,,,,,,,,,,,,,,,,,,,,,,,,,,,,,,,,,,,,,,1.0,,,,,,,,2.0,GargoyleStoneplate,RedemptionRadiant,RedBuff,,,,,,,,,,,,,,,,,4.0,TrainerSnax,None,None,,,,,,,,,,,,,,,,,,,,,,,,,,,,,,,,,,,,
1,EUW1_5970868084,TFT7_Augment_Bloodlust1,TFT7_Augment_BestFriends3,TFT6_Augment_ComponentGrabBag,,0.0,,1.0,,,1.0,,,,,2.0,0.0,,,0.0,,,,2.0,,,1.0,,0.0,,,0.0,,,,,,,,,,,,,,,,,,,,,,,,,,,,,,,,,,,,,,,,,,,,,2.0,Deathblade,GuardianAngel,Bloodthirster,,,,,2.0,,,,,,,,2.0,,,,,,,,,,,,,,,,,,,,,,,,,,,,,,,,,,,,,,,,,,,,,,,,2.0,WarmogsArmor,TitansResolve,Redemption,3.0,Deathblade,Quicksilver,GuinsoosRageblade,,,,,,,,,1.0,,,,,,,,,,,,,,,,,,,,,,,,,,,,,,,,,,,,3.0,DragonsClaw,PowerGauntlet,HextechGunblade,,,,,1.0,,,,,,,,,,,,,,,,,,,,,,,,,,,,,,None,None,,,,,,,,,,,,,,,,,,,,,,,,,,,,,,,,,,,,
8,EUW1_5970868084,TFT7_Augment_BestFriends2,TFT6_Augment_ForceOfNature,TFT7_Augment_GuildEmblem,2.0,,,1.0,,0.0,,,,,3.0,,0.0,,,,1.0,,,,0.0,,,0.0,1.0,,0.0,0.0,,,,,,,,,,,,,,,,,,,,,,,,,,,,,,,,,,,,,,,,,,,,,,,,,,,,,,,,,,,,,,,,,,,,,,,,,,,,,,,,,,,,,1.0,,,,,,,,,,,,,,,,,,,,,,,,,,,,,,,,,,,,,,,,1.0,,,,1.0,GuildEmblemItem,InfinityEdge,,2.0,,,,,,,,2.0,,,,,,,,,,,,2.0,,,,,,,,,,,,,,,,,,,,,,,,,,,,,,,,1.0,,,,,,,,,,,,,,None,None,,,,,,,,,,,,,,,,,,,,,2.0,GuinsoosRageblade,MadredsBloodrazor,Quicksilver,,,,,,,,,,,,
3,EUW1_5970868084,TFT6_Augment_CyberneticImplants2,TFT6_Augment_LudensEcho3,TFT7_Augment_MageEmblem,,,1.0,1.0,,,1.0,0.0,,,2.0,,,2.0,0.0,0.0,,,,,0.0,1.0,,,,0.0,0.0,2.0,,,,,,,,,,,,,,,,,,,,,1.0,,,,,,,,,,,,,,,,,,,,,,,,,,,,2.0,MageEmblemItem,BrambleVest,,,,,,,,,,,,,,,,,,2.0,SpearOfShojin,StatikkShiv,Chalice,,,,,,,,,,,,,,,,,,,,,,,,,,,,,,,,,,,,,,,,,,,,,,,,,,,,,,,,,,,,,,,,,3.0,RabadonsDeathcap,ArchangelsStaff,SpearOfShojin,,,,,,,,,,,,,,,,,,,,,,,,,,,,,,,,,,,,,2.0,,,,,,,,,,,,,,,,,,,,,,None,None,,,,,,,,,,,,,,,,,,,,,,,,,2.0,ThiefsGloves,Quicksilver,RabadonsDeathcap,,,,,1.0,JeweledGauntlet,SpearOfShojin,
2,EUW1_5970868084,TFT7_Augment_FirstAidKit2,TFT7_Augment_TomeOfTraits2,TFT7_Augment_CavalierEmblem,,,,,,4.0,1.0,0.0,,1.0,2.0,,,,4.0,,0.0,,,,,,,0.0,,,1.0,,,,,,,,,,,,,,,,,,,,,,,,,,,,,,,,,,,,,,2.0,JeweledGauntlet,GuinsoosRageblade,ArchangelsStaff,,,,,,,,,,,,,,,,,,,,,,,,,2.0,GuardianEmblemItem,MirageEmblemItem,TitansResolve,,,,,,,,,,,,,,,,,,,,,,,,,2.0,CavalierEmblemItem,,,,,,,,,,,,,,,,,,,,,,,2.0,RedBuff,WarmogsArmor,IonicSpark,,,,,,,,,,,,,,,,,,,,,2.0,,,,,,,,,,,,,,,,,,,,,,,,,,,,,,,,,,,,,,,,,,,,,,,,,,,,,,,,,,None,None,,,,,1.0,,,,,,,,,,,,,,,,,,,,1.0,CavalierEmblemItem,TitansResolve,Quicksilver,1.0,,,,,,,
7,EUW1_5970868084,TFT7_Augment_WarriorTiamat,TFT6_Augment_MaxLevel10,TFT7_Augment_PandorasBench,0.0,,,1.0,,0.0,,,,0.0,,0.0,,0.0,0.0,,0.0,,2.0,,0.0,,1.0,,,,2.0,,2.0,ThiefsGloves,GiantsBelt,Redemption,,,,,,,,,,,,,,,,,,,,,2.0,,,,,,,,2.0,FrozenHeart,Morellonomicon,HextechGunblade,,,,,,,,,,,,,,,,,,,,,,,,,,,,,,,,,,,,,,,,,,,,,,,,,,,,,,,,,,,,,2.0,,,,,,,,,,,,,,,,,,,,,,,,3.0,RapidFireCannon,RunaansHurricane,Bloodthirster,,,,,,,,,,,,,,,,,,,,,,,,,,,,,2.0,,,,,,,,,,,,,,,,1.0,Zephyr,,,,,,,,,,,,,,,,,,,,,,,,,,,,,None,None,,,,,,,,,,,,,,,,,,,,,,,,,,,,,2.0,,,,,,,
1,EUW1_5971149285,TFT6_Augment_Traitless2,TFT6_Augment_Twins2,TFT6_Augment_Ascension,,,,0.0,,0.0,,,0.0,,,0.0,0.0,,,,0.0,0.0,,0.0,,,,0.0,0.0,,,,,,,,,,,,,,,,,,,,,,,,,,,,,,,,,,,,,,,,,,,,,,,,,,,,,,,,,,,,,,,,,,,,2.0,,,,,,,,,,,,,,,,,,,,,,,,,,,,,,,,,,,,,,,,,,,,2.0,RedBuff,DragonsClaw,BrambleVest,,,,,,,,,,,,,2.0,,,,,,,,,,,,,,,,,,,,,,,,,,,,,,,,,,,,,,,,2.0,RabadonsDeathcap,GuinsoosRageblade,MadredsBloodrazor,,,,,,,,,,,,,,,,,,,,,,,,,,,,,,,None,None,,,,,,,,,,,,,,,,,,,,,2.0,MadredsBloodrazor,GuinsoosRageblade,Deathblade,,,,,,,,,,,,
4,EUW1_5971149285,TFT6_Augment_TradeSector,TFT7_Augment_MageConference,TFT6_Augment_PortableForge,,0.0,,0.0,,0.0,,,0.0,,1.0,,,2.0,,1.0,,,0.0,,,,,,,1.0,,0.0,,,,,,,,,,,,,,,,,,,,,,,,,,,,,,,,,,,,,,,,,,,,,,,,,,,,,,,,,,,,,,,,,,,,,3.0,,,,,,,,,,,,,,,,,,,,,,,,,,,,3.0,,,,2.0,ZekesHerald,,,3.0,SpearOfShojin,,,,,,,,,,,,,,,,,,,,,,,,,,,,,,,3.0,MadredsBloodrazor,ArchangelsStaff,OrnnMuramana,,,,,,,,,,,,,,,,,,,,,,,,,,,,,,,,,,,,,3.0,GargoyleStoneplate,GargoyleStoneplate,TitansResolve,,,,,,,,,,,,,,,,,4.0,TrainerSnax,None,None,,,,,,,,,,,,,3.0,TitanicHydra,DragonsClaw,,,,,,,,,,,,,,,,,,,,,
2,EUW1_5971149285,TFT6_Augment_PortableForge,TFT6_Augment_Ascension,TFT6_Augment_CelestialBlessing2,1.0,,,2.0,,,1.0,,,0.0,,,0.0,0.0,,,0.0,,,,,,,,1.0,,0.0,3.0,,,,,,,,,,,,,,,,,,,,,,,,,,,,,,,,,,,,,,,,,,,,,,,,,2.0,TitansResolve,GargoyleStoneplate,OrnnAnimaVisage,,,,,,,,,,,,,,,,,,,,,,,,,,,,,,,,,,,,,,,,,,,,,,,,,,,,,,,,,,,,,,,,,,,,,,,,,2.0,,,,1.0,UnstableConcoction,MadredsBloodrazor,InfinityEdge,1.0,RedBuff,PowerGauntlet,PowerGauntlet,,,,,,,,,,,,,,,,,2.0,,,,,,,,,,,,,,,,,,,,,,,,2.0,TitansResolve,Redemption,,,,,,,,,,,,,,2.0,,,,,,None,None,,,,,,,,,,,,,,,,,,,,,,,,,,,,,,,,,,,,
5,EUW1_5971149285,TFT6_Augment_MakeshiftArmor2,TFT6_Augment_Diversify2,TFT7_Augment_BestFriends2,1.0,,,1.0,,1.0,,,,,3.0,,0.0,,,,1.0,,,,,,,1.0,1.0,,0.0,,,,,,,,,,,,,,,,,,,,,,,,,,,,,,,,,,,,,,,,,,,,,,,,,,,,,,,,,,,,,,,,,,1.0,,,,,,,,,,,,,,,,,,,,,,,,,,,,,,,,,,,,,,,,,,,,,,,,,,,,,,,,,,,,2.0,,,,,,,,2.0,,,,,,,,2.0,RedBuff,FrozenHeart,,,,,,,,,,1.0,,,,,,,,,,,,,,,,,,,,,,,,,,,,,,,,2.0,Quicksilver,UnstableConcoction,MadredsBloodrazor,,,,,,,,,,,None,None,,,,,2.0,,,,,,,,,,,,,,,,1.0,Quicksilver,GuinsoosRageblade,MadredsBloodrazor,,,,,,,,,,,,
8,EUW1_5971149285,TFT6_Augment_SunfireBoard,TFT6_Augment_ThrillOfTheHunt2,TFT6_Augment_ComponentGrabBag,,,,0.0,,,,2.0,,,,0.0,0.0,,0.0,,0.0,,,0.0,0.0,,,0.0,1.0,,0.0,,,,,,,,,,,,,,2.0,,,,,,,,,,,,,,,,,,,,,,,,,,,,,,,,,,,,,,,,,,,,,,,,,,,,,,,,,,,,,,,,,,,,,,,,,,,,2.0,,,,,,,,,,,,,,,,,,,,,,,,,,,,,,,,,,,,1.0,RedBuff,Shroud,,,,,,,,,,,,,,,,,,,,,,1.0,,,,,,,,,,,,,,,,,,,,,,,,1.0,TearOfTheGoddess,,,,,,,,,,,,,,,,,,,,,,,,,None,None,,,,,,,,,,,,,,,,,2.0,GuinsoosRageblade,Bloodthirster,Quicksilver,,,,,1.0,,,,,,,,,,,
7,EUW1_5971149285,TFT6_Augment_TradeSector,TFT7_Augment_UrfsGrabBag1,TFT6_Augment_ComponentGrabBag,,1.0,,1.0,,,,,0.0,,1.0,,,2.0,,2.0,,,,,,,,,,1.0,,0.0,,,,,,,,,,,,,,,,,,,,,,,,,,,,,,,,,,,,,,,,,,,,,,,,,,,,,,,,,,,,,,,,,,,,,2.0,,,,2.0,ThiefsGloves,NeedlesslyLargeRod,ArchangelsStaff,,,,,,,,,,,,,,,,,,,,,,,,,2.0,,,,2.0,,,,,,,,,,,,,,,,,,,,,,,,,,,,,,,,2.0,ArchangelsStaff,JeweledGauntlet,SpearOfShojin,,,,,,,,,,,,,,,,,,,,,,,,,,,,,,,,,,,,,1.0,TitanicHydra,RedBuff,Redemption,,,,,,,,,,,,,,,,,3.0,TrainerSnax,None,None,,,,,,,,,,,,,2.0,MysticEmblemItem,ArchangelsStaff,JeweledGauntlet,,,,,,,,,,,,,,,,,,,,
6,EUW1_5971149285,TFT7_Augment_GadgetExpert,TFT6_Augment_Ascension,TFT6_Augment_ComponentGrabBag,,1.0,,1.0,,,,,0.0,,1.0,,,1.0,,1.0,,,,,0.0,1.0,,1.0,,0.0,,0.0,,,,,,,,,,,,,,,,,,,,,,,,,,,,,,,,,,,,,,,,,,,,,,,,,,,,,,,,,,,,,,,,,,,,,,,,,2.0,DragonsClaw,,,,,,,,,,,,,,,,,,,,,,,,,,,2.0,,,,3.0,SpearOfShojin,,,,,,,,,,,,,,,,,,,,,,,,,,,,,,,,,,,,,,,,,,,,,,,,,,,,,,,,,,,,,,,,,,,,,,,2.0,FrozenHeart,WarmogsArmor,TitansResolve,,,,,,,,,,,,,,,,,,,None,None,,,,,1.0,,,,3.0,StatikkShiv,UnstableConcoction,GuinsoosRageblade,,,,,,,,,,,,,,,,,,,,,1.0,ZekesHerald,,
3,EUW1_5971149285,TFT6_Augment_CyberneticShell2,TFT6_Augment_Diversify2,TFT7_Augment_DragonHorde,,,1.0,1.0,,,2.0,0.0,,1.0,1.0,,,,0.0,0.0,0.0,,,,1.0,,,,,,1.0,2.0,,,,,,,,,,,,,,,,,,,,,2.0,,,,,,,,,,,,,,,,,,,,2.0,Redemption,WarmogsArmor,HextechGunblade,,,,,2.0,Bloodthirster,UnstableConcoction,Quicksilver,,,,,,,,,,,,,,,,,,,,,,,,,,,,,,,,,,,,,,,,,,,,,,,,,,,,,,,,,,,,,,,,,,,,,,,,,,,,,,,,,,,,,,,,,,,,,,,,,,,,,2.0,RedBuff,,,,,,,,,,,,,,,,,,,,,,,,,,,,,,,,,,,,,,,2.0,NeedlesslyLargeRod,,,,,None,None,,,,,,,,,,,,,,,,,,,,,,,,,2.0,MadredsBloodrazor,UnstableConcoction,ShimmerscaleDiamondHands,,,,,,,,
4,EUW1_5971035738,TFT6_Augment_TargetDummies,TFT6_Augment_ThrillOfTheHunt2,TFT6_Augment_Ascension,1.0,,,2.0,,,1.0,,,0.0,1.0,,0.0,0.0,,,0.0,,,,,,,,0.0,,0.0,3.0,,,,,,,,,,,,,,,,,,,,,,,,,,,,,,,,,,,,,,,,,,,,,,,,,2.0,MadredsBloodrazor,TitansResolve,Bloodthirster,,,,,,,,,,,,,,,,,,,,,,,,,,,,,,,,,,,,,,,,,,,,,,,,,,,,,,,,,,,,,,,,,,,,,,,,,2.0,,,,1.0,SparringGloves,,,,,,,,,,,,,,,,,,,,,,,2.0,LocketOfTheIronSolari,LocketOfTheIronSolari,Chalice,,,,,,,,,,,,,,,,,,,,,1.0,,,,,,,,2.0,InfinityEdge,GuinsoosRageblade,RedBuff,,,,,2.0,,,,,,None,None,,,,,,,,,,,,,,,,,,,,,,,,,,,,,,,,,,,,
6,EUW1_5971035738,TFT6_Augment_Meditation2,TFT7_Augment_PandorasBench,TFT6_Augment_Diversify2,,1.0,,1.0,,,,,0.0,,1.0,,,2.0,,1.0,,,,,0.0,1.0,,,,1.0,,0.0,,,,,,,,,,,,,,,,,,,,,,,,,,,,,,,,,,,,,,,,,,,,,,,,,,,,,,,,,,,,,,,,,,,,,2.0,,,,2.0,BrambleVest,TitanicHydra,,,,,,,,,,,,,,,,,,,,,,,,,,2.0,,,,3.0,,,,,,,,,,,,,,,,,,,,,,,,,,,,,,,,2.0,SpearOfShojin,HextechGunblade,,,,,,,,,,,,,,,,,,,,,,,,,,,,,,,,,,,,,,2.0,GargoyleStoneplate,GargoyleStoneplate,WarmogsArmor,,,,,,,,,,,,,,,,,2.0,TrainerSnax,None,None,,,,,,,,,,,,,1.0,,,,,,,,,,,,,,,,,,,,1.0,,,
3,EUW1_5971035738,TFT6_Augment_RichGetRicher,TFT7_Augment_GuildEmblem,TFT7_Augment_BestFriends2,1.0,,,0.0,,2.0,,0.0,,,4.0,,0.0,,0.0,,0.0,,,,,,,1.0,1.0,,0.0,,,,,,,,,,,,,,,,,,,,,,,,,,,,,,,,,,,,,,,,,,,,,,,,,,,,,,,,,,,,,,,,,,2.0,Morellonomicon,,,,,,,,,,,,,,,,,,,,,,,,,,,,,,,,,,,,,,,,,,,,,,,,,,,,,,,,,,,2.0,RedBuff,,,,,,,2.0,ThiefsGloves,Bloodthirster,UnstableConcoction,,,,,2.0,ThiefsGloves,Chalice,RabadonsDeathcap,,,,,,,,,,,,,,,,,,,,,,,,,,,,,,,,,,,,,,,,,2.0,ThiefsGloves,SeraphsEmbrace,Morellonomicon,,,,,,,,,,,None,None,,,,,2.0,,,,,,,,,,,,,,,,2.0,GuinsoosRageblade,Deathblade,TitansResolve,1.0,GuildEmblemItem,CavalierEmblemItem,Bloodthirster,,,,,,,,
2,EUW1_5971035738,TFT7_Augment_PandorasBench,TFT6_Augment_RichGetRicherPlus,TFT6_Augment_TomeOfTraits1,,,1.0,,,2.0,1.0,0.0,,0.0,2.0,0.0,,,3.0,0.0,0.0,,,,,,1.0,,,,1.0,,,,,,,,,,,,,,,,,,,,,,2.0,NeedlesslyLargeRod,,,,,,,,,,,,,,,2.0,ArchangelsStaff,MadredsBloodrazor,GuinsoosRageblade,,,,,,,,,,,,,,,,,,,,,,,,,2.0,GuardianEmblemItem,,,,,,,,,,,,,,,,,,,,,,,,,,,,,,,,,,,,,,,,,,,,,,,,,,,3.0,DragonsClaw,Zephyr,HextechGunblade,,,,,,,,,,,,,,,,,,,,,2.0,,,,,,,,,,,,,,,,,,,,,,,,,,,,2.0,,,,,,,,,,,,,,,,,,,,,,,,,,,,,,None,None,,,,,,,,,,,,,,,,,,,,,,,,,2.0,TitansResolve,Bloodthirster,UnstableConcoction,2.0,ZekesHerald,,,,,,
7,EUW1_5971035738,TFT6_Augment_SalvageBin,TFT6_Augment_CyberneticShell2,TFT6_Augment_SecondWind2,0.0,,,1.0,,,1.0,0.0,,,2.0,,0.0,,,,2.0,,,1.0,,,,1.0,0.0,,0.0,,,,,,,,,,,,,,,,,,,,,,,,,,,,,,,,,,,,,,,,,,,,,,,,,,,,,,,,,,,,,,,,,,,,,,,,,,,,,,,,,,,,,,,,,,,,,,,,,,,,,,,,,,,,,,,,,,,,,,,,,,,,,,2.0,LocketOfTheIronSolari,,,,,,,,,,,,,,,,,,,,,,,,,,,1.0,LocketOfTheIronSolari,,,1.0,TitansResolve,,,,,,,,,,,,,,,1.0,,,,,,,,,,,,2.0,UnstableConcoction,InfinityEdge,,,,,,,,,,,,None,None,,,,,1.0,,,,,,,,,,,,,,,,2.0,GuinsoosRageblade,MadredsBloodrazor,UnstableConcoction,,,,,,,,,,,,
8,EUW1_5971035738,TFT6_Augment_PortableForge,TFT6_Augment_Ascension,TFT6_Augment_SecondWind2,,,,,1.0,,1.0,,1.0,1.0,,,,,,0.0,,1.0,,,1.0,,,,,1.0,,0.0,,,,,,,,,,,,,,,,,,,,,,,,,,,,,1.0,OrnnObsidianCleaver,GuinsoosRageblade,MadredsBloodrazor,,,,,,,,,2.0,Redemption,GargoyleStoneplate,Redemption,,,,,,,,,,,,,,,,,,,,,,,,,,,,,,,,,,,,,,,,,,,,,,,,,,,,,,,,,2.0,,,,,,,,,,,,,,,,,,,,,,,,,,,,,,,,,,,,,,,,,,,,,,,,,,,,,,,,,,,,,,,,1.0,,,,,,,,,,,,,,,,,,,,,,,,,,,,2.0,,,,2.0,TrainerSnax,None,None,2.0,ShimmerscaleGoldmancersStaff,PowerGauntlet,,,,,,,,,,,,,,,,,,,,,,,,,,,,,,,,,
5,EUW1_5971035738,TFT7_Augment_MageConference,TFT7_Augment_FirstAidKit2,TFT7_Augment_AxiomArc2,,0.0,1.0,0.0,,,,,0.0,,2.0,,,2.0,,2.0,,,,,0.0,1.0,,,,1.0,,0.0,,,,,,,,,,,,,,,,,,,,,1.0,,,,,,,,,,,,,,,,,,,,,,,,,,,,,,,,,,,,,,,,,,,,,,,,3.0,,,,,,,,,,,,,,,,,,,,,,,,,,,,,,,,2.0,,,,3.0,StatikkShiv,LocketOfTheIronSolari,,,,,,,,,,,,,,,,,,,,,,,,,,,,,,3.0,ArchangelsStaff,SpearOfShojin,StatikkShiv,,,,,,,,,,,,,,,,,,,,,,,,,,,,,,,,,,,,,2.0,Quicksilver,Redemption,,,,,,,,,,,,,,,,,,2.0,TrainerSnax,None,None,,,,,,,,,,,,,3.0,TitanicHydra,NegatronCloak,,,,,,,,,,,,,,,,,,1.0,,,
1,EUW1_5971035738,TFT6_Augment_Twins2,TFT7_Augment_BruiserPersonalTraining,TFT6_Augment_SalvageBin,1.0,0.0,,1.0,,,,0.0,,,2.0,,0.0,,0.0,,,,,,,,,1.0,1.0,,0.0,,,,,,,,,,,,,,,,,,,,,,,,,,,,,,,,,,,,,,,,,,,,,,,,,,,,,,,,,,,,,,,,,,,,,,,,,,3.0,DragonsClaw,RedBuff,WarmogsArmor,,,,,,,,,,,,,,,,,,,,,,,,,,,,,,,,,,,,,,,,,,,,,,,,,2.0,,,,,,,,1.0,,,,,,,,,,,,,,,,,,,,,,,,,,,,,,,,,,,,,,,,,,,,,,,,,,,,2.0,ThiefsGloves,Morellonomicon,TitanicHydra,,,,,,,,,,,None,None,,,,,2.0,GuinsoosRageblade,,,3.0,Deathblade,UnstableConcoction,GuinsoosRageblade,,,,,,,,,,,,,2.0,,,,,,,,,,,
6,EUW1_5970992727,TFT6_Augment_SecondWind2,TFT7_Augment_BestFriends2,TFT7_Augment_DragonAlliance,,,,,2.0,,2.0,0.0,1.0,1.0,,,,,0.0,0.0,,2.0,,,1.0,,,,,1.0,0.0,,,,,,,,,,,,,,,,,,,,,,,,,,,,,,2.0,InfinityEdge,GuinsoosRageblade,MadredsBloodrazor,,,,,,,,,2.0,Redemption,RedBuff,GargoyleStoneplate,,,,,,,,,,,,,,,,,,,,,,,,,,,,,,,,,2.0,,,,,,,,,,,,,,,,,,,,,,,,2.0,ZekesHerald,ShimmerscaleDeterminedInvestor,,,,,,,,,,,,,,,,,,,,,,,,,,,,,,,,,,,,,,,,,,,,,,,,,,,,,,,,,,,,,,2.0,,,,,,,,,,,,,,,,,,,,,,,,,,,,,,,,2.0,TrainerSnax,None,None,2.0,,,,,,,,,,,,,,,,,,,,,,,,1.0,GuardianEmblemItem,,,,,,,,,,
5,EUW1_5970992727,TFT7_Augment_RagewingScorch,TFT7_Augment_DragonmancerEmblem,TFT7_Augment_ShapeshifterBeastsDen,,,,,,0.0,1.0,2.0,,,,1.0,,,,,2.0,,,1.0,,,,0.0,,,,,,,,,,,,,,,,,2.0,,,,,,,,,,,,,,,,,,,,,,,,,,,,,,,,,,,,,,,,,,,,,,,,,,,,2.0,DragonmancerEmblemItem,,,,,,,,,,,,,,,1.0,,,,,,,,,,,,,,,,,,,,,,,,,,,,2.0,DragonmancerEmblemItem,GargoyleStoneplate,RedBuff,,,,,,,,,,,,,,,,,,,,,,,,,,,,,,,,,,,,,2.0,Shroud,,,,,,,1.0,,,,,,,,,,,,,,,,2.0,GuinsoosRageblade,Quicksilver,ArchangelsStaff,,,,,,,,,,,,,,,,,,,,,,,None,None,,,,,,,,,,,,,,,,,,,,,,,,,,,,,,,,,,,,
8,EUW1_5970992727,TFT6_Augment_PortableForge,TFT7_Augment_SwiftshotPressTheAttack,TFT7_Augment_RagewingScorch,1.0,,,1.0,,0.0,,,,,2.0,,0.0,,,,1.0,,,,,,,1.0,1.0,,0.0,,,,,,,,,,,,,,,,,,,,,,,,,,,,,,,,,,,,,,,,,,,,,,,,,,,,,,,,,,,,,,,,,,2.0,ThiefsGloves,ChainVest,LocketOfTheIronSolari,,,,,,,,,,,,,,,,,,,,,,,,,,,,,,,,,,,,,,,,,,,,,,,,,,,,,,,,,1.0,WarmogsArmor,,,,,,,2.0,ThiefsGloves,NeedlesslyLargeRod,BrambleVest,,,,,,,,,,,,,,,,,2.0,ThiefsGloves,SparringGloves,Chalice,,,,,,,,,,,,,,,,,,,,,,,,,,,,,1.0,ThiefsGloves,UnstableConcoction,Zephyr,,,,,,,,,,,None,None,,,,,2.0,,,,,,,,,,,,,,,,2.0,OrnnInfinityForce,Quicksilver,MadredsBloodrazor,,,,,,,,,,,,
3,EUW1_5970992727,TFT6_Augment_TriForce2,TFT7_Augment_UrfsGrabBag1,TFT6_Augment_CyberneticShell2,,1.0,1.0,1.0,,,,,1.0,,3.0,,,1.0,,2.0,,0.0,,,,,,1.0,,0.0,,0.0,,,,,,,,,,,,,,,,,,,,,1.0,LocketOfTheIronSolari,,,,,,,,,,,,,,,,,,,,,,,,,,,,,,,,,,,,,,,,,,,,,,,,,,,3.0,GargoyleStoneplate,FrozenHeart,GargoyleStoneplate,,,,,,,,,,,,,,,,,,,,,,,,,2.0,IonicSpark,,,3.0,ForceOfNature,,,,,,,,,,,,,,,,,,,,,,,,,,,,,,,2.0,ArchangelsStaff,SpearOfShojin,RabadonsDeathcap,,,,,,,,,,,,,,,,,,,,,,,,,1.0,,,,,,,,,,,,2.0,ThiefsGloves,Quicksilver,Deathblade,,,,,,,,,,,,,,,,,,,None,None,,,,,2.0,,,,3.0,GuinsoosRageblade,RunaansHurricane,Deathblade,,,,,,,,,,,,,,,,,,,,,,,,
7,EUW1_5970992727,TFT6_Augment_HyperRoll,TFT7_Augment_LastStand,TFT7_Augment_UrfsGrabBag1,,0.0,,1.0,,,,,1.0,,1.0,,,2.0,,1.0,,0.0,,,,,,,,1.0,,0.0,,,,,,,,,,,,,,,,,,,,,,,,,,,,,,,,,,,,,,,,,,,,,,,,,,,,,,,,,,,,,,,,,,,,,2.0,,,,2.0,,,,,,,,,,,,,,,,,,,,,,,,,,,,2.0,,,,3.0,GuinsoosRageblade,InfinityEdge,,,,,,,,,,,,,,,,,,,,,,,,,,,,,,2.0,ArchangelsStaff,JeweledGauntlet,SpearOfShojin,,,,,,,,,,,,,,,,,,,,,,,,,1.0,MageEmblemItem,,,,,,,,,,,2.0,WarmogsArmor,IonicSpark,,,,,,,,,,,,,,,,,,2.0,TrainerSnax,None,None,,,,,,,,,,,,,,,,,,,,,,,,,,,,,,,,,,,,
2,EUW1_5970992727,TFT6_Augment_ThreesCompany,TFT6_Augment_SunfireBoard,TFT6_Augment_ComponentGrabBag,2.0,,,2.0,,,,,,,1.0,,0.0,0.0,,,0.0,,1.0,,,,,,1.0,,1.0,1.0,,,,,,,,,,,,,,,,,,,,,,,,,,,,,,,,,3.0,FrozenHeart,IonicSpark,InfinityEdge,,,,,,,,,,,,,,,,,,,,,,,,,,,,,,,,,,,,,,,,,,,,,,,,,,,,,,,,,,,,,,,,,,,,,,,,,,,,,,,,,,,,,3.0,RapidFireCannon,InfinityEdge,AssassinEmblemItem,2.0,TitanicHydra,,,1.0,ArchangelsStaff,HextechGunblade,,2.0,FrozenHeart,PowerGauntlet,,,,,,,,,,,,,,,,,,2.0,Redemption,GargoyleStoneplate,,,,,,,,,,,,,,,,,,,,,,2.0,,,,,,,,2.0,Quicksilver,,,,,,,,,,,,,None,None,,,,,,,,,,,,,,,,,,,,,,,,,,,,,,,,,,,,
4,EUW1_5970992727,TFT7_Augment_AssassinEmblem,TFT6_Augment_SalvageBin,TFT6_Augment_CyberneticShell2,3.0,,,1.0,,,1.0,,,0.0,1.0,,,0.0,,,,,0.0,,,,,,0.0,,,3.0,,,,,,,,,,,,,,,,,,,,,,,,,,,,,,,,,2.0,RunaansHurricane,,,,,,,,,,,,,,,2.0,InfinityEdge,AssassinEmblemItem,Bloodthirster,,,,,,,,,,,,,,,,,,,,,,,,,,,,,,,,,,,,,,,,,,,,,,,,,,,,,,,,,,,,,,,,,,,,,,,,,,,,,1.0,Bloodthirster,RabadonsDeathcap,InfinityEdge,2.0,IonicSpark,,,,,,,,,,,,,,,,,,,,,,,,,,,,,,,,,,,,,,,,,,,2.0,AssassinEmblemItem,,,,,,,2.0,LastWhisper,IonicSpark,,,,,,1.0,,,,,,None,None,,,,,,,,,,,,,,,,,,,,,,,,,,,,,,,,,,,,
1,EUW1_5970992727,TFT7_Augment_MikaelsGift,TFT7_Augment_GadgetExpert,TFT6_Augment_SecondWind2,0.0,,1.0,,,3.0,1.0,0.0,,,2.0,0.0,,,3.0,0.0,0.0,,,,,,1.0,,,,1.0,,,,,,,,,,,,,,,,,,,,,,2.0,,,,,,,,,,,,,,,,2.0,StatikkShiv,UnstableConcoction,ArchangelsStaff,,,,,,,,,,,,,,,,,,,,,,,,,2.0,RedBuff,TitanicHydra,,,,,,,,,,,,,,,,,,,,,,,,,,,,,,,,,,,,,,,,,,,,,,,,,,3.0,ZekesHerald,LocketOfTheIronSolari,Chalice,,,,,,,,,,,,,,,,,,,,,2.0,,,,,,,,,,,,,,,,,,,,,,,,,,,,2.0,AssassinEmblemItem,,,,,,,,,,,,,,,,,,,,,,,,,,,,,None,None,,,,,,,,,,,,,,,,,,,,,,,,,2.0,SeraphsEmbrace,CavalierEmblemItem,Morellonomicon,2.0,ZekesHerald,,,,,,
5,EUW1_5971152074,TFT6_Augment_TradeSector,TFT6_Augment_Electrocharge1,TFT7_Augment_SwiftshotEmblem,,1.0,,2.0,,,,,,,1.0,,0.0,,,,0.0,,,,,,,2.0,1.0,,0.0,,,,,,,,,,,,,,,,,,,,,,,,,,,,,,,,,,,,,,,,,,,,,,,,,,,,,,,,,,1.0,,,,,,,,,,,,,,,,3.0,RedBuff,WarmogsArmor,,,,,,,,,,,,,,,,,,,,,,,,,,,,,,,,,,,,,,,,,,,,,,,,,,2.0,RabadonsDeathcap,RedBuff,SeraphsEmbrace,,,,,,,,,,,,,,,,,,,,,,,,,2.0,,,,,,,,3.0,SwiftshotEmblemItem,,,,,,,,,,,,,,,,,,,,,,,,,,,,,,,,,,,,,None,None,,,,,2.0,,,,3.0,InfinityEdge,GuinsoosRageblade,Quicksilver,,,,,,,,,2.0,Deathblade,RapidFireCannon,,,,,,,,,,,,,
8,EUW1_5971152074,TFT7_Augment_EvokerEmblem,TFT6_Augment_PandorasItems,TFT6_Augment_SunfireBoard,,0.0,,0.0,,0.0,,,2.0,,1.0,0.0,0.0,2.0,,1.0,,0.0,0.0,,,,,,,1.0,,0.0,,,,,1.0,,,,,,,,,,,,,,,,,,,,,,,,,,,,,,,,,,,,,,,,,,,,,,,,,,,,,,,,,,,,,,,,2.0,,,,,,,,,,,,,,,,,,,,,,,,,,,,1.0,,,,2.0,,,,3.0,RabadonsDeathcap,ChainVest,,,,,,,,,,,,,,,,,,,,,,,,,,,,,,2.0,ArchangelsStaff,EvokerEmblemItem,MadredsBloodrazor,,,,,,,,,,,,,,,,,,,,,,,,,1.0,,,,,,,,,,,,2.0,DragonsClaw,WarmogsArmor,BrambleVest,,,,,,,,,,,,,,,,,3.0,TrainerSnax,None,None,,,,,,,,,,,,,,,,,,,,,,,,,,,,,,,,,,,,
3,EUW1_5971152074,TFT6_Augment_TrueTwos,TFT6_Augment_Recombobulator,TFT6_Augment_ComponentGrabBag,1.0,,1.0,,,,1.0,,1.0,,2.0,2.0,0.0,,,2.0,,,,0.0,,,1.0,,,0.0,,0.0,,,,,2.0,,,,,,,,,,,,,,,,1.0,,,,,,,,,,,,,,,,,,,,,,,,2.0,GuardianAngel,Bloodthirster,TitansResolve,,,,,,,,,,,,,,,,,,,,,,,,,,,,,,,,,,,,,,,,,,,,,,,,,,,,,2.0,,,,,,,,2.0,RedBuff,GargoyleStoneplate,FrozenHeart,,,,,,,,,,,,,,,,,2.0,ArchangelsStaff,UnstableConcoction,InfinityEdge,,,,,,,,,,,,,,,,,,,,,,,,,,,,,,,,,,,,,2.0,SpearOfShojin,,,,,,,,,,,,,,,1.0,Chalice,,,,,,,,,,,,,None,None,,,,,,,,,,,,,,,,,,,,,,,,,,,,,,,,,,,,
1,EUW1_5971152074,TFT7_Augment_CannoneerEmblem,TFT6_Augment_PandorasItems,TFT7_Augment_CannoneerRicochet,,,1.0,,4.0,,1.0,,0.0,0.0,1.0,,,0.0,,1.0,0.0,1.0,,,1.0,,,,,2.0,,,,,,,,,,,,,,,,,,,,,,,1.0,,,,,,,,2.0,MadredsBloodrazor,Quicksilver,LastWhisper,,,,,,,,,2.0,GargoyleStoneplate,RedBuff,ShimmerscaleMogulsMail,,,,,,,,,,,,,,,,,,,,,,,,,3.0,CannoneerEmblemItem,,,,,,,3.0,PowerGauntlet,UnstableConcoction,RunaansHurricane,,,,,,,,,,,,,,,,,,,,,2.0,,,,,,,,,,,,,,,,,,,,,,,,,,,,,,,,,,,,,,,,,,,,2.0,ThiefsGloves,,,,,,,,,,,,,,,,,,,,,,,,,,,,,,,,,,,,,,,,,,,,,,,,,,,4.0,TrainerSnax,None,None,3.0,ZekesHerald,ZekesHerald,ZekesHerald,,,,,,,,,,,,,,,,,,,,,,,,,,,,,,,,
2,EUW1_5971152074,TFT7_Augment_CavalierEmblem,TFT6_Augment_SecondWind1,TFT7_Augment_SwiftshotPressTheAttack,1.0,,,1.0,,2.0,,0.0,,,3.0,,0.0,,0.0,,1.0,,,,,,,1.0,1.0,,1.0,,,,,,,,,,,,,,,,,,,,,,,,,,,,,,,,,,,,,,,,,,,,,,,,,,,,,,,,,,,,,,,,,,2.0,,,,,,,,,,,,,,,,,,,,,,,,,,,,,,,,,,,,,,,,,,,,,,,,,,,,,,,,,,,,1.0,,,,,,,,2.0,RedBuff,NegatronCloak,,,,,,2.0,,,,,,,,,,,,2.0,,,,,,,,,,,,,,,,,,,,,,,,,,,,,,,,2.0,InfinityEdge,UnstableConcoction,Bloodthirster,,,,,,,,,,,None,None,,,,,2.0,ZekesHerald,,,,,,,,,,,,,,,2.0,Quicksilver,GuinsoosRageblade,GuardianAngel,2.0,CavalierEmblemItem,ArchangelsStaff,JeweledGauntlet,,,,,,,,
7,EUW1_5971152074,TFT6_Augment_TradeSector,TFT6_Augment_Weakspot,TFT6_Augment_SecondWind2,,,,1.0,,,1.0,,,0.0,,1.0,,0.0,,,,,,1.0,,,1.0,,,,,3.0,,,,,,,,,,,,,,,,,,,,,,,,,,,,,,,,,,,,,,,,,,,,,,,,,2.0,IonicSpark,,,3.0,ArchangelsStaff,MadredsBloodrazor,Bloodthirster,,,,,3.0,,,,,,,,,,,,,,,,,,,,,,,,,,,,,,,,,,,,,,,,,,,,,,,,1.0,RedBuff,IonicSpark,Quicksilver,,,,,,,,,,,,,,,,,,,,,,,,,,,,,,,,,,,,,,,,,,,,,,,,,,,,,,,,,1.0,SpearOfShojin,,,,,,,2.0,,,,,,,,,,,,,,,,2.0,Redemption,,,,,None,None,,,,,,,,,,,,,,,,,,,,,,,,,,,,,,,,,,,,
4,EUW1_5971152074,TFT7_Augment_GadgetExpert,TFT6_Augment_SecondWind1,TFT6_Augment_MakeshiftArmor2,2.0,,,1.0,,,1.0,0.0,,0.0,1.0,,0.0,,0.0,,,,,0.0,,,,,1.0,,0.0,3.0,,,,,,,,,,,,,,,,,,,,,,,,,,,,,,,,,,,,,,,,,,,,,,,,,2.0,GuinsoosRageblade,Quicksilver,Redemption,2.0,,,,,,,,,,,,,,,,,,,,,,,,,,,,,,,,,,,,,,,,,,,,,,,,,,,,,,,,,,,,,,,,,,,,,,,,1.0,LocketOfTheIronSolari,,,2.0,Bloodthirster,GuardianAngel,JeweledGauntlet,1.0,,,,,,,,,,,,,,,,,,,,,,,,,,,,,,,,,,,,,,,,,,,,,,,,,,,,2.0,RedBuff,StatikkShiv,,,,,,1.0,,,,,,None,None,,,,,,,,,,,,,,,,,,,,,,,,,2.0,AssassinEmblemItem,,,,,,,,,,
6,EUW1_5971152074,TFT7_Augment_AssassinEmblem,TFT7_Augment_WhispersTrait,TFT7_Augment_BruiserTitanicStrength,2.0,,,2.0,,,1.0,,,,1.0,0.0,0.0,0.0,,,0.0,,,,,,1.0,,1.0,,0.0,3.0,,,,,,,,,,,,,,,,,,,,,,,,,,,,,,,,,,,,,,,,,,,,,,,,,2.0,AssassinEmblemItem,TitansResolve,Quicksilver,,,,,,,,,,,,,,,,,,,,,,,,,,,,,,,,,,,,,,,,,,,,,,,,,,,,,,,,,,,,,,,,,,,,,,,,,1.0,,,,1.0,FrozenHeart,JeweledGauntlet,RabadonsDeathcap,1.0,Morellonomicon,,,,,,,,,,,,,,,,,,,1.0,,,,,,,,,,,,,,,,1.0,,,,,,,,2.0,RedBuff,Redemption,,,,,,2.0,,,,,,,,,,,,,,None,None,,,,,,,,,,,,,,,,,,,,,,,,,,,,,,,,,,,,
6,EUW1_5971762498,TFT7_Augment_BestFriends2,TFT6_Augment_ThrillOfTheHunt1,TFT6_Augment_CyberneticImplants2,,,1.0,,,,1.0,,1.0,,1.0,2.0,0.0,,,3.0,,,,1.0,,,,,,0.0,,,,,,,2.0,ArchangelsStaff,,,,,,,,,,,,,,,1.0,BrambleVest,,,,,,,,,,,,,,,,,,,,,,,2.0,Deathblade,Bloodthirster,InfinityEdge,,,,,,,,,,,,,2.0,ThiefsGloves,BFSword,ZekesHerald,,,,,,,,,,,,,,,,,,,,,,,,,,,,,,,,,,,,,2.0,,,,,,,,1.0,RedBuff,LocketOfTheIronSolari,MysticEmblemItem,,,,,,,,,,,,,,,,,,,,,,,,,,,,,,,,,,,,,,,,,,,,,,,,,,,,,,,,,,,,,,,,,,,,,,,,,,,,,,,,,,,,,,,None,None,,,,,,,,,,,,,,,,,,,,,,,,,,,,,,,,,,,,
4,EUW1_5971762498,TFT7_Augment_AssassinEmblem,TFT6_Augment_CyberneticUplink1,TFT7_Augment_PandorasBench,2.0,,,1.0,,,,,,1.0,1.0,,0.0,,,,0.0,,2.0,,,,,,1.0,,1.0,0.0,,,,,,,,,,,,,,,,,,,,,,,,,2.0,WarmogsArmor,,,,,,,2.0,FrozenHeart,DragonsClaw,StatikkShiv,,,,,,,,,,,,,,,,,,,,,,,,,,,,,,,,,,,,,,,,,,,,,,,,,,,,,,,,,,,,,,,,,,,,,,,,,,,,,,,,,,,,,3.0,RapidFireCannon,InfinityEdge,AssassinEmblemItem,1.0,,,,,,,,2.0,,,,,,,,,,,,,,,,,,,,2.0,RedBuff,,,,,,,,,,,,,,,,,,,,,,,,,,,,,,,2.0,Deathblade,ScalescornEmblemItem,PowerGauntlet,,,,,2.0,,,,,,None,None,,,,,,,,,,,,,,,,,,,,,,,,,,,,,,,,,,,,
5,EUW1_5971762498,TFT6_Augment_Distancing2,TFT6_Augment_FirstAidKit,TFT6_Augment_JeweledLotus,,,,,,,,2.0,,,,1.0,0.0,,0.0,,0.0,,,1.0,0.0,,,1.0,0.0,,0.0,,,,,,,,,,,,,,2.0,TearOfTheGoddess,,,,,,,,,,,,,,,,,,,,,,,,,,,,,,,,,,,,,,,,,,,,,,,,,,,,,,,,,,,,,,,,,,,2.0,,,,,,,,2.0,TitanicHydra,,,,,,,,,,,,,,,,,,,2.0,RedBuff,DragonsClaw,WarmogsArmor,,,,,,,,,,,,,,,,,,,,,,,,,,,,,,,,,,,,,,,,,,,,,,,,,,,,,,,,,,,,,2.0,GuinsoosRageblade,UnstableConcoction,StatikkShiv,,,,,,,,,,,,,,,,,,,,,,,None,None,,,,,,,,,,,,,,,,,2.0,ThiefsGloves,JeweledGauntlet,SeraphsEmbrace,1.0,,,,1.0,GuardianAngel,,,,,,,,,,
2,EUW1_5971762498,TFT6_Augment_CyberneticImplants2,TFT6_Augment_ThrillOfTheHunt1,TFT7_Augment_RevelPartyFavors,0.0,,1.0,,1.0,,1.0,,1.0,1.0,1.0,,,,,1.0,,1.0,,,1.0,,,,,1.0,,1.0,,,,,,,,,,,,,,,,,,,,,2.0,ShimmerscaleHeartOfGold,GuardianAngel,,,,,,2.0,GuinsoosRageblade,MadredsBloodrazor,Deathblade,,,,,,,,,2.0,RedBuff,WarmogsArmor,,,,,,,,,,,,,,,,,,,,,,,,,,,,,,,,,,,,,,,,,,,,,,,,,,,,,,,,,,2.0,LocketOfTheIronSolari,,,,,,,,,,,,,,,,,,,,,,,,,,,2.0,InfinityEdge,JeweledGauntlet,MadredsBloodrazor,,,,,,,,,,,,,,,,,,,,,,,,,,,,,,,,,3.0,ThiefsGloves,SpearOfShojin,GuardianAngel,,,,,,,,,,,,,,,,,,,,,,,,,2.0,GiantsBelt,,,2.0,TrainerSnax,None,None,1.0,LastWhisper,,,,,,,,,,,,,,,,,,,,,,,,,,,,,,,,,,
3,EUW1_5971762498,TFT7_Augment_ClutteredMind,TFT7_Augment_BestFriends1,TFT7_Augment_BestFriends2,,,1.0,,2.0,,1.0,,1.0,1.0,1.0,,,,0.0,1.0,,2.0,,,1.0,,,,,1.0,,,,,,,,,,,,,,,,,,,,,,,1.0,,,,,,,,2.0,MadredsBloodrazor,Deathblade,GuinsoosRageblade,,,,,,,,,2.0,ShimmerscaleHeartOfGold,WarmogsArmor,WarmogsArmor,,,,,,,,,,,,,,,,,,,,,,,,,,,,,,,,,2.0,SpearOfShojin,,,,,,,,,,,,,,,1.0,,,,,,,,2.0,IonicSpark,,,,,,,,,,,,,,,,,,,,,,,,,,,,,,,,,,,,,,,,,,,,,,,,,,,,,,,,,,,,,,,2.0,ThiefsGloves,PowerGauntlet,LastWhisper,,,,,,,,,,,,,,,,,,,,,,,,,,,,,3.0,TrainerSnax,None,None,2.0,ZekesHerald,,,,,,,,,,,,,,,,,,,,,,,,,,,,,,,,,,
8,EUW1_5971762498,TFT7_Augment_PandorasBench,TFT6_Augment_PandorasItems,TFT7_Augment_DragonHorde,,,,2.0,,,2.0,,,,,,0.0,1.0,1.0,,0.0,,,,0.0,1.0,,,0.0,,0.0,2.0,,,,,,,,,,,,,,,,,,,,,,,,,,,,,,,,,,,,,2.0,RapidFireCannon,GuardianAngel,,,,,,,,,,2.0,MageEmblemItem,FrozenHeart,,,,,,,,,,,,,,,,,,,,,,,,,,,,,,,,,,,,,,,,,,,,,,,,,,,,,,,,,,,,,,,,,,,,,,,,,,1.0,,,,,,,,,,,,,,,,,,,,,,,,,,,,2.0,,,,,,,,,,,,,,,,,,,,,,,,2.0,WarmogsArmor,RedBuff,,,,,,,,,,,,,,,,,,,,None,None,,,,,,,,,,,,,,,,,,,,,,,,,,,,,,,,,1.0,SeraphsEmbrace,,
7,EUW1_5971762498,TFT7_Augment_MikaelsGift,TFT6_Augment_TinyTitans,TFT6_Augment_CelestialBlessing2,0.0,0.0,1.0,2.0,,,1.0,,,,1.0,,0.0,0.0,,0.0,0.0,,,,,,,,2.0,,0.0,1.0,,,,,,,,,1.0,JeweledGauntlet,GuinsoosRageblade,,,,,,,,,,1.0,,,,,,,,,,,,,,,,,,,,,,,,,,,,,,,,,,,,,,,,,,,,,,,,,,,,2.0,DragonsClaw,RedBuff,,,,,,,,,,,,,,,,,,,,,,,,,,,,,,,,,,,,,,,,,,,,,,,,,,1.0,LocketOfTheIronSolari,,,2.0,HextechGunblade,FrozenHeart,TearOfTheGoddess,,,,,,,,,,,,,,,,,,,,,2.0,LocketOfTheIronSolari,,,,,,,,,,,,,,,,,,,,,,,1.0,,,,,,,,,,,,,,,,,,,,,,None,None,,,,,,,,,,,,,,,,,,,,,,,,,,,,,,,,,,,,
1,EUW1_5971762498,TFT6_Augment_CyberneticUplink2,TFT7_Augment_BandOfThieves1,TFT6_Augment_CelestialBlessing2,,,1.0,1.0,,0.0,1.0,,,,1.0,0.0,0.0,1.0,,0.0,,,0.0,,0.0,1.0,1.0,,2.0,,,0.0,,,,,,,,,2.0,GuinsoosRageblade,ArchangelsStaff,SpearOfShojin,,,,,,,,,2.0,Chalice,Chalice,PowerGauntlet,,,,,,,,,,,,,,,,,,,,,,,,,,,,,,,,,,,,,,,,,,,,,,,,,,,,,,,,,,,,,,,,,,,,,,,,,1.0,,,,,,,,,,,,,,,,,,,,,,,,,,,,2.0,ThiefsGloves,MadredsBloodrazor,RapidFireCannon,,,,,,,,,,,,,,,,,,,,,,,,,,,,,,,,,,,,,,,,,1.0,ZekesHerald,,,,,,,2.0,GargoyleStoneplate,DragonsClaw,TitansResolve,,,,,,,,,,,,,,,,,,,None,None,,,,,,,,,,,,,,,,,,,,,,,,,,,,,,,,,2.0,JeweledGauntlet,,
8,EUW1_5971773787,TFT6_Augment_Electrocharge3,TFT6_Augment_SecondWind1,TFT6_Augment_SunfireBoard,,,,1.0,1.0,,,,1.0,,,,,1.0,,0.0,,3.0,,,,,,,,1.0,,0.0,,,,,,,,,,,,,,,,,,,,,,,,,,,,,1.0,StatikkShiv,HextechGunblade,GuinsoosRageblade,,,,,,,,,,,,,,,,,,,,,,,,,,,,,,,,,,,,,2.0,,,,,,,,2.0,BFSword,,,,,,,,,,,,,,,,,,,,,,,2.0,,,,,,,,,,,,,,,,,,,,,,,,,,,,,,,,,,,,,,,,,,,,,,,,,,,,,,,,,,,,,,,,2.0,MageEmblemItem,SeraphsEmbrace,,,,,,,,,,2.0,,,,3.0,GargoyleStoneplate,WarmogsArmor,,,,,,,,,,,,,,1.0,TrainerSnax,None,None,,,,,,,,,,,,,,,,,,,,,,,,,,,,,,,,,,,,
7,EUW1_5971773787,TFT6_Augment_SlowAndSteady,TFT6_Augment_Weakspot,TFT6_Augment_SecondWind2,1.0,1.0,1.0,1.0,,,,,,,3.0,,0.0,0.0,,1.0,,,,,,,,1.0,0.0,,,0.0,,,,,,,,,,,,,,,,,,,,,1.0,RecurveBow,,,,,,,,,,,,,,,,,,,,,,,,,,,,,,,,,,,,,,,,,,,,,,,,,,,3.0,,,,,,,,,,,,,,,,,,,,,,,,,,,,,,,,3.0,ArchangelsStaff,,,,,,,,,,,,,,,,,,,2.0,,,,1.0,,,,,,,,,,,,,,,,,,,,,,,,,,,,,,,,,,,,,,,,,,,,,,,,,,,,,,,,1.0,FrozenHeart,MadredsBloodrazor,,,,,,,,,,,,None,None,,,,,2.0,,,,3.0,Deathblade,UnstableConcoction,GuinsoosRageblade,,,,,,,,,,,,,,,,,,,,,,,,
5,EUW1_5971773787,TFT7_Augment_AssassinEmblem2,TFT6_Augment_Electrocharge1,TFT6_Augment_ComponentGrabBag,3.0,,,1.0,,,1.0,0.0,,,1.0,,0.0,,0.0,,,,0.0,,,,,,1.0,,0.0,2.0,,,,,,,,,,,,,,,,,,,,,,,,,,,,,,,,,2.0,FrozenHeart,InfinityEdge,,,,,,,,,,,,,,2.0,InfinityEdge,AssassinEmblemItem,Bloodthirster,,,,,,,,,,,,,,,,,,,,,,,,,,,,,,,,,,,,,,,,,,,,,,,,,,,,,,,,,,,,,,,,,,,,,,,,,2.0,WarmogsArmor,LocketOfTheIronSolari,ZekesHerald,1.0,Redemption,,,2.0,,,,,,,,,,,,,,,,,,,,,,,,,,,,,,,,,,,,,,,,,,,,,,,,,,,,2.0,ChainVest,InfinityEdge,LastWhisper,,,,,,,,,,,None,None,,,,,,,,,,,,,,,,,,,,,,,,,1.0,AssassinEmblemItem,,,,,,,,,,
2,EUW1_5971773787,TFT7_Augment_AssassinEmblem2,TFT7_Augment_BestFriends1,TFT6_Augment_ThrillOfTheHunt2,2.0,,,1.0,,0.0,,,,0.0,1.0,,0.0,0.0,,,0.0,,2.0,,,,,,1.0,,1.0,0.0,,,,,,,,,,,,,,,,,,,,,,,,,2.0,GargoyleStoneplate,,,,,,,3.0,RedBuff,IonicSpark,RabadonsDeathcap,,,,,,,,,,,,,,,,,,,,,,,,,,,,,,,,,,,,,,,,,,,,,,,,,,,,,,,,,,,,,2.0,,,,,,,,,,,,,,,,,,,,,,,,3.0,RunaansHurricane,InfinityEdge,AssassinEmblemItem,2.0,,,,1.0,Zephyr,InfinityEdge,Bloodthirster,2.0,,,,,,,,,,,,,,,,,,,,2.0,,,,,,,,,,,,,,,,,,,,,,,,,,,,,,,,2.0,MadredsBloodrazor,UnstableConcoction,Quicksilver,,,,,,,,,,,None,None,,,,,,,,,,,,,,,,,,,,,,,,,,,,,,,,,,,,
1,EUW1_5971773787,TFT7_Augment_RevelEmblem2,TFT6_Augment_Diversify1,TFT6_Augment_CyberneticUplink2,0.0,,,1.0,1.0,,1.0,,1.0,,,,0.0,,1.0,0.0,,4.0,,,,,,,1.0,0.0,,,,,,,,,,,,,,,,,,,,,,,,,,,,,,,3.0,MadredsBloodrazor,LastWhisper,StatikkShiv,,,,,2.0,RevelEmblemItem,Quicksilver,GuinsoosRageblade,,,,,,,,,,,,,,,,,,,,,,,,,,,,,,,,,,,,,2.0,StatikkShiv,ZekesHerald,StatikkShiv,,,,,,,,,,,,,,,,,,,,,2.0,RabadonsDeathcap,,,,,,,,,,,,,,,,,,,,,,,2.0,FrozenHeart,GargoyleStoneplate,Quicksilver,,,,,2.0,,,,,,,,,,,,,,,,,,,,,,,,,,,,,,,,2.0,HextechGunblade,,,,,,,,,,,,,,,2.0,RedBuff,,,,,,,,,,,,,,,,,None,None,,,,,,,,,,,,,,,,,,,,,,,,,,,,,,,,,,,,
6,EUW1_5971773787,TFT7_Augment_BestFriends3,TFT7_Augment_BestFriends1,TFT6_Augment_BlueBattery2,,,,,,2.0,1.0,,,,3.0,0.0,,0.0,2.0,,0.0,,,,,,1.0,0.0,,,,,,,,,,,,,,,,,,,,,,,,,,,,,,,,,,,,,,,,,2.0,MadredsBloodrazor,ArchangelsStaff,StatikkShiv,,,,,,,,,,,,,,,,,,,,,,,,,2.0,UnstableConcoction,,,,,,,,,,,,,,,,,,,,,,,,,,,,,,,,,,,,,,,,,,,,,,,,,,,2.0,GargoyleStoneplate,GargoyleStoneplate,IonicSpark,,,,,,,,,,,,,,,,,1.0,,,,2.0,,,,,,,,,,,,,,,,,,,,,,,,,,,,1.0,,,,,,,,,,,,,,,,,,,,,,,,,,,,,,None,None,,,,,1.0,,,,,,,,,,,,,,,,,,,,,,,,,,,,,,,
3,EUW1_5971773787,TFT6_Augment_Windfall,TFT6_Augment_Electrocharge1,TFT7_Augment_BigFriend2,,,1.0,,,,1.0,0.0,1.0,1.0,1.0,2.0,0.0,,1.0,2.0,,,,,,,1.0,,,0.0,0.0,,,,,,2.0,ArchangelsStaff,HextechGunblade,StatikkShiv,,,,,,,,,,,,,2.0,SpearOfShojin,,,,,,,,,,,,,,,,,,,,,,,2.0,TitansResolve,Bloodthirster,HextechGunblade,,,,,,,,,,,,,,,,,,,,,,,,,,,,,,,,,,,,,,,,,,,,,3.0,RedBuff,WarmogsArmor,DragonsClaw,,,,,2.0,,,,,,,,,,,,,,,,,,,,,,,,,,,,,,,,,,,,,,,,,,,,,,,,,,,,,,,,,,,,,,,,,,,,2.0,,,,,,,,,,,,,,,,,,,,2.0,,,,,,,,,,None,None,,,,,,,,,,,,,,,,,,,,,,,,,1.0,LastWhisper,Deathblade,,,,,,,,,
4,EUW1_5971773787,TFT6_Augment_CelestialBlessing3,TFT6_Augment_TinyTitans,TFT6_Augment_CyberneticUplink2,,0.0,1.0,0.0,,0.0,1.0,,0.0,,1.0,,,2.0,,2.0,,,0.0,,0.0,1.0,,,1.0,0.0,,0.0,,,,,,,,,2.0,ThiefsGloves,JeweledGauntlet,SeraphsEmbrace,,,,,,,,,2.0,MageEmblemItem,,,,,,,,,,,,,,,,,,,,,,,,,,,,,,,,,,,,,,,,,,,,,,,,,,,,,,,,,,,,,,,,,,,,,,,,,,,2.0,ThiefsGloves,Redemption,BrambleVest,2.0,ThiefsGloves,Chalice,RabadonsDeathcap,3.0,Chalice,SpearOfShojin,,,,,,,,,,,,,,,,,,,,,,,,,,,,,,,,,,,,,,,,,,,,,,,,,,,,,,,,,,,,,,,,,,,,,,2.0,RecurveBow,GargoyleStoneplate,,,,,,,,,,,,,,,,,,,,None,None,,,,,,,,,,,,,,,,,,,,,,,,,,,,,,,,,1.0,GuardianAngel,,
5,EUW1_5970890364,TFT6_Augment_RichGetRicher,TFT6_Augment_SecondWind1,TFT7_Augment_PandorasBench,,,,,,,1.0,,1.0,,,2.0,0.0,,,1.0,,0.0,,1.0,,,1.0,,,0.0,,,,,,,2.0,HextechGunblade,,,,,,,,,,,,,,,,,,,,,,,,,,,,,,,,,,,,,,,3.0,TitansResolve,GuardianAngel,UnstableConcoction,,,,,,,,,,,,,3.0,,,,,,,,,,,,,,,,,,,,,,,,,,,,,,,,,,,,,,,,1.0,,,,,,,,3.0,GargoyleStoneplate,DragonsClaw,Redemption,,,,,,,,,,,,,,,,,,,,,,,,,,,,,,,,,,,,,,,,,,,,,,,,,,,,,1.0,,,,1.0,StatikkShiv,NeedlesslyLargeRod,,,,,,,,,,,,,,,,,,,,,,,,,,,,None,None,,,,,,,,,,,,,,,,,,,,,,,,,,,,,,,,,,,,
6,EUW1_5970890364,TFT7_Augment_WarriorTiamat,TFT6_Augment_Weakspot,TFT7_Augment_SwiftshotEmblem,,1.0,,2.0,,,,,,,1.0,,0.0,,,,0.0,,,,,,,3.0,1.0,,0.0,,,,,,,,,,,,,,,,,,,,,,,,,,,,,,,,,,,,,,,,,,,,,,,,,,,,,,,,,,2.0,,,,,,,,,,,,,,,,3.0,BrambleVest,RedBuff,GargoyleStoneplate,,,,,,,,,,,,,,,,,,,,,,,,,,,,,,,,,,,,,,,,,,,,,,,,,2.0,ThiefsGloves,LocketOfTheIronSolari,GuinsoosRageblade,,,,,,,,,,,,,,,,,,,,,,,,,2.0,SwiftshotEmblemItem,,,,,,,3.0,SwiftshotEmblemItem,,,,,,,,,,,,,,,,,,,,,,,,,,,,,,,,,,,,,None,None,,,,,2.0,,,,3.0,Deathblade,GuinsoosRageblade,RunaansHurricane,,,,,,,,,2.0,InfinityEdge,JeweledGauntlet,,,,,,,,,,,,,
2,EUW1_5970890364,TFT7_Augment_ClutteredMind,TFT7_Augment_BestFriends1,TFT7_Augment_BestFriends2,1.0,,1.0,1.0,,1.0,,0.0,,,5.0,,0.0,,,0.0,1.0,,,,,,,1.0,1.0,,0.0,,,,,,,,,,,,,,,,,,,,,,2.0,,,,,,,,,,,,,,,,,,,,,,,,,,,,,,,,,,,,,,,,,,,,2.0,GuildEmblemItem,,,,,,,,,,,,,,,,,,,,,,,,,,,,,,,,,,,,,,,,,,,,,,,,,,,,,,,,,,,2.0,DragonsClaw,DragonsClaw,,,,,,2.0,,,,,,,,3.0,DragonmancerEmblemItem,,,,,,,,,,,2.0,,,,,,,,,,,,,,,,,,,,,,,,,,,,,,,,2.0,RedBuff,InfinityEdge,TitansResolve,,,,,,,,,,,None,None,,,,,2.0,,,,,,,,,,,,,,,,2.0,GuinsoosRageblade,Quicksilver,MadredsBloodrazor,,,,,,,,,,,,
1,EUW1_5970890364,TFT7_Augment_GadgetExpert,TFT6_Augment_CyberneticUplink1,TFT6_Augment_TargetDummies,,1.0,,1.0,,,,,1.0,,1.0,0.0,0.0,2.0,,1.0,,,,,,,,,,1.0,,0.0,,,,,1.0,RunaansHurricane,,,,,,,,,,,,,,,,,,,,,,,,,,,,,,,,,,,,,,,,,,,,,,,,,,,,,,,,,,,,,,,2.0,SpearOfShojin,,,3.0,RedBuff,Redemption,,,,,,,,,,,,,,,,,,,,,,,,,,2.0,BrambleVest,Redemption,,3.0,StatikkShiv,SpearOfShojin,,,,,,,,,,,,,,,,,,,,,,,,,,,,,,3.0,SpearOfShojin,ArchangelsStaff,Bloodthirster,,,,,,,,,,,,,,,,,,,,,,,,,,,,,,,,,,,,,2.0,IonicSpark,,,,,,,,,,,,,,,,,,,2.0,TrainerSnax,None,None,,,,,,,,,,,,,2.0,,,,,,,,,,,,,,,,,,,,,,,
4,EUW1_5970890364,TFT6_Augment_Ascension,TFT6_Augment_Diversify1,TFT6_Augment_BlueBattery2,1.0,,,1.0,,1.0,,,,,3.0,,0.0,,,,1.0,,,,,,,1.0,1.0,,0.0,,,,,,,,,,,,,,,,,,,,,,,,,,,,,,,,,,,,,,,,,,,,,,,,,,,,,,,,,,,,,,,,,,2.0,RedBuff,GargoyleStoneplate,BrambleVest,,,,,,,,,,,,,,,,,,,,,,,,,,,,,,,,,,,,,,,,,,,,,,,,,,,,,,,,,1.0,GargoyleStoneplate,,,,,,,2.0,Zephyr,,,,,,,2.0,,,,,,,,,,,,2.0,,,,,,,,,,,,,,,,,,,,,,,,,,,,,,,,2.0,UnstableConcoction,LastWhisper,MadredsBloodrazor,,,,,,,,,,,None,None,,,,,2.0,,,,,,,,,,,,,,,,2.0,MadredsBloodrazor,GuinsoosRageblade,Quicksilver,,,,,,,,,,,,
3,EUW1_5970890364,TFT7_Augment_Preparation2,TFT7_Augment_BandOfThieves1,TFT6_Augment_SecondWind2,,,,1.0,,,1.0,,,1.0,,,,,2.0,,0.0,,0.0,,0.0,,,,,,2.0,,2.0,,,,,,,,,,,,,,,,,,,,,,,,3.0,WarmogsArmor,FrozenHeart,TitanicHydra,,,,,,,,,2.0,MadredsBloodrazor,ArchangelsStaff,,,,,,,,,,,,,,,,,,,,,,,,,,,,,,,,,,,,,,,,,,,,,,,,,,,,,,2.0,BrambleVest,,,,,,,,,,,,,,,,,,,,,,,,,,,2.0,ThiefsGloves,,,,,,,,,,,,,,,,,,,,,,,,,,,,,,,3.0,SeraphsEmbrace,GargoyleStoneplate,,,,,,,,,,,,,,,,,,,,,,,,,,,,,,,,,,,,,,,,,,,,None,None,,,,,,,,,,,,,,,,,,,,,,,,,,,,,3.0,Quicksilver,GuinsoosRageblade,MadredsBloodrazor,,,,
8,EUW1_5970890364,TFT6_Augment_Distancing2,TFT7_Augment_AxiomArc1,TFT7_Augment_UrfsGrabBag1,,1.0,,1.0,,0.0,1.0,,,,1.0,,,2.0,,0.0,,,0.0,,,,,,1.0,,,0.0,,,,,,,,,1.0,MageEmblemItem,RabadonsDeathcap,SpearOfShojin,,,,,,,,,,,,,,,,,,,,,,,,,,,,,,,,,,,,,,,,,,,,,,,,,,,,,,,,,,,,,2.0,,,,,,,,,,,,,,,,,,,,,,,,2.0,,,,,,,,3.0,,,,,,,,,,,,,,,,,,,,,,,,,,,,,,,,2.0,HextechGunblade,SpearOfShojin,ArchangelsStaff,,,,,,,,,,,,,,,,,,,,,,,,,,,,,,,,,,,,,2.0,BrambleVest,IonicSpark,RedBuff,,,,,,,,,,,,,,,,,,,None,None,,,,,,,,,,,,,3.0,,,,,,,,,,,,,,,,,,,,,,,
7,EUW1_5970890364,TFT6_Augment_TradeSector,TFT7_Augment_BestFriends1,TFT6_Augment_ThrillOfTheHunt2,,,1.0,,1.0,,1.0,,1.0,1.0,1.0,,,0.0,,1.0,,1.0,,,1.0,,,,,2.0,,,,,,,,,,,,,,,,,,,,,,,1.0,GuardianEmblemItem,,,,,,,2.0,Quicksilver,MadredsBloodrazor,ShimmerscaleGamblersBlade,,,,,,,,,2.0,RedBuff,BrambleVest,,,,,,,,,,,,,,,,,,,,,,,,,,3.0,,,,,,,,,,,,,,,,,,,,,,,,,,,,,,,,2.0,,,,,,,,,,,,,,,,,,,,,,,,,,,,,,,,,,,,,,,,,,,,,,,,,,,,,,,,,,,,,,,,2.0,HextechGunblade,Morellonomicon,RabadonsDeathcap,,,,,,,,,,,,,,,,,,,,,,,,,,,,,4.0,TrainerSnax,None,None,3.0,,,,,,,,,,,,,,,,,,,,,,,,,,,,,,,,,,,
8,EUW1_5970957392,TFT7_Augment_PandorasBench,TFT7_Augment_JadePenitence,TFT7_Augment_DragonHorde,,,,,,,2.0,,0.0,0.0,,1.0,,,1.0,1.0,,,,,1.0,,,,,0.0,,,,,,,,,,,,,,,,,,,,,,,,,,,,,,,,,,,,,,,1.0,ArchangelsStaff,ArchangelsStaff,UnstableConcoction,2.0,ShimmerscaleHeartOfGold,RunaansHurricane,Deathblade,1.0,,,,,,,,,,,,,,,,,,,,,,,,,,,,,,,,,,,,,,,,,,,,,,,,,,,,,,,,1.0,,,,,,,,,,,,,,,,,,,,,,,,,,,,,,,,,,,,,,,,,,,,,,,,,,,,,,,,,,,,,,,,,,,,,,,,,,,,,,,,,,,,,,,,,,,,,,,,,,None,None,,,,,,,,,,,,,,,,,,,,,,,,,,,,,,,,,,,,
7,EUW1_5970957392,TFT6_Augment_JeweledLotus,TFT6_Augment_CelestialBlessing2,TFT6_Augment_ComponentGrabBag,,,,1.0,,,1.0,2.0,,,,0.0,0.0,0.0,,,0.0,,,1.0,0.0,,,0.0,0.0,,,2.0,,,,,,,,,,,,,1.0,,,,,,,,,,,,,,,,,,,,,,,,,,,,,,,,,,,,2.0,UnstableConcoction,,,2.0,InfinityEdge,DragonmancerEmblemItem,JeweledGauntlet,,,,,,,,,,,,,,,,,,,,,,,,,,,,,,,,,1.0,,,,,,,,,,,,,,,,,,,,,,,,,,,,,,,,,,,,,,,,,,,,,,,,,,,,,,,,,,,,,,,,,,,,,,,,,,,,,,,,,,,,1.0,,,,2.0,RedBuff,DragonmancerEmblemItem,,,,,,,,,,,,,,,,,,,,None,None,,,,,,,,,,,,,,,,,1.0,,,,,,,,,,,,,,,,,,,
4,EUW1_5970957392,TFT7_Augment_Preparation2,TFT6_Augment_BlueBattery2,TFT6_Augment_JeweledLotus,,1.0,,1.0,,,,,0.0,,1.0,,,3.0,,1.0,,,,,0.0,1.0,,,,1.0,,0.0,,,,,,,,,,,,,,,,,,,,,,,,,,,,,,,,,,,,,,,,,,,,,,,,,,,,,,,,,,,,,,,,,,,,,2.0,,,,3.0,MageEmblemItem,RedBuff,Redemption,,,,,,,,,,,,,,,,,,,,,,,,,2.0,Shroud,MageEmblemItem,,3.0,StatikkShiv,,,,,,,,,,,,,,,,,,,,,,,,,,,,,,,3.0,ArchangelsStaff,Bloodthirster,SpearOfShojin,,,,,,,,,,,,,,,,,,,,,,,,,,,,,,,,,,,,,2.0,IonicSpark,IonicSpark,,,,,,,,,,,,,,,,,,3.0,TrainerSnax,None,None,,,,,,,,,,,,,2.0,,,,,,,,,,,,,,,,,,,,1.0,Redemption,,
3,EUW1_5970957392,TFT7_Augment_GuildEmblem,TFT6_Augment_PortableForge,TFT6_Augment_JeweledLotus,1.0,,1.0,1.0,,1.0,,,,,6.0,,0.0,,,0.0,1.0,,,,,,,1.0,1.0,,0.0,,,,,,,,,,,,,,,,,,,,,,1.0,ThiefsGloves,SpearOfShojin,GuardianAngel,,,,,,,,,,,,,,,,,,,,,,,,,,,,,,,,,,,,,,,,,2.0,OrnnEternalWinter,IonicSpark,RabadonsDeathcap,,,,,,,,,,,,,,,,,,,,,,,,,,,,,,,,,,,,,,,,,,,,,,,,,,,,,,,,,2.0,GuildEmblemItem,GuardianAngel,GargoyleStoneplate,,,,,1.0,ZekesHerald,,,,,,,2.0,,,,,,,,,,,,2.0,GuildEmblemItem,GiantsBelt,,,,,,,,,,,,,,,,,,,,,,,,,,,,,,2.0,RunaansHurricane,RedBuff,LastWhisper,,,,,,,,,,,None,None,,,,,2.0,,,,,,,,,,,,,,,,2.0,MadredsBloodrazor,GuinsoosRageblade,Quicksilver,,,,,,,,,,,,
6,EUW1_5970957392,TFT7_Augment_GadgetExpert,TFT7_Augment_PandorasBench,TFT6_Augment_CyberneticUplink2,,0.0,,2.0,,0.0,1.0,,,,1.0,,0.0,3.0,,0.0,,,0.0,,0.0,1.0,,,2.0,,,0.0,,,,,,,,,2.0,SpearOfShojin,StatikkShiv,MageEmblemItem,,,,,,,,,,,,,,,,,,,,,,,,,,,,,,,,,,,,,,,,,,,,,,,,,,,,,,,,,,,,,2.0,MageEmblemItem,,,,,,,,,,,,,,,,,,,,,,,2.0,NegatronCloak,,,,,,,2.0,HextechGunblade,,,,,,,,,,,,,,,,,,,1.0,NegatronCloak,,,,,,,,,,,2.0,MadredsBloodrazor,,,,,,,,,,,,,,,,,,,,,,,,,,,,,,,,,,,,,,,3.0,RedBuff,DragonsClaw,TitansResolve,,,,,,,,,,,,,,,,,,,None,None,,,,,,,,,,,,,,,,,,,,,,,,,,,,,,,,,2.0,UnstableConcoction,SparringGloves,BruiserEmblemItem
5,EUW1_5970957392,TFT7_Augment_GuildLoot,TFT7_Augment_SwiftshotPressTheAttack,TFT7_Augment_GuildGearUpgrades,1.0,,1.0,1.0,,1.0,,,,,4.0,,0.0,,,0.0,1.0,,,,,,,1.0,1.0,,0.0,,,,,,,,,,,,,,,,,,,,,,1.0,ThiefsGloves,Morellonomicon,TitanicHydra,,,,,,,,,,,,,,,,,,,,,,,,,,,,,,,,,,,,,,,,,2.0,RedBuff,WarmogsArmor,IonicSpark,,,,,,,,,,,,,,,,,,,,,,,,,,,,,,,,,,,,,,,,,,,,,,,,,,,,,,,,,2.0,,,,,,,,1.0,,,,,,,,1.0,RedBuff,,,,,,,,,,,2.0,,,,,,,,,,,,,,,,,,,,,,,,,,,,,,,,1.0,InfinityEdge,MadredsBloodrazor,HextechGunblade,,,,,,,,,,,None,None,,,,,2.0,Chalice,,,,,,,,,,,,,,,2.0,GuinsoosRageblade,GuinsoosRageblade,MadredsBloodrazor,,,,,,,,,,,,
2,EUW1_5970957392,TFT7_Augment_CannoneerRicochet,TFT6_Augment_ComponentGrabBag,TFT6_Augment_SunfireBoard,1.0,,1.0,1.0,,1.0,,,,,4.0,,0.0,,,0.0,1.0,,,,,,,1.0,1.0,,0.0,,,,,,,,,,,,,,,,,,,,,,1.0,,,,,,,,,,,,,,,,,,,,,,,,,,,,,,,,,,,,,,,,,,,,2.0,WarmogsArmor,TitansResolve,,,,,,,,,,,,,,,,,,,,,,,,,,,,,,,,,,,,,,,,,,,,,,,,,,,,,,,,,,2.0,LocketOfTheIronSolari,Redemption,RabadonsDeathcap,,,,,2.0,FrozenHeart,,,,,,,1.0,,,,,,,,,,,,2.0,,,,,,,,,,,,,,,,,,,,,,,,,,,,,,,,3.0,InfinityEdge,RunaansHurricane,RapidFireCannon,,,,,,,,,,,None,None,,,,,2.0,PowerGauntlet,Chalice,,,,,,,,,,,,,,2.0,GuinsoosRageblade,Quicksilver,MadredsBloodrazor,,,,,,,,,,,,
1,EUW1_5970957392,TFT6_Augment_SunfireBoard,TFT6_Augment_RichGetRicherPlus,TFT6_Augment_Ascension,,,1.0,,1.0,,1.0,0.0,1.0,1.0,1.0,,,,0.0,1.0,,1.0,0.0,,1.0,,,,,1.0,0.0,,,,,,,,,,,,,,,,,,,,,,2.0,Shroud,,,1.0,IonicSpark,,,3.0,GuinsoosRageblade,MadredsBloodrazor,Deathblade,,,,,,,,,2.0,WarmogsArmor,RedBuff,GargoyleStoneplate,,,,,,,,,,,,,,,,,,,,,,,,,,,,,,,,,,,,,,,,,,,,,,,,,,,,,,,,,2.0,,,,,,,,,,,,,,,,,,,,,,,,,,,,,,,,,,,,,,,,,,,,,,,,,,,,,,,,,,,,,,,,2.0,TearOfTheGoddess,ArchangelsStaff,,,,,,,,,,,,,,,,,,,,,,,,,,,,,,3.0,TrainerSnax,None,None,2.0,ShimmerscaleHeartOfGold,StatikkShiv,LastWhisper,,,,,,,,,,,,,,,,,,,,,2.0,BrambleVest,TitansResolve,,,,,,,,,
3,EUW1_5970832365,TFT7_Augment_JadeTrait,TFT6_Augment_PandorasItems,TFT7_Augment_UrfsGrabBag2,0.0,,,,,,1.0,1.0,,1.0,,2.0,,,1.0,0.0,,,,,,,,,1.0,,0.0,,,,,,,,,,,,,,,,,,,,,,,,,,,,,,,,,,,,,,,,,,,,,,2.0,Quicksilver,MadredsBloodrazor,,,,,,,,,,,,,,,,,,,,,,,,,,,,,,,,,,3.0,MadredsBloodrazor,SeraphsEmbrace,ArchangelsStaff,,,,,2.0,,,,3.0,RedBuff,WarmogsArmor,GargoyleStoneplate,,,,,,,,,,,,,,,,,,,,,,,,,,,,,,,,,,,,,1.0,,,,,,,,,,,,,,,,,,,,,,,,,,,,,,,,,,,,,,,,,,,,,,,,,,,,,,,,3.0,,,,,,,,,,None,None,,,,,,,,,,,,,,,,,,,,,,,,,2.0,SeraphsEmbrace,Bloodthirster,Quicksilver,,,,,,,,
4,EUW1_5970832365,TFT6_Augment_ThreesCompany,TFT6_Augment_Electrocharge1,TFT7_Augment_TomeOfTraits2,,,,1.0,,,,2.0,1.0,,,1.0,1.0,,,0.0,0.0,,,0.0,0.0,,,0.0,1.0,0.0,,,,,,,2.0,DragonmancerEmblemItem,SpearOfShojin,RedBuff,,,,,2.0,ThiefsGloves,Morellonomicon,IonicSpark,,,,,,,,,,,,,,,,,,,,,,,,,,,,,,,,,,,,,,,,,,,,,,,,,,,,,,,,,,,,,,,,,2.0,GargoyleStoneplate,,,,,,,1.0,LastWhisper,GiantsBelt,GargoyleStoneplate,,,,,,,,,1.0,,,,,,,,,,,,,,,,,,,,,,,,2.0,DragonmancerEmblemItem,WarmogsArmor,RedBuff,,,,,,,,,,,,,,,,,,,,,,,,,,,,,,,,,,,,,,,,,,,,,3.0,BruiserEmblemItem,Quicksilver,GuinsoosRageblade,,,,,,,,,,,,,,,,,,,,,,,None,None,,,,,,,,,,,,,,,,,3.0,Quicksilver,Bloodthirster,GuinsoosRageblade,,,,,,,,,,,,,,,,
7,EUW1_5970832365,TFT6_Augment_TomeOfTraits1,TFT7_Augment_BandOfThieves1,TFT7_Augment_ThinkFast,1.0,,,1.0,,1.0,,,,,4.0,,0.0,,,,1.0,,,,,,,1.0,1.0,,0.0,,,,,,,,,,,,,,,,,,,,,,,,,,,,,,,,,,,,,,,,,,,,,,,,,,,,,,,,,,,,,,,,,,2.0,Redemption,RedBuff,,,,,,,,,,,,,,,,,,,,,,,,,,,,,,,,,,,,,,,,,,,,,,,,,,,,,,,,,,2.0,BrambleVest,WarmogsArmor,TitansResolve,,,,,2.0,GuildEmblemItem,FrozenHeart,NegatronCloak,,,,,2.0,,,,,,,,,,,,2.0,ThiefsGloves,InfinityEdge,MadredsBloodrazor,,,,,,,,,,,,,,,,,,,,,,,,,,,,,2.0,ArchangelsStaff,,,,,,,,,,,,,None,None,,,,,2.0,,,,,,,,,,,,,,,,2.0,GuinsoosRageblade,Quicksilver,MadredsBloodrazor,,,,,,,,,,,,
8,EUW1_5970832365,TFT7_Augment_BruiserEmblem,TFT7_Augment_BandOfThieves1,TFT6_Augment_VerdantVeil,,,1.0,1.0,2.0,,1.0,,1.0,0.0,1.0,,,,,1.0,,3.0,,,1.0,,,,,1.0,,,,,,,,,,,,,,,,,,,,,,,1.0,,,,,,,,2.0,MadredsBloodrazor,GuinsoosRageblade,UnstableConcoction,,,,,,,,,2.0,BruiserEmblemItem,WarmogsArmor,DragonsClaw,,,,,,,,,,,,,,,,,,,,,,,,,,,,,,,,,2.0,ThiefsGloves,RunaansHurricane,SeraphsEmbrace,,,,,,,,,,,,,,,,,,,,,2.0,,,,,,,,,,,,,,,,,,,,,,,,,,,,,,,,,,,,,,,,,,,,,,,,,,,,,,,,,,,,,,,,1.0,,,,,,,,,,,,,,,,2.0,TitansResolve,RedBuff,IonicSpark,,,,,,,,,,,,,3.0,TrainerSnax,None,None,2.0,ShimmerscaleHeartOfGold,LastWhisper,,,,,,,,,,,,,,,,,,,,,,,,,,,,,,,,,
2,EUW1_5970832365,TFT6_Augment_Meditation2,TFT6_Augment_CelestialBlessing1,TFT6_Augment_BinaryAirdrop,1.0,,,1.0,,1.0,,0.0,,,3.0,,0.0,,0.0,,1.0,,,,,,,1.0,1.0,,1.0,,,,,,,,,,,,,,,,,,,,,,,,,,,,,,,,,,,,,,,,,,,,,,,,,,,,,,,,,,,,,,,,,,2.0,Morellonomicon,,,,,,,,,,,,,,,,,,,,,,,,,,,,,,,,,,,,,,,,,,,,,,,,,,,,,,,,,,,1.0,RedBuff,BrambleVest,Bloodthirster,,,,,2.0,Shroud,ArchangelsStaff,GuardianAngel,,,,,2.0,,,,,,,,,,,,2.0,,,,,,,,,,,,,,,,,,,,,,,,,,,,,,,,2.0,InfinityEdge,JeweledGauntlet,MadredsBloodrazor,,,,,,,,,,,None,None,,,,,2.0,,,,,,,,,,,,,,,,2.0,GuinsoosRageblade,Quicksilver,MadredsBloodrazor,2.0,ThiefsGloves,,,,,,,,,,
1,EUW1_5970832365,TFT7_Augment_GuildEmblem,TFT6_Augment_Distancing,TFT7_Augment_CavalierEmblem2,,0.0,1.0,,,3.0,,,0.0,,4.0,0.0,,2.0,,2.0,0.0,,0.0,,0.0,1.0,1.0,,,1.0,,,,,,,,,,,,,,,,,,,,,,,2.0,ThiefsGloves,,,,,,,,,,,,,,,,,,,,,,,,,,,,,,,,,,,,,,,,,,,1.0,Morellonomicon,,,1.0,,,,,,,,,,,,,,,,,,,,,,,,,,,,2.0,IonicSpark,GuildEmblemItem,RedBuff,2.0,CavalierEmblemItem,,,2.0,,,,,,,,,,,,,,,,,,,,,,,,,,,,,,,,3.0,ArchangelsStaff,MadredsBloodrazor,SpearOfShojin,2.0,,,,,,,,,,,,,,,,,,,,,,,,,,,,1.0,,,,,,,,,,,,,,,,,,,,,,,,,,,,3.0,TrainerSnax,None,None,,,,,,,,,,,,,,,,,,,,,,,,,,,,,,,,,2.0,RabadonsDeathcap,GuardianAngel,JeweledGauntlet
6,EUW1_5970832365,TFT6_Augment_PortableForge,TFT7_Augment_BestFriends1,TFT6_Augment_HighEndShopping,1.0,,1.0,1.0,1.0,,,,1.0,,1.0,,0.0,,,1.0,,2.0,,,,,,,1.0,1.0,,0.0,,,,,,,,,,,,,,,,,,,,,2.0,,,,,,,,2.0,GuinsoosRageblade,Bloodthirster,Deathblade,,,,,,,,,,,,,,,,,,,,,,,,,,,,,,,,,,,,,,,,,,,,,,,,,,,,,,,,,,,,,,,,,,,,,2.0,,,,,,,,,,,,,,,,,,,,,,,,2.0,GiantsBelt,,,2.0,FrozenHeart,OrnnTheCollector,,1.0,,,,,,,,,,,,,,,,,,,,,,,,,,,,,,,,2.0,StatikkShiv,SpearOfShojin,,,,,,,,,,,,,,2.0,RedBuff,GargoyleStoneplate,DragonsClaw,,,,,,,,,,,,,4.0,TrainerSnax,None,None,1.0,,,,,,,,,,,,,,,,,,,,,,,,,,,,,,,,,,,
5,EUW1_5970832365,TFT6_Augment_CyberneticUplink2,TFT6_Augment_PandorasItems,TFT6_Augment_HighEndShopping,,1.0,,1.0,,,,,,,1.0,0.0,,3.0,,0.0,,,,,0.0,1.0,1.0,,,0.0,,0.0,,,,,,,,,,,,,,,,,,,,,,,,,,,,,,,,,,,,,,,,,,,,,,,,,,,,,,,,,,,,,,,,,,,,,2.0,,,,3.0,DragonsClaw,WarmogsArmor,GargoyleStoneplate,,,,,,,,,,,,,,,,,,,,,,,,,,,,,3.0,PowerGauntlet,,,,,,,,,,,,,,,,,,,,,,,,,,,,,,,3.0,MadredsBloodrazor,SpearOfShojin,HextechGunblade,,,,,,,,,,,,,,,,,,,,,,,,,,,,,2.0,MageEmblemItem,,,,,,,2.0,DragonsClaw,,,,,,,,,,,,,,,,,,,,,None,None,,,,,,,,,,,,,2.0,,,,,,,,,,,,,,,,,,,,2.0,BFSword,,
3,EUW1_5971098121,TFT7_Augment_MageTrait,TFT7_Augment_UrfsGrabBag1,TFT7_Augment_TempestEmblem,,1.0,,1.0,,0.0,1.0,,,,1.0,,,3.0,,0.0,,,0.0,,,,,,2.0,,,0.0,,,,,,,,,2.0,SeraphsEmbrace,MageEmblemItem,JeweledGauntlet,,,,,,,,,,,,,,,,,,,,,,,,,,,,,,,,,,,,,,,,,,,,,,,,,,,,,,,,,,,,,2.0,,,,,,,,,,,,,,,,,,,,,,,,2.0,RunaansHurricane,Zephyr,,,,,,3.0,JeweledGauntlet,GuardianAngel,RabadonsDeathcap,,,,,,,,,,,,,,,,,,,,,,,,,,,,,3.0,MadredsBloodrazor,HextechGunblade,SpearOfShojin,,,,,,,,,,,,,,,,,,,,,,,,,,,,,,,,,,,,,2.0,TempestEmblemItem,NegatronCloak,TitansResolve,,,,,,,,,,,,,,,,,,,None,None,,,,,,,,,,,,,2.0,,,,,,,,,,,,,,,,,,,,,,,
4,EUW1_5971098121,TFT6_Augment_Traitless1,TFT6_Augment_SecondWind2,TFT6_Augment_TargetDummies,,,,0.0,0.0,0.0,,0.0,0.0,0.0,,,0.0,,0.0,,0.0,0.0,0.0,0.0,,,,0.0,0.0,0.0,0.0,0.0,,,,,,,,,,,,,,,,,,,,,,,,,2.0,RedBuff,IonicSpark,,,,,,,,,,,,,,,,,,,,,,,,,,3.0,ArchangelsStaff,JeweledGauntlet,InfinityEdge,,,,,,,,,1.0,,,,,,,,,,,,,,,,,,,,,,,,,,,,,,,,,,,,,,,,,,,,,,,,,,,,,,,,,,,,2.0,PowerGauntlet,Shroud,,,,,,,,,,,,,,,,,,,,,,,,,,,,,,,,,,,,,,2.0,Morellonomicon,,,,,,,,,,,,,,,,,,,,,,,,,,,,,,,,,None,None,2.0,,,,,,,,,,,,,,,,,,,,2.0,Zephyr,GuardianAngel,MadredsBloodrazor,1.0,SparringGloves,,,,,,,,,,
8,EUW1_5971098121,TFT6_Augment_CyberneticShell1,TFT6_Augment_TradeSectorPlus,TFT7_Augment_PandorasBench,,,,0.0,,0.0,1.0,0.0,,,,0.0,0.0,,,,2.0,,,2.0,,,,0.0,0.0,,,,,,,,,,,,,,,,,,,,,,,,,,,,,,,,,,,,,,,,,,,,,,,,,,,,,,,,,,,,,,,,1.0,,,,2.0,,,,,,,,,,,,,,,,,,,,,,,,,,,,,,,,,,,,,,,,,,,,2.0,,,,,,,,,,,,,,,,2.0,GargoyleStoneplate,,,,,,,,,,,,,,,,,,,,,,,,,,,,,,,1.0,RabadonsDeathcap,FrozenHeart,,,,,,,,,,,,,,2.0,ZekesHerald,,,,,,,,,,,,,,,,,,,,,,,,,None,None,,,,,,,,,,,,,,,,,,,,,2.0,MadredsBloodrazor,Deathblade,GuinsoosRageblade,,,,,,,,,,,,
7,EUW1_5971098121,TFT7_Augment_AstralTrait,TFT7_Augment_MageConference,TFT7_Augment_MageEmblem,,2.0,,0.0,,0.0,,,,,1.0,,,2.0,,0.0,,,0.0,0.0,,,,0.0,,,,,,,,,,,,,,,,,,,,,,,,,,,,,,,,,,,,,,,,,,,,,,,,,,,,,,,,,,,,,,,,,,,,,,,,,,,,,2.0,MageEmblemItem,,,,,,,,,,,,,,,,,,,,,,,2.0,,,,,,,,2.0,,,,,,,,3.0,,,,,,,,,,,,,,,,,,,,,,,,2.0,SpearOfShojin,HextechGunblade,ArchangelsStaff,,,,,,,,,,,,,,,,,,,,,,,,,,,,,,,,,,,,,,,,,,,,,,,,,,,,,,,,,,,None,None,,,,,,,,,2.0,,,,2.0,WarmogsArmor,Redemption,,,,,,,,,,,,,,,,,,,,,
2,EUW1_5971098121,TFT6_Augment_PandorasItems,TFT6_Augment_JeweledLotus,TFT7_Augment_GadgetExpert,,1.0,,1.0,,,,,1.0,,1.0,,,3.0,,1.0,,0.0,,,0.0,1.0,,,,1.0,,0.0,,,,,,,,,,,,,,,,,,,,,,,,,,,,,,,,,,,,,,,,,,,,,,,,,,,,,,,,,,,,,,,,,,,,,2.0,,,,3.0,IonicSpark,MageEmblemItem,RedBuff,,,,,,,,,,,,,,,,,,,,,,,,,2.0,Shroud,,,3.0,StatikkShiv,StatikkShiv,StatikkShiv,,,,,,,,,,,,,,,,,,,,,,,,,,,,,2.0,ArchangelsStaff,SpearOfShojin,,,,,,,,,,,,,,,,,,,,,,,,,,1.0,ArchangelsStaff,SeraphsEmbrace,MageEmblemItem,,,,,,,,,2.0,,,,,,,,,,,,,,,,,,,,2.0,TrainerSnax,None,None,,,,,,,,,,,,,2.0,,,,,,,,,,,,,,,,,,,,2.0,Spatula,,
1,EUW1_5971098121,TFT6_Augment_Distancing,TFT7_Augment_MirageEmblem,TFT6_Augment_PortableForge,,,,,,3.0,1.0,0.0,,0.0,1.0,,,,4.0,,0.0,,,,,,,,,,1.0,,,,,,,,,,,,,,,,,,,,,,,,,,,,,,,,,,,,,,2.0,ArchangelsStaff,JeweledGauntlet,MadredsBloodrazor,,,,,,,,,,,,,,,,,,,,,,,,,1.0,MirageEmblemItem,Morellonomicon,,,,,,,,,,,,,,,,,,,,,,,,,,1.0,,,,,,,,,,,,,,,,,,,,,,,,3.0,DragonsClaw,Bloodthirster,OrnnAnimaVisage,,,,,,,,,,,,,,,,,,,,,2.0,,,,,,,,,,,,,,,,,,,,,,,,,,,,,,,,,,,,,,,,,,,,,,,,,,,,,,,,,,None,None,,,,,,,,,,,,,,,,,,,,,,,,,1.0,RedBuff,CavalierEmblemItem,,3.0,GuinsoosRageblade,Quicksilver,UnstableConcoction,,,,
6,EUW1_5971098121,TFT7_Augment_GuildTrait,TFT7_Augment_SwiftshotPressTheAttack,TFT7_Augment_SwiftshotEmblem,0.0,,,1.0,,1.0,,0.0,,,4.0,0.0,0.0,,,,1.0,,,,,,,2.0,0.0,,0.0,,,,,,,,,,,,,,1.0,,,,,,,,,,,,,,,,,,,,,,,,,,,,,,,,,,,,,,,,,,,,,,,,,,,,2.0,ThiefsGloves,Redemption,LastWhisper,,,,,,,,,,,,,,,,,,,,,,,,,,,,,,,,,,,,,,,,,,,,,,,,,,,,,,,,,1.0,WarmogsArmor,,,,,,,,,,,,,,,2.0,RedBuff,BrambleVest,TitanicHydra,,,,,,,,,2.0,,,,,,,,,,,,,,,,,,,,,,,,,,,,,,,,2.0,SwiftshotEmblemItem,NeedlesslyLargeRod,RapidFireCannon,,,,,,,,,,,None,None,,,,,1.0,,,,,,,,,,,,,,,,2.0,Quicksilver,GuinsoosRageblade,GuardianAngel,,,,,,,,,,,,
5,EUW1_5971098121,TFT7_Augment_RagewingTrait,TFT7_Augment_ClutteredMind,TFT7_Augment_RagewingTantrum,0.0,,,,,0.0,1.0,0.0,,,,0.0,,,,,3.0,,,2.0,0.0,,,0.0,,,,0.0,,,,,,,,,,,,,,,,,,,,,,,,,,,,,,,,,,,,,,,,,,,,,,,,,,,,,2.0,,,,,,,,,,,,2.0,GiantsBelt,,,,,,,,,,,,,,,,,,,2.0,,,,,,,,,,,,,,,,,,,,,,,,2.0,RedBuff,BrambleVest,IonicSpark,,,,,,,,,,,,,,,,,,,,,,,,,,,,,,,,,,,,,1.0,ZekesHerald,Chalice,Chalice,,,,,1.0,Bloodthirster,TitansResolve,TitansResolve,,,,,,,,,,,,,2.0,RapidFireCannon,,,,,,,,,,,,,,,,,,,,,,,,,None,None,,,,,,,,,,,,,,,,,,,,,2.0,,,,,,,,,,,,,,,
3,EUW1_5971158731,TFT7_Augment_UrfsGrabBag2,TFT7_Augment_Preparation,TFT6_Augment_CyberneticUplink3,,0.0,,2.0,,,1.0,,,,1.0,,0.0,0.0,,,0.0,,,,,,,2.0,1.0,,,2.0,,,,,,,,,,,,,,,,,,,,,,,,,,,,,,,,,,,,,,,,,,,,,,,,,2.0,Bloodthirster,Quicksilver,TitansResolve,,,,,2.0,ThiefsGloves,GiantsBelt,Redemption,,,,,,,,,,,,,3.0,Redemption,RedBuff,GargoyleStoneplate,,,,,,,,,,,,,,,,,,,,,,,,,,,,,,,,,,,,,,,,,,,,,,,,,2.0,LocketOfTheIronSolari,,,,,,,,,,,,,,,,,,,,,,,,,,,,,,,,,,,,,,,,,,,,,,,,,,,2.0,ForceOfNature,,,,,,,,,,,,,,,,,,,,,None,None,,,,,2.0,TitansResolve,SpearOfShojin,,3.0,GuinsoosRageblade,RunaansHurricane,Deathblade,,,,,,,,,2.0,GuardianAngel,,,,,,,,,,,,,,
4,EUW1_5971158731,TFT6_Augment_RadiantRelics,TFT6_Augment_Electrocharge1,TFT7_Augment_UrfsGrabBag2,,,1.0,,,,1.0,,1.0,,1.0,2.0,0.0,,,2.0,,0.0,,1.0,,,,,,0.0,,,,,,,3.0,ArchangelsStaff,ArchangelsStaff,ArchangelsStaff,,,,,,,,,,,,,2.0,Chalice,,,,,,,,,,,,,,,,,,,,,,,2.0,Bloodthirster,UnstableConcoction,Quicksilver,,,,,,,,,,,,,2.0,TitanicHydra,RedBuff,DragonsClaw,,,,,,,,,,,,,,,,,,,,,,,,,,,,,,,,,,,,,2.0,,,,,,,,2.0,WarmogsArmorRadiant,Redemption,RedBuff,,,,,,,,,,,,,,,,,,,,,,,,,,,,,,,,,,,,,,,,,,,,,,,,,,,,,1.0,,,,,,,,,,,,,,,,,,,,,,,,,,,,,,,,,,None,None,,,,,,,,,,,,,,,,,,,,,,,,,,,,,,,,,,,,
2,EUW1_5971158731,TFT6_Augment_Meditation3,TFT6_Augment_PandorasItems,TFT6_Augment_FuturePeepers2,,0.0,1.0,1.0,,,,,1.0,,2.0,,,2.0,,1.0,,0.0,,,0.0,1.0,,,,1.0,,0.0,,,,,,,,,,,,,,,,,,,,,2.0,,,,,,,,,,,,,,,,,,,,,,,,,,,,,,,,,,,,,,,,,,,,,,,,2.0,,,,2.0,RedBuff,WarmogsArmor,TitanicHydra,,,,,,,,,,,,,,,,,,,,,,,,,2.0,,,,,,,,,,,,,,,,,,,,,,,,,,,,,,,,,,,,3.0,ArchangelsStaff,SpearOfShojin,HextechGunblade,,,,,,,,,,,,,,,,,,,,,,,,,2.0,MageEmblemItem,ZephyrRadiant,RabadonsDeathcap,,,,,,,,,2.0,Zephyr,TitanicHydra,TitanicHydra,,,,,,,,,,,,,,,,,3.0,TrainerSnax,None,None,,,,,,,,,,,,,,,,,,,,,,,,,,,,,,,,,2.0,,,
1,EUW1_5971158731,TFT7_Augment_TomeOfTraits2,TFT6_Augment_ThrillOfTheHunt1,TFT6_Augment_RadiantRelics,2.0,,,2.0,,0.0,,,,,1.0,,0.0,0.0,,,0.0,,2.0,,0.0,,,,1.0,,1.0,0.0,,,,,,,,,,,,,,,,,,,,,,,,,,,,,,,,,3.0,InfinityEdge,TitansResolve,HextechGunblade,,,,,,,,,,,,,,,,,,,,,,,,,,,,,,,,,,,,,,,,,,,,,,,,,2.0,BruiserEmblemItem,Shroud,,,,,,,,,,2.0,Zephyr,,,,,,,,,,,,,,,,,,,,,,,3.0,Quicksilver,InfinityEdge,RapidFirecannonRadiant,2.0,DragonsClaw,SeraphsEmbrace,,2.0,FrozenHeart,SeraphsEmbrace,ArchangelsStaff,2.0,FrozenHeart,,,,,,,,,,,,,,,,,,,2.0,ScalescornEmblemItem,DragonsClaw,,,,,,,,,,,,,,,,,,,,,,,,,,,,,,2.0,,,,,,,,,,,,,,None,None,,,,,,,,,,,,,,,,,,,,,,,,,,,,,,,,,,,,
5,EUW1_5971158731,TFT7_Augment_LivingForge,TFT7_Augment_GuildTrait,TFT6_Augment_HighEndShopping,1.0,,,1.0,,1.0,,,,,4.0,,0.0,,,,1.0,,,,,,,1.0,1.0,,0.0,,,,,,,,,,,,,,,,,,,,,,,,,,,,,,,,,,,,,,,,,,,,,,,,,,,,,,,,,,,,,,,,,,2.0,,,,,,,,,,,,,,,,,,,,,,,,,,,,,,,,,,,,,,,,,,,,,,,,,,,,,,,,,,,,2.0,WarmogsArmor,Morellonomicon,OrnnZhonyasParadox,,,,,1.0,,,,,,,,2.0,,,,,,,,,,,,2.0,,,,,,,,,,,,,,,,,,,,,,,,,,,,,,,,2.0,InfinityEdge,MadredsBloodrazor,OrnnDeathsDefiance,,,,,,,,,,,None,None,,,,,2.0,StatikkShiv,GuinsoosRageblade,InfinityEdge,,,,,,,,,,,,,2.0,MadredsBloodrazor,GuinsoosRageblade,Quicksilver,,,,,,,,,,,,
6,EUW1_5971158731,TFT6_Augment_ForceOfNature,TFT6_Augment_SecondWind1,TFT7_Augment_MageEmblem2,,0.0,1.0,1.0,,,1.0,,0.0,,2.0,,0.0,2.0,,2.0,,,,,0.0,1.0,,,2.0,0.0,,0.0,,,,,,,,,1.0,OrnnMuramana,MadredsBloodrazor,MageEmblemItem,,,,,,,,,1.0,,,,,,,,,,,,,,,,,,,,,,,,,,,,,,,,,,,,,,,,,,,,,,,,,,,,,,,,,,,,,,,,,,,,,,,,,,,,,,,,2.0,,,,1.0,ArchangelsStaff,,,,,,,,,,,,,,,,,,,2.0,RedBuff,GargoyleStoneplate,GargoyleStoneplate,,,,,,,,,2.0,JeweledGauntlet,,,,,,,,,,,,,,,,,,,,,,,,,,,,,,,,,,,,,,,2.0,ThiefsGloves,SpearOfShojin,GuardianAngel,,,,,,,,,,,,,,,,,,,None,None,,,,,,,,,,,,,,,,,,,,,,,,,,,,,,,,,1.0,GuinsoosRageblade,SpearOfShojin,SpearOfShojin
8,EUW1_5971158731,TFT7_Augment_LivingForge,TFT6_Augment_CelestialBlessing1,TFT6_Augment_ItemGrabBag2,,,1.0,1.0,,,1.0,,1.0,,1.0,,,0.0,,1.0,0.0,0.0,,,,,,,1.0,1.0,0.0,0.0,,,,,,,,,1.0,SpearOfShojin,HextechGunblade,,,,,,,,,,1.0,RecurveBow,OrnnObsidianCleaver,,,,,,,,,,,,,,,,,,,,,,,,,,,,,,,,,,,,,,,,,,,,,,1.0,,,,,,,,,,,,,,,,,,,,,,,,,,,,,,,,2.0,,,,,,,,,,,,,,,,,,,,,,,,,,,,,,,,,,,,,,,,,,,,,,,,,,,,1.0,IonicSpark,TitanicHydra,TitanicHydra,,,,,,,,,1.0,StatikkShiv,,,,,,,,,,,2.0,GargoyleStoneplate,RedBuff,OrnnDeathsDefiance,,,,,,,,,,,,,,,,,3.0,TrainerSnax,None,None,,,,,,,,,,,,,,,,,,,,,,,,,,,,,,,,,,,,
7,EUW1_5971158731,TFT7_Augment_ShimmerscaleTrait2,TFT6_Augment_Weakspot,TFT6_Augment_Diversify3,0.0,,,,,,1.0,1.0,,0.0,,,0.0,,0.0,,1.0,,,0.0,3.0,,,0.0,,,1.0,,1.0,,,,,,,,,,,,,,,,,,,,,,,,,,,,,,,,,,,,,,,,2.0,WarmogsArmor,ShimmerscaleMogulsMail,,,,,,,,,,,,,,,,,,,,,,,,,,,,,,,,,,,,,,,,,,2.0,ShimmerscaleGoldmancersStaff,,,,,,,,,,,,,,,,,,,,,,,,,,,,,,,,,,,,,,,,,,,,,,,,,,,,,,,,,,,,,,,,,,,,,,,,,,,,,,,,,,,,,,,1.0,ShimmerscaleHeartOfGold,GuinsoosRageblade,ShimmerscaleGamblersBlade,,,,,,,,,,,,,,,,,,,,,,,None,None,,,,,,,,,,,,,,,,,2.0,,,,1.0,Quicksilver,Deathblade,GuinsoosRageblade,1.0,TitansResolve,TitansResolve,,,,,,,,,
4,EUW1_5972922613,TFT7_Augment_CannoneerTrait,TFT6_Augment_Diversify1,TFT6_Augment_SalvageBin,,,1.0,,3.0,,1.0,,1.0,0.0,1.0,,,,,1.0,,2.0,,,1.0,,,,,1.0,,,,,,,,,,,,,,,,,,,,,,,1.0,,,,,,,,2.0,PowerGauntlet,GuinsoosRageblade,MadredsBloodrazor,,,,,,,,,2.0,BrambleVest,WarmogsArmor,GargoyleStoneplate,,,,,,,,,,,,,,,,,,,,,,,,,,,,,,,,,2.0,PowerGauntlet,,,,,,,,,,,,,,,,,,,,,,,2.0,IonicSpark,,,,,,,,,,,,,,,,,,,,,,,,,,,,,,,,,,,,,,,,,,,,,,,,,,,,,,,,,,,,,,,2.0,Morellonomicon,,,,,,,,,,,,,,,,,,,,,,,,,,,,,,,4.0,TrainerSnax,None,None,2.0,GuinsoosRageblade,UnstableConcoction,ShimmerscaleDravensAxe,,,,,,,,,,,,,,,,,,,,,,,,,,,,,,,,
8,EUW1_5972922613,TFT7_Augment_ScalescornTrait,TFT6_Augment_Recombobulator,TFT6_Augment_MakeshiftArmor2,1.0,,,,,,1.0,,1.0,,1.0,2.0,0.0,,,1.0,,,0.0,1.0,,,,,0.0,0.0,,,,,,,2.0,Morellonomicon,,,,,,,,,,,,,,,,,,,,,,,,,,,,,,,,,,,,,,,2.0,Bloodthirster,UnstableConcoction,GuardianAngel,,,,,,,,,,,,,2.0,,,,,,,,,,,,,,,,,,,,,,,,,,,,,,,,,,,,,,,,2.0,,,,,,,,2.0,,,,,,,,,,,,,,,,,,,,,,,,1.0,,,,,,,,,,,,,,,,,,,,,,,,,,,,,,,,,,,,,,,,,,,,,,,,,,,,2.0,MadredsBloodrazor,Deathblade,,,,,,,,,,,,None,None,,,,,,,,,,,,,,,,,,,,,,,,,,,,,,,,,,,,
3,EUW1_5972922613,TFT7_Augment_BandOfThieves1,TFT6_Augment_ThrillOfTheHunt1,TFT6_Augment_Diversify2,,,,1.0,,,1.0,,,0.0,,0.0,,0.0,,,,,,1.0,,,,,,,,3.0,,,,,,,,,,,,,,,,,,,,,,,,,,,,,,,,,,,,,,,,,,,,,,,,,2.0,Quicksilver,GuinsoosRageblade,MadredsBloodrazor,2.0,Bloodthirster,,,,,,,,,,,,,,,,,,,,,,,,,,,,,,,,,,,,,,,,,,,,,,,,,,,,,,,2.0,,,,,,,,,,,,,,,,,,,,,,,,,,,,,,,,,,,,,,,,,,,,,,,,,,,,,,,,,,,,,,,,,,,,2.0,ThiefsGloves,SpearOfShojin,GuardianAngel,,,,,,,,,,,,,1.0,Shroud,,,,,None,None,,,,,,,,,,,,,,,,,,,,,,,,,,,,,,,,,,,,
6,EUW1_5972922613,TFT6_Augment_LudensEcho1,TFT6_Augment_PandorasItems,TFT7_Augment_BestFriends2,,1.0,,1.0,,,1.0,,1.0,,1.0,,,2.0,,1.0,,,,,0.0,1.0,,,,1.0,,0.0,,,,,,,,,,,,,,,,,1.0,StatikkShiv,,,,,,,,,,,,,,,,,,,,,,,,,,,,,,,,,,,,,,,,,,,,,,,,,,,2.0,,,,2.0,GargoyleStoneplate,,,,,,,,,,,,,,,,,,,,,,,,,,,2.0,,,,2.0,Zephyr,,,,,,,,,,,,,,,,,,,,,,,,,,,,,,,2.0,ArchangelsStaff,SpearOfShojin,TearOfTheGoddess,,,,,,,,,,,,,,,,,,,,,,,,,,,,,,,,,,,,,2.0,GargoyleStoneplate,TitansResolve,TitansResolve,,,,,,,,,,,,,,,,,2.0,TrainerSnax,None,None,,,,,,,,,,,,,,,,,,,,,,,,,,,,,,,,,1.0,,,
2,EUW1_5972922613,TFT6_Augment_ItemGrabBag1,TFT6_Augment_TinyTitans,TFT6_Augment_ComponentGrabBag,3.0,,,0.0,,,1.0,,,1.0,1.0,,0.0,,,,,,0.0,,1.0,,,,1.0,,,1.0,,,,,,,,,,,,,,,,,,,,,,,,,,,,,,,,,2.0,ThiefsGloves,InfinityEdge,MadredsBloodrazor,,,,,2.0,RedBuff,TitanicHydra,DragonsClaw,,,,,,,,,,,,,,,,,,,,,,,,,,,,,,,,,,,,,,,,,,,,,,,,,,,,,,,,,,,,,,,,,,,,,,,,,,,,,,,,,2.0,AssassinEmblemItem,FrozenHeart,,1.0,JeweledGauntlet,,,2.0,FrozenHeart,LastWhisper,,,,,,,,,,,,,,,,,,,,,,,,,,,,,,,,,,,,,,,,,,,,,,,,,,2.0,MadredsBloodrazor,ShimmerscaleDravensAxe,Bloodthirster,,,,,2.0,AssassinEmblemItem,ZekesHerald,ZekesHerald,,,None,None,,,,,,,,,,,,,,,,,,,,,,,,,,,,,,,,,,,,
1,EUW1_5972922613,TFT6_Augment_Meditation1,TFT6_Augment_TinyTitans,TFT7_Augment_PandorasBench,,,1.0,1.0,,,1.0,,1.0,,1.0,,0.0,1.0,,1.0,,0.0,,,0.0,1.0,,,2.0,1.0,,0.0,,,,,,,,,2.0,SpearOfShojin,ArchangelsStaff,GuinsoosRageblade,,,,,,,,,2.0,,,,,,,,,,,,,,,,,,,,,,,,,,,,,,,,,,,,,,,,,,,,,,,,1.0,,,,,,,,,,,,,,,,,,,,,,,,,,,,,,,,2.0,,,,,,,,,,,,,,,,,,,,,,,,2.0,Bloodthirster,TearOfTheGoddess,,,,,,,,,,,,,,,,,,,,,,,,,,,,,,,,,,,,,,2.0,HextechGunblade,PowerGauntlet,LocketOfTheIronSolari,,,,,,,,,2.0,GargoyleStoneplate,RedBuff,DragonsClaw,,,,,,,,,,,,,,,,,2.0,TrainerSnax,None,None,,,,,,,,,,,,,,,,,,,,,,,,,,,,,,,,,2.0,,,
5,EUW1_5972922613,TFT6_Augment_Weakspot,TFT7_Augment_BandOfThieves1,TFT7_Augment_UrfsGrabBag1,,,1.0,,1.0,,1.0,,1.0,,1.0,2.0,0.0,,,2.0,,0.0,,1.0,,,,,,1.0,,,,,,,2.0,JeweledGauntlet,SpearOfShojin,,,,,,,,,,,,,,1.0,,,,,,,,2.0,MadredsBloodrazor,GuinsoosRageblade,UnstableConcoction,,,,,,,,,,,,,2.0,ThiefsGloves,RecurveBow,GuinsoosRageblade,,,,,,,,,,,,,1.0,,,,,,,,,,,,,,,,,,,,,,,,,,,,,,,,,,,,,,,,2.0,Shroud,,,,,,,2.0,GargoyleStoneplate,DragonsClaw,TitansResolve,,,,,,,,,,,,,,,,,,,,,,,,,,,,,,,,,,,,,,,,,,,,,,,,,,,,,,,,,,,,,,,,,,,,,,,,,,,,,,,,,,,,,2.0,TrainerSnax,None,None,1.0,,,,,,,,,,,,,,,,,,,,,,,,,,,,,,,,,,,
7,EUW1_5972922613,TFT7_Augment_MysticTrait,TFT6_Augment_Electrocharge1,TFT6_Augment_CelestialBlessing2,,0.0,1.0,1.0,,,1.0,,0.0,,1.0,,0.0,1.0,,3.0,,,,,,,,,2.0,1.0,,0.0,,,,,,,,,1.0,HextechGunblade,SpearOfShojin,ArchangelsStaff,,,,,,,,,1.0,StatikkShiv,,,,,,,,,,,,,,,,,,,,,,,,,,,,,,,,,,,,,,,,,,,,,,,2.0,,,,,,,,,,,,,,,,,,,,,,,,,,,,,,,,1.0,,,,3.0,Quicksilver,,,,,,,,,,,,,,,,,,,1.0,,,,,,,,,,,,,,,,,,,,,,,,,,,,,,,,,,,,,,,,,,,,,,,,,,,,2.0,TitansResolve,RedBuff,TitansResolve,,,,,,,,,,,,,,,,,1.0,TrainerSnax,None,None,,,,,,,,,,,,,,,,,,,,,,,,,,,,,,,,,,,,
8,EUW1_5973188617,TFT6_Augment_ThrillOfTheHunt2,TFT6_Augment_BlueBattery2,TFT7_Augment_FirstAidKit2,1.0,0.0,,2.0,,,1.0,,,,1.0,,0.0,1.0,,0.0,0.0,,,,,,,,1.0,,0.0,2.0,,,,,,,,,,,,,,,,,,,,,,,,,,,,,,,,,,,,,,,,,,,,,,,,,1.0,AssassinEmblemItem,MadredsBloodrazor,Bloodthirster,,,,,,,,,,,,,,,,,,,,,,,,,,,,,,,,,,,,,,,,,,,,,,,,,,,,,3.0,SpearOfShojin,RabadonsDeathcap,,,,,,,,,,,,,,,,,,1.0,,,,,,,,2.0,,,,1.0,,,,,,,,,,,,,,,,1.0,,,,,,,,,,,,,,,,,,,,,,,,2.0,TitanicHydra,RedBuff,,,,,,,,,,,,,,,,,,,,None,None,,,,,,,,,,,,,,,,,,,,,,,,,,,,,,,,,,,,
1,EUW1_5973188617,TFT7_Augment_CannoneerHotShot,TFT6_Augment_PortableForge,TFT6_Augment_CyberneticUplink2,1.0,,,,1.0,,1.0,0.0,1.0,1.0,1.0,,,,0.0,0.0,,1.0,,,1.0,,,,,1.0,0.0,0.0,,,,,,,,,,,,,,,,,,,,,,,,,,,,,2.0,ShimmerscaleDravensAxe,RunaansHurricane,GuinsoosRageblade,,,,,,,,,2.0,OrnnAnimaVisage,RedBuff,GargoyleStoneplate,,,,,,,,,,,,,,,,,,,,,,,,,,,,,,,,,,,,,,,,,,,,,,,,,,,,,,,,,2.0,PowerGauntlet,ZekesHerald,ZekesHerald,,,,,,,,,,,,,,,,,,,,,,,,,2.0,Zephyr,,,,,,,,,,,,,,,,,,,,,,,,,,,,,,,,,,,2.0,ArchangelsStaff,,,,,,,,,,,,,,,,,,,2.0,GuardianEmblemItem,RapidFireCannon,,,,,,,,,,4.0,TrainerSnax,None,None,2.0,ThiefsGloves,,,,,,,,,,,,,,,,,,,,,,,2.0,SeraphsEmbrace,Redemption,MadredsBloodrazor,,,,,,,,
5,EUW1_5973188617,TFT6_Augment_MetabolicAccelerator,TFT6_Augment_Diversify2,TFT6_Augment_ThrillOfTheHunt2,,,1.0,1.0,,0.0,1.0,,,1.0,2.0,,0.0,,,0.0,1.0,,,,1.0,,,1.0,0.0,,0.0,0.0,,,,,,,,,,,,,,,,,,,,,1.0,,,,,,,,,,,,,,,,,,,,2.0,WarmogsArmor,GargoyleStoneplate,TitansResolve,,,,,,,,,,,,,,,,,,,,,2.0,ThiefsGloves,DragonsClaw,Deathblade,,,,,,,,,,,,,,,,,,,,,,,,,,,,,,,,,,,,,,,,,,,,,,,,,,,,,,,,,2.0,Morellonomicon,Shroud,,,,,,,,,,,,,,,,,,,,,,,,,,2.0,ForceOfNature,Zephyr,,,,,,,,,,,,,,,,,,,,,,,,,,,,,,,,,,,,,,2.0,MadredsBloodrazor,,,,,None,None,,,,,2.0,,,,,,,,,,,,,,,,2.0,JeweledGauntlet,GuinsoosRageblade,ShimmerscaleDravensAxe,,,,,,,,,,,,
7,EUW1_5973188617,TFT6_Augment_ThreesCompany,TFT7_Augment_DragonmancerEmblem,TFT6_Augment_MakeshiftArmor2,,,,,,,,2.0,,,1.0,1.0,,,,,1.0,,,1.0,,,,1.0,0.0,,,,,,,,,,,,,,,,2.0,,,,,,,,,,,,,,,,,,,,,,,,,,,,,,,,,,,,,,,,,,,,,,,,,,,,,,,,,,,,,,,,,,,,1.0,,,,,,,,2.0,,,,,,,,,,,,,,,,,,,,2.0,TitansResolve,GargoyleStoneplate,Redemption,,,,,,,,,,,,,,,,,,,,,,,,,,,,,,,,,,,,,2.0,,,,,,,,,,,,,,,,,,,,,,,,3.0,GuinsoosRageblade,Quicksilver,StatikkShiv,,,,,,,,,,,,,,,,,,,,,,,None,None,,,,,1.0,,,,,,,,,,,,,,,,1.0,DragonmancerEmblemItem,MadredsBloodrazor,HextechGunblade,,,,,,,,,,,,
2,EUW1_5973188617,TFT7_Augment_CannoneerHotShot,TFT7_Augment_PandorasBench,TFT7_Augment_BestFriends2,,,1.0,,1.0,0.0,1.0,,1.0,1.0,1.0,0.0,,,,1.0,0.0,1.0,,,1.0,,1.0,,,1.0,,,,,,,,,,,,,,,,,,,,,,,2.0,,,,,,,,2.0,Deathblade,GuinsoosRageblade,InfinityEdge,,,,,,,,,2.0,TitansResolve,RedBuff,Redemption,,,,,,,,,,,,,,,,,,,,,1.0,,,,,,,,,,,,,,,,,,,,,,,,,,,,,,,,,,,,2.0,Zephyr,,,,,,,,,,,,,,,,,,,,,,,,,,,,,,,,,,,,,,,,,,,,,,,,,,,,,,,,,,,,,,,2.0,Morellonomicon,RunaansHurricane,,2.0,GuardianEmblemItem,,,,,,,,,,,,,,,,,,,,,,,,,,,4.0,TrainerSnax,None,None,2.0,ShimmerscaleDravensAxe,GuardianAngel,LastWhisper,,,,,,,,,,,,,,,,,,,,,,,,,,,,,,,,
4,EUW1_5973188617,TFT7_Augment_ClutteredMind,TFT6_Augment_TomeOfTraits1,TFT6_Augment_SalvageBin,,,1.0,0.0,0.0,,1.0,,1.0,,1.0,,,1.0,,1.0,,1.0,,,0.0,1.0,,,,1.0,,1.0,,,,,,,,,,,,,,,,,,,,,2.0,ChainVest,,,,,,,2.0,MadredsBloodrazor,InfinityEdge,GuinsoosRageblade,,,,,,,,,,,,,,,,,2.0,Bloodthirster,RedBuff,TitansResolve,,,,,,,,,,,,,,,,,2.0,,,,,,,,,,,,,,,,,,,,,,,,,,,,,,,,2.0,ZekesHerald,PowerGauntlet,,,,,,,,,,,,,,,,,,,,,,,,,,,,,,,,,,,,,,,,,,,,,,,,,,,,,,,,,,,,,,2.0,Morellonomicon,MageEmblemItem,,,,,,,,,,,,,,,,,,,,,,,,,,,,,,4.0,TrainerSnax,None,None,,,,,,,,,,,,,,,,,,,,,,,,,,,,,,,,,1.0,SpearOfShojin,,
6,EUW1_5973188617,TFT6_Augment_CalculatedLoss,TFT6_Augment_CelestialBlessing2,TFT6_Augment_ComponentGrabBag,,,,,,2.0,1.0,0.0,,,1.0,0.0,,,3.0,,0.0,,,,,,1.0,,,,0.0,,,,,,,,,,,,,,,,,,,,,,,,,,,,,,,,,,,,,,2.0,ArchangelsStaff,RabadonsDeathcap,ArchangelsStaff,,,,,,,,,,,,,,,,,,,,,,,,,2.0,MirageEmblemItem,GiantsBelt,,,,,,,,,,,,,,,,,,,,,,,,,,,,,,,,,,,,,,,,,,,,,,,,,,2.0,RedBuff,GargoyleStoneplate,ArchangelsStaff,,,,,,,,,,,,,,,,,,,,,1.0,,,,,,,,,,,,,,,,,,,,,,,,,,,,1.0,ZekesHerald,ZekesHerald,ZekesHerald,,,,,,,,,,,,,,,,,,,,,,,,,,,None,None,,,,,,,,,,,,,,,,,,,,,,,,,1.0,,,,,,,,,,,
3,EUW1_5973188617,TFT6_Augment_Twins2,TFT6_Augment_CelestialBlessing2,TFT7_Augment_BestFriends2,,1.0,,1.0,,,,,,,1.0,,,1.0,,0.0,,,,,0.0,1.0,,1.0,,,,0.0,,,,,,,,,,,,,,,,,,,,,,,,,,,,,,,,,,,,,,,,,,,,,,,,,,,,,,,,,,,,,,,,,,,,,,,,,3.0,RedBuff,FrozenHeart,WarmogsArmor,,,,,,,,,,,,,,,,,,,,,,,,,,,,,2.0,,,,,,,,,,,,,,,,,,,,,,,,,,,,,,,,,,,,,,,,,,,,,,,,,,,,,,,,,,,,,,,,,,,,,,,,2.0,,,,,,,,,,,,,,,,,,,,,,None,None,,,,,2.0,,,,3.0,RunaansHurricane,UnstableConcoction,GuinsoosRageblade,,,,,,,,,,,,,,,,,,,,,2.0,SpearOfShojin,UnstableConcoction,
1,EUW1_5972767345,TFT7_Augment_ClutteredMind,TFT6_Augment_SalvageBin,TFT6_Augment_Meditation2,,1.0,,1.0,,,,,0.0,,1.0,,0.0,3.0,,1.0,,,,,0.0,1.0,,,0.0,1.0,,0.0,,,,,,,,,,,,,,,,,,,,,,,,,,,,,,,,,,,,,,,,,,,,,,,,,,,,,,,,,,,,,,,,,,,,,2.0,,,,3.0,MageEmblemItem,Morellonomicon,Quicksilver,,,,,,,,,,,,,,,,,,,,,,,,,2.0,PowerGauntlet,SpearOfShojin,,3.0,,,,,,,,,,,,,,,,,,,,1.0,,,,,,,,,,,,2.0,HextechGunblade,SpearOfShojin,MadredsBloodrazor,,,,,,,,,,,,,,,,,,,,,,,,,,,,,,,,,,,,,2.0,TitansResolve,WarmogsArmor,IonicSpark,,,,,,,,,,,,,,,,,4.0,TrainerSnax,None,None,,,,,,,,,,,,,2.0,ThiefsGloves,TearOfTheGoddess,Morellonomicon,,,,,,,,,,,,,,,,,1.0,,,
8,EUW1_5972767345,TFT6_Augment_MakeshiftArmor2,TFT7_Augment_LastStand,TFT6_Augment_TargetDummies,,0.0,,,,,1.0,,,,,2.0,,,,0.0,,,,2.0,,,1.0,,,,,0.0,,,,,,,,,,,,,,,,,,,,,,,,,,,,,,,,,,,,,,,,,,,,,1.0,Quicksilver,Bloodthirster,LastWhisper,,,,,2.0,,,,,,,,2.0,,,,,,,,,,,,,,,,,,,,,,,,,,,,,,,,,,,,,,,,,,,,,,,,1.0,Redemption,,,3.0,Quicksilver,GuinsoosRageblade,Deathblade,,,,,,,,,,,,,,,,,,,,,,,,,,,,,,,,,,,,,,,,,,,,,,,,,,,,,1.0,,,,,,,,,,,,,,,,,,,,,,,,,,,,,,None,None,,,,,,,,,,,,,,,,,,,,,,,,,,,,,,,,,,,,
3,EUW1_5972767345,TFT7_Augment_CannoneerEmblem,TFT6_Augment_PortableForge,TFT6_Augment_ComponentGrabBag,,,,,3.0,,1.0,,1.0,1.0,,,,,,0.0,,2.0,,,1.0,,,,,1.0,,0.0,,,,,,,,,,,,,,,,,,,,,,,,,,,,,2.0,OrnnDeathsDefiance,Deathblade,GuinsoosRageblade,,,,,,,,,2.0,GargoyleStoneplate,RedBuff,WarmogsArmor,,,,,,,,,,,,,,,,,,,,,,,,,,,,,,,,,2.0,RabadonsDeathcap,LastWhisper,MadredsBloodrazor,,,,,,,,,,,,,,,,,,,,,2.0,ZekesHerald,Shroud,,,,,,,,,,,,,,,,,,,,,,,,,,,,,,,,,,,,,,,,,,,,,,,,,,,,,,,,,,,,,,2.0,RabadonsDeathcap,,,,,,,,,,,,,,,,,,,,,,,,,,,2.0,ShimmerscaleMogulsMail,CannoneerEmblemItem,RedBuff,3.0,TrainerSnax,None,None,2.0,,,,,,,,,,,,,,,,,,,,,,,,,,,,,,,,,,,
2,EUW1_5972767345,TFT6_Augment_ClearMind,TFT6_Augment_Twins2,TFT6_Augment_Ascension,1.0,,,1.0,,,1.0,,,,1.0,0.0,,0.0,,,,,,1.0,,,,,,,,3.0,,,,,,,,,,,,,,,,,,,,,,,,,,,,,,,,,,,,,,,,,,,,,,,,,2.0,ThiefsGloves,LocketOfTheIronSolari,GuinsoosRageblade,2.0,GuinsoosRageblade,Quicksilver,Bloodthirster,,,,,,,,,,,,,,,,,,,,,,,,,,,,,,,,,,,,,,,,,,,,,,,,,,,,,2.0,RedBuff,WarmogsArmor,,,,,,,,,,,,,,,,,,1.0,ArchangelsStaff,HextechGunblade,SeraphsEmbrace,,,,,,,,,,,,,,,,,,,,,,,,,,,,,,,,,,,,,,,,,,,,,2.0,,,,,,,,1.0,MadredsBloodrazor,,,,,,,,,,,,,None,None,,,,,,,,,,,,,,,,,,,,,,,,,,,,,,,,,,,,
6,EUW1_5972767345,TFT6_Augment_CyberneticImplants2,TFT6_Augment_PortableForge,TFT7_Augment_GuildGearUpgrades,1.0,,,1.0,,1.0,,,,,3.0,,0.0,,,,1.0,,,,,,,1.0,1.0,,0.0,,,,,,,,,,,,,,,,,,,,,,,,,,,,,,,,,,,,,,,,,,,,,,,,,,,,,,,,,,,,,,,,,,2.0,SeraphsEmbrace,,,,,,,,,,,,,,,,,,,,,,,,,,,,,,,,,,,,,,,,,,,,,,,,,,,,,,,,,,,1.0,NegatronCloak,,,,,,,2.0,,,,,,,,2.0,GargoyleStoneplate,,,,,,,,,,,2.0,,,,,,,,,,,,,,,,,,,,,,,,,,,,,,,,2.0,MadredsBloodrazor,InfinityEdge,UnstableConcoction,,,,,,,,,,,None,None,,,,,2.0,NeedlesslyLargeRod,,,,,,,,,,,,,,,2.0,GuinsoosRageblade,UnstableConcoction,OrnnTheCollector,,,,,,,,,,,,
4,EUW1_5972767345,TFT6_Augment_TrueTwos,TFT6_Augment_ComponentGrabBag,TFT6_Augment_SecondWind2,,,,,1.0,,1.0,0.0,1.0,1.0,,,,,1.0,0.0,,1.0,,,1.0,,,,,1.0,0.0,0.0,,,,,,,,,,,,,,,,,,,,,,,,,,,,,2.0,MadredsBloodrazor,UnstableConcoction,Quicksilver,,,,,,,,,2.0,GargoyleStoneplate,ShimmerscaleMogulsMail,RedBuff,,,,,,,,,,,,,,,,,,,,,,,,,,,,,,,,,,,,,,,,,,,,,,,,,,,,,,,,,2.0,SeraphsEmbrace,,,,,,,,,,,,,,,,,,,,,,,,,,,,,,,,,,,,,,,,,,,,,,,,,,,,,,,,,,,,,,,2.0,SpearOfShojin,ArchangelsStaff,SpearOfShojin,,,,,,,,,,,,,,,,,,,,,,,,,1.0,MirageEmblemItem,,,4.0,TrainerSnax,None,None,2.0,NegatronCloak,Morellonomicon,,,,,,,,,,,,,,,,,,,,,,2.0,RapidFireCannon,,,,,,,,,,
5,EUW1_5972767345,TFT6_Augment_Electrocharge2,TFT7_Augment_GuildEmblem,TFT7_Augment_FirstAidKit2,1.0,,,1.0,,2.0,,,,,4.0,,0.0,,,,1.0,,,,,,,1.0,1.0,,0.0,,,,,,,,,,,,,,,,,,,,,,,,,,,,,,,,,,,,,,,,,,,,,,,,,,,,,,,,,,,,,,,,,,2.0,,,,,,,,,,,,,,,,,,,,,,,,,,,,,,,,,,,,,,,,,,,,,,,,,,,,,,,,,,,,2.0,CavalierEmblemItem,,,,,,,2.0,,,,,,,,2.0,,,,,,,,,,,,2.0,,,,,,,,,,,,,,,,,,,,,,,,,,,,,,,,1.0,InfinityEdge,FrozenHeart,RedBuff,,,,,,,,,,,None,None,,,,,2.0,PowerGauntlet,NeedlesslyLargeRod,,,,,,,,,,,,,,2.0,GuinsoosRageblade,GuildEmblemItem,UnstableConcoction,,,,,,,,,,,,
7,EUW1_5972767345,TFT7_Augment_GuildGearUpgrades,TFT6_Augment_Twins2,TFT6_Augment_Diversify2,1.0,,,2.0,,1.0,,,,,2.0,,,0.0,,,0.0,0.0,1.0,,,,,,,,1.0,0.0,,,,,,,,,,,,,,,,,,,,,,,,,,,,,,,,,,,,,,,,,,,,,,,,,,,,,,,,,,,,,,,,,,,,,,,,,,,,,,,,,,,,,,,,,,,,,,,,,2.0,,,,,,,,,,,,,,,,,,,,,,,,2.0,GuinsoosRageblade,RapidFireCannon,InfinityEdge,,,,,1.0,BruiserEmblemItem,,,,,,,,,,,2.0,NegatronCloak,,,,,,,,,,,2.0,,,,,,,,,,,,,,,,,,,,,,,,,,,,1.0,,,,2.0,RunaansHurricane,Deathblade,HextechGunblade,,,,,,,,,,,None,None,,,,,,,,,,,,,,,,,,,,,,,,,,,,,,,,,,,,
7,EUW1_5971682738,TFT7_Augment_BestFriends1,TFT7_Augment_ShimmerscaleEmblem,TFT6_Augment_Diversify2,0.0,,,,,0.0,1.0,0.0,,0.0,1.0,,0.0,0.0,,,1.0,,,,3.0,1.0,,1.0,,,,,,,,,,,,,,,,,,,,,,,,,,,,,,,,,,,,,,,,,,,,,2.0,GargoyleStoneplate,ShimmerscaleMogulsMail,GargoyleStoneplate,,,,,,,,,,,,,,,,,,,,,1.0,RedBuff,,,,,,,,,,,,,,,,,,,1.0,,,,,,,,,,,,,,,,,,,,,,,,,,,,,,,,,,,,,,,,,,,,,,,,,,,,,,,,,,,,,,,,,,,,,,,,,,,,,,,,,,,,,,,,,,,,,,,,,,,,,,,,,,,,,,,,,,None,None,,,,,1.0,ShimmerscaleEmblemItem,,,,,,,,,,,1.0,ZekesHerald,,,1.0,InfinityEdge,ShimmerscaleDravensAxe,Quicksilver,,,,,,,,,2.0,UnstableConcoction,HextechGunblade,ShimmerscaleGoldmancersStaff
1,EUW1_5971682738,TFT7_Augment_AFK,TFT7_Augment_BestFriends1,TFT6_Augment_Meditation2,,,1.0,1.0,,,1.0,0.0,0.0,,1.0,,0.0,1.0,0.0,1.0,,,,,0.0,1.0,,,2.0,1.0,0.0,0.0,,,,,,,,,1.0,SpearOfShojin,ArchangelsStaff,HextechGunblade,,,,,,,,,2.0,,,,,,,,,,,,,,,,,,,,,,,,,,,,,,,,,,,,,,,,,,,,,,,,2.0,,,,,,,,,,,,,,,,,,,,,,,,,,,,,,,,2.0,StatikkShiv,,,,,,,,,,,,,,,,,,,,,,,2.0,NegatronCloak,Zephyr,,,,,,,,,,,,,,,,,,,,,,,,,,,,,,,,,,,,,,,,,,,,,,,,,,2.0,GargoyleStoneplate,RedBuff,TitanicHydra,,,,,,,,,,,,,,,,,4.0,TrainerSnax,None,None,,,,,,,,,,,,,,,,,,,,,,,,,2.0,LastWhisper,TitansResolve,FrozenHeart,,,,,2.0,,,
4,EUW1_5971682738,TFT6_Augment_ThrillOfTheHunt1,TFT6_Augment_SecondWind1,TFT7_Augment_GuildGearUpgrades,1.0,,,1.0,,1.0,,,,,3.0,,0.0,,,,1.0,,,,,,,1.0,1.0,,0.0,,,,,,,,,,,,,,,,,,,,,,,,,,,,,,,,,,,,,,,,,,,,,,,,,,,,,,,,,,,,,,,,,,2.0,ChainVest,,,,,,,,,,,,,,,,,,,,,,,,,,,,,,,,,,,,,,,,,,,,,,,,,,,,,,,,,,,2.0,WarmogsArmor,Redemption,,,,,,2.0,,,,,,,,2.0,RedBuff,,,,,,,,,,,2.0,LocketOfTheIronSolari,,,,,,,,,,,,,,,,,,,,,,,,,,,,,,,2.0,FrozenHeart,,,,,,,,,,,,,None,None,,,,,2.0,,,,,,,,,,,,,,,,2.0,MadredsBloodrazor,GuinsoosRageblade,,,,,,,,,,,,,
5,EUW1_5971682738,TFT7_Augment_ScalescornTrait,TFT6_Augment_Diversify1,TFT6_Augment_SunfireBoard,1.0,,,1.0,,2.0,,,,,3.0,,,1.0,,,0.0,,2.0,,,,,,,,0.0,0.0,,,,,,,,,,,,,,,,,,,,,,,,,,,,,,,,,2.0,ArchangelsStaff,,,,,,,,,,,,,,,,,,,,,,,,,,,,,,,2.0,,,,,,,,,,,,,,,,,,,,,,,,,,,,,,,,2.0,Bloodthirster,ArchangelsStaff,ArchangelsStaff,,,,,,,,,,,,,,,,,,,,,2.0,,,,,,,,,,,,,,,,2.0,StatikkShiv,Chalice,Chalice,2.0,,,,,,,,,,,,,,,,,,,,,,,,,,,,,,,,,,,,2.0,WarmogsArmor,,,,,,,2.0,,,,,,,,,,,,,,None,None,,,,,,,,,,,,,,,,,,,,,,,,,,,,,,,,,,,,
8,EUW1_5971682738,TFT7_Augment_CavalierTrait,TFT6_Augment_FirstAidKit,TFT6_Augment_TomeOfTraits1,,,,0.0,,3.0,,1.0,0.0,,2.0,0.0,1.0,,0.0,,0.0,,,,0.0,,,0.0,1.0,,,,,,,,2.0,GuildEmblemItem,HextechGunblade,UnstableConcoction,,,,,2.0,RecurveBow,,,,,,,,,,,,,,,,,,,,,,,,,,,,,,,,,,,,,,,,,,,,,,,,,,,2.0,WarmogsArmor,WarmogsArmor,,,,,,,,,,,,,,,,,,,,,,1.0,,,,,,,,,,,,,,,,,,,,,,,,,,,,2.0,,,,,,,,1.0,,,,,,,,,,,,,,,,2.0,,,,,,,,,,,,,,,,,,,,,,,,,,,,,,,,,,,,,,,,,,,,,,,,,,,,,,,,,,None,None,,,,,,,,,,,,,,,,,2.0,Bloodthirster,GuinsoosRageblade,Quicksilver,,,,,,,,,,,,,,,,
2,EUW1_5971682738,TFT7_Augment_EvokerTrait,TFT6_Augment_Weakspot,TFT7_Augment_EvokerEmblem,0.0,,1.0,,1.0,,1.0,0.0,2.0,0.0,1.0,,,,0.0,1.0,,1.0,,,1.0,,,,,1.0,0.0,0.0,,,,,,,,,,,,,,,,,,,,,2.0,TitanicHydra,,,,,,,2.0,GuinsoosRageblade,InfinityEdge,ShimmerscaleDravensAxe,,,,,,,,,2.0,EvokerEmblemItem,BrambleVest,DragonsClaw,,,,,,,,,,,,,,,,,,,,,,,,,,,,,,,,,,,,,,,,,,,,,,,,,,,,,,,,,2.0,ZekesHerald,ZekesHerald,PowerGauntlet,,,,,,,,,,,,,,,,,,,,,,,,,2.0,,,,,,,,,,,,,,,,,,,,,,,,,,,,,,,,,,,,2.0,ArchangelsStaff,RabadonsDeathcap,UnstableConcoction,,,,,,,,,,,,,,,,,,,,,,,,,,,,,4.0,TrainerSnax,None,None,2.0,LastWhisper,Zephyr,,,,,,,,,,,,,,,,,,,,,,2.0,RunaansHurricane,TitansResolve,,,,,,,,,
6,EUW1_5971682738,TFT7_Augment_AFK,TFT6_Augment_TinyTitans,TFT7_Augment_ShapeshifterBeastsDen,,,,,,0.0,,2.0,,,,1.0,,,0.0,,1.0,,,1.0,,,,0.0,0.0,,0.0,,,,,,,,,,,,,,2.0,,,,,,,,,,,,,,,,,,,,,,,,,,,,,,,,,,,,,,,,,,,,,,,,,,,,1.0,,,,,,,,,,,,,,,,2.0,,,,,,,,2.0,,,,,,,,,,,,,,,,,,,,2.0,BrambleVest,GargoyleStoneplate,Morellonomicon,,,,,,,,,,,,,,,,,,,,,,,,,,,,,,,,,,,,,1.0,,,,,,,,,,,,,,,,,,,,,,,,3.0,GuinsoosRageblade,Quicksilver,ArchangelsStaff,,,,,,,,,,,,,,,,,,,,,,,None,None,,,,,,,,,,,,,,,,,,,,,,,,,1.0,ArchangelsStaff,,,,,,,,,,
3,EUW1_5971682738,TFT6_Augment_MakeshiftArmor1,TFT6_Augment_TinyTitans,TFT6_Augment_PortableForge,1.0,,,1.0,1.0,,,,1.0,,1.0,,0.0,,,0.0,0.0,1.0,,,,,,,1.0,1.0,0.0,,,,,,,,,,,,,,,,,,,,,,,,,,,,,,2.0,GuinsoosRageblade,OrnnObsidianCleaver,GuardianAngel,,,,,,,,,,,,,,,,,,,,,,,,,,,,,,,,,,,,,,,,,,,,,,,,,,,,,,,,,,,,,,,,,,,,,2.0,,,,,,,,,,,,,,,,,,,,,,,,2.0,BrambleVest,WarmogsArmor,GargoyleStoneplate,,,,,2.0,,,,,,,,,,,,,,,,,,,,2.0,,,,,,,,,,,,2.0,GuinsoosRageblade,,,,,,,,,,,,,,,,,,,2.0,RunaansHurricane,DragonsClaw,InfinityEdge,,,,,,,,,4.0,TrainerSnax,None,None,2.0,ZekesHerald,,,,,,,,,,,,,,,,,,,,,,,,,,,,,,,,,,
5,EUW1_5971541847,TFT6_Augment_CyberneticImplants2,TFT6_Augment_Diversify3,TFT7_Augment_GuildGearUpgrades,1.0,,,1.0,,1.0,,,,,3.0,,0.0,,,,1.0,,,,,,,1.0,1.0,,0.0,,,,,,,,,,,,,,,,,,,,,,,,,,,,,,,,,,,,,,,,,,,,,,,,,,,,,,,,,,,,,,,,,,2.0,BrambleVest,,,,,,,,,,,,,,,,,,,,,,,,,,,,,,,,,,,,,,,,,,,,,,,,,,,,,,,,,,,1.0,RedBuff,,,,,,,2.0,,,,,,,,1.0,,,,,,,,,,,,2.0,Zephyr,,,,,,,,,,,,,,,,,,,,,,,,,,,,,,,2.0,InfinityEdge,RapidFireCannon,,,,,,,,,,,,None,None,,,,,2.0,GuinsoosRageblade,,,,,,,,,,,,,,,2.0,Quicksilver,MadredsBloodrazor,GuinsoosRageblade,,,,,,,,,,,,
4,EUW1_5971541847,TFT6_Augment_ThrillOfTheHunt2,TFT6_Augment_LudensEcho3,TFT6_Augment_Ascension,,,,1.0,,,1.0,,,1.0,,1.0,,0.0,,,,,,1.0,,,,,,,,3.0,,,,,,,,,,,,,,,,,,,,,,,,,,,,,,,,,,,,,,,,,,,,,,,,,2.0,Bloodthirster,FrozenHeart,,2.0,Bloodthirster,Quicksilver,GuinsoosRageblade,,,,,2.0,,,,,,,,,,,,,,,,,,,,,,,,,,,,,,,,,,,,,,,,,,,,,,,,2.0,WarmogsArmor,Redemption,,,,,,,,,,,,,,,,,,,,,,,,,,,,,,,,,,,,,,,,,,,,,,,,,,,,,,,,,,,,,,,,,,1.0,Chalice,,,,,,,,,,,2.0,,,,2.0,GiantsBelt,,,,,None,None,,,,,,,,,,,,,,,,,,,,,,,,,,,,,,,,,,,,
1,EUW1_5971541847,TFT7_Augment_MirageEmblem,TFT7_Augment_CavalierForAllUnits,TFT7_Augment_BestFriends2,,,1.0,,,4.0,1.0,0.0,,,2.0,,,0.0,4.0,0.0,0.0,,0.0,,,,,,,,1.0,,,,,,,,,,,,,,,,,,,,,,2.0,ZekesHerald,,,,,,,,,,,,,,,2.0,MadredsBloodrazor,ArchangelsStaff,Quicksilver,,,,,,,,,,,,,,,,,,,,,,,,,2.0,MirageEmblemItem,LocketOfTheIronSolari,RabadonsDeathcap,,,,,,,,,,,,,,,,,,,,,,,,,,,,,2.0,MirageEmblemItem,RunaansHurricane,,,,,,,,,,,,,,,,,,3.0,HextechGunblade,FrozenHeart,RedBuff,,,,,,,,,,,,,,,,,,,,,2.0,,,,,,,,,,,,,,,,,,,,,,,,,,,,,,,,,,,,,,,,,,,,,,,,,,,,,,,,,,None,None,,,,,,,,,,,,,,,,,,,,,,,,,2.0,ThiefsGloves,IonicSpark,IonicSpark,2.0,CavalierEmblemItem,,,,,,
6,EUW1_5971541847,TFT7_Augment_GuildGearUpgrades,TFT6_Augment_RadiantRelics,TFT6_Augment_ThrillOfTheHunt2,1.0,,,,,1.0,1.0,,,,3.0,,,,,,2.0,,,0.0,0.0,,,1.0,,,,,,,,,,,,,,,,,,,,,,,,,,,,,,,,,,,,,,,,,,,,,,,,,,,,,,,,,,,,,,,,,,,,,1.0,ThiefsGloves,RunaansHurricane,Shroud,,,,,,,,,,,,,,,,,2.0,,,,,,,,,,,,,,,,,,,,,,,,,,,,,,,,,,,,,,,,,,,,,,,,,,,,,,,,2.0,RedBuff,,,,,,,,,,,,,,,1.0,,,,,,,,,,,,,,,,,,,,,,,,,,,,1.0,Bloodthirster,TitansResolve,,,,,,,,,,,,None,None,,,,,1.0,TearOfTheGoddess,ShroudOfStillnessRadiant,,,,,,,,,,,,,,2.0,Deathblade,MadredsBloodrazor,,,,,,,,,,,,,
7,EUW1_5971541847,TFT7_Augment_RagewingScorch,TFT6_Augment_HighEndShopping,TFT6_Augment_Ascension,1.0,,,1.0,,1.0,,,,,3.0,,0.0,,,,1.0,,,,,,,1.0,1.0,,0.0,,,,,,,,,,,,,,,,,,,,,,,,,,,,,,,,,,,,,,,,,,,,,,,,,,,,,,,,,,,,,,,,,,2.0,WarmogsArmor,NegatronCloak,,,,,,,,,,,,,,,,,,,,,,,,,,,,,,,,,,,,,,,,,,,,,,,,,,,,,,,,,,2.0,,,,,,,,1.0,,,,,,,,2.0,,,,,,,,,,,,2.0,,,,,,,,,,,,,,,,,,,,,,,,,,,,,,,,2.0,FrozenHeart,TitansResolve,,,,,,,,,,,,None,None,,,,,2.0,,,,,,,,,,,,,,,,2.0,GuinsoosRageblade,Quicksilver,InfinityEdge,,,,,,,,,,,,
8,EUW1_5971541847,TFT7_Augment_ShimmerscaleTrait,TFT7_Augment_UrfsGrabBag2,TFT7_Augment_BestFriends2,0.0,,,,,,1.0,0.0,,1.0,1.0,,0.0,0.0,,,0.0,,,,4.0,1.0,,1.0,,,0.0,,2.0,GuardianEmblemItem,,,,,,,,,,,,,,,,,,,,,,,,,,,,,,,,,,,,,,,2.0,ShimmerscaleHeartOfGold,RedBuff,IonicSpark,,,,,,,,,,,,,,,,,,,,,,,,,,,,,,,,,,,,,,,,,1.0,ShimmerscaleDeterminedInvestor,,,,,,,,,,,,,,,,,,,,,,,,,,,,,,,,,,,,,,,,,,,,,,,,,,,,,,,,,,,,,,,,,,,,,,,,,,,,,,,,,,,,,,,,,,,,,,,,,,,,,,,,,,,,,,,,,None,None,,,,,2.0,ShimmerscaleEmblemItem,,,,,,,,,,,1.0,,,,2.0,ShimmerscaleGoldmancersStaff,GuinsoosRageblade,InfinityEdge,,,,,,,,,1.0,SparringGloves,ShimmerscaleGamblersBlade,ShimmerscaleCrownOfChampions
3,EUW1_5971541847,TFT7_Augment_GuardianHeroicPresence,TFT6_Augment_Electrocharge3,TFT7_Augment_BestFriends2,0.0,,,0.0,,,1.0,0.0,,2.0,,,,0.0,1.0,,,,0.0,,1.0,,,,,,1.0,1.0,,,,,,,,,,,,,,,,,,,,,,,,,3.0,IonicSpark,FrozenHeart,RedBuff,,,,,,,,,,,,,2.0,GargoyleStoneplate,,,,,,,,,,,,,,,,,,,,,,,,,,,,,,,,,,,,,,,,,,,,,,,,,,,3.0,Shroud,,,,,,,,,,,,,,,,,,,,,,,,,,,,,,,,,,,,,,,,,,,,,,,,,,,,,,,,,,,,,,,,,,,,,,,,,,,,,,,,,,,1.0,,,,,,,,,,,,,,,,3.0,SpearOfShojin,ShimmerscaleHeartOfGold,,,,None,None,,,,,,,,,,,,,,,,,,,,,,,,,1.0,AssassinEmblemItem,,,3.0,GuardianAngel,ArchangelsStaff,UnstableConcoction,,,,
2,EUW1_5971541847,TFT6_Augment_ClearMind,TFT6_Augment_RadiantRelics,TFT6_Augment_CelestialBlessing2,1.0,,,1.0,,,,,,,,,0.0,,,,0.0,,,0.0,,,,,1.0,,0.0,1.0,,,,,,,,,,,,,,,,,,,,,,,,,,,,,,,,,,,,,,,,,,,,,,,,,,,,,1.0,,,,,,,,,,,,,,,,,,,,,,,,,,,,,,,,,,,,,,,,,,,,,,,,,,,,,,,,,,,,,,,,,,,,,,,,1.0,,,,2.0,GuinsoosRageblade,,,2.0,,,,,,,,,,,,,,,,,,,,2.0,PowerGauntlet,,,,,,,,,,,,,,,,,,,,,,,,,,,,,,,,,,,,,,,,,,,,,None,None,,,,,,,,,,,,,,,,,,,,,,,,,,,,,,,,,,,,
2,EUW1_5970921268,TFT6_Augment_CyberneticImplants3,TFT6_Augment_Electrocharge3,TFT6_Augment_Distancing3,1.0,1.0,,1.0,,,,,,,1.0,,,1.0,,0.0,,,,,0.0,1.0,,1.0,1.0,,,0.0,,,,,,,,,,,,,,,,,,,,,,,,,,,,,,,,,,,,,,,,,,,,,,,,,,,,,,,,,2.0,SparringGloves,,,,,,,,,,,,,,,3.0,Quicksilver,Redemption,,,,,,,,,,,,,,,,,,,,,,,,,,,,,,3.0,NeedlesslyLargeRod,Shroud,,,,,,,,,,,,,,,,,,,,,,,,,,1.0,NegatronCloak,,,,,,,,,,,,,,,,,,,,,,,,,,,,,,,,,,,,,,,,,,,2.0,GiantsBelt,,,,,,,2.0,InfinityEdge,RedBuff,FrozenHeart,,,,,,,,,,,None,None,,,,,,,,,3.0,GuinsoosRageblade,GuinsoosRageblade,MadredsBloodrazor,,,,,,,,,,,,,,,,,,,,,1.0,,,
5,EUW1_5970921268,TFT7_Augment_LivingForge,TFT6_Augment_ForceOfNature,TFT6_Augment_FuturePeepers2,,0.0,,1.0,,,1.0,,,1.0,,1.0,,0.0,,,,,,2.0,,,,,,,,3.0,,,,,,,,,,,,,,,,,,,,,,,,,,,,,,,,,,,,,,,,,,,,,,,,,1.0,GuinsoosRageblade,InfinityEdge,,2.0,NeedlesslyLargeRod,,,,,,,2.0,,,,,,,,,,,,,,,,,,,,,,,,,,,,,,,,,,,,,,,,,,,,,,,,1.0,DragonsClaw,OrnnEternalWinter,WarmogsArmor,3.0,OrnnZhonyasParadox,GuinsoosRageblade,Deathblade,,,,,,,,,,,,,,,,,,,,,,,,,,,,,,,,,,,,,,,,,,,,,,,,,,,,,,,,,,,,,2.0,,,,,,,,,,,,2.0,ZephyrRadiant,,,2.0,Zephyr,,,,,None,None,,,,,,,,,,,,,,,,,,,,,,,,,,,,,,,,,,,,
8,EUW1_5970921268,TFT6_Augment_GrandGambler,TFT7_Augment_MageEmblem2,TFT7_Augment_UrfsGrabBag2,,1.0,1.0,1.0,,,,0.0,,,2.0,,,3.0,0.0,1.0,,,,,,,,,,0.0,0.0,0.0,,,,,,,,,,,,,,,,,,,,,1.0,,,,,,,,,,,,,,,,,,,,,,,,,,,,,,,,,,,,,,,,,,,,,,,,2.0,,,,2.0,MageEmblemItem,,,,,,,,,,,,,,,,,,,,,,,,,,,,,,,3.0,RabadonsDeathcap,MadredsBloodrazor,,,,,,,,,,,,,,,,,,,,,,,,,,,,,,2.0,ArchangelsStaff,SpearOfShojin,SpearOfShojin,,,,,,,,,,,,,,,,,,,,,,,,,,,,,,,,,,,,,2.0,GargoyleStoneplate,WarmogsArmor,Redemption,,,,,,,,,,,,,,,,,,,None,None,,,,,,,,,,,,,2.0,,,,,,,,,,,,1.0,MageEmblemItem,,,,,,,,,,
4,EUW1_5970921268,TFT7_Augment_RevelEmblem2,TFT6_Augment_HighEndShopping,TFT7_Augment_BestFriends3,,,1.0,1.0,1.0,,1.0,,0.0,,1.0,,0.0,,1.0,0.0,,4.0,,,,,,,1.0,,,,,,,,,,,,,,,,,,,,,,,,1.0,,,,,,,,2.0,UnstableConcoction,PowerGauntlet,,,,,,2.0,RevelEmblemItem,GuinsoosRageblade,StatikkShiv,,,,,,,,,,,,,,,,,,,,,,,,,,,,,,,,,,,,,2.0,,,,,,,,,,,,,,,,,,,,,,,,,,,,,,,,,,,,,,,,,,,,,,,,1.0,RedBuff,WarmogsArmor,TitansResolve,,,,,,,,,,,,,,,,,,,,,,,,,,,,,,,,,,,,,2.0,RabadonsDeathcap,,,,,,,,,,,,,,,2.0,TempestEmblemItem,GargoyleStoneplate,,,,,,,,,,,,,,,,None,None,,,,,,,,,,,,,,,,,,,,,,,,,,,,,,,,,,,,
1,EUW1_5970921268,TFT7_Augment_SacrificialPact,TFT6_Augment_ThriftShop,TFT6_Augment_WindfallPlusPlus,,,1.0,1.0,,,1.0,,,,1.0,0.0,0.0,,,0.0,0.0,,,,,,1.0,,2.0,,0.0,,,,,,,,,,2.0,TitansResolve,TitansResolve,RabadonsDeathcap,,,,,,,,,2.0,,,,,,,,,,,,,,,,,,,,,,,,,,,,,,,,,,,,,,,,,,,,,,,,,,,,,,,,,,,,,,,,,,,,,,,,,,,,,,,,,,,,,,,,,,,,,,,,,,,,,,,,2.0,GargoyleStoneplate,Morellonomicon,BrambleVest,,,,,,,,,,,,,,,,,,,,,,,,,2.0,,,,,,,,,,,,,,,,2.0,Zephyr,,,,,,,,,,,,,,,,,,,,,,,,,,,,,None,None,,,,,,,,,,,,,,,,,,,,,,,,,,,,,,,,,,,,
3,EUW1_5970921268,TFT6_Augment_Meditation3,TFT6_Augment_LudensEcho3,TFT6_Augment_MakeshiftArmor3,,1.0,,1.0,,,,,1.0,,,,,2.0,,1.0,,0.0,,,0.0,1.0,,,,1.0,,0.0,,,,,,,,,,,,,,,,,,,,,,,,,,,,,,,,,,,,,,,,,,,,,,,,,,,,,,,,,,,,,,,,,,,,,2.0,,,,3.0,RedBuff,WarmogsArmor,GargoyleStoneplate,,,,,,,,,,,,,,,,,,,,,,,,,2.0,Chalice,Chalice,SeraphsEmbrace,2.0,,,,,,,,,,,,,,,,,,,,,,,,,,,,,,,,,,,,,,,,,,,,,,,,,,,,,,,,,,,,2.0,,,,,,,,,,,,2.0,IonicSpark,NegatronCloak,DragonsClaw,,,,,,,,,,,,,,,,,3.0,TrainerSnax,None,None,,,,,,,,,,,,,3.0,,,,,,,,,,,,,,,,,,,,1.0,,,
6,EUW1_5970921268,TFT6_Augment_LudensEcho3,TFT6_Augment_ItemGrabBag2,TFT6_Augment_RadiantRelics,,,,,1.0,,1.0,,1.0,1.0,,,,,,0.0,,1.0,,,1.0,,,,,1.0,,0.0,,,,,,,,,,,,,,,,,,,,,,,,,,,,,2.0,ShimmerscaleDravensAxe,RabadonsDeathcap,SeraphsEmbrace,,,,,,,,,2.0,IonicSpark,DragonsClaw,GargoyleStoneplate,,,,,,,,,,,,,,,,,,,,,,,,,,,,,,,,,,,,,,,,,,,,,,,,,,,,,,,,,2.0,ShroudOfStillnessRadiant,,,,,,,,,,,,,,,,,,,,,,,,,,,,,,,,,,,,,,,,,,,,,,,,,,,,,,,,,,,,,,,2.0,Morellonomicon,Redemption,,,,,,,,,,,,,,,,,,,,,,,,,,1.0,,,,2.0,TrainerSnax,None,None,2.0,LastWhisper,MadredsBloodrazor,JeweledGauntlet,,,,,,,,,,,,,,,,,,,,,,,,,,,,,,,,
7,EUW1_5970921268,TFT6_Augment_ItemGrabBag2,TFT6_Augment_VerdantVeil,TFT6_Augment_ForceOfNature,,1.0,,1.0,,,,0.0,0.0,,1.0,0.0,,1.0,,1.0,,,,,,,,2.0,,1.0,,0.0,,,,,,,,,,,,,1.0,Shroud,,,,,,,,,,,,,,,,,,,,,,,,,,,,,,,,,,,,,,,,,,,,,,,,,,,,,,,1.0,,,,2.0,GargoyleStoneplate,RedBuff,,,,,,,,,,,,,,,,,,,,,,,,,,2.0,,,,3.0,SwiftshotEmblemItem,SpearOfShojin,ArchangelsStaff,,,,,,,,,,,,,,,,,,,,,,,,,,,,,,,,,,,,,,,,,,,,,,,,,,,,,,,,,,,,,,,,,,,,,2.0,RedBuff,,,,,,,,,,,,,,,,,,,1.0,TrainerSnax,None,None,,,,,1.0,,,,3.0,GuinsoosRageblade,RunaansHurricane,Deathblade,,,,,,,,,,,,,,,,,,,,,,,,
2,EUW1_5971289408,TFT6_Augment_TriForce3,TFT6_Augment_ThrillOfTheHunt1,TFT6_Augment_Meditation2,,1.0,1.0,1.0,,,,,0.0,,2.0,,,1.0,,2.0,,,,,0.0,1.0,,1.0,,0.0,,1.0,,,,,,,,,,,,,,,,,,,,,1.0,,,,,,,,,,,,,,,,,,,,,,,,,,,,,,,,,,,,,,,,,,,,,,,,,,,,3.0,Redemption,RedBuff,TitansResolve,,,,,,,,,,,,,,,,,,,,,,,,,2.0,,,,3.0,,,,,,,,,,,,,,,,,,,,,,,,,,,,,,,,,,,,,,,,,,,,,,,,,,,,,,,,,,,,,,,,,,,,,,,,2.0,ThiefsGloves,NeedlesslyLargeRod,ArchangelsStaff,,,,,,,,,,,,,,,,,,,None,None,,,,,1.0,TitanicHydra,RunaansHurricane,,3.0,GuinsoosRageblade,RunaansHurricane,WhispersEmblemItem,,,,,,,,,,,,,,,,,,,,,1.0,,,
3,EUW1_5971289408,TFT6_Augment_RadiantRelics,TFT6_Augment_PandorasItems,TFT6_Augment_ThrillOfTheHunt2,,0.0,,1.0,,,1.0,,1.0,,,,0.0,1.0,,1.0,,0.0,,,,,,,2.0,1.0,,0.0,,,,,,,,,1.0,ArchangelsStaff,SpearOfShojin,ArchangelsStaff,,,,,,,,,,,,,,,,,,,,,,,,,,,,,,,,,,,,,,,,,,,,,,,,,,,,,,,,,2.0,Shroud,,,,,,,,,,,,,,,,,,,,,,,,,,,,,,,1.0,ZekesHerald,StatikkShiv,,1.0,Zephyr,,,,,,,,,,,,,,,,,,,1.0,ZzRotPortalRadiant,,,,,,,,,,,,,,,,,,,,,,,,,,,,,,,,,,,,,,,1.0,,,,,,,,,,,,2.0,GargoyleStoneplate,WarmogsArmor,,,,,,,,,,,,,,,,,,3.0,TrainerSnax,None,None,,,,,,,,,,,,,,,,,,,,,,,,,,,,,,,,,,,,
7,EUW1_5971289408,TFT6_Augment_Meditation3,TFT6_Augment_SecondWind1,TFT6_Augment_BlueBattery2,,1.0,,1.0,,,1.0,,0.0,,1.0,,,1.0,,1.0,,,,,,,,,1.0,0.0,,0.0,,,,,,,,,1.0,,,,,,,,,,,,,,,,,,,,,,,,,,,,,,,,,,,,,,,,,,,,,,,,,,,,,,,,,,,,,,,,2.0,,,,,,,,,,,,,,,,,,,,,,,,,,,,2.0,Zephyr,,,2.0,,,,,,,,,,,,,,,,,,,,,,,,,,,,,,,,2.0,SpearOfShojin,HextechGunblade,ArchangelsStaff,,,,,,,,,,,,,,,,,,,,,,,,,,,,,,,,,,,,,1.0,GargoyleStoneplate,DragonsClaw,GuinsoosRageblade,,,,,,,,,,,,,,,,,,,None,None,,,,,,,,,,,,,3.0,,,,,,,,,,,,,,,,,,,,,,,
8,EUW1_5971289408,TFT6_Augment_RadiantRelics,TFT6_Augment_SecondWind1,TFT6_Augment_Distancing2,1.0,,,2.0,,,1.0,,,,1.0,,0.0,0.0,,,0.0,,,,,,,,1.0,,0.0,2.0,,,,,,,,,,,,,,,,,,,,,,,,,,,,,,,,,,,,,,,,,,,,,,,,,1.0,Bloodthirster,TitansResolve,InfinityEdge,,,,,,,,,,,,,,,,,,,,,,,,,,,,,,,,,,,,,,,,,,,,,,,,,,,,,,,,,,,,,,,,,,,,,,,,,2.0,TearOfTheGoddess,,,,,,,2.0,ThiefsGlovesRadiant,QuicksilverRadiant,JeweledGauntletRadiant,,,,,,,,,,,,,,,,,1.0,,,,,,,,,,,,,,,,,,,,,,,,2.0,,,,,,,,1.0,FrozenHeart,RedBuff,LastWhisper,,,,,,,,,,,None,None,,,,,,,,,,,,,,,,,,,,,,,,,,,,,,,,,,,,
4,EUW1_5971289408,TFT7_Augment_RevelEmblem2,TFT6_Augment_CyberneticImplants1,TFT6_Augment_ComponentGrabBag,,,,1.0,1.0,,1.0,0.0,0.0,,,,0.0,,1.0,,,4.0,,,,,,,1.0,,,,,,,,,,,,,,,,,,,,,,,,,,,,,,,,2.0,UnstableConcoction,InfinityEdge,GuinsoosRageblade,,,,,2.0,Quicksilver,RevelEmblemItem,GuinsoosRageblade,,,,,,,,,,,,,,,,,,,,,,,,,,,,,,,,,,,,,2.0,StatikkShiv,,,,,,,,,,,1.0,,,,,,,,,,,,,,,,,,,,,,,,,,,,,,,,,,,,1.0,GargoyleStoneplate,Shroud,,,,,,,,,,,,,,,,,,,,,,,,,,,,,,,,,,,,,,2.0,ZekesHerald,HextechGunblade,,,,,,,,,,,,,,2.0,RedBuff,,,,,,,,,,,,,,,,,None,None,,,,,,,,,,,,,,,,,,,,,,,,,,,,,,,,,,,,
5,EUW1_5971289408,TFT6_Augment_CyberneticImplants3,TFT7_Augment_BandOfThieves1,TFT7_Augment_BigFriend2,,0.0,,3.0,,,1.0,,,,,,0.0,0.0,,,0.0,,0.0,,,,,,0.0,,1.0,2.0,,,,,,,,,,,,,,,,,,,,,,,,,,,,,,,,,,,,,,,,,,,,,,,,,2.0,TitansResolve,UnstableConcoction,InfinityEdge,,,,,,,,,,,,,,,,,,,,,2.0,TitansResolve,,,,,,,,,,,,,,,,,,,,,,,,,,,,,,,,,,,,,,,,,,,,,,,2.0,ThiefsGloves,GargoyleStoneplate,RedBuff,1.0,WarmogsArmor,,,,,,,,,,,,,,,,,,,,,,,,,,,1.0,,,,,,,,,,,,,,,,,,,,,,,,2.0,RedBuff,BrambleVest,MadredsBloodrazor,,,,,,,,,,,,,,,,,,,None,None,,,,,,,,,,,,,,,,,,,,,,,,,,,,,,,,,,,,
6,EUW1_5971289408,TFT7_Augment_CursedCrown,TFT6_Augment_Diversify1,TFT7_Augment_BestFriends2,,,,1.0,,2.0,1.0,0.0,,,2.0,,0.0,0.0,2.0,,1.0,,,,0.0,1.0,,,1.0,,0.0,,,,,,,,,,,,,,,,,,,,,,,,,,,,,,,,,,,,,,2.0,MadredsBloodrazor,ArchangelsStaff,ArchangelsStaff,,,,,,,,,,,,,,,,,,,,,,,,,1.0,ThiefsGloves,StatikkShiv,GuinsoosRageblade,,,,,,,,,,,,,,,,,,,,,2.0,RagewingEmblemItem,,,,,,,,,,,,,,,,,,,,,,,,,,,2.0,ThiefsGloves,GuinsoosRageblade,MadredsBloodrazor,,,,,2.0,ThiefsGloves,Zephyr,GuardianAngel,,,,,,,,,1.0,,,,2.0,,,,,,,,,,,,2.0,ThiefsGloves,Bloodthirster,UnstableConcoction,,,,,,,,,,,,,,,,,,,,,,,,,,,,,,,,,,,,,,,,,,,None,None,,,,,,,,,,,,,,,,,,,,,,,,,,,,,,,,,1.0,LastWhisper,,
1,EUW1_5971289408,TFT7_Augment_LivingForge,TFT6_Augment_TinyTitans,TFT6_Augment_SecondWind2,,,,,,,1.0,1.0,,,,1.0,,,,,2.0,,,2.0,,,,1.0,,,,,,,,,,,,,,,,,1.0,,,,,,,,,,,,,,,,,,,,,,,,,,,,,,,,,,,,,,,,,,,,,,,,2.0,Redemption,GiantsBelt,OrnnRocketPropelledFist,,,,,,,,,,,,,,,,,,,,,,,,,,,,,,,,,,,,,,,,,,,,,2.0,GargoyleStoneplate,OrnnAnimaVisage,GargoyleStoneplate,,,,,,,,,,,,,,,,,,,,,,,,,,,,,,,,,,,,,2.0,IonicSpark,,,,,,,1.0,ThiefsGloves,RunaansHurricane,TitanicHydra,,,,,,,,,,,,,3.0,ArchangelsStaff,GuinsoosRageblade,OrnnZhonyasParadox,,,,,,,,,,,,,,,,,,,,,,,None,None,,,,,,,,,,,,,,,,,,,,,2.0,RapidFireCannon,,,,,,,,,,,,,,
6,EUW1_5971345637,TFT7_Augment_GuildTrait,TFT6_Augment_ThrillOfTheHunt2,TFT6_Augment_SunfireBoard,1.0,,,1.0,,1.0,,,,,4.0,,0.0,,,,1.0,,,,,,,1.0,1.0,,0.0,,,,,,,,,,,,,,,,,,,,,,,,,,,,,,,,,,,,,,,,,,,,,,,,,,,,,,,,,,,,,,,,,,2.0,LocketOfTheIronSolari,,,,,,,,,,,,,,,,,,,,,,,,,,,,,,,,,,,,,,,,,,,,,,,,,,,,,,,,,,,1.0,WarmogsArmor,,,,,,,1.0,,,,,,,,2.0,,,,,,,,,,,,2.0,,,,,,,,,,,,,,,,,,,,,,,,,,,,,,,,2.0,Deathblade,InfinityEdge,,,,,,,,,,,,None,None,,,,,2.0,,,,,,,,,,,,,,,,1.0,MadredsBloodrazor,Quicksilver,GuinsoosRageblade,,,,,,,,,,,,
1,EUW1_5971345637,TFT6_Augment_LudensEcho1,TFT6_Augment_PortableForge,TFT6_Augment_SecondWind2,,,1.0,1.0,,,1.0,,0.0,,2.0,,0.0,2.0,,1.0,,,,,0.0,1.0,,,2.0,1.0,,0.0,,,,,,,,,1.0,JeweledGauntlet,SpearOfShojin,HextechGunblade,,,,,,,,,1.0,MageEmblemItem,,,,,,,,,,,,,,,,,,,,,,,,,,,,,,,,,,,,,,,,,,,,,,,2.0,,,,,,,,,,,,,,,,,,,,,,,,,,,,,,,,2.0,,,,,,,,,,,,,,,,,,,,,,,,2.0,PowerGauntlet,RedBuff,IonicSpark,,,,,,,,,1.0,,,,,,,,,,,,,,,,,,,,,,,,,,,,,,,,,,,,,,,,2.0,TitanicHydra,Morellonomicon,,,,,,,,,,,,,,,,,,4.0,TrainerSnax,None,None,,,,,,,,,,,,,,,,,,,,,,,,,,,,,,,,,2.0,Chalice,OrnnMuramana,
7,EUW1_5971345637,TFT6_Augment_ItemGrabBag1,TFT6_Augment_SunfireBoard,TFT6_Augment_ComponentGrabBag,,,,,1.0,,1.0,,1.0,1.0,,0.0,,,,0.0,,1.0,0.0,,1.0,,1.0,,,1.0,,,,,,,,,,,,,,,,,,,,,,,,,,,2.0,ThiefsGloves,SparringGloves,ArchangelsStaff,2.0,MadredsBloodrazor,GuinsoosRageblade,HextechGunblade,,,,,,,,,2.0,BrambleVest,DragonsClaw,ShimmerscaleDiamondHands,,,,,,,,,,,,,,,,,,,,,,,,,,,,,,,,,,,,,,,,,,,,,,,,,,,,,,,,,2.0,TearOfTheGoddess,,,,,,,,,,,,,,,,,,,,,,,,,,,,,,,,,,,,,,,,,,,,,,,,,,,,,,,,,,,,,,,2.0,SpearOfShojin,SpearOfShojin,GuardianAngel,1.0,HextechGunblade,,,,,,,,,,,,,,,,,,,,,,,,,,,2.0,TrainerSnax,None,None,1.0,,,,,,,,,,,,,,,,,,,,,,,,,,,,,,,,,,,
5,EUW1_5971345637,TFT6_Augment_CyberneticImplants1,TFT7_Augment_SwiftshotEmblem,TFT7_Augment_BestFriends2,,1.0,,2.0,,,,,,,1.0,,0.0,0.0,,,,,,,,,,2.0,1.0,,,0.0,,,,,,,,,,,,,,,,,,,,,,,,,,,,,,,,,,,,,,,,,,,,,,,,,,,,,,,,,2.0,,,,,,,,,,,,,,,,3.0,FrozenHeart,RedBuff,WarmogsArmor,,,,,,,,,,,,,,,,,,,,,,,,,,,,,,,,,,,,,,,,,,,,,,,,,2.0,SwiftshotEmblemItem,Shroud,ArchangelsStaff,,,,,,,,,,,,,,,,,,,,,,,,,,,,,,,,,2.0,,,,,,,,,,,,,,,,2.0,,,,,,,,,,,,,,,,,,,,,,None,None,,,,,2.0,,,,3.0,GuinsoosRageblade,InfinityEdge,GuinsoosRageblade,,,,,,,,,,,,,,,,,,,,,,,,
2,EUW1_5971345637,TFT6_Augment_PandorasItems,TFT6_Augment_PortableForge,TFT7_Augment_BestFriends2,1.0,,1.0,1.0,,0.0,,0.0,,,3.0,,0.0,,0.0,0.0,1.0,,,,,,,1.0,1.0,,1.0,,,,,,,,,,,,,,,,,,,,,,1.0,,,,,,,,,,,,,,,,,,,,,,,,,,,,,,,,,,,,,,,,,,,,2.0,,,,,,,,,,,,,,,,,,,,,,,,,,,,,,,,,,,,,,,,,,,,,,,,,,,,,,,,,,,,2.0,OrnnZhonyasParadox,Morellonomicon,,,,,,1.0,,,,,,,,,,,,,,,,,,,,2.0,,,,,,,,,,,,,,,,,,,,,,,,,,,,,,,,2.0,Quicksilver,RapidFireCannon,GuinsoosRageblade,,,,,,,,,,,None,None,,,,,2.0,,,,,,,,,,,,,,,,2.0,Quicksilver,MadredsBloodrazor,GuinsoosRageblade,2.0,FrozenHeart,RedBuff,MadredsBloodrazor,,,,,,,,
3,EUW1_5971345637,TFT7_Augment_BestFriends1,TFT6_Augment_SecondWind2,TFT7_Augment_RevelPartyTime,,,,1.0,2.0,,1.0,,1.0,,,,,,,0.0,,3.0,,,,,,,,1.0,,1.0,,,,,,,,,,,,,,,,,,,,,,,,,,,,,2.0,InfinityEdge,GuinsoosRageblade,RunaansHurricane,,,,,,,,,,,,,,,,,2.0,RedBuff,GargoyleStoneplate,MadredsBloodrazor,,,,,,,,,,,,,,,,,,,,,,,,,1.0,,,,,,,,,,,,,,,,,,,,,,,,2.0,,,,,,,,,,,,,,,,,,,,,,,,,,,,,,,,,,,,,,,,,,,,,,,,,,,,,,,,,,,,,,,,2.0,GuinsoosRageblade,LocketOfTheIronSolari,,,,,,,,,,,,,,2.0,BrambleVest,,,,,,,,,,,,,,,3.0,TrainerSnax,None,None,2.0,,,,,,,,,,,,,,,,,,,,,,,,,,,,,,,,,,,
4,EUW1_5971345637,TFT6_Augment_Electrocharge1,TFT6_Augment_TradeSectorPlus,TFT6_Augment_SecondWind2,0.0,,,1.0,,,1.0,,,,,0.0,,1.0,,,,,,1.0,0.0,1.0,1.0,,,,,3.0,,,,,,,,,,,,,,,,,,,,,,,,,,,,,,,,,,,,,,,,,,,,,,,,,2.0,TitansResolve,,,3.0,MageEmblemItem,GuardianAngel,Bloodthirster,,,,,,,,,,,,,,,,,,,,,,,,,,,,,,,,,,,,,,,,,,,,,,,,,,,,,2.0,RedBuff,PowerGauntlet,IonicSpark,,,,,,,,,,,,,,,,,1.0,Chalice,,,,,,,,,,,,,,,,,,,,,,,,,,,,,,,,,,,,,,,1.0,RabadonsDeathcap,,,,,,,1.0,,,,,,,,,,,,,,,,,,,,,,None,None,,,,,,,,,,,,,,,,,,,,,,,,,,,,,,,,,1.0,,,
8,EUW1_5971345637,TFT7_Augment_SwiftshotTrait,TFT7_Augment_Preparation2,TFT6_Augment_ComponentGrabBag,,1.0,,1.0,,,,,,,1.0,,,0.0,,0.0,,,,,,,,2.0,0.0,,,0.0,,,,,,,,,,,,,,,,,,,,,,,,,,,,,,,,,,,,,,,,,,,,,,,,,,,,,,,,,2.0,,,,,,,,,,,,,,,,2.0,GargoyleStoneplate,,,,,,,,,,,,,,,,,,,,,,,,,,,,,,,3.0,LocketOfTheIronSolari,,,,,,,,,,,,,,,,,,,,,,,,,,,,,,,,,,,,,,,,,,,,,,,,,,,,,,,,,,,,,,,,,,,,,,,2.0,ThiefsGloves,Zephyr,GuardianAngel,,,,,,,,,,,,,,,,,,,None,None,,,,,2.0,,,,2.0,InfinityEdge,GuinsoosRageblade,RunaansHurricane,,,,,,,,,,,,,,,,,,,,,,,,
8,EUW1_5971517877,TFT7_Augment_ShimmerscaleTrait,TFT7_Augment_ShimmerscaleTrait2,TFT7_Augment_ThinkFast,,,,1.0,,,1.0,,,1.0,1.0,,0.0,0.0,,,0.0,,,,4.0,1.0,,1.0,0.0,,1.0,0.0,2.0,,,,,,,,,,,,,,,,,,,,,,,,,,,,,,,,,,,,,,,,2.0,RedBuff,ShimmerscaleMogulsMail,ShimmerscaleHeartOfGold,,,,,,,,,,,,,,,,,,,,,,,,,,,,,,,,,,,,,,,,,,,,,,,,,,,,,,,,,,,,,,,,,,,,,,,,,,,,,,,,,2.0,TitansResolve,JeweledGauntlet,,,,,,,,,,,,,,,,,,,,,,,,,,2.0,ShimmerscaleEmblemItem,ZekesHerald,ZekesHerald,,,,,,,,,,,,,,,,,,,,,,,,,,,,,,,,,,,,,1.0,,,,,,None,None,,,,,1.0,ShimmerscaleEmblemItem,,,,,,,,,,,,,,,2.0,Quicksilver,ShimmerscaleCrownOfChampions,GuinsoosRageblade,,,,,,,,,1.0,MadredsBloodrazor,ShimmerscaleGoldmancersStaff,ShimmerscaleGamblersBlade
6,EUW1_5971517877,TFT6_Augment_SunfireBoard,TFT7_Augment_BestFriends3,TFT6_Augment_Diversify3,1.0,,,1.0,1.0,,,,,,1.0,,0.0,1.0,,,,0.0,,,0.0,1.0,,,1.0,1.0,,0.0,,,,,,,,,,,,,,,,,,,,,,,,,,,,,2.0,GuinsoosRageblade,UnstableConcoction,StatikkShiv,,,,,,,,,,,,,,,,,,,,,,,,,,,,,,,,,,,,,2.0,,,,,,,,,,,,,,,,,,,,,,,,,,,,,,,,,,,,,,,,,,,,,,,,,,,,,,,,2.0,WarmogsArmor,,,,,,,2.0,FrozenHeart,,,,,,,,,,,,,,,,,,,,,,,,,,,,,,,,,,,,,,,,,,,2.0,WarmogsArmor,,,,,,,2.0,FrozenHeart,NegatronCloak,,,,,,,,,,2.0,TrainerSnax,None,None,2.0,,,,,,,,,,,,,,,,,,,,,,,,,,,,,,,,1.0,,,
2,EUW1_5971517877,TFT6_Augment_ClearMind,TFT6_Augment_WindfallPlus,TFT7_Augment_ThinkFast,,0.0,1.0,1.0,,1.0,1.0,0.0,,,1.0,,0.0,1.0,0.0,1.0,0.0,,,,0.0,1.0,,,2.0,,0.0,0.0,,,,,,,,,2.0,SpearOfShojin,MadredsBloodrazor,ArchangelsStaff,,,,,,,,,2.0,,,,,,,,,,,,,,,,,,,,,,,,,,,,,,,,,,,,,,,,,,,,2.0,,,,,,,,,,,,,,,,,,,,,,,,,,,,,,,,,,,,,,,,2.0,,,,,,,,,,,,,,,,,,,,2.0,RedBuff,,,,,,,,,,,,,,,,,,,,,,,,,,,,,,,,,,,,,,,,,,,,,,,,,,,2.0,,,,,,,,,,,,,,,,,,,,,,None,None,,,,,,,,,,,,,,,,,,,,,,,,,2.0,CavalierEmblemItem,MadredsBloodrazor,UnstableConcoction,,,,,2.0,LastWhisper,,
5,EUW1_5971517877,TFT6_Augment_CelestialBlessing2,TFT6_Augment_ThriftShop,TFT6_Augment_RadiantRelics,1.0,,,0.0,,3.0,,,,1.0,2.0,,,0.0,,,0.0,,2.0,,,,,,,,0.0,0.0,,,,,,,,,,,,,,,,,,,,,,,,,2.0,,,,,,,,3.0,ZekesHerald,CavalierEmblemItem,UnstableConcoction,,,,,,,,,,,,,,,,,,,,,,,,,,,,,2.0,Morellonomicon,GuardianEmblemItem,DragonsClaw,,,,,,,,,,,,,,,,,,,,,,,,,,,,,3.0,SeraphsEmbrace,MadredsBloodrazor,IonicSparkRadiant,,,,,,,,,,,,,,,,,,,,,2.0,,,,,,,,,,,,,,,,,,,,2.0,,,,,,,,,,,,,,,,,,,,,,,,,,,,,,,,,,,,,,,,,,,,2.0,ThiefsGloves,LocketOfTheIronSolari,TitanicHydra,,,,,1.0,,,,,,None,None,,,,,,,,,,,,,,,,,,,,,,,,,,,,,,,,,,,,
3,EUW1_5971517877,TFT7_Augment_DragonmancerEmblem,TFT7_Augment_TomeOfTraits2,TFT7_Augment_ThinkFast,,,,,,,,3.0,,,1.0,1.0,0.0,,,,0.0,,,2.0,0.0,,,0.0,1.0,,,0.0,,,,,,,,,,,,,2.0,GuildEmblemItem,SpearOfShojin,,,,,,,,,,,,,,,,,,,,,,,,,,,,,,,,,,,,,,3.0,DragonmancerEmblemItem,GuinsoosRageblade,Quicksilver,,,,,2.0,DragonmancerEmblemItem,,,,,,,,,,,,,,,,,,,1.0,,,,,,,,1.0,PowerGauntlet,,,,,,,,,,,,,,,,,,,1.0,DragonmancerEmblemItem,RedBuff,WarmogsArmor,,,,,,,,,,,,,,,,,,,,,,,,,,,,,,,,,,,,,2.0,,,,,,,,,,,,,,,,,,,,,,,,2.0,,,,,,,,,,,,,,,,,,,,,,,,,,None,None,,,,,,,,,,,,,,,,,2.0,TempestEmblemItem,BrambleVest,,,,,,,,,,,,,,,,,
7,EUW1_5971517877,TFT7_Augment_ShimmerscaleTrait,TFT6_Augment_HighEndShopping,TFT7_Augment_TomeOfTraits2,0.0,,,,,,1.0,2.0,,0.0,,0.0,0.0,0.0,0.0,,1.0,,,1.0,3.0,1.0,,,,,0.0,,,,,,,,,,,,,,,,,,,,,,,,,,,,,,,,,,,,,,,,,,2.0,ShimmerscaleMogulsMail,FrozenHeart,WarmogsArmor,,,,,,,,,,,,,,,,,,,,,,,,,,,,,,,,,,,,,,,,,2.0,DragonmancerEmblemItem,,,,,,,,,,,,,,,,,,,,,,,2.0,,,,,,,,,,,,,,,,,,,,,,,,,,,,,,,,,,,,,,,,1.0,,,,,,,,,,,,,,,,,,,,,,,,2.0,Quicksilver,ShimmerscaleGoldmancersStaff,ShimmerscaleGamblersBlade,,,,,,,,,,,,,,,,,,,,,,,None,None,,,,,,,,,,,,,,,,,2.0,RedBuff,,,,,,,2.0,Bloodthirster,InfinityEdge,TitansResolve,,,,,2.0,StatikkShiv,DragonmancerEmblemItem,ShimmerscaleHeartOfGold
1,EUW1_5971517877,TFT7_Augment_PandorasBench,TFT6_Augment_ForceOfNature,TFT6_Augment_RadiantRelics,,0.0,1.0,,,,1.0,0.0,0.0,1.0,1.0,2.0,,0.0,,3.0,,,0.0,0.0,,,,0.0,,0.0,,,,,,,,,,,,,,,2.0,Morellonomicon,Deathblade,StatikkShiv,,,,,1.0,,,,2.0,Redemption,BrambleVest,DragonmancerEmblemItem,,,,,,,,,,,,,,,,,3.0,GuardianAngelRadiant,TitansResolve,Bloodthirster,,,,,,,,,,,,,,,,,,,,,,,,,,,,,,,,,,,,,,,,,,,,,,,,,,,,,1.0,,,,1.0,,,,1.0,,,,,,,,,,,,,,,,,,,,,,,,,,,,,,,,,,,,,,,,,,,,,,,,,,,,,,,,,,,,,,,,,,,,,,,,,,,,,,,,2.0,,,,,,,,,,None,None,,,,,,,,,,,,,,,,,,,,,,,,,,,,,,,,,,,,
4,EUW1_5971517877,TFT6_Augment_TriForce2,TFT6_Augment_ThriftShop,TFT6_Augment_CyberneticImplants3,,0.0,,2.0,,,1.0,,,,,,0.0,0.0,,,,,,,,,,0.0,0.0,,,2.0,,,,,,,,,,,,,,,,,,,,,,,,,,,,,,,,,,,,,,,,,,,,,,,,,2.0,ThiefsGloves,NeedlesslyLargeRod,JeweledGauntlet,,,,,,,,,,,,,,,,,,,,,3.0,StatikkShiv,StatikkShiv,,,,,,,,,,,,,,,,,,,,,,,,,,,,,,,,,,,,,,,,,,,,,,,,,,2.0,,,,,,,,,,,,,,,,,,,,,,,,,,,,,,,,,,,,,,,,,,,,,,,,,,,,2.0,ChainVest,,,,,,,,,,,,,,,,,,,,,None,None,,,,,,,,,3.0,RunaansHurricane,GuinsoosRageblade,UnstableConcoction,,,,,,,,,,,,,,,,,,,,,,,,
3,EUW1_5971650828,TFT7_Augment_CannoneerHotShot,TFT6_Augment_BinaryAirdrop,TFT7_Augment_CannoneerEmblem2,,,1.0,,2.0,,1.0,,1.0,1.0,1.0,,,,,1.0,,1.0,0.0,,1.0,,,,,1.0,,,,,,,,,,,,,,,,,,,,,,,1.0,,,,2.0,BrambleVest,GargoyleStoneplate,Quicksilver,2.0,RunaansHurricane,GuinsoosRageblade,InfinityEdge,,,,,,,,,2.0,DragonsClaw,ShimmerscaleMogulsMail,SeraphsEmbrace,,,,,,,,,,,,,,,,,,,,,,,,,,,,,,,,,,,,,,,,,,,,,,,,,,,,,,,,,2.0,CannoneerEmblemItem,GuardianEmblemItem,Bloodthirster,,,,,,,,,,,,,,,,,,,,,,,,,,,,,,,,,,,,,,,,,,,,,,,,,,,,,,,,,,,,,2.0,ArchangelsStaff,PowerGauntlet,GuardianAngel,,,,,,,,,,,,,,,,,,,,,,,,,,,,,4.0,TrainerSnax,None,None,3.0,StatikkShiv,MadredsBloodrazor,RapidFireCannon,,,,,,,,,,,,,,,,,,,,,,,,,,,,,,,,
8,EUW1_5971650828,TFT7_Augment_MirageHallucinate,TFT6_Augment_HighEndShopping,TFT7_Augment_MirageEmblem2,0.0,,,,,1.0,1.0,0.0,,,,,,,4.0,,0.0,,,,,,,,,,1.0,0.0,,,,,,,,,,,,,,,,,,,,,,,,,,,,,,,,,,,,,2.0,HextechGunblade,Quicksilver,SpearOfShojin,,,,,,,,,,,,,,,,,,,,,,,,,2.0,MirageEmblemItem,,,,,,,,,,,,,,,,,,,,,,,,,,,,,,,,,,,,,,,,,,,,,,,,,,,2.0,RedBuff,IonicSpark,,,,,,,,,,2.0,MirageEmblemItem,HextechGunblade,,,,,,,,,,,,,,,,,,,,,,,,,,,,,,,,,,,,,,,,,,,,,,,,,,,,,,,,,,,,,,,,,,,,None,None,,,,,,,,,,,,,,,,,,,,,,,,,1.0,UnstableConcoction,,,2.0,,,,,,,
6,EUW1_5971650828,TFT6_Augment_BlueBattery2,TFT6_Augment_WindfallPlus,TFT7_Augment_MageEmblem2,,0.0,,1.0,,,1.0,,0.0,,,,0.0,2.0,,1.0,,,,,0.0,1.0,,,2.0,1.0,,0.0,,,,,,,,,1.0,MageEmblemItem,SpearOfShojin,MadredsBloodrazor,,,,,,,,,,,,,,,,,,,,,,,,,,,,,,,,,,,,,,,,,,,,,,,,,,,,,,,,,3.0,,,,,,,,,,,,,,,,,,,,,,,,,,,,,,,,2.0,,,,3.0,SpearOfShojin,,,,,,,,,,,,,,,,,,,2.0,MageEmblemItem,,,,,,,,,,,,,,,,,,,,,,,,,,,,,,,,,,,,,,,,,,,,,,,,,,,2.0,GargoyleStoneplate,RedBuff,,,,,,,,,,,,,,,,,,2.0,TrainerSnax,None,None,,,,,,,,,,,,,,,,,,,,,,,,,,,,,,,,,1.0,SpearOfShojin,Chalice,
1,EUW1_5971650828,TFT6_Augment_SalvageBin,TFT6_Augment_MaxLevel10,TFT7_Augment_GuildEmblem2,0.0,,1.0,1.0,,0.0,1.0,,,,6.0,,0.0,1.0,,0.0,,,,,0.0,1.0,,0.0,2.0,,,0.0,,,,,,,,,2.0,GuildEmblemItem,MadredsBloodrazor,ArchangelsStaff,,,,,,,,,2.0,,,,,,,,,,,,,,,,,,,,,,,,,,,,,,,,,,,,,,,,,,,,,,,,,,,,,,,,,,,,,,,,,,,,,,,,,,,,,,,,,,,,,,,,,,,,,,,,,,,,,,,,2.0,ThiefsGloves,Redemption,FrozenHeart,,,,,,,,,2.0,ThiefsGloves,RunaansHurricane,SeraphsEmbrace,2.0,DragonsClaw,,,,,,,,,,,,,,,,,,,,,,,,,,,,,,,,,,,2.0,DragonsClaw,RedBuff,,,,,,2.0,InfinityEdge,UnstableConcoction,MadredsBloodrazor,,,,,,,,,,,None,None,,,,,1.0,,,,,,,,,,,,,,,,,,,,,,,,,,,,1.0,MadredsBloodrazor,Zephyr,
2,EUW1_5971650828,TFT7_Augment_ClutteredMind,TFT6_Augment_LudensEcho3,TFT6_Augment_TheGoldenEgg,,0.0,1.0,1.0,,,1.0,0.0,1.0,,1.0,,0.0,1.0,0.0,2.0,,0.0,,,0.0,1.0,,,2.0,0.0,0.0,0.0,,,,,,,,,2.0,SpearOfShojin,ArchangelsStaff,ArchangelsStaff,,,,,,,,,2.0,,,,,,,,,,,,,,,,,,,,,,,,,,,,,,,,,,,,,,,,,,,,,,,,,,,,,,,,,,,,,,,,,,,,,,,,,,,,,,,,2.0,,,,3.0,ArchangelsStaff,NeedlesslyLargeRod,,,,,,,,,,,,,,,,,,2.0,,,,,,,,,,,,,,,,,,,,,,,,,,,,,,,,,,,,,,,,2.0,,,,,,,,,,,,2.0,TitanicHydra,GargoyleStoneplate,Bloodthirster,,,,,,,,,,,,,,,,,,,None,None,,,,,,,,,,,,,,,,,,,,,,,,,2.0,BrambleVest,,,,,,,2.0,GuardianAngel,,
5,EUW1_5971650828,TFT6_Augment_CyberneticUplink2,TFT6_Augment_CelestialBlessing3,TFT7_Augment_BruiserEmblem2,0.0,1.0,,3.0,,,,,,,1.0,,0.0,0.0,,,0.0,,,,,,,1.0,1.0,,0.0,0.0,,,,,,,,,,,,,,,,,,,,,,,,,,,,,,,,,,,,,,,,,,,,,,,,,,,,,,,,,2.0,BruiserEmblemItem,,,,,,,,,,,,,,,3.0,GargoyleStoneplate,FrozenHeart,WarmogsArmor,,,,,,,,,,,,,,,,,,,,,,,,,,,,,,,,,,,,,,,,,,,,,,,,,1.0,NegatronCloak,,,,,,,,,,,,,,,,,,,,,,,,,,,2.0,Redemption,,,,,,,2.0,NeedlesslyLargeRod,,,,,,,,,,,,,,,1.0,,,,,,,,1.0,ThiefsGloves,NeedlesslyLargeRod,ArchangelsStaff,,,,,,,,,,,None,None,,,,,,,,,3.0,GuinsoosRageblade,Deathblade,RunaansHurricane,,,,,,,,,,,,,,,,,,,,,,,,
4,EUW1_5971650828,TFT7_Augment_GadgetExpert,TFT7_Augment_ShapeshifterTrait2,TFT6_Augment_GrandGambler,,,,0.0,,,,1.0,,,,1.0,0.0,,,,1.0,,,2.0,,,1.0,0.0,1.0,,,,,,,,,,,,,,,,,,,,,,,,,,,,,,,,,,,,,,,,,,,,,,,,,,,,,,,,,,,,,,,,2.0,,,,,,,,,,,,,,,,,,,,,,,,,,,,2.0,RedBuff,UnstableConcoction,,,,,,,,,,,,,,,,,,2.0,FrozenHeart,TitanicHydra,RedBuff,,,,,,,,,,,,,1.0,,,,,,,,,,,,,,,,,,,,,,,,2.0,Chalice,,,,,,,,,,,,,,,,,,,1.0,,,,3.0,Quicksilver,StatikkShiv,GuinsoosRageblade,,,,,,,,,,,,,,,,,,,,,,,None,None,,,,,,,,,,,,,,,,,,,,,2.0,ThiefsGloves,Bloodthirster,DragonsClaw,,,,,,,,,,,,
7,EUW1_5971650828,TFT6_Augment_FuturePeepers,TFT6_Augment_BandOfThieves2,TFT6_Augment_CyberneticShell3,,0.0,,1.0,,,1.0,,0.0,,1.0,,,2.0,,1.0,,,,,0.0,1.0,,,,1.0,,2.0,,,,,,,,,,,,,,,,,,,,,,,,,,,,,,,,,,,,,,,,,,,,,,,,,2.0,TitansResolve,GuinsoosRageblade,,,,,,,,,,,,,,,,,,2.0,WarmogsArmor,Zephyr,,,,,,,,,,,,,,,,,,,,,,,,,,,,,,2.0,ZekesHerald,ZekesHerald,,1.0,Zephyr,,,,,,,,,,,,,,,,,,,,,,,,,,,,,,,2.0,ThiefsGloves,Chalice,PowerGauntlet,,,,,,,,,,,,,,,,,,,,,,,,,,,,,,,,,,,,,2.0,ThiefsGloves,GiantsBelt,RedBuff,,,,,,,,,,,,,,,,,3.0,TrainerSnax,None,None,,,,,,,,,,,,,,,,,,,,,,,,,,,,,,,,,1.0,JeweledGauntlet,JeweledGauntlet,
8,EUW1_5971401433,TFT6_Augment_CyberneticImplants1,TFT7_Augment_GadgetExpert,TFT6_Augment_TomeOfTraits1,,,,,2.0,,1.0,0.0,1.0,,,,,,2.0,0.0,,3.0,,,,,,,,1.0,0.0,,,,,,,,,,,,,,,,,,,,,,,,,,,,,,2.0,HextechGunblade,MadredsBloodrazor,,,,,,2.0,RevelEmblemItem,StatikkShiv,GuinsoosRageblade,,,,,,,,,,,,,,,,,,,,,,,,,,,,,,,,,,,,,2.0,Deathblade,,,,,,,,,,,,,,,,,,,,,,,2.0,TearOfTheGoddess,,,,,,,,,,,,,,,,,,,,,,,,,,,,,,,,,,,,,,,,,,,,,,,,,,,,,,,,,,,,,,,1.0,DragonsClaw,,,,,,,,,,,,,,,,,,,,,,,,,,,,,,,3.0,TrainerSnax,None,None,2.0,,,,,,,,,,,,,,,,,,,,,,,,1.0,StatikkShiv,WarmogsArmor,WarmogsArmor,,,,,,,,
4,EUW1_5971401433,TFT7_Augment_AFK,TFT7_Augment_DragonAlliance,TFT6_Augment_SecondWind2,,,,1.0,,,2.0,,,1.0,,,,0.0,2.0,,,,,,1.0,,,,,,,2.0,,,,,,,,,,,,,,,,,,,,,,,,,,,,,,,,,,,,,2.0,ShimmerscaleGamblersBlade,SpearOfShojin,MadredsBloodrazor,2.0,RedBuff,GargoyleStoneplate,IonicSpark,,,,,2.0,ThiefsGloves,RunaansHurricane,MadredsBloodrazor,,,,,,,,,,,,,,,,,,,,,,,,,,,,,,,,,,,,,,,,,2.0,,,,,,,,,,,,,,,,,,,,,,,,,,,,,,,,,,,,,,,,,,,,,,,,,,,,,,,,,,,,,,,,,,,,,,,,,,,,,,,,,,,,1.0,MadredsBloodrazor,RapidFireCannon,GuinsoosRageblade,,,,,,,,,,,,,,,,,,,None,None,,,,,,,,,,,,,,,,,,,,,,,,,,,,,,,,,,,,
6,EUW1_5971401433,TFT6_Augment_SecondWind1,TFT6_Augment_Diversify2,TFT6_Augment_CelestialBlessing2,,,,,,1.0,1.0,0.0,,,,,,1.0,3.0,,,,0.0,,0.0,1.0,,,,0.0,1.0,,,,,,,,,,,,,,,,,,,,,,,,,,,,,,,,,,,,,,2.0,InfinityEdge,JeweledGauntlet,RapidFireCannon,,,,,,,,,,,,,,,,,,,,,,,,,,,,,2.0,,,,,,,,,,,,,,,,,,,,,,,,,,,,2.0,TitanicHydra,,,,,,,,,,,,,,,,,,,2.0,IonicSpark,GiantsBelt,,,,,,,,,,,,,,,,,,,,,,,,,,,,,,,,,,,,,,,,,,,,,,,,,,,,,,,,,,,,,,,,,,,,,,,,,,,,,,,,None,None,,,,,,,,,,,,,,,,,,,,,,,,,1.0,ThiefsGloves,WarmogsArmor,InfinityEdge,1.0,,,,1.0,SpearOfShojin,,
7,EUW1_5971401433,TFT6_Augment_Weakspot,TFT6_Augment_PortableForge,TFT7_Augment_BruiserEmblem,,0.0,1.0,1.0,1.0,,,,1.0,,2.0,,,1.0,,2.0,,2.0,,,,,,,,1.0,,,,,,,,,,,,,,,,,,,,,,,1.0,,,,,,,,2.0,MadredsBloodrazor,GuinsoosRageblade,OrnnDeathsDefiance,,,,,,,,,,,,,,,,,,,,,,,,,,,,,,,,,,,,,,,,,,,,,,,,,,,,,,,,,,,,,,,,,,,,,2.0,,,,1.0,,,,,,,,,,,,,,,,,,,,,,,,,,,,,,,,1.0,,,,,,,,,,,,,,,,,,,,,,,,,,,,2.0,MageEmblemItem,BruiserEmblemItem,RunaansHurricane,,,,,,,,,,,,,3.0,DragonsClaw,WarmogsArmor,TitansResolve,,,,,,,,,,,,,2.0,TrainerSnax,None,None,2.0,,,,,,,,,,,,,,,,,,,,,,,,,,,,,,,,,,,
3,EUW1_5971401433,TFT6_Augment_CyberneticShell1,TFT6_Augment_Electrocharge2,TFT7_Augment_BigFriend2,1.0,,,2.0,,,1.0,0.0,,,1.0,,0.0,0.0,0.0,,0.0,,,,,,,,1.0,,1.0,2.0,,,,,,,,,,,,,,,,,,,,,,,,,,,,,,,,,,,,,,,,,,,,,,,,,2.0,UnstableConcoction,UnstableConcoction,GuinsoosRageblade,,,,,,,,,,,,,,,,,,,,,,,,,,,,,,,,,,,,,,,,,,,,,,,,,,,,,,,,,,,,,,,,,,,,,,,,,1.0,NeedlesslyLargeRod,,,,,,,2.0,,,,,,,,,,,,,,,,,,,,2.0,RedBuff,GargoyleStoneplate,DragonsClaw,,,,,,,,,,,,,,,,,,,,,2.0,,,,,,,,2.0,MadredsBloodrazor,,,,,,,,,,,,,None,None,,,,,,,,,,,,,,,,,,,,,,,,,1.0,WarmogsArmor,,,,,,,,,,
2,EUW1_5971401433,TFT6_Augment_Weakspot,TFT6_Augment_CelestialBlessing2,TFT6_Augment_TomeOfTraits1,1.0,,,1.0,,0.0,,0.0,,,3.0,,0.0,0.0,0.0,,1.0,,,,0.0,1.0,,1.0,1.0,,1.0,,,,,,,,,,,,,,,,,,,,,,,,,,,,,,,,,,,,,,,,,,,,,,,,,,,,,,,,,,,,,,,,,,2.0,,,,,,,,,,,,,,,,,,,,,,,,,,,,,,,,,,,,,,,,,,,,,,,,,,,,,,,,,,,,2.0,DragonsClaw,WarmogsArmor,BrambleVest,,,,,2.0,,,,,,,,,,,,,,,,,,,,2.0,,,,,,,,,,,,,,,,,,,,,,,,,,,,,,,,2.0,InfinityEdge,Quicksilver,GuinsoosRageblade,,,,,,,,,,,None,None,,,,,2.0,RagewingEmblemItem,,,,,,,,,,,,,,,2.0,GuildEmblemItem,GuinsoosRageblade,MadredsBloodrazor,1.0,GuardianAngel,,,,,,,2.0,,,
5,EUW1_5971401433,TFT7_Augment_BestFriends1,TFT7_Augment_LastStand,TFT7_Augment_BestFriends2,,1.0,,1.0,,,,,1.0,,1.0,,0.0,1.0,,1.0,,0.0,,,,,,1.0,0.0,1.0,,0.0,,,,,,,,,,,,,,,,,,,,,,,,,,,,,,,,,,,,,,,,,,,,,,,,,,,,,,,,,,,,,,,,,,,,,2.0,,,,3.0,GargoyleStoneplate,GiantsBelt,,,,,,,,,,,,,,,,,,,,,,,,,,2.0,,,,3.0,,,,,,,,,,,,,,,,,,,,2.0,,,,,,,,,,,,,,,,,,,,,,,,,,,,,,,,,,,,,,,,2.0,,,,,,,,,,,,2.0,,,,,,,,,,,,,,,,,,,,2.0,TrainerSnax,None,None,,,,,2.0,LastWhisper,MadredsBloodrazor,,3.0,GuinsoosRageblade,RunaansHurricane,Deathblade,,,,,,,,,,,,,,,,,,,,,,,,
1,EUW1_5971401433,TFT7_Augment_RagewingTrait,TFT7_Augment_RagewingScorch,TFT7_Augment_RagewingTantrum,,,,0.0,,0.0,1.0,1.0,,,,0.0,,,,,3.0,,,1.0,,,,1.0,,,0.0,,,,,,,,,,,,,,2.0,,,,,,,,,,,,,,,,,,,,,,,,,,,,,,,,,,,,,,,,,,,,,,,,,,,,2.0,,,,,,,,,,,,,,,,,,,,,,,,,,,,,,,,,,,,,,,,,,,,,,,,,,,,,,,,,,,,,,,,,,,,,,,,,,,,,,,,,,,,2.0,,,,2.0,Redemption,RedBuff,WarmogsArmor,2.0,ThiefsGloves,Bloodthirster,DragonsClaw,,,,,,,,,,,,,2.0,GuinsoosRageblade,StatikkShiv,,,,,,,,,,,,,,,,,,,,,,,,None,None,,,,,,,,,,,,,,,,,,,,,2.0,Quicksilver,GuinsoosRageblade,MadredsBloodrazor,,,,,,,,,,,,
2,EUW1_5971042513,TFT7_Augment_AssassinEmblem,TFT7_Augment_WhispersEmblem2,TFT6_Augment_TargetDummies,3.0,,,1.0,,,1.0,,,,1.0,,0.0,,,,0.0,,0.0,,0.0,,,,1.0,,,2.0,,,,,,,,,,,,,,,,,,,,,,,,,,,,,,,,,1.0,,,,,,,,,,,,,,,,2.0,TitansResolve,Bloodthirster,AssassinEmblemItem,,,,,,,,,,,,,,,,,,,,,,,,,,,,,,,,,1.0,,,,,,,,,,,,,,,,,,,,,,,,,,,,,,,,,,,,,,,,2.0,ThiefsGloves,WarmogsArmor,BrambleVest,2.0,RabadonsDeathcap,IonicSpark,FrozenHeart,2.0,WhispersEmblemItem,HextechGunblade,,,,,,,,,,,,,,,,,,,,,,,,,,,,,,,,,,,,,,,,,,,,,,,,,,2.0,HextechGunblade,FrozenHeart,RapidFireCannon,,,,,,,,,,,None,None,,,,,,,,,,,,,,,,,,,,,,,,,,,,,,,,,,,,
4,EUW1_5971042513,TFT6_Augment_RichGetRicher,TFT7_Augment_BestFriends3,TFT6_Augment_Diversify2,1.0,,,1.0,,1.0,,,,,3.0,,0.0,,,,1.0,,,,,,,1.0,1.0,,0.0,,,,,,,,,,,,,,,,,,,,,,,,,,,,,,,,,,,,,,,,,,,,,,,,,,,,,,,,,,,,,,,,,,2.0,RedBuff,,,,,,,,,,,,,,,,,,,,,,,,,,,,,,,,,,,,,,,,,,,,,,,,,,,,,,,,,,,2.0,,,,,,,,2.0,,,,,,,,2.0,Shroud,,,,,,,,,,,2.0,,,,,,,,,,,,,,,,,,,,,,,,,,,,,,,,1.0,TitansResolve,UnstableConcoction,GuardianAngel,,,,,,,,,,,None,None,,,,,2.0,PowerGauntlet,,,,,,,,,,,,,,,2.0,GuinsoosRageblade,Quicksilver,GuinsoosRageblade,,,,,,,,,,,,
8,EUW1_5971042513,TFT7_Augment_GuildLoot,TFT6_Augment_ForceOfNature,TFT6_Augment_SunfireBoard,1.0,0.0,1.0,1.0,,1.0,,,,,4.0,,,,,0.0,1.0,,,,,,,1.0,,,0.0,0.0,,,,,,,,,,,,,,,,,,,,,1.0,,,,,,,,,,,,,,,,,,,,,,,,,,,,,,,,,,,,,,,,,,,,2.0,WarmogsArmor,GargoyleStoneplate,,,,,,,,,,,,,,,,,,,,,,,,,,,,,,,,,,,,,,,,,,,,,,,,,,,,,,,,,,,,,,1.0,NeedlesslyLargeRod,,,,,,,,,,,2.0,,,,,,,,,,,,2.0,,,,,,,,1.0,,,,,,,,,,,,,,,,,,,,,,,,1.0,FrozenHeart,,,,,,,,,,,,,None,None,,,,,2.0,StatikkShiv,,,,,,,,,,,,,,,1.0,GuinsoosRageblade,MadredsBloodrazor,Quicksilver,,,,,,,,,,,,
7,EUW1_5971042513,TFT6_Augment_ThreesCompany,TFT6_Augment_RadiantRelics,TFT7_Augment_UrfsGrabBag1,,1.0,,1.0,,,,,0.0,,1.0,,,2.0,,1.0,,,,,,,,,,1.0,,0.0,,,,,,,,,,,,,,,,,,,,,,,,,,,,,,,,,,,,,,,,,,,,,,,,,,,,,,,,,,,,,,,,,,,,,2.0,,,,2.0,TitanicHydra,TitanicHydra,,,,,,,,,,,,,,,,,,,,,,,,,,1.0,GiantsBelt,,,3.0,ChaliceOfPowerRadiant,PowerGauntlet,,,,,,,,,,,,,,,,,,,,,,,,,,,,,,2.0,ArchangelsStaff,SpearOfShojin,ArchangelsStaff,,,,,,,,,,,,,,,,,,,,,,,,,,,,,,,,,,,,,2.0,BrambleVest,WarmogsArmor,,,,,,,,,,,,,,,,,,1.0,TrainerSnax,None,None,,,,,,,,,,,,,2.0,,,,,,,,,,,,,,,,,,,,,,,
6,EUW1_5971042513,TFT7_Augment_GadgetExpert,TFT7_Augment_UrfsGrabBag2,TFT6_Augment_Ascension,,,,,2.0,,1.0,,1.0,1.0,,,,,,0.0,,2.0,,,1.0,,,,,1.0,,,,,,,,,,,,,,,,,,,,,,,,,,,,,,,2.0,UnstableConcoction,GuinsoosRageblade,StatikkShiv,,,,,,,,,2.0,DragonsClaw,BrambleVest,WarmogsArmor,,,,,,,,,,,,,,,,,,,,,,,,,,,,,,,,,2.0,ZekesHerald,ZekesHerald,,,,,,,,,,,,,,,,,,,,,,2.0,GuardianEmblemItem,,,,,,,,,,,,,,,,,,,,,,,,,,,,,,,,,,,,,,,,,,,,,,,,,,,,,,,,,,,,,,,2.0,,,,,,,,,,,,,,,,,,,,,,,,,,,,,,,,3.0,TrainerSnax,None,None,2.0,LastWhisper,ShimmerscaleGamblersBlade,,,,,,,,,,,,,,,,,,,,,,,,,,,,,,,,,
5,EUW1_5971042513,TFT6_Augment_CalculatedLoss,TFT6_Augment_Electrocharge3,TFT7_Augment_MageEmblem,,1.0,,1.0,,,,,0.0,,1.0,,,3.0,,1.0,,,,,0.0,1.0,,,,1.0,,0.0,,,,,,,,,,,,,,,,,,,,,,,,,,,,,,,,,,,,,,,,,,,,,,,,,,,,,,,,,,,,,,,,,,,,,2.0,,,,3.0,MageEmblemItem,,,,,,,,,,,,,,,,,,,,,,,,,,,2.0,StatikkShiv,,,3.0,JeweledGauntlet,SpearOfShojin,,,,,,,,,,,,,,,,,,,,,,,,,,,,,,2.0,UnstableConcoction,,,,,,,,,,,,,,,,,,,,,,,,,,,,,,,,,,,,,,,2.0,GargoyleStoneplate,RedBuff,,,,,,,,,,,,,,,,,,2.0,TrainerSnax,None,None,,,,,,,,,,,,,3.0,ThiefsGloves,TearOfTheGoddess,SpearOfShojin,,,,,,,,,,,,,,,,,1.0,ArchangelsStaff,,
3,EUW1_5971042513,TFT6_Augment_ClearMind,TFT6_Augment_CyberneticShell3,TFT6_Augment_ComponentGrabBag,1.0,,,1.0,,1.0,,0.0,,,3.0,,0.0,,0.0,,1.0,,,,,,,1.0,1.0,,1.0,,,,,,,,,,,,,,,,,,,,,,,,,,,,,,,,,,,,,,,,,,,,,,,,,,,,,,,,,,,,,,,,,,2.0,RedBuff,SpearOfShojin,,,,,,,,,,,,,,,,,,,,,,,,,,,,,,,,,,,,,,,,,,,,,,,,,,,,,,,,,,2.0,ThiefsGloves,LocketOfTheIronSolari,GuinsoosRageblade,,,,,1.0,,,,,,,,2.0,Shroud,,,,,,,,,,,1.0,TitanicHydra,,,,,,,,,,,,,,,,,,,,,,,,,,,,,,,2.0,FrozenHeart,,,,,,,,,,,,,None,None,,,,,1.0,,,,,,,,,,,,,,,,2.0,GuinsoosRageblade,LastWhisper,InfinityEdge,2.0,ThiefsGloves,StatikkShiv,Deathblade,,,,,,,,
1,EUW1_5971042513,TFT7_Augment_ClutteredMind,TFT7_Augment_RevelEmblem2,TFT7_Augment_RevelPartyFavors,0.0,,,0.0,2.0,,1.0,0.0,1.0,,,,,,2.0,0.0,,4.0,,,,,,,,1.0,0.0,,,,,,,,,,,,,,,,,,,,,,,,,,,,,,2.0,ThiefsGloves,PowerGauntlet,Shroud,,,,,2.0,RevelEmblemItem,GuinsoosRageblade,Quicksilver,,,,,,,,,,,,,,,,,,,,,,,,,,,,,,,,,,,,,2.0,StatikkShiv,,,,,,,,,,,,,,,,,,,,,,,2.0,SpearOfShojin,,,,,,,,,,,,,,,,,,,,,,,,,,,,,,,,,,,,,,,,,,,,,,,,,,,,,,,,,,,,,,,2.0,SpearOfShojin,SpearOfShojin,AssassinEmblemItem,,,,,,,,,,,,,2.0,TitanicHydra,GargoyleStoneplate,,,,,,,,,,,,,,3.0,TrainerSnax,None,None,1.0,,,,,,,,,,,,,,,,,,,,,,,,2.0,TitansResolve,MadredsBloodrazor,GuardianAngel,,,,,,,,
2,EUW1_5971263602,TFT6_Augment_SunfireBoard,TFT6_Augment_PandorasItems,TFT6_Augment_Distancing,,,,,,3.0,1.0,0.0,,0.0,1.0,,,0.0,4.0,,0.0,,0.0,,,,,,,,1.0,,,,,,,,,,,,,,,,,,,,,,,,,,,,,,,,,,,,,,2.0,GuinsoosRageblade,StatikkShiv,MadredsBloodrazor,,,,,,,,,,,,,,,,,,,,,,,,,2.0,MirageEmblemItem,GiantsBelt,WarmogsArmor,,,,,,,,,,,,,,,,,,,,,,,,,1.0,,,,2.0,,,,,,,,,,,,,,,,,,,,3.0,Redemption,FrozenHeart,WarmogsArmor,,,,,,,,,,,,,,,,,,,,,2.0,,,,,,,,,,,,,,,,,,,,,,,,,,,,,,,,,,,,,,,,,,,,,,,,,,,,,,,,,,None,None,,,,,,,,,,,,,,,,,,,,,,,,,2.0,TitansResolve,MadredsBloodrazor,GargoyleStoneplate,2.0,GargoyleStoneplate,,,,,,
7,EUW1_5971263602,TFT6_Augment_TomeOfTraits1,TFT6_Augment_PandorasItems,TFT7_Augment_CavalierTrait,1.0,,,0.0,,3.0,,,,1.0,,,,0.0,1.0,,,,2.0,,,,,,,,0.0,,,,,,,,,,,,,,,,,,,,,,,,,,2.0,RedBuff,WarmogsArmor,CavalierEmblemItem,,,,,2.0,FrozenHeart,IonicSpark,,,,,,,,,,,,,,,,,,,,,,,,,,,,,,,,,,,,,,,,,,,,,,,,,,,,,,,,,,2.0,,,,3.0,HextechGunblade,TitansResolve,AssassinEmblemItem,,,,,,,,,,,,,,,,,2.0,,,,2.0,,,,,,,,,,,,,,,,,,,,,,,,,,,,,,,,,,,,,,,,,,,,,,,,,,,,,,,,,,,,,,,,,,,,,,,,,,,,,,None,None,,,,,,,,,,,,,,,,,,,,,,,,,,,,,,,,,,,,
3,EUW1_5971263602,TFT6_Augment_CyberneticImplants2,TFT6_Augment_CyberneticShell1,TFT6_Augment_CelestialBlessing1,1.0,,1.0,2.0,,,1.0,0.0,,,2.0,,0.0,0.0,0.0,0.0,,,0.0,,,,,,1.0,,1.0,2.0,,,,,,,,,,,,,,,,,,,,,1.0,,,,,,,,,,,,,,,,,,,,,,,,,,,,2.0,RunaansHurricane,Quicksilver,MadredsBloodrazor,,,,,,,,,,,,,,,,,,,,,,,,,,,,,,,,,,,,,,,,,,,,,,,,,,,,,,,,,,,,,,,,,,,,,2.0,NegatronCloak,,,2.0,RedBuff,,,,,,,2.0,NeedlesslyLargeRod,,,,,,,,,,,,,,,,,,,,,,,,,,,,,,,,,,,,,,,,,,,1.0,NeedlesslyLargeRod,,,,,,,2.0,ThiefsGloves,Morellonomicon,IonicSpark,,,,,,,,,,,None,None,,,,,,,,,,,,,,,,,,,,,,,,,1.0,TitansResolve,HextechGunblade,,,,,,,,,
8,EUW1_5971263602,TFT7_Augment_Bloodlust1,TFT6_Augment_CelestialBlessing1,TFT6_Augment_PandorasItems,,1.0,,2.0,,,1.0,0.0,,,,0.0,,0.0,,,,,,,,,,1.0,,,,2.0,,,,,,,,,,,,,1.0,,,,,,,,,,,,,,,,,,,,,,,,,,,,,,,,,,,,1.0,UnstableConcoction,,,,,,,,,,,,,,,,,,,,,,,2.0,RedBuff,,,,,,,,,,,,,,,,,,,,,,,,,,,,,,,,,,,,,,,,,,,,,,,,,,,,,,,,,,,,,,,,,,,,,,,,,,,,,,,,,,,,,,,2.0,,,,,,,,,,,,,,,,2.0,,,,,,,,,,,,,,,,,,,,,,None,None,,,,,,,,,2.0,GuinsoosRageblade,RunaansHurricane,,,,,,,,,,,,,,,,,,,,,,,,,
1,EUW1_5971263602,TFT6_Augment_ClearMind,TFT6_Augment_ThrillOfTheHunt1,TFT7_Augment_BestFriends1,1.0,,1.0,1.0,,2.0,,0.0,,,3.0,,0.0,,0.0,0.0,1.0,,,,,,,1.0,0.0,,1.0,0.0,,,,,,,,,,,,,,,,,,,,,2.0,Chalice,,,,,,,,,,,,,,,,,,,,,,,,,,,,,,,,,,,,,,,,,,,2.0,WarmogsArmor,Morellonomicon,,,,,,,,,,,,,,,,,,,,,,,,,,,,,,,,,,,,,,,,,,,,,,,,,,,,,,,,,,3.0,ThiefsGloves,,,2.0,Chalice,Shroud,CavalierEmblemItem,,,,,,,,,,,,,,,,,,,,,1.0,,,,,,,,,,,,,,,,,,,,,,,,,,,,,,,,1.0,,,,,,,,,,,,,,None,None,,,,,2.0,,,,,,,,,,,,,,,,3.0,GuinsoosRageblade,Quicksilver,MadredsBloodrazor,2.0,CavalierEmblemItem,RedBuff,DragonsClaw,,,,,,,,
5,EUW1_5971263602,TFT6_Augment_ThrillOfTheHunt2,TFT6_Augment_TinyTitans,TFT7_Augment_BestFriends1,,1.0,,1.0,,,,,0.0,,1.0,,,2.0,,1.0,,,,,,,,,,1.0,,0.0,,,,,,,,,,,,,,,,,,,,,,,,,,,,,,,,,,,,,,,,,,,,,,,,,,,,,,,,,,,,,,,,,,,,,2.0,Zephyr,,,3.0,GargoyleStoneplate,IonicSpark,,,,,,,,,,,,,,,,,,,,,,,,,,2.0,,,,3.0,ThiefsGloves,NegatronCloak,UnstableConcoction,,,,,,,,,,,,,,,,,,,,,,,,,,,,,2.0,SpearOfShojin,JeweledGauntlet,GuardianAngel,,,,,,,,,,,,,,,,,,,,,,,,,,,,,,,,,,,,,2.0,ChainVest,,,,,,,,,,,,,,,,,,,1.0,TrainerSnax,None,None,,,,,,,,,,,,,2.0,,,,,,,,,,,,,,,,,,,,,,,
4,EUW1_5971263602,TFT6_Augment_TrueTwos,TFT7_Augment_BandOfThieves1,TFT6_Augment_Diversify1,,,,1.0,2.0,,1.0,,1.0,,,,,0.0,,0.0,,2.0,,,,,,,,1.0,,2.0,,,,,,,,,,,,,,,,,,,,,,,,,,,,,1.0,GuinsoosRageblade,MadredsBloodrazor,MadredsBloodrazor,,,,,,,,,,,,,,,,,2.0,ThiefsGloves,ZekesHerald,RapidFireCannon,,,,,,,,,,,,,,,,,,,,,,,,,2.0,,,,,,,,,,,,,,,,,,,,,,,,1.0,,,,,,,,,,,,,,,,,,,,,,,,,,,,,,,,,,,,,,,,,,,,,,,,,,,,,,,,,,,,,,,,2.0,Morellonomicon,SpearOfShojin,JeweledGauntlet,,,,,,,,,2.0,GargoyleStoneplate,BrambleVest,,,,,,,,,,,,,,,,,,2.0,TrainerSnax,None,None,2.0,,,,,,,,,,,,,,,,,,,,,,,,,,,,,,,,,,,
6,EUW1_5971263602,TFT6_Augment_SunfireBoard,TFT7_Augment_BandOfThieves1,TFT7_Augment_BestFriends1,,,,,1.0,,1.0,,1.0,1.0,,,,,,0.0,,1.0,0.0,,1.0,,,,,1.0,,,,,,,,,,,,,,,,,,,,,,,,,,,2.0,,,,2.0,UnstableConcoction,InfinityEdge,ShimmerscaleGamblersBlade,,,,,,,,,2.0,WarmogsArmor,GargoyleStoneplate,IonicSpark,,,,,,,,,,,,,,,,,,,,,,,,,,,,,,,,,,,,,,,,,,,,,,,,,,,,,,,,,2.0,Shroud,TearOfTheGoddess,,,,,,,,,,,,,,,,,,,,,,,,,,,,,,,,,,,,,,,,,,,,,,,,,,,,,,,,,,,,,,2.0,ThiefsGloves,NeedlesslyLargeRod,ArchangelsStaff,,,,,,,,,,,,,,,,,,,,,,,,,,,,,2.0,TrainerSnax,None,None,1.0,,,,,,,,,,,,,,,,,,,,,,,,,,,,,,,,,,,
8,EUW1_5972045039,TFT6_Augment_Weakspot,TFT6_Augment_TriForce1,TFT7_Augment_GadgetExpert,,2.0,,1.0,,,,,,,,,,1.0,,0.0,,,,0.0,,,,0.0,,,,0.0,,,,,,,,,,,,,,,,,,,,,,,,,,,,,,,,,,,,,,,,,,,,,,,,,,,,,,,,,,,,,,,,,,,,,,,,,2.0,,,,,,,,,,,,,,,,,,,,,,,,,,,,,,,,3.0,HextechGunblade,,,,,,,3.0,InfinityEdge,RapidFireCannon,Bloodthirster,,,,,,,,,,,,,,,,,,,,,,,,,,,,,,,,,,,,,,,,,,,,,2.0,,,,,,,,,,,,,,,,1.0,,,,,,,,,,,,,,,,,,,,,,None,None,,,,,,,,,3.0,StatikkShiv,MadredsBloodrazor,GuinsoosRageblade,2.0,ThiefsGloves,Shroud,JeweledGauntlet,,,,,,,,,,,,,,,,,,,,
2,EUW1_5972045039,TFT7_Augment_GuildTrait,TFT7_Augment_BandOfThieves1,TFT6_Augment_PortableForge,1.0,,,1.0,,1.0,1.0,,,,3.0,,0.0,,,,2.0,,,0.0,,,,1.0,1.0,,0.0,,,,,,,,,,,,,,,,,,,,,,,,,,,,,,,,,,,,,,,,,,,,,,,,,,,,,,,,,,,,,,,,,,2.0,,,,,,,,,,,,,,,,,,,,,,,,,,,,,,,,,,,,,,,,,,,,,,,,,,,,,,,,,,,,2.0,BrambleVest,OrnnEternalWinter,,,,,,2.0,FrozenHeart,CavalierEmblemItem,,,,,,,,,,,,,,,,,,2.0,TitanicHydra,FrozenHeart,,1.0,,,,,,,,,,,,,,,,,,,,,,,,,,,,2.0,ThiefsGloves,RapidFireCannon,SpearOfShojin,,,,,,,,,,,None,None,,,,,1.0,Shroud,Zephyr,,,,,,,,,,,,,,2.0,UnstableConcoction,GuinsoosRageblade,RunaansHurricane,,,,,,,,,,,,
7,EUW1_5972045039,TFT6_Augment_Electrocharge1,TFT6_Augment_Weakspot,TFT7_Augment_CannoneerHotShot,,,1.0,,2.0,,1.0,,1.0,0.0,1.0,,,,,1.0,,2.0,,,1.0,,,,,1.0,,,,,,,,,,,,,,,,,,,,,,,1.0,,,,,,,,2.0,Quicksilver,GuinsoosRageblade,UnstableConcoction,,,,,,,,,2.0,DragonsClaw,RedBuff,ShimmerscaleMogulsMail,,,,,,,,,,,,,,,,,,,,,,,,,,,,,,,,,1.0,,,,,,,,,,,,,,,,,,,,,,,,2.0,,,,,,,,,,,,,,,,,,,,,,,,,,,,,,,,,,,,,,,,,,,,,,,,,,,,,,,,,,,,,,,,1.0,,,,,,,,,,,,,,,,,,,,,,,,,,,,,,,,1.0,TrainerSnax,None,None,2.0,LocketOfTheIronSolari,LastWhisper,,,,,,,,,,,,,,,,,,,,,,,,,,,,,,,,,
6,EUW1_5972045039,TFT7_Augment_CavalierTrait,TFT7_Augment_MageTrait,TFT6_Augment_CelestialBlessing2,,0.0,,0.0,,2.0,,,0.0,,1.0,,,3.0,,1.0,0.0,,0.0,,0.0,1.0,,,,1.0,,0.0,,,,,,,,,,,,,,,,,,,,,,,,,,,,,,,,,,,,,,,,,,,,,,,,,,,,,,,,,,,,,,,,,2.0,,,,2.0,,,,,,,,,,,,,,,,,,,,,,,,,,,,2.0,,,,2.0,,,,2.0,ArchangelsStaff,GuinsoosRageblade,,,,,,,,,,,,,,,,,,,,,,,,,,,,,,2.0,JeweledGauntlet,SpearOfShojin,MadredsBloodrazor,,,,,,,,,,,,,,,,,,,,,,,,,,,,,,,,,,,,,2.0,WarmogsArmor,TitanicHydra,RedBuff,,,,,,,,,,,,,,,,,3.0,TrainerSnax,None,None,,,,,,,,,,,,,,,,,,,,,,,,,,,,,,,,,1.0,,,
4,EUW1_5972045039,TFT6_Augment_ThrillOfTheHunt1,TFT7_Augment_RagewingTrait,TFT6_Augment_PortableForge,1.0,,,0.0,,,1.0,0.0,,,2.0,,0.0,,,,2.0,,,1.0,,,,1.0,1.0,,,,,,,,,,,,,,,,,,,,,,,,,,,,,,,,,,,,,,,,,,,,,,,,,,,,,,,,,,,,,,,,,,,,,,,,,,,,,,,,,,,,,,,,,,,,,,,,,,,,,,,,,,,,,,,,,,,,,,,,,,,,,,,,2.0,,,,,,,,2.0,FrozenHeart,WarmogsArmor,,,,,,,,,,,,,,,,,,,,,,1.0,TitansResolve,RedBuff,JeweledGauntlet,,,,,,,,,,,,,2.0,,,,,,,,,,,,2.0,ThiefsGloves,LocketOfTheIronSolari,TitanicHydra,,,,,,,,,,,None,None,,,,,2.0,BFSword,,,,,,,,,,,,,,,1.0,GuinsoosRageblade,Quicksilver,OrnnInfinityForce,,,,,,,,,,,,
3,EUW1_5972045039,TFT6_Augment_ItemGrabBag1,TFT6_Augment_Diversify1,TFT7_Augment_BestFriends2,0.0,0.0,,1.0,,,1.0,0.0,,,,0.0,,0.0,,,0.0,,,2.0,,,,,,,,3.0,,,,,,,,,,,,,,,,,,,,,,,,,,,,,,,,,,,,,,,,,,,,,,,,,2.0,Quicksilver,RedBuff,Bloodthirster,1.0,,,,,,,,,,,,,,,,,,,,,,,,,,,,,,,,,,,,,,,,,,,,,,,,,,,,,,,,2.0,GargoyleStoneplate,,,3.0,GuinsoosRageblade,TitansResolve,Deathblade,,,,,,,,,,,,,1.0,,,,,,,,,,,,,,,,,,,,,,,,,,,,,,,,,,,,,,,,,,,,2.0,StatikkShiv,GuinsoosRageblade,RabadonsDeathcap,2.0,,,,,,,,,,,,,,,,,,,,,,None,None,,,,,,,,,,,,,,,,,,,,,,,,,,,,,,,,,,,,
1,EUW1_5972045039,TFT6_Augment_Weakspot,TFT6_Augment_ThrillOfTheHunt1,TFT7_Augment_BruiserTitanicStrength,2.0,,,2.0,,,,0.0,,,1.0,,0.0,,0.0,,0.0,0.0,1.0,,,,,,1.0,,2.0,,,,,,,,,,,,,,,,,,,,,,,,,,,,,,,,,,3.0,IonicSpark,RedBuff,ZekesHerald,,,,,,,,,,,,,,,,,,,,,,,,,,,,,,,,,,,,,,,,,,,,,,,,,,,,,,,,,,,,,,,,,,,,,,,,,,,,,,,,,,,,,3.0,InfinityEdge,AssassinEmblemItem,RunaansHurricane,2.0,TitanicHydra,,,,,,,2.0,WarriorEmblemItem,,,,,,,,,,,,,,,,,,,2.0,,,,,,,,,,,,,,,,,,,,,,,,,,,,2.0,,,,2.0,ThiefsGloves,BFSword,ZekesHerald,,,,,,,,,,,None,None,,,,,,,,,,,,,,,,,,,,,,,,,1.0,,,,,,,,,,,
5,EUW1_5972045039,TFT7_Augment_SwiftshotTrait,TFT7_Augment_BestFriends1,TFT6_Augment_CyberneticShell2,,1.0,,2.0,,,,,,,1.0,,0.0,,,,0.0,,,,,,,2.0,1.0,,0.0,,,,,,,,,,,,,,,,,,,,,,,,,,,,,,,,,,,,,,,,,,,,,,,,,,,,,,,,,,2.0,NeedlesslyLargeRod,,,,,,,,,,,,,,,3.0,RedBuff,TitanicHydra,WarmogsArmor,,,,,,,,,,,,,,,,,,,,,,,,,,,,,,,,,,,,,,,,,,,,,,,,,1.0,,,,,,,,,,,,,,,,,,,,,,,,,,,,2.0,GargoyleStoneplate,,,,,,,2.0,,,,,,,,,,,,,,,,,,,,,,,,,,,,,,,,,,,,,,None,None,,,,,2.0,,,,3.0,MadredsBloodrazor,GuinsoosRageblade,RunaansHurricane,,,,,,,,,,,,,,,,,,,,,,,,
1,EUW1_5971883214,TFT7_Augment_CavalierEmblem2,TFT6_Augment_TomeOfTraits1,TFT6_Augment_Diversify2,,,1.0,,,3.0,1.0,0.0,1.0,,2.0,,,,3.0,1.0,0.0,0.0,,,,,,,,0.0,0.0,,,,,,,,,,,,,,,,,,,,,,1.0,TearOfTheGoddess,,,,,,,,,,,,,,,2.0,ArchangelsStaff,MadredsBloodrazor,ArchangelsStaff,,,,,,,,,,,,,,,,,,,,,,,,,2.0,MirageEmblemItem,,,,,,,,,,,,,,,,,,,,,,,,,,,,,,,,,,,2.0,PowerGauntlet,RunaansHurricane,ZekesHerald,,,,,,,,,,,,,2.0,RedBuff,DragonsClaw,GargoyleStoneplate,,,,,,,,,,,,,,,,,,,,,2.0,,,,,,,,,,,,,,,,,,,,,,,,1.0,,,,,,,,,,,,,,,,,,,,,,,,,,,,,,,,,,None,None,,,,,,,,,,,,,,,,,,,,,,,,,1.0,GuardianAngel,CavalierEmblemItem,SeraphsEmbrace,,,,,,,,
2,EUW1_5971883214,TFT6_Augment_ForceOfNature,TFT6_Augment_SecondWind2,TFT6_Augment_Ascension,1.0,,,1.0,,,1.0,,,,2.0,,0.0,0.0,,,2.0,,,0.0,0.0,1.0,,1.0,1.0,,0.0,,,,,,,,,,,,,,,,,,,,,,,,,,,,,,,,,,,,,,,,,,,,,,,,,,,,,,,,,,,,,,,,,,,,,,,,,,,,,,,,,,,,,,,,,,,,,,,,,,,,,,,,,,,,,,,,,,,,,,,,,,,,,,2.0,,,,,,,,1.0,,,,,,,,,,,,,,,,,,,,2.0,,,,1.0,WarmogsArmor,IonicSpark,ArchangelsStaff,,,,,,,,,,,,,,,,,,,,,,,,,2.0,RagewingEmblemItem,,,,,,,,,,,,,None,None,,,,,2.0,StatikkShiv,ZekesHerald,,,,,,,,,,,,,,2.0,MadredsBloodrazor,LastWhisper,InfinityEdge,,,,,,,,,2.0,TearOfTheGoddess,,
5,EUW1_5971883214,TFT7_Augment_ShimmerscaleTrait2,TFT6_Augment_Ascension,TFT6_Augment_JeweledLotus,0.0,,,,,,1.0,1.0,,0.0,,0.0,0.0,,0.0,,1.0,,,0.0,3.0,,1.0,0.0,,,1.0,,2.0,ThiefsGloves,InfinityEdge,MadredsBloodrazor,,,,,,,,,,,,,,,,,,,,,,,,,,,,,,,,,,,,,2.0,GargoyleStoneplate,RedBuff,TitansResolve,,,,,,,,,,,,,,,,,,,,,,,,,,,,,,,,,,,,,,,,,2.0,ShimmerscaleGoldmancersStaff,ShimmerscaleHeartOfGold,FrozenHeart,,,,,,,,,,,,,,,,,,,,,,,,,,,,,,,,,,,,,,,,,,,,,,,,,,,,,,,,,,,,,,,,,,,,,,,,,,,,,,,,,2.0,PowerGauntlet,NeedlesslyLargeRod,,2.0,,,,,,,,,,,,,,,,,,,,,,,,,,None,None,,,,,,,,,,,,,,,,,2.0,ShimmerscaleDiamondHands,,,2.0,MadredsBloodrazor,ShimmerscaleDravensAxe,GuinsoosRageblade,1.0,GuinsoosRageblade,MadredsBloodrazor,SeraphsEmbrace,,,,,,,,
8,EUW1_5971883214,TFT7_Augment_GuildEmblem2,TFT7_Augment_CavalierEmblem,TFT6_Augment_Distancing2,,,1.0,,,2.0,1.0,,,0.0,5.0,,,0.0,3.0,0.0,,,,,,,,0.0,,,0.0,,,,,,,,,,,,,,,,,,,,,,1.0,,,,,,,,,,,,,,,,1.0,GuildEmblemItem,MadredsBloodrazor,Quicksilver,,,,,,,,,,,,,,,,,,,,,,,,,,,,,,,,,,,,,,,,,,,,,,,,,,,,,2.0,GargoyleStoneplate,,,,,,,,,,,,,,,,,,,,,,,2.0,DragonsClaw,WarmogsArmor,IonicSpark,,,,,,,,,,,,,,,,,2.0,,,,2.0,,,,,,,,,,,,,,,,,,,,,,,,,,,,,,,,,,,,,,,,,,,,,,,,,,,,,,,,,,None,None,,,,,1.0,,,,,,,,,,,,,,,,,,,,,,,,2.0,CavalierEmblemItem,TitansResolve,TitansResolve,,,,
4,EUW1_5971883214,TFT7_Augment_WhispersEmblem2,TFT7_Augment_FirstAidKit2,TFT6_Augment_CyberneticShell2,2.0,0.0,,1.0,,,1.0,,,,1.0,0.0,,0.0,,,,,0.0,1.0,,,,,,,,3.0,,,,,,,,,,,,,,,,,,,,,,,,,,,,,,,,,1.0,,,,,,,,,,,,,,,,2.0,TitansResolve,InfinityEdge,AssassinEmblemItem,,,,,,,,,,,,,,,,,,,,,,,,,,,,,,,,,,,,,,,,,,,,,,,,,,,,,,,,,2.0,TearOfTheGoddess,,,3.0,GuinsoosRageblade,WhispersEmblemItem,RapidFireCannon,,,,,,,,,,,,,1.0,TitansResolve,,,,,,,,,,,,,,,,,,,,,,,,,,,,,,,,,,,,,,,,,,,,,,,2.0,TitansResolve,FrozenHeart,Shroud,,,,,1.0,MadredsBloodrazor,,,,,,,,,,,,,None,None,,,,,,,,,,,,,,,,,,,,,,,,,,,,,,,,,,,,
3,EUW1_5971883214,TFT7_Augment_CavalierEmblem2,TFT7_Augment_CavalierEmblem,TFT6_Augment_SalvageBin,,,1.0,,,3.0,1.0,0.0,1.0,,2.0,,,,3.0,1.0,0.0,0.0,,,,,,,,0.0,0.0,,,,,,,,,,,,,,,,,,,,,,1.0,StatikkShiv,,,,,,,,,,,,,,,2.0,InfinityEdge,JeweledGauntlet,ArchangelsStaff,,,,,,,,,,,,,,,,,,,,,,,,,2.0,LocketOfTheIronSolari,MirageEmblemItem,,,,,,,,,,,,,,,,,,,,,,,,,,,,,,,,,,2.0,RunaansHurricane,,,,,,,,,,,,,,,2.0,BrambleVest,RedBuff,,,,,,,,,,,,,,,,,,,,,,2.0,,,,,,,,,,,,,,,,,,,,,,,,1.0,,,,,,,,,,,,,,,,,,,,,,,,,,,,,,,,,,None,None,,,,,,,,,,,,,,,,,,,,,,,,,1.0,CavalierEmblemItem,TitansResolve,UnstableConcoction,,,,,,,,
7,EUW1_5971883214,TFT7_Augment_TomeOfTraits2,TFT6_Augment_CyberneticShell2,TFT7_Augment_PandorasBench,,0.0,,1.0,,,,,1.0,,1.0,,,2.0,,2.0,,,,,0.0,1.0,,,,1.0,,0.0,,,,,,,,,,,,,,,,,,,,,,,,,,,,,,,,,,,,,,,,,,,,,,,,,,,,,,,,,,,,,,,,,,,,,2.0,MysticEmblemItem,,,3.0,RedBuff,IonicSpark,DragonsClaw,,,,,,,,,,,,,,,,,,,,,,,,,2.0,,,,3.0,,,,,,,,,,,,,,,,,,,,,,,,,,,,,,,,3.0,ArchangelsStaff,EvokerEmblemItem,SpearOfShojin,,,,,,,,,,,,,,,,,,,,,,,,,,,,,,,,,,,,,2.0,BrambleVest,TitanicHydra,,,,,,,,,,,,,,,,,,1.0,TrainerSnax,None,None,,,,,,,,,,,,,,,,,,,,,,,,,,,,,,,,,1.0,PowerGauntlet,,
6,EUW1_5971883214,TFT6_Augment_LudensEcho3,TFT6_Augment_Meditation2,TFT6_Augment_SalvageBin,,1.0,1.0,1.0,,,,,0.0,,2.0,,,2.0,,2.0,,,,,,,,,,1.0,,0.0,,,,,,,,,,,,,,,,,,,,,1.0,,,,,,,,,,,,,,,,,,,,,,,,,,,,,,,,,,,,,,,,,,,,,,,,2.0,,,,2.0,IonicSpark,TitansResolve,,,,,,,,,,,,,,,,,,,,,,,,,,2.0,Chalice,,,3.0,GuinsoosRageblade,BFSword,,,,,,,,,,,,,,,,,,,,,,,,,,,,,,2.0,ArchangelsStaff,SeraphsEmbrace,HextechGunblade,,,,,,,,,,,,,,,,,,,,,,,,,,,,,,,,,,,,,2.0,ThiefsGloves,RedBuff,GargoyleStoneplate,,,,,,,,,,,,,,,,,1.0,TrainerSnax,None,None,,,,,,,,,,,,,2.0,,,,,,,,,,,,,,,,,,,,,,,
2,EUW1_5971889529,TFT6_Augment_CyberneticUplink2,TFT6_Augment_Diversify1,TFT6_Augment_CyberneticShell2,1.0,,1.0,0.0,,0.0,1.0,0.0,,,2.0,,0.0,,0.0,0.0,2.0,,,0.0,,,,1.0,1.0,,0.0,,,,,,,,,,,,,,,,,,,,,,2.0,FrozenHeart,,,,,,,,,,,,,,,,,,,,,,,,,,,,,,,,,,,,,,,,,,,2.0,SeraphsEmbrace,,,,,,,,,,,,,,,,,,,,,,,,,,,,,,,,,,,,,,,,,,,,,,,,,,,,,,,,,,,2.0,StatikkShiv,,,,,,,1.0,,,,,,,,,,,,,,,,,,,,,,,,2.0,TitanicHydra,,,,,,,,,,,,,,,,,,,,,,,,,,,2.0,RedBuff,,,,,,,,,,,,,None,None,,,,,,,,,,,,,,,,,,,,,2.0,InfinityEdge,MadredsBloodrazor,GuinsoosRageblade,2.0,RagewingEmblemItem,SwiftshotEmblemItem,DragonsClaw,,,,,,,,
4,EUW1_5971889529,TFT6_Augment_TrueTwos,TFT6_Augment_Diversify1,TFT6_Augment_PortableForge,1.0,,,1.0,,1.0,,,,,3.0,,0.0,,,,1.0,,,,,,,1.0,1.0,,0.0,,,,,,,,,,,,,,,,,,,,,,,,,,,,,,,,,,,,,,,,,,,,,,,,,,,,,,,,,,,,,,,,,,2.0,RedBuff,,,,,,,,,,,,,,,,,,,,,,,,,,,,,,,,,,,,,,,,,,,,,,,,,,,,,,,,,,,2.0,OrnnObsidianCleaver,Morellonomicon,RunaansHurricane,,,,,2.0,StatikkShiv,,,,,,,2.0,,,,,,,,,,,,2.0,NegatronCloak,,,,,,,,,,,,,,,,,,,,,,,,,,,,,,,2.0,ThiefsGloves,TearOfTheGoddess,HextechGunblade,,,,,,,,,,,None,None,,,,,2.0,,,,,,,,,,,,,,,,2.0,MadredsBloodrazor,UnstableConcoction,RapidFireCannon,,,,,,,,,,,,
7,EUW1_5971889529,TFT6_Augment_LudensEcho2,TFT6_Augment_Meditation1,TFT6_Augment_SecondWind2,,1.0,,1.0,,,,0.0,,,1.0,,0.0,1.0,0.0,0.0,,,,,,,,0.0,0.0,,0.0,,,,,,,,,,,,,,,,,,,,,,,,,,,,,,,,,,,,,,,,,,,,,,,,,,,,,,,,,,,,,,,,,,,,,,,,,,3.0,,,,,,,,,,,,,,,,,,,,,,,,,,,,,,,,3.0,,,,,,,,,,,,,,,,,,,,1.0,,,,,,,,,,,,2.0,TearOfTheGoddess,,,,,,,,,,,,,,,,,,,,,,,,,,,,,,,,,,,,,,,,,,,,,,,,,,,,,,,,,,,,,None,None,,,,,,,,,3.0,Deathblade,StatikkShiv,RunaansHurricane,3.0,GargoyleStoneplate,NegatronCloak,,,,,,,,,,1.0,Bloodthirster,TitanicHydra,,,,,,,,,
3,EUW1_5971889529,TFT7_Augment_SwiftshotEmblem,TFT6_Augment_TinyTitans,TFT7_Augment_SwiftshotPressTheAttack,,1.0,1.0,2.0,,,,,,,2.0,0.0,0.0,0.0,,0.0,,,,,,,1.0,2.0,1.0,,,0.0,,,,,,,,,,,,,,,,,,,,,1.0,,,,,,,,,,,,,,,,,,,,,,,,,,,,,,,,,,,,2.0,,,,,,,,,,,,,,,,3.0,LocketOfTheIronSolari,SeraphsEmbrace,WarmogsArmor,,,,,,,,,,,,,,,,,,,,,,,,,,,,,,,,,,,,,,,,,,,,,,,,,1.0,SwiftshotEmblemItem,,,,,,,,,,,,,,,,,,,,,,,,,,,,,,,,,,,2.0,,,,,,,,1.0,ForceOfNature,,,,,,,2.0,GargoyleStoneplate,RedBuff,,,,,,,,,,,,,,,,,,,,None,None,,,,,1.0,Zephyr,,,3.0,RunaansHurricane,ZekesHerald,GuinsoosRageblade,,,,,,,,,,,,,,,,,,,,,,,,
8,EUW1_5971889529,TFT6_Augment_CelestialBlessing2,TFT6_Augment_Weakspot,TFT7_Augment_PandorasBench,2.0,,,1.0,,,1.0,,,,,,0.0,0.0,,,0.0,,0.0,,0.0,,,,1.0,,,2.0,,,,,,,,,,,,,,,,,,,,,,,,,,,,,,,,,2.0,,,,,,,,,,,,,,,,1.0,InfinityEdge,,,,,,,,,,,,,,,,,,,,,,,,,,,,,,,,,,,2.0,,,,,,,,,,,,,,,,,,,,,,,,,,,,,,,,,,,,,,,,1.0,,,,1.0,JeweledGauntlet,InfinityEdge,ArchangelsStaff,2.0,,,,,,,,,,,,,,,,,,,,,,,,,,,,,,,,,,,,,,,,,,,,2.0,WarmogsArmor,GargoyleStoneplate,,,,,,,,,,,,,,,,,,,,None,None,,,,,,,,,,,,,,,,,,,,,,,,,,,,,,,,,,,,
5,EUW1_5971889529,TFT7_Augment_GadgetExpert,TFT6_Augment_SecondWind1,TFT7_Augment_SwiftshotPressTheAttack,,,1.0,1.0,,0.0,1.0,,,,2.0,,,0.0,,0.0,1.0,,,,,,,1.0,,,0.0,2.0,,,,,,,,,,,,,,,,,,,,,1.0,StatikkShiv,,,,,,,,,,,,,,,,,,,,,,,,,,,2.0,IonicSpark,ZekesHerald,Quicksilver,,,,,,,,,,,,,2.0,,,,,,,,,,,,,,,,,,,,,,,,,,,,,,,,,,,,,,,,,,,,,,,,,,,,,,,,,,,,,,,,,,,,,,,,,,,,,,,,,,,,,,,,2.0,,,,,,,,,,,,,,,,,,,,,,,,2.0,JeweledGauntlet,GiantsBelt,,,,,,,,,,,,,,,,,,,,None,None,,,,,2.0,MadredsBloodrazor,,,,,,,,,,,,,,,2.0,StatikkShiv,Quicksilver,GuinsoosRageblade,,,,,,,,,,,,
6,EUW1_5971889529,TFT7_Augment_BruiserPersonalTraining,TFT7_Augment_ScalescornTrait,TFT7_Augment_BruiserTitanicStrength,1.0,,,2.0,,,,,,0.0,1.0,,0.0,0.0,,,0.0,,2.0,,,,,,0.0,,1.0,0.0,,,,,,,,,,,,,,,,,,,,,,,,,2.0,,,,,,,,2.0,FrozenHeart,GiantsBelt,RedBuff,,,,,,,,,,,,,,,,,,,,,,,,,,,,,,,,,,,,,,,,,,,,,,,,,,,,,,,,,,,,,,,,,,,,,,,,,,,,,,,,,,,,,2.0,AssassinEmblemItem,RapidFireCannon,Deathblade,2.0,WarmogsArmor,,,,,,,,,,,,,,,,,,,,,,,,,,,2.0,,,,,,,,,,,,,,,,,,,,,,,,2.0,,,,,,,,2.0,Bloodthirster,,,,,,,,,,,,,None,None,,,,,,,,,,,,,,,,,,,,,,,,,,,,,,,,,,,,
1,EUW1_5971889529,TFT7_Augment_GadgetExpert,TFT6_Augment_SecondWind1,TFT7_Augment_RagewingScorch,,,,,,,1.0,1.0,,,,0.0,,,0.0,,2.0,,,2.0,,,,0.0,,,0.0,,,,,,,,,,,,,,,,,,,,,,,,,,,,,,,,,,,,,,,,,,,,,,,,,,,,,,,,,,,,,,2.0,,,,,,,,,,,,,,,,,,,,,,,,,,,,,,,,,,,,,,,,,,,,,,,,2.0,ArchangelsStaff,,,,,,,,,,,,,,,,,,,,,,,,,,,,,,,,,,,,,,,2.0,,,,,,,,2.0,BrambleVest,GuardianAngel,RedBuff,,,,,,,,,,,,,3.0,StatikkShiv,Quicksilver,GuinsoosRageblade,,,,,,,,,,,,,,,,,,,,,,,None,None,,,,,,,,,,,,,,,,,,,,,2.0,ZekesHerald,ZekesHerald,LastWhisper,2.0,InfinityEdge,RedBuff,,,,,,,,,
8,EUW1_5971767986,TFT7_Augment_TempestEmblem,TFT6_Augment_ThriftShop,TFT6_Augment_GrandGambler,,0.0,,1.0,,1.0,,,,,1.0,,0.0,2.0,,,0.0,,0.0,,,,,,1.0,0.0,,0.0,,,,,,,,,,,,,,,,,,,,,,,,,,,,,,,,,,,,,,,,,,,,,,,,,,,,,,,,,,,,,,,,,1.0,,,,3.0,Zephyr,,,,,,,,,,,,,,,,,,,,,,,,,,,2.0,TempestEmblemItem,,,,,,,,,,,,,,,,,,,,,,,,,,,1.0,MadredsBloodrazor,,,,,,,,,,,2.0,JeweledGauntlet,,,,,,,,,,,,,,,,,,,,,,,,,,,,,,,,,,,,,,,2.0,,,,,,,,,,,,,,,,,,,,,,None,None,,,,,,,,,,,,,2.0,,,,,,,,,,,,,,,,,,,,,,,
1,EUW1_5971767986,TFT7_Augment_GuildEmblem,TFT7_Augment_CursedCrown,TFT6_Augment_ItemGrabBag2,1.0,,1.0,1.0,,1.0,1.0,,,,5.0,,0.0,,,0.0,2.0,,,0.0,,,,1.0,1.0,,0.0,,,,,,,,,,,,,,,,,,,,,,1.0,,,,,,,,,,,,,,,,,,,,,,,,,,,,,,,,,,,,,,,,,,,,2.0,NegatronCloak,,,,,,,,,,,,,,,,,,,,,,,,,,,,,,,,,,,,,,,,,,,,,,,,,,,,,,,,,,,2.0,Redemption,RedBuff,,,,,,2.0,ThiefsGloves,Bloodthirster,HextechGunblade,,,,,2.0,TitanicHydra,,,,,,,,,,,2.0,,,,2.0,RabadonsDeathcap,GuardianAngel,Zephyr,,,,,,,,,,,,,,,,,,,,,,,,,2.0,RedBuff,FrozenHeart,LastWhisper,,,,,,,,,,,None,None,,,,,2.0,,,,,,,,,,,,,,,,2.0,MadredsBloodrazor,GuildEmblemItem,GuinsoosRageblade,,,,,,,,,,,,
6,EUW1_5971767986,TFT7_Augment_RevelPartyTime,TFT6_Augment_CyberneticImplants3,TFT6_Augment_CyberneticShell3,,,,,2.0,,1.0,,1.0,1.0,,,,,,0.0,,2.0,,,1.0,,,,,1.0,,0.0,,,,,,,,,,,,,,,,,,,,,,,,,,,,,1.0,GuinsoosRageblade,Deathblade,RecurveBow,,,,,,,,,2.0,BrambleVest,GargoyleStoneplate,,,,,,,,,,,,,,,,,,,,,,,,,,,,,,,,,,2.0,ZekesHerald,,,,,,,,,,,,,,,,,,,,,,,2.0,ShimmerscaleGoldmancersStaff,,,,,,,,,,,,,,,,,,,,,,,,,,,,,,,,,,,,,,,,,,,,,,,,,,,,,,,,,,,,,,,1.0,,,,,,,,,,,,,,,,,,,,,,,,,,,,1.0,,,,2.0,TrainerSnax,None,None,1.0,ThiefsGloves,GiantsBelt,RedBuff,,,,,,,,,,,,,,,,,,,,,,,,,,,,,,,,
5,EUW1_5971767986,TFT7_Augment_RevelPartyTime,TFT7_Augment_BestFriends3,TFT6_Augment_Diversify3,,,1.0,1.0,0.0,,1.0,,1.0,,1.0,,,0.0,,1.0,,1.0,,,,,,,,1.0,,2.0,,,,,,,,,,,,,,,,,,,,,1.0,,,,,,,,1.0,RunaansHurricane,LastWhisper,MadredsBloodrazor,,,,,,,,,,,,,,,,,2.0,Morellonomicon,,,,,,,,,,,,,,,,,,,1.0,,,,,,,,,,,,,,,,,,,,,,,,,,,,,,,,2.0,,,,,,,,,,,,,,,,,,,,,,,,,,,,,,,,,,,,,,,,,,,,,,,,,,,,,,,,,,,,,,,,2.0,ArchangelsStaff,StatikkShiv,,,,,,,,,,2.0,RedBuff,NegatronCloak,,,,,,,,,,,,,,,,,,2.0,TrainerSnax,None,None,,,,,,,,,,,,,,,,,,,,,,,,,,,,,,,,,,,,
3,EUW1_5971767986,TFT6_Augment_SunfireBoard,TFT6_Augment_VerdantVeil,TFT6_Augment_ItemGrabBag2,0.0,,1.0,,,0.0,1.0,1.0,,,2.0,1.0,,,,0.0,2.0,,,2.0,,,,1.0,,,,,,,,,,,,,,,,,2.0,ForceOfNature,,,,,,,1.0,,,,,,,,,,,,,,,,,,,,,,,,,,,,,,,,,,,,,,,,2.0,DragonmancerEmblemItem,,,1.0,,,,,,,,,,,,,,,,,,,,,,,,,,,,,,,,,,,,,,,,,,,,1.0,WarmogsArmor,GargoyleStoneplate,Redemption,,,,,,,,,,,,,,,,,,,,,,,,,,,,,,,,,,,,,,,,,,,,,1.0,TitansResolve,TitansResolve,Morellonomicon,,,,,,,,,,,,,2.0,GuinsoosRageblade,LastWhisper,,,,,,,,,,1.0,,,,,,,,,,,,,,None,None,,,,,,,,,,,,,,,,,,,,,2.0,InfinityEdge,MadredsBloodrazor,GuinsoosRageblade,,,,,,,,,,,,
4,EUW1_5971767986,TFT6_Augment_ThrillOfTheHunt2,TFT7_Augment_BestFriends3,TFT6_Augment_GrandGambler,1.0,,,2.0,,,1.0,,,0.0,,,0.0,0.0,,,,,0.0,0.0,,,,,1.0,,0.0,3.0,,,,,,,,,,,,,,,,,,,,,,,,,,,,,,,,,,,,,,,,,,,,,,,,,2.0,AssassinEmblemItem,Bloodthirster,InfinityEdge,3.0,HextechGunblade,GuardianAngel,TitansResolve,,,,,,,,,,,,,,,,,,,,,,,,,,,,,,,,,,,,,,,,,,,,,,,,,,,,,,,,,,,,,,,,,2.0,PowerGauntlet,,,1.0,,,,,,,,1.0,,,,,,,,,,,,,,,,,,,,,,,,,,,,,,,,,,,,,,,,,,,,2.0,WarmogsArmor,BrambleVest,,,,,,,,,,,,,,2.0,,,,,,None,None,,,,,,,,,,,,,,,,,,,,,,,,,,,,,,,,,,,,
2,EUW1_5971767986,TFT6_Augment_Meditation2,TFT7_Augment_BestFriends3,TFT6_Augment_CelestialBlessing3,,0.0,,2.0,,,1.0,0.0,,,1.0,0.0,0.0,0.0,0.0,,,,,,,,1.0,1.0,0.0,,0.0,2.0,,,,,,,,,,,,,,,,,,,,,,,,,,,,,,,,,,,,,,,,,,,,,,,,,2.0,GuinsoosRageblade,Bloodthirster,,,,,,,,,,,,,,,,,,,,,,3.0,DragonsClaw,WarmogsArmor,RedBuff,,,,,,,,,,,,,,,,,,,,,,,,,,,,,,,,,,,,,,,,,,,,,,,,,2.0,,,,,,,,,,,,,,,,,,,,,,,,,,,,,,,,,,,,,,,,,,,,2.0,ArchangelsStaff,TearOfTheGoddess,,,,,,1.0,,,,,,,,,,,,,,,,,,,,,,None,None,,,,,2.0,,,,3.0,GuinsoosRageblade,MadredsBloodrazor,GuinsoosRageblade,,,,,,,,,,,,,2.0,SeraphsEmbrace,UnstableConcoction,,,,,,,,,
7,EUW1_5971767986,TFT6_Augment_SalvageBin,TFT6_Augment_ThriftShop,TFT7_Augment_TomeOfTraits2,,,,,,4.0,1.0,,,0.0,2.0,,,0.0,3.0,,0.0,,0.0,,,,,,,,0.0,,,,,,,,,,,,,,,,,,,,,,,,,,,,,,,,,,,,,,2.0,InfinityEdge,ArchangelsStaff,JeweledGauntlet,,,,,,,,,,,,,,,,,,,,,,,,,1.0,,,,,,,,,,,,,,,,,,,,,,,,,,,,2.0,,,,1.0,,,,,,,,,,,,,,,,,,,,2.0,GuildEmblemItem,FrozenHeart,GargoyleStoneplate,,,,,,,,,,,,,,,,,,,,,2.0,,,,,,,,,,,,,,,,,,,,,,,,,,,,,,,,,,,,,,,,,,,,,,,,,,,,,,,,,,None,None,,,,,,,,,,,,,,,,,,,,,,,,,,,,,2.0,CavalierEmblemItem,UnstableConcoction,InfinityEdge,,,,
5,EUW1_5971733579,TFT7_Augment_WarriorEmblem,TFT6_Augment_Electrocharge3,TFT6_Augment_PandorasItems,1.0,,,1.0,,0.0,,0.0,,0.0,,,0.0,0.0,0.0,,0.0,,2.0,,,,,,1.0,,2.0,,,,,,,,,,,,,,,,,,,,,,,,,,2.0,ThiefsGloves,RecurveBow,RunaansHurricane,,,,,2.0,WarriorEmblemItem,FrozenHeart,,,,,,,,,,,,,,,,,,,,,,,,,,,,,,,,,,,,,,,,,,,,,,,,,,,,,,,,,,,,,,2.0,RapidFireCannon,,,,,,,,,,,,,,,,,,,,,,,2.0,RunaansHurricane,InfinityEdge,RapidFireCannon,1.0,ThiefsGloves,LocketOfTheIronSolari,TitanicHydra,,,,,1.0,,,,,,,,,,,,,,,,,,,,2.0,LocketOfTheIronSolari,GiantsBelt,,,,,,,,,,,,,,,,,,,,,,,,,,,,,,,,,,,,,,,,,,,,None,None,,,,,,,,,,,,,,,,,,,,,,,,,1.0,ThiefsGloves,Redemption,LastWhisper,,,,,,,,
4,EUW1_5971733579,TFT6_Augment_LudensEcho2,TFT6_Augment_MaxLevel10,TFT6_Augment_CelestialBlessing1,,,1.0,1.0,,,1.0,,0.0,,1.0,,0.0,1.0,,1.0,,,,,0.0,1.0,,,2.0,1.0,,0.0,,,,,,,,,1.0,SpearOfShojin,UnstableConcoction,ArchangelsStaff,,,,,,,,,2.0,,,,,,,,,,,,,,,,,,,,,,,,,,,,,,,,,,,,,,,,,,,,,,,,2.0,Zephyr,,,,,,,,,,,,,,,,,,,,,,,,,,,,,,,2.0,,,,,,,,,,,,,,,,,,,,,,,,2.0,WarmogsArmor,,,,,,,,,,,,,,,,,,,,,,,,,,,,,,,,,,,,,,,,,,,,,,,,,,,2.0,RedBuff,TitansResolve,Shroud,,,,,,,,,,,,,,,,,3.0,TrainerSnax,None,None,,,,,,,,,,,,,,,,,,,,,,,,,,,,,,,,,1.0,StatikkShiv,MadredsBloodrazor,ArchangelsStaff
2,EUW1_5971733579,TFT6_Augment_Meditation2,TFT7_Augment_CursedCrown,TFT6_Augment_SecondWind1,,,,,,,1.0,0.0,1.0,1.0,,3.0,0.0,,,2.0,,,0.0,1.0,,,1.0,0.0,,0.0,,,,,,,2.0,ArchangelsStaff,ArchangelsStaff,SeraphsEmbrace,,,,,2.0,,,,,,,,,,,,2.0,,,,,,,,,,,,,,,,,,,,2.0,Bloodthirster,TitansResolve,MadredsBloodrazor,,,,,,,,,,,,,2.0,MysticEmblemItem,Zephyr,,,,,,,,,,,,,,,,,,,,,,,,,,,,,,,,,,,,,,2.0,,,,,,,,2.0,Morellonomicon,HextechGunblade,,,,,,,,,,,,,,,,,,,,,,,,,,,,,,,,,,,,,,,,,,,,,,,,,,,,,,,,,,2.0,LocketOfTheIronSolari,LocketOfTheIronSolari,,,,,,,,,,,,,,,,,,2.0,TitanicHydra,,,,,,,,,None,None,,,,,,,,,,,,,,,,,,,,,,,,,,,,,,,,,,,,
1,EUW1_5971733579,TFT6_Augment_MakeshiftArmor2,TFT7_Augment_BestFriends3,TFT6_Augment_Diversify1,1.0,,1.0,1.0,,0.0,,0.0,,,3.0,,0.0,,0.0,0.0,1.0,,,,,,,1.0,1.0,,1.0,,,,,,,,,,,,,,,,,,,,,,1.0,,,,,,,,,,,,,,,,,,,,,,,,,,,,,,,,,,,,,,,,,,,,2.0,ThiefsGloves,RunaansHurricane,TitanicHydra,,,,,,,,,,,,,,,,,,,,,,,,,,,,,,,,,,,,,,,,,,,,,,,,,,,,,,,,,1.0,,,,,,,,2.0,,,,,,,,,,,,,,,,,,,,2.0,Shroud,,,,,,,,,,,,,,,,,,,,,,,,,,,,,,,2.0,InfinityEdge,ZekesHerald,FrozenHeart,,,,,,,,,,,None,None,,,,,1.0,,,,,,,,,,,,,,,,2.0,Quicksilver,GuinsoosRageblade,MadredsBloodrazor,2.0,ZekesHerald,MadredsBloodrazor,Quicksilver,,,,,,,,
7,EUW1_5971733579,TFT6_Augment_ThrillOfTheHunt2,TFT6_Augment_Diversify3,TFT6_Augment_PandorasItems,1.0,,,1.0,,0.0,,,,,2.0,,0.0,,,,1.0,,,,,,,1.0,1.0,,0.0,,,,,,,,,,,,,,,,,,,,,,,,,,,,,,,,,,,,,,,,,,,,,,,,,,,,,,,,,,,,,,,,,,1.0,,,,,,,,,,,,,,,,,,,,,,,,,,,,,,,,,,,,,,,,,,,,,,,,,,,,,,,,,,,,2.0,IonicSpark,,,,,,,2.0,FrozenHeart,StatikkShiv,,,,,,,,,,,,,,,,,,1.0,,,,,,,,,,,,,,,,,,,,,,,,,,,,,,,,1.0,InfinityEdge,,,,,,,,,,,,,None,None,,,,,1.0,Zephyr,,,,,,,,,,,,,,,2.0,NeedlesslyLargeRod,MadredsBloodrazor,Quicksilver,,,,,,,,,,,,
3,EUW1_5971733579,TFT6_Augment_PortableForge,TFT7_Augment_Preparation3,TFT7_Augment_BestFriends1,0.0,0.0,,2.0,,,1.0,,,,1.0,,0.0,0.0,,,,,,,,,,1.0,1.0,,,2.0,,,,,,,,,,,,,,,,,,,,,,,,,,,,,,,,,,,,,,,,,,,,,,,,,1.0,UnstableConcoction,Quicksilver,UnstableConcoction,,,,,,,,,,,,,,,,,,,,,3.0,RedBuff,DragonsClaw,OrnnEternalWinter,,,,,,,,,,,,,,,,,,,,,,,,,,,,,,,,,,,,,,,,,,,,,,,,,2.0,ThiefsGloves,Redemption,BrambleVest,,,,,2.0,,,,,,,,,,,,,,,,,,,,,,,,,,,,,,,,,,,,,,,,,,,,2.0,ArchangelsStaff,,,,,,,,,,,,,,,,,,,,,None,None,,,,,2.0,RecurveBow,StatikkShiv,,3.0,InfinityEdge,Deathblade,GuinsoosRageblade,,,,,,,,,,,,,,,,,,,,,,,,
6,EUW1_5971733579,TFT6_Augment_Electrocharge2,TFT6_Augment_LudensEcho3,TFT7_Augment_MysticTrait,,1.0,,1.0,,,,,0.0,,1.0,,,3.0,,2.0,,,,,0.0,1.0,,,,1.0,,0.0,,,,,,,,,,,,,,,,,,,,,,,,,,,,,,,,,,,,,,,,,,,,,,,,,,,,,,,,,,,,,,,,,,,,,2.0,,,,2.0,MageEmblemItem,Zephyr,BrambleVest,,,,,,,,,,,,,,,,,,,,,,,,,2.0,,,,3.0,TearOfTheGoddess,,,,,,,,,,,,,,,,,,,,,,,,,,,,,,,2.0,MadredsBloodrazor,ArchangelsStaff,SpearOfShojin,,,,,,,,,,,,,,,,,,,,,,,,,,,,,,,,,,,,,1.0,,,,,,,,,,,,,,,,,,,,2.0,TrainerSnax,None,None,,,,,,,,,,,,,2.0,,,,,,,,,,,,,,,,,,,,1.0,,,
8,EUW1_5971733579,TFT7_Augment_BestFriends2,TFT6_Augment_CyberneticImplants3,TFT6_Augment_Diversify1,,,1.0,,1.0,,1.0,,1.0,1.0,1.0,,,,,1.0,,2.0,,,1.0,,,,,0.0,,0.0,,,,,,,,,,,,,,,,,,,,,1.0,BFSword,,,,,,,2.0,MadredsBloodrazor,ShimmerscaleDravensAxe,GuinsoosRageblade,,,,,,,,,2.0,GargoyleStoneplate,RedBuff,,,,,,,,,,,,,,,,,,,,,,,,,,,,,,,,,,1.0,,,,,,,,,,,,,,,,,,,,,,,,2.0,,,,,,,,,,,,,,,,,,,,,,,,,,,,,,,,,,,,,,,,,,,,,,,,,,,,,,,,,,,,,,,,1.0,,,,,,,,,,,,,,,,,,,,,,,,,,,,1.0,LocketOfTheIronSolari,TitanicHydra,TitanicHydra,,,None,None,,,,,,,,,,,,,,,,,,,,,,,,,,,,,,,,,,,,
7,EUW1_5971058636,TFT7_Augment_AxiomArc1,TFT7_Augment_BestFriends1,TFT6_Augment_TargetDummies,,0.0,,1.0,,,,,0.0,,1.0,,0.0,2.0,,1.0,,,,,,,,,0.0,1.0,,0.0,,,,,,,,,,,,,,,,,,,,,,,,,,,,,,,,,,,,,,,,,,,,,,,,,,,,,,,,,,,,,,,,,,,,,2.0,,,,,,,,,,,,,,,,,,,,,,,,,,,,,,,,1.0,,,,2.0,,,,,,,,,,,,,,,,,,,,1.0,,,,,,,,,,,,2.0,ArchangelsStaff,TearOfTheGoddess,,,,,,,,,,,,,,,,,,,,,,,,,,,,,,,,,,,,,,1.0,RedBuff,ChainVest,,,,,,,,,,,,,,,,,,1.0,TrainerSnax,None,None,,,,,,,,,,,,,2.0,,,,,,,,,,,,,,,,,,,,,,,
1,EUW1_5971058636,TFT6_Augment_Weakspot,TFT6_Augment_Diversify1,TFT6_Augment_ThrillOfTheHunt2,,,1.0,,2.0,,1.0,,1.0,1.0,1.0,,,,,2.0,,2.0,,,1.0,,,,,1.0,,0.0,,,,,,,,,,,,,,,,,,,,,1.0,,,,,,,,2.0,MadredsBloodrazor,ShimmerscaleDravensAxe,Deathblade,,,,,,,,,2.0,IonicSpark,WarmogsArmor,FrozenHeart,,,,,,,,,,,,,,,,,,,,,,,,,,,,,,,,,2.0,ThiefsGloves,,,,,,,,,,,,,,,,,,,,,,,2.0,PowerGauntlet,,,,,,,,,,,,,,,,,,,,,,,,,,,,,,,,,,,,,,,,,,,,,,,,,,,,,,,,,,,,,,,2.0,ArchangelsStaff,,,,,,,,,,,,,,,,,,,,,,,,,,,2.0,Redemption,MysticEmblemItem,,4.0,TrainerSnax,None,None,2.0,ThiefsGloves,,,,,,,,,,,,,,,,,,,,,,,,,,,,,,,,,,
4,EUW1_5971058636,TFT6_Augment_PandorasItems,TFT7_Augment_BestFriends1,TFT6_Augment_CelestialBlessing2,1.0,,,1.0,,0.0,,0.0,,,2.0,,0.0,,0.0,,1.0,,,,,,,1.0,1.0,,1.0,,,,,,,,,,,,,,,,,,,,,,,,,,,,,,,,,,,,,,,,,,,,,,,,,,,,,,,,,,,,,,,,,,2.0,TearOfTheGoddess,,,,,,,,,,,,,,,,,,,,,,,,,,,,,,,,,,,,,,,,,,,,,,,,,,,,,,,,,,,2.0,WarmogsArmor,,,,,,,1.0,,,,,,,,,,,,,,,,,,,,2.0,Shroud,,,,,,,,,,,,,,,,,,,,,,,,,,,,,,,2.0,RedBuff,FrozenHeart,InfinityEdge,,,,,,,,,,,None,None,,,,,1.0,,,,,,,,,,,,,,,,2.0,MadredsBloodrazor,GuinsoosRageblade,RunaansHurricane,1.0,ThiefsGloves,GiantsBelt,WarmogsArmor,,,,,,,,
2,EUW1_5971058636,TFT6_Augment_CyberneticUplink1,TFT6_Augment_ThrillOfTheHunt1,TFT7_Augment_DragonHorde,,0.0,,2.0,,,2.0,,,,,0.0,0.0,0.0,,,,,,0.0,0.0,,,,2.0,,,2.0,,,,,,,,,1.0,ArchangelsStaff,MadredsBloodrazor,SpearOfShojin,,,,,,,,,,,,,,,,,,,,,,,,,,,,,,,,,,,,,2.0,GuardianAngel,TitansResolve,UnstableConcoction,,,,,,,,,,,,,,,,,,,,,3.0,,,,,,,,,,,,,,,,,,,,,,,,,,,,,,,,,,,,2.0,ChainVest,,,,,,,,,,,,,,,1.0,RapidFireCannon,Chalice,,,,,,,,,,,,,,,,,,,,,,,,,,,,,,,,,,,,,,,,,,,,,,,,,,3.0,RedBuff,ShimmerscaleEmblemItem,,,,,,,,,,,,,,,,,,,,None,None,,,,,,,,,,,,,,,,,,,,,,,,,,,,,,,,,,,,
3,EUW1_5971058636,TFT6_Augment_Twins1,TFT7_Augment_SwiftshotTrait,TFT7_Augment_GadgetExpert,,0.0,,1.0,,,,0.0,,,2.0,1.0,0.0,,,,,,,0.0,,,,2.0,0.0,,,,,,,,,,,,,,,,2.0,,,,,,,,,,,,,,,,,,,,,,,,,,,,,,,,,,,,,,,,,,,,,,,,,,,,,,,,,,,,2.0,TitanicHydra,JadeEmblemItem,GuildEmblemItem,,,,,,,,,,,,,,,,,,,,,,,,,,,,,,,,,2.0,,,,,,,,,,,,,,,,2.0,,,,,,,,,,,,,,,,,,,,,,,,,,,,,,,,,,,,,,,,,,,,,,,,,,,,,,,,,,,,,,,,,,,,,,,,,,None,None,,,,,2.0,,,,3.0,MadredsBloodrazor,UnstableConcoction,RunaansHurricane,,,,,,,,,,,,,,,,,,,,,,,,
5,EUW1_5971058636,TFT6_Augment_Weakspot,TFT6_Augment_Distancing,TFT6_Augment_Ascension,,1.0,,1.0,,,,,0.0,,1.0,,,2.0,,1.0,,,,,0.0,1.0,,,,1.0,,0.0,,,,,,,,,,,,,,,,,,,,,,,,,,,,,,,,,,,,,,,,,,,,,,,,,,,,,,,,,,,,,,,,,,,,,1.0,,,,2.0,,,,,,,,,,,,,,,,,,,,,,,,,,,,2.0,TearOfTheGoddess,,,3.0,SpearOfShojin,,,,,,,,,,,,,,,,,,,,,,,,,,,,,,,2.0,SpearOfShojin,Quicksilver,SpearOfShojin,,,,,,,,,,,,,,,,,,,,,,,,,,,,,,,,,,,,,2.0,WarmogsArmor,TitansResolve,TitansResolve,,,,,,,,,,,,,,,,,2.0,TrainerSnax,None,None,,,,,,,,,,,,,2.0,,,,,,,,,,,,,,,,,,,,1.0,,,
6,EUW1_5971058636,TFT6_Augment_MakeshiftArmor1,TFT6_Augment_LudensEcho1,TFT6_Augment_SunfireBoard,,,,,0.0,,1.0,,1.0,,,2.0,,,,1.0,,1.0,,1.0,,,1.0,,,0.0,,,,,,,,,,,,,,,,,,,,,,,,,,,,,,,2.0,Quicksilver,,,,,,,,,,,,,,,1.0,GuinsoosRageblade,Bloodthirster,TitansResolve,,,,,,,,,,,,,1.0,,,,,,,,,,,,,,,,,,,,,,,,,,,,,,,,,,,,,,,,2.0,,,,,,,,2.0,GargoyleStoneplate,WarmogsArmor,TitanicHydra,,,,,,,,,,,,,,,,,,,,,,,,,,,,,,,,,,,,,,,,,,,,,,,,,,,,,1.0,,,,1.0,ZekesHerald,,,,,,,,,,,,,,,,,,,,,,,,,,,,,None,None,,,,,,,,,,,,,,,,,,,,,,,,,,,,,,,,,,,,
8,EUW1_5971058636,TFT6_Augment_ItemGrabBag1,TFT6_Augment_PandorasItems,,1.0,,,1.0,,0.0,,,,1.0,,,,0.0,0.0,,0.0,,2.0,,,,,,,,1.0,,,,,,,,,,,,,,,,,,,,,,,,,,2.0,,,,,,,,2.0,,,,,,,,,,,,,,,,,,,,,,,,,,,,,,,,,,,,,,,,,,,,,,,,,,,,,,,,,,,,2.0,,,,2.0,,,,,,,,,,,,,,,,,,,,,,,,1.0,AssassinEmblemItem,InfinityEdge,RecurveBow,,,,,,,,,,,,,,,,,,,,,,,,,,,,,2.0,WarmogsArmor,,,,,,,,,,,,,,,,,,,,,,,,,,,,,,,,,,,,,,,,,,,,,None,None,,,,,,,,,,,,,,,,,,,,,,,,,,,,,,,,,,,,
8,EUW1_5971105075,TFT6_Augment_CelestialBlessing1,TFT6_Augment_TradeSectorPlus,TFT6_Augment_TomeOfTraits1,,1.0,,1.0,,,,,0.0,,1.0,,,2.0,,2.0,,,,,0.0,1.0,,,,0.0,,0.0,,,,,,,,,,,,,,,,,,,,,,,,,,,,,,,,,,,,,,,,,,,,,,,,,,,,,,,,,,,,,,,,,,,,,,,,,2.0,RedBuff,DragonsClaw,GiantsBelt,,,,,,,,,,,,,,,,,,,,,,,,,3.0,,,,3.0,,,,,,,,,,,,,,,,,,,,,,,,,,,,,,,,2.0,HextechGunblade,SpearOfShojin,RabadonsDeathcap,,,,,,,,,,,,,,,,,,,,,,,,,,,,,,,,,,,,,3.0,TitansResolve,MadredsBloodrazor,,,,,,,,,,,,,,,,,,,,None,None,,,,,,,,,,,,,2.0,MysticEmblemItem,,,,,,,,,,,,,,,,,,,1.0,,,
4,EUW1_5971105075,TFT6_Augment_Featherweights1,TFT7_Augment_BestFriends2,TFT6_Augment_PortableForge,,1.0,,2.0,,,1.0,,,,1.0,,,0.0,,,,,,,,,,1.0,,,,2.0,,,,,,,,,,,,,,,,,,,,,,,,,,,,,,,,,,,,,,,,,,,,,,,,,2.0,GuardianAngel,UnstableConcoction,GuinsoosRageblade,,,,,,,,,,,,,,,,,,,,,2.0,RedBuff,FrozenHeart,,,,,,,,,,,,,,,,,,,,,,,,,,,,,,,,,,,,,,,,,,,,,,,,,,,,,,,,,,,,,,,,,,,,,,,,,,,,,,,,,,,,,,2.0,,,,,,,,,,,,,,,,2.0,,,,,,,,,,,,,,,,,,,,,,None,None,,,,,2.0,SpearOfShojin,,,2.0,Deathblade,GuinsoosRageblade,OrnnObsidianCleaver,,,,,,,,,,,,,,,,,,,,,,,,
2,EUW1_5971105075,TFT7_Augment_WarriorTrait,TFT7_Augment_ScalescornEmblem,TFT6_Augment_ComponentGrabBag,1.0,,1.0,1.0,,,,,,1.0,2.0,,,,1.0,0.0,0.0,,2.0,,,,,,,,2.0,,,,,,,,,,,,,,,,,,,,,,1.0,,,,3.0,Shroud,RedBuff,DragonsClaw,,,,,2.0,FrozenHeart,GuardianAngel,WarriorEmblemItem,,,,,,,,,,,,,,,,,,,,,,,,,,,,,,,,,,,,,,,,,,,,,,,,,,,,,,,,,1.0,,,,,,,,,,,,,,,,,,,,,,,,,,,,2.0,ZekesHerald,ZekesHerald,ZekesHerald,,,,,,,,,,,,,,,,,,,,,,,,,,,,,3.0,,,,,,,,,,,,,,,,,,,,,,,,,,,,,,,,1.0,,,,,,,,,,,,,,None,None,,,,,,,,,,,,,,,,,,,,,,,,,,,,,3.0,Quicksilver,ScalescornEmblemItem,GuinsoosRageblade,,,,
1,EUW1_5971105075,TFT6_Augment_Featherweights1,TFT6_Augment_PortableForge,TFT6_Augment_Diversify2,1.0,,,1.0,,1.0,,0.0,,,3.0,,0.0,,0.0,,1.0,,,,,,,1.0,1.0,,1.0,,,,,,,,,,,,,,,,,,,,,,,,,,,,,,,,,,,,,,,,,,,,,,,,,,,,,,,,,,,,,,,,,,2.0,TearOfTheGoddess,,,,,,,,,,,,,,,,,,,,,,,,,,,,,,,,,,,,,,,,,,,,,,,,,,,,,,,,,,,2.0,OrnnEternalWinter,WarmogsArmor,RedBuff,,,,,2.0,IonicSpark,,,,,,,2.0,,,,,,,,,,,,2.0,,,,,,,,,,,,,,,,,,,,,,,,,,,,,,,,2.0,FrozenHeart,TitansResolve,,,,,,,,,,,,None,None,,,,,2.0,ZekesHerald,,,,,,,,,,,,,,,2.0,MadredsBloodrazor,RapidFireCannon,InfinityEdge,1.0,Zephyr,,,,,,,,,,
7,EUW1_5971105075,TFT7_Augment_MirageTrait,TFT7_Augment_BestFriends2,TFT7_Augment_MirageEmblem,0.0,,,0.0,,0.0,1.0,,,1.0,,0.0,0.0,,2.0,,,,,,,,1.0,,2.0,,,1.0,,,,,,,,,2.0,UnstableConcoction,Quicksilver,MirageEmblemItem,,,,,,,,,,,,,,,,,,,,,,,,,,,,,,,,,,,,,,,,,,,,,,,,,,,,,,,,,,,,,,,,,,,,,,,,,,,,,,,,,2.0,,,,,,,,,,,,,,,,,,,,,,,,2.0,GargoyleStoneplate,RedBuff,,,,,,1.0,,,,1.0,PowerGauntlet,RabadonsDeathcap,Chalice,,,,,,,,,,,,,,,,,,,,,,,,,,,,,,,,,,,,,1.0,,,,,,,,,,,,,,,,,,,,,,,,1.0,,,,,,None,None,,,,,,,,,,,,,,,,,,,,,,,,,,,,,,,,,,,,
6,EUW1_5971105075,TFT7_Augment_SwiftshotTrait,TFT6_Augment_PortableForge,TFT6_Augment_CyberneticImplants2,0.0,1.0,,2.0,,,,0.0,,,1.0,0.0,0.0,,,,0.0,,,,,,,2.0,1.0,,0.0,,,,,,,,,,,,,,2.0,,,,,,,,,,,,,,,,,,,,,,,,,,,,,,,,,,,,,,,,,,,,,,,,,,,,,,,,,,,,3.0,DragonsClaw,BrambleVest,GargoyleStoneplate,,,,,,,,,,,,,,,,,,,,,,,,,,,,,,,,,,,,,,,,,,,,,,,,,1.0,,,,,,,,1.0,,,,,,,,,,,,,,,,,,,,2.0,Spatula,,,,,,,3.0,RedBuff,,,,,,,,,,,,,,,,,,,,,,,,,,,,,,,,,,,,,None,None,,,,,2.0,OrnnObsidianCleaver,PowerGauntlet,,2.0,MadredsBloodrazor,GuinsoosRageblade,RunaansHurricane,,,,,,,,,,,,,,,,,,,,,,,,
3,EUW1_5971105075,TFT6_Augment_CyberneticUplink1,TFT6_Augment_TomeOfTraits1,TFT7_Augment_FirstAidKit2,,1.0,,1.0,,0.0,,,0.0,,1.0,,,3.0,,1.0,,,0.0,,,,,,,1.0,,0.0,,,,,,,,,,,,,,,,,,,,,,,,,,,,,,,,,,,,,,,,,,,,,,,,,,,,,,,,,,,,,,,,,,,,,2.0,,,,2.0,MageEmblemItem,,,,,,,,,,,,,,,,,,,,,,,2.0,,,,2.0,,,,3.0,StatikkShiv,TitansResolve,TitansResolve,,,,,,,,,,,,,,,,,,,,,,,,,,,,,2.0,MadredsBloodrazor,GuinsoosRageblade,HextechGunblade,,,,,,,,,,,,,,,,,,,,,,,,,,,,,,,,,,,,,2.0,,,,,,,,,,,,,,,,,,,,1.0,TrainerSnax,None,None,,,,,,,,,,,,,3.0,BrambleVest,ArchangelsStaff,DragonsClaw,,,,,,,,,,,,,,,,,,,,
5,EUW1_5971105075,TFT7_Augment_AstralTrait,TFT7_Augment_AstralIntercosmicGifts,TFT6_Augment_ThrillOfTheHunt2,,1.0,,2.0,,,1.0,0.0,,,1.0,,0.0,0.0,0.0,,,,,,,,,1.0,0.0,,0.0,2.0,,,,,,,,,,,,,,,,,,,,,,,,,,,,,,,,,,,,,,,,,,,,,,,,,1.0,Quicksilver,GuardianAngel,,,,,,,,,,,,,,,,,,,,,,2.0,GargoyleStoneplate,GargoyleStoneplate,,,,,,,,,,,,,,,,,,,,,,,,,,,,,,,,,,,,,,,,,,,,,,,,,,2.0,ThiefsGloves,BFSword,Bloodthirster,,,,,,,,,,,,,,,,,,,,,,,,,,,,,,,,,,,,,,,,,,,,,,,,,2.0,,,,,,,,,,,,,,,,,,,,,,None,None,,,,,1.0,,,,3.0,MadredsBloodrazor,GuinsoosRageblade,UnstableConcoction,,,,,,,,,,,,,1.0,ThiefsGloves,Chalice,RabadonsDeathcap,,,,,,,,
7,EUW1_5971200094,TFT7_Augment_SwiftshotEmblem2,TFT7_Augment_PandorasBench,TFT6_Augment_ForceOfNature,,1.0,,2.0,,,,0.0,,,1.0,0.0,,,,,0.0,0.0,,,,,,2.0,,,0.0,,,,,,,,,,,,,,1.0,,,,,,,,,,,,,,,,,,,,,,,,,,,,,,,,,,,,,,,,,,,,,,,,,,,,,,,,,,,,2.0,,,,,,,,,,,,,,,,,,,,,,,,,,,,,,,,,,,,,,,,,,,,,,,,,,,,,,,,,,,,,,,,,,,,,,,,,,,,,,,,1.0,,,,,,,,1.0,SwiftshotEmblemItem,,,,,,,,,,,,,,,,,,,2.0,,,,,,,,,,,,,,,,,,None,None,,,,,1.0,,,,2.0,GuinsoosRageblade,MadredsBloodrazor,Deathblade,,,,,,,,,,,,,,,,,,,,,,,,
1,EUW1_5971200094,TFT6_Augment_ItemGrabBag2,TFT7_Augment_GadgetExpert,TFT6_Augment_ForceOfNature,,,1.0,,1.0,,1.0,0.0,1.0,1.0,1.0,0.0,,,0.0,1.0,,1.0,0.0,,1.0,,1.0,,,1.0,0.0,,,,,,,,,,,,,,,,,,,,,,2.0,,,,2.0,TitanicHydra,,,2.0,RunaansHurricane,UnstableConcoction,UnstableConcoction,,,,,,,,,2.0,TitansResolve,RedBuff,Redemption,,,,,,,,,,,,,,,,,,,,,,,,,,,,,,,,,,,,,,,,,,,,,,,,,,,,,,,,,2.0,ZekesHerald,,,,,,,,,,,,,,,,,,,,,,,,,,,,,,,,,,,,,,,,,,,,,,,,,,,,,,,,,,,,,,,2.0,,,,2.0,ShimmerscaleHeartOfGold,,,,,,,,,,,,,,,,,,,,,,,,,,,4.0,TrainerSnax,None,None,2.0,Deathblade,RunaansHurricane,StatikkShiv,,,,,,,,,,,,,,,,,,,,,2.0,StatikkShiv,RunaansHurricane,,,,,,,,,
3,EUW1_5971200094,TFT7_Augment_SwiftshotEmblem2,TFT7_Augment_Preparation2,TFT6_Augment_Distancing3,,1.0,,2.0,,,,,,,1.0,0.0,0.0,,,,0.0,,,,,,1.0,2.0,1.0,,0.0,,,,,,,,,,,,,,,,,,,,,,,,,,,,,,,,,,,,,,,,,,,,,,,,,,,,,,,,,,2.0,,,,,,,,,,,,,,,,3.0,BrambleVest,TitansResolve,GargoyleStoneplate,,,,,,,,,,,,,,,,,,,,,,,,,,,,,,,,,,,,,,,,,,,,,,,,,2.0,IonicSpark,Morellonomicon,,,,,,,,,,,,,,,,,,,,,,,,,,2.0,TitanicHydra,,,,,,,2.0,SwiftshotEmblemItem,,,,,,,1.0,,,,,,,,,,,,,,,,,,,,,,,,,,,,,,None,None,,,,,2.0,,,,3.0,RunaansHurricane,GuinsoosRageblade,MadredsBloodrazor,,,,,,,,,,,,,,,,,,,,,,,,
5,EUW1_5971200094,TFT7_Augment_EvokerEmblem2,TFT6_Augment_MakeshiftArmor2,TFT6_Augment_Meditation3,,,,,,,1.0,0.0,1.0,,,3.0,0.0,,,0.0,,,,1.0,,,1.0,0.0,,,,,,,,,3.0,Morellonomicon,RabadonsDeathcap,SpearOfShojin,,,,,2.0,EvokerEmblemItem,,,,,,,,,,,,,,,,,,,,,,,,,,,,,,,2.0,InfinityEdge,GuardianAngel,Bloodthirster,,,,,,,,,,,,,1.0,,,,,,,,,,,,,,,,,,,,1.0,,,,,,,,,,,,,,,,,,,,,,,,,,,,2.0,TitanicHydra,,,,,,,,,,,,,,,,,,,,,,,,,,,,,,,,,,,,,,,,,,,,,,,,,,,,,,,,,,,1.0,RedBuff,TearOfTheGoddess,,,,,,,,,,,,,,,,,,,,,,,,,,,,None,None,,,,,,,,,,,,,,,,,,,,,,,,,,,,,,,,,,,,
2,EUW1_5971200094,TFT6_Augment_Distancing3,TFT7_Augment_GadgetExpert,TFT6_Augment_CelestialBlessing3,,,,,1.0,1.0,1.0,,1.0,0.0,1.0,,,,,0.0,0.0,1.0,,,1.0,,,,,1.0,,,,,,,,,,,,,,,,,,,,,,,,,,,,,,,2.0,Deathblade,RunaansHurricane,RunaansHurricane,,,,,,,,,1.0,TitansResolve,GargoyleStoneplate,Bloodthirster,,,,,,,,,,,,,,,,,,,,,2.0,,,,,,,,,,,,,,,,,,,,,,,,,,,,,,,,,,,,2.0,ShimmerscaleHeartOfGold,,,,,,,,,,,,,,,,,,,,,,,,,,,,,,,,,,,,,,,2.0,,,,,,,,,,,,,,,,,,,,,,,,2.0,StatikkShiv,StatikkShiv,SeraphsEmbrace,,,,,,,,,,,,,,,,,,,,,,,,,,,,,4.0,TrainerSnax,None,None,2.0,RunaansHurricane,RecurveBow,StatikkShiv,,,,,,,,,,,,,,,,,,,,,,,,,,,,,,,,
8,EUW1_5971200094,TFT6_Augment_ItemGrabBag2,TFT7_Augment_UrfsGrabBag1,,,0.0,,,,,,0.0,,,,,,,,,0.0,,,1.0,,,,,0.0,,,,,,,,,,,,,,,,,,,,,,,,,,,,,,,,,,,,,,,,,,,,,,,,,,,,,,,,,,,,,,,,,,,,,,,,,,,,,,,,,,,,,,,,,,,,1.0,RecurveBow,,,,,,,,,,,,,,,,,,,,,,,1.0,NeedlesslyLargeRod,,,,,,,,,,,,,,,,,,,,,,,,,,,,,,,,,,,,,,,,,,,,,,,,,,,,,,,,,,,1.0,NeedlesslyLargeRod,,,,,,,,,,,,,,,,,,,,,,,,,None,None,,,,,,,,,,,,,,,,,,,,,,,,,,,,,,,,,,,,
4,EUW1_5971200094,TFT6_Augment_MaxLevel10,TFT6_Augment_PortableForge,TFT7_Augment_BestFriends3,0.0,,1.0,2.0,,,1.0,0.0,,,1.0,0.0,0.0,0.0,0.0,0.0,0.0,,,,,,1.0,,0.0,,1.0,2.0,,,,,,,,,,,,,,,,,,,,,1.0,,,,,,,,,,,,,,,,,,,,,,,,,,,,2.0,OrnnInfinityForce,Bloodthirster,TitansResolve,,,,,,,,,,,,,,,,,,,,,,,,,,,,,,,,,,,,,,,,,,,,,,,,,,,,,,,,,,,,,,,,,,,,,,,,,2.0,Morellonomicon,Redemption,TearOfTheGoddess,1.0,Bloodthirster,,,,,,,,,,,,,,,,,,,,,,,2.0,,,,,,,,,,,,,,,,1.0,,,,,,,,2.0,,,,,,,,,,,,,,,,,,,,,,None,None,,,,,,,,,,,,,,,,,,,,,,,,,1.0,HextechGunblade,TitansResolve,SeraphsEmbrace,,,,,,,,
6,EUW1_5971200094,TFT6_Augment_Meditation3,TFT6_Augment_ThrillOfTheHunt2,TFT7_Augment_MysticTrait2,,0.0,,1.0,,,,,0.0,,1.0,,0.0,2.0,,2.0,,,,,0.0,1.0,,0.0,0.0,1.0,,0.0,,,,,,,,,,,,,,,,,,,,,,,,,,,,,,,,,,,,,,,,,,,,,,,,,,,,,,,,,,,,,,,,,,,,,2.0,,,,,,,,,,,,,,,,,,,,,,,,,,,,,,,,2.0,Chalice,,,2.0,,,,,,,,,,,,,,,,,,,,1.0,,,,,,,,,,,,2.0,SpearOfShojin,ArchangelsStaff,SpearOfShojin,,,,,,,,,,,,,,,,,,,,,,,,,,,,,,,,,,,,,2.0,GargoyleStoneplate,RedBuff,,,,,,,,,,,,,,,,,,2.0,TrainerSnax,None,None,,,,,,,,,2.0,ThiefsGloves,PowerGauntlet,LastWhisper,,,,,,,,,,,,,,,,,,,,,1.0,SparringGloves,,
8,EUW1_5971062984,TFT7_Augment_MageConference,TFT6_Augment_TinyTitans,TFT7_Augment_UrfsGrabBag1,,0.0,,1.0,,0.0,,,0.0,,,,,2.0,,1.0,,0.0,0.0,,,,,,,1.0,,0.0,,,,,,,,,,,,,,,,,,,,,,,,,,,,,,,,,,,,,,,,,,,,,,,,,,,,,,,,,,,,,,,,,,,,,2.0,,,,,,,,,,,,,,,,,,,,,,,,,,,,2.0,SpearOfShojin,,,1.0,,,,2.0,SeraphsEmbrace,,,,,,,,,,,,,,,,,,,,,,,,,,,,,,,,,,,,,,,,,,,,,,,,,,,,,,,,,,,,,,,,,,,,,,,2.0,,,,2.0,NegatronCloak,MageEmblemItem,,,,,,,,,,,,,,2.0,TrainerSnax,None,None,,,,,,,,,,,,,2.0,TitanicHydra,,,,,,,,,,,,,,,,,,,,,,
1,EUW1_5971062984,TFT6_Augment_CelestialBlessing2,TFT7_Augment_ShapeshifterTrait,TFT7_Augment_ShapeshifterBeastsDen,,0.0,1.0,,,,1.0,0.0,,,1.0,1.0,,,0.0,0.0,1.0,,,3.0,,,1.0,,,,0.0,0.0,,,,,,,,,,,,,,,,,,,,,2.0,,,,,,,,,,,,,,,,,,,,,,,,,,,,,,,,2.0,,,,,,,,2.0,,,,,,,,,,,,,,,,,,,,,,,,,,,,,,,,,,,,,,,,,,,,,,,,2.0,GargoyleStoneplate,Morellonomicon,,3.0,MadredsBloodrazor,GuinsoosRageblade,Quicksilver,,,,,,,,,,,,,,,,,,,,,,,,,,,,,,,,,,,,,,,,,2.0,DragonsClaw,RedBuff,Redemption,,,,,,,,,2.0,NeedlesslyLargeRod,,,,,,,,,,,,,,,,,,,,,,,,,,,,,None,None,,,,,,,,,,,,,,,,,,,,,,,,,2.0,HextechGunblade,GuardianAngel,,,,,,,,,
4,EUW1_5971062984,TFT6_Augment_CelestialBlessing2,TFT7_Augment_LategameSpecialist,TFT7_Augment_GadgetExpert,1.0,,,1.0,,1.0,,,,,3.0,,0.0,,,,1.0,,,,,,,1.0,1.0,,0.0,,,,,,,,,,,,,,,,,,,,,,,,,,,,,,,,,,,,,,,,,,,,,,,,,,,,,,,,,,,,,,,,,,1.0,TearOfTheGoddess,,,,,,,,,,,,,,,,,,,,,,,,,,,,,,,,,,,,,,,,,,,,,,,,,,,,,,,,,,,2.0,DragonsClaw,Morellonomicon,,,,,,2.0,,,,,,,,1.0,,,,,,,,,,,,2.0,Shroud,,,,,,,,,,,,,,,,,,,,,,,,,,,,,,,2.0,RedBuff,InfinityEdge,,,,,,,,,,,,None,None,,,,,2.0,StatikkShiv,,,,,,,,,,,,,,,2.0,RunaansHurricane,GuinsoosRageblade,MadredsBloodrazor,,,,,,,,,,,,
2,EUW1_5971062984,TFT6_Augment_Ascension,TFT6_Augment_ItemGrabBag1,TFT6_Augment_CyberneticImplants2,,,1.0,0.0,,,1.0,,1.0,,1.0,2.0,0.0,,,2.0,,,,1.0,,,1.0,,0.0,0.0,,,,,,,2.0,Morellonomicon,HextechGunblade,MadredsBloodrazor,,,,,,,,,,,,,1.0,,,,,,,,,,,,,,,,,,,,,,,,2.0,Bloodthirster,TitansResolve,MadredsBloodrazor,,,,,,,,,,,,,2.0,TearOfTheGoddess,,,,,,,,,,,,,,,,,,,,,,,,,,,,,,,,,,,,,,,2.0,,,,,,,,2.0,GargoyleStoneplate,WarmogsArmor,RedBuff,,,,,,,,,,,,,2.0,ThiefsGloves,LocketOfTheIronSolari,TitanicHydra,,,,,,,,,,,,,,,,,,,,,,,,,,,,,,,,,,,,,,,,,1.0,RunaansHurricane,,,,,,,,,,,,,,,,,,,,,,,,,,,,,None,None,,,,,,,,,,,,,,,,,,,,,,,,,,,,,,,,,,,,
3,EUW1_5971062984,TFT7_Augment_UrfsGrabBag1,TFT7_Augment_BestFriends1,TFT6_Augment_JeweledLotus,,,,,,2.0,1.0,0.0,,0.0,1.0,,,,4.0,,0.0,,,,,,,,,,1.0,,,,,,,,,,,,,,,,,,,,,,,,,,,,,,,,,,,,,,2.0,GuardianAngel,RapidFireCannon,UnstableConcoction,,,,,,,,,,,,,,,,,,,,,,,,,1.0,MirageEmblemItem,Chalice,,,,,,,,,,,,,,,,,,,,,,,,,,2.0,GiantsBelt,,,,,,,,,,,,,,,,,,,,,,,3.0,RedBuff,Bloodthirster,IonicSpark,,,,,,,,,,,,,,,,,,,,,1.0,,,,,,,,,,,,,,,,,,,,,,,,,,,,,,,,,,,,,,,,,,,,,,,,,,,,,,,,,,None,None,,,,,,,,,,,,,,,,,,,,,,,,,1.0,BrambleVest,FrozenHeart,TitansResolve,2.0,,,,,,,
6,EUW1_5971062984,TFT6_Augment_TriForce2,TFT7_Augment_BestFriends1,TFT7_Augment_GadgetExpert,,0.0,,2.0,,,1.0,,,,1.0,,,1.0,,,0.0,,0.0,,,,,,,,1.0,2.0,,,,,,,,,,,,,,,,,,,,,,,,,,,,,,,,,,,,,,,,,,,,,,,,,2.0,ZekesHerald,RunaansHurricane,ZekesHerald,,,,,,,,,,,,,,,,,,,,,3.0,DragonsClaw,RedBuff,Bloodthirster,,,,,,,,,,,,,,,,,,,,,,,,,,,,,,,,,,,,,,,,,,,,,2.0,RunaansHurricane,StatikkShiv,StatikkShiv,,,,,,,,,,,,,2.0,Morellonomicon,RecurveBow,,,,,,,,,,,,,,2.0,,,,,,,,,,,,,,,,,,,,,,,,2.0,,,,,,,,,,,,,,,,,,,,,,None,None,,,,,,,,,,,,,2.0,,,,,,,,,,,,,,,,,,,,,,,
5,EUW1_5971062984,TFT6_Augment_Electrocharge2,TFT6_Augment_MakeshiftArmor1,TFT6_Augment_PortableForge,0.0,,1.0,1.0,,1.0,,,,,4.0,,0.0,,,0.0,1.0,,,,,,,1.0,0.0,,0.0,,,,,,,,,,,,,,,,,,,,,,2.0,StatikkShiv,PowerGauntlet,PowerGauntlet,,,,,,,,,,,,,,,,,,,,,,,,,,,,,,,,,,,,,,,,,2.0,Morellonomicon,OrnnEternalWinter,,,,,,,,,,,,,,,,,,,,,,,,,,,,,,,,,,,,,,,,,,,,,,,,,,,,,,,,,,1.0,,,,,,,,,,,,,,,,2.0,,,,,,,,,,,,2.0,,,,,,,,,,,,,,,,,,,,,,,,,,,,,,,,2.0,FrozenHeart,RunaansHurricane,,,,,,,,,,,,None,None,,,,,2.0,,,,,,,,,,,,,,,,2.0,UnstableConcoction,Deathblade,GuinsoosRageblade,,,,,,,,,,,,
7,EUW1_5971062984,TFT6_Augment_Distancing2,TFT6_Augment_Weakspot,TFT6_Augment_TargetDummies,2.0,,,,,0.0,,0.0,,,1.0,,0.0,,,,1.0,,0.0,,1.0,,,0.0,0.0,,0.0,,2.0,,,,,,,,,,,,,,,,,,,,,,,,,,,,,,,,2.0,,,,,,,,,,,,,,,,,,,,,,,,,,,,,,,,1.0,,,,,,,,,,,,,,,,,,,,2.0,,,,,,,,,,,,,,,,,,,,,,,,,,,,,,,,,,,,,,,,,,,,,,,,2.0,,,,,,,,,,,,,,,,,,,,,,,,,,,,,,,,,,,,,,,,,,,,,,,,,,,,1.0,,,,,,,,,,,,,,None,None,,,,,,,,,,,,,,,,,2.0,ShimmerscaleMogulsMail,,,1.0,GuinsoosRageblade,Quicksilver,MadredsBloodrazor,,,,,,,,,,,,
6,EUW1_5973176571,TFT6_Augment_MaxLevel10,TFT6_Augment_ItemGrabBag1,TFT6_Augment_CyberneticUplink3,,0.0,,1.0,,,,0.0,0.0,,1.0,0.0,,2.0,0.0,1.0,,,,,0.0,1.0,1.0,,,1.0,0.0,0.0,,,,,,,,,,,,,,,,,,,,,,,,,,,,,,,,,,,,,,,,,,,,,,,,,,,,,,,,,,,,,,,,,,,,,1.0,,,,2.0,ThiefsGloves,LocketOfTheIronSolari,GuinsoosRageblade,,,,,,,,,,,,,,,,,,,,,,,,,1.0,Zephyr,,,2.0,PowerGauntlet,,,,,,,,,,,,,,,,,,,,,,,,,,,,,,,2.0,SpearOfShojin,ArchangelsStaff,HextechGunblade,,,,,,,,,,,,,,,,,,,,,,,,,,,,,1.0,GuardianAngel,,,,,,,2.0,GargoyleStoneplate,,,,,,,,,,,,,,,,,,,2.0,TrainerSnax,None,None,,,,,,,,,,,,,,,,,,,,,,,,,1.0,,,,,,,,1.0,JeweledGauntlet,,
5,EUW1_5973176571,TFT7_Augment_BestFriends3,TFT7_Augment_BestFriends1,TFT6_Augment_RadiantRelics,1.0,,,1.0,,1.0,,,,,3.0,,0.0,,,,1.0,,,,,,,1.0,1.0,,0.0,,,,,,,,,,,,,,,,,,,,,,,,,,,,,,,,,,,,,,,,,,,,,,,,,,,,,,,,,,,,,,,,,,2.0,,,,,,,,,,,,,,,,,,,,,,,,,,,,,,,,,,,,,,,,,,,,,,,,,,,,,,,,,,,,2.0,Redemption,BrambleVest,RedBuff,,,,,2.0,FrozenHeart,InfinityEdge,,,,,,2.0,,,,,,,,,,,,2.0,Zephyr,,,,,,,,,,,,,,,,,,,,,,,,,,,,,,,2.0,InfinityEdge,RapidFireCannon,Bloodthirster,,,,,,,,,,,None,None,,,,,2.0,,,,,,,,,,,,,,,,2.0,RunaansHurricaneRadiant,MadredsBloodrazor,InfinityEdge,,,,,,,,,,,,
8,EUW1_5973176571,TFT7_Augment_CannoneerEmblem2,TFT7_Augment_CannoneerTrait,TFT7_Augment_BestFriends3,,,,,4.0,,1.0,,0.0,1.0,,,,,,0.0,,1.0,,,1.0,,,,,1.0,,0.0,,,,,,,,,,,,,,,,,,,,,,,,,,,,,1.0,MadredsBloodrazor,RunaansHurricane,,,,,,,,,,2.0,GargoyleStoneplate,ShimmerscaleDeterminedInvestor,RedBuff,,,,,,,,,,,,,,,,,,,,,,,,,,,,,,,,,2.0,,,,,,,,,,,,,,,,,,,,,,,,2.0,CannoneerEmblemItem,,,,,,,,,,,,,,,,,,,,,,,,,,,,,,,,,,,,,,,,,,,,,,,,,,,,,,,,,,,,,,,,,,,,,,,,,,,,,,,,,,,,,,,,,,,1.0,Zephyr,,,2.0,TrainerSnax,None,None,3.0,Deathblade,InfinityEdge,RunaansHurricane,,,,,,,,,,,,,,,,,,,,,,,,,,,,,,,,
1,EUW1_5973176571,TFT7_Augment_UrfsGrabBag2,TFT6_Augment_Electrocharge1,TFT7_Augment_TomeOfTraits2,,0.0,1.0,,,,1.0,,0.0,0.0,1.0,2.0,,,,3.0,,,,2.0,,,1.0,,,0.0,,1.0,,,,,,,,,,,,,,,,,,,,,1.0,Zephyr,StatikkShiv,,,,,,,,,,,,,,,,,,,,,,2.0,Bloodthirster,TitansResolve,,,,,,2.0,JadeEmblemItem,MysticEmblemItem,,,,,,3.0,RabadonsDeathcap,FrozenHeart,Redemption,,,,,,,,,,,,,,,,,,,,,,,,,,,,,,,,,,,,,2.0,,,,,,,,2.0,RedBuff,BrambleVest,GargoyleStoneplate,3.0,GuinsoosRageblade,Deathblade,Quicksilver,,,,,,,,,,,,,,,,,,,,,,,,,,,,,,,,,,,,,,,,,,,,,,,,,,,,,1.0,,,,,,,,,,,,,,,,,,,,,,,,2.0,Zephyr,,,,,None,None,,,,,,,,,,,,,,,,,,,,,,,,,,,,,,,,,,,,
2,EUW1_5973176571,TFT7_Augment_RevelEmblem2,TFT6_Augment_TinyTitans,TFT6_Augment_MaxLevel10,,,,1.0,1.0,,1.0,0.0,0.0,,,,0.0,0.0,2.0,,,4.0,,,0.0,1.0,,,0.0,,0.0,,,,,,,,,,,,,,,,,,,,,,,,,,,,,,2.0,InfinityEdge,HextechGunblade,GuinsoosRageblade,,,,,2.0,Quicksilver,GuinsoosRageblade,RevelEmblemItem,,,,,,,,,,,,,,,,,,,,,,,,,,,,,,,,,,,,,2.0,ZekesHerald,,,,,,,,,,,,,,,,,,,,,,,,,,,,,,,,,,,,,,,,,,,,,,,2.0,GargoyleStoneplate,GargoyleStoneplate,RedBuff,,,,,,,,,,,,,,,,,,,,,,,,,,,,,,,,,,,,,2.0,RapidFireCannon,StatikkShiv,,,,,,,,,,,,,,2.0,,,,,,,,,,,,,,,,,,None,None,,,,,,,,,,,,,,,,,,,,,,,,,2.0,TitansResolve,GuardianAngel,HextechGunblade,,,,,2.0,,,
7,EUW1_5973176571,TFT7_Augment_RevelEmblem2,TFT6_Augment_CyberneticShell1,TFT6_Augment_CyberneticUplink3,,,,1.0,1.0,,1.0,,0.0,,,0.0,0.0,,1.0,,,4.0,,0.0,,,,,0.0,,,,,,,,,,,,,,,,,,,,,,,,,,,,,,,,2.0,Deathblade,StatikkShiv,MadredsBloodrazor,,,,,1.0,RevelEmblemItem,ArchangelsStaff,GuinsoosRageblade,,,,,,,,,,,,,,,,,,,,,,,,,,,,,,,,,,,,,1.0,,,,,,,,,,,,,,,,,,,,,,,,,,,,,,,,2.0,WarmogsArmor,RedBuff,DragonsClaw,,,,,,,,,,,,,1.0,,,,,,,,,,,,,,,,,,,,,,,,,,,,,,,,,,,,,,,,2.0,Zephyr,,,,,,,,,,,,,,,1.0,,,,,,,,,,,,,,,,,,None,None,,,,,,,,,,,,,,,,,,,,,,,,,,,,,,,,,,,,
4,EUW1_5973176571,TFT6_Augment_LudensEcho3,TFT6_Augment_CyberneticUplink1,TFT7_Augment_UrfsGrabBag2,,0.0,1.0,1.0,,,,,1.0,,2.0,0.0,0.0,2.0,,2.0,,,,,0.0,1.0,,,,1.0,,0.0,,,,,2.0,Morellonomicon,SpearOfShojin,LocketOfTheIronSolari,,,,,,,,,,,,,1.0,Deathblade,,,,,,,,,,,,,,,,,,,,,,,,,,,,,,,,,,,,,,,,,,,,,,,2.0,SparringGloves,,,2.0,TitanicHydra,IonicSpark,,,,,,,,,,,,,,,,,,,,,,,,,,2.0,ForceOfNature,,,3.0,ThiefsGloves,Morellonomicon,IonicSpark,,,,,,,,,,,,,,,,,,,,,,,,,,,,,2.0,NeedlesslyLargeRod,SpearOfShojin,,,,,,,,,,,,,,,,,,,,,,,,,,,,,,,,,,,,,,2.0,RedBuff,GargoyleStoneplate,TitansResolve,,,,,,,,,,,,,,,,,3.0,TrainerSnax,None,None,,,,,,,,,,,,,,,,,,,,,,,,,,,,,,,,,1.0,,,
3,EUW1_5973176571,TFT6_Augment_Twins3,TFT7_Augment_SwiftshotTrait,TFT6_Augment_RadiantRelics,0.0,0.0,1.0,1.0,,,,,,,3.0,,0.0,,,0.0,,,,,,,,2.0,1.0,,,,,,,,,,,,,,,,,,,,,,,,1.0,SpearOfShojin,,,,,,,,,,,,,,,,,,,,,,,,,,,,,,,,,,,2.0,,,,,,,,,,,,,,,,3.0,RedBuff,DragonsClawRadiant,Redemption,,,,,,,,,,,,,,,,,,,,,,,,,,,,,,,,,,,,,,,,,,,,,,,,,1.0,NegatronCloak,,,,,,,,,,,,,,,,,,,,,,,,,,,,,,,,,,,,,,,,,,,,,,,,,,,,,,,,,,,2.0,IonicSpark,,,,,,,,,,,,,None,None,,,,,2.0,,,,2.0,LastWhisper,ZekesHerald,InfinityEdge,,,,,,,,,,,,,,,,,,,,,,,,
6,EUW1_5971559286,TFT7_Augment_CavalierDevastatingCharge,TFT6_Augment_ThrillOfTheHunt1,TFT7_Augment_MikaelsGift,0.0,,,0.0,,2.0,,,,0.0,2.0,,,0.0,,,0.0,,2.0,,,,,0.0,,,0.0,,,,,,,,,,,,,,,,,,,,,,,,,,2.0,RedBuff,LocketOfTheIronSolari,WarmogsArmor,,,,,2.0,FrozenHeart,,,,,,,,,,,,,,,,,,,,,,,,,,,,,,,2.0,,,,,,,,,,,,,,,,,,,,,,,,,,,,,,,,3.0,IonicSpark,ArchangelsStaff,UnstableConcoction,,,,,,,,,,,,,,,,,,,,,2.0,ZekesHerald,,,,,,,,,,,,,,,,,,,2.0,ChainVest,,,,,,,,,,,,,,,,,,,,,,,,,,,,,,,,,,,,,,,,,,,,,,,,,,,,,,,,,None,None,,,,,2.0,,,,,,,,,,,,,,,,,,,,,,,,,,,,,,,
8,EUW1_5971559286,TFT6_Augment_TradeSector,TFT6_Augment_PandorasItems,TFT6_Augment_CyberneticImplants2,,,,,1.0,,1.0,,0.0,,,2.0,0.0,,,0.0,,1.0,,1.0,,,,,,,,,,,,,2.0,,,,,,,,,,,,,,,,,,,,,,,,2.0,GuinsoosRageblade,InfinityEdge,,,,,,,,,,,,,,2.0,Bloodthirster,,,,,,,,,,,,,,,2.0,,,,,,,,,,,,,,,,2.0,,,,,,,,,,,,,,,,,,,,,,,,,,,,,,,,2.0,RedBuff,WarmogsArmor,,,,,,,,,,,,,,,,,,,,,,,,,,,,,,,,,,,,,,,,,,,,,,,,,,,,,,,,,,,,,,,,,,,,,,,,,,,,,,,,,,,,,,,,None,None,,,,,,,,,,,,,,,,,,,,,,,,,,,,,,,,,,,,
5,EUW1_5971559286,TFT6_Augment_ThreesCompany,TFT6_Augment_CelestialBlessing1,TFT7_Augment_AssassinCutthroat,2.0,,,2.0,,,,,,,1.0,,0.0,0.0,,,0.0,,1.0,,,,,,1.0,,1.0,1.0,,,,,,,,,,,,,,,,,,,,,,,,,,,,,,,,,2.0,FrozenHeart,InfinityEdge,ArchangelsStaff,,,,,,,,,,,,,,,,,,,,,,,,,,,,,,,,,,,,,,,,,,,,,,,,,,,,,,,,,,,,,,,,,,,,,,,,,,,,,,,,,,,,,2.0,TitansResolve,,,1.0,,,,1.0,Zephyr,,,2.0,,,,,,,,,,,,,,,,,,,,1.0,,,,,,,,,,,,,,,,,,,,,,,,1.0,,,,,,,,2.0,InfinityEdge,LastWhisper,Quicksilver,,,,,,,,,,,None,None,,,,,,,,,,,,,,,,,,,,,,,,,,,,,,,,,,,,
1,EUW1_5971559286,TFT7_Augment_ClutteredMind,TFT6_Augment_SecondWind1,TFT6_Augment_PortableForge,,,1.0,1.0,,,1.0,0.0,0.0,,1.0,,0.0,1.0,0.0,1.0,,,,,0.0,1.0,,,2.0,1.0,0.0,0.0,,,,,,,,,2.0,UnstableConcoction,JeweledGauntlet,SpearOfShojin,,,,,,,,,2.0,,,,,,,,,,,,,,,,,,,,,,,,,,,,,,,,,,,,,,,,,,,,,,,,1.0,,,,,,,,,,,,,,,,,,,,,,,,,,,,,,,,2.0,TitanicHydra,,,,,,,,,,,,,,,,,,,,,,,2.0,ThiefsGloves,GuardianAngel,TitansResolve,,,,,,,,,,,,,,,,,,,,,,,,,,,,,,,,,,,,,,,,,,,,,,,,,2.0,OrnnEternalWinter,IonicSpark,WarmogsArmor,,,,,,,,,,,,,,,,,3.0,TrainerSnax,None,None,,,,,,,,,,,,,,,,,,,,,,,,,2.0,RunaansHurricane,,,,,,,1.0,PowerGauntlet,,
2,EUW1_5971559286,TFT6_Augment_ThreesCompany,TFT6_Augment_CelestialBlessing1,TFT6_Augment_SecondWind2,,,,,,0.0,1.0,0.0,,,,1.0,,,,,2.0,,,2.0,,,,1.0,,,,,,,,,,,,,,,,,2.0,,,,,,,,,,,,,,,,,,,,,,,,,,,,,,,,,,,,,,,,,,,,,,,,2.0,WarmogsArmor,,,2.0,,,,,,,,,,,,,,,,,,,,,,,,,,,,,,,,,,,,,,,,,,,,2.0,IonicSpark,RedBuff,WarmogsArmor,,,,,,,,,,,,,,,,,,,,,,,,,,,,,,,,,,,,,,,,,,,,,1.0,TitansResolve,TitansResolve,WarmogsArmor,,,,,,,,,,,,,2.0,,,,,,,,,,,,,,,,,,,,,,,,,,None,None,,,,,,,,,,,,,,,,,,,,,2.0,LastWhisper,,,,,,,,,,,,,,
3,EUW1_5971559286,TFT7_Augment_GadgetExpert,TFT7_Augment_BandOfThieves1,TFT7_Augment_UrfsGrabBag1,,0.0,,1.0,,,,,1.0,0.0,1.0,,,2.0,,1.0,,0.0,,,,,,,,1.0,,1.0,,,,,,,,,,,,,,,,,,,,,,,,,,,,,,,,,,,,,,,,,,,,,,,,,,,,,,,,,,,,,,,,,,,,,2.0,StatikkShiv,,,3.0,ThiefsGloves,Redemption,FrozenHeart,,,,,,,,,,,,,,,,,,,,,,,,,2.0,,,,3.0,IonicSpark,NegatronCloak,,,,,,,,,,,,,,,,,,,,,,,,,,,,,,2.0,SpearOfShojin,ArchangelsStaff,UnstableConcoction,,,,,,,,,,,,,,,,,,,,,,,,,2.0,MageEmblemItem,ZekesHerald,,,,,,,,,,2.0,GargoyleStoneplate,TitanicHydra,TitanicHydra,,,,,,,,,,,,,1.0,,,,2.0,TrainerSnax,None,None,,,,,,,,,,,,,,,,,,,,,,,,,,,,,,,,,,,,
4,EUW1_5971559286,TFT6_Augment_HyperRoll,TFT6_Augment_SecondWind1,TFT6_Augment_ComponentGrabBag,1.0,,,1.0,,,1.0,,,0.0,,0.0,,0.0,,,,,,1.0,,,,,0.0,,,3.0,,,,,,,,,,,,,,,,,,,,,,,,,,,,,,,,,,,,,,,,,,,,,,,,,2.0,Bloodthirster,RunaansHurricane,,3.0,GuinsoosRageblade,Bloodthirster,AssassinEmblemItem,,,,,,,,,,,,,,,,,,,,,,,,,,,,,,,,,,,,,,,,,,,,,,,,,,,,,1.0,WarmogsArmor,RedBuff,,,,,,,,,,,,,,,,,,,,,,2.0,ZekesHerald,ZekesHerald,,,,,,,,,,,,,,,,,,,,,,,,,,,,,,,,,,,,,,,,,,2.0,WarmogsArmor,IonicSpark,,,,,,,,,,,,,,2.0,,,,,,None,None,,,,,,,,,,,,,,,,,,,,,,,,,,,,,,,,,,,,
7,EUW1_5971559286,TFT7_Augment_ShimmerscaleTrait,TFT6_Augment_LudensEcho1,TFT7_Augment_SwiftshotPressTheAttack,1.0,,,1.0,,0.0,,,,,2.0,,0.0,,,,1.0,,,,0.0,,,1.0,1.0,,0.0,,,,,,,,,,,,,,,,,,,,,,,,,,,,,,,,,,,,,,,,,,,,,,,,,,,,,,,,,,,,,,,,,,2.0,GargoyleStoneplate,Redemption,DragonsClaw,,,,,,,,,,,,,,,,,,,,,,,,,,,,,,,,,,,,,,,,,,,,,,,,,,,,,,,,,2.0,,,,,,,,2.0,TearOfTheGoddess,,,,,,,,,,,,,,,,,,,2.0,,,,,,,,,,,,,,,,,,,,,,,,,,,,,,,,2.0,ZekesHerald,,,,,,,,,,,,,None,None,,,,,2.0,,,,,,,,,,,,,,,,2.0,GuinsoosRageblade,MadredsBloodrazor,Quicksilver,,,,,,,,,,,,
6,EUW1_5971585782,TFT6_Augment_ClearMind,TFT7_Augment_BestFriends1,TFT7_Augment_CannoneerHotShot,,,1.0,,1.0,,1.0,,1.0,1.0,1.0,,,,0.0,1.0,,1.0,,,1.0,,,,,1.0,,,,,,,,,,,,,,,,,,,,,,,1.0,ZekesHerald,,,,,,,2.0,MadredsBloodrazor,GuinsoosRageblade,UnstableConcoction,,,,,,,,,2.0,ShimmerscaleMogulsMail,RedBuff,DragonsClaw,,,,,,,,,,,,,,,,,,,,,,,,,,,,,,,,,,,,,,,,,,,,,,,,,2.0,,,,,,,,2.0,,,,,,,,,,,,,,,,,,,,,,,,,,,,,,,,,,,,,,,,,,,,,,,,,,,,,,,,,,,,,,,,2.0,SeraphsEmbrace,Zephyr,,,,,,,,,,,,,,,,,,,,,,,,,,,,,,3.0,TrainerSnax,None,None,2.0,,,,,,,,,,,,,,,,,,,,,,,,,,,,,,,,,,,
8,EUW1_5971585782,TFT7_Augment_ClutteredMind,TFT6_Augment_Electrocharge1,TFT7_Augment_JadeEternalProtection,,,,,,,1.0,0.0,0.0,0.0,,3.0,0.0,,,0.0,,,,1.0,,,1.0,0.0,,,,,,,,,1.0,,,,,,,,2.0,,,,,,,,,,,,,,,,,,,,,,,,,,,,,,,,2.0,InfinityEdge,UnstableConcoction,GuardianAngel,,,,,,,,,,,,,2.0,,,,,,,,,,,,,,,,,,,,,,,,,,,,,,,,,,,,,,,,,,,,,,,,1.0,RedBuff,GargoyleStoneplate,,,,,,,,,,,,,,,,,,,,,,,,,,,,,,,,,,,,,,,,,,,,,,,,,,,,,,,,,,1.0,,,,,,,,,,,,,,,,,,,,1.0,,,,,,,,,,None,None,,,,,,,,,,,,,,,,,,,,,,,,,,,,,,,,,,,,
3,EUW1_5971585782,TFT6_Augment_CyberneticUplink2,TFT6_Augment_ItemGrabBag1,TFT7_Augment_CannoneerRicochet,,,,1.0,2.0,,1.0,,1.0,,,,,0.0,,0.0,,2.0,,,,,,,,1.0,,2.0,,,,,,,,,,,,,,,,,,,,,,,,,,,,,2.0,InfinityEdge,RapidFireCannon,LastWhisper,,,,,,,,,,,,,,,,,2.0,GargoyleStoneplate,RedBuff,WarmogsArmor,,,,,,,,,,,,,,,,,,,,,,,,,2.0,BFSword,,,,,,,,,,,,,,,,,,,,,,,2.0,Chalice,,,,,,,,,,,,,,,,,,,,,,,,,,,,,,,,,,,,,,,,,,,,,,,,,,,,,,,,,,,,,,,2.0,ChainVest,,,,,,,,,,,2.0,,,,,,,,,,,,,,,,,,,,3.0,TrainerSnax,None,None,2.0,GuinsoosRageblade,Quicksilver,,,,,,,,,,,,,,,,,,,,,,,,,,,,,,,,,
4,EUW1_5971585782,TFT6_Augment_ClearMind,TFT6_Augment_Meditation1,TFT6_Augment_Meditation2,,,1.0,1.0,,,1.0,,1.0,,1.0,,,1.0,,1.0,,0.0,,,0.0,1.0,,,,1.0,,2.0,,,,,,,,,,,,,,,,,,,,,1.0,,,,,,,,,,,,,,,,,,,,,,,,,,,,2.0,TitansResolve,Bloodthirster,TitansResolve,,,,,,,,,,,,,,,,,2.0,,,,,,,,,,,,,,,,,,,,,,,,,,,,,,,,2.0,,,,,,,,,,,,,,,,,,,,,,,,,,,,,,,,,,,,,,,,,,,,,,,,,,,,,,,,,,,,,,,,1.0,,,,,,,,,,,,2.0,WarmogsArmor,RedBuff,Quicksilver,,,,,,,,,,,,,,,,,3.0,TrainerSnax,None,None,,,,,,,,,,,,,,,,,,,,,,,,,,,,,,,,,1.0,,,
2,EUW1_5971585782,TFT7_Augment_ShimmerscaleTrait,TFT6_Augment_ThrillOfTheHunt1,TFT6_Augment_SunfireBoard,1.0,,1.0,,,1.0,1.0,,,0.0,4.0,,,,,0.0,1.0,,,,2.0,,,1.0,,,,,,,,,,,,,,,,,,,,,,,,,1.0,,,,,,,,,,,,,,,,,,,,2.0,WarmogsArmor,RabadonsDeathcap,GargoyleStoneplate,,,,,,,,,,,,,,,,,,,,,2.0,RedBuff,ShimmerscaleMogulsMail,,,,,,,,,,,,,,,,,,1.0,,,,,,,,,,,,,,,,,,,,,,,,,,,,,,,,,,,,,,,,,,,,,,,,,,,,,,,,2.0,,,,,,,,,,,,,,,,,,,,,,,,,,,,,,,,,,,,,,,,,,,,2.0,InfinityEdge,MadredsBloodrazor,,,,,,,,,,,,None,None,,,,,2.0,PowerGauntlet,ZekesHerald,,,,,,,,,,,,,,2.0,MadredsBloodrazor,ShimmerscaleGamblersBlade,GuinsoosRageblade,,,,,,,,,,,,
7,EUW1_5971585782,TFT6_Augment_TrueTwos,TFT6_Augment_ThrillOfTheHunt1,TFT6_Augment_FuturePeepers,,,,,2.0,,1.0,0.0,0.0,1.0,,,,,0.0,,,2.0,0.0,,1.0,,,,,0.0,0.0,,,,,,,,,,,,,,,,,,,,,,,,,,1.0,,,,2.0,LastWhisper,SeraphsEmbrace,InfinityEdge,,,,,,,,,1.0,DragonsClaw,GargoyleStoneplate,ShimmerscaleMogulsMail,,,,,,,,,,,,,,,,,,,,,,,,,,,,,,,,,2.0,,,,,,,,,,,,,,,,,,,,,,,,,,,,,,,,,,,,,,,,,,,,,,,,,,,,,,,,,,,,,,,,,,,,,,,,,,,,,,,,,,,,,,,,1.0,SpearOfShojin,Zephyr,,,,,,,,,,,,,,,,,,,,,,,,,,,,,,,,None,None,2.0,,,,,,,,,,,,,,,,,,,,,,,,1.0,ThiefsGloves,PowerGauntlet,Shroud,,,,,,,,
5,EUW1_5971585782,TFT7_Augment_AxiomArc2,TFT6_Augment_Distancing,TFT6_Augment_Ascension,0.0,1.0,,1.0,0.0,,,,,,1.0,,,2.0,,0.0,,,,,,,,,,1.0,,1.0,,,,,,,,,,,,,,,,,,,,,,,,,,,,,,,,,,,,,,,,,,,,,,,,,,,,,,,,,,,,,,,,,,,,,2.0,,,,3.0,RedBuff,GargoyleStoneplate,TitansResolve,,,,,,,,,,,,,,,,,,,,,,,,,,,,,3.0,StatikkShiv,,,,,,,,,,,,,,,,,,,,,,,1.0,,,,,,,,2.0,ArchangelsStaff,HextechGunblade,Bloodthirster,,,,,,,,,,,,,,,,,,,,,,,,,,,,,,,,,,,,,2.0,IonicSpark,,,,,,,,,,,,,,,,,,,2.0,TrainerSnax,None,None,1.0,,,,,,,,,,,,2.0,,,,,,,,,,,,,,,,,,,,,,,
1,EUW1_5971585782,TFT7_Augment_RagewingTantrum,TFT7_Augment_BandOfThieves1,TFT7_Augment_SwiftshotPressTheAttack,0.0,,1.0,1.0,,,1.0,0.0,,,3.0,,0.0,,,0.0,2.0,,,1.0,,,,1.0,0.0,,0.0,,,,,,,,,,,,,,,,,,,,,,1.0,,,,,,,,,,,,,,,,,,,,,,,,,,,,,,,,,,,,,,,,,,,,,,,,,,,,,,,,,,,,,,,,,,,,,,,,,,,,,,,,,,,,,,,,,,,,,,,,,,,,,,,,2.0,GargoyleStoneplate,DragonsClaw,,,,,,,,,,,,,,,,,,,,,,,,,,2.0,,,,1.0,FrozenHeart,HextechGunblade,MadredsBloodrazor,,,,,,,,,,,,,1.0,,,,,,,,,,,,2.0,ThiefsGloves,,,,,,,,,,,,,None,None,,,,,2.0,InfinityEdge,,,,,,,,,,,,,,,2.0,GuinsoosRageblade,MadredsBloodrazor,Quicksilver,,,,,,,,,,,,
7,EUW1_5971577205,TFT7_Augment_CannoneerTrait,TFT6_Augment_SecondWind2,TFT6_Augment_SalvageBin,,,,0.0,4.0,,1.0,,1.0,0.0,,,,,,0.0,,3.0,,,1.0,,,,,1.0,,,,,,,,,,,,,,,,,,,,,,,,,,,,,,,2.0,InfinityEdge,MadredsBloodrazor,LastWhisper,,,,,,,,,1.0,WarmogsArmor,RedBuff,Redemption,,,,,,,,,,,,,,,,,,,,,,,,,,,,,,,,,2.0,,,,,,,,,,,,,,,,,,,,,,,,2.0,,,,,,,,,,,,,,,,,,,,,,,,,,,,,,,,,,,,,,,,,,,,,,,,,,,,,,,,,,,,,,,,1.0,SeraphsEmbrace,ShimmerscaleGoldmancersStaff,CannoneerEmblemItem,,,,,,,,,,,,,2.0,ChainVest,,,,,,,,,,,,,,,4.0,TrainerSnax,None,None,2.0,,,,,,,,,,,,,,,,,,,,,,,,,,,,,,,,,,,
1,EUW1_5971577205,TFT6_Augment_Distancing,TFT7_Augment_CavalierEmblem,TFT7_Augment_MirageEmblem,,,,,,4.0,1.0,0.0,,0.0,1.0,,,0.0,4.0,,0.0,,0.0,,,,,,,,1.0,,,,,,,,,,,,,,,,,,,,,,,,,,,,,,,,,,,,,,2.0,StatikkShiv,Morellonomicon,,,,,,,,,,,,,,,,,,,,,,,,,,2.0,MirageEmblemItem,DragonsClaw,WarmogsArmor,,,,,,,,,,,,,,,,,,,,,,,,,2.0,,,,2.0,,,,,,,,,,,,,,,,,,,,3.0,Bloodthirster,TitansResolve,WarmogsArmor,,,,,,,,,,,,,,,,,,,,,2.0,IonicSpark,FrozenHeart,,,,,,,,,,,,,,,,,,,,,,,,,,,,,,,,,,,,,,,,,,,,,,,,,,,,,,,,None,None,,,,,,,,,,,,,,,,,,,,,,,,,1.0,SeraphsEmbrace,CavalierEmblemItem,TitansResolve,2.0,,,,,,,
5,EUW1_5971577205,TFT6_Augment_PandorasItems,TFT6_Augment_LudensEcho2,TFT6_Augment_SecondWind2,,1.0,1.0,1.0,,,,,0.0,,2.0,,,1.0,,2.0,,,,,,,,1.0,,1.0,,1.0,,,,,,,,,,,,,,,,,,,,,1.0,,,,,,,,,,,,,,,,,,,,,,,,,,,,,,,,,,,,,,,,,,,,,,,,1.0,Zephyr,,,3.0,GargoyleStoneplate,RedBuff,,,,,,,,,,,,,,,,,,,,,,,,,,2.0,WhispersEmblemItem,,,3.0,,,,,,,,,,,,,,,,,,,,,,,,,,,,,,,,,,,,,,,,,,,,,,,,,,,,,,,,,,,,,,,,,,,,,,,,2.0,,,,,,,,,,,,,,,,,,,,1.0,TrainerSnax,None,None,,,,,2.0,,,,3.0,GuinsoosRageblade,RunaansHurricane,Deathblade,,,,,,,,,,,,,,,,,,,,,,,,
4,EUW1_5971577205,TFT7_Augment_GuildTrait,TFT6_Augment_ComponentGrabBag,TFT6_Augment_Diversify2,1.0,,,1.0,,1.0,,,,,4.0,,0.0,,,,1.0,,,,,,,1.0,1.0,,0.0,,,,,,,,,,,,,,,,,,,,,,,,,,,,,,,,,,,,,,,,,,,,,,,,,,,,,,,,,,,,,,,,,,2.0,Morellonomicon,,,,,,,,,,,,,,,,,,,,,,,,,,,,,,,,,,,,,,,,,,,,,,,,,,,,,,,,,,,2.0,DragonsClaw,RedBuff,WarmogsArmor,,,,,2.0,FrozenHeart,,,,,,,1.0,,,,,,,,,,,,2.0,,,,,,,,,,,,,,,,,,,,,,,,,,,,,,,,2.0,UnstableConcoction,,,,,,,,,,,,,None,None,,,,,2.0,ThiefsGloves,Bloodthirster,DragonsClaw,,,,,,,,,,,,,2.0,Quicksilver,GuinsoosRageblade,GuardianAngel,,,,,,,,,,,,
3,EUW1_5971577205,TFT7_Augment_BruiserTrait,TFT6_Augment_SunfireBoard,TFT6_Augment_SecondWind2,2.0,,,2.0,,,1.0,,,,1.0,0.0,0.0,,,,0.0,,,,,,1.0,,1.0,,0.0,2.0,,,,,,,,,,,,,,,,,,,,,,,,,,,,,,,,,,,,,,,,,,,,,,,,,2.0,Bloodthirster,AssassinEmblemItem,InfinityEdge,,,,,,,,,,,,,,,,,,,,,,,,,,,,,,,,,,,,,,,,,,,,,,,,,,,,,,,,,,,,,,,,,,,,,,,,,2.0,Redemption,Redemption,,1.0,IonicSpark,GuardianAngel,Bloodthirster,1.0,,,,,,,,,,,,,,,,,,,,2.0,,,,,,,,,,,,,,,,2.0,,,,,,,,,,,,,,,,2.0,FrozenHeart,ZekesHerald,Redemption,,,,,,,,,,,None,None,,,,,,,,,,,,,,,,,,,,,,,,,,,,,,,,,,,,
8,EUW1_5971577205,TFT7_Augment_CannoneerTrait,TFT7_Augment_CannoneerHotShot,TFT6_Augment_PortableForge,1.0,,,,2.0,,1.0,,0.0,1.0,1.0,0.0,,,,0.0,,0.0,,,1.0,,,,0.0,1.0,,,,,,,,,,,,,,,,,,,,,,,,,,,,,,,1.0,StatikkShiv,GuinsoosRageblade,Bloodthirster,,,,,,,,,2.0,OrnnAnimaVisage,TitanicHydra,GargoyleStoneplate,,,,,,,,,,,,,,,,,,,,,,,,,,,,,,,,,,,,,,,,,,,,,,,,,,,,,,,,,1.0,,,,,,,,,,,,,,,,,,,,,,,,,,,,,,,,1.0,SeraphsEmbrace,RabadonsDeathcap,ShimmerscaleGoldmancersStaff,,,,,,,,,,,,,,,,,,,,,,,,,,,,,,,,,,,,,,,,,,,,,,,,,1.0,,,,2.0,,,,,,,,3.0,TrainerSnax,None,None,1.0,,,,,,,,,,,,,,,,,,,,,,,,,,,,,,,,,,,
2,EUW1_5971577205,TFT7_Augment_BestFriends1,TFT6_Augment_CyberneticImplants2,TFT6_Augment_ComponentGrabBag,1.0,,,1.0,,2.0,,0.0,,,3.0,,0.0,,0.0,,1.0,,,,,,,1.0,1.0,,1.0,,,,,,,,,,,,,,,,,,,,,,,,,,,,,,,,,,,,,,,,,,,,,,,,,,,,,,,,,,,,,,,,,,2.0,WarmogsArmor,Chalice,,,,,,,,,,,,,,,,,,,,,,,,,,,,,,,,,,,,,,,,,,,,,,,,,,,,,,,,,,2.0,ThiefsGloves,WarmogsArmor,GargoyleStoneplate,,,,,2.0,IonicSpark,,,,,,,2.0,,,,,,,,,,,,2.0,,,,,,,,,,,,,,,,,,,,,,,,,,,,,,,,2.0,FrozenHeart,InfinityEdge,TitansResolve,,,,,,,,,,,None,None,,,,,2.0,StatikkShiv,,,,,,,,,,,,,,,2.0,Deathblade,GuinsoosRageblade,Quicksilver,1.0,CavalierEmblemItem,,,,,,,,,,
6,EUW1_5971577205,TFT7_Augment_EvokerTrait,TFT6_Augment_TradeSectorPlus,TFT6_Augment_CyberneticUplink2,,1.0,,1.0,,,,,1.0,,1.0,,,1.0,,1.0,,,,,0.0,1.0,,1.0,,1.0,,0.0,,,,,,,,,,,,,,,,,,,,,,,,,,,,,,,,,,,,,,,,,,,,,,,,,,,,,,,,,,,,,,,,,,,,,1.0,,,,3.0,TitansResolve,,,,,,,,,,,,,,,,,,,,,,,,,,,2.0,,,,3.0,ArchangelsStaff,,,,,,,,,,,,,,,,,,,,,,,,,,,,,,,,,,,,,,,,,,,,,,,,,,,,,,,,,,,,,,,,,,,,,,,2.0,Quicksilver,RedBuff,,,,,,,,,,,,,,,,,,2.0,TrainerSnax,None,None,,,,,2.0,,,,3.0,GuinsoosRageblade,MadredsBloodrazor,UnstableConcoction,,,,,,,,,,,,,,,,,,,,,1.0,SeraphsEmbrace,,
4,EUW1_5970991462,TFT6_Augment_ThreesCompany,TFT6_Augment_LudensEcho2,TFT6_Augment_CyberneticUplink2,,0.0,,1.0,,,1.0,,0.0,,,0.0,0.0,1.0,,1.0,,,,0.0,,,,,2.0,1.0,,0.0,,,,,,,,,1.0,SpearOfShojin,MadredsBloodrazor,JeweledGauntlet,,,,,,,,,,,,,,,,,,,,,,,,,,,,,,,,,,,,,,,,,,,,,,,,,,,,,,,,,2.0,BFSword,,,,,,,,,,,,,,,,,,,,,,,,,,,,,,,2.0,,,,2.0,Chalice,,,2.0,,,,,,,,,,,,,,,,1.0,,,,,,,,,,,,,,,,,,,,,,,,,,,,,,,,,,,,,,,,,,,,,,,,,,,,2.0,GargoyleStoneplate,GargoyleStoneplate,DragonsClaw,,,,,,,,,,,,,,,,,1.0,TrainerSnax,None,None,,,,,,,,,,,,,,,,,,,,,,,,,,,,,,,,,,,,
2,EUW1_5970991462,TFT7_Augment_ClutteredMind,TFT6_Augment_TradeSectorPlus,TFT6_Augment_Ascension,1.0,,1.0,2.0,,,1.0,,,0.0,1.0,0.0,0.0,0.0,,0.0,0.0,,,,,,1.0,,1.0,,0.0,3.0,,,,,,,,,,,,,,,,,,,,,2.0,,,,,,,,,,,,,,,,,,,,,,,,,,,,2.0,Bloodthirster,MadredsBloodrazor,TitansResolve,,,,,,,,,,,,,,,,,,,,,,,,,,,,,,,,,,,,,,,,,,,,,,,,,,,,,,,,,,,,,,,,,,,,,,,,,2.0,,,,1.0,InfinityEdge,,,2.0,Chalice,ZekesHerald,,,,,,,,,,,,,,,,,,2.0,,,,,,,,,,,,,,,,2.0,,,,,,,,3.0,NeedlesslyLargeRod,RedBuff,,,,,,,,,,,,,,2.0,,,,,,None,None,,,,,,,,,,,,,,,,,,,,,,,,,,,,,,,,,,,,
6,EUW1_5970991462,TFT6_Augment_CalculatedLoss,TFT6_Augment_ComponentGrabBag,TFT6_Augment_CyberneticImplants2,,3.0,,1.0,,,1.0,,0.0,,,,,0.0,,0.0,,,,0.0,,,,0.0,,,,,,,,,,,,,,,,,,,,,1.0,,,,,,,,,,,,,,,,,,,,,,,,,,,,,,,,,,,,,,,,,,,,,,,,,,,,,,,,3.0,RedBuff,,,,,,,,,,,,,,,,,,,,,,,,,,,,,,,3.0,TearOfTheGoddess,,,,,,,3.0,Quicksilver,UnstableConcoction,,,,,,,,,,,,,,,,,,,,,,,,,,,,,,,,,,,,,,,,,,,,,,3.0,NegatronCloak,,,,,,,,,,,,,,,,,,,,,,,,,,,,,,,,,,,,,None,None,,,,,,,,,3.0,Deathblade,GuinsoosRageblade,MadredsBloodrazor,3.0,Shroud,,,,,,,,,,,,,,,,,,,,,,
1,EUW1_5970991462,TFT7_Augment_GuildEmblem,TFT6_Augment_SecondWind2,TFT6_Augment_Diversify2,1.0,,,1.0,,1.0,,0.0,,,4.0,,0.0,,0.0,,1.0,,,,,,,1.0,1.0,,1.0,,,,,,,,,,,,,,,,,,,,,,,,,,,,,,,,,,,,,,,,,,,,,,,,,,,,,,,,,,,,,,,,,,2.0,DragonsClaw,IonicSpark,,,,,,,,,,,,,,,,,,,,,,,,,,,,,,,,,,,,,,,,,,,,,,,,,,,,,,,,,,2.0,,,,,,,,2.0,,,,,,,,2.0,,,,,,,,,,,,2.0,,,,,,,,,,,,,,,,,,,,,,,,,,,,,,,,1.0,UnstableConcoction,InfinityEdge,MadredsBloodrazor,,,,,,,,,,,None,None,,,,,2.0,,,,,,,,,,,,,,,,2.0,MadredsBloodrazor,GuildEmblemItem,Quicksilver,2.0,RedBuff,BrambleVest,WarmogsArmor,,,,,,,,
8,EUW1_5970991462,TFT7_Augment_BestFriends2,TFT6_Augment_SalvageBin,TFT7_Augment_MirageEmblem,,,,0.0,,0.0,1.0,,,0.0,,,,,3.0,,,,0.0,,,,,,,,1.0,,,,,,,,,,,,,,,,,,,,,,,,,,2.0,Spatula,,,,,,,,,,,1.0,,,,,,,,,,,,,,,,,,,,,,,,,,,,,,,,,,,,,,,,,,,,,,,,,,,,,,,,,,,,,,,,,,,,,,,,,,,,,,,,2.0,Redemption,,,2.0,UnstableConcoction,MirageEmblemItem,,,,,,,,,,,,,,,,,,,,,,,,,,,,,,,,,,,,,,,,,,,,,,,,,,,,,,,,,,,,,,,,,,,,,,,,,,,,None,None,,,,,,,,,,,,,,,,,,,,,,,,,,,,,2.0,Quicksilver,Bloodthirster,GuinsoosRageblade,,,,
3,EUW1_5970991462,TFT7_Augment_ClutteredMind,TFT6_Augment_RichGetRicherPlus,TFT7_Augment_CannoneerRicochet,,,1.0,,3.0,,1.0,,1.0,1.0,1.0,,,,,1.0,,2.0,,,1.0,,,,,1.0,,0.0,,,,,,,,,,,,,,,,,,,,,2.0,,,,,,,,2.0,InfinityEdge,LastWhisper,ShimmerscaleDravensAxe,,,,,,,,,2.0,WarmogsArmor,RedBuff,,,,,,,,,,,,,,,,,,,,,,,,,,,,,,,,,,2.0,StatikkShiv,RunaansHurricane,,,,,,,,,,,,,,,,,,,,,,2.0,,,,,,,,,,,,,,,,,,,,,,,,,,,,,,,,,,,,,,,,,,,,,,,,,,,,,,,,,,,,,,,,2.0,CannoneerEmblemItem,,,,,,,,,,,,,,,,,,,,,,,,,,,2.0,,,,4.0,TrainerSnax,None,None,2.0,ZekesHerald,ZekesHerald,Shroud,,,,,,,,,,,,,,,,,,,,,,,,,,,,,,,,
7,EUW1_5970991462,TFT7_Augment_UrfsGrabBag1,TFT7_Augment_JadeTrait,TFT6_Augment_Ascension,,,,,,,1.0,0.0,0.0,,,3.0,0.0,,,0.0,0.0,,,1.0,,,1.0,1.0,,,,,,,,,2.0,ArchangelsStaff,,,,,,,2.0,,,,,,,,,,,,,,,,,,,,,,,,,,,,,,,,1.0,RapidFireCannon,,,,,,,,,,,,,,,2.0,,,,,,,,,,,,,,,,,,,,,,,,,,,,,,,,,,,,,,,,,,,,,,,,1.0,RedBuff,Redemption,,,,,,,,,,,,,,,,,,,,,,,,,,,,,,,,,,,,,,,,,,,,,,,,,,,,,,,,,,1.0,,,,,,,,,,,,,,,,,,,,,,,,,,,,,,None,None,,,,,,,,,,,,,,,,,,,,,1.0,GuinsoosRageblade,MadredsBloodrazor,UnstableConcoction,,,,,,,,,,,,
5,EUW1_5970991462,TFT6_Augment_MakeshiftArmor2,TFT6_Augment_Twins2,TFT6_Augment_ThrillOfTheHunt2,,1.0,,2.0,,,,,,,1.0,,0.0,,,,0.0,,,,,,,1.0,0.0,,0.0,,,,,,,,,,,,,,,,,,,,,,,,,,,,,,,,,,,,,,,,,,,,,,,,,,,,,,,,,,,,,,,,,,,,,,,,,,3.0,RedBuff,FrozenHeart,GargoyleStoneplate,,,,,,,,,,,,,,,,,,,,,,,,,,,,,,,,,,,,,,,,,,,,,,,,,2.0,,,,,,,,,,,,,,,,,,,,,,,,,,,,2.0,,,,,,,,2.0,,,,,,,,,,,,,,,,,,,,,,,,,,,,,,,,,,,,,,None,None,,,,,2.0,,,,2.0,PowerGauntlet,IonicSpark,GuinsoosRageblade,,,,,,,,,,,,,,,,,,,,,,,,
1,EUW1_5971580338,TFT7_Augment_RevelPartyTime,TFT7_Augment_RevelEmblem2,TFT6_Augment_Weakspot,,,,1.0,1.0,1.0,1.0,,0.0,,,,0.0,,2.0,,0.0,4.0,,,,,,,0.0,,,,,,,,,,,,,,,,,,,,,,,,,,,,,,,,2.0,,,,,,,,2.0,RevelEmblemItem,GuinsoosRageblade,Quicksilver,,,,,,,,,,,,,,,,,,,,,,,,,2.0,WarmogsArmor,LocketOfTheIronSolari,DragonsClaw,,,,,,,,,2.0,StatikkShiv,ZekesHerald,StatikkShiv,,,,,,,,,,,,,,,,,,,,,,,,,,,,,,,,,,,,,2.0,,,,,,,,2.0,GargoyleStoneplate,Shroud,TitanicHydra,,,,,,,,,,,,,,,,,,,,,,,,,,,,,,,,,,,,,2.0,StatikkShiv,,,,,,,,,,,,,,,2.0,,,,,,,,,,,,,,,,,,None,None,,,,,,,,,,,,,,,,,,,,,,,,,,,,,,,,,,,,
3,EUW1_5971580338,TFT6_Augment_HyperRoll,TFT7_Augment_ShapeshifterTrait2,TFT6_Augment_SecondWind1,,0.0,,,,,1.0,0.0,,,,2.0,,,,0.0,0.0,,,3.0,,,1.0,,,,,0.0,,,,,,,,,,,,,,,,,,,,,,,,,,,,,,,,,,,,,,,,,,,,,1.0,DragonsClaw,UnstableConcoction,FrozenHeart,,,,,2.0,ThiefsGloves,RunaansHurricane,TitanicHydra,,,,,2.0,,,,,,,,,,,,,,,,,,,,,,,,,,,,,,,,,,,,,,,,,,,,,,,,2.0,JeweledGauntlet,RedBuff,Bloodthirster,3.0,GuinsoosRageblade,Quicksilver,RunaansHurricane,,,,,,,,,,,,,,,,,,,,,,,,,,,,,,,,,,,,,,,,,,,,,,,,,,,,,1.0,,,,2.0,,,,,,,,,,,,,,,,,,,,,,,,,,None,None,,,,,,,,,,,,,,,,,,,,,,,,,,,,,,,,,,,,
5,EUW1_5971580338,TFT7_Augment_MikaelsGift,TFT6_Augment_Diversify3,TFT6_Augment_CelestialBlessing1,,,,,1.0,,1.0,,1.0,1.0,,0.0,,,,0.0,,1.0,0.0,,1.0,,1.0,,,1.0,,,,,,,,,,,,,,,,,,,,,,,,,,,2.0,Zephyr,,,2.0,GuinsoosRageblade,InfinityEdge,MadredsBloodrazor,,,,,,,,,2.0,BrambleVest,ShimmerscaleMogulsMail,RedBuff,,,,,,,,,,,,,,,,,,,,,,,,,,,,,,,,,,,,,,,,,,,,,,,,,,,,,,,,,2.0,LocketOfTheIronSolari,Chalice,Chalice,,,,,,,,,,,,,,,,,,,,,,,,,,,,,,,,,,,,,,,,,,,,,,,,,,,,,,,,,,,,,1.0,,,,1.0,,,,,,,,,,,,,,,,,,,,,,,,,,,,3.0,TrainerSnax,None,None,2.0,Shroud,,,,,,,,,,,,,,,,,,,,,,,,,,,,,,,,,,
4,EUW1_5971580338,TFT7_Augment_GadgetExpert,TFT6_Augment_CyberneticImplants3,TFT6_Augment_CyberneticShell1,1.0,,,,,,1.0,,1.0,,1.0,2.0,0.0,,,1.0,,,,1.0,,,,,0.0,0.0,,,,,,,2.0,ArchangelsStaff,,,,,,,,,,,,,,,,,,,,,,,,,,,,,,,,,,,,,,,1.0,GuardianAngel,AssassinEmblemItem,RapidFireCannon,,,,,,,,,,,,,2.0,StatikkShiv,,,,,,,,,,,,,,,,,,,,,,,,,,,,,,,,,,,,,,,2.0,,,,,,,,2.0,RedBuff,GargoyleStoneplate,,,,,,,,,,,,,,,,,,,,,,1.0,RedBuff,,,,,,,,,,,,,,,,,,,,,,,,,,,,,,,,,,,,,,,,,,,,,,,,,,,2.0,PowerGauntlet,RunaansHurricane,,,,,,,,,,,,None,None,,,,,,,,,,,,,,,,,,,,,,,,,,,,,,,,,,,,
7,EUW1_5971580338,TFT6_Augment_RichGetRicher,TFT6_Augment_HighEndShopping,TFT6_Augment_CyberneticShell1,,,1.0,1.0,,,1.0,,0.0,,2.0,,0.0,1.0,,1.0,,,,,0.0,1.0,,,2.0,0.0,,0.0,,,,,,,,,1.0,MadredsBloodrazor,ArchangelsStaff,SpearOfShojin,,,,,,,,,2.0,ChainVest,,,,,,,,,,,,,,,,,,,,,,,,,,,,,,,,,,,,,,,,,,,,,,,,,,,,,,,,,,,,,,,,,,,,,,,,,,,,,,,1.0,,,,,,,,,,,,,,,,,,,,,,,,2.0,RedBuff,,,,,,,,,,,2.0,,,,,,,,,,,,,,,,,,,,,,,,,,,,,,,,,,,,,,,,2.0,FrozenHeart,,,,,,,,,,,,,,,,,,,,,None,None,,,,,,,,,,,,,,,,,,,,,,,,,,,,,,,,,1.0,StatikkShiv,SeraphsEmbrace,Quicksilver
8,EUW1_5971580338,TFT6_Augment_JeweledLotus,TFT6_Augment_MaxLevel10,TFT6_Augment_Diversify1,,0.0,1.0,2.0,,,1.0,0.0,,,1.0,,0.0,0.0,1.0,0.0,,,,,,,,0.0,1.0,,0.0,2.0,,,,,,,,,,,,,,,,,,,,,1.0,,,,,,,,,,,,,,,,,,,,,,,,,,,,1.0,MirageEmblemItem,,,,,,,1.0,,,,,,,,,,,,,,,,1.0,,,,,,,,,,,,,,,,,,,,,,,,,,,,,,,,,,,,,,,,,,,,,,,,,,,,2.0,GuardianAngel,,,,,,,,,,,,,,,,,,,,,,,,,,,,,,,,,,,,,,,,,,,,,,,,,,,1.0,,,,,,,,,,,,,,,,,,,,,,None,None,,,,,,,,,,,,,,,,,,,,,,,,,2.0,Bloodthirster,SeraphsEmbrace,,,,,,,,,
6,EUW1_5971580338,TFT7_Augment_MageEmblem,TFT6_Augment_RadiantRelics,TFT6_Augment_ThrillOfTheHunt1,,0.0,,1.0,,,1.0,,0.0,,,,0.0,2.0,,1.0,,,,,0.0,1.0,,,2.0,1.0,,0.0,,,,,,,,,1.0,SpearOfShojin,JeweledGauntlet,RabadonsDeathcapRadiant,,,,,,,,,,,,,,,,,,,,,,,,,,,,,,,,,,,,,,,,,,,,,,,,,,,,,,,,,2.0,,,,,,,,,,,,,,,,,,,,,,,,,,,,,,,,2.0,MageEmblemItem,,,1.0,,,,,,,,,,,,,,,,,,,,1.0,IonicSpark,,,,,,,,,,,,,,,,,,,,,,,,,,,,,,,,,,,,,,,,,,,,,,,,,,,2.0,TitanicHydra,IonicSpark,GargoyleStoneplate,,,,,,,,,,,,,,,,,3.0,TrainerSnax,None,None,,,,,,,,,,,,,,,,,,,,,,,,,,,,,,,,,2.0,RabadonsDeathcap,RecurveBow,
2,EUW1_5971580338,TFT7_Augment_JadeTrait,TFT6_Augment_MaxLevel10,TFT6_Augment_Weakspot,2.0,,1.0,,,,1.0,0.0,,,2.0,2.0,,,0.0,1.0,,,0.0,0.0,,,1.0,,,,0.0,0.0,,,,,,,,,,,,,,,,,,,,,2.0,,,,,,,,,,,,1.0,,,,,,,,,,,,2.0,UnstableConcoction,GuinsoosRageblade,AssassinEmblemItem,,,,,,,,,,,,,,,,,,,,,,,,,,,,,,,,,,,,,,,,,,,,,,,,,,,,,,,,,,,,,2.0,ThiefsGloves,GuardianAngel,Deathblade,,,,,,,,,,,,,,,,,2.0,IonicSpark,MadredsBloodrazor,UnstableConcoction,,,,,,,,,,,,,,,,,,,,,,,,,,,,,,,,,,,,,2.0,,,,,,,,,,,,,,,,2.0,ThiefsGloves,SeraphsEmbrace,ArchangelsStaff,,,,,,,,,,,None,None,,,,,,,,,,,,,,,,,,,,,,,,,2.0,WarmogsArmor,Bloodthirster,MadredsBloodrazor,,,,,,,,
4,EUW1_5970986123,TFT7_Augment_GadgetExpert,TFT6_Augment_ComponentGrabBag,TFT6_Augment_Diversify3,,1.0,1.0,1.0,,,,,0.0,,1.0,,,2.0,,2.0,,,,,0.0,1.0,,,,1.0,,0.0,,,,,,,,,,,,,,,,,,,,,1.0,,,,,,,,,,,,,,,,,,,,,,,,,,,,,,,,,,,,,,,,,,,,,,,,2.0,Zephyr,,,3.0,ThiefsGloves,JeweledGauntlet,ArchangelsStaff,,,,,,,,,,,,,,,,,,,,,,,,,2.0,,,,2.0,StatikkShiv,,,,,,,,,,,,,,,,,,,,,,,,,,,,,,,,,,,,,,,,,,,,,,,,,,,,,,,,,,,,,,,,,,,,,,,2.0,RedBuff,LocketOfTheIronSolari,GargoyleStoneplate,,,,,,,,,,,,,,,,,2.0,TrainerSnax,None,None,,,,,,,,,,,,,2.0,ThiefsGloves,Morellonomicon,IonicSpark,,,,,,,,,,,,,,,,,1.0,SpearOfShojin,RabadonsDeathcap,MadredsBloodrazor
2,EUW1_5970986123,TFT7_Augment_MikaelsGift,TFT6_Augment_SunfireBoard,TFT6_Augment_BinaryAirdrop,1.0,,1.0,1.0,,0.0,,0.0,,,3.0,,0.0,,,0.0,1.0,,,,,,,1.0,1.0,,0.0,1.0,,,,,,,,,,,,,,,,,,,,,1.0,,,,,,,,,,,,,,,,,,,,,,,,,,,,,,,,,,,,,,,,,,,,2.0,,,,,,,,,,,,,,,,,,,,,,,,2.0,,,,,,,,,,,,,,,,,,,,,,,,,,,,,,,,,,,,2.0,DragonsClaw,FrozenHeart,PowerGauntlet,1.0,ArchangelsStaff,SpearOfShojin,SeraphsEmbrace,,,,,,,,,,,,,,,,,,,,,2.0,LocketOfTheIronSolari,PowerGauntlet,Chalice,,,,,,,,,,,,,,,,,,,,,,,,,,,,,2.0,RunaansHurricane,LastWhisper,RapidFireCannon,,,,,,,,,,,None,None,,,,,2.0,ZekesHerald,WhispersEmblemItem,Chalice,,,,,,,,,,,,,2.0,GuinsoosRageblade,Quicksilver,RabadonsDeathcap,,,,,,,,,,,,
1,EUW1_5970986123,TFT7_Augment_MirageEmblem,TFT6_Augment_Electrocharge2,TFT6_Augment_WindfallPlusPlus,,,,,,2.0,1.0,0.0,,0.0,1.0,,,,4.0,,0.0,,,,,,,,,,1.0,,,,,,,,,,,,,,,,,,,,,,,,,,,,,,,,,,,,,,2.0,MadredsBloodrazor,GuinsoosRageblade,Quicksilver,,,,,,,,,,,,,,,,,,,,,,,,,2.0,MirageEmblemItem,,,,,,,,,,,,,,,,,,,,,,,,,,,2.0,,,,,,,,,,,,,,,,,,,,,,,,3.0,RedBuff,GargoyleStoneplate,WarmogsArmor,,,,,,,,,,,,,,,,,,,,,2.0,Shroud,,,,,,,,,,,,,,,,,,,,,,,,,,,,,,,,,,,,,,,,,,,,,,,,,,,,,,,,,None,None,,,,,,,,,,,,,,,,,,,,,,,,,2.0,Quicksilver,Redemption,HextechGunblade,2.0,,,,,,,
6,EUW1_5970986123,TFT6_Augment_Electrocharge2,TFT7_Augment_GadgetExpert,TFT6_Augment_HighEndShopping,,,1.0,,1.0,,1.0,,1.0,0.0,1.0,,,,,1.0,,2.0,,,1.0,,,,,1.0,,,,,,,,,,,,,,,,,,,,,,,1.0,,,,,,,,2.0,RunaansHurricane,UnstableConcoction,,,,,,,,,,2.0,DragonsClaw,RedBuff,WarmogsArmor,,,,,,,,,,,,,,,,,,,,,,,,,,,,,,,,,,,,,,,,,,,,,,,,,,,,,,,,,1.0,ZekesHerald,ShimmerscaleHeartOfGold,,,,,,,,,,,,,,,,,,,,,,,,,,,,,,,,,,,,,,,,,,,,,,,,,,,,,,,,,,,,,,2.0,StatikkShiv,Morellonomicon,RabadonsDeathcap,,,,,,,,,,,,,,,,,,,,,,,,,,,,,2.0,TrainerSnax,None,None,2.0,RevelEmblemItem,,,,,,,,,,,,,,,,,,,,,,,,,,,,,,,,,,
3,EUW1_5970986123,TFT7_Augment_AstralIntercosmicGifts,TFT6_Augment_TradeSectorPlus,TFT7_Augment_MageEmblem2,1.0,1.0,,1.0,,,,,,,3.0,,0.0,1.0,,0.0,,,,,,,,1.0,1.0,,,,,,,,,,,,,,,,,,,,,,,,,,,,,,,,,,,,,,,,,,,,,,,,,,,,,,,,,,,,,,,,,,,,,,,,,,,,3.0,Redemption,RedBuff,MageEmblemItem,,,,,,,,,,,,,,,,,,,,,,,,,,,,,3.0,SpearOfShojin,ArchangelsStaff,GuinsoosRageblade,,,,,,,,,,,,,,,,,2.0,SeraphsEmbrace,,,,,,,2.0,IonicSpark,,,2.0,,,,,,,,,,,,,,,,,,,,,,,,,,,,,,,,,,,,,,,,,,,,,,,,2.0,,,,,,,,,,,,,,None,None,,,,,2.0,PowerGauntlet,,,3.0,RunaansHurricane,GuinsoosRageblade,MadredsBloodrazor,,,,,,,,,,,,,,,,,,,,,,,,
8,EUW1_5970986123,TFT7_Augment_MageConference,TFT6_Augment_BlueBattery2,TFT7_Augment_CursedCrown,,0.0,,1.0,,,1.0,0.0,1.0,,1.0,,,2.0,0.0,1.0,,0.0,,,,,,,,1.0,0.0,2.0,,,,,,,,,,,,,,,,,,,,,,,,,,,,,,,,,,,,,,,,,,,,,,,,,2.0,TitansResolve,UnstableConcoction,,,,,,,,,,,,,,,,,,2.0,RecurveBow,,,,,,,,,,,,,,,,,,,,,,,,,,,,,,,2.0,,,,2.0,,,,,,,,,,,,,,,,,,,,,,,,,,,,,,,,2.0,UnstableConcoction,SpearOfShojin,RabadonsDeathcap,,,,,,,,,,,,,,,,,,,,,,,,,1.0,,,,,,,,,,,,1.0,,,,,,,,,,,,,,,,,,,,2.0,TrainerSnax,None,None,,,,,,,,,,,,,2.0,,,,,,,,,,,,2.0,SpearOfShojin,,,,,,,,,,
7,EUW1_5970986123,TFT6_Augment_Traitless2,TFT7_Augment_DragonAlliance,TFT6_Augment_Distancing3,,,,0.0,0.0,0.0,,0.0,,0.0,,0.0,,,,,0.0,0.0,,0.0,,,1.0,,0.0,,0.0,0.0,,,,,,,,,,,,,,,,,,,,,,,,,,,,,2.0,UnstableConcoction,Deathblade,InfinityEdge,,,,,,,,,,,,,,,,,,,,,,,,,,,,,,,,,1.0,,,,,,,,,,,,,,,,,,,,,,,,2.0,MadredsBloodrazor,,,,,,,,,,,,,,,,,,,2.0,Morellonomicon,WarmogsArmor,GargoyleStoneplate,,,,,,,,,,,,,,,,,,,,,,,,,,,,,,,,,,,,,,,,,2.0,,,,,,,,,,,,,,,,1.0,,,,,,,,,,,,,,,,,,,,,,,,2.0,,,,,,None,None,,,,,,,,,,,,,,,,,,,,,,,,,,,,,,,,,,,,
5,EUW1_5970986123,TFT6_Augment_SunfireBoard,TFT6_Augment_SalvageBin,TFT6_Augment_CyberneticUplink3,,0.0,,1.0,,,,,0.0,,,,0.0,1.0,,1.0,0.0,,,,0.0,1.0,,1.0,1.0,0.0,0.0,0.0,,,,,,,,,,,,,,,,,,,,,,,,,,,,,,,,,,,,,,,,,,,,,,,,,,,,,,,,,2.0,NeedlesslyLargeRod,,,,,,,,,,,,,,,,,,,,,,,,,,,,,,,,,,,,,,,,,,,2.0,NegatronCloak,,,3.0,ArchangelsStaff,ArchangelsStaff,,,,,,,,,,,,,,,,,,1.0,Redemption,RedBuff,,,,,,,,,,,,,,,,,,,,,,,,,,2.0,BFSword,,,,,,,,,,,,,,,,,,,,,,,2.0,ThiefsGloves,LocketOfTheIronSolari,GargoyleStoneplate,,,,,,,,,,,,,,,,,,,None,None,,,,,,,,,3.0,SpearOfShojin,,,,,,,,,,,,,,,,,,,,,,,1.0,BFSword,,
5,EUW1_5971691474,TFT6_Augment_CyberneticShell3,TFT6_Augment_Diversify1,TFT6_Augment_TomeOfTraits1,,,,,,1.0,1.0,0.0,,1.0,2.0,,,,3.0,,,,,,,,,0.0,,,1.0,,,,,,,,,,,,,,,,,,,,,,,,,,,,,,,,,,,,,,2.0,ArchangelsStaff,Quicksilver,GuinsoosRageblade,,,,,,,,,,,,,,,,,,,,,,,,,,,,,,,,,,,,,,,,,,,,,,,,,,,,,1.0,ChainVest,,,,,,,,,,,,,,,,,,,,,,,1.0,LocketOfTheIronSolari,,,,,,,,,,,,,,,,,,,,,,,2.0,GuardianEmblemItem,,,,,,,,,,,,,,,,,,,,,,,,,,,,,,,,,,,,,,,,,,,,,,,,,,,,,,,,,None,None,,,,,1.0,,,,,,,,,,,,,,,,,,,,2.0,UnstableConcoction,UnstableConcoction,HextechGunblade,2.0,RecurveBow,,,,,,
1,EUW1_5971691474,TFT6_Augment_BandOfThieves2,TFT6_Augment_ItemGrabBag1,TFT7_Augment_DragonAlliance,,,1.0,1.0,,,2.0,,,,1.0,1.0,0.0,,,2.0,,,,0.0,,,,,2.0,,,1.0,,,,,,,,,2.0,ThiefsGloves,,,,,,,,,,,1.0,ThiefsGloves,GuardianAngel,Deathblade,,,,,,,,,,,,,,,,,,,,,2.0,Bloodthirster,LastWhisper,,2.0,GuinsoosRageblade,UnstableConcoction,Bloodthirster,,,,,,,,,,,,,,,,,,,,,,,,,,,,,,,,,,,,,,,,,,,,,,,,,,,,,,,,,2.0,ArchangelsStaff,RedBuff,WarmogsArmor,,,,,,,,,,,,,2.0,MysticEmblemItem,Shroud,TitanicHydra,,,,,,,,,,,,,,,,,,,,,,,,,,,,,,,,,,,,,,,,,,,,,,,,,,,,,,,,,,,,,,,,,,,,,,,None,None,,,,,,,,,,,,,,,,,,,,,,,,,,,,,,,,,,,,
4,EUW1_5971691474,TFT7_Augment_TomeOfTraits2,TFT7_Augment_RevelTrait,TFT6_Augment_PortableForge,,,,0.0,1.0,3.0,1.0,,0.0,,,,,0.0,2.0,0.0,0.0,4.0,0.0,,,,,,,1.0,,,,,,,,,,,,,,,,,,,,,,,,,,,,,,,2.0,,,,,,,,2.0,Quicksilver,RevelEmblemItem,,,,,,,,,,,,,,,,,,,,,,,,,,1.0,RevelEmblemItem,Shroud,,,,,,,,,,,,,,,,,,,,,,,,,,,,,,1.0,,,,2.0,OrnnRanduinsSanctum,,,,,,,,,,,,,,,2.0,GargoyleStoneplate,RedBuff,,,,,,,,,,,,,,,,,,,,,,,,,,,,,,,,,,,,,,,,,,,,,,,,,,,,,,,,,,,,,,2.0,CavalierEmblemItem,,,,,,,,,,,,,,,3.0,TrainerSnax,None,None,2.0,ZekesHerald,ZekesHerald,ZekesHerald,,,,,,,,,,,,,,,,,,,,,,,,,,,,,,,,
2,EUW1_5971691474,TFT7_Augment_BestFriends3,TFT6_Augment_Meditation1,TFT6_Augment_Meditation2,,0.0,1.0,1.0,,,,0.0,0.0,,2.0,,,2.0,0.0,2.0,,,,,0.0,1.0,,,,1.0,0.0,0.0,,,,,,,,,,,,,,,,,,,,,2.0,,,,,,,,,,,,,,,,,,,,,,,,,,,,,,,,,,,,,,,,,,,,,,,,2.0,,,,2.0,ThiefsGloves,WarmogsArmor,TitanicHydra,,,,,,,,,,,,,,,,,,,,,,,,,2.0,,,,3.0,,,,,,,,,,,,,,,,,,,,,,,,,,,,,,,,2.0,SpearOfShojin,ArchangelsStaff,UnstableConcoction,,,,,,,,,,,,,,,,,,,,,,,,,,,,,,,,,,,,,2.0,TitansResolve,WarmogsArmor,WarmogsArmor,,,,,,,,,,,,,,,,,3.0,TrainerSnax,None,None,,,,,,,,,,,,,,,,,,,,,,,,,2.0,WarmogsArmor,GuinsoosRageblade,Redemption,,,,,2.0,,,
3,EUW1_5971691474,TFT6_Augment_LudensEcho3,TFT6_Augment_Distancing,TFT6_Augment_JeweledLotus,,1.0,1.0,1.0,,,,,0.0,,2.0,,,2.0,,2.0,,,,,,,,,,1.0,,0.0,,,,,,,,,,,,,,,,,,,,,1.0,,,,,,,,,,,,,,,,,,,,,,,,,,,,,,,,,,,,,,,,,,,,,,,,2.0,,,,3.0,IonicSpark,Shroud,,,,,,,,,,,,,,,,,,,,,,,,,,2.0,,,,3.0,StatikkShiv,JeweledGauntlet,,,,,,,,,,,,,,,,,,,,,,,,,,,,,,2.0,SpearOfShojin,JeweledGauntlet,HextechGunblade,,,,,,,,,,,,,,,,,,,,,,,,,,,,,,,,,,,,,2.0,WarmogsArmor,Redemption,RedBuff,,,,,,,,,,,,,,,,,2.0,TrainerSnax,None,None,,,,,,,,,,,,,2.0,,,,,,,,,,,,,,,,,,,,,,,
8,EUW1_5971691474,TFT6_Augment_RadiantRelics,TFT7_Augment_BigFriend,TFT7_Augment_RevelPartyFavors,,,,,2.0,,1.0,,1.0,0.0,,,,,,0.0,,2.0,,,1.0,,,,,1.0,,,,,,,,,,,,,,,,,,,,,,,,,,,,,,,2.0,UnstableConcoction,Quicksilver,GuinsoosRageblade,,,,,,,,,1.0,WarmogsArmor,WarmogsArmorRadiant,GargoyleStoneplate,,,,,,,,,,,,,,,,,,,,,,,,,,,,,,,,,1.0,,,,,,,,,,,,,,,,,,,,,,,,1.0,,,,,,,,,,,,,,,,,,,,,,,,,,,,,,,,,,,,,,,,,,,,,,,,,,,,,,,,,,,,,,,,1.0,,,,,,,,,,,,,,,,,,,,,,,,,,,,,,,,1.0,TrainerSnax,None,None,2.0,ShimmerscaleDravensAxe,,,,,,,,,,,,,,,,,,,,,,,,,,,,,,,,,,
6,EUW1_5971691474,TFT7_Augment_AssassinEmblem2,TFT6_Augment_SecondWind1,TFT7_Augment_AssassinEmblem,3.0,,,1.0,,0.0,,,,0.0,1.0,,0.0,0.0,,,0.0,,2.0,,0.0,,,,1.0,,0.0,,,,,,,,,,,,,,,,,,,,,,,,,,2.0,RedBuff,,,,,,,2.0,HextechGunblade,NeedlesslyLargeRod,,,,,,,,,,,,,,,,,,,,,,,,,,,,,,,,,,,,,,,,,,,,,,,,,,2.0,,,,,,,,,,,,2.0,AssassinEmblemItem,,,,,,,,,,,,,,,,,,,,,,,2.0,InfinityEdge,AssassinEmblemItem,RapidFireCannon,1.0,LocketOfTheIronSolari,,,,,,,2.0,,,,,,,,,,,,,,,,,,,,,,,,,,,,,,,,,,,,,,,,,,,,,,,,,,,,2.0,GuardianAngel,RabadonsDeathcap,MadredsBloodrazor,,,,,,,,,,,None,None,,,,,,,,,,,,,,,,,,,,,,,,,,,,,,,,,,,,
7,EUW1_5971691474,TFT6_Augment_Distancing3,TFT7_Augment_BandOfThieves1,TFT7_Augment_ShapeshifterBeastsDen,,0.0,,,,,1.0,,,1.0,,1.0,,,,,,,,2.0,1.0,,1.0,,,,,1.0,,,,,,,,,,,,,,,,,,,,,,,,,,,,,,,,,,,,,,,,,2.0,FrozenHeart,TitansResolve,,,,,,,,,,2.0,ThiefsGloves,RunaansHurricane,ArchangelsStaff,,,,,1.0,,,,,,,,,,,,,,,,,,,,,,,,,,,,,,,,,,,,,,,,,,,,,,,,1.0,ThiefsGloves,GuinsoosRageblade,Quicksilver,3.0,RunaansHurricane,Deathblade,MadredsBloodrazor,,,,,,,,,,,,,,,,,,,,,,,,,,,,,,,,,,,,,,,,,,,,,,,,,,,,,1.0,RabadonsDeathcap,ShimmerscaleDravensAxe,NeedlesslyLargeRod,,,,,,,,,,,,,,,,,,,,,1.0,,,,,,None,None,,,,,,,,,,,,,,,,,,,,,,,,,,,,,,,,,,,,
1,EUW1_5971572540,TFT6_Augment_ClearMind,TFT6_Augment_Meditation1,TFT7_Augment_FirstAidKit2,0.0,,,1.0,,,1.0,0.0,,,,0.0,0.0,1.0,0.0,,,,,0.0,0.0,1.0,,,2.0,,0.0,1.0,,,,,,,,,2.0,SpearOfShojin,RabadonsDeathcap,MageEmblemItem,,,,,,,,,,,,,,,,,,,,,,,,,,,,,,,,,,,,,,,,,,,,,,,,,,,,,,,,,,,,,,,,,,,,,,,,,,,,,,,,,,,,,,,,,,,,,,,,,2.0,GargoyleStoneplate,Redemption,RedBuff,,,,,,,,,,,,,2.0,ThiefsGloves,IonicSpark,Deathblade,1.0,RabadonsDeathcap,,,,,,,,,,,,,,,,,,,,,,,,,,,,,,,,,,,,,,,,,,,,,,,2.0,,,,,,,,,,,,,,,,,,,,,,None,None,,,,,,,,,,,,,,,,,,,,,,,,,2.0,Deathblade,Deathblade,,,,,,2.0,ThiefsGloves,ZekesHerald,Quicksilver
4,EUW1_5971572540,TFT7_Augment_MageEmblem,TFT6_Augment_ItemGrabBag1,TFT6_Augment_ComponentGrabBag,,,1.0,1.0,,0.0,1.0,,1.0,,1.0,,,2.0,,1.0,,0.0,0.0,,0.0,1.0,,,,1.0,,2.0,,,,,,,,,,,,,,,,,,,,,1.0,,,,,,,,,,,,,,,,,,,,,,,,,,,,2.0,GuinsoosRageblade,UnstableConcoction,MadredsBloodrazor,,,,,,,,,,,,,,,,,2.0,,,,,,,,,,,,,,,,,,,,,,,,,,,,1.0,,,,1.0,,,,,,,,,,,,,,,,,,,,,,,,,,,,,,,,,,,,,,,,,,,,,,,,,,,,,,,,,,,,,,,,1.0,MageEmblemItem,ArchangelsStaff,Morellonomicon,,,,,,,,,2.0,BrambleVest,RedBuff,,,,,,,,,,,,,,,,,,3.0,TrainerSnax,None,None,,,,,,,,,,,,,,,,,,,,,,,,,,,,,,,,,1.0,Shroud,SpearOfShojin,GuardianAngel
2,EUW1_5971572540,TFT7_Augment_GuildEmblem,TFT6_Augment_CelestialBlessing1,TFT6_Augment_Distancing2,0.0,,1.0,1.0,,0.0,,0.0,,,4.0,0.0,0.0,,0.0,0.0,1.0,,,,,,1.0,1.0,0.0,,1.0,,,,,,,,,,,,,,,,,,,,,,2.0,,,,,,,,,,,,,,,,,,,,,,,,,,,,,,,,,,,,,,,,,,,,2.0,RabadonsDeathcap,,,,,,,,,,,,,,,,,,,,,,,,,,,,,,,,,,,,,,,,,,,,,,,,,,,,,,,,,,,2.0,Zephyr,RedBuff,,,,,,,,,,,,,,,,,,,,,,,,,,2.0,,,,,,,,,,,,,,,,2.0,,,,,,,,,,,,,,,,2.0,FrozenHeart,GuardianAngel,IonicSpark,,,,,,,,,,,None,None,,,,,2.0,,,,,,,,,,,,,,,,2.0,GuinsoosRageblade,Quicksilver,,2.0,TitansResolve,GuildEmblemItem,LastWhisper,,,,,,,,
5,EUW1_5971572540,TFT7_Augment_MirageEmblem,TFT6_Augment_Weakspot,TFT7_Augment_BestFriends2,,,,,,2.0,1.0,0.0,,,1.0,,,,4.0,,0.0,,,,,,,,,,1.0,,,,,,,,,,,,,,,,,,,,,,,,,,,,,,,,,,,,,,2.0,MadredsBloodrazor,UnstableConcoction,Quicksilver,,,,,,,,,,,,,,,,,,,,,,,,,2.0,MirageEmblemItem,GiantsBelt,,,,,,,,,,,,,,,,,,,,,,,,,,,,,,,,,,,,,,,,,,,,,,,,,,2.0,RedBuff,GargoyleStoneplate,,,,,,,,,,,,,,,,,,,,,,2.0,MirageEmblemItem,,,,,,,,,,,,,,,,,,,,,,,,,,,,,,,,,,,,,,,,,,,,,,,,,,,,,,,,,None,None,,,,,,,,,,,,,,,,,,,,,,,,,1.0,RapidFireCannon,InfinityEdge,SpearOfShojin,2.0,,,,,,,
3,EUW1_5971572540,TFT7_Augment_AssassinEmblem,TFT6_Augment_Weakspot,TFT6_Augment_ThrillOfTheHunt2,3.0,,,1.0,,0.0,,,,0.0,1.0,,0.0,0.0,,,,,2.0,,,,,,1.0,,0.0,0.0,,,,,,,,,,,,,,,,,,,,,,,,,2.0,GiantsBelt,,,,,,,2.0,ArchangelsStaff,FrozenHeart,,,,,,,,,,,,,,,,,,,,,,,,,,,,,,,,,,,,,,,,,,,,,,,,,,,,,,,,,,,,,,2.0,AssassinEmblemItem,,,,,,,,,,,,,,,,,,,,,,,2.0,AssassinEmblemItem,InfinityEdge,RapidFireCannon,1.0,,,,1.0,TearOfTheGoddess,PowerGauntlet,,1.0,,,,,,,,,,,,,,,,,,,,,,,,,,,,,,,,,,,,,,,,,,,,,,,,,,,,2.0,Deathblade,UnstableConcoction,,,,,,,,,,,,None,None,,,,,,,,,,,,,,,,,,,,,,,,,,,,,,,,,,,,
6,EUW1_5971572540,TFT6_Augment_ThreesCompany,TFT6_Augment_TinyTitans,TFT6_Augment_BlueBattery2,,1.0,,1.0,,,,,1.0,,1.0,,,2.0,,1.0,,0.0,,,,,,,,1.0,,0.0,,,,,,,,,,,,,,,,,,,,,,,,,,,,,,,,,,,,,,,,,,,,,,,,,,,,,,,,,,,,,,,,,,,,,2.0,,,,3.0,ThiefsGloves,PowerGauntlet,FrozenHeart,,,,,,,,,,,,,,,,,,,,,,,,,2.0,PowerGauntlet,,,2.0,GuinsoosRageblade,,,,,,,,,,,,,,,,,,,,,,,,,,,,,,,2.0,ArchangelsStaff,SeraphsEmbrace,MadredsBloodrazor,,,,,,,,,,,,,,,,,,,,,,,,,1.0,ThiefsGloves,Quicksilver,Deathblade,,,,,,,,,2.0,RedBuff,,,,,,,,,,,,,,,,,,,2.0,TrainerSnax,None,None,,,,,,,,,,,,,2.0,ThiefsGloves,Redemption,LastWhisper,,,,,,,,,,,,,,,,,,,,
8,EUW1_5971572540,TFT7_Augment_SwiftshotPressTheAttack,TFT7_Augment_AxiomArc1,,,0.0,,0.0,,0.0,,0.0,,,,,,,0.0,,0.0,,,,,,,,,,,,,,,,,,,,,,,,,,,,,,,,,,,,,,,,,,,,,,,,,,,,,,,,,,,,,,,,,,,,,,,,,,,,,,,,,,,,1.0,SparringGloves,,,,,,,,,,,,,,,,,,,,,,,,,,,,,,,,,,,,,,,,,,,1.0,TearOfTheGoddess,,,,,,,,,,,,,,,,,,,,,,,,,,,,,,,1.0,TearOfTheGoddess,,,,,,,,,,,,,,,,,,,,,,,,,,,,,,,,,,,,,,,,,,,,,,,,,None,None,,,,,,,,,,,,,,,,,,,,,,,,,,,,,,,,,,,,
7,EUW1_5971572540,TFT7_Augment_PandorasBench,TFT7_Augment_BestFriends1,TFT7_Augment_GuardianEmblem,,,,,1.0,,1.0,,0.0,2.0,,,,,,0.0,,0.0,0.0,,1.0,,,,,1.0,,0.0,,,,,,,,,,,,,,,,,,,,,,,,,2.0,,,,1.0,UnstableConcoction,RecurveBow,,,,,,,,,,2.0,WarmogsArmor,DragonsClaw,,,,,,,,,,,,,,,,,,,,,,,,,,,,,,,,,,,,,,,,,,,,,,,,,,,,,,,,,,1.0,GuardianEmblemItem,,,,,,,,,,,,,,,,,,,,,,,,,,,,,,,,,,,,,,,,,,,,,,,,,,,,,,,,,,,,,,,,,,,,,,,,,,,,,,,,,,,,,,,,,,,2.0,,,,2.0,TrainerSnax,None,None,2.0,StatikkShiv,ShimmerscaleGoldmancersStaff,,,,,,,,,,,,,,,,,,,,,,,,,,,,,,,,,
7,EUW1_5972828741,TFT6_Augment_ThreesCompany,TFT6_Augment_ThrillOfTheHunt2,TFT6_Augment_FuturePeepers,2.0,,,2.0,,,1.0,,,,1.0,,0.0,0.0,,,0.0,,,,,,,,1.0,,0.0,2.0,,,,,,,,,,,,,,,,,,,,,,,,,,,,,,,,,,,,,,,,,,,,,,,,,2.0,AssassinEmblemItem,InfinityEdge,MadredsBloodrazor,,,,,,,,,,,,,,,,,,,,,,,,,,,,,,,,,,,,,,,,,,,,,,,,,,,,,,,,,,,,,,,,,,,,,,,,,1.0,DragonsClaw,,,1.0,TitansResolve,,,2.0,,,,,,,,,,,,,,,,,,,,2.0,,,,,,,,,,,,,,,,,,,,,,,,2.0,Zephyr,,,,,,,2.0,RedBuff,InfinityEdge,MadredsBloodrazor,,,,,,,,,,,None,None,,,,,,,,,,,,,,,,,,,,,,,,,,,,,,,,,,,,
2,EUW1_5972828741,TFT7_Augment_AstralIntercosmicGifts,TFT7_Augment_MageConference,TFT6_Augment_CyberneticUplink2,,0.0,,0.0,,0.0,,,0.0,,1.0,,,3.0,,1.0,,,0.0,,0.0,1.0,,,,1.0,,0.0,,,,,,,,,,,,,,,,,,,,,,,,,,,,,,,,,,,,,,,,,,,,,,,,,,,,,,,,,,,,,,,,,,,,,3.0,NeedlesslyLargeRod,,,,,,,,,,,,,,,,,,,,,,,,,,,3.0,Redemption,,,2.0,ChainVest,,,3.0,StatikkShiv,,,,,,,,,,,,,,,,,,,,,,,,,,,,,,,3.0,SpearOfShojin,Bloodthirster,JeweledGauntlet,,,,,,,,,,,,,,,,,,,,,,,,,,,,,,,,,,,,,3.0,RedBuff,DragonsClaw,,,,,,,,,,,,,,,,,,2.0,TrainerSnax,None,None,,,,,,,,,,,,,3.0,BrambleVest,,,,,,,,,,,,,,,,,,,2.0,Chalice,UnstableConcoction,RapidFireCannon
6,EUW1_5972828741,TFT7_Augment_CannoneerRicochet,TFT7_Augment_BruiserEmblem,TFT6_Augment_SecondWind2,,,,2.0,2.0,,,,1.0,,,,0.0,,,0.0,0.0,3.0,,,,,,,0.0,1.0,0.0,,,,,,,,,,,,,,,,,,,,,,,,,,,,,,2.0,UnstableConcoction,Quicksilver,GuinsoosRageblade,,,,,,,,,,,,,,,,,,,,,,,,,,,,,,,,,,,,,,,,,,,,,2.0,,,,,,,,,,,,,,,,,,,,,,,,2.0,BruiserEmblemItem,,,,,,,,,,,,,,,,,,,,,,,1.0,SparringGloves,,,,,,,,,,,,,,,,,,,,,,,,,,,2.0,,,,,,,,,,,,2.0,ArchangelsStaff,,,,,,,,,,,,,,,2.0,GargoyleStoneplate,RedBuff,,,,,,,,,,,,,,3.0,TrainerSnax,None,None,2.0,Zephyr,,,,,,,,,,,,,,,,,,,,,,,,,,,,,,,,,,
8,EUW1_5972828741,TFT7_Augment_TempestEyeOfTheStorm,TFT7_Augment_PandorasBench,TFT6_Augment_SalvageBin,,,,0.0,,,,2.0,0.0,,,1.0,1.0,,,,0.0,,,0.0,0.0,,,0.0,1.0,,,,,,,,3.0,SpearOfShojin,Bloodthirster,,,,,,2.0,,,,,,,,,,,,,,,,,,,,,,,,,,,,,,,,,,,,,,,,,,,,,,,,,,,,,,,,,,,,,,,,,,,,2.0,,,,,,,,2.0,,,,,,,,,,,,,,,,,,,,,,,,,,,,,,,,,,,,2.0,RedBuff,,,,,,,,,,,,,,,,,,,,,,,2.0,,,,,,,,,,,,,,,,,,,,,,,,2.0,,,,,,,,,,,,,,,,,,,,,,,,,,None,None,,,,,,,,,,,,,,,,,2.0,Quicksilver,Bloodthirster,GuinsoosRageblade,,,,,,,,,,,,,,,,
3,EUW1_5972828741,TFT6_Augment_SecondWind2,TFT6_Augment_TargetDummies,TFT6_Augment_PortableForge,1.0,,,1.0,,1.0,,,,,3.0,,0.0,,,,1.0,,,,,,,1.0,1.0,,0.0,,,,,,,,,,,,,,,,,,,,,,,,,,,,,,,,,,,,,,,,,,,,,,,,,,,,,,,,,,,,,,,,,,2.0,RedBuff,Quicksilver,LocketOfTheIronSolari,,,,,,,,,,,,,,,,,,,,,,,,,,,,,,,,,,,,,,,,,,,,,,,,,,,,,,,,,2.0,TearOfTheGoddess,LocketOfTheIronSolari,,,,,,2.0,FrozenHeart,,,,,,,2.0,,,,,,,,,,,,2.0,,,,,,,,,,,,,,,,,,,,,,,,,,,,,,,,2.0,FrozenHeart,,,,,,,,,,,,,None,None,,,,,2.0,OrnnObsidianCleaver,ZekesHerald,ZekesHerald,,,,,,,,,,,,,2.0,Deathblade,MadredsBloodrazor,GuinsoosRageblade,,,,,,,,,,,,
4,EUW1_5972828741,TFT7_Augment_AssassinEmblem,TFT6_Augment_PortableForge,TFT7_Augment_BruiserTitanicStrength,2.0,,,1.0,,0.0,,,,0.0,1.0,,,0.0,,,0.0,,2.0,,,,,,0.0,,1.0,,,,,,,,,,,,,,,,,,,,,,,,,,2.0,GargoyleStoneplate,,,,,,,2.0,MadredsBloodrazor,FrozenHeart,DragonsClaw,,,,,,,,,,,,,,,,,,,,,,,,,,,,,,,,,,,,,,,,,,,,,,,,,,,,,,,,,,,,,2.0,Shroud,,,,,,,,,,,,,,,,,,,,,,,3.0,AssassinEmblemItem,OrnnDeathsDefiance,InfinityEdge,,,,,,,,,2.0,,,,,,,,,,,,,,,,,,,,2.0,,,,,,,,,,,,,,,,,,,,,,,,,,,,,,,,1.0,Bloodthirster,InfinityEdge,SpearOfShojin,,,,,,,,,,,None,None,,,,,,,,,,,,,,,,,,,,,,,,,,,,,,,,,,,,
1,EUW1_5972828741,TFT6_Augment_PortableForge,TFT7_Augment_GadgetExpert,TFT6_Augment_ThrillOfTheHunt2,0.0,0.0,1.0,1.0,,,1.0,0.0,0.0,,1.0,,,1.0,0.0,2.0,,,,,,,,,1.0,1.0,0.0,0.0,,,,,,,,,2.0,OrnnMuramana,ArchangelsStaff,MadredsBloodrazor,,,,,,,,,2.0,,,,,,,,,,,,,,,,,,,,,,,,,,,,,,,,,,,,,,,,,,,,,,,,2.0,,,,3.0,Redemption,IonicSpark,RedBuff,,,,,,,,,,,,,,,,,,,,,,,,,2.0,SpearOfShojin,,,3.0,StatikkShiv,StatikkShiv,Quicksilver,,,,,,,,,,,,,,,,,,,,,,,,,,,,,,,,,,,,,,,,,,,,,,,,,,,,,,,,,,,,,,,,,,,,,2.0,GargoyleStoneplate,Shroud,,,,,,,,,,,,,,,,,,4.0,TrainerSnax,None,None,,,,,,,,,,,,,,,,,,,,,,,,,2.0,MadredsBloodrazor,,,,,,,,,,
5,EUW1_5972828741,TFT7_Augment_AssassinEmblem,TFT6_Augment_TriForce2,TFT7_Augment_UrfsGrabBag1,2.0,,,1.0,,,,1.0,,,1.0,,0.0,,0.0,,0.0,,1.0,,0.0,,,,1.0,,1.0,,,,,,,,,,,,,,,,,,,,,,,,,,,,,,,,,,2.0,,,,,,,,,,,,,,,,,,,,,,,,,,,,,,,,,,,,,,,,,,,,,,,,,,,,,,,,2.0,WarmogsArmor,,,,,,,,,,,,,,,,,,,,,,,,,,,,,,,2.0,,,,,,,,,,,,2.0,SeraphsEmbrace,,,,,,,,,,,,,,,,,,,2.0,,,,,,,,,,,,,,,,,,,,,,,,,,,,,,,,2.0,RapidFireCannon,InfinityEdge,RunaansHurricane,,,,,,,,,,,None,None,,,,,,,,,,,,,,,,,2.0,,,,,,,,1.0,InfinityEdge,AssassinEmblemItem,SeraphsEmbrace,,,,,,,,
4,EUW1_5971922934,TFT7_Augment_BestFriends1,TFT6_Augment_Diversify3,TFT7_Augment_CavalierEmblem2,,,,1.0,,2.0,1.0,0.0,,,,,0.0,,3.0,,0.0,,,,,,,,0.0,,1.0,,,,,,,,,,,,,,,,,,,,,,,,,,,,,,,,,,,,,,1.0,,,,,,,,,,,,,,,,,,,,,,,,,,,,1.0,,,,,,,,,,,,,,,,,,,,,,,,,,,,,,,,,,,,,,,,,,,,,,,,,,,,2.0,FrozenHeart,,,,,,,2.0,CavalierEmblemItem,DragonsClaw,RedBuff,,,,,,,,,,,,,,,,,,,,,,,,,2.0,RedBuff,Zephyr,GargoyleStoneplate,,,,,,,,,,,,,,,,,,,,,,,,,,,,,,,,,,,,,,,,,,,None,None,,,,,,,,,,,,,,,,,,,,,,,,,2.0,Quicksilver,HextechGunblade,InfinityEdge,1.0,,,,,,,
8,EUW1_5971922934,TFT7_Augment_AstralTrait,TFT6_Augment_Featherweights3,,,1.0,,0.0,,,,,0.0,,,,,0.0,,1.0,,,,0.0,,,,,,0.0,,,,,,,,,,,,,,,,,,,,,,,,,,,,,,,,,,,,,,,,,,,,,,,,,,,,,,,,,,,,,,,,,,,,,,,,,,,,,,,,,,,,,,,,,,,,,,,,,,,,,,,1.0,,,,1.0,,,,,,,,1.0,,,,,,,,,,,,,,,,,,,,,,,,,,,,,,,,,,,,,,,,,,,,,,,,1.0,,,,,,,,,,,,,,,,,,,,,,,,,,,,,,,,,,,,,,None,None,,,,,,,,,,,,,1.0,,,,,,,,,,,,,,,,,,,,,,,
3,EUW1_5971922934,TFT6_Augment_SecondWind1,TFT7_Augment_BestFriends3,TFT6_Augment_WindfallPlusPlus,,,1.0,,2.0,,1.0,,1.0,1.0,1.0,,,,,1.0,,2.0,,,1.0,,,,,1.0,,0.0,,,,,,,,,,,,,,,,,,,,,1.0,,,,,,,,2.0,UnstableConcoction,InfinityEdge,MadredsBloodrazor,,,,,,,,,2.0,GargoyleStoneplate,RedBuff,,,,,,,,,,,,,,,,,,,,,,,,,,,,,,,,,,2.0,,,,,,,,,,,,,,,,,,,,,,,,2.0,ZekesHerald,,,,,,,,,,,,,,,,,,,,,,,,,,,,,,,,,,,,,,,,,,,,,,,,,,,,,,,,,,,,,,,2.0,ShimmerscaleGamblersBlade,Morellonomicon,,,,,,,,,,,,,,,,,,,,,,,,,,2.0,TitanicHydra,,,3.0,TrainerSnax,None,None,2.0,InfinityEdge,,,,,,,,,,,,,,,,,,,,,,,,,,,,,,,,,,
7,EUW1_5971922934,TFT6_Augment_CyberneticShell1,TFT6_Augment_CyberneticUplink3,TFT6_Augment_HighEndShopping,1.0,,1.0,1.0,,0.0,,,,,3.0,,0.0,,,0.0,1.0,,,,,,,1.0,1.0,,0.0,,,,,,,,,,,,,,,,,,,,,,2.0,,,,,,,,,,,,,,,,,,,,,,,,,,,,,,,,,,,,,,,,,,,,2.0,GiantsBelt,RedBuff,,,,,,,,,,,,,,,,,,,,,,,,,,,,,,,,,,,,,,,,,,,,,,,,,,,,,,,,,,2.0,Shroud,,,,,,,1.0,BFSword,,,,,,,,,,,,,,,,,,,2.0,NeedlesslyLargeRod,,,,,,,,,,,,,,,,,,,,,,,,,,,,,,,2.0,FrozenHeart,InfinityEdge,,,,,,,,,,,,None,None,,,,,2.0,,,,,,,,,,,,,,,,1.0,Quicksilver,GuinsoosRageblade,,,,,,,,,,,,,
1,EUW1_5971922934,TFT6_Augment_CyberneticImplants1,TFT7_Augment_CavalierEmblem2,TFT6_Augment_GrandGambler,1.0,,1.0,,,3.0,1.0,0.0,,,3.0,,,,3.0,0.0,0.0,,,,,,,,,,1.0,1.0,,,,,,,,,,,,,,,,,,,,,2.0,ForceOfNature,,,,,,,,,,,,,,,2.0,ArchangelsStaff,,,,,,,,,,,,,,,,,,,,,,,,,,,2.0,BFSword,,,,,,,,,,,,,,,,,,,,,,,,,,,,,,,,,,,,,,,,,,,,,,,,,,,3.0,RedBuff,GargoyleStoneplate,IonicSpark,,,,,,,,,1.0,InfinityEdge,,,,,,,,,,,2.0,Redemption,,,,,,,,,,,,,,,,,,,,,,,,,,,,,,,,,,,,,,,,,,,1.0,RedBuff,,,,,,,,,,,,,None,None,,,,,,,,,,,,,,,,,,,,,,,,,2.0,CavalierEmblemItem,WhispersEmblemItem,,2.0,,,,,,,
6,EUW1_5971922934,TFT6_Augment_CyberneticShell1,TFT6_Augment_CyberneticUplink3,TFT7_Augment_CannoneerEmblem2,,,1.0,,3.0,,1.0,,1.0,0.0,1.0,,,,,1.0,,2.0,,,1.0,,,,,1.0,,,,,,,,,,,,,,,,,,,,,,,1.0,CannoneerEmblemItem,,,,,,,1.0,RunaansHurricane,GuinsoosRageblade,,,,,,,,,,1.0,RedBuff,BrambleVest,TitanicHydra,,,,,,,,,,,,,,,,,,,,,,,,,,,,,,,,,2.0,StatikkShiv,,,,,,,,,,,,,,,,,,,,,,,2.0,ThiefsGloves,LocketOfTheIronSolari,GuinsoosRageblade,,,,,,,,,,,,,,,,,,,,,,,,,,,,,,,,,,,,,,,,,,,,,,,,,,,,,,,,,,,,,1.0,TearOfTheGoddess,,,,,,,,,,,,,,,,,,,,,,,,,,,,,,,1.0,TrainerSnax,None,None,2.0,ShimmerscaleGamblersBlade,,,,,,,,,,,,,,,,,,,,,,,,,,,,,,,,,,
5,EUW1_5971922934,TFT7_Augment_BandOfThieves1,TFT7_Augment_UrfsGrabBag2,TFT6_Augment_FuturePeepers2,,1.0,1.0,1.0,,,,,1.0,,2.0,,,2.0,,2.0,,0.0,,,,,,,,1.0,,0.0,,,,,,,,,,,,,,,,,,,,,1.0,,,,,,,,,,,,,,,,,,,,,,,,,,,,,,,,,,,,,,,,,,,,,,,,2.0,ThiefsGloves,GiantsBelt,PowerGauntlet,2.0,IonicSpark,ForceOfNature,TitanicHydra,,,,,,,,,,,,,,,,,,,,,,,,,2.0,ZephyrRadiant,,,3.0,StatikkShiv,,,,,,,,,,,,,,,,,,,,,,,,,,,,,,,2.0,GuinsoosRageblade,RabadonsDeathcap,ArchangelsStaff,,,,,,,,,,,,,,,,,,,,,,,,,1.0,,,,,,,,,,,,2.0,Zephyr,FrozenHeart,RedBuff,,,,,,,,,,,,,,,,,3.0,TrainerSnax,None,None,,,,,,,,,,,,,2.0,FrozenHeart,,,,,,,,,,,,,,,,,,,,,,
2,EUW1_5971922934,TFT7_Augment_ShimmerscaleEmblem,TFT6_Augment_BinaryAirdrop,TFT6_Augment_Diversify3,,,1.0,,1.0,,1.0,,1.0,1.0,1.0,,,0.0,,1.0,,1.0,0.0,,2.0,1.0,,,,1.0,,,,,,,,,,,,,,,,,,,,,,,2.0,EvokerEmblemItem,,,2.0,RecurveBow,TitansResolve,SeraphsEmbrace,2.0,LastWhisper,MadredsBloodrazor,StatikkShiv,,,,,,,,,2.0,DragonsClaw,RedBuff,ShimmerscaleDiamondHands,,,,,,,,,,,,,,,,,,,,,,,,,,,,,,,,,,,,,,,,,,,,,,,,,,,,,,,,,2.0,PowerGauntlet,,,,,,,,,,,,,,,,,,,,,,,,,,,,,,,,,,,,,,,,,,,,,,,,,,,,,,,,,,,,,,,2.0,JeweledGauntlet,SpearOfShojin,LastWhisper,,,,,,,,,,,,,,,,,,,,,,,,,,,,,3.0,TrainerSnax,None,None,2.0,ShimmerscaleEmblemItem,ShimmerscaleGamblersBlade,GuinsoosRageblade,,,,,,,,,,,,,,,,,,,,,,,,,,,,,2.0,ThiefsGloves,WarmogsArmor,DragonsClaw
5,EUW1_5971897692,TFT6_Augment_SalvageBin,TFT7_Augment_BandOfThieves1,TFT6_Augment_ItemGrabBag1,,,,,1.0,,1.0,,1.0,1.0,,,,0.0,,0.0,,1.0,0.0,,1.0,,,,,2.0,,,,,,,,,,,,,,,,,,,,,,,,,,,2.0,RedBuff,GargoyleStoneplate,,2.0,RunaansHurricane,GuinsoosRageblade,MadredsBloodrazor,,,,,,,,,1.0,ThiefsGloves,SparringGloves,InfinityEdge,,,,,,,,,,,,,,,,,,,,,,,,,1.0,,,,,,,,,,,,,,,,,,,,,,,,,,,,,,,,2.0,ZekesHerald,RabadonsDeathcap,,,,,,,,,,,,,,,,,,,,,,,,,,,,,,,,,,,,,,,,,,,,,,,,,,,,,,,,,,,,,,1.0,,,,,,,,,,,,,,,,,,,,,,,,,,,,,,,,3.0,TrainerSnax,None,None,2.0,StatikkShiv,ShimmerscaleDravensAxe,,,,,,,,,,,,,,,,,,,,,,,,,,,,,,,,,
7,EUW1_5971897692,TFT6_Augment_Featherweights2,TFT7_Augment_BestFriends1,TFT7_Augment_BandOfThieves1,,,,,,0.0,1.0,,,1.0,,0.0,,,3.0,,,,,,0.0,,,,,,1.0,,3.0,ThiefsGloves,GiantsBelt,WarmogsArmor,,,,,,,,,,,,,,,,,,,,,,,,,,,,,,,,,1.0,StatikkShiv,,,,,,,,,,,,,,,,,,,,,,,,,,,,,,,,,,,,,,,,,,,,,,,,,,,,,,,3.0,GargoyleStoneplate,BrambleVest,,,,,,,,,,,,,,,,,,,,,,2.0,,,,,,,,,,,,,,,,,,,,,,,,,,,,,,,,,,,,,,,,,,,,,,,,,,,,,,,,,,,,,,,,,,,,,,,,2.0,ThiefsGloves,StatikkShiv,RabadonsDeathcap,,,,,,,None,None,,,,,,,,,,,,,,,,,,,,,,,,,,,,,3.0,UnstableConcoction,InfinityEdge,RapidFireCannon,,,,
3,EUW1_5971897692,TFT6_Augment_PortableForge,TFT6_Augment_Weakspot,TFT6_Augment_Diversify1,1.0,,1.0,1.0,,1.0,,,,,4.0,,0.0,,,0.0,1.0,,,,,,,1.0,1.0,,0.0,,,,,,,,,,,,,,,,,,,,,,2.0,Shroud,,,,,,,,,,,,,,,,,,,,,,,,,,,,,,,,,,,,,,,,,,,2.0,BrambleVest,,,,,,,,,,,,,,,,,,,,,,,,,,,,,,,,,,,,,,,,,,,,,,,,,,,,,,,,,,,2.0,OrnnEternalWinter,Morellonomicon,GargoyleStoneplate,,,,,1.0,,,,,,,,2.0,,,,,,,,,,,,2.0,NegatronCloak,TitanicHydra,,,,,,,,,,,,,,,,,,,,,,,,,,,,,,2.0,Quicksilver,InfinityEdge,,,,,,,,,,,,None,None,,,,,2.0,,,,,,,,,,,,,,,,2.0,InfinityEdge,UnstableConcoction,GuinsoosRageblade,,,,,,,,,,,,
4,EUW1_5971897692,TFT6_Augment_LudensEcho2,TFT6_Augment_MakeshiftArmor1,TFT7_Augment_MageTrait,,0.0,,2.0,,,1.0,,0.0,,,,0.0,1.0,,0.0,0.0,,,,,,,,2.0,1.0,0.0,0.0,,,,,,,,,1.0,SpearOfShojin,ArchangelsStaff,JeweledGauntlet,,,,,,,,,,,,,,,,,,,,,,,,,,,,,,,,,,,,,,,,,,,,,,,,,,,,,,,,,2.0,,,,2.0,,,,,,,,,,,,,,,,,,,,,,,,,,,,2.0,,,,,,,,,,,,,,,,,,,,,,,,2.0,IonicSpark,TearOfTheGoddess,,,,,,,,,,,,,,,,,,,,,,,,,,1.0,,,,,,,,,,,,,,,,,,,,,,,,2.0,GargoyleStoneplate,WarmogsArmor,UnstableConcoction,,,,,,,,,,,,,,,,,4.0,TrainerSnax,None,None,,,,,,,,,,,,,,,,,,,,,,,,,,,,,,,,,,,,
8,EUW1_5971897692,TFT7_Augment_JadeTrait,TFT6_Augment_MakeshiftArmor1,TFT6_Augment_FirstAidKit,,,,,,,1.0,0.0,0.0,,,3.0,0.0,,,0.0,,,,1.0,,,,0.0,,,,,,,,,2.0,RabadonsDeathcap,SpearOfShojin,RabadonsDeathcap,,,,,2.0,,,,,,,,,,,,,,,,,,,,,,,,,,,,,,,,1.0,Bloodthirster,TitansResolve,GuardianAngel,,,,,,,,,,,,,2.0,,,,,,,,,,,,,,,,,,,,2.0,,,,,,,,,,,,,,,,,,,,,,,,,,,,1.0,IonicSpark,,,,,,,,,,,,,,,,,,,,,,,,,,,,,,,,,,,,,,,,,,,,,,,,,,,,,,,,,,,,,,,,,,,,,,,,,,,,,,,,,,,,,,,,,None,None,,,,,,,,,,,,,,,,,,,,,,,,,,,,,,,,,,,,
2,EUW1_5971897692,TFT7_Augment_AssassinEmblem,TFT6_Augment_TinyTitans,TFT7_Augment_ScalescornTrait,2.0,0.0,,2.0,,,,,,0.0,1.0,,0.0,,,,0.0,,2.0,,,,,,1.0,,1.0,,,,,,,,,,,,,,,,,,,,,,,,,,2.0,Zephyr,,,,,,,3.0,FrozenHeart,IonicSpark,TitansResolve,,,,,,,,,,,,,,,,,,,,,,,,,,,,,,,,,,,,,2.0,,,,,,,,,,,,,,,,,,,,,,,,,,,,,,,,,,,,,,,,,,,,,,,,3.0,AssassinEmblemItem,InfinityEdge,RunaansHurricane,1.0,RedBuff,,,,,,,2.0,LastWhisper,,,,,,,,,,,,,,,,,,,2.0,,,,,,,,,,,,,,,,,,,,,,,,,,,,,,,,2.0,ZekesHerald,LastWhisper,,,,,,,,,,,,None,None,,,,,,,,,,,,,,,,,,,,,,,,,,,,,,,,,,,,
1,EUW1_5971897692,TFT6_Augment_CyberneticUplink2,TFT6_Augment_LudensEcho1,TFT6_Augment_CyberneticShell1,,,1.0,1.0,,,1.0,,1.0,,1.0,,0.0,1.0,,1.0,,0.0,,,0.0,1.0,,,2.0,1.0,,0.0,,,,,,,,,2.0,HextechGunblade,SpearOfShojin,ArchangelsStaff,,,,,,,,,2.0,RecurveBow,,,,,,,,,,,,,,,,,,,,,,,,,,,,,,,,,,,,,,,,,,,,,,,2.0,JeweledGauntlet,,,,,,,,,,,,,,,,,,,,,,,,,,,,,,,2.0,BFSword,,,,,,,,,,,,,,,,,,,,,,,2.0,Morellonomicon,,,,,,,,,,,,,,,,,,,,,,,,,,,,,,,,,,,,,,,2.0,,,,,,,,,,,,2.0,WarmogsArmor,Redemption,TitanicHydra,,,,,,,,,,,,,,,,,4.0,TrainerSnax,None,None,,,,,,,,,,,,,,,,,,,,,,,,,,,,,,,,,2.0,ArchangelsStaff,HextechGunblade,
6,EUW1_5971897692,TFT6_Augment_Twins2,TFT7_Augment_AxiomArc1,TFT7_Augment_BestFriends1,,1.0,,1.0,,,,0.0,,,,0.0,,,,,,,,,,,,1.0,,,,,,,,,,,,,,,,,2.0,,,,,,,,,,,,,,,,,,,,,,,,,,,,,,,,,,,,,,,,,,,,,,,,,,,,,,,,,,,,3.0,FrozenHeart,GiantsBelt,GargoyleStoneplate,,,,,,,,,,,,,,,,,,,,,,,,,,,,,,,,,,,,,,,,,,,,,,,,,,,,,,,,,,,,,,,,,,,,,,,,,,,,,,,,,,,,,2.0,,,,,,,,,,,,,,,,,,,,,,,,,,,,,,,,,,,,,,None,None,,,,,,,,,3.0,InfinityEdge,GuinsoosRageblade,RunaansHurricane,,,,,,,,,,,,,,,,,,,,,,,,
1,EUW1_5972744508,TFT7_Augment_SwiftshotPressTheAttack,TFT6_Augment_SecondWind2,TFT6_Augment_SalvageBin,1.0,,1.0,1.0,,1.0,,,,,4.0,,0.0,,,0.0,1.0,,,,,,,1.0,1.0,,0.0,,,,,,,,,,,,,,,,,,,,,,2.0,,,,,,,,,,,,,,,,,,,,,,,,,,,,,,,,,,,,,,,,,,,,2.0,Morellonomicon,,,,,,,,,,,,,,,,,,,,,,,,,,,,,,,,,,,,,,,,,,,,,,,,,,,,,,,,,,,1.0,,,,,,,,2.0,FrozenHeart,JeweledGauntlet,,,,,,2.0,,,,,,,,,,,,2.0,,,,,,,,,,,,,,,,,,,,,,,,,,,,,,,,2.0,FrozenHeart,UnstableConcoction,RedBuff,,,,,,,,,,,None,None,,,,,2.0,ZekesHerald,PowerGauntlet,,,,,,,,,,,,,,2.0,MadredsBloodrazor,GuinsoosRageblade,Quicksilver,,,,,,,,,,,,
2,EUW1_5972744508,TFT6_Augment_CalculatedLoss,TFT6_Augment_MakeshiftArmor2,TFT6_Augment_PortableForge,,1.0,1.0,1.0,,,,,0.0,,1.0,,0.0,1.0,,2.0,,,,,0.0,1.0,,1.0,1.0,1.0,,,,,,,,,,,,,,,,,,,,,,,2.0,,,,,,,,,,,,,,,,,,,,,,,,,,,,,,,,,,,,1.0,,,,,,,,,,,,2.0,,,,3.0,OrnnAnimaVisage,RedBuff,TitansResolve,,,,,,,,,,,,,,,,,,,,,,,,,2.0,ZekesHerald,SparringGloves,,3.0,ArchangelsStaff,,,,,,,,,,,,,,,,,,,2.0,BrambleVest,,,,,,,,,,,,,,,,,,,,,,,,,,,,,,,,,,,,,,,,,,,,,,,,,,,,,,,,,,,,,,,,,,,,,,,3.0,TrainerSnax,None,None,,,,,,,,,3.0,GuinsoosRageblade,MadredsBloodrazor,RunaansHurricane,,,,,,,,,,,,,,,,,,,,,2.0,GuinsoosRageblade,PowerGauntlet,
8,EUW1_5972744508,TFT6_Augment_CyberneticImplants2,TFT6_Augment_PortableForge,TFT7_Augment_CannoneerEmblem,,,,,4.0,,1.0,,1.0,0.0,,,,,,0.0,0.0,2.0,,,1.0,,,,,1.0,,,,,,,,,,,,,,,,,,,,,,,,,,,,,,,2.0,MadredsBloodrazor,GuinsoosRageblade,InfinityEdge,,,,,,,,,2.0,ShimmerscaleHeartOfGold,RedBuff,OrnnDeathsDefiance,,,,,,,,,,,,,,,,,,,,,,,,,,,,,,,,,2.0,NegatronCloak,,,,,,,,,,,,,,,,,,,,,,,2.0,SeraphsEmbrace,,,,,,,,,,,,,,,,,,,,,,,,,,,,,,,,,,,,,,,,,,,2.0,,,,,,,,,,,,,,,,,,,,2.0,NeedlesslyLargeRod,CannoneerEmblemItem,,,,,,,,,,,,,,,,,,,,,,,,,,,,,,1.0,TrainerSnax,None,None,1.0,InfinityEdge,,,,,,,,,,,,,,,,,,,,,,,,,,,,,,,,,,
7,EUW1_5972744508,TFT7_Augment_SwiftshotPressTheAttack,TFT6_Augment_Diversify2,TFT6_Augment_PortableForge,1.0,,,0.0,,1.0,,0.0,,,2.0,0.0,,,0.0,,1.0,,,,,,1.0,1.0,0.0,,1.0,,,,,,,,,,,,,,,,,,,,,,,,,,,,,,,,,,,,,,,,,,,,,,,,,,,,,,,,,,,,,,,,,,2.0,Morellonomicon,SeraphsEmbrace,,,,,,,,,,,,,,,,,,,,,,,,,,,,,,,,,,,,,,,,,,,,,,,,,,,,,,,,,,,,,,,,,,2.0,FrozenHeart,,,,,,,2.0,,,,,,,,,,,,2.0,OrnnEternalWinter,,,,,,,,,,,,,,,1.0,,,,,,,,,,,,,,,,,,,,,,,,,,,,,,None,None,,,,,2.0,StatikkShiv,,,,,,,,,,,,,,,1.0,Deathblade,GuinsoosRageblade,Quicksilver,1.0,AssassinEmblemItem,,,,,,,,,,
6,EUW1_5972744508,TFT7_Augment_BruiserEmblem,TFT7_Augment_DragonHorde,TFT6_Augment_PortableForge,0.0,,,3.0,,,2.0,0.0,,,1.0,,0.0,0.0,0.0,,0.0,0.0,,,,,,,0.0,,1.0,2.0,,,,,,,,,,,,,,,,,,,,,,,,,,,,,,,,,,,,,,,,,,,,,,,,,2.0,MadredsBloodrazor,OrnnMuramana,Bloodthirster,,,,,,,,,,,,,,,,,,,,,,,,,,,,,,,,,,,,,,,,,,,,,,,,,,,,,,,,,,,,,,,,,,,,,,,,,2.0,WarmogsArmor,,,,,,,,,,,,,,,,,,,,,,,,,,,2.0,RedBuff,PowerGauntlet,RecurveBow,,,,,,,,,,,,,,,,,,,,,2.0,,,,2.0,,,,1.0,ThiefsGloves,Zephyr,GuardianAngel,,,,,,,,,,,None,None,,,,,,,,,,,,,,,,,,,,,,,,,1.0,BruiserEmblemItem,,,,,,,,,,
5,EUW1_5972744508,TFT7_Augment_GadgetExpert,TFT7_Augment_LastStand,TFT6_Augment_SunfireBoard,,0.0,,1.0,,,1.0,,0.0,,,,0.0,2.0,,1.0,,,,,0.0,1.0,,,2.0,1.0,,0.0,,,,,,,,,1.0,SpearOfShojin,MageEmblemItem,ArchangelsStaff,,,,,,,,,,,,,,,,,,,,,,,,,,,,,,,,,,,,,,,,,,,,,,,,,,,,,,,,,2.0,,,,,,,,,,,,,,,,,,,,,,,,,,,,,,,,2.0,,,,3.0,StatikkShiv,ArchangelsStaff,UnstableConcoction,,,,,,,,,,,,,,,,,2.0,Redemption,,,,,,,,,,,,,,,,,,,,,,,,,,,,,,,,,,,,,,,,,,,,,,,,,,,2.0,ChainVest,,,,,,,,,,,,,,,,,,,2.0,TrainerSnax,None,None,,,,,,,,,,,,,,,,,,,,,,,,,,,,,,,,,1.0,,,
3,EUW1_5972744508,TFT7_Augment_EvokerEmblem,TFT6_Augment_LudensEcho2,TFT6_Augment_ComponentGrabBag,,1.0,,1.0,,,1.0,,2.0,,,,0.0,1.0,,0.0,,0.0,,,0.0,1.0,,,0.0,1.0,,0.0,,,,,,,,,,,,,,,,,1.0,ArchangelsStaff,ArchangelsStaff,,,,,,,,,,,,,,,,,,,,,,,,,,,,,,,,,,,,,,,,,,,,,,,,,,2.0,EvokerEmblemItem,Redemption,,,,,,,,,,,,,,,,,,,,,,,,,,,,,,2.0,,,,,,,,,,,,,,,,,,,,,,,,2.0,ThiefsGloves,GiantsBelt,RedBuff,,,,,,,,,,,,,,,,,,,,,,,,,,,,,,,,,,,,,2.0,,,,,,,,,,,,2.0,WarmogsArmor,GargoyleStoneplate,TitansResolve,,,,,,,,,,,,,,,,,3.0,TrainerSnax,None,None,,,,,,,,,,,,,,,,,,,,,,,,,,,,,,,,,2.0,HextechGunblade,SeraphsEmbrace,GuinsoosRageblade
4,EUW1_5972744508,TFT6_Augment_Distancing2,TFT7_Augment_CannoneerRicochet,TFT7_Augment_CannoneerEmblem,,,,,3.0,,1.0,,1.0,1.0,,,,,,0.0,,2.0,0.0,,1.0,,,,,1.0,,,,,,,,,,,,,,,,,,,,,,,,,,,1.0,,,,2.0,InfinityEdge,LastWhisper,RunaansHurricane,,,,,,,,,2.0,GargoyleStoneplate,RedBuff,BrambleVest,,,,,,,,,,,,,,,,,,,,,,,,,,,,,,,,,2.0,,,,,,,,,,,,,,,,,,,,,,,,1.0,ShimmerscaleHeartOfGold,,,,,,,,,,,,,,,,,,,,,,,,,,,,,,,,,,,,,,,,,,,,,,,,,,,,,,,,,,,,,,,2.0,CannoneerEmblemItem,GuinsoosRageblade,Quicksilver,,,,,,,,,,,,,,,,,,,,,,,,,,,,,2.0,TrainerSnax,None,None,1.0,,,,,,,,,,,,,,,,,,,,,,,,,,,,,,,,,,,
1,EUW1_5972680508,TFT7_Augment_GadgetExpert,TFT6_Augment_LudensEcho1,TFT6_Augment_Diversify2,,0.0,,1.0,,,1.0,0.0,0.0,,,,,1.0,2.0,1.0,0.0,,,,,,,,,1.0,1.0,0.0,,,,,,,,,,,,,,,,,,,,,,,,,,,,,,,,,,,,,2.0,Quicksilver,ArchangelsStaff,StatikkShiv,,,,,,,,,,,,,,,,,,,,,,,,,,,,,2.0,,,,,,,,,,,,,,,,,,,,,,,,,,,,,,,,2.0,Chalice,StatikkShiv,SpearOfShojin,2.0,Zephyr,,,,,,,,,,,,,,,,,,,,,,,,,,,,,,,,,,,,,,,,,,,,,,,2.0,,,,,,,,,,,,,,,,,,,,,,,,2.0,GargoyleStoneplate,WarmogsArmor,,,,,,,,,,,,,,,,,,4.0,TrainerSnax,None,None,,,,,,,,,,,,,,,,,,,,,,,,,1.0,TitansResolve,HextechGunblade,,,,,,,,,
3,EUW1_5972680508,TFT6_Augment_CyberneticShell2,TFT6_Augment_CyberneticUplink1,TFT6_Augment_ThrillOfTheHunt2,1.0,,,1.0,,1.0,,,,,3.0,,0.0,,,,1.0,,,,,,,1.0,1.0,,0.0,,,,,,,,,,,,,,,,,,,,,,,,,,,,,,,,,,,,,,,,,,,,,,,,,,,,,,,,,,,,,,,,,,2.0,DragonsClaw,,,,,,,,,,,,,,,,,,,,,,,,,,,,,,,,,,,,,,,,,,,,,,,,,,,,,,,,,,,2.0,WarmogsArmor,,,,,,,2.0,ArchangelsStaff,,,,,,,2.0,,,,,,,,,,,,2.0,ThiefsGloves,SparringGloves,InfinityEdge,,,,,,,,,,,,,,,,,,,,,,,,,,,,,2.0,InfinityEdge,GuardianAngel,JeweledGauntlet,,,,,,,,,,,None,None,,,,,2.0,,,,,,,,,,,,,,,,2.0,GuinsoosRageblade,MadredsBloodrazor,UnstableConcoction,,,,,,,,,,,,
5,EUW1_5972680508,TFT7_Augment_BestFriends2,TFT6_Augment_PandorasItems,TFT6_Augment_CelestialBlessing2,,0.0,,,,2.0,1.0,,1.0,,1.0,,,0.0,3.0,1.0,0.0,0.0,,,,,,,,0.0,0.0,,,,,,,,,,,,,,,,,,,,,,,,,,,,,,,,,,,,,,2.0,InfinityEdge,JeweledGauntlet,MadredsBloodrazor,,,,,,,,,,,,,,,,,,,,,,,,,2.0,SeraphsEmbrace,DragonsClaw,GargoyleStoneplate,,,,,,,,,,,,,,,,,,,,,,,,,,,,,,,,,2.0,,,,1.0,,,,,,,,,,,,2.0,ChainVest,,,,,,,,,,,,,,,,,,,,,,,2.0,,,,,,,,,,,,,,,,,,,,,,,,2.0,MirageEmblemItem,ZekesHerald,SpearOfShojin,,,,,,,,,,,,,,,,,,,,,,,,,,,,,,,None,None,,,,,,,,,,,,,,,,,,,,,,,,,,,,,2.0,,,,,,,
6,EUW1_5972680508,TFT7_Augment_GuildEmblem,TFT7_Augment_BandOfThieves1,TFT7_Augment_BestFriends2,1.0,,,1.0,,1.0,,,,,4.0,,0.0,,,,1.0,,,,,,,1.0,1.0,,0.0,,,,,,,,,,,,,,,,,,,,,,,,,,,,,,,,,,,,,,,,,,,,,,,,,,,,,,,,,,,,,,,,,,2.0,,,,,,,,,,,,,,,,,,,,,,,,,,,,,,,,,,,,,,,,,,,,,,,,,,,,,,,,,,,,2.0,ThiefsGloves,TitansResolve,ArchangelsStaff,,,,,2.0,GuildEmblemItem,,,,,,,2.0,,,,,,,,,,,,1.0,RedBuff,Redemption,,,,,,,,,,,,,,,,,,,,,,,,,,,,,,2.0,InfinityEdge,UnstableConcoction,Bloodthirster,,,,,,,,,,,None,None,,,,,2.0,ZekesHerald,,,,,,,,,,,,,,,2.0,MadredsBloodrazor,GuinsoosRageblade,Quicksilver,,,,,,,,,,,,
8,EUW1_5972680508,TFT6_Augment_CyberneticUplink2,TFT7_Augment_BestFriends1,TFT6_Augment_BlueBattery2,,2.0,,1.0,,,1.0,,1.0,,,,,1.0,,1.0,,,,,,,,,,0.0,,0.0,,,,,,,,,,,,,,,,,1.0,HextechGunblade,SpearOfShojin,GuinsoosRageblade,,,,,,,,,,,,,,,,,,,,,,,,,,,,,,,,,,,,,,,,,,,,,,,,,,,,,2.0,GargoyleStoneplate,,,,,,,,,,,,,,,,,,,,,,,,,,,2.0,GiantsBelt,,,3.0,ThiefsGloves,RecurveBow,RunaansHurricane,,,,,,,,,,,,,,,,,,,,,,,,,,,,,,,,,,,,,,,,,,,,,,,,,,,,,,,,,,,,,,,,,,,,,2.0,RedBuff,,,,,,,,,,,,,,,,,,,,,None,None,,,,,,,,,,,,,1.0,NegatronCloak,,,,,,,,,,,,,,,,,,,,,,
2,EUW1_5972680508,TFT6_Augment_PortableForge,TFT6_Augment_ThrillOfTheHunt1,TFT7_Augment_DragonHorde,,1.0,,0.0,,,2.0,,0.0,1.0,,,0.0,,2.0,,,,,,1.0,,,,0.0,,,,,,,,,,,,,,,,,,,,1.0,JeweledGauntlet,MadredsBloodrazor,StatikkShiv,,,,,,,,,,,,,,,,,2.0,OrnnZhonyasParadox,GuinsoosRageblade,ArchangelsStaff,2.0,WarmogsArmor,GargoyleStoneplate,RedBuff,,,,,,,,,,,,,,,,,,,,,,,,,,,,,,,,,,,,,,,,,,,,,,,,,2.0,ShimmerscaleGamblersBlade,,,,,,,,,,,,,,,,,,,,,,,,,,,,,,,2.0,TitanicHydra,FrozenHeart,LastWhisper,,,,,,,,,,,,,,,,,,,,,,,,,,,,,,,,,,,,,,,,,,,,,,,,,,,,,,,,,,,,,,,,,,,,,,,None,None,,,,,,,,,,,,,,,,,,,,,,,,,,,,,,,,,,,,
7,EUW1_5972680508,TFT7_Augment_ClutteredMind,TFT7_Augment_AstralTrait,TFT7_Augment_FirstAidKit2,,0.0,,1.0,,,1.0,,1.0,,,,0.0,1.0,,1.0,,0.0,,,0.0,1.0,,,2.0,0.0,,0.0,,,,,,,,,1.0,ArchangelsStaff,SpearOfShojin,GuardianAngel,,,,,,,,,,,,,,,,,,,,,,,,,,,,,,,,,,,,,,,,,,,,,,,,,,,,,,,,,,,,,,,,,,,,,,,,,,,,,,,,,,,,,,,,,2.0,,,,3.0,,,,,,,,,,,,,,,,,,,,2.0,,,,,,,,,,,,,,,,,,,,,,,,,,,,,,,,,,,,,,,,1.0,,,,,,,,,,,,2.0,RedBuff,GargoyleStoneplate,DragonsClaw,,,,,,,,,,,,,,,,,,,None,None,,,,,,,,,,,,,,,,,,,,,,,,,,,,,,,,,1.0,PowerGauntlet,,
4,EUW1_5972680508,TFT7_Augment_GadgetExpert,TFT6_Augment_ThrillOfTheHunt1,TFT7_Augment_DragonmancerEmblem,,,,0.0,,,1.0,1.0,,,,1.0,,,,,2.0,,,2.0,,,1.0,,,,0.0,,,,,,,,,,,,,,,,,,,,,,,,,,,,,,,,,,,,,,,,,,,,,,,,,,,,,,,,,,,,,,2.0,ZekesHerald,ZekesHerald,,,,,,,,,,,,,,,,,,,,,,,,,,,,,,,,,,,,,,,,,,,,,,2.0,RedBuff,GargoyleStoneplate,TitansResolve,,,,,,,,,,,,,,,,,,,,,,,,,,,,,,,,,,,,,2.0,,,,2.0,DragonmancerEmblemItem,TitanicHydra,,1.0,,,,,,,,,,,,1.0,RecurveBow,,,3.0,GuinsoosRageblade,StatikkShiv,MadredsBloodrazor,,,,,,,,,,,,,,,,,,,,,,,None,None,,,,,,,,,,,,,,,,,,,,,,,,,,,,,,,,,,,,
1,EUW1_5971291872,TFT6_Augment_CyberneticUplink1,TFT6_Augment_ThriftShop,TFT7_Augment_MageTrait,,0.0,,1.0,,,,0.0,0.0,,1.0,,,3.0,0.0,1.0,,,,,0.0,1.0,,,,1.0,0.0,0.0,,,,,,,,,,,,,,,,,,,,,,,,,,,,,,,,,,,,,,,,,,,,,,,,,,,,,,,,,,,,,,,,,,,,,2.0,,,,3.0,GargoyleStoneplate,RedBuff,WarmogsArmor,,,,,,,,,,,,,,,,,,,,,,,,,2.0,RecurveBow,,,3.0,NeedlesslyLargeRod,Shroud,,,,,,,,,,,,,,,,,,,,,,,,,,,,,,3.0,ArchangelsStaff,SpearOfShojin,HextechGunblade,,,,,,,,,,,,,,,,,,,,,,,,,,,,,,,,,,,,,3.0,GiantsBelt,,,,,,,,,,,,,,,,,,,3.0,TrainerSnax,None,None,,,,,,,,,,,,,,,,,,,,,,,,,2.0,MageEmblemItem,SeraphsEmbrace,Quicksilver,,,,,1.0,UnstableConcoction,,
3,EUW1_5971291872,TFT7_Augment_MysticTrait,TFT6_Augment_LudensEcho3,TFT6_Augment_PandorasItems,,0.0,1.0,1.0,,2.0,,,0.0,,1.0,,,1.0,,3.0,0.0,,1.0,,0.0,1.0,,,,0.0,0.0,0.0,,,,,,,,,,,,,,,,,,,,,1.0,,,,,,,,,,,,,,,,,,,,,,,,,,,,,,,,,,,,,,,,,,,,2.0,,,,,,,,,,,,,,,,,,,,,,,,,,,,,,,,3.0,UnstableConcoction,MadredsBloodrazor,ArchangelsStaff,2.0,ZekesHerald,Chalice,,1.0,,,,,,,,,,,,,,,,2.0,ThiefsGloves,NeedlesslyLargeRod,ArchangelsStaff,,,,,,,,,,,,,,,,,,,,,,,,,,,,,,,,,,,,,,,,,,,,,,,,,,,,,2.0,GargoyleStoneplate,Redemption,CavalierEmblemItem,,,,,,,,,,,,,,,,,,,None,None,,,,,,,,,,,,,,,,,,,,,,,,,,,,,,,,,1.0,SeraphsEmbrace,ArchangelsStaff,ArchangelsStaff
5,EUW1_5971291872,TFT7_Augment_RevelTrait,TFT7_Augment_JadeTrait2,TFT6_Augment_Weakspot,,,,,,,1.0,0.0,0.0,0.0,,3.0,0.0,,0.0,0.0,,0.0,,1.0,,,1.0,,,,0.0,,,,,,2.0,,,,,,,,,,,,,,,,,,,,,,,,,,,,,,,,,,,,,,,,2.0,InfinityEdge,GuardianAngel,TitansResolve,,,,,,,,,,,,,2.0,,,,,,,,,,,,,,,,,,,,,,,,,,,,,,,,,,,,,,,,,,,,,,,,2.0,WarmogsArmor,GargoyleStoneplate,GargoyleStoneplate,,,,,,,,,,,,,,,,,,,,,,,,,,,,,,,,,,,,,,,,,,,,,,,,,,,,,,,,,1.0,GuinsoosRageblade,,,,,,,,,,,,,,,,,,,1.0,,,,,,,,,,None,None,,,,,,,,,,,,,,,,,,,,,,,,,1.0,PowerGauntlet,UnstableConcoction,,,,,,,,,
2,EUW1_5971291872,TFT6_Augment_Twins1,TFT7_Augment_BestFriends3,TFT7_Augment_SwiftshotTrait,,0.0,,1.0,,,,,,,1.0,,0.0,,,,,,,,,,,2.0,1.0,,,,,,,,,,,,,,,,,,,,,,,,,,,,,,,,,,,,,,,,,,,,,,,,,,,,,,,,,,,,1.0,,,,,,,,,,,,,,,,2.0,Shroud,GuardianAngel,FrozenHeart,,,,,,,,,,,,,,,,,,,,,,,,,,,,,,,,,,,,,,,,,,,,,,,,,2.0,,,,,,,,,,,,,,,,,,,,,,,,,,,,,,,,,,,,,,,,,,,,,,,,,,,,,,,,,,,,,,,,,,,,,,,,,,None,None,,,,,2.0,MadredsBloodrazor,LastWhisper,,3.0,GuinsoosRageblade,MadredsBloodrazor,RunaansHurricane,,,,,,,,,,,,,,,,,,,,,,,,
4,EUW1_5971291872,TFT7_Augment_CavalierTrait,TFT6_Augment_BandOfThieves2,TFT7_Augment_MirageTrait,,,,,,3.0,1.0,0.0,1.0,,1.0,,,,3.0,0.0,0.0,0.0,,,,,,,,0.0,0.0,,,,,,,,,,,,,,,,,,,,,,,,,,,,,,,,,,,,,,2.0,RapidFireCannon,ArchangelsStaff,JeweledGauntlet,,,,,,,,,,,,,,,,,,,,,,,,,2.0,ThiefsGloves,RedBuff,GargoyleStoneplate,,,,,,,,,,,,,,,,,,,,,,,,,,,,,,,,,2.0,PowerGauntlet,,,,,,,,,,,,,,,2.0,BrambleVest,TitanicHydra,Zephyr,,,,,,,,,,,,,,,,,,,,,2.0,ThiefsGloves,HextechGunblade,UnstableConcoction,,,,,,,,,,,,,,,,,,,,,2.0,UnstableConcoction,,,,,,,,,,,,,,,,,,,,,,,,,,,,,,,,,None,None,,,,,,,,,,,,,,,,,,,,,,,,,2.0,TitansResolve,UnstableConcoction,Bloodthirster,,,,,,,,
6,EUW1_5971291872,TFT7_Augment_ShimmerscaleEmblem,TFT7_Augment_CursedCrown,TFT7_Augment_CannoneerTrait,,,,2.0,3.0,,1.0,,1.0,,,,0.0,0.0,,0.0,,2.0,0.0,,0.0,,,,0.0,1.0,0.0,2.0,,,,,,,,,,,,,,,,,,,,,,,,,,,,,1.0,LastWhisper,Quicksilver,GuinsoosRageblade,,,,,,,,,,,,,,,,,2.0,TitansResolve,RedBuff,Bloodthirster,,,,,,,,,,,,,,,,,,,,,,,,,2.0,,,,,,,,,,,,,,,,,,,,,,,,2.0,,,,,,,,,,,,,,,,,,,,1.0,,,,1.0,,,,,,,,,,,,,,,,,,,,,,,,,,,,,,,,,,,,,,,,1.0,,,,,,,,,,,,1.0,ShimmerscaleEmblemItem,,,,,,,,,,,,,,,,,,,3.0,TrainerSnax,None,None,2.0,,,,,,,,,,,,,,,,,,,,,,,,,,,,,,,,,,,
8,EUW1_5971291872,TFT6_Augment_ItemGrabBag1,TFT7_Augment_UrfsGrabBag2,TFT6_Augment_PandorasItems,,,,,0.0,1.0,1.0,,1.0,1.0,,,,,,0.0,0.0,1.0,0.0,,1.0,,,,,0.0,,,,,,,,,,,,,,,,,,,,,,,,,,,2.0,TitanicHydra,,,2.0,LastWhisper,RapidFireCannon,InfinityEdge,,,,,,,,,2.0,CavalierEmblemItem,WarmogsArmor,,,,,,,,,,,,,,,,,,,,,,1.0,,,,,,,,,,,,,,,,,,,,,,,,,,,,,,,,,,,,2.0,ShimmerscaleGamblersBlade,RecurveBow,,,,,,,,,,,,,,,,,,,,,,,,,,,,,,,,,,,,,,,,,,,,,,,,,,,,,,,,,,,,,,2.0,StatikkShiv,ArchangelsStaff,StatikkShiv,,,,,,,,,,,,,,,,,,,,,,,,,,,,,,,None,None,,,,,,,,,,,,,,,,,,,,,,,,,,,,,,,,,,,,
7,EUW1_5971291872,TFT6_Augment_Meditation1,TFT6_Augment_MaxLevel10,TFT6_Augment_ThrillOfTheHunt1,1.0,,1.0,1.0,,0.0,,,,,3.0,,0.0,,,0.0,1.0,,,,,,,1.0,0.0,,0.0,0.0,,,,,,,,,,,,,,,,,,,,,1.0,,,,,,,,,,,,,,,,,,,,,,,,,,,,,,,,,,,,,,,,,,,,1.0,RedBuff,TitanicHydra,TitansResolve,,,,,,,,,,,,,,,,,,,,,,,,,,,,,,,,,,,,,,,,,,,,,,,,,,,,,,,,,2.0,,,,1.0,,,,,,,,,,,,,,,,,,,,,,,,2.0,,,,,,,,,,,,,,,,,,,,,,,,,,,,,,,,2.0,,,,,,,,,,,,,,None,None,,,,,1.0,,,,,,,,,,,,,,,,2.0,StatikkShiv,GuinsoosRageblade,MadredsBloodrazor,,,,,,,,,,,,
6,EUW1_5971161522,TFT6_Augment_SunfireBoard,TFT6_Augment_TinyTitans,TFT7_Augment_SwiftshotTrait,,0.0,,2.0,,,,,,,1.0,,0.0,0.0,,,0.0,,,,,,,2.0,1.0,,0.0,0.0,,,,,,,,,,,,,,,,,,,,,,,,,,,,,,,,,,,,,,,,,,,,,,,,,,,,,,,,,1.0,,,,,,,,,,,,,,,,3.0,UnstableConcoction,GargoyleStoneplate,IonicSpark,,,,,,,,,,,,,,,,,,,,,,,,,,,,,,,,,,,,,,,,,,,,,,,,,2.0,ThiefsGloves,NegatronCloak,InfinityEdge,,,,,,,,,,,,,,,,,,,,,,,,,2.0,,,,,,,,,,,,,,,,,,,,,,,,2.0,GiantsBelt,,,,,,,,,,,,,,,,,,,,,None,None,,,,,1.0,,,,3.0,Deathblade,RunaansHurricane,GuinsoosRageblade,,,,,,,,,,,,,,,,,,,,,,,,
2,EUW1_5971161522,TFT7_Augment_BestFriends2,TFT6_Augment_Recombobulator,TFT6_Augment_ThrillOfTheHunt1,,,1.0,0.0,,2.0,1.0,0.0,,,2.0,,0.0,,1.0,0.0,0.0,,,,,,,,2.0,,0.0,,,,,,,,,,2.0,JeweledGauntlet,Quicksilver,MadredsBloodrazor,,,,,,,,,2.0,Redemption,,,,,,,,,,,,,,,,,,,,,,,,,,,,,,,,,,,,,,,,,,,2.0,,,,,,,,,,,,,,,,,,,,,,,,,,,,,,,,,,,,,,,,,,,,,,,,,,,,2.0,,,,,,,,2.0,RedBuff,,,,,,,,,,,,,,,2.0,,,,,,,,,,,,,,,,,,,,,,,,,,,,,,,,,,,,,,,,,,,,,,,,,,,,,,,,,,None,None,,,,,,,,,,,,,,,,,,,,,,,,,1.0,Bloodthirster,UnstableConcoction,Deathblade,,,,,,,,
8,EUW1_5971161522,TFT6_Augment_Meditation2,TFT6_Augment_PandorasItems,TFT7_Augment_BigFriend,,1.0,,2.0,,0.0,,,,,1.0,,0.0,2.0,,0.0,,,0.0,,,,,,0.0,,,0.0,,,,,,,,,,,,,,,,,,,,,,,,,,,,,,,,,,,,,,,,,,,,,,,,,,,,,,,,,,,,,,,,,,,,,,,,,2.0,,,,,,,,,,,,,,,,,,,,,,,,1.0,,,,,,,,3.0,,,,,,,,,,,,,,,,,,,,1.0,,,,,,,,,,,,2.0,SpearOfShojin,ArchangelsStaff,HextechGunblade,,,,,,,,,,,,,,,,,,,,,3.0,,,,,,,,,,,,,,,,2.0,Redemption,TitansResolve,RedBuff,,,,,,,,,,,,,,,,,,,None,None,,,,,,,,,,,,,2.0,,,,,,,,,,,,,,,,,,,,,,,
5,EUW1_5971161522,TFT6_Augment_RichGetRicher,TFT6_Augment_ThrillOfTheHunt1,TFT6_Augment_Diversify1,,0.0,,,,,1.0,,,1.0,,2.0,,,,0.0,,,,2.0,,,,,,,,1.0,,,,,,,,,,,,,,,,,,,,,,,,,,,,,,,,,,,,,,,,,,,,,2.0,InfinityEdge,TitansResolve,GuinsoosRageblade,,,,,2.0,Chalice,,,,,,,1.0,,,,,,,,,,,,,,,,,,,,,,,,,,,,,,,,,,,,,,,,,,,,,,,,2.0,BrambleVest,Morellonomicon,DragonsClaw,3.0,MadredsBloodrazor,GuinsoosRageblade,Quicksilver,,,,,,,,,,,,,,,,,,,,,,,,,,,,,,,,,,,,,,,,,,,,,,,,,,,,,,,,,,,,,,,,,,,,,,,,,2.0,,,,2.0,,,,,,None,None,,,,,,,,,,,,,,,,,,,,,,,,,,,,,,,,,,,,
3,EUW1_5971161522,TFT6_Augment_TradeSector,TFT6_Augment_MakeshiftArmor1,TFT6_Augment_Meditation1,,,1.0,1.0,,,1.0,,1.0,,1.0,,0.0,1.0,,1.0,,0.0,,,0.0,1.0,,,2.0,1.0,,0.0,,,,,,,,,1.0,ArchangelsStaff,SpearOfShojin,Quicksilver,,,,,,,,,1.0,,,,,,,,,,,,,,,,,,,,,,,,,,,,,,,,,,,,,,,,,,,,,,,,2.0,,,,,,,,,,,,,,,,,,,,,,,,,,,,,,,,2.0,,,,,,,,,,,,,,,,,,,,,,,,1.0,LocketOfTheIronSolari,TitanicHydra,InfinityEdge,,,,,,,,,,,,,,,,,,,,,,,,,,,,,,,,,,,,,2.0,,,,,,,,,,,,2.0,GargoyleStoneplate,BrambleVest,GiantsBelt,,,,,,,,,,,,,,,,,4.0,TrainerSnax,None,None,,,,,,,,,,,,,,,,,,,,,,,,,,,,,,,,,1.0,,,
7,EUW1_5971161522,TFT7_Augment_CannoneerEmblem,TFT6_Augment_TinyTitans,TFT6_Augment_CelestialBlessing1,,,,1.0,2.0,,1.0,,1.0,0.0,,,0.0,,,0.0,,2.0,,,1.0,,,,0.0,1.0,,,,,,,,,,,,,,,,,,,,,,,,,,,,,,,2.0,GuinsoosRageblade,LastWhisper,UnstableConcoction,,,,,,,,,1.0,GargoyleStoneplate,,,,,,,,,,,,,,,,,,,,,,,,,,,,,,,,,,,,,,,,,,,,,,,,,,,,,,,,,,,2.0,,,,,,,,,,,,,,,,,,,,,,,,1.0,,,,,,,,,,,,,,,,,,,,,,,,,,,,,,,,,,,,,,,,2.0,SpearOfShojin,SeraphsEmbrace,CannoneerEmblemItem,,,,,,,,,,,,,1.0,,,,,,,,,,,,,,,,3.0,TrainerSnax,None,None,2.0,Morellonomicon,ShimmerscaleGamblersBlade,,,,,,,,,,,,,,,,,,,,,,,,,,,,,,,,,
1,EUW1_5971161522,TFT7_Augment_BestFriends2,TFT6_Augment_CyberneticImplants1,TFT6_Augment_ThrillOfTheHunt1,0.0,,1.0,,,,1.0,0.0,,0.0,1.0,0.0,0.0,0.0,0.0,0.0,0.0,,,,4.0,1.0,1.0,0.0,,,0.0,,,,,,,,,,,,,,,,,,,,,,2.0,ShimmerscaleEmblemItem,StatikkShiv,,,,,,,,,,,,,,,,,,2.0,RedBuff,BrambleVest,Redemption,,,,,,,,,,,,,,,,,,,,,,,,,,,,,,,,,,,,,,,,,2.0,,,,,,,,,,,,,,,,,,,,,,,,,,,,,,,,,,,,,,,,,,,,,,,,,,,,,,,,,,,,,,,,,,,,,,,,,,,,,,,,,,,,2.0,ShimmerscaleEmblemItem,ShimmerscaleHeartOfGold,ShimmerscaleGamblersBlade,,,,,,,,,,,,,,,,,,,,,,,,,,,None,None,,,,,,,,,,,,,,,,,2.0,Redemption,,,2.0,ShimmerscaleDravensAxe,MadredsBloodrazor,Quicksilver,1.0,ShimmerscaleEmblemItem,SeraphsEmbrace,,,,,,2.0,ShimmerscaleCrownOfChampions,Quicksilver,ShimmerscaleDiamondHands
4,EUW1_5971161522,TFT6_Augment_TrueTwos,TFT6_Augment_MakeshiftArmor1,TFT6_Augment_PandorasItems,,,,,,3.0,1.0,,,0.0,1.0,,,0.0,3.0,,0.0,,0.0,,,,,,,,0.0,,,,,,,,,,,,,,,,,,,,,,,,,,,,,,,,,,,,,,2.0,UnstableConcoction,InfinityEdge,JeweledGauntlet,,,,,,,,,,,,,,,,,,,,,,,,,2.0,SeraphsEmbrace,NeedlesslyLargeRod,,,,,,,,,,,,,,,,,,,,,,,,,,1.0,,,,2.0,Chalice,,,,,,,,,,,,,,,,,,,2.0,WarmogsArmor,RedBuff,IonicSpark,,,,,,,,,,,,,,,,,,,,,2.0,Shroud,,,,,,,,,,,,,,,,,,,,,,,,,,,,,,,,,,,,,,,,,,,,,,,,,,,,,,,,,None,None,,,,,,,,,,,,,,,,,,,,,,,,,,,,,1.0,,,,,,,
8,EUW1_5970995274,TFT6_Augment_PandorasItems,TFT6_Augment_TargetDummies,TFT6_Augment_PortableForge,,,,0.0,,,,1.0,,,,0.0,,,0.0,,1.0,,,2.0,,,,,,,1.0,0.0,,,,,,,,,,,,,,,,,,,,,,,,,,,,,,,,,,,,,,,,,,,,,,,,,,,,,1.0,,,,,,,,2.0,,,,,,,,,,,,,,,,,,,,,,,,,,,,,,,,,,,,,,,,,,,,,,,,2.0,OrnnAnimaVisage,RedBuff,FrozenHeart,,,,,,,,,,,,,,,,,,,,,,,,,,,,,,,,,,,,,2.0,,,,2.0,,,,,,,,,,,,,,,,,,,,2.0,GuinsoosRageblade,ArchangelsStaff,Quicksilver,,,,,,,,,,,,,,,,,,,,,,,None,None,,,,,,,,,,,,,,,,,,,,,,,,,1.0,ChainVest,Bloodthirster,,,,,,,,,
6,EUW1_5970995274,TFT7_Augment_WhispersTrait,TFT6_Augment_PortableForge,TFT7_Augment_BestFriends2,1.0,,,,,2.0,1.0,,,,2.0,,,,2.0,,0.0,,,,,,,,,,,1.0,,,,,,,,,,,,,,,,,,,,,,,,,,,,,,,,,,,,,2.0,UnstableConcoction,StatikkShiv,InfinityEdge,,,,,,,,,,,,,,,,,,,,,,,,,1.0,,,,,,,,,,,,,,,,,,,,,,,,,,,,,,,,,,,,,,,,,,,,,,,,,,,,2.0,RedBuff,DragonsClaw,Redemption,,,,,,,,,1.0,,,,,,,,,,,,2.0,,,,,,,,,,,,,,,,,,,,,,,,,,,,,,,,,,,,,,,,,,,,1.0,InfinityEdge,OrnnTheCollector,,,,,,,,,,,,None,None,,,,,,,,,,,,,,,,,,,,,,,,,,,,,,,,,,,,
1,EUW1_5970995274,TFT7_Augment_AFK,TFT6_Augment_Ascension,TFT6_Augment_SecondWind2,,0.0,1.0,1.0,,,1.0,,0.0,,2.0,,,2.0,,2.0,,,,,0.0,1.0,,,,1.0,,2.0,,,,,,,,,,,,,,,,,,,,,1.0,,,,,,,,,,,,,,,,,,,,,,,,,,,,2.0,Deathblade,FrozenHeart,Shroud,,,,,,,,,,,,,,,,,1.0,,,,,,,,,,,,,,,,,,,,,,,,,,,,,,,,2.0,,,,2.0,,,,,,,,,,,,,,,,,,,,,,,,,,,,,,,,3.0,MadredsBloodrazor,ArchangelsStaff,SpearOfShojin,,,,,,,,,,,,,,,,,,,,,,,,,,,,,,,,,,,,,2.0,GargoyleStoneplate,IonicSpark,WarmogsArmor,,,,,,,,,,,,,,,,,4.0,TrainerSnax,None,None,,,,,,,,,,,,,,,,,,,,,,,,,,,,,,,,,2.0,RabadonsDeathcap,RapidFireCannon,Zephyr
5,EUW1_5970995274,TFT7_Augment_SwiftshotTrait,TFT7_Augment_SwiftshotEmblem,TFT6_Augment_ComponentGrabBag,,,,,,0.0,1.0,1.0,,,,2.0,,,,0.0,1.0,,,1.0,,,,2.0,,,,,,,,,,,,,,,,,2.0,,,,,,,,,,,,,,,,,,,,,,,,,,,,,,,,2.0,SwiftshotEmblemItem,TitansResolve,UnstableConcoction,,,,,,,,,,,,,,,,,2.0,SeraphsEmbrace,LocketOfTheIronSolari,,,,,,,,,,,,,,2.0,,,,,,,,,,,,,,,,,,,,,,,,,,,,2.0,WarmogsArmor,RedBuff,TitansResolve,,,,,,,,,,,,,,,,,,,,,,,,,,,,,,,,,,,,,,,,,,,,,,,,,,,,,,,,,,,,,2.0,,,,,,,,,,,,,,,,,,,,,,,,,,None,None,,,,,,,,,,,,,,,,,,,,,2.0,GuinsoosRageblade,MadredsBloodrazor,Quicksilver,,,,,,,,,,,,
3,EUW1_5970995274,TFT6_Augment_ItemGrabBag1,TFT7_Augment_UrfsGrabBag1,TFT7_Augment_BestFriends2,2.0,,,2.0,,,,,,0.0,1.0,,0.0,0.0,,,0.0,,2.0,,,,,,1.0,,1.0,0.0,,,,,,,,,,,,,,,,,,,,,,,,,2.0,,,,,,,,2.0,ZekesHerald,ZekesHerald,ZekesHerald,,,,,,,,,,,,,,,,,,,,,,,,,,,,,,,,,,,,,,,,,,,,,,,,,,,,,,,,,,,,,,,,,,,,,,,,,,,,,,,,,,,,,3.0,RapidFireCannon,InfinityEdge,AssassinEmblemItem,1.0,,,,,,,,2.0,ArchangelsStaff,Zephyr,,,,,,,,,,,,,,,,,,2.0,,,,,,,,,,,,,,,,,,,,,,,,1.0,Shroud,,,,,,,2.0,ScalescornEmblemItem,Redemption,,,,,,,,,,,,None,None,,,,,,,,,,,,,,,,,,,,,,,,,,,,,,,,,,,,
2,EUW1_5970995274,TFT6_Augment_TinyTitans,TFT7_Augment_DragonAlliance,TFT7_Augment_UrfsGrabBag1,0.0,,1.0,1.0,,,2.0,0.0,,1.0,1.0,,,0.0,1.0,0.0,,,,,2.0,1.0,,,,,0.0,3.0,,,,,,,,,,,,,,,,,,,,,1.0,ShimmerscaleEmblemItem,ShimmerscaleHeartOfGold,,,,,,,,,,,,,,,,,,2.0,ShimmerscaleMogulsMail,,,,,,,2.0,GuinsoosRageblade,Bloodthirster,TitansResolve,,,,,,,,,,,,,,,,,,,,,,,,,,,,,,,,,,,,,,,,,,,,,,,,,,,,,,,,,,,,,,,,,,,,,,,,,,,,,2.0,GuardianAngel,Quicksilver,,,,,,,,,,,,,,,,,,,,,,,,,,,,,,,,,,,,,,,,,,,,,,2.0,,,,,,,,,,,,,,,,1.0,,,,,,None,None,,,,,,,,,,,,,,,,,,,,,,,,,2.0,RedBuff,GuardianAngel,WarmogsArmor,,,,,2.0,MirageEmblemItem,GuardianAngel,
7,EUW1_5970995274,TFT6_Augment_Distancing,TFT6_Augment_JeweledLotus,TFT6_Augment_PortableForge,0.0,,,0.0,,0.0,1.0,0.0,,1.0,1.0,,,,3.0,,0.0,,,,,,,,,,1.0,0.0,,,,,,,,,,,,,,,,,,,,,,,,,,,,,,,,,,,,,1.0,InfinityEdge,RapidFireCannon,UnstableConcoction,,,,,,,,,,,,,,,,,,,,,,,,,,,,,,,,,,,,,,,,,,,,,,,,,,,,,2.0,GargoyleStoneplate,,,,,,,,,,,,,,,,,,,,,,,1.0,BrambleVest,Shroud,,,,,,,,,,,,,,,,,,,,,,,,,,,,,,,,,,2.0,,,,,,,,,,,,,,,,,,,,,,,,,,,,,,,,2.0,ThiefsGloves,Quicksilver,RabadonsDeathcap,,,,,2.0,,,,,,None,None,,,,,,,,,,,,,,,,,,,,,,,,,1.0,OrnnDeathsDefiance,,,,,,,,,,
4,EUW1_5970995274,TFT7_Augment_CannoneerTrait,TFT7_Augment_MikaelsGift,TFT6_Augment_ComponentGrabBag,,,,,3.0,,1.0,,1.0,1.0,,,,,,0.0,,2.0,,,1.0,,,,,1.0,,0.0,,,,,,,,,,,,,,,,,,,,,,,,,,,,,2.0,MadredsBloodrazor,GuinsoosRageblade,MadredsBloodrazor,,,,,,,,,2.0,DragonsClaw,RedBuff,,,,,,,,,,,,,,,,,,,,,,,,,,,,,,,,,,2.0,,,,,,,,,,,,,,,,,,,,,,,,2.0,ZekesHerald,ZekesHerald,ShimmerscaleHeartOfGold,,,,,,,,,,,,,,,,,,,,,,,,,,,,,,,,,,,,,,,,,,,,,,,,,,,,,,,,,,,,,2.0,SpearOfShojin,RabadonsDeathcap,,,,,,,,,,,,,,,,,,,,,,,,,,2.0,ThiefsGloves,ChainVest,IonicSpark,2.0,TrainerSnax,None,None,2.0,LocketOfTheIronSolari,StatikkShiv,,,,,,,,,,,,,,,,,,,,,,,,,,,,,,,,,
1,EUW1_5972867729,TFT6_Augment_TradeSector,TFT7_Augment_LategameSpecialist,TFT6_Augment_Ascension,,,1.0,1.0,,,1.0,,1.0,,1.0,0.0,0.0,1.0,,1.0,,0.0,,,0.0,1.0,1.0,,2.0,0.0,,0.0,,,,,,,,,2.0,SpearOfShojin,ArchangelsStaff,HextechGunblade,,,,,,,,,2.0,,,,,,,,,,,,,,,,,,,,,,,,,,,,,,,,,,,,,,,,,,,,,,,,,,,,,,,,,,,,,,,,,,,,,,,,,,,,,,,,2.0,,,,,,,,,,,,,,,,,,,,,,,,2.0,RedBuff,DragonsClaw,IonicSpark,,,,,,,,,,,,,,,,,,,,,,,,,,,,,,,,,,,,,2.0,Morellonomicon,MageEmblemItem,,2.0,,,,,,,,2.0,GiantsBelt,,,,,,,,,,,,,,,,,,,,,None,None,,,,,,,,,,,,,,,,,,,,,,,,,,,,,,,,,2.0,SpearOfShojin,SpearOfShojin,GuinsoosRageblade
7,EUW1_5972867729,TFT6_Augment_ThrillOfTheHunt2,TFT6_Augment_MakeshiftArmor1,TFT7_Augment_GuildEmblem,1.0,,,1.0,,0.0,,,,,4.0,,0.0,,,,1.0,,,,,,,1.0,1.0,,0.0,,,,,,,,,,,,,,,,,,,,,,,,,,,,,,,,,,,,,,,,,,,,,,,,,,,,,,,,,,,,,,,,,,2.0,GuildEmblemItem,,,,,,,,,,,,,,,,,,,,,,,,,,,,,,,,,,,,,,,,,,,,,,,,,,,,,,,,,,,2.0,GuildEmblemItem,Morellonomicon,GargoyleStoneplate,,,,,2.0,,,,,,,,,,,,,,,,,,,,2.0,,,,,,,,,,,,,,,,,,,,,,,,,,,,,,,,1.0,,,,,,,,,,,,,,None,None,,,,,2.0,ZekesHerald,PowerGauntlet,,,,,,,,,,,,,,1.0,MadredsBloodrazor,Quicksilver,GuinsoosRageblade,,,,,,,,,,,,
3,EUW1_5972867729,TFT6_Augment_Ascension,TFT6_Augment_Diversify1,TFT6_Augment_SalvageBin,1.0,,,1.0,,1.0,,,,,3.0,,0.0,,,,1.0,,,,,,,1.0,1.0,,0.0,,,,,,,,,,,,,,,,,,,,,,,,,,,,,,,,,,,,,,,,,,,,,,,,,,,,,,,,,,,,,,,,,,2.0,SeraphsEmbrace,GiantsBelt,,,,,,,,,,,,,,,,,,,,,,,,,,,,,,,,,,,,,,,,,,,,,,,,,,,,,,,,,,2.0,RedBuff,DragonsClaw,GargoyleStoneplate,,,,,2.0,,,,,,,,2.0,,,,,,,,,,,,2.0,,,,,,,,,,,,,,,,,,,,,,,,,,,,,,,,2.0,Zephyr,MadredsBloodrazor,GuardianAngel,,,,,,,,,,,None,None,,,,,2.0,Zephyr,,,,,,,,,,,,,,,2.0,Quicksilver,MadredsBloodrazor,GuinsoosRageblade,,,,,,,,,,,,
8,EUW1_5972867729,TFT6_Augment_LudensEcho2,TFT6_Augment_ItemGrabBag1,TFT7_Augment_MageEmblem,,0.0,,0.0,,0.0,,,1.0,,1.0,,,2.0,,1.0,,0.0,0.0,,,,,,,1.0,,0.0,,,,,,,,,,,,,,,,,,,,,,,,,,,,,,,,,,,,,,,,,,,,,,,,,,,,,,,,,,,,,,,,,,,,,2.0,,,,,,,,,,,,,,,,,,,,,,,,,,,,2.0,,,,2.0,,,,2.0,,,,,,,,,,,,,,,,,,,,,,,,,,,,,,,,2.0,JeweledGauntlet,RabadonsDeathcap,SpearOfShojin,,,,,,,,,,,,,,,,,,,,,,,,,1.0,MageEmblemItem,,,,,,,,,,,2.0,RedBuff,IonicSpark,NegatronCloak,,,,,,,,,,,,,,,,,1.0,TrainerSnax,None,None,,,,,,,,,,,,,,,,,,,,,,,,,,,,,,,,,,,,
2,EUW1_5972867729,TFT6_Augment_ThrillOfTheHunt2,TFT7_Augment_BestFriends1,TFT6_Augment_Ascension,,1.0,,2.0,,0.0,,,,,1.0,,0.0,,,,1.0,,,,,,,2.0,1.0,,0.0,,,,,,,,,,,,,,,,,,,,,,,,,,,,,,,,,,,,,,,,,,,,,,,,,,,,,,,,,,1.0,,,,,,,,1.0,,,,,,,,3.0,DragonsClaw,GargoyleStoneplate,RedBuff,,,,,,,,,,,,,,,,,,,,,,,,,,,,,,,,,,,,,,,,,,,,,,,,,2.0,IonicSpark,BrambleVest,,,,,,,,,,,,,,,,,,,,,,,,,,2.0,,,,,,,,2.0,,,,,,,,,,,,,,,,,,,,,,,,,,,,,,,,,,,,,,None,None,,,,,1.0,,,,3.0,GuinsoosRageblade,RunaansHurricane,Deathblade,,,,,,,,,2.0,LastWhisper,GuinsoosRageblade,GuinsoosRageblade,,,,,,,,,,,,
6,EUW1_5972867729,TFT7_Augment_WarriorTiamat,TFT6_Augment_CelestialBlessing1,TFT6_Augment_Distancing2,0.0,,1.0,1.0,,,,,,,3.0,0.0,,,0.0,0.0,0.0,,0.0,,0.0,,1.0,0.0,,,2.0,,2.0,TitansResolve,MadredsBloodrazor,Quicksilver,,,,,,,,,,,,,,,,,2.0,,,,,,,,,,,,,,,,,,,,,,,,,,,,,,,,,,,,,,,,,,,,,,,,,,,,,,,,,,,,,,,,,,,,,,,,,,,,,,,,,,,,,,,,,,,,,,,,,,,,1.0,,,,,,,,,,,,,,,,,,,,,,,,,,,,,,,,1.0,ThiefsGloves,StatikkShiv,RabadonsDeathcap,,,,,,,,,,,,,2.0,JeweledGauntlet,Quicksilver,,,,,,,,,,,,,,2.0,ThiefsGloves,DragonsClaw,HextechGunblade,,,,,,,,,,,None,None,,,,,2.0,ThiefsGloves,RecurveBow,UnstableConcoction,,,,,,,,,,,,,,,,,,,,,2.0,,,,,,,
5,EUW1_5972867729,TFT7_Augment_EvokerEssenceTheft,TFT7_Augment_BandOfThieves1,TFT6_Augment_JeweledLotus,,,,,,,1.0,,1.0,,,2.0,0.0,,,2.0,,0.0,,1.0,,,1.0,,,0.0,,,,,,,2.0,ArchangelsStaff,,,,,,,,,,,,,,,,,,,,,,,,,,,,,,,,,,,,,,,2.0,TitansResolve,Bloodthirster,GuardianAngel,,,,,,,,,,,,,2.0,ThiefsGloves,DragonsClaw,HextechGunblade,,,,,,,,,,,,,,,,,,,,,,,,,,,,,,,,,,,,,2.0,,,,,,,,2.0,GargoyleStoneplate,RedBuff,,,,,,,,,,,,,,,,,,,,,,,,,,,,,,,,,,,,,,,,,,,,,,,,,,,,,,2.0,MysticEmblemItem,ArchangelsStaff,RabadonsDeathcap,1.0,Shroud,,,,,,,,,,,,,,,,,,,,,,,,,,,,,None,None,,,,,,,,,,,,,,,,,,,,,,,,,,,,,,,,,,,,
4,EUW1_5972867729,TFT6_Augment_TargetDummies,TFT6_Augment_Weakspot,TFT7_Augment_CannoneerHotShot,0.0,,1.0,,1.0,,1.0,,1.0,1.0,1.0,,,,,1.0,,1.0,,,1.0,,,,,1.0,,1.0,,,,,,,,,,,,,,,,,,,,,1.0,,,,,,,,2.0,GuinsoosRageblade,MadredsBloodrazor,MadredsBloodrazor,,,,,,,,,2.0,IonicSpark,ShimmerscaleMogulsMail,WarmogsArmor,,,,,,,,,,,,,,,,,,,,,,,,,,,,,,,,,,,,,,,,,,,,,,,,,,,,,,,,,1.0,,,,,,,,,,,,,,,,,,,,,,,,,,,,1.0,,,,,,,,,,,,,,,,,,,,,,,,,,,,,,,,,,,,2.0,LocketOfTheIronSolari,,,,,,,,,,,,,,,,,,,,,,,,,,,1.0,TitanicHydra,WarmogsArmor,,3.0,TrainerSnax,None,None,2.0,StatikkShiv,,,,,,,,,,,,,,,,,,,,,,,,,,,,,,,,,,
4,EUW1_5972102583,TFT6_Augment_TrueTwos,TFT6_Augment_Weakspot,TFT7_Augment_RevelPartyFavors,,,1.0,,1.0,,1.0,0.0,1.0,1.0,1.0,,,,0.0,1.0,,1.0,,,1.0,,,,,1.0,0.0,,,,,,,,,,,,,,,,,,,,,,1.0,HextechGunblade,,,,,,,3.0,Deathblade,LastWhisper,UnstableConcoction,,,,,,,,,2.0,GargoyleStoneplate,RedBuff,DragonsClaw,,,,,,,,,,,,,,,,,,,,,,,,,,,,,,,,,,,,,,,,,,,,,,,,,,,,,,,,,2.0,ShimmerscaleHeartOfGold,Shroud,,,,,,,,,,,,,,,,,,,,,,,,,,,,,,,,,,,,,,,,,,,,,,,,,,,,,,,,,,,,,,2.0,,,,,,,,,,,,,,,,,,,,,,,,,,,,,,,,3.0,TrainerSnax,None,None,2.0,Shroud,SparringGloves,,,,,,,,,,,,,,,,,,,,,,1.0,GuardianEmblemItem,,,,,,,,,,
5,EUW1_5972102583,TFT7_Augment_BestFriends2,TFT6_Augment_TinyTitans,TFT6_Augment_CyberneticShell2,1.0,,,1.0,,1.0,,,,,3.0,,0.0,,,,1.0,,,,,,,1.0,1.0,,0.0,,,,,,,,,,,,,,,,,,,,,,,,,,,,,,,,,,,,,,,,,,,,,,,,,,,,,,,,,,,,,,,,,,2.0,WarmogsArmor,,,,,,,,,,,,,,,,,,,,,,,,,,,,,,,,,,,,,,,,,,,,,,,,,,,,,,,,,,,2.0,JeweledGauntlet,GiantsBelt,,,,,,2.0,RedBuff,IonicSpark,,,,,,1.0,,,,,,,,,,,,2.0,NeedlesslyLargeRod,,,,,,,,,,,,,,,,,,,,,,,,,,,,,,,2.0,JeweledGauntlet,,,,,,,,,,,,,None,None,,,,,2.0,ZekesHerald,,,,,,,,,,,,,,,2.0,InfinityEdge,GuinsoosRageblade,RapidFireCannon,,,,,,,,,,,,
1,EUW1_5972102583,TFT7_Augment_ClutteredMind,TFT6_Augment_Diversify1,TFT6_Augment_Distancing2,1.0,,,2.0,,,1.0,0.0,,0.0,1.0,,0.0,0.0,0.0,,0.0,,,,,,,,0.0,,1.0,3.0,,,,,,,,,,,,,,,,,,,,,,,,,,,,,,,,,,,,,,,,,,,,,,,,,2.0,InfinityEdge,Quicksilver,GuinsoosRageblade,,,,,,,,,,,,,,,,,,,,,,,,,,,,,,,,,,,,,,,,,,,,,,,,,,,,,,,,,,,,,,,,,,,,,,,,,2.0,RedBuff,BrambleVest,GiantsBelt,2.0,ThiefsGloves,StatikkShiv,Deathblade,,,,,,,,,,,,,,,,,,,,,2.0,,,,,,,,,,,,,,,,,,,,,,,,2.0,,,,,,,,2.0,Bloodthirster,ZekesHerald,FrozenHeart,,,,,2.0,,,,,,None,None,,,,,,,,,,,,,,,,,,,,,,,,,2.0,,,,,,,,,,,
8,EUW1_5972102583,TFT6_Augment_CyberneticShell2,TFT6_Augment_SecondWind1,TFT7_Augment_GadgetExpert,,,,0.0,,,1.0,,0.0,,1.0,0.0,,1.0,,0.0,0.0,,,,0.0,1.0,1.0,,1.0,1.0,0.0,,,,,,,,,,1.0,MadredsBloodrazor,StatikkShiv,SpearOfShojin,,,,,,,,,,,,,,,,,,,,,,,,,,,,,,,,,,,,,,,,,,,,,,,,,,,,,,,,,1.0,,,,,,,,,,,,,,,,,,,,,,,,,,,,,,,,1.0,,,,,,,,,,,,,,,,,,,,,,,,,,,,,,,,,,,,1.0,,,,,,,,,,,,,,,,2.0,RedBuff,TitansResolve,,,,,,,,,,,,,,1.0,NegatronCloak,,,,,,,,,,,,,,,,,,,,,,,,,,,1.0,TrainerSnax,None,None,,,,,,,,,,,,,,,,,,,,,,,,,,,,,,,,,1.0,ArchangelsStaff,Bloodthirster,
6,EUW1_5972102583,TFT6_Augment_CyberneticImplants2,TFT6_Augment_ThrillOfTheHunt1,TFT6_Augment_CyberneticShell2,0.0,,,,1.0,,1.0,0.0,0.0,1.0,,,,,0.0,,,2.0,,,1.0,,,,,,0.0,1.0,,,,,,,,,,,,,,,,,,,,,,,,,,,,,1.0,InfinityEdge,MadredsBloodrazor,HextechGunblade,,,,,,,,,2.0,WarmogsArmor,ShimmerscaleHeartOfGold,,,,,,,,,,,,,,,,,,,,,,,,,,,,,,,,,,2.0,InfinityEdge,,,,,,,,,,,,,,,,,,,,,,,,,,,,,,,,,,,,,,,,,,,,,,,,,,,2.0,ThiefsGloves,RapidFireCannon,Bloodthirster,,,,,,,,,,,,,,,,,,,,,,,,,,,,,,,,,2.0,ThiefsGloves,ZekesHerald,Quicksilver,,,,,,,,,,,,,,,,,,,,,,,,,2.0,TitanicHydra,,,,,None,None,,,,,,,,,,,,,,,,,,,,,,,,,1.0,RedBuff,,,,,,,,,,
7,EUW1_5972102583,TFT7_Augment_TempestEyeOfTheStorm,TFT6_Augment_CelestialBlessing1,TFT6_Augment_JeweledLotus,,,,0.0,,,,2.0,0.0,,,1.0,1.0,,,,0.0,,,0.0,0.0,,,0.0,1.0,,,,,,,,1.0,,,,,,,,2.0,,,,,,,,,,,,,,,,,,,,,,,,,,,,,,,,,,,,,,,,,,,,,,,,,,,,,,,,,,,,,,,,,,,,2.0,,,,,,,,2.0,,,,,,,,,,,,,,,,,,,,,,,,,,,,,,,,,,,,1.0,RedBuff,,,,,,,,,,,,,,,,,,,,,,,2.0,Chalice,ArchangelsStaff,,,,,,,,,,,,,,,,,,,,,,2.0,,,,,,,,,,,,,,,,,,,,,,,,,,None,None,,,,,,,,,,,,,,,,,2.0,GuinsoosRageblade,Quicksilver,UnstableConcoction,,,,,,,,,,,,,,,,
3,EUW1_5972102583,TFT7_Augment_UrfsGrabBag1,TFT6_Augment_PandorasItems,TFT6_Augment_TargetDummies,0.0,1.0,,1.0,,,,,0.0,,2.0,,0.0,1.0,,1.0,,,,,0.0,1.0,,1.0,1.0,0.0,,,,,,,,,,,,,,,,,,,,,,,,,,,,,,,,,,,,,,,,,,,,,,,,,,,,,,,,,,,,,,,,,,,,,,,,,,,3.0,RedBuff,FrozenHeart,GargoyleStoneplate,,,,,,,,,,,,,,,,,,,,,,,,,2.0,,,,3.0,ArchangelsStaff,,,,,,,,,,,,,,,,,,,2.0,ForceOfNature,TitanicHydra,,,,,,2.0,,,,1.0,,,,,,,,,,,,,,,,,,,,,,,,,,,,,,,,,,,,,,,,,,,,,,,,,,,,,,,,,,,,,,None,None,,,,,2.0,ZekesHerald,,,3.0,GuinsoosRageblade,RunaansHurricane,Deathblade,,,,,,,,,,,,,,,,,,,,,1.0,,,
2,EUW1_5972102583,TFT7_Augment_GuildLoot,TFT6_Augment_LudensEcho1,TFT7_Augment_GuildEmblem,1.0,,1.0,,,1.0,1.0,,,,6.0,,,0.0,,0.0,0.0,,,,,,,0.0,2.0,,,,,,,,,,,,2.0,GuildEmblemItem,ArchangelsStaff,SpearOfShojin,,,,,,,,,1.0,SeraphsEmbrace,,,,,,,,,,,,,,,,,,,,,,,,,,,,,,,,,,,,,,,,,,,1.0,IonicSpark,WarmogsArmor,WarmogsArmor,,,,,,,,,,,,,,,,,,,,,,,,,,,,,,,,,,,,,,,,,,,,,,,,,,,,,,,,,,,,,,,,,2.0,,,,2.0,,,,2.0,RedBuff,WarmogsArmor,GargoyleStoneplate,,,,,,,,,,,,,,,,,,,,,,,,,,,,,,,,,,,,,,,,,2.0,MadredsBloodrazor,HextechGunblade,RedBuff,,,,,,,,,,,None,None,,,,,1.0,AssassinEmblemItem,,,,,,,,,,,,,,,,,,,,,,,,,,,,,,
5,EUW1_5971190602,TFT6_Augment_Meditation2,TFT6_Augment_LudensEcho3,TFT6_Augment_Diversify2,,2.0,,1.0,,,1.0,,1.0,,,,,1.0,,1.0,,,,,,,,,,1.0,,0.0,,,,,,,,,,,,,,,,,1.0,MadredsBloodrazor,JeweledGauntlet,SpearOfShojin,,,,,,,,,,,,,,,,,,,,,,,,,,,,,,,,,,,,,,,,,,,,,,,,,1.0,,,,1.0,,,,,,,,,,,,,,,,,,,,,,,,,,,,2.0,Chalice,,,2.0,,,,,,,,,,,,,,,,,,,,,,,,,,,,,,,,,,,,,,,,,,,,,,,,,,,,,,,,,,,,,,,,,,,,,,,,2.0,TitanicHydra,BrambleVest,TitanicHydra,,,,,,,,,,,,,,,,,3.0,TrainerSnax,None,None,,,,,,,,,,,,,2.0,,,,,,,,,,,,,,,,,,,,,,,
3,EUW1_5971190602,TFT7_Augment_UrfsGrabBag1,TFT6_Augment_VerdantVeil,TFT6_Augment_ComponentGrabBag,0.0,,1.0,,0.0,,1.0,,1.0,1.0,2.0,,,,,1.0,,1.0,,,1.0,,,,,0.0,,0.0,,,,,,,,,,,,,,,,,,,,,2.0,,,,,,,,2.0,GuinsoosRageblade,MadredsBloodrazor,TitansResolve,,,,,,,,,2.0,ShimmerscaleMogulsMail,RedBuff,GargoyleStoneplate,,,,,,,,,,,,,,,,,,,,,,,,,,,,,,,,,,,,,,,,,,,,,,,,,,,,,,,,,2.0,Zephyr,,,,,,,,,,,,,,,,,,,,,,,,,,,,,,,,,,,,,,,,,,,,,,,,,,,,,,,,,,,,,,,2.0,ArchangelsStaff,RecurveBow,,,,,,,,,,,,,,,,,,2.0,FrozenHeart,RunaansHurricane,InfinityEdge,,,,,2.0,ShimmerscaleEmblemItem,TitanicHydra,RedBuff,,,None,None,,,,,,,,,,,,,,,,,,,,,,,,,,,,,,,,,,,,
1,EUW1_5971190602,TFT7_Augment_TempestEmblem,TFT6_Augment_CelestialBlessing3,TFT7_Augment_CavalierEmblem,1.0,,,1.0,,2.0,,,,,3.0,,0.0,,,,1.0,,,,,,,1.0,1.0,,0.0,,,,,,,,,,,,,,,,,,,,,,,,,,,,,,,,,,,,,,,,,,,,,,,,,,,,,,,,,,,,,,,,,,2.0,WarmogsArmor,RedBuff,ArchangelsStaff,,,,,,,,,,,,,,,,,,,,,,,,,,,,,,,,,,,,,,,,,,,,,,,,,,,,,,,,,2.0,,,,,,,,1.0,RapidFireCannon,SpearOfShojin,,,,,,2.0,Spatula,,,,,,,,,,,2.0,LocketOfTheIronSolari,,,,,,,,,,,,,,,,,,,,,,,,,,,,,,,2.0,UnstableConcoction,CavalierEmblemItem,MadredsBloodrazor,,,,,,,,,,,None,None,,,,,2.0,TempestEmblemItem,,,,,,,,,,,,,,,2.0,Quicksilver,GuinsoosRageblade,Deathblade,,,,,,,,,,,,
8,EUW1_5971190602,TFT7_Augment_CannoneerEmblem,TFT6_Augment_HighEndShopping,TFT7_Augment_MikaelsGift,,,,,3.0,,1.0,,1.0,0.0,,,,,,0.0,,2.0,,,1.0,,,,,1.0,,,,,,,,,,,,,,,,,,,,,,,,,,,,,,,2.0,InfinityEdge,Bloodthirster,,,,,,,,,,2.0,ShimmerscaleMogulsMail,GargoyleStoneplate,BrambleVest,,,,,,,,,,,,,,,,,,,,,,,,,,,,,,,,,1.0,,,,,,,,,,,,,,,,,,,,,,,,1.0,LocketOfTheIronSolari,,,,,,,,,,,,,,,,,,,,,,,,,,,,,,,,,,,,,,,,,,,,,,,,,,,,,,,,,,,,,,,2.0,CannoneerEmblemItem,,,,,,,,,,,,,,,,,,,,,,,,,,,,,,,1.0,TrainerSnax,None,None,2.0,,,,,,,,,,,,,,,,,,,,,,,,,,,,,,,,,,,
2,EUW1_5971190602,TFT7_Augment_ShapeshifterBeastsDen,TFT7_Augment_TomeOfTraits2,TFT7_Augment_AssassinCutthroat,3.0,0.0,,0.0,,,,0.0,,,1.0,0.0,,0.0,,,0.0,,0.0,2.0,0.0,,,,0.0,,,1.0,,,,,,,,,,,,,,,,,,,,,,,,,,,,,,,,,2.0,RedBuff,FrozenHeart,,,,,,,,,,,,,,,,,,2.0,,,,,,,,,,,,,,,,,,,,,,,,,,,,,,,,1.0,,,,,,,,,,,,,,,,,,,,,,,,1.0,BruiserEmblemItem,BrambleVest,TitanicHydra,3.0,GuinsoosRageblade,RunaansHurricane,AssassinEmblemItem,,,,,,,,,,,,,1.0,UnstableConcoction,MageEmblemItem,,1.0,,,,,,,,,,,,,,,,,,,,,,,,,,,,,,,,,,,,,,,,2.0,ZekesHerald,,,,,,,,,,,1.0,Quicksilver,InfinityEdge,Bloodthirster,,,,,,,,,,,None,None,,,,,,,,,,,,,,,,,,,,,,,,,,,,,,,,,,,,
6,EUW1_5971190602,TFT6_Augment_CelestialBlessing2,TFT6_Augment_MakeshiftArmor3,TFT6_Augment_MakeshiftArmor2,1.0,,,1.0,,1.0,,,,,3.0,,0.0,,,,1.0,,,,,,,1.0,1.0,,0.0,,,,,,,,,,,,,,,,,,,,,,,,,,,,,,,,,,,,,,,,,,,,,,,,,,,,,,,,,,,,,,,,,,1.0,,,,,,,,,,,,,,,,,,,,,,,,,,,,,,,,,,,,,,,,,,,,,,,,,,,,,,,,,,,,2.0,TitansResolve,DragonsClaw,LastWhisper,,,,,2.0,,,,,,,,2.0,,,,,,,,,,,,2.0,,,,,,,,,,,,,,,,,,,,,,,,,,,,,,,,1.0,Shroud,,,,,,,,,,,,,None,None,,,,,1.0,,,,,,,,,,,,,,,,2.0,GuinsoosRageblade,Quicksilver,RunaansHurricane,,,,,,,,,,,,
7,EUW1_5971190602,TFT6_Augment_ClearMind,TFT7_Augment_UrfsGrabBag2,TFT7_Augment_TempestEmblem,0.0,,,1.0,,,1.0,,0.0,,,,0.0,1.0,,0.0,,,,,0.0,1.0,,,3.0,1.0,,0.0,,,,,,,,,1.0,JeweledGauntlet,MadredsBloodrazor,BFSword,,,,,,,,,,,,,,,,,,,,,,,,,,,,,,,,,,,,,,,,,,,,,,,,,,,,,,,,,1.0,,,,,,,,,,,,,,,,,,,,,,,,,,,,,,,,1.0,,,,,,,,,,,,,,,,,,,,,,,,1.0,,,,,,,,2.0,RunaansHurricane,,,,,,,,,,,,,,,,,,,,,,,,,,,,,,,,,,,,,,,,,,,2.0,TempestEmblemItem,RedBuff,WarmogsArmor,,,,,,,,,,,,,,,,,1.0,TrainerSnax,None,None,,,,,,,,,,,,,,,,,,,,,,,,,,,,,,,,,1.0,,,
4,EUW1_5971190602,TFT7_Augment_UrfsGrabBag1,TFT6_Augment_GrandGambler,TFT6_Augment_CyberneticShell2,,,1.0,,2.0,,1.0,0.0,0.0,1.0,1.0,0.0,,,0.0,1.0,,1.0,,,1.0,,1.0,,,1.0,0.0,,,,,,,,,,,,,,,,,,,,,,1.0,TearOfTheGoddess,,,,,,,1.0,GuinsoosRageblade,InfinityEdge,,,,,,,,,,2.0,ShimmerscaleMogulsMail,DragonsClaw,,,,,,,,,,,,,,,,,,,,,,,,,,,,,,,,,,1.0,,,,,,,,,,,,,,,,,,,,,,,,1.0,LocketOfTheIronSolari,,,,,,,,,,,,,,,,,,,,,,,,,,,,,,,,,,,,,,,,,,,,,,,,,,,,,,,,,,,,,,,,,,,1.0,StatikkShiv,,,,,,,,,,,,,,,,,,,,,,,,,,,2.0,TrainerSnax,None,None,2.0,MadredsBloodrazor,SpearOfShojin,InfinityEdge,,,,,,,,,,,,,,,,,,,,,1.0,GuardianEmblemItem,,,,,,,,,,
2,EUW1_5972041016,TFT6_Augment_LudensEcho1,TFT6_Augment_RichGetRicherPlus,TFT6_Augment_Ascension,,,1.0,1.0,,,1.0,0.0,,,2.0,0.0,0.0,1.0,0.0,0.0,,,,,0.0,1.0,1.0,,2.0,,0.0,0.0,,,,,,,,,2.0,SpearOfShojin,HextechGunblade,StatikkShiv,,,,,,,,,2.0,ZekesHerald,,,,,,,,,,,,,,,,,,,,,,,,,,,,,,,,,,,,,,,,,,,,,,,,,,,,,,,,,,,,,,,,,,,,,,,,,,,,,,,,,,,,,,,,,,,,,,,,,,,,,,,2.0,GargoyleStoneplate,WarmogsArmor,DragonsClaw,,,,,,,,,2.0,Shroud,,,,,,,,,,,,,,,,,,,,,,,,,,,,,,,2.0,,,,,,,,1.0,,,,,,,,,,,,,,,,,,,,,,None,None,,,,,,,,,,,,,,,,,,,,,,,,,2.0,SeraphsEmbrace,FrozenHeart,,,,,,2.0,Zephyr,,
3,EUW1_5972041016,TFT7_Augment_SwiftshotTrait,TFT7_Augment_BruiserEmblem,TFT7_Augment_BestFriends2,,1.0,,2.0,,,,,0.0,,1.0,,0.0,1.0,,1.0,,,,,0.0,1.0,,2.0,1.0,0.0,,0.0,,,,,,,,,,,,,,,,,,,,,,,,,,,,,,,,,,,,,,,,,,,,,,,,,,,,,,,,,2.0,,,,,,,,,,,,,,,,3.0,RedBuff,Redemption,DragonsClaw,,,,,,,,,,,,,,,,,,,,,,,,,1.0,,,,3.0,BruiserEmblemItem,ArchangelsStaff,HextechGunblade,,,,,,,,,,,,,,,,,1.0,,,,,,,,,,,,,,,,,,,,,,,,,,,,,,,,,,,,,,,,,,,,,,,,,,,,2.0,,,,,,,,,,,,,,,,,,,,,,None,None,,,,,2.0,,,,3.0,Deathblade,GuinsoosRageblade,Quicksilver,,,,,,,,,,,,,,,,,,,,,1.0,,,
4,EUW1_5972041016,TFT6_Augment_LudensEcho1,TFT7_Augment_FirstAidKit2,TFT6_Augment_SecondWind2,,0.0,1.0,1.0,,,,,0.0,,2.0,,,2.0,,2.0,,,,,0.0,1.0,,,,1.0,,0.0,,,,,,,,,,,,,,,,,,,,,2.0,,,,,,,,,,,,,,,,,,,,,,,,,,,,,,,,,,,,,,,,,,,,,,,,2.0,,,,2.0,TitanicHydra,Shroud,Morellonomicon,,,,,,,,,,,,,,,,,,,,,,,,,2.0,,,,3.0,StatikkShiv,,,,,,,,,,,,,,,,,,,,,,,,,,,,,,,2.0,ArchangelsStaff,SpearOfShojin,RabadonsDeathcap,,,,,,,,,,,,,,,,,,,,,,,,,,,,,,,,,,,,,2.0,SparringGloves,,,,,,,,,,,,,,,,,,,3.0,TrainerSnax,None,None,,,,,,,,,,,,,,,,,,,,,,,,,,,,,,,,,1.0,PowerGauntlet,,
5,EUW1_5972041016,TFT6_Augment_CyberneticImplants1,TFT6_Augment_Ascension,TFT6_Augment_CyberneticShell2,1.0,,,1.0,,1.0,,,,,3.0,,0.0,,,,1.0,,,,,,,1.0,1.0,,0.0,,,,,,,,,,,,,,,,,,,,,,,,,,,,,,,,,,,,,,,,,,,,,,,,,,,,,,,,,,,,,,,,,,2.0,DragonsClaw,,,,,,,,,,,,,,,,,,,,,,,,,,,,,,,,,,,,,,,,,,,,,,,,,,,,,,,,,,,2.0,GiantsBelt,,,,,,,2.0,TearOfTheGoddess,,,,,,,2.0,RedBuff,,,,,,,,,,,2.0,LocketOfTheIronSolari,,,,,,,,,,,,,,,,,,,,,,,,,,,,,,,2.0,StatikkShiv,FrozenHeart,,,,,,,,,,,,None,None,,,,,2.0,ZekesHerald,,,,,,,,,,,,,,,2.0,GuinsoosRageblade,MadredsBloodrazor,,,,,,,,,,,,,
8,EUW1_5972041016,TFT6_Augment_CyberneticShell1,TFT6_Augment_Diversify2,TFT6_Augment_Ascension,,,,2.0,,,1.0,,0.0,,,,0.0,0.0,,0.0,,0.0,,,,,,,0.0,1.0,,2.0,,,,,,,,,,,,,,,,,,,,,,,,,,,,,,,,,,,,,,,,,,,,,,,,,2.0,GuinsoosRageblade,InfinityEdge,,,,,,,,,,,,,,,,,,1.0,,,,,,,,,,,,,,,,,,,,,,,,,,,,,,,,2.0,ZekesHerald,ZekesHerald,,,,,,,,,,,,,,,,,,,,,,1.0,ChainVest,,,,,,,,,,,,,,,,,,,,,,,,,,,,,,,,,,,,,,,,,,,,,,,,,,,1.0,GiantsBelt,,,2.0,RedBuff,FrozenHeart,,,,,,,,,,,,,,2.0,TrainerSnax,None,None,,,,,,,,,,,,,,,,,,,,,,,,,,,,,,,,,,,,
1,EUW1_5972041016,TFT6_Augment_Electrocharge1,TFT6_Augment_TargetDummies,TFT6_Augment_CyberneticImplants2,2.0,,1.0,2.0,,,,,,,2.0,,0.0,0.0,,0.0,0.0,,1.0,,,,,,1.0,,1.0,0.0,,,,,,,,,,,,,,,,,,,,,1.0,RecurveBow,,,,,,,,,,,2.0,RabadonsDeathcap,FrozenHeart,IonicSpark,,,,,,,,,,,,,,,,,,,,,,,,,,,,,,,,,,,,,,,,,,,,,,,,,,,,,,,,,,,,,,,,,,,,,,,,,,,,,,,,,,,,,3.0,InfinityEdge,UnstableConcoction,AssassinEmblemItem,2.0,RedBuff,,,,,,,1.0,,,,,,,,,,,,,,,,,,,,2.0,,,,,,,,,,,,,,,,,,,,,,,,2.0,,,,,,,,3.0,IonicSpark,ZekesHerald,RunaansHurricane,,,,,,,,,,,None,None,,,,,,,,,,,,,,,,,,,,,,,,,,,,,,,,,,,,
6,EUW1_5972041016,TFT6_Augment_CyberneticImplants1,TFT6_Augment_Ascension,TFT7_Augment_AxiomArc2,,0.0,,1.0,,,1.0,,1.0,,,,0.0,1.0,,1.0,,0.0,,,,,,,2.0,1.0,,0.0,,,,,,,,,1.0,SpearOfShojin,ArchangelsStaff,HextechGunblade,,,,,,,,,,,,,,,,,,,,,,,,,,,,,,,,,,,,,,,,,,,,,,,,,,,,,,,,,2.0,,,,,,,,,,,,,,,,,,,,,,,,,,,,,,,,2.0,,,,2.0,,,,,,,,,,,,,,,,,,,,2.0,WarmogsArmor,Bloodthirster,,,,,,,,,,,,,,,,,,,,,,,,,,,,,,,,,,,,,,1.0,,,,,,,,,,,,2.0,WarmogsArmor,NeedlesslyLargeRod,RabadonsDeathcap,,,,,,,,,,,,,,,,,1.0,TrainerSnax,None,None,,,,,,,,,,,,,,,,,,,,,,,,,,,,,,,,,,,,
7,EUW1_5972041016,TFT6_Augment_ItemGrabBag1,TFT7_Augment_DragonHorde,TFT6_Augment_Ascension,,,,,,,2.0,0.0,,0.0,,1.0,,,2.0,0.0,,,,,1.0,,,,,,0.0,,,,,,,,,,,,,,,,,,,,,,,,,,,,,,,,,,,,,,2.0,GuinsoosRageblade,MadredsBloodrazor,ShimmerscaleGamblersBlade,1.0,GargoyleStoneplate,DragonsClaw,RedBuff,2.0,InfinityEdge,,,,,,,,,,,,,,,,,,,,,,,,,,,,,,,,,,,,,,,,,,,,,,,,,,,,,,,,,,,,,,,,,,,,,,,,,,,,,,,,,,,,,,,,,,,,,,,,,,,,,,,,,,,,,,,,,,,,,,,,,,,,,,,,,,,,,,,,,,,,,,,,,,,,,,,,,None,None,,,,,,,,,,,,,,,,,,,,,,,,,1.0,FrozenHeart,SpearOfShojin,,,,,,,,,
3,EUW1_5971886770,TFT6_Augment_LudensEcho3,TFT7_Augment_GadgetExpert,TFT7_Augment_DragonAlliance,,0.0,1.0,1.0,,,,,1.0,,2.0,,,2.0,,2.0,,0.0,,,0.0,1.0,,,,1.0,,0.0,,,,,,,,,,,,,,,,,,,,,1.0,MageEmblemItem,,,,,,,,,,,,,,,,,,,,,,,,,,,,,,,,,,,,,,,,,,,,,,,2.0,,,,3.0,BrambleVest,FrozenHeart,,,,,,,,,,,,,,,,,,,,,,,,,,1.0,,,,3.0,StatikkShiv,SpearOfShojin,RapidFireCannon,,,,,,,,,,,,,,,,,,,,,,,,,,,,,2.0,,,,,,,,,,,,,,,,,,,,,,,,,,,,2.0,ThiefsGloves,Redemption,LastWhisper,,,,,,,,,2.0,IonicSpark,GargoyleStoneplate,IonicSpark,,,,,,,,,,,,,,,,,3.0,TrainerSnax,None,None,,,,,,,,,,,,,,,,,,,,,,,,,,,,,,,,,1.0,SpearOfShojin,,
5,EUW1_5971886770,TFT6_Augment_TriForce3,TFT6_Augment_Twins2,TFT7_Augment_BruiserEmblem,,1.0,,2.0,,,,,,,1.0,,0.0,1.0,,0.0,,,,,,,,1.0,0.0,,,0.0,,,,,,,,,,,,,,,,,,,,,,,,,,,,,,,,,,,,,,,,,,,,,,,,,,,,,,,,,,,,,,,,,,,,,,,,,2.0,MageEmblemItem,RedBuff,Redemption,,,,,,,,,,,,,,,,,,,,,,,,,,,,,2.0,,,,,,,,,,,,,,,,,,,,1.0,,,,,,,,,,,,,,,,,,,,,,,,,,,,,,,,,,,,,,,,,,,,,,,,,,,,2.0,,,,,,,,,,,,,,,,,,,,,,None,None,,,,,2.0,,,,2.0,BruiserEmblemItem,GuinsoosRageblade,UnstableConcoction,,,,,,,,,,,,,,,,,,,,,,,,
6,EUW1_5971886770,TFT7_Augment_WhispersEmblem2,TFT6_Augment_PortableForge,TFT7_Augment_PandorasBench,1.0,,1.0,2.0,,,1.0,,,,2.0,,,0.0,,0.0,0.0,,0.0,,,,,,,,1.0,3.0,,,,,,,,,,,,,,,,,,,,,1.0,,,,,,,,,,,,,,,,,,,,,,,,,,,,2.0,TitansResolve,Bloodthirster,InfinityEdge,,,,,,,,,,,,,,,,,,,,,,,,,,,,,,,,,,,,,,,,,,,,,,,,,,,,,,,,,,,,,,,,,,,,,2.0,OrnnRocketPropelledFist,ZekesHerald,,,,,,1.0,Morellonomicon,ArchangelsStaff,,,,,,,,,,,,,,,,,,,,,,2.0,RedBuff,Redemption,,,,,,,,,,,,,,,,,,,,,,2.0,,,,,,,,1.0,WhispersEmblemItem,LastWhisper,,,,,,,,,,,,None,None,,,,,,,,,,,,,,,,,,,,,,,,,,,,,,,,,,,,
4,EUW1_5971886770,TFT6_Augment_RadiantRelics,TFT6_Augment_TomeOfTraits1,TFT6_Augment_JeweledLotus,,,,1.0,1.0,,1.0,,1.0,,,,0.0,,1.0,0.0,,3.0,,,,,,,0.0,1.0,,,,,,,,,,,,,,,,,,,,,,,,,,,,,,,2.0,HextechGunblade,MadredsBloodrazor,RunaansHurricane,,,,,2.0,RevelEmblemItem,GuinsoosRageblade,Quicksilver,,,,,,,,,,,,,,,,,,,,,,,,,,,,,,,,,,,,,,,,,,,,,,,,,,,,,,,,,,,,,2.0,,,,,,,,,,,,,,,,,,,,,,,,2.0,UnstableConcoction,Redemption,WarmogsArmorRadiant,,,,,,,,,,,,,,,,,,,,,,,,,,,,,,,,,,,,,2.0,StatikkShiv,,,,,,,,,,,,,,,2.0,GargoyleStoneplate,Shroud,,,,,,,,,,,,,,4.0,TrainerSnax,None,None,2.0,,,,,,,,,,,,,,,,,,,,,,,,,,,,,,,,,,,
1,EUW1_5971886770,TFT7_Augment_UrfsGrabBag2,TFT6_Augment_CelestialBlessing2,TFT7_Augment_AssassinEmblem,3.0,0.0,,2.0,,,,0.0,,,1.0,,0.0,,0.0,,0.0,,1.0,,,,,,1.0,,1.0,0.0,,,,,,,,,,,,,,,,,,,,,,,,,,,,,,,,,3.0,FrozenHeart,IonicSpark,InfinityEdge,,,,,,,,,,,,,,,,,,,,,,,,,,,,,,,,,,,,,1.0,,,,,,,,,,,,,,,,,,,,,,,,,,,,,,,,,,,,,,,,,,,,,,,,3.0,InfinityEdge,RunaansHurricane,AssassinEmblemItem,2.0,,,,1.0,MadredsBloodrazor,HextechGunblade,,2.0,FrozenHeart,,,,,,,,,,,,,,,,,,,2.0,,,,,,,,,,,,,,,,,,,,,,,,,,,,,,,,2.0,Deathblade,MadredsBloodrazor,RunaansHurricane,,,,,,,,,,,None,None,,,,,,,,,,,,,,,,,,,,,,,,,1.0,FrozenHeart,AssassinEmblemItem,Morellonomicon,,,,,,,,
7,EUW1_5971886770,TFT6_Augment_Distancing3,TFT7_Augment_LastStand,TFT7_Augment_PandorasBench,1.0,,,0.0,1.0,,,,1.0,,1.0,,0.0,0.0,,0.0,,2.0,,,,,,,1.0,1.0,,,,,,,,,,,,,,,,,,,,,,,,,,,,,,,1.0,LastWhisper,GuinsoosRageblade,,,,,,,,,,,,,,,,,,,,,,,,,,,,,,,,,,,,,,2.0,,,,,,,,1.0,,,,,,,,,,,,,,,,,,,,,,,,2.0,,,,,,,,,,,,,,,,,,,,,,,,2.0,RedBuff,GiantsBelt,,,,,,2.0,,,,,,,,,,,,,,,,,,,,,,,,,,,,,,,,2.0,,,,,,,,,,,,,,,,,,,,2.0,FrozenHeart,,,,,,,,,,,1.0,TrainerSnax,None,None,,,,,,,,,,,,,,,,,,,,,,,,,,,,,,,,,,,,
2,EUW1_5971886770,TFT7_Augment_ShapeshifterTrait2,TFT7_Augment_LastStand,TFT6_Augment_ThrillOfTheHunt2,0.0,,,1.0,,,1.0,,,,,1.0,,0.0,,,,,,2.0,,,1.0,,,,,3.0,,,,,,,,,,,,,,,,,,,,,,,,,,,,,,,,,,,,,,,,,,,,,,,,,2.0,RapidFireCannon,MadredsBloodrazor,GuinsoosRageblade,3.0,GuinsoosRageblade,HextechGunblade,Quicksilver,,,,,2.0,,,,,,,,,,,,,,,,,,,,,,,,,,,,,,,,,,,,,,,,,,,,,,,,2.0,DragonsClaw,RedBuff,Redemption,,,,,,,,,,,,,,,,,1.0,IonicSpark,Chalice,TitansResolve,,,,,,,,,,,,,,,,,,,,,,,,,,,,,,,,,,,,,1.0,NeedlesslyLargeRod,,,,,,,2.0,,,,,,,,,,,,,,,,,,,,,,None,None,,,,,,,,,,,,,,,,,,,,,,,,,,,,,,,,,,,,
8,EUW1_5971886770,TFT7_Augment_SwiftshotEmblem2,TFT7_Augment_Preparation2,TFT6_Augment_ComponentGrabBag,,1.0,,2.0,,,,,,,1.0,,,0.0,,,0.0,,,,,,,1.0,,,0.0,1.0,,,,,,,,,,,,,,,,,,,,,,,,,,,,,,,,,,,,,,,,,,,,,,,,,,,,,,,,,,,,,,,,,,,,,,,,,2.0,NegatronCloak,Redemption,,,,,,,,,,,,,,,,,,,,,,,,,,,,,,,,,,,,,,,,,,,,,,,,,,,,,,,,,,,,,,,,,,,,,,,,,,,,,,2.0,ThiefsGloves,NeedlesslyLargeRod,WarmogsArmor,,,,,2.0,SwiftshotEmblemItem,,,,,,,,,,,,,,,1.0,ThiefsGloves,RecurveBow,TitanicHydra,,,,,,,,,,,,,,,,,,,None,None,,,,,2.0,WhispersEmblemItem,,,2.0,GuinsoosRageblade,Deathblade,MadredsBloodrazor,,,,,,,,,,,,,,,,,,,,,,,,
3,EUW1_5971319723,TFT6_Augment_Meditation2,TFT6_Augment_LudensEcho1,TFT6_Augment_Ascension,,0.0,1.0,1.0,,,1.0,,0.0,,1.0,,0.0,1.0,,2.0,,,,,0.0,1.0,,,2.0,1.0,,,,,,,,,,,1.0,Quicksilver,SpearOfShojin,HextechGunblade,,,,,,,,,2.0,,,,,,,,,,,,,,,,,,,,,,,,,,,,,,,,,,,,,,,,,,,,,,,,2.0,,,,2.0,RedBuff,,,,,,,,,,,,,,,,,,,,,,,,,,,2.0,,,,3.0,StatikkShiv,MadredsBloodrazor,InfinityEdge,,,,,,,,,,,,,,,,,2.0,RedBuff,TitansResolve,,,,,,,,,,,,,,,,,,,,,,,,,,,,,,,,,,,,,,,,,,,,,,,,,,,,,,,,,,,,,,,,,,,,,,3.0,TrainerSnax,None,None,,,,,,,,,,,,,,,,,,,,,,,,,,,,,,,,,1.0,,,
8,EUW1_5971319723,TFT7_Augment_CannoneerRicochet,TFT6_Augment_PandorasItems,TFT6_Augment_Ascension,,,,,1.0,,1.0,,1.0,1.0,,,,,,0.0,,1.0,,,1.0,,,,,1.0,,0.0,,,,,,,,,,,,,,,,,,,,,,,,,,,,,1.0,LastWhisper,UnstableConcoction,InfinityEdge,,,,,,,,,2.0,ShimmerscaleDeterminedInvestor,RedBuff,ChainVest,,,,,,,,,,,,,,,,,,,,,,,,,,,,,,,,,,,,,,,,,,,,,,,,,,,,,,,,,2.0,,,,,,,,,,,,,,,,,,,,,,,,,,,,,,,,,,,,,,,,,,,,,,,,,,,,,,,,,,,,,,,,1.0,,,,,,,,,,,,,,,,,,,,,,,,,,,,1.0,,,,2.0,TrainerSnax,None,None,1.0,,,,,,,,,,,,,,,,,,,,,,,,,,,,,,,,,,,
6,EUW1_5971319723,TFT6_Augment_Meditation2,TFT6_Augment_ItemGrabBag1,TFT6_Augment_JeweledLotus,,,1.0,,,1.0,1.0,0.0,,,1.0,,,,3.0,0.0,0.0,,,,,,,,,,1.0,,,,,,,,,,,,,,,,,,,,,,1.0,,,,,,,,,,,,,,,,2.0,JeweledGauntlet,StatikkShiv,JeweledGauntlet,,,,,,,,,,,,,,,,,,,,,,,,,1.0,,,,,,,,,,,,,,,,,,,,,,,,,,,,,,,,,,,,,,,,,,,,,,,,,,,,2.0,IonicSpark,RedBuff,,,,,,,,,,,,,,,,,,,,,,,,,,,,,,,,,,,,,,,,,,,,,,,,,,,,,,,,,,,,,,,,,,,,,,,,,,,,,,,,None,None,,,,,,,,,,,,,,,,,,,,,,,,,1.0,,,,2.0,,,,,,,
2,EUW1_5971319723,TFT7_Augment_GuildEmblem,TFT6_Augment_ItemGrabBag1,TFT6_Augment_SecondWind2,1.0,,1.0,1.0,,0.0,,,,,6.0,,0.0,0.0,,0.0,1.0,,,,,,,1.0,0.0,,0.0,0.0,,,,,,,,,,,,,,,,,,,,,1.0,,,,,,,,,,,,,,,,,,,,,,,,,,,,,,,,,,,,,,,,,,,,2.0,BrambleVest,GargoyleStoneplate,RedBuff,,,,,,,,,,,,,,,,,,,,,,,,,,,,,,,,,,,,,,,,,,,,,,,,,,,,,,,,,2.0,,,,1.0,GuildEmblemItem,RabadonsDeathcap,JeweledGauntlet,,,,,2.0,,,,,,,,,,,,,,,,2.0,,,,,,,,,,,,,,,,,,,,,,,,,,,,,,,,2.0,UnstableConcoction,ZekesHerald,InfinityEdge,,,,,,,,,,,None,None,,,,,2.0,,,,,,,,,,,,,,,,2.0,Quicksilver,GuildEmblemItem,GuinsoosRageblade,,,,,,,,,,,,
5,EUW1_5971319723,TFT7_Augment_CavalierDevastatingCharge,TFT7_Augment_BandOfThieves1,TFT7_Augment_UrfsGrabBag1,,,,,,4.0,1.0,0.0,,,1.0,,,0.0,3.0,,0.0,,0.0,,,,,,,,1.0,,,,,,,,,,,,,,,,,,,,,,,,,,,,,,,,,,,,,,2.0,Quicksilver,ArchangelsStaff,GuinsoosRageblade,,,,,,,,,,,,,,,,,,,,,,,,,2.0,ThiefsGloves,Zephyr,GuardianAngel,,,,,,,,,,,,,,,,,,,,,,,,,,,,,2.0,ThiefsGloves,GuinsoosRageblade,Quicksilver,,,,,,,,,,,,,,,,,2.0,DragonsClaw,GargoyleStoneplate,,,,,,,,,,,,,,,,,,,,,,2.0,,,,,,,,,,,,,,,,,,,,,,,,,,,,,,,,,,,,,,,,,,,,,,,,,,,,,,,,,,None,None,,,,,,,,,,,,,,,,,,,,,,,,,1.0,FrozenHeart,CavalierEmblemItem,RabadonsDeathcap,1.0,,,,,,,
4,EUW1_5971319723,TFT7_Augment_MageEmblem,TFT7_Augment_BestFriends1,TFT6_Augment_ComponentGrabBag,0.0,1.0,,1.0,,,,,0.0,,2.0,,,1.0,,1.0,,,,,,,,1.0,,0.0,,0.0,,,,,,,,,,,,,,,,,,,,,,,,,,,,,,,,,,,,,,,,,,,,,,,,,,,,,,,,,,,,,,,,,,,,,,,,,2.0,MageEmblemItem,RedBuff,Shroud,,,,,,,,,,,,,,,,,,,,,,,,,2.0,,,,2.0,RecurveBow,,,,,,,,,,,,,,,,,,,,,,,,,,,,,,,,,,,,,,,,,,,,,,,,,,,,,,,,,,,,,,,,,,,,,,,2.0,ThiefsGloves,RedBuff,GargoyleStoneplate,,,,,1.0,RedBuff,,,,,,,,,,,,,None,None,,,,,2.0,PowerGauntlet,Chalice,,3.0,RunaansHurricane,InfinityEdge,GuinsoosRageblade,,,,,,,,,,,,,,,,,,,,,,,,
7,EUW1_5971319723,TFT7_Augment_ClutteredMind,TFT7_Augment_BestFriends1,TFT7_Augment_SwiftshotPressTheAttack,,,,1.0,,1.0,1.0,,,,2.0,,0.0,,,,2.0,,,0.0,,,,1.0,0.0,,0.0,,,,,,,,,,,,,,,,,,,,,,,,,,,,,,,,,,,,,,,,,,,,,,,,,,,,,,,,,,,,,,,,,,2.0,,,,,,,,,,,,,,,,,,,,,,,,,,,,,,,,,,,,,,,,,,,,,,,,,,,,,,,,,,,,1.0,,,,,,,,,,,,,,,,2.0,,,,,,,,,,,,2.0,Zephyr,,,1.0,,,,,,,,,,,,,,,,,,,,,,,,,,,,,,,,,,,,,,,,,,None,None,,,,,1.0,,,,,,,,,,,,,,,,1.0,MadredsBloodrazor,GuinsoosRageblade,Quicksilver,,,,,,,,,,,,
1,EUW1_5971319723,TFT6_Augment_PortableForge,TFT6_Augment_CelestialBlessing1,TFT6_Augment_SunfireBoard,1.0,1.0,1.0,1.0,,,,,,,3.0,,0.0,0.0,,1.0,,,,,0.0,1.0,,1.0,1.0,,,,,,,,,,,,,,,,,,,,,,,,1.0,Shroud,,,,,,,,,,,,,,,,,,,,,,,,,,,,,,,,,,,,,,,,,,,,,,,,,,,3.0,WarmogsArmor,FrozenHeart,OrnnEternalWinter,,,,,,,,,,,,,,,,,,,,,,,,,,,,,3.0,ArchangelsStaff,GuinsoosRageblade,,,,,,,,,,,,,,,,,,2.0,GargoyleStoneplate,,,,,,,2.0,FrozenHeart,,,,,,,,,,,,,,,,,,,,,,,,,,,,,,,,,,,,,,,,,,,,,,,,,,,2.0,ThiefsGloves,GuinsoosRageblade,Quicksilver,,,,,,,,,,,None,None,,,,,1.0,,,,3.0,RunaansHurricane,GuinsoosRageblade,Deathblade,,,,,,,,,,,,,,,,,,,,,1.0,,,
3,EUW1_5971026739,TFT6_Augment_TrueTwos,TFT7_Augment_LategameSpecialist,TFT7_Augment_DragonAlliance,,1.0,1.0,0.0,,,2.0,,1.0,0.0,1.0,0.0,,,,1.0,,,,,1.0,,1.0,,,0.0,,1.0,,,,,,,,,,,,,,,,,2.0,RabadonsDeathcap,ShimmerscaleGoldmancersStaff,JeweledGauntlet,1.0,,,,,,,,,,,,,,,,,,,,2.0,DragonsClaw,GargoyleStoneplate,WarmogsArmor,,,,,2.0,InfinityEdge,RedBuff,UnstableConcoction,,,,,,,,,,,,,,,,,,,,,,,,,,,,,,,,,,,,,,,,,,,,,,,,,2.0,,,,,,,,,,,,,,,,,,,,,,,,,,,,,,,,,,,,,,,,,,,,,,,,,,,,,,,,,,,,,,,,,,,,2.0,JeweledGauntlet,,,,,,,,,,,,,,,,,,,,,,,,,,,,,None,None,,,,,,,,,,,,,,,,,,,,,,,,,,,,,,,,,,,,
4,EUW1_5971026739,TFT6_Augment_Electrocharge2,TFT6_Augment_ItemGrabBag1,TFT6_Augment_CyberneticImplants2,0.0,,1.0,1.0,1.0,,,,0.0,,2.0,,0.0,0.0,,0.0,,3.0,,,0.0,1.0,,,0.0,,,,,,,,,,,,,,,,,,,,,,,,1.0,,,,,,,,2.0,UnstableConcoction,GuinsoosRageblade,InfinityEdge,,,,,,,,,,,,,,,,,,,,,,,,,,,,,,,,,,,,,,,,,,,,,2.0,ZekesHerald,PowerGauntlet,,,,,,,,,,,,,,,,,,,,,,,,,,,,,,,,,,,,,,,,,,,,,,2.0,TitanicHydra,RedBuff,GargoyleStoneplate,,,,,,,,,,,,,,,,,,,,,,,,,,,,,,,,,,,,,2.0,,,,,,,,,,,,,,,,1.0,,,,2.0,RunaansHurricane,FrozenHeart,,,,,,,,,,,,None,None,,,,,,,,,,,,,,,,,,,,,,,,,,,,,,,,,2.0,TearOfTheGoddess,Zephyr,
5,EUW1_5971026739,TFT6_Augment_CelestialBlessing2,TFT6_Augment_Electrocharge1,TFT6_Augment_PortableForge,,,1.0,,1.0,,1.0,,1.0,1.0,1.0,,,,,1.0,,1.0,,,1.0,,,,,1.0,,0.0,,,,,,,,,,,,,,,,,,,,,1.0,LocketOfTheIronSolari,,,,,,,2.0,MadredsBloodrazor,LastWhisper,GuinsoosRageblade,,,,,,,,,1.0,WarmogsArmor,DragonsClaw,OrnnEternalWinter,,,,,,,,,,,,,,,,,,,,,,,,,,,,,,,,,,,,,,,,,,,,,,,,,,,,,,,,,2.0,,,,,,,,,,,,,,,,,,,,,,,,,,,,,,,,,,,,,,,,,,,,,,,,,,,,,,,,,,,,,,,,2.0,ShimmerscaleGoldmancersStaff,TearOfTheGoddess,,,,,,,,,,,,,,,,,,,,,,,,,,2.0,,,,3.0,TrainerSnax,None,None,2.0,Shroud,,,,,,,,,,,,,,,,,,,,,,,,,,,,,,,,,,
8,EUW1_5971026739,TFT7_Augment_MikaelsGift,TFT6_Augment_ThrillOfTheHunt1,TFT6_Augment_PortableForge,,,,0.0,,,,2.0,,,,0.0,0.0,,,,1.0,,,0.0,0.0,,,0.0,0.0,,0.0,,,,,,,,,,,,,,2.0,,,,,,,,,,,,,,,,,,,,,,,,,,,,,,,,,,,,,,,,,,,,,,,,,,,,,,,,,,,,,,,,,,,,2.0,,,,,,,,2.0,,,,,,,,,,,,,,,,,,,,,,,,,,,,,,,,,,,,,,,,,,,,,,,,,,,,,,,,,,,,2.0,,,,2.0,OrnnRocketPropelledFist,,,,,,,,,,,,,,,,,,,2.0,GuinsoosRageblade,StatikkShiv,MadredsBloodrazor,,,,,,,,,,,,,,,,,,,,,,,None,None,,,,,,,,,,,,,,,,,2.0,LocketOfTheIronSolari,,,,,,,,,,,,,,,,,,
6,EUW1_5971026739,TFT6_Augment_CyberneticImplants2,TFT6_Augment_PandorasItems,TFT7_Augment_DragonHorde,0.0,,1.0,1.0,,,2.0,,,1.0,1.0,,0.0,,,0.0,,,,,1.0,,,,0.0,,,2.0,,,,,,,,,,,,,,,,,,,,,2.0,,,,,,,,,,,,,,,,,,,,1.0,RedBuff,BrambleVest,,,,,,1.0,Quicksilver,InfinityEdge,Bloodthirster,,,,,,,,,,,,,,,,,,,,,,,,,,,,,,,,,,,,,,,,,,,,,,,,,,,,,,,,,,,,,,,,,,,,,,,,,2.0,,,,1.0,FrozenHeart,Morellonomicon,ShimmerscaleGoldmancersStaff,,,,,,,,,,,,,,,,,,,,,,,,,,,,,,,,,,,,,,,,,,,,,,,,,,,,,,,,,,,,,2.0,,,,,,None,None,,,,,,,,,,,,,,,,,,,,,,,,,,,,,,,,,,,,
1,EUW1_5971026739,TFT7_Augment_AssassinEmblem,TFT6_Augment_Electrocharge1,TFT6_Augment_Ascension,2.0,0.0,,2.0,,,1.0,,,,1.0,,0.0,,,,0.0,,,,,,,,1.0,,0.0,2.0,,,,,,,,,,,,,,,,,,,,,,,,,,,,,,,,,,,,,,,,,,,,,,,,,2.0,AssassinEmblemItem,InfinityEdge,Bloodthirster,,,,,,,,,,,,,,,,,,,,,2.0,DragonsClaw,ZekesHerald,,,,,,,,,,,,,,,,,,,,,,,,,,,,,,,,,,,,,,,,,,,,,,,,,,2.0,,,,1.0,LastWhisper,DragonsClaw,,2.0,,,,,,,,,,,,,,,,,,,,2.0,,,,,,,,,,,,,,,,,,,,,,,,,,,,,,,,2.0,FrozenHeart,RabadonsDeathcap,RedBuff,,,,,,,,,,,None,None,,,,,,,,,,,,,,,,,,,,,,,,,,,,,,,,,,,,
2,EUW1_5971026739,TFT6_Augment_ClearMind,TFT6_Augment_Meditation1,TFT6_Augment_SunfireBoard,,0.0,,1.0,,,,,1.0,,1.0,,,2.0,,1.0,,0.0,,,0.0,1.0,,,,1.0,,0.0,,,,,,,,,,,,,,,,,,,,,,,,,,,,,,,,,,,,,,,,,,,,,,,,,,,,,,,,,,,,,,,,,,,,,2.0,,,,3.0,GargoyleStoneplate,,,,,,,,,,,,,,,,,,,,,,,,,,,2.0,Chalice,PowerGauntlet,Chalice,3.0,,,,,,,,,,,,,,,,,,,,,,,,,,,,,,,,3.0,SpearOfShojin,ArchangelsStaff,HextechGunblade,,,,,,,,,,,,,,,,,,,,,,,,,1.0,,,,,,,,,,,,2.0,WarmogsArmor,DragonsClaw,TitansResolve,,,,,,,,,,,,,,,,,4.0,TrainerSnax,None,None,,,,,,,,,,,,,,,,,,,,,,,,,,,,,,,,,1.0,,,
7,EUW1_5971026739,TFT6_Augment_JeweledLotus,TFT6_Augment_PandorasItems,TFT6_Augment_BlueBattery2,,0.0,,1.0,,0.0,,,0.0,,1.0,,,2.0,,1.0,,,0.0,,,,,,,1.0,,0.0,,,,,,,,,,,,,,,,,,,,,,,,,,,,,,,,,,,,,,,,,,,,,,,,,,,,,,,,,,,,,,,,,,,,,2.0,,,,2.0,SparringGloves,,,,,,,,,,,,,,,,,,,,,,,1.0,,,,1.0,,,,3.0,Chalice,MadredsBloodrazor,,,,,,,,,,,,,,,,,,,,,,,,,,,,,,2.0,SpearOfShojin,UnstableConcoction,ArchangelsStaff,,,,,,,,,,,,,,,,,,,,,,,,,,,,,,,,,,,,,2.0,GargoyleStoneplate,RedBuff,,,,,,,,,,,,,,,,,,3.0,TrainerSnax,None,None,,,,,,,,,,,,,,,,,,,,,,,,,,,,,,,,,,,,
1,EUW1_5971134924,TFT6_Augment_CyberneticShell2,TFT6_Augment_CyberneticUplink3,TFT6_Augment_CyberneticImplants2,,,1.0,1.0,,,1.0,,1.0,,1.0,,0.0,1.0,,1.0,,0.0,,,0.0,1.0,,,2.0,1.0,,0.0,,,,,,,,,2.0,InfinityEdge,JeweledGauntlet,HextechGunblade,,,,,,,,,1.0,ZekesHerald,Chalice,,,,,,,,,,,,,,,,,,,,,,,,,,,,,,,,,,,,,,,,,,,,,,2.0,StatikkShiv,,,,,,,,,,,,,,,,,,,,,,,,,,,,,,,2.0,SpearOfShojin,,,,,,,,,,,,,,,,,,,,,,,1.0,RedBuff,,,,,,,,,,,,,,,,,,,,,,,,,,,,,,,,,,,,,,,2.0,GiantsBelt,Deathblade,,,,,,,,,,2.0,GargoyleStoneplate,,,,,,,,,,,,,,,,,,,4.0,TrainerSnax,None,None,,,,,,,,,,,,,,,,,,,,,,,,,,,,,,,,,2.0,StatikkShiv,NeedlesslyLargeRod,
5,EUW1_5971134924,TFT7_Augment_GuildEmblem,TFT7_Augment_BestFriends3,TFT7_Augment_BestFriends2,,1.0,,2.0,,0.0,,,,,3.0,,0.0,,,,0.0,,,,,,,2.0,1.0,,0.0,,,,,,,,,,,,,,,,,,,,,,,,,,,,,,,,,,,,,,,,,,,,,,,,,,,,,,,,,,1.0,,,,,,,,,,,,,,,,3.0,GargoyleStoneplate,Zephyr,RedBuff,,,,,,,,,,,,,,,,,,,,,,,,,,,,,,,,,,,,,,,,,,,,,,,,,1.0,,,,,,,,,,,,,,,,2.0,,,,,,,,,,,,2.0,,,,,,,,2.0,,,,,,,,,,,,,,,,,,,,,,,,,,,,,,,,,,,,,,None,None,,,,,2.0,PowerGauntlet,Chalice,MadredsBloodrazor,3.0,MadredsBloodrazor,GuildEmblemItem,UnstableConcoction,,,,,,,,,1.0,MadredsBloodrazor,GuinsoosRageblade,MadredsBloodrazor,,,,,,,,,,,,
4,EUW1_5971134924,TFT7_Augment_GuildEmblem,TFT6_Augment_ItemGrabBag2,TFT7_Augment_BestFriends2,1.0,,1.0,1.0,,0.0,1.0,,,,5.0,,0.0,,,0.0,,,,,,,,0.0,1.0,,,1.0,,,,,,,,,,,,,,,,,,,,,1.0,RabadonsDeathcap,,,,,,,,,,,,,,,,,,,,,,,,,,,2.0,MadredsBloodrazor,GuildEmblemItem,UnstableConcoction,,,,,,,,,,,,,,,,,,,,,,,,,,,,,,,,,,,,,,,,,,,,,,,,,,,,,,,,,,,,,,,,,,,,,,,,,2.0,RabadonsDeathcap,RabadonsDeathcap,Chalice,,,,,2.0,FrozenHeart,RedBuff,,,,,,2.0,BFSword,TitanicHydra,FrozenHeart,,,,,,,,,,,,,,,,,,,,,,,,,,,,,,,,,,,,,,,,,2.0,RunaansHurricane,MadredsBloodrazor,Deathblade,,,,,,,,,,,None,None,,,,,2.0,ZekesHerald,,,,,,,,,,,,,,,,,,,,,,,,,,,,,,
6,EUW1_5971134924,TFT7_Augment_SwiftshotPressTheAttack,TFT6_Augment_RadiantRelics,TFT6_Augment_SecondWind2,,0.0,,2.0,,,1.0,,,,,,0.0,0.0,,,,,,,,,,1.0,1.0,,,2.0,,,,,,,,,,,,,,,,,,,,,,,,,,,,,,,,,,,,,,,,,,,,,,,,,1.0,,,,,,,,2.0,GuinsoosRageblade,MadredsBloodrazor,,,,,,,,,,,,,,2.0,IonicSpark,WarmogsArmor,Redemption,,,,,,,,,,,,,,,,,,,,,,,,,,,,,,,,,,,,,,,,,,,,,,,,,1.0,,,,,,,,,,,,,,,,,,,,,,,,,,,,,,,,,,,,,,,,,,,,,,,,,,,,1.0,,,,,,,,,,,,,,,,,,,,,,None,None,,,,,,,,,3.0,DeathbladeRadiant,UnstableConcoction,GuinsoosRageblade,,,,,,,,,,,,,,,,,,,,,,,,
7,EUW1_5971134924,TFT7_Augment_UrfsGrabBag1,TFT7_Augment_UrfsGrabBag2,TFT6_Augment_CyberneticImplants2,1.0,,,0.0,,4.0,1.0,,,,2.0,,0.0,,2.0,,0.0,,,,,,,,1.0,,,,,,,,,,,,,,,,,,,,,,,,,,,,,,,,,,,,,,,,1.0,UnstableConcoction,Quicksilver,ArchangelsStaff,,,,,,,,,,,,,,,,,,,,,,,,,2.0,,,,,,,,,,,,,,,,,,,,,,,,,,,,,,,,,,,,,,,,,,,,,,,,,,,,2.0,RedBuff,ArchangelsStaff,GuardianAngel,,,,,1.0,CavalierEmblemItem,,,,,,,1.0,,,,,,,,2.0,,,,,,,,,,,,,,,,,,,,,,,,,,,,,,,,,,,,,,,,,,,,1.0,ZekesHerald,CavalierEmblemItem,FrozenHeart,,,,,,,,,,,None,None,,,,,,,,,,,,,,,,,,,,,,,,,,,,,,,,,,,,
8,EUW1_5971134924,TFT7_Augment_MageEmblem,TFT6_Augment_BinaryAirdrop,TFT6_Augment_SunfireBoard,,1.0,,1.0,,0.0,,,,,1.0,,,3.0,,0.0,,,0.0,,0.0,1.0,,,,,,0.0,,,,,,,,,,,,,,,,,,,,,,,,,,,,,,,,,,,,,,,,,,,,,,,,,,,,,,,,,,,,,,,,,,,,,,,,,2.0,MageEmblemItem,TitanicHydra,WarmogsArmor,,,,,,,,,,,,,,,,,,,,,2.0,,,,,,,,2.0,,,,,,,,,,,,,,,,,,,,,,,,,,,,,,,,2.0,SpearOfShojin,TearOfTheGoddess,Morellonomicon,,,,,,,,,,,,,,,,,,,,,,,,,,,,,,,,,,,,,2.0,GargoyleStoneplate,TitanicHydra,IonicSpark,,,,,,,,,,,,,,,,,,,None,None,,,,,,,,,,,,,2.0,,,,,,,,,,,,,,,,,,,,1.0,SparringGloves,,
3,EUW1_5971134924,TFT6_Augment_PortableForge,TFT7_Augment_AssassinEmblem2,TFT6_Augment_JeweledLotus,2.0,,,2.0,,,,,,,1.0,,0.0,0.0,,,0.0,,1.0,,,,,,1.0,,1.0,1.0,,,,,,,,,,,,,,,,,,,,,,,,,,,,,,,,,1.0,ArchangelsStaff,,,,,,,,,,,,,,,,,,,,,,,,,,,,,,,,,,,,,,,,,,,,,,,,,,,,,,,,,,,,,,,,,,,,,,,,,,,,,,,,,,,,,,,2.0,Bloodthirster,AssassinEmblemItem,InfinityEdge,2.0,Morellonomicon,FrozenHeart,,1.0,ArchangelsStaff,FrozenHeart,InfinityEdge,2.0,FrozenHeart,,,,,,,,,,,,,,,,,,,2.0,,,,,,,,,,,,,,,,,,,,,,,,2.0,OrnnEternalWinter,BrambleVest,Morellonomicon,,,,,2.0,FrozenHeart,Bloodthirster,RecurveBow,,,,,,,,,,,None,None,,,,,,,,,,,,,,,,,,,,,,,,,,,,,,,,,,,,
2,EUW1_5971134924,TFT6_Augment_RichGetRicher,TFT6_Augment_Twins3,TFT6_Augment_ThrillOfTheHunt2,2.0,,,1.0,,,,,,,,,0.0,,,,0.0,,1.0,,,,,,1.0,,1.0,0.0,,,,,,,,,,,,,,,,,,,,,,,,,,,,,,,,,2.0,FrozenHeart,ArchangelsStaff,IonicSpark,,,,,,,,,,,,,,,,,,,,,,,,,,,,,,,,,,,,,,,,,,,,,,,,,,,,,,,,,,,,,,,,,,,,,,,,,,,,,,,,,,,,,2.0,RunaansHurricane,AssassinEmblemItem,UnstableConcoction,2.0,TitanicHydra,Shroud,,1.0,Chalice,GuardianAngel,,1.0,,,,,,,,,,,,,,,,,,,,2.0,LocketOfTheIronSolari,,,,,,,,,,,,,,,,,,,,,,,,,,,,,,,,,,,,,,,,,,,,,None,None,,,,,,,,,,,,,,,,,,,,,,,,,,,,,,,,,,,,
6,EUW1_5972612252,TFT6_Augment_ThreesCompany,TFT7_Augment_GadgetExpert,TFT7_Augment_GuildEmblem,2.0,,,0.0,,1.0,,,,,4.0,,0.0,,,,1.0,,,,0.0,,,1.0,1.0,,,,,,,,,,,,,,,,,,,,,,,,,,,,,,,,,,,,,,,,,,,,,,,,,,,,,,,,,,,,,,,,,,,,2.0,GiantsBelt,,,,,,,,,,,,,,,,,,,1.0,,,,,,,,,,,,,,,,,,,,,,,,,,,,,,,,,,,,,,,,2.0,LocketOfTheIronSolari,RedBuff,,,,,,2.0,GuildEmblemItem,,,,,,,2.0,,,,,,,,,,,,,,,,,,,,,,,,,,,,,,,,,,,,,,,,,,,,2.0,UnstableConcoction,LastWhisper,MadredsBloodrazor,,,,,,,,,,,None,None,,,,,2.0,AssassinEmblemItem,GuinsoosRageblade,,,,,,,,,,,,,,2.0,Deathblade,StatikkShiv,GuinsoosRageblade,,,,,,,,,,,,
5,EUW1_5972612252,TFT6_Augment_SecondWind2,TFT6_Augment_PortableForge,TFT7_Augment_FirstAidKit2,,0.0,,,,,1.0,1.0,,,,2.0,,,0.0,0.0,0.0,,,2.0,,,,0.0,,,0.0,,,,,,,,,,,,,,1.0,,,,,,,,,,,,,,,,,,,,,,,,,,,,,,,,2.0,GuinsoosRageblade,StatikkShiv,SpearOfShojin,,,,,,,,,,,,,2.0,,,,,,,,,,,,,,,,,,,,,,,,,,,,,,,,,,,,,,,,,,,,,,,,2.0,GargoyleStoneplate,OrnnRocketPropelledFist,DragonsClaw,3.0,Quicksilver,GuinsoosRageblade,MadredsBloodrazor,,,,,,,,,,,,,,,,,,,,,,,,,,,,,,,,,,,,,,,,,,,,,,,,,,,,,,,,,2.0,,,,,,,,,,,,,,,,,,,,,,,,,,None,None,,,,,,,,,,,,,,,,,,,,,,,,,1.0,GuinsoosRageblade,Deathblade,HextechGunblade,,,,,,,,
2,EUW1_5972612252,TFT6_Augment_Electrocharge2,TFT7_Augment_ScalescornEmblem,TFT6_Augment_CelestialBlessing2,1.0,,,1.0,,1.0,,,,0.0,3.0,,,1.0,,,,,2.0,,,,,,,,0.0,1.0,,,,,,,,,,,,,,,,,,,,,,,,,2.0,,,,,,,,,,,,,,,,,,,,,,,,,,,,,,,,,,,,,,,,,,,,,,,,,,,,,,,,,,,,,,,,,,,,,,,,3.0,Bloodthirster,ArchangelsStaff,ArchangelsStaff,,,,,,,,,,,,,,,,,,,,,2.0,Bloodthirster,UnstableConcoction,TitansResolve,,,,,2.0,ThiefsGloves,Morellonomicon,GuardianAngel,,,,,2.0,,,,2.0,,,,,,,,,,,,,,,,,,,,,,,,,,,,,,,,,,,,2.0,ScalescornEmblemItem,RedBuff,HextechGunblade,,,,,2.0,UnstableConcoction,InfinityEdge,FrozenHeart,,,,,,,,,,,None,None,,,,,,,,,,,,,,,,,,,,,,,,,,,,,,,,,,,,
3,EUW1_5972612252,TFT7_Augment_MirageEmblem,TFT7_Augment_UrfsGrabBag1,TFT6_Augment_CyberneticUplink2,,0.0,,,,2.0,1.0,,0.0,0.0,1.0,,,0.0,4.0,1.0,,,,,,,,,,0.0,0.0,,,,,,,,,,,,,,,,,,,,,,,,,,,,,,,,,,,,,,2.0,MadredsBloodrazor,GuinsoosRageblade,JeweledGauntlet,,,,,,,,,,,,,,,,,,,,,,,,,,,,,,,,,,,,,,,,,,,,,,,,,,,,,2.0,SparringGloves,,,,,,,1.0,BFSword,,,2.0,StatikkShiv,MirageEmblemItem,SeraphsEmbrace,,,,,,,,,2.0,RedBuff,WarmogsArmor,IonicSpark,,,,,,,,,,,,,,,,,,,,,2.0,MirageEmblemItem,BrambleVest,,,,,,,,,,,,,,,,,,,,,,,,,,,,,,,,,,,,,,,,,,,,,,,,,,,,,,,,None,None,,,,,,,,,,,,,,,,,,,,,,,,,,,,,2.0,CavalierEmblemItem,HextechGunblade,,,,,
1,EUW1_5972612252,TFT6_Augment_SalvageBin,TFT7_Augment_BestFriends2,TFT6_Augment_TargetDummies,,1.0,,1.0,,,,,1.0,,1.0,,,2.0,,1.0,,0.0,,,,,,,,1.0,,0.0,,,,,,,,,,,,,,,,,,,,,,,,,,,,,,,,,,,,,,,,,,,,,,,,,,,,,,,,,,,,,,,,,,,,,2.0,Zephyr,,,3.0,BrambleVest,DragonsClaw,,,,,,,,,,,,,,,,,,,,,,,,,,2.0,,,,3.0,,,,,,,,,,,,,,,,,,,,,,,,,,,,,,,,3.0,ArchangelsStaff,HextechGunblade,SpearOfShojin,,,,,,,,,,,,,,,,,,,,,,,,,2.0,JeweledGauntlet,InfinityEdge,HextechGunblade,,,,,,,,,2.0,IonicSpark,RedBuff,WarmogsArmor,,,,,,,,,,,,,,,,,4.0,TrainerSnax,None,None,,,,,,,,,,,,,2.0,,,,,,,,,,,,,,,,,,,,,,,
7,EUW1_5972612252,TFT6_Augment_PortableForge,TFT7_Augment_ScalescornEmblem,TFT7_Augment_UrfsGrabBag1,1.0,,,,,2.0,,,,1.0,,0.0,,0.0,1.0,,0.0,,2.0,0.0,,,,,,,0.0,0.0,,,,,,,,,,,,,,,,,,,,,,,,,2.0,,,,,,,,2.0,ArchangelsStaff,FrozenHeart,MadredsBloodrazor,,,,,,,,,,,,,,,,,,,,,,,,,,,,,2.0,,,,,,,,,,,,,,,,,,,,,,,,,,,,1.0,,,,2.0,,,,,,,,,,,,1.0,,,,,,,,2.0,OrnnAnimaVisage,WarmogsArmor,GargoyleStoneplate,,,,,,,,,1.0,ArchangelsStaff,ScalescornEmblemItem,,,,,,,,,,,,,,,,,,,,,,,,,,,,,,,,,,,,,,,,,,,,,,,,,,,,,,,,,,,,,,,,,,,,None,None,,,,,,,,,,,,,,,,,,,,,,,,,,,,,2.0,BFSword,,,,,,
8,EUW1_5972612252,TFT6_Augment_CelestialBlessing2,TFT7_Augment_GadgetExpert,TFT6_Augment_SalvageBin,,0.0,,,,,1.0,,,,,2.0,,,,0.0,,,,2.0,,,1.0,,,,,0.0,,,,,,,,,,,,,,,,,,,,,,,,,,,,,,,,,,,,,,,,,,,,,1.0,GuinsoosRageblade,,,,,,,2.0,SpearOfShojin,,,,,,,2.0,,,,,,,,,,,,,,,,,,,,,,,,,,,,,,,,,,,,,,,,,,,,,,,,1.0,GargoyleStoneplate,Morellonomicon,WarmogsArmor,3.0,StatikkShiv,GuinsoosRageblade,Quicksilver,,,,,,,,,,,,,,,,,,,,,,,,,,,,,,,,,,,,,,,,,,,,,,,,,,,,,1.0,NegatronCloak,,,,,,,,,,,,,,,,,,,,,,,,,,,,,None,None,,,,,,,,,,,,,,,,,,,,,,,,,,,,,,,,,,,,
4,EUW1_5972612252,TFT7_Augment_BestFriends2,TFT7_Augment_AstralIntercosmicGifts,TFT6_Augment_SalvageBin,1.0,1.0,,2.0,,0.0,,,,,3.0,,0.0,,,,0.0,,,,,,,1.0,1.0,,0.0,,,,,,,,,,,,,,,,,,,,,,,,,,,,,,,,,,,,,,,,,,,,,,,,,,,,,,,,,,,,,,,,,,,,,,,,,,3.0,RedBuff,IonicSpark,Redemption,,,,,,,,,,,,,,,,,,,,,,,,,,,,,,,,,,,,,,,,,,,,,,,,,2.0,,,,,,,,1.0,JeweledGauntlet,InfinityEdge,BFSword,,,,,2.0,,,,,,,,,,,,2.0,DragonsClaw,,,,,,,1.0,,,,,,,,,,,,,,,,,,,,,,,,2.0,ThiefsGloves,Redemption,BrambleVest,,,,,,,,,,,None,None,,,,,2.0,,,,3.0,Deathblade,Bloodthirster,GuinsoosRageblade,,,,,,,,,,,,,,,,,,,,,,,,
1,EUW1_5971468411,TFT7_Augment_RevelEmblem2,TFT6_Augment_PandorasItems,TFT6_Augment_ComponentGrabBag,,,1.0,1.0,1.0,,1.0,0.0,0.0,,1.0,,0.0,,2.0,1.0,,4.0,,,,,,,0.0,,0.0,,,,,,,,,,,,,,,,,,,,,,2.0,Shroud,,,,,,,2.0,StatikkShiv,ZekesHerald,SeraphsEmbrace,,,,,2.0,Quicksilver,GuinsoosRageblade,RevelEmblemItem,,,,,,,,,,,,,,,,,,,,,,,,,,,,,,,,,,,,,1.0,MysticEmblemItem,,,,,,,,,,,,,,,,,,,,,,,,,,,,,,,,,,,,,,,,,,,,,,,2.0,Morellonomicon,WarmogsArmor,FrozenHeart,,,,,,,,,,,,,,,,,,,,,,,,,,,,,,,,,,,,,2.0,ThiefsGloves,LocketOfTheIronSolari,GargoyleStoneplate,,,,,,,,,,,,,2.0,TitanicHydra,TitanicHydra,,,,,,,,,,,,,,,,None,None,,,,,,,,,,,,,,,,,,,,,,,,,1.0,,,,,,,,,,,
2,EUW1_5971468411,TFT7_Augment_BestFriends3,TFT6_Augment_TinyTitans,TFT6_Augment_CelestialBlessing2,0.0,,1.0,1.0,,,1.0,,0.0,,3.0,,0.0,1.0,,1.0,,,,,0.0,1.0,,,2.0,0.0,,0.0,,,,,,,,,1.0,ArchangelsStaff,Quicksilver,GuinsoosRageblade,,,,,,,,,1.0,,,,,,,,,,,,,,,,,,,,,,,,,,,,,,,,,,,,,,,,,,,,,,,,,,,,,,,,,,,,,,,,,,,,,,,,,,,,,,,,2.0,,,,,,,,,,,,,,,,,,,,,,,,2.0,ChainVest,DragonsClaw,,,,,,,,,,2.0,,,,,,,,,,,,,,,,,,,,,,,,,,,,,,,,,,,,,,,,2.0,FrozenHeart,IonicSpark,BrambleVest,,,,,2.0,RedBuff,,,,,,,,,,,,,None,None,,,,,,,,,,,,,,,,,,,,,,,,,,,,,,,,,2.0,ArchangelsStaff,,
5,EUW1_5971468411,TFT7_Augment_UrfsGrabBag2,TFT6_Augment_Diversify1,TFT6_Augment_SecondWind2,1.0,,,1.0,,1.0,,,,,3.0,,0.0,,,,1.0,,,,,,,1.0,1.0,,0.0,,,,,,,,,,,,,,,,,,,,,,,,,,,,,,,,,,,,,,,,,,,,,,,,,,,,,,,,,,,,,,,,,,1.0,,,,,,,,,,,,,,,,,,,,,,,,,,,,,,,,,,,,,,,,,,,,,,,,,,,,,,,,,,,,2.0,GargoyleStoneplate,TitanicHydra,RabadonsDeathcap,,,,,1.0,,,,,,,,1.0,,,,,,,,,,,,1.0,Redemption,,,,,,,,,,,,,,,,,,,,,,,,,,,,,,,2.0,FrozenHeart,MadredsBloodrazor,RunaansHurricane,,,,,,,,,,,None,None,,,,,2.0,,,,,,,,,,,,,,,,2.0,Quicksilver,MadredsBloodrazor,GuinsoosRageblade,,,,,,,,,,,,
8,EUW1_5971468411,TFT6_Augment_RadiantRelics,TFT7_Augment_BandOfThieves1,TFT6_Augment_CelestialBlessing2,,,,,1.0,,1.0,,1.0,1.0,,,,,,0.0,,1.0,0.0,,1.0,,,,,1.0,,,,,,,,,,,,,,,,,,,,,,,,,,,1.0,ThiefsGloves,Bloodthirster,DragonsClaw,2.0,InfinityEdge,DeathbladeRadiant,ZekesHerald,,,,,,,,,2.0,GargoyleStoneplate,GargoyleStoneplate,,,,,,,,,,,,,,,,,,,,,,,,,,,,,,,,,,,,,,,,,,,,,,,,,,,,,,,,,,2.0,ShimmerscaleDeterminedInvestor,,,,,,,,,,,,,,,,,,,,,,,,,,,,,,,,,,,,,,,,,,,,,,,,,,,,,,,,,,,,,,,1.0,NeedlesslyLargeRod,Shroud,,,,,,,,,,,,,,,,,,,,,,,,,,,,,,3.0,TrainerSnax,None,None,2.0,LastWhisper,,,,,,,,,,,,,,,,,,,,,,,,,,,,,,,,,,
3,EUW1_5971468411,TFT6_Augment_Featherweights3,TFT6_Augment_PandorasItems,TFT6_Augment_SalvageBin,,0.0,1.0,,,,1.0,,,,1.0,2.0,,,,1.0,,,,2.0,,,1.0,,,,,0.0,,,,,,,,,,,,,,,,,,,,,1.0,,,,,,,,,,,,,,,,,,,,,,,,2.0,GuinsoosRageblade,Bloodthirster,TitansResolve,,,,,2.0,,,,,,,,2.0,WarmogsArmor,,,,,,,,,,,,,,,,,,,,,,,,,,,,,,,,,,,,,,,,,,,,,,,2.0,GargoyleStoneplate,WarmogsArmor,Bloodthirster,3.0,Deathblade,Quicksilver,GuinsoosRageblade,,,,,,,,,,,,,,,,,,,,,,,,,,,,,,,,,,,,,,,,,,,,,,,,,,,,,2.0,,,,,,,,,,,,,,,,,,,,,,,,,,,,,,None,None,,,,,,,,,,,,,,,,,,,,,,,,,,,,,,,,,,,,
6,EUW1_5971468411,TFT6_Augment_RadiantRelics,TFT6_Augment_CelestialBlessing1,TFT7_Augment_MageEmblem,,,1.0,1.0,,2.0,,,,,3.0,,,2.0,,0.0,0.0,,1.0,,0.0,1.0,,,,,0.0,0.0,,,,,,,,,,,,,,,,,,,,,1.0,MageEmblemItem,,,,,,,,,,,,,,,,,,,,,,,,,,,,,,,,,,,,,,,,,,,2.0,FrozenHeart,,,,,,,,,,,,,,,,,,,,,,,,,,,,,,,3.0,BlueBuffRadiant,ArchangelsStaff,Bloodthirster,,,,,,,,,,,,,,,,,,,,,1.0,,,,,,,,,,,,,,,,1.0,,,,2.0,,,,,,,,,,,,,,,,,,,,,,,,,,,,,,,,,,,,2.0,RedBuff,Redemption,IonicSpark,,,,,,,,,,,,,,,,,,,None,None,,,,,,,,,,,,,,,,,,,,,,,,,,,,,,,,,1.0,SparringGloves,GuardianAngel,
4,EUW1_5971468411,TFT7_Augment_SwiftshotEmblem2,TFT7_Augment_SwiftshotTrait,TFT6_Augment_Distancing2,0.0,1.0,1.0,1.0,,,,,0.0,,3.0,,0.0,0.0,,2.0,,,,,,,,2.0,0.0,0.0,,,,,,,,,,,,,,,,,,,,,,,1.0,BFSword,,,,,,,,,,,,,,,,,,,,,,,,,,,,,,,,,,,,,,,,,,,,,,,,,,,3.0,RedBuff,GargoyleStoneplate,BrambleVest,,,,,,,,,,,,,,,,,,,,,,,,,2.0,,,,3.0,SwiftshotEmblemItem,ArchangelsStaff,Quicksilver,,,,,,,,,,,,,,,,,1.0,,,,,,,,,,,,,,,,,,,,,,,,,,,,,,,,,,,,,,,,,,,,,,,,,,,,,,,,,,,,1.0,UnstableConcoction,FrozenHeart,,,,,,,,,,,,None,None,,,,,2.0,,,,3.0,MadredsBloodrazor,GuinsoosRageblade,Quicksilver,,,,,,,,,,,,,,,,,,,,,,,,
7,EUW1_5971468411,TFT6_Augment_RadiantRelics,TFT6_Augment_PandorasItems,TFT6_Augment_ComponentGrabBag,,1.0,,1.0,,,,,0.0,,1.0,,,2.0,,1.0,,,,,,,,,,1.0,,0.0,,,,,,,,,,,,,,,,,,,,,,,,,,,,,,,,,,,,,,,,,,,,,,,,,,,,,,,,,,,,,,,,,,,,,2.0,StatikkShiv,,,2.0,,,,,,,,,,,,,,,,,,,,,,,,,,,,1.0,,,,3.0,Chalice,SpearOfShojin,ChaliceOfPowerRadiant,,,,,,,,,,,,,,,,,,,,,,,,,,,,,2.0,SpearOfShojin,MadredsBloodrazor,Quicksilver,,,,,,,,,,,,,,,,,,,,,,,,,,,,,,,,,,,,,2.0,GargoyleStoneplate,RedBuff,GargoyleStoneplate,,,,,,,,,,,,,,,,,1.0,TrainerSnax,None,None,,,,,,,,,,,,,2.0,,,,,,,,,,,,,,,,,,,,,,,
4,EUW1_5971359923,TFT7_Augment_EvokerEmblem,TFT6_Augment_LudensEcho3,TFT6_Augment_PandorasItems,,0.0,,1.0,,,1.0,,1.0,,1.0,,,2.0,,1.0,,,,,,,,,1.0,1.0,,0.0,,,,,,,,,1.0,SpearOfShojin,JeweledGauntlet,MageEmblemItem,,,,,,,,,,,,,,,,,,,,,,,,,,,,,,,,,,,,,,,,,,,,,,,,,,,,,,,,,1.0,,,,2.0,TitanicHydra,,,,,,,,,,,,,,,,,,,,,,,,,,,2.0,BFSword,,,2.0,SpearOfShojin,,,,,,,,,,,,,,,,,,,,,,,,,,,,,,,2.0,EvokerEmblemItem,GuinsoosRageblade,JeweledGauntlet,,,,,,,,,,,,,,,,,,,,,,,,,,,,,,,,,,,,,3.0,IonicSpark,TitanicHydra,,,,,,,,,,,,,,,,,,2.0,TrainerSnax,None,None,,,,,,,,,,,,,,,,,,,,,,,,,,,,,,,,,,,,
3,EUW1_5971359923,TFT6_Augment_Electrocharge2,TFT6_Augment_ForceOfNature,TFT6_Augment_FirstAidKit,,,1.0,,,,1.0,,1.0,2.0,2.0,,,,2.0,1.0,,0.0,0.0,,,,,0.0,,0.0,,0.0,,,,,,,,,,,,,,,,,,,,,2.0,GuardianEmblemItem,,,2.0,DragonsClaw,GargoyleStoneplate,Redemption,,,,,,,,,2.0,GuinsoosRageblade,MadredsBloodrazor,Quicksilver,,,,,,,,,,,,,,,,,,,,,,,,,,,,,,,,,,,,,,,,,,,,,,,,,,,,,2.0,,,,,,,,2.0,GuardianEmblemItem,,,,,,,,,,,,,,,,,,,,,,,,,,,,,,,,,,,,,,,,,,,,,,,,,,,,,,,,,,,,,,,2.0,Morellonomicon,,,,,,,,,,,,,,,,,,,,,,,,,,,2.0,,,,,,None,None,,,,,2.0,,,,,,,,,,,,,,,,,,,,,,,,,,,,,,,
1,EUW1_5971359923,TFT7_Augment_UrfsGrabBag1,TFT6_Augment_RadiantRelics,TFT6_Augment_PandorasItems,,1.0,,1.0,,,,0.0,1.0,,1.0,0.0,,3.0,,1.0,,0.0,,,0.0,1.0,,0.0,,1.0,,0.0,,,,,,,,,,,,,1.0,,,,,,,,,,,,,,,,,,,,,,,,,,,,,,,,,,,,,,,,,,,,,,,,,,,,,,,,2.0,,,,3.0,ThiefsGloves,DragonsClaw,Deathblade,,,,,,,,,,,,,,,,,,,,,,,,,2.0,,,,3.0,StatikkShivRadiant,SpearOfShojin,RabadonsDeathcap,,,,,,,,,,,,,,,,,,,,,,,,,,,,,2.0,SpearOfShojin,ArchangelsStaff,HextechGunblade,,,,,,,,,,,,,,,,,,,,,,,,,2.0,MageEmblemItem,Morellonomicon,,,,,,,,,,2.0,TitanicHydra,FrozenHeart,,,,,,,,,,,,,,,,,,4.0,TrainerSnax,None,None,,,,,,,,,,,,,2.0,,,,,,,,,,,,,,,,,,,,1.0,,,
6,EUW1_5971359923,TFT7_Augment_GadgetExpert,TFT6_Augment_BandOfThieves2,TFT6_Augment_Weakspot,,,1.0,,,3.0,1.0,,,,2.0,,,0.0,3.0,0.0,0.0,,0.0,,,,,,,,0.0,,,,,,,,,,,,,,,,,,,,,,1.0,,,,,,,,,,,,,,,,1.0,StatikkShiv,StatikkShiv,JeweledGauntlet,,,,,,,,,,,,,,,,,,,,,,,,,2.0,MirageEmblemItem,ChainVest,,,,,,,,,,,,,,,,,,,,,,,,,,,,,,2.0,ThiefsGloves,Bloodthirster,HextechGunblade,,,,,,,,,,,,,,,,,3.0,WarmogsArmor,Redemption,TitansResolve,,,,,,,,,,,,,,,,,,,,,2.0,ThiefsGloves,TearOfTheGoddess,SeraphsEmbrace,,,,,,,,,,,,,,,,,,,,,,,,,,,,,,,,,,,,,,,,,,,,,,,,,,,,,,,None,None,,,,,,,,,,,,,,,,,,,,,,,,,,,,,2.0,,,,,,,
2,EUW1_5971359923,TFT7_Augment_BruiserTitanicStrength,TFT6_Augment_RadiantRelics,TFT6_Augment_ThrillOfTheHunt1,3.0,,,1.0,,,1.0,,,,2.0,,0.0,,,,0.0,,0.0,,0.0,,,0.0,1.0,,,2.0,,,,,,,,,,,,,,,,,,,,,,,,,,,,,,,,,1.0,IonicSpark,FrozenHeart,Quicksilver,,,,,,,,,,,,,2.0,AssassinEmblemItem,InfinityEdgeRadiant,MadredsBloodrazor,,,,,,,,,,,,,,,,,,,,,,,,,,,,,,,,,2.0,,,,,,,,,,,,,,,,,,,,,,,,,,,,,,,,,,,,,,,,1.0,,,,1.0,ZekesHerald,Redemption,PowerGauntlet,2.0,,,,,,,,,,,,,,,,,,,,,,,,,,,,,,,,,,,,,,,,,,,,,,,,,,,,2.0,ThiefsGloves,WarmogsArmor,GargoyleStoneplate,,,,,,,,,,,None,None,,,,,1.0,,,,,,,,,,,,,,,,,,,,,,,,,,,,,,,
8,EUW1_5971359923,TFT6_Augment_CyberneticShell2,TFT6_Augment_HighEndShopping,TFT6_Augment_CyberneticImplants1,,,,0.0,,,1.0,,,,,,,,,,,,,,,,,,,,,1.0,,,,,,,,,,,,,,,,,,,,,,,,,,,,,,,,,,,,,,,,,,,,,,,,,1.0,,,,,,,,,,,,,,,,,,,,,,,,,,,,,,,,,,,,,,,,,,,,,,,,,,,,,,,,,,,,,,,,,,,,,,,,,,,,,,,,,,,,,,,,,,,,,,,,,,,,,,,,,,,,,,,,,,,,,,,,,,,,,,,,,,,,,,,,,,,,,,,,,,,,,,None,None,,,,,,,,,,,,,,,,,,,,,,,,,,,,,,,,,,,,
5,EUW1_5971359923,TFT6_Augment_SalvageBin,TFT7_Augment_CavalierEmblem2,TFT6_Augment_Meditation1,0.0,,1.0,0.0,,2.0,1.0,,,,3.0,,0.0,1.0,,0.0,0.0,,0.0,,0.0,1.0,,,2.0,,,,,,,,,,,,1.0,SpearOfShojin,JeweledGauntlet,Quicksilver,,,,,,,,,1.0,,,,,,,,,,,,,,,,,,,,,,,,,,,,,,,,,,,,,,,,,,,,2.0,,,,,,,,,,,,,,,,,,,,,,,,,,,,,,,,2.0,TitansResolve,,,,,,,,,,,,,,,,,,,,,,,,,,,2.0,WarmogsArmor,GargoyleStoneplate,RedBuff,,,,,,,,,2.0,,,,,,,,,,,,,,,,,,,,,,,,,,,,,,,,,,,,,,,,,,,,,,,,2.0,CavalierEmblemItem,Quicksilver,UnstableConcoction,,,,,,,,,,,None,None,,,,,,,,,,,,,,,,,,,,,,,,,,,,,,,,,1.0,,,
7,EUW1_5971359923,TFT7_Augment_Bloodlust1,TFT7_Augment_UrfsGrabBag2,TFT7_Augment_RagewingTrait,0.0,,1.0,1.0,0.0,,,1.0,,,1.0,,0.0,,,0.0,2.0,,,0.0,0.0,,,,1.0,,0.0,,,,,,,,,,,,,,,,,,,,,,1.0,,,,,,,,,,,,,,,,,,,,,,,,,,,,,,,,,,,,,,,,,,,,,,,,,,,,,,,,,,,,,,,,2.0,,,,2.0,,,,,,,,,,,,,,,,,,,,,,,,,,,,,,,,,,,,1.0,TitanicHydra,Morellonomicon,,,,,,,,,,,,,,,,,,2.0,,,,3.0,Quicksilver,GuinsoosRageblade,MadredsBloodrazor,2.0,,,,,,,,,,,,,,,,,,,,2.0,,,,,,,,,,,,,,,,,,,,,,,,,,None,None,,,,,,,,,,,,,,,,,,,,,,,,,,,,,,,,,,,,
1,EUW1_5971176377,TFT7_Augment_TempestTrait,TFT7_Augment_GadgetExpert,TFT6_Augment_TheGoldenEgg,1.0,0.0,1.0,0.0,,,1.0,0.0,0.0,,1.0,0.0,0.0,0.0,0.0,2.0,,,,,,,,0.0,4.0,0.0,0.0,0.0,,,,,,,,,2.0,ArchangelsStaff,HextechGunblade,StatikkShiv,,,,,,,,,2.0,JadeEmblemItem,GargoyleStoneplate,,,,,,,,,,,,,,,,,,,,,,,,,,,,,,,,,,1.0,,,,,,,,,,,,,,,,,,,,,,,,,,,,,,,,2.0,ThiefsGloves,,,,,,,,,,,1.0,ThiefsGloves,LocketOfTheIronSolari,TitanicHydra,1.0,,,,,,,,,,,,,,,,,,,,2.0,RedBuff,GargoyleStoneplate,IonicSpark,2.0,ThiefsGloves,,,2.0,Bloodthirster,,,,,,,,,,,,,,,,,,,,,,,,,,,,,,,,,,,,,,,,,,,,,,,,,,,,,,,,,,,,,,,,,None,None,,,,,,,,,,,,,,,,,,,,,,,,,1.0,ThiefsGloves,,,,,,,,,,
6,EUW1_5971176377,TFT7_Augment_TempestTrait,TFT6_Augment_ComponentGrabBag,TFT6_Augment_CyberneticUplink3,2.0,,,1.0,,,1.0,0.0,,,1.0,,0.0,0.0,,,,,0.0,,,,,,2.0,,,2.0,,,,,,,,,,,,,,,,,,,,,,,,,,,,,,,,,2.0,ThiefsGloves,RunaansHurricane,MadredsBloodrazor,,,,,,,,,,,,,1.0,AssassinEmblemItem,InfinityEdge,Bloodthirster,,,,,,,,,,,,,,,,,,,,,,,,,,,,,,,,,,,,,2.0,TitanicHydra,,,,,,,,,,,,,,,,,,,,,,,,,,,,,,,,,,,2.0,GiantsBelt,,,,,,,2.0,SeraphsEmbrace,,,,,,,,,,,,,,,,,,,,,,,,,,,,,,,,,,,,,,,,,,,2.0,NeedlesslyLargeRod,,,,,,,2.0,LastWhisper,RapidFireCannon,RabadonsDeathcap,,,,,,,,,,,None,None,,,,,,,,,,,,,,,,,,,,,,,,,,,,,,,,,,,,
8,EUW1_5971176377,TFT7_Augment_ShimmerscaleEmblem,TFT6_Augment_ComponentGrabBag,TFT7_Augment_ThinkFast,0.0,,,1.0,,1.0,,,,,3.0,0.0,0.0,,,,1.0,,,,0.0,,1.0,1.0,0.0,,0.0,,,,,,,,,,,,,,,,,,,,,,,,,,,,,,,,,,,,,,,,,,,,,,,,,,,,,,,,,,,,,,,,,,2.0,,,,,,,,,,,,,,,,,,,,,,,,,,,,,,,,,,,,,,,,,,,,,,,,,,,,,,,,,,,,1.0,,,,,,,,,,,,,,,,1.0,,,,,,,,,,,,2.0,GargoyleStoneplate,RedBuff,BrambleVest,,,,,,,,,,,,,1.0,,,,,,,,,,,,,,,,2.0,InfinityEdge,HextechGunblade,,,,,,,,,,,,None,None,,,,,2.0,ShimmerscaleEmblemItem,,,,,,,,,,,,,,,2.0,Deathblade,GuinsoosRageblade,MadredsBloodrazor,,,,,,,,,,,,
4,EUW1_5971176377,TFT7_Augment_RevelTrait,TFT6_Augment_SunfireBoard,TFT6_Augment_Diversify3,,,1.0,1.0,0.0,,1.0,,1.0,,1.0,,0.0,,,2.0,,3.0,,,,,,,2.0,0.0,,,,,,,,,,,2.0,StatikkShiv,SpearOfShojin,MadredsBloodrazor,,,,,,,,,1.0,,,,,,,,1.0,,,,,,,,,,,,,,,,,,,,,,,,,,,,,,,,,,,,,,,,,,,,,,,,,,,,,,,,,,,,,,,,,,,,,,,,1.0,,,,,,,,,,,,,,,,,,,,,,,,2.0,Redemption,GargoyleStoneplate,DragonsClaw,,,,,,,,,,,,,,,,,,,,,,,,,,,,,,,,,,,,,2.0,TearOfTheGoddess,MysticEmblemItem,,,,,,,,,,,,,,2.0,RedBuff,,,,,,,,,,,,,,,,,None,None,,,,,,,,,,,,,,,,,,,,,,,,,,,,,,,,,,,,
2,EUW1_5971176377,TFT7_Augment_BandOfThieves1,TFT6_Augment_TargetDummies,TFT6_Augment_WindfallPlusPlus,,0.0,1.0,1.0,,,1.0,0.0,0.0,,1.0,,0.0,1.0,0.0,2.0,,,,,0.0,1.0,,,2.0,0.0,0.0,0.0,,,,,,,,,2.0,SpearOfShojin,UnstableConcoction,ArchangelsStaff,,,,,,,,,1.0,,,,,,,,,,,,,,,,,,,,,,,,,,,,,,,,,,,,,,,,,,,,,,,,,,,,,,,,,,,,,,,,,,,,,,,,,,,,,,,,1.0,,,,1.0,,,,,,,,,,,,,,,,,,,,2.0,ThiefsGloves,GuinsoosRageblade,MadredsBloodrazor,,,,,,,,,,,,,,,,,,,,,,,,,,,,,,,,,,,,,,,,,,,,,,,,,2.0,RedBuff,DragonsClaw,WarmogsArmor,,,,,,,,,,,,,,,,,,,None,None,,,,,,,,,,,,,,,,,,,,,,,,,2.0,MadredsBloodrazor,WarmogsArmor,,,,,,2.0,LocketOfTheIronSolari,ZekesHerald,PowerGauntlet
5,EUW1_5971176377,TFT6_Augment_CyberneticUplink1,TFT6_Augment_TomeOfTraits1,TFT7_Augment_BestFriends3,,0.0,,1.0,,,,,1.0,,1.0,0.0,0.0,2.0,,1.0,,,,,0.0,1.0,,,,1.0,,0.0,,,,,2.0,MageEmblemItem,,,,,,,,,,,,,,,,,,,,,,,,,,,,,,,,,,,,,,,,,,,,,,,,,,,,,,,,,,,,,,,2.0,SeraphsEmbrace,,,3.0,ThiefsGloves,NeedlesslyLargeRod,RabadonsDeathcap,,,,,,,,,,,,,,,,,,,,,,,,,2.0,ZekesHerald,,,2.0,StatikkShiv,,,,,,,,,,,,,,,,,,,,,,,,,,,,,,,2.0,ArchangelsStaff,ArchangelsStaff,SpearOfShojin,,,,,,,,,,,,,,,,,,,,,,,,,,,,,,,,,,,,,2.0,GargoyleStoneplate,BrambleVest,,,,,,,,,,,,,,,,,,3.0,TrainerSnax,None,None,,,,,,,,,,,,,,,,,,,,,,,,,,,,,,,,,1.0,,,
3,EUW1_5971176377,TFT7_Augment_BestFriends1,TFT7_Augment_BestFriends2,TFT7_Augment_BestFriends3,,0.0,1.0,,1.0,,1.0,,1.0,0.0,1.0,,,0.0,,2.0,,1.0,,,1.0,,,,,1.0,,,,,,,,,,,,,,,,,,,,,,,1.0,,,,,,,,2.0,GuinsoosRageblade,Deathblade,Bloodthirster,,,,,,,,,2.0,WarmogsArmor,GargoyleStoneplate,RedBuff,,,,,,,,,,,,,,,,,,,,,,,,,,,,,,,,,,,,,,,,,,,,,,,,,,,,,,,,,2.0,,,,1.0,,,,,,,,,,,,,,,,,,,,,,,,,,,,,,,,,,,,,,,,,,,,,,,,,,,,,,,,,,,,2.0,ArchangelsStaff,SpearOfShojin,,,,,,,,,,,,,,,,,,,,,,,,,,,,,,4.0,TrainerSnax,None,None,2.0,InfinityEdge,ShimmerscaleGamblersBlade,,,,,,,,,,,,,,,,,,,,,,,,,,,,,,,,,
7,EUW1_5971176377,TFT6_Augment_Weakspot,TFT6_Augment_PortableForge,TFT6_Augment_Diversify3,1.0,,,2.0,,,1.0,0.0,,0.0,1.0,,0.0,0.0,0.0,,0.0,,,0.0,,,,,1.0,,1.0,3.0,,,,,,,,,,,,,,,,,,,,,,,,,,,,,,,,,,,,,,,,,,,,,,,,,2.0,Bloodthirster,GuinsoosRageblade,TitansResolve,2.0,,,,,,,,,,,,,,,,,,,,,,,,,,,,,,,,,,,,,,,,,,,,,,,,,,,,,,,,,,,,,,,,,,,,,,,,1.0,Shroud,,,,,,,1.0,,,,,,,,,,,,,,,,,,,,1.0,,,,,,,,,,,,,,,,,,,,,,,,2.0,OrnnEternalWinter,RedBuff,RabadonsDeathcap,,,,,1.0,Quicksilver,,,,,,,1.0,,,,,,None,None,,,,,,,,,,,,,,,,,,,,,,,,,1.0,,,,,,,,,,,
6,EUW1_5971505704,TFT6_Augment_FirstAidKit,TFT7_Augment_BestFriends2,TFT6_Augment_ForceOfNature,,,,,2.0,,,,1.0,1.0,,,,,,0.0,,2.0,0.0,,,,,,,1.0,,0.0,,,,,,,,,,,,,,,,,,,,,,,,,2.0,GargoyleStoneplate,GargoyleStoneplate,TitanicHydra,1.0,,,,,,,,,,,,,,,,,,,,,,,,,,,,,,,,,,,,,,,,,,,,,,,,3.0,UnstableConcoction,,,,,,,,,,,,,,,,,,,,,,,2.0,,,,,,,,,,,,,,,,,,,,,,,,,,,,,,,,,,,,,,,,,,,,,,,,,,,,,,,,,,,,,,,,1.0,,,,,,,,,,,,,,,,,,,,,,,,,,,,2.0,TitanicHydra,,,4.0,TrainerSnax,None,None,3.0,InfinityEdge,GuinsoosRageblade,Deathblade,,,,,,,,,,,,,,,,,,,,,,,,,,,,,,,,
8,EUW1_5971505704,TFT7_Augment_GuildTrait,TFT6_Augment_SalvageBin,TFT6_Augment_ItemGrabBag2,0.0,,,0.0,,1.0,,0.0,,,3.0,,,,0.0,,1.0,,,,,,,1.0,1.0,,1.0,,,,,,,,,,,,,,,,,,,,,,,,,,,,,,,,,,,,,,,,,,,,,,,,,,,,,,,,,,1.0,,,,,,,,2.0,GargoyleStoneplate,GargoyleStoneplate,,,,,,,,,,,,,,,,,,,,,,,,,,,,,,,,,,,,,,,,,,,,,,,,,,,,,,,,,,,,,,,,,,2.0,,,,,,,,2.0,,,,,,,,,,,,2.0,,,,,,,,,,,,,,,,,,,,,,,,,,,,,,,,,,,,,,,,,,,,,,None,None,,,,,1.0,,,,,,,,,,,,,,,,2.0,Quicksilver,GuinsoosRageblade,MadredsBloodrazor,1.0,SeraphsEmbrace,Quicksilver,,,,,,,,,
4,EUW1_5971505704,TFT6_Augment_CyberneticImplants1,TFT7_Augment_DragonHorde,TFT7_Augment_UrfsGrabBag2,,0.0,,,,1.0,2.0,,,,1.0,1.0,,0.0,2.0,1.0,,,,,,,,,,,,,,,,,,,,,,,,,,,,,,,,,,,,,,,,,,,,,,,,,2.0,UnstableConcoction,GuinsoosRageblade,JeweledGauntlet,,,,,2.0,MirageEmblemItem,MadredsBloodrazor,Zephyr,,,,,,,,,,,,,,,,,,,,,,,,,,,,,,,,,,,,,,,,,,,,,,,,,,,,,,,,,3.0,RecurveBow,,,,,,,,,,,2.0,RedBuff,WarmogsArmor,HextechGunblade,,,,,,,,,,,,,,,,,,,,,2.0,ThiefsGloves,HextechGunblade,UnstableConcoction,,,,,,,,,,,,,,,,,,,,,,,,,,,,,,,,,,,,,,,,,,,,,,,,,,,,,,,None,None,,,,,,,,,,,,,,,,,,,,,,,,,,,,,,,,,,,,
3,EUW1_5971505704,TFT6_Augment_ItemGrabBag1,TFT7_Augment_LastStand,TFT6_Augment_Diversify3,,1.0,1.0,1.0,,,1.0,,1.0,,2.0,0.0,0.0,1.0,,1.0,,,,,,,,,0.0,,,0.0,,,,,1.0,,,,,,,,,,,,2.0,SeraphsEmbrace,RabadonsDeathcap,MadredsBloodrazor,1.0,,,,,,,,,,,,,,,,,,,,,,,,,,,,,,,,,,,,,,,,,,,,,,,,,,,,,,,,,,,,,,,,,,,,,,,,,,,,,,,,,,,,2.0,,,,,,,,,,,,,,,,,,,,1.0,,,,,,,,,,,,2.0,ZekesHerald,StatikkShiv,PowerGauntlet,,,,,,,,,,,,,,,,,,,,,,,,,,,,,,,,,,,,,2.0,RedBuff,GargoyleStoneplate,GargoyleStoneplate,,,,,,,,,,,,,,,,,,,None,None,,,,,,,,,,,,,,,,,,,,,,,,,,,,,,,,,,,,
5,EUW1_5971505704,TFT6_Augment_CyberneticShell1,TFT6_Augment_CelestialBlessing2,TFT6_Augment_CelestialBlessing3,2.0,,,1.0,,,1.0,,,,1.0,,0.0,0.0,,,,,,,,,,,1.0,,,2.0,,,,,,,,,,,,,,,,,,,,,,,,,,,,,,,,,,,,,,,,,,,,,,,,,1.0,AssassinEmblemItem,InfinityEdge,UnstableConcoction,,,,,,,,,,,,,,,,,,,,,,,,,,,,,,,,,,,,,,,,,,,,,,,,,,,,,,,,,,,,,,,,,,,,,,,,,2.0,RedBuff,,,1.0,ArchangelsStaff,SeraphsEmbrace,,2.0,BFSword,,,,,,,,,,,,,,,,,,,,,,,,,,,,,,,,,,,,,,,,,,,2.0,WarmogsArmor,,,,,,,2.0,GiantsBelt,,,,,,,,,,,,,None,None,,,,,,,,,,,,,,,,,,,,,,,,,,,,,,,,,,,,
1,EUW1_5971505704,TFT6_Augment_CyberneticUplink1,TFT6_Augment_LudensEcho2,TFT7_Augment_CursedCrown,,1.0,1.0,1.0,,,,,1.0,,2.0,,,3.0,,2.0,,0.0,,,0.0,1.0,,,,1.0,,0.0,,,,,,,,,,,,,,,,,,,,,1.0,,,,,,,,,,,,,,,,,,,,,,,,,,,,,,,,,,,,,,,,,,,,,,,,2.0,Shroud,,,3.0,MageEmblemItem,,,,,,,,,,,,,,,,,,,,,,,,,,,2.0,ForceOfNature,,,3.0,StatikkShiv,,,,,,,,,,,,,,,,,,,,,,,,,,,,,,,2.0,ArchangelsStaff,,,,,,,,,,,,,,,,,,,,,,,,,,,2.0,,,,,,,,,,,,2.0,GargoyleStoneplate,RedBuff,IonicSpark,,,,,,,,,,,,,,,,,3.0,TrainerSnax,None,None,,,,,,,,,,,,,2.0,,,,,,,,,,,,,,,,,,,,1.0,ThiefsGloves,EmptyBag,EmptyBag
2,EUW1_5971505704,TFT6_Augment_CyberneticShell1,TFT7_Augment_BestFriends2,TFT7_Augment_GuildEmblem2,1.0,,1.0,1.0,,0.0,,,,,4.0,,0.0,,,0.0,1.0,,,,,,,1.0,1.0,,0.0,,,,,,,,,,,,,,,,,,,,,,2.0,PowerGauntlet,ZekesHerald,,,,,,,,,,,,,,,,,,,,,,,,,,,,,,,,,,,,,,,,,,2.0,SeraphsEmbrace,,,,,,,,,,,,,,,,,,,,,,,,,,,,,,,,,,,,,,,,,,,,,,,,,,,,,,,,,,,2.0,RedBuff,,,,,,,2.0,ChainVest,,,,,,,,,,,,,,,,,,,2.0,Shroud,,,,,,,,,,,,,,,,,,,,,,,,,,,,,,,1.0,Shroud,FrozenHeart,,,,,,,,,,,,None,None,,,,,2.0,,,,,,,,,,,,,,,,1.0,GuildEmblemItem,MadredsBloodrazor,RunaansHurricane,,,,,,,,,,,,
7,EUW1_5971505704,TFT6_Augment_PandorasItems,TFT6_Augment_ThrillOfTheHunt2,TFT7_Augment_TomeOfTraits2,,1.0,,2.0,,,,,,,1.0,,0.0,0.0,,0.0,0.0,,,,,,,2.0,1.0,,0.0,,,,,,,,,,,,,,,,,,,,,,,,,,,,,,,,,,,,,,,,,,,,,,,,,,,,,,,,,,1.0,,,,,,,,,,,,,,,,3.0,RedBuff,GargoyleStoneplate,,,,,,,,,,,,,,,,,,,,,,,,,,,,,,2.0,BruiserEmblemItem,SwiftshotEmblemItem,,,,,,,,,,,,,,,,,,1.0,,,,,,,,,,,,,,,,,,,,,,,,,,,,1.0,,,,,,,,,,,,,,,,,,,,,,,,,,,,,,,,,,,,,,,,,,,,,,None,None,,,,,1.0,,,,3.0,Deathblade,GuinsoosRageblade,RunaansHurricane,,,,,,,,,,,,,,,,,,,,,,,,
6,EUW1_5970914548,TFT7_Augment_MageConference,TFT7_Augment_UrfsGrabBag1,TFT6_Augment_PortableForge,,1.0,1.0,1.0,,,,,,,2.0,,,3.0,,1.0,,,,,0.0,1.0,,,,0.0,,0.0,,,,,,,,,,,,,,,,,,,,,1.0,,,,,,,,,,,,,,,,,,,,,,,,,,,,,,,,,,,,,,,,,,,,,,,,3.0,BFSword,,,2.0,MageEmblemItem,,,,,,,,,,,,,,,,,,,,,,,,,,,,,,,3.0,PowerGauntlet,Redemption,,,,,,,,,,,,,,,,,,,,,,,,,,,,,,2.0,HextechGunblade,SpearOfShojin,ArchangelsStaff,,,,,,,,,,,,,,,,,,,,,,,,,,,,,,,,,,,,,2.0,RedBuff,GargoyleStoneplate,OrnnDeathsDefiance,,,,,,,,,,,,,,,,,,,None,None,,,,,,,,,,,,,3.0,,,,,,,,,,,,,,,,,,,,1.0,,,
1,EUW1_5970914548,TFT7_Augment_GadgetExpert,TFT6_Augment_CelestialBlessing2,TFT7_Augment_CannoneerRicochet,,,,,2.0,,1.0,0.0,1.0,1.0,,,,,0.0,0.0,,2.0,,,1.0,,,,,1.0,0.0,0.0,,,,,,,,,,,,,,,,,,,,,,,,,,,,,3.0,InfinityEdge,MadredsBloodrazor,GuinsoosRageblade,,,,,,,,,2.0,GargoyleStoneplate,DragonsClaw,RedBuff,,,,,,,,,,,,,,,,,,,,,,,,,,,,,,,,,1.0,,,,,,,,,,,,,,,,,,,,,,,,2.0,StatikkShiv,,,,,,,,,,,,,,,,,,,,,,,,,,,,,,,,,,,,,,,,,,,,,,,,,,,,,,,,,,,,,,,2.0,ArchangelsStaff,Quicksilver,StatikkShiv,,,,,,,,,,,,,,,,,,,,,,,,,2.0,TitanicHydra,,,4.0,TrainerSnax,None,None,2.0,,,,,,,,,,,,,,,,,,,,,,,,2.0,ShimmerscaleDiamondHands,InfinityEdge,,,,,,,,,
5,EUW1_5970914548,TFT7_Augment_Preparation2,TFT7_Augment_BestFriends2,TFT7_Augment_BigFriend2,,2.0,,1.0,,,,0.0,,,,0.0,,1.0,,0.0,,,,0.0,,,,1.0,,,,0.0,,,,,,,,,,,,,1.0,,,,,,,,,,,,,,,,,,,,,,,,,,,,,,,,,,,,,,,,,,,,,,,,,,,,,,,,,,,,3.0,ChainVest,,,,,,,,,,,,,,,,,,,,,,,,,,,,,,,3.0,Chalice,,,,,,,3.0,GuinsoosRageblade,Quicksilver,Deathblade,,,,,,,,,,,,,,,,,,,,,,,,,,,,,,,,,,,,,,,,,,,,,3.0,GargoyleStoneplate,,,,,,,,,,,,,,,1.0,,,,,,,,,,,,,,,,,,,,,,None,None,,,,,,,,,3.0,Deathblade,JeweledGauntlet,LastWhisper,3.0,,,,,,,,,,,,,,,,,,,,,,,
8,EUW1_5970914548,TFT6_Augment_SecondWind2,TFT6_Augment_Electrocharge2,TFT7_Augment_GuildEmblem,,1.0,,0.0,,,,,0.0,0.0,3.0,,,1.0,,1.0,,,,,,,,1.0,,0.0,,,,,,,,,,,,,,,,,,,,,,,,,,,,,,,,,,,,,,,,,,,,,,,,,,,,,,,,,,,,,,,,,,,,,,,,,,,3.0,RedBuff,GuildEmblemItem,WarmogsArmor,,,,,,,,,,,,,,,,,,,,,,,,,2.0,,,,2.0,,,,,,,,,,,,,,,,,,,,,,,,,,,,,,,,2.0,,,,,,,,,,,,,,,,,,,,,,,,,,,,,,,,,,,,,,,,,,,,,,,,,,,,,,,,,,,,,,None,None,,,,,2.0,,,,3.0,MadredsBloodrazor,GuinsoosRageblade,Deathblade,2.0,DragonsClaw,GuardianEmblemItem,,,,,,,,,,,,,,,,,,,,,
7,EUW1_5970914548,TFT6_Augment_CelestialBlessing2,TFT6_Augment_Distancing2,TFT6_Augment_ComponentGrabBag,,,,,1.0,,1.0,,1.0,1.0,,,,,,0.0,,1.0,,,1.0,,,,,1.0,,0.0,,,,,,,,,,,,,,,,,,,,,,,,,,,,,2.0,MadredsBloodrazor,UnstableConcoction,InfinityEdge,,,,,,,,,2.0,ShimmerscaleDiamondHands,GargoyleStoneplate,WarmogsArmor,,,,,,,,,,,,,,,,,,,,,,,,,,,,,,,,,,,,,,,,,,,,,,,,,,,,,,,,,2.0,NegatronCloak,,,,,,,,,,,,,,,,,,,,,,,,,,,,,,,,,,,,,,,,,,,,,,,,,,,,,,,,,,,,,,,2.0,Morellonomicon,SpearOfShojin,ArchangelsStaff,,,,,,,,,,,,,,,,,,,,,,,,,1.0,,,,1.0,TrainerSnax,None,None,1.0,,,,,,,,,,,,,,,,,,,,,,,,,,,,,,,,,,,
4,EUW1_5970914548,TFT7_Augment_GuildEmblem,TFT7_Augment_CavalierEmblem,TFT6_Augment_ThrillOfTheHunt2,1.0,,1.0,1.0,,2.0,,,,,5.0,,0.0,,,0.0,1.0,,,,,,,1.0,1.0,,0.0,,,,,,,,,,,,,,,,,,,,,,1.0,,,,,,,,,,,,,,,,,,,,,,,,,,,,,,,,,,,,,,,,,,,,2.0,BrambleVest,WarmogsArmor,GuildEmblemItem,,,,,,,,,,,,,,,,,,,,,,,,,,,,,,,,,,,,,,,,,,,,,,,,,,,,,,,,,2.0,Redemption,CavalierEmblemItem,,,,,,1.0,,,,,,,,2.0,,,,,,,,,,,,2.0,,,,,,,,,,,,,,,,,,,,,,,,,,,,,,,,2.0,InfinityEdge,MadredsBloodrazor,RunaansHurricane,,,,,,,,,,,None,None,,,,,2.0,,,,,,,,,,,,,,,,2.0,TitansResolve,GuinsoosRageblade,Quicksilver,,,,,,,,,,,,
3,EUW1_5970914548,TFT6_Augment_JeweledLotus,TFT7_Augment_BestFriends2,TFT6_Augment_TomeOfTraits1,0.0,,,1.0,,1.0,1.0,,,1.0,2.0,,0.0,,,,1.0,,,,1.0,,,1.0,0.0,,0.0,0.0,,,,,,,,,,,,,,,,,,,,,,,,,,,,,,,,,,,,,,,,,2.0,ShimmerscaleDiamondHands,GargoyleStoneplate,CavalierEmblemItem,,,,,,,,,,,,,,,,,,,,,2.0,Morellonomicon,PowerGauntlet,Chalice,,,,,,,,,,,,,,,,,,,,,,,,,,,,,,,,,,,,,,,,,,,,,,,,,,,,,,,,,2.0,FrozenHeart,,,,,,,,,,,,,,,,,,,,,,,,,,,2.0,TearOfTheGoddess,,,,,,,,,,,,,,,,,,,,,,,,,,,,,,,2.0,FrozenHeart,GuardianAngel,,,,,,2.0,,,,,,None,None,,,,,2.0,,,,,,,,,,,,,,,,2.0,InfinityEdge,GuinsoosRageblade,MadredsBloodrazor,,,,,,,,,,,,
2,EUW1_5970914548,TFT6_Augment_ThreesCompany,TFT7_Augment_PandorasBench,TFT6_Augment_SunfireBoard,,,,,,0.0,1.0,1.0,,,,2.0,,,0.0,0.0,0.0,,,1.0,,,,,0.0,,0.0,,,,,,,,,,,,,,,,,,,,,,,,,,,,,,,,,,,,,,,,,,,,,,2.0,InfinityEdge,RunaansHurricane,TitansResolve,,,,,,,,,,,,,2.0,RedBuff,GiantsBelt,,2.0,,,,,,,,,,,,,,,,3.0,ArchangelsStaff,,,,,,,2.0,,,,,,,,,,,,,,,,,,,,3.0,Morellonomicon,MadredsBloodrazor,BrambleVest,,,,,,,,,,,,,,,,,,,,,,,,,,,,,,,,,,,,,,,,,,,,,,,,,,,,,,,,,,,,,,,,,,,,,,,,,,,,,,,,,,,,,,,None,None,,,,,,,,,,,,,,,,,,,,,,,,,2.0,IonicSpark,Quicksilver,UnstableConcoction,,,,,,,,
4,EUW1_5971324293,TFT6_Augment_CyberneticShell2,TFT6_Augment_CyberneticUplink2,TFT6_Augment_ThrillOfTheHunt2,,,,,,3.0,1.0,0.0,,,1.0,,,0.0,3.0,,0.0,,0.0,,,,,,,,1.0,,,,,,,,,,,,,,,,,,,,,,,,,,,,,,,,,,,,,,2.0,ArchangelsStaff,MadredsBloodrazor,StatikkShiv,,,,,,,,,,,,,,,,,,,,,,,,,1.0,ThiefsGloves,RunaansHurricane,RunaansHurricane,,,,,,,,,,,,,,,,,,,,,,,,,,,,,2.0,Zephyr,,,,,,,,,,,,,,,,,,,2.0,Redemption,,,,,,,,,,,,,,,,,,,,,,,2.0,Shroud,,,,,,,,,,,,,,,,,,,,,,,,,,,,,,,,,,,,,,,,,,,,,,,,,,,,,,,,,None,None,,,,,,,,,,,,,,,,,,,,,,,,,1.0,SeraphsEmbrace,Zephyr,,2.0,PowerGauntlet,,,,,,
6,EUW1_5971324293,TFT6_Augment_PortableForge,TFT7_Augment_PandorasBench,TFT6_Augment_CyberneticImplants2,1.0,,,1.0,,,1.0,,,0.0,2.0,,,0.0,,,,,,,,,,0.0,,,,3.0,,,,,,,,,,,,,,,,,,,,,,,,,,,,,,,,,,,,,,,,,,,,,,,,,2.0,Bloodthirster,OrnnInfinityForce,TitansResolve,,,,,,,,,,,,,,,,,,,,,,,,,,,,,,,,,,,,,,,,,,,,,,,,,,,,,,,,,,,,,,,,,,,,,,,,,,,,,1.0,RedBuff,SpearOfShojin,IonicSpark,,,,,,,,,,,,,,,,,,,,,,,,,,,,,,,,,,,,,,,,,,,,,2.0,Redemption,,,,,,,2.0,InfinityEdge,UnstableConcoction,MadredsBloodrazor,,,,,2.0,,,,,,None,None,,,,,2.0,,,,,,,,,,,,,,,,,,,,,,,,,,,,,,,
7,EUW1_5971324293,TFT7_Augment_GuildEmblem,TFT7_Augment_SwiftshotPressTheAttack,TFT6_Augment_CyberneticUplink2,1.0,1.0,,1.0,,,,,,,3.0,,0.0,0.0,,0.0,,,,,,,,1.0,1.0,,,,,,,,,,,,,,,,,,,,,,,,,,,,,,,,,,,,,,,,,,,,,,,,,,,,,,,,,,,,,,,,,,,,,,,,,,,,3.0,WarmogsArmor,RedBuff,BrambleVest,,,,,,,,,,,,,,,,,,,,,,,,,,,,,3.0,GuildEmblemItem,,,,,,,,,,,,,,,,,,,1.0,NegatronCloak,,,,,,,2.0,,,,,,,,,,,,,,,,,,,,,,,,,,,,,,,,,,,,,,,,,,,,,,,,,,,,1.0,UnstableConcoction,,,,,,,,,,,,,None,None,,,,,2.0,,,,3.0,RunaansHurricane,SpearOfShojin,GuinsoosRageblade,,,,,,,,,,,,,,,,,,,,,,,,
3,EUW1_5971324293,TFT7_Augment_CannoneerHotShot,TFT7_Augment_CannoneerEmblem,TFT6_Augment_PortableForge,,,1.0,,3.0,,1.0,,1.0,1.0,1.0,,,,,1.0,,2.0,,,1.0,,,,,1.0,,0.0,,,,,,,,,,,,,,,,,,,,,1.0,SpearOfShojin,,,,,,,2.0,GuinsoosRageblade,Deathblade,ShimmerscaleDravensAxe,,,,,,,,,2.0,OrnnEternalWinter,GargoyleStoneplate,WarmogsArmor,,,,,,,,,,,,,,,,,,,,,,,,,,,,,,,,,2.0,ArchangelsStaff,,,,,,,,,,,,,,,,,,,,,,,2.0,,,,,,,,,,,,,,,,,,,,,,,,,,,,,,,,,,,,,,,,,,,,,,,,,,,,,,,,,,,,,,,,2.0,JeweledGauntlet,SpearOfShojin,PowerGauntlet,,,,,,,,,,,,,,,,,,,,,,,,,2.0,CannoneerEmblemItem,,,4.0,TrainerSnax,None,None,2.0,LastWhisper,,,,,,,,,,,,,,,,,,,,,,,,,,,,,,,,,,
8,EUW1_5971324293,TFT7_Augment_CavalierEmblem,TFT7_Augment_GuildEmblem,TFT6_Augment_Distancing2,1.0,,,0.0,,2.0,,,,,4.0,,,,,,1.0,,,,,,,1.0,0.0,,0.0,,,,,,,,,,,,,,,,,,,,,,,,,,,,,,,,,,,,,,,,,,,,,,,,,,,,,,,,,,,,,,,,,,2.0,DragonsClaw,GuildEmblemItem,GargoyleStoneplate,,,,,,,,,,,,,,,,,,,,,,,,,,,,,,,,,,,,,,,,,,,,,,,,,,,,,,,,,,,,,,,,,2.0,,,,,,,,2.0,,,,,,,,,,,,2.0,,,,,,,,,,,,,,,,,,,,,,,,,,,,,,,,2.0,CavalierEmblemItem,FrozenHeart,TitansResolve,,,,,,,,,,,None,None,,,,,2.0,,,,,,,,,,,,,,,,1.0,Quicksilver,GuinsoosRageblade,Deathblade,,,,,,,,,,,,
1,EUW1_5971324293,TFT7_Augment_UrfsGrabBag1,TFT6_Augment_ThrillOfTheHunt2,TFT7_Augment_DragonmancerInspire,,,,1.0,,,1.0,2.0,,,,2.0,0.0,,,0.0,1.0,,,1.0,,,,0.0,1.0,,0.0,,,,,,,,,,,,,,2.0,,,,,,,,,,,,,,,,,,,,,,,,,,,,,,,,2.0,UnstableConcoction,FrozenHeart,,,,,,,,,,,,,,,,,,,,,,,,,,,,,,,,,,2.0,,,,,,,,2.0,,,,,,,,,,,,,,,,,,,,2.0,BrambleVest,GargoyleStoneplate,DragonsClaw,,,,,,,,,,,,,2.0,DragonmancerEmblemItem,RedBuff,,,,,,,,,,,,,,,,,,,,,,2.0,,,,2.0,,,,,,,,,,,,,,,,,,,,2.0,MadredsBloodrazor,GuinsoosRageblade,StatikkShiv,,,,,,,,,,,,,,,,,,,,,,,None,None,,,,,,,,,,,,,,,,,,,,,,,,,,,,,,,,,,,,
5,EUW1_5971324293,TFT7_Augment_SwiftshotPressTheAttack,TFT6_Augment_SecondWind2,TFT7_Augment_BestFriends2,1.0,,,1.0,,1.0,,,,,3.0,,0.0,,,,1.0,,,,,,,1.0,1.0,,0.0,,,,,,,,,,,,,,,,,,,,,,,,,,,,,,,,,,,,,,,,,,,,,,,,,,,,,,,,,,,,,,,,,,2.0,BrambleVest,RedBuff,HextechGunblade,,,,,,,,,,,,,,,,,,,,,,,,,,,,,,,,,,,,,,,,,,,,,,,,,,,,,,,,,2.0,ChainVest,TitansResolve,SeraphsEmbrace,,,,,2.0,,,,,,,,2.0,,,,,,,,,,,,2.0,,,,,,,,,,,,,,,,,,,,,,,,,,,,,,,,2.0,InfinityEdge,MadredsBloodrazor,GuardianAngel,,,,,,,,,,,None,None,,,,,2.0,,,,,,,,,,,,,,,,2.0,GuinsoosRageblade,Quicksilver,Deathblade,,,,,,,,,,,,
2,EUW1_5971324293,TFT6_Augment_CyberneticShell2,TFT7_Augment_CavalierDevastatingCharge,TFT7_Augment_GadgetExpert,1.0,,,0.0,,3.0,,,,,1.0,,0.0,0.0,0.0,,0.0,,1.0,,,,,,1.0,,,,,,,,,,,,,,,,,,,,,,,,,,,,,,,,,,,,1.0,,,,,,,,,,,,,,,,,,,,,,,,,,,,,,,,2.0,Morellonomicon,Zephyr,,,,,,,,,,,,,,,,,,,,,,,,,,,,,,3.0,JeweledGauntlet,MadredsBloodrazor,RabadonsDeathcap,,,,,,,,,,,,,,,,,3.0,RedBuff,Quicksilver,IonicSpark,,,,,2.0,SparringGloves,,,,,,,2.0,StatikkShiv,,,,,,,2.0,Redemption,,,,,,,,,,,,,,,,,,,,,,,,,,,,,,,,,,,,,,,,,,,,,,,,,,,,,,,,,None,None,,,,,,,,,,,,,,,,,,,,,,,,,,,,,,,,,,,,
5,EUW1_5970809294,TFT7_Augment_GadgetExpert,TFT7_Augment_BestFriends3,TFT6_Augment_CyberneticImplants2,,,,,1.0,,1.0,,1.0,1.0,,0.0,,,,0.0,,1.0,0.0,,1.0,,1.0,,,1.0,,,,,,,,,,,,,,,,,,,,,,,,,,,1.0,TitanicHydra,Redemption,,2.0,MadredsBloodrazor,StatikkShiv,ShimmerscaleDravensAxe,,,,,,,,,2.0,GargoyleStoneplate,GargoyleStoneplate,WarmogsArmor,,,,,,,,,,,,,,,,,,,,,,,,,,,,,,,,,,,,,,,,,,,,,,,,,,,,,,,,,2.0,ArchangelsStaff,RecurveBow,,,,,,,,,,,,,,,,,,,,,,,,,,,,,,,,,,,,,,,,,,,,,,,,,,,,,,,,,,,,,,1.0,NeedlesslyLargeRod,,,1.0,,,,,,,,,,,,,,,,,,,,,,,,,,,,3.0,TrainerSnax,None,None,2.0,SparringGloves,,,,,,,,,,,,,,,,,,,,,,,,,,,,,,,,,,
1,EUW1_5970809294,TFT6_Augment_TrueTwos,TFT7_Augment_BestFriends3,TFT7_Augment_CannoneerEmblem,,,1.0,,3.0,,1.0,,1.0,1.0,1.0,,,0.0,,1.0,,2.0,0.0,,1.0,,,,,1.0,,,,,,,,,,,,,,,,,,,,,,,1.0,,,,2.0,TitanicHydra,IonicSpark,Quicksilver,2.0,GuinsoosRageblade,LastWhisper,ShimmerscaleDravensAxe,,,,,,,,,2.0,BrambleVest,Quicksilver,GargoyleStoneplate,,,,,,,,,,,,,,,,,,,,,,,,,,,,,,,,,2.0,LastWhisper,,,,,,,,,,,,,,,,,,,,,,,2.0,CannoneerEmblemItem,RunaansHurricane,,,,,,,,,,,,,,,,,,,,,,,,,,,,,,,,,,,,,,,,,,,,,,,,,,,,,,,,,,,,,,2.0,ThiefsGloves,DragonsClaw,Deathblade,,,,,,,,,,,,,,,,,,,,,,,,,,,,,4.0,TrainerSnax,None,None,2.0,SparringGloves,,,,,,,,,,,,,,,,,,,,,,,,,,,,,,,,,,
7,EUW1_5970809294,TFT6_Augment_TargetDummies,TFT7_Augment_CursedCrown,TFT6_Augment_ThrillOfTheHunt2,,,,1.0,,,,2.0,,,,1.0,0.0,,,,1.0,,,1.0,0.0,,,0.0,1.0,,0.0,,,,,,,,,,,,,,2.0,,,,,,,,,,,,,,,,,,,,,,,,,,,,,,,,,,,,,,,,,,,,,,,,,,,,,,,,,,,,,,,,,,,,1.0,Chalice,TearOfTheGoddess,,,,,,2.0,,,,,,,,,,,,,,,,,,,,2.0,TitanicHydra,GargoyleStoneplate,,,,,,,,,,,,,,1.0,Quicksilver,,,,,,,,,,,,,,,,,,,,,,,1.0,LocketOfTheIronSolari,,,1.0,,,,,,,,,,,,,,,,,,,,2.0,GuinsoosRageblade,ArchangelsStaff,Quicksilver,,,,,,,,,,,,,,,,,,,,,,,None,None,,,,,,,,,,,,,,,,,2.0,,,,,,,,,,,,,,,,,,,
6,EUW1_5970809294,TFT7_Augment_ClutteredMind,TFT7_Augment_SwiftshotEmblem2,TFT6_Augment_CyberneticUplink2,0.0,0.0,,1.0,,1.0,,,,,3.0,,0.0,,,,0.0,,,,,,,2.0,1.0,,,,,,,,,,,,,,,,,,,,,,,,,,,,,,,,,,,,,,,,,,,,,,,,,,,,,,,,,,,,1.0,NegatronCloak,,,,,,,2.0,SwiftshotEmblemItem,GuinsoosRageblade,SpearOfShojin,,,,,2.0,TitanicHydra,,,,,,,,,,,,,,,,,,,,,,,,,,,,,,,,,,,,,,,,,,,,,,,,,,,2.0,DragonsClaw,,,,,,,,,,,,,,,2.0,NegatronCloak,,,,,,,,,,,,,,,,,,,,,,,,,,,,,,,,,,,,,,,,,,,1.0,,,,,,,,,,,,,,None,None,,,,,2.0,ZekesHerald,,,3.0,GuinsoosRageblade,UnstableConcoction,InfinityEdge,,,,,,,,,,,,,,,,,,,,,,,,
2,EUW1_5970809294,TFT6_Augment_CalculatedLoss,TFT6_Augment_Featherweights3,TFT6_Augment_SecondWind2,0.0,0.0,,,,,1.0,0.0,,,,2.0,,,0.0,0.0,,,,2.0,,,1.0,,,,0.0,1.0,,,,,,,,,,,,,,,,,,,,,,,,,,,,,,,,,,,,,,,,,,,,,2.0,GuinsoosRageblade,InfinityEdge,Redemption,,,,,2.0,,,,,,,,2.0,,,,,,,,,,,,,,,,,,,,,,,,,,,,,,,,,,,,,,,,,,,,,,,,2.0,TitanicHydra,TitanicHydra,GargoyleStoneplate,3.0,GuinsoosRageblade,Deathblade,Quicksilver,,,,,,,,,,,,,2.0,,,,,,,,,,,,,,,,,,,,,,,,,,,,,,,,,,,,,,,,1.0,,,,,,,,,,,,,,,,,,,,,,,,,,,,,,None,None,,,,,,,,,,,,,,,,,,,,,,,,,2.0,Deathblade,,,,,,,,,,
8,EUW1_5970809294,TFT6_Augment_TargetDummies,TFT7_Augment_MageEmblem2,TFT6_Augment_CelestialBlessing2,,0.0,,0.0,,0.0,,0.0,,,1.0,0.0,,2.0,0.0,0.0,0.0,,,0.0,,,,,,0.0,0.0,0.0,,,,,,,,,,,,,,,,,,,,,,,,,,,,,,,,,,,,,,,,,,,,,,,,,,,,,,,,,,,,,,,,,1.0,,,,2.0,,,,,,,,,,,,,,,,,,,,,,,,,,,,,,,,,,,,2.0,,,,1.0,ThiefsGloves,Quicksilver,Deathblade,,,,,,,,,,,,,,,,,,,,,,,,,2.0,SpearOfShojin,TearOfTheGoddess,GuinsoosRageblade,,,,,,,,,,,,,,,,,,,,,,,,,,,,,,,,,,,,,2.0,FrozenHeart,ChainVest,,,,,,,,,,,,,,,,,,,,None,None,,,,,,,,,,,,,,,,,,,,,,,,,1.0,MageEmblemItem,,,,,,,,,,
4,EUW1_5970809294,TFT6_Augment_ThrillOfTheHunt2,TFT7_Augment_BestFriends3,TFT6_Augment_JeweledLotus,,,1.0,1.0,,,1.0,,1.0,,1.0,,0.0,1.0,,1.0,,0.0,,,0.0,1.0,,,2.0,0.0,,0.0,,,,,,,,,1.0,InfinityEdge,SpearOfShojin,JeweledGauntlet,,,,,,,,,2.0,MageEmblemItem,,,,,,,,,,,,,,,,,,,,,,,,,,,,,,,,,,,,,,,,,,,,,,,,,,,,,,,,,,,,,,,,,,,,,,,,,,,,,,,2.0,,,,,,,,,,,,,,,,,,,,,,,,2.0,RedBuff,,,,,,,,,,,,,,,,,,,,,,,,,,,,,,,,,,,,,,,2.0,StatikkShiv,JeweledGauntlet,PowerGauntlet,,,,,,,,,2.0,ThiefsGloves,BFSword,LastWhisper,,,,,,,,,,,,,,,,,,,None,None,,,,,,,,,,,,,,,,,,,,,,,,,,,,,,,,,1.0,JeweledGauntlet,,
3,EUW1_5970809294,TFT7_Augment_BestFriends2,TFT6_Augment_HighEndShopping,TFT6_Augment_SecondWind2,1.0,,,1.0,,1.0,,0.0,,,3.0,,0.0,,0.0,,1.0,,,,,,,1.0,1.0,,1.0,,,,,,,,,,,,,,,,,,,,,,,,,,,,,,,,,,,,,,,,,,,,,,,,,,,,,,,,,,,,,,,,,,2.0,RedBuff,WarmogsArmor,Chalice,,,,,,,,,,,,,,,,,,,,,,,,,,,,,,,,,,,,,,,,,,,,,,,,,,,,,,,,,2.0,,,,,,,,1.0,,,,,,,,2.0,,,,,,,,,,,,2.0,,,,,,,,,,,,,,,,,,,,,,,,,,,,,,,,2.0,InfinityEdge,GuinsoosRageblade,,,,,,,,,,,,None,None,,,,,2.0,,,,,,,,,,,,,,,,2.0,GuinsoosRageblade,InfinityEdge,Quicksilver,1.0,ForceOfNature,,,,,,,,,,
6,EUW1_5971463949,TFT7_Augment_CannoneerTrait,TFT7_Augment_LastStand,TFT6_Augment_PortableForge,,,1.0,,3.0,,1.0,,1.0,0.0,1.0,,,,,2.0,,2.0,,,1.0,,,,,1.0,,,,,,,,,,,,,,,,,,,,,,,1.0,,,,,,,,1.0,GuinsoosRageblade,UnstableConcoction,RunaansHurricane,,,,,,,,,2.0,OrnnRocketPropelledFist,GargoyleStoneplate,Redemption,,,,,,,,,,,,,,,,,,,,,,,,,,,,,,,,,2.0,MysticEmblemItem,GuinsoosRageblade,,,,,,,,,,,,,,,,,,,,,,2.0,,,,,,,,,,,,,,,,,,,,,,,,,,,,,,,,,,,,,,,,,,,,,,,,,,,,,,,,,,,,,,,,2.0,ShimmerscaleGoldmancersStaff,GuinsoosRageblade,StatikkShiv,,,,,,,,,,,,,,,,,,,,,,,,,,,,,2.0,TrainerSnax,None,None,2.0,,,,,,,,,,,,,,,,,,,,,,,,,,,,,,,,,,,
3,EUW1_5971463949,TFT6_Augment_CyberneticUplink1,TFT6_Augment_ComponentGrabBag,TFT6_Augment_TargetDummies,,0.0,1.0,1.0,,,1.0,,0.0,,1.0,0.0,0.0,1.0,,2.0,,,,,,,1.0,,2.0,1.0,,0.0,,,,,,,,,2.0,ArchangelsStaff,SpearOfShojin,JeweledGauntlet,,,,,,,,,1.0,,,,,,,,,,,,,,,,,,,,,,,,,,,,,,,,,,,,,,,,,,,,,,,,2.0,ZekesHerald,,,,,,,,,,,,,,,,,,,,,,,,,,,,,,,1.0,RecurveBow,,,2.0,ChainVest,,,,,,,,,,,,,,,,,,,1.0,FrozenHeart,TitanicHydra,TitansResolve,,,,,,,,,,,,,,,,,,,,,,,,,,,,,,,,,,,,,,,,,1.0,,,,,,,,2.0,IonicSpark,GargoyleStoneplate,IonicSpark,,,,,,,,,,,,,,,,,3.0,TrainerSnax,None,None,,,,,,,,,,,,,,,,,,,,,,,,,,,,,,,,,,,,
5,EUW1_5971463949,TFT7_Augment_BestFriends1,TFT7_Augment_PandorasBench,TFT6_Augment_ThrillOfTheHunt2,,,1.0,,1.0,,1.0,,1.0,1.0,1.0,,,,,1.0,,1.0,,,1.0,,,,,1.0,,0.0,,,,,,,,,,,,,,,,,,,,,1.0,TearOfTheGoddess,,,,,,,2.0,GuinsoosRageblade,Deathblade,ShimmerscaleGoldmancersStaff,,,,,,,,,2.0,RedBuff,WarmogsArmor,DragonsClaw,,,,,,,,,,,,,,,,,,,,,,,,,,,,,,,,,,,,,,,,,,,,,,,,,,,,,,,,,2.0,,,,,,,,,,,,,,,,,,,,,,,,,,,,,,,,,,,,,,,,,,,,,,,,,,,,,,,,,,,,,,,,2.0,,,,,,,,,,,,,,,,,,,,,,,,,,,,2.0,IonicSpark,TitanicHydra,BrambleVest,3.0,TrainerSnax,None,None,2.0,,,,,,,,,,,,,,,,,,,,,,,,,,,,,,,,,,,
2,EUW1_5971463949,TFT6_Augment_CyberneticImplants1,TFT6_Augment_SecondWind2,TFT7_Augment_GadgetExpert,2.0,0.0,,2.0,,,,,,,1.0,,0.0,,,,0.0,,1.0,,,,,,1.0,,1.0,,,,,,,,,,,,,,,,,,,,,,,,,,,,,,,,,,2.0,StatikkShiv,RabadonsDeathcap,,,,,,,,,,,,,,,,,,,,,,,,,,,,,,,,,,,,,,2.0,GiantsBelt,,,,,,,,,,,,,,,,,,,,,,,,,,,,,,,,,,,,,,,,,,,,,,,3.0,AssassinEmblemItem,RunaansHurricane,InfinityEdge,1.0,WarmogsArmor,RedBuff,DragonsClaw,,,,,2.0,UnstableConcoction,,,,,,,,,,,,,,,,,,,2.0,,,,,,,,,,,,,,,,,,,,,,,,,,,,,,,,2.0,ThiefsGloves,GuinsoosRageblade,MadredsBloodrazor,,,,,,,,,,,None,None,,,,,,,,,,,,,,,,,,,,,,,,,,,,,,,,,,,,
1,EUW1_5971463949,TFT7_Augment_MysticTrait,TFT7_Augment_MageEmblem,TFT6_Augment_ThrillOfTheHunt2,,0.0,,1.0,,0.0,1.0,,0.0,,,,0.0,2.0,,2.0,,,0.0,,0.0,1.0,,,2.0,1.0,,0.0,,,,,,,,,1.0,MageEmblemItem,SpearOfShojin,ArchangelsStaff,,,,,,,,,,,,,,,,,,,,,,,,,,,,,,,,,,,,,,,,,,,,,,,,,,,,,,,,,2.0,,,,,,,,,,,,,,,,,,,,,,,,,,,,1.0,,,,1.0,,,,3.0,PowerGauntlet,,,,,,,,,,,,,,,,,,,2.0,WarmogsArmor,,,,,,,,,,,,,,,,,,,,,,,,,,,,,,,,,,,,,,,,,,,,,,,,,,,2.0,RedBuff,TitansResolve,BrambleVest,,,,,,,,,,,,,,,,,2.0,TrainerSnax,None,None,,,,,,,,,,,,,,,,,,,,,,,,,,,,,,,,,2.0,SeraphsEmbrace,UnstableConcoction,SpearOfShojin
7,EUW1_5971463949,TFT7_Augment_Preparation,TFT7_Augment_ShapeshifterBeastsDen,TFT7_Augment_DragonmancerInspire,,0.0,,,,,,1.0,,0.0,,1.0,,,,,0.0,,,2.0,,,,0.0,,,,1.0,,,,,,,,,,,,,2.0,,,,,,,,,,,,,,,,,,,,,,,,,,,,,,,,,,,,,,,,2.0,DragonmancerEmblemItem,ArchangelsStaff,RapidFireCannon,,,,,2.0,,,,,,,,,,,,,,,,,,,,,,,,,,,,,,,,,,,,,,,,,,,,,,,,1.0,RedBuff,,,3.0,GuinsoosRageblade,Quicksilver,MadredsBloodrazor,,,,,,,,,,,,,,,,,,,,,,,,,,,,,,,,,,,,,,,,,,,,,,,,,,,,,,,,,2.0,,,,,,,,,,,,,,,,,,,,1.0,,,,,,None,None,,,,,,,,,,,,,,,,,,,,,,,,,,,,,,,,,,,,
8,EUW1_5971463949,TFT7_Augment_MysticTrait,TFT7_Augment_PandorasBench,TFT7_Augment_DragonAlliance,,,,1.0,,,2.0,0.0,0.0,,,,,0.0,2.0,1.0,,,,,,,,,,0.0,0.0,2.0,,,,,,,,,,,,,,,,,,,,,,,,,,,,,,,,,,,,,2.0,ThiefsGloves,PowerGauntlet,LastWhisper,,,,,,,,,2.0,RedBuff,TitansResolve,,,,,,,,,,,,,,,,,,,,,,,,,,,,,,,,,,,,,,,,,,,,,,,,,,1.0,,,,,,,,,,,,,,,,,,,,,,,,,,,,,,,,,,,,,,,,,,,,,,,,,,,,,,,,,,,,,,,,,,,,,,,,,,,,1.0,,,,,,,,,,,,,,,,,,,,,,None,None,,,,,,,,,,,,,,,,,,,,,,,,,1.0,,,,,,,,,,,
4,EUW1_5971463949,TFT6_Augment_CyberneticUplink1,TFT7_Augment_DragonHorde,TFT7_Augment_UrfsGrabBag1,,,,1.0,,,2.0,0.0,,1.0,,,0.0,,1.0,,,,,,1.0,,,,1.0,,,2.0,,,,,,,,,,,,,,,,,,,,,,,,,,,,,,,,,,,,,2.0,ShimmerscaleGoldmancersStaff,HextechGunblade,ArchangelsStaff,2.0,ThiefsGloves,LocketOfTheIronSolari,TitanicHydra,,,,,2.0,UnstableConcoction,WarmogsArmor,DragonsClaw,,,,,,,,,,,,,,,,,,,,,,,,,,,,,,,,,,,,,1.0,,,,,,,,,,,,,,,,,,,,,,,,,,,,,,,,,,,,2.0,ForceOfNature,,,,,,,,,,,,,,,,,,,,,,,,,,,,,,,,,,,,,,,,,,,,,,,,,,,,,,,,,,,,,,,,,,,1.0,ZekesHerald,PowerGauntlet,SpearOfShojin,,,None,None,,,,,,,,,,,,,,,,,,,,,,,,,,,,,,,,,,,,
8,EUW1_5970885104,TFT6_Augment_ClearMind,TFT6_Augment_ThrillOfTheHunt1,TFT7_Augment_UrfsGrabBag1,,1.0,,1.0,,,,,1.0,,1.0,,,2.0,,1.0,,0.0,,,,,,,,1.0,,0.0,,,,,,,,,,,,,,,,,,,,,,,,,,,,,,,,,,,,,,,,,,,,,,,,,,,,,,,,,,,,,,,,,,,,,2.0,,,,2.0,,,,,,,,,,,,,,,,,,,,,,,,,,,,2.0,PowerGauntlet,,,2.0,,,,,,,,,,,,,,,,,,,,,,,,,,,,,,,,2.0,SpearOfShojin,StatikkShiv,RecurveBow,,,,,,,,,,,,,,,,,,,,,,,,,2.0,MageEmblemItem,,,,,,,,,,,1.0,WarmogsArmor,,,,,,,,,,,,,,,,,,,2.0,TrainerSnax,None,None,,,,,,,,,,,,,2.0,,,,,,,,,,,,,,,,,,,,,,,
2,EUW1_5970885104,TFT7_Augment_MirageHallucinate,TFT6_Augment_PandorasItems,TFT7_Augment_MirageEmblem,,,1.0,,,2.0,1.0,0.0,,1.0,2.0,,,,3.0,0.0,0.0,,,,,,,,,,1.0,,,,,,,,,,,,,,,,,,,,,,2.0,ZekesHerald,UnstableConcoction,,,,,,,,,,,,,,2.0,Quicksilver,InfinityEdge,JeweledGauntlet,,,,,,,,,,,,,,,,,,,,,,,,,1.0,,,,,,,,,,,,,,,,,,,,,,,,,,,,2.0,,,,,,,,,,,,,,,,,,,,,,,,3.0,GuardianEmblemItem,RedBuff,WarmogsArmor,,,,,,,,,,,,,,,,,,,,,2.0,,,,,,,,,,,,,,,,,,,,,,,,,,,,,,,,,,,,,,,,,,,,,,,,,,,,,,,,,,None,None,,,,,,,,,,,,,,,,,,,,,,,,,1.0,GuardianAngel,Bloodthirster,Quicksilver,1.0,NegatronCloak,,,,,,
6,EUW1_5970885104,TFT7_Augment_MirageEmblem,TFT6_Augment_ThrillOfTheHunt1,TFT6_Augment_SecondWind2,,,1.0,,1.0,0.0,1.0,0.0,0.0,,1.0,,,,3.0,1.0,,1.0,,,,,,,,0.0,0.0,,,,,,,,,,,,,,,,,,,,,,1.0,,,,,,,,2.0,GuardianAngel,MirageEmblemItem,,,,,,1.0,GuardianAngel,MadredsBloodrazor,JeweledGauntlet,,,,,,,,,,,,,,,,,,,,,,,,,,,,,,,,,,,,,2.0,BFSword,,,,,,,,,,,,,,,,,,,,,,,2.0,,,,,,,,,,,,,,,,1.0,,,,,,,,,,,,,,,,,,,,,,,,,,,,,,,,,,,,,,,,,,,,,,,,,,,,,,,,,,,,,,,,,,,,,,,,,,,,,,,,,,None,None,,,,,,,,,,,,,,,,,,,,,,,,,1.0,GargoyleStoneplate,RedBuff,,,,,,,,,
5,EUW1_5970885104,TFT6_Augment_ThreesCompany,TFT7_Augment_BruiserTrait,TFT7_Augment_BruiserTitanicStrength,1.0,0.0,,3.0,,,1.0,,,,1.0,,0.0,0.0,,,0.0,,,,,,,,1.0,,0.0,2.0,,,,,,,,,,,,,,,,,,,,,,,,,,,,,,,,,,,,,,,,,,,,,,,,,2.0,InfinityEdge,TitansResolve,Bloodthirster,,,,,,,,,,,,,,,,,,,,,1.0,,,,,,,,,,,,,,,,,,,,,,,,,,,,,,,,,,,,,,,,,,,,,,,,,,,,2.0,WarmogsArmor,Morellonomicon,,,,,,2.0,FrozenHeart,,,,,,,,,,,,,,,,,,,1.0,,,,,,,,,,,,,,,,,,,,,,,,2.0,LocketOfTheIronSolari,,,,,,,2.0,Quicksilver,InfinityEdge,,,,,,,,,,,,None,None,,,,,,,,,,,,,,,,,,,,,,,,,,,,,,,,,,,,
1,EUW1_5970885104,TFT7_Augment_UrfsGrabBag1,TFT6_Augment_Weakspot,TFT7_Augment_AssassinCutthroat,2.0,,,2.0,,,,,,,1.0,,0.0,0.0,,,0.0,,1.0,,,,,,1.0,,1.0,1.0,,,,,,,,,,,,,,,,,,,,,,,,,,,,,,,,,3.0,TitansResolve,HextechGunblade,InfinityEdge,,,,,,,,,,,,,,,,,,,,,,,,,,,,,,,,,,,,,,,,,,,,,,,,,,,,,,,,,,,,,,,,,,,,,,,,,,,,,,,,,,,,,3.0,AssassinEmblemItem,InfinityEdge,Quicksilver,2.0,,,,1.0,HextechGunblade,,,2.0,Shroud,,,,,,,,,,,,,,,,,,,2.0,,,,,,,,,,,,,,,,,,,,,,,,2.0,,,,,,,,2.0,ZekesHerald,ZekesHerald,Quicksilver,,,,,,,,,,,None,None,,,,,,,,,,,,,,,,,,,,,,,,,,,,,,,,,,,,
4,EUW1_5970885104,TFT6_Augment_TrueTwos,TFT6_Augment_Recombobulator,TFT6_Augment_ComponentGrabBag,1.0,,1.0,1.0,,0.0,,,,,3.0,,0.0,,,0.0,1.0,,,,,,,1.0,1.0,,0.0,,,,,,,,,,,,,,,,,,,,,,1.0,,,,,,,,,,,,,,,,,,,,,,,,,,,,,,,,,,,,,,,,,,,,2.0,WarmogsArmor,GargoyleStoneplate,Morellonomicon,,,,,,,,,,,,,,,,,,,,,,,,,,,,,,,,,,,,,,,,,,,,,,,,,,,,,,,,,2.0,SpearOfShojin,,,,,,,2.0,,,,,,,,,,,,,,,,,,,,2.0,Redemption,,,,,,,,,,,,,,,,,,,,,,,,,,,,,,,2.0,ZekesHerald,ZekesHerald,Chalice,,,,,,,,,,,None,None,,,,,2.0,,,,,,,,,,,,,,,,2.0,Quicksilver,MadredsBloodrazor,UnstableConcoction,,,,,,,,,,,,
3,EUW1_5970885104,TFT6_Augment_LudensEcho2,TFT7_Augment_MageTrait,TFT6_Augment_Meditation2,,0.0,,1.0,,,,,1.0,,1.0,,0.0,2.0,,1.0,,0.0,,,,,,,0.0,1.0,,0.0,,,,,,,,,,,,,,,,,,,,,,,,,,,,,,,,,,,,,,,,,,,,,,,,,,,,,,,,,,,,,,,,,,,,,2.0,Zephyr,,,3.0,TitanicHydra,TitanicHydra,,,,,,,,,,,,,,,,,,,,,,,,,,2.0,FrozenHeart,,,3.0,SpearOfShojin,ArchangelsStaff,ArchangelsStaff,,,,,,,,,,,,,,,,,1.0,,,,,,,,,,,,2.0,,,,,,,,,,,,,,,,,,,,,,,,,,,,2.0,,,,,,,,,,,,2.0,GargoyleStoneplate,RedBuff,IonicSpark,,,,,,,,,,,,,,,,,3.0,TrainerSnax,None,None,,,,,,,,,,,,,,,,,,,,,,,,,,,,,,,,,,,,
7,EUW1_5970885104,TFT6_Augment_SecondWind2,TFT6_Augment_Diversify1,TFT6_Augment_SalvageBin,1.0,,,1.0,1.0,,1.0,,,,,,,0.0,,,,1.0,,0.0,,,,,,,,3.0,,,,,,,,,,,,,,,,,,,,,,,,,,,,,1.0,,,,,,,,,,,,,,,,,,,,1.0,GuinsoosRageblade,Bloodthirster,AssassinEmblemItem,2.0,,,,,,,,,,,,,,,,,,,,,,,,2.0,,,,,,,,,,,,,,,,,,,,,,,,,,,,,,,,,,,,,,,,,,,,,,,,,,,,1.0,,,,,,,,,,,,,,,,,,,,,,,,,,,,,,,,,,,,,,,,,,,,,,,,2.0,IonicSpark,RedBuff,,,,,,,,,,,,,,,,,,,,None,None,,,,,,,,,,,,,,,,,,,,,,,,,,,,,,,,,,,,
6,EUW1_5971542068,TFT6_Augment_SecondWind2,TFT6_Augment_SunfireBoard,TFT6_Augment_Diversify2,0.0,1.0,,1.0,,,,,0.0,,2.0,,,1.0,,1.0,,,,,,,,1.0,,0.0,,0.0,,,,,,,,,,,,,,,,,,,,,,,,,,,,,,,,,,,,,,,,,,,,,,,,,,,,,,,,,,,,,,,,,,,,,,,,,3.0,MageEmblemItem,RedBuff,BrambleVest,,,,,,,,,,,,,,,,,,,,,,,,,1.0,,,,3.0,Quicksilver,,,,,,,,,,,,,,,,,,,,,,,,,,,,,,,,,,,,,,,,,,,,,,,,,,,,,,,,,,,,,,,,,,,,,,,2.0,,,,,,,,1.0,,,,,,,,,,,,,,None,None,,,,,2.0,,,,3.0,GuinsoosRageblade,RunaansHurricane,InfinityEdge,,,,,,,,,,,,,,,,,,,,,,,,
1,EUW1_5971542068,TFT6_Augment_SalvageBin,TFT6_Augment_Diversify2,TFT6_Augment_Distancing2,1.0,,1.0,1.0,,1.0,,0.0,,,3.0,,0.0,,0.0,0.0,1.0,,,,,,,1.0,1.0,,1.0,,,,,,,,,,,,,,,,,,,,,,1.0,,,,,,,,,,,,,,,,,,,,,,,,,,,,,,,,,,,,,,,,,,,,2.0,RedBuff,GargoyleStoneplate,IonicSpark,,,,,,,,,,,,,,,,,,,,,,,,,,,,,,,,,,,,,,,,,,,,,,,,,,,,,,,,,2.0,WarmogsArmor,CavalierEmblemItem,,,,,,2.0,,,,,,,,,,,,,,,,,,,,2.0,,,,,,,,,,,,,,,,,,,,,,,,,,,,,,,,2.0,UnstableConcoction,RunaansHurricane,LastWhisper,,,,,,,,,,,None,None,,,,,2.0,,,,,,,,,,,,,,,,2.0,MadredsBloodrazor,Quicksilver,GuinsoosRageblade,2.0,Bloodthirster,,,,,,,,,,
3,EUW1_5971542068,TFT7_Augment_BestFriends2,TFT6_Augment_MakeshiftArmor2,TFT6_Augment_CelestialBlessing2,,,,0.0,1.0,,1.0,,0.0,1.0,,,,1.0,,0.0,,0.0,,,2.0,1.0,,,,2.0,,1.0,,,,,,,,,,,,,,,,,,,,,,,,,,,,,2.0,InfinityEdge,PowerGauntlet,ShimmerscaleDravensAxe,,,,,,,,,2.0,GargoyleStoneplate,RedBuff,WarmogsArmor,,,,,,,,,,,,,,,,,,,,,,,,,2.0,,,,,,,,,,,,,,,,,,,,,,,,,,,,,,,,2.0,ShimmerscaleEmblemItem,ShimmerscaleHeartOfGold,,,,,,,,,,,,,,,,,,,,,,,,,,,,,,,,,,,,,,,,,,,,,,,,,,,,,,,,,,,,,,,,,,,,,,,,,,2.0,,,,,,,,,,,,,,,,2.0,,,,4.0,TrainerSnax,None,None,2.0,,,,,,,,,,,,,,,,,,,,,,,,,,,,,,,,1.0,SeraphsEmbrace,StatikkShiv,GuinsoosRageblade
7,EUW1_5971542068,TFT6_Augment_HyperRoll,TFT6_Augment_CyberneticUplink2,TFT6_Augment_Diversify2,0.0,,,1.0,,1.0,,,,,3.0,,0.0,,,,1.0,,,,,,,1.0,0.0,,0.0,,,,,,,,,,,,,,,,,,,,,,,,,,,,,,,,,,,,,,,,,,,,,,,,,,,,,,,,,,,,,,,,,,1.0,Morellonomicon,,,,,,,,,,,,,,,,,,,,,,,,,,,,,,,,,,,,,,,,,,,,,,,,,,,,,,,,,,,1.0,BFSword,,,,,,,,,,,,,,,2.0,,,,,,,,,,,,2.0,Zephyr,,,,,,,,,,,,,,,,,,,,,,,,,,,,,,,1.0,LastWhisper,InfinityEdge,,,,,,,,,,,,None,None,,,,,2.0,,,,,,,,,,,,,,,,2.0,GuinsoosRageblade,Quicksilver,InfinityEdge,,,,,,,,,,,,
4,EUW1_5971542068,TFT7_Augment_PandorasBench,TFT7_Augment_BruiserEmblem,TFT7_Augment_BigFriend2,0.0,,,3.0,,,1.0,,,0.0,,,0.0,0.0,,,0.0,,0.0,,,,,,0.0,,1.0,3.0,,,,,,,,,,,,,,,,,,,,,,,,,,,,,,,,,,,,,,,,,,,,,,,,,2.0,GuinsoosRageblade,Bloodthirster,Quicksilver,,,,,,,,,,,,,,,,,,,,,,,,,,,,,,,,,,,,,,,,,,,,,,,,,,,,,,,,,,,,,,,,,,,,,2.0,,,,2.0,RedBuff,GuardianAngel,,1.0,BruiserEmblemItem,InfinityEdge,SeraphsEmbrace,,,,,,,,,,,,,,,,,,,,,2.0,,,,,,,,,,,,,,,,,,,,,,,,2.0,GargoyleStoneplate,,,,,,,,,,,,,,,2.0,,,,,,None,None,,,,,,,,,,,,,,,,,,,,,,,,,,,,,,,,,,,,
8,EUW1_5971542068,TFT7_Augment_RevelPartyTime,TFT7_Augment_DragonAlliance,,,,,,,,,,,,,,,,,,,,,,,,,,,,,,,,,,,,,,,,,,,,,,,,,,,,,,,,,,,,,,,,,,,,,,,,,,,,,,,,,,,,,,,,,,,,,,,,,,2.0,,,,,,,,1.0,,,,,,,,,,,,,,,,,,,,,,,,,,,,,,,,,,,,,,,,,,,,,,,,,,,,,,,,,,,,,,,,,,,,,,,,,,,,2.0,,,,,,,,1.0,,,,,,,,,,,,,,,,,,,,,,,,,,,,,,,,,,,,1.0,TrainerSnax,None,None,1.0,,,,,,,,,,,,,,,,,,,,,,,,,,,,,,,,,,,
2,EUW1_5971542068,TFT7_Augment_RevelPartyTime,TFT7_Augment_CannoneerHotShot,TFT6_Augment_ComponentGrabBag,0.0,,,,1.0,,1.0,0.0,1.0,1.0,,,,,0.0,0.0,,1.0,,,1.0,,,,,1.0,0.0,1.0,,,,,,,,,,,,,,,,,,,,,,,,,,,,,2.0,InfinityEdge,MadredsBloodrazor,ShimmerscaleHeartOfGold,,,,,,,,,2.0,GargoyleStoneplate,WarmogsArmor,GargoyleStoneplate,,,,,,,,,,,,,,,,,,,,,,,,,,,,,,,,,,,,,,,,,,,,,,,,,,,,,,,,,2.0,ZekesHerald,LocketOfTheIronSolari,,,,,,,,,,,,,,,,,,,,,,,,,,1.0,,,,,,,,,,,,,,,,,,,,,,,,,,,,,,,,,,,,2.0,ArchangelsStaff,SpearOfShojin,,,,,,,,,,,,,,,,,,,,,,,,,,2.0,RedBuff,,,4.0,TrainerSnax,None,None,3.0,StatikkShiv,MadredsBloodrazor,GuinsoosRageblade,,,,,,,,,,,,,,,,,,,,,1.0,,,,,,,,,,,
5,EUW1_5971542068,TFT6_Augment_TrueTwos,TFT6_Augment_SecondWind2,TFT6_Augment_ThrillOfTheHunt2,,1.0,1.0,2.0,,0.0,,,,,2.0,,0.0,,,0.0,0.0,,,,,,,1.0,1.0,,0.0,,,,,,,,,,,,,,,,,,,,,,1.0,ZekesHerald,,,,,,,,,,,,,,,,,,,,,,,,,,,,,,,,,,,1.0,,,,,,,,,,,,,,,,3.0,GargoyleStoneplate,GargoyleStoneplate,RedBuff,,,,,,,,,,,,,,,,,,,,,,,,,,,,,,,,,,,,,,,,,,,,,,,,,1.0,,,,,,,,,,,,,,,,2.0,,,,,,,,,,,,1.0,GiantsBelt,,,,,,,2.0,,,,,,,,,,,,,,,,,,,,,,,,,,,,,,,,,,,,,,None,None,,,,,,,,,3.0,RunaansHurricane,Deathblade,MadredsBloodrazor,,,,,,,,,,,,,,,,,,,,,,,,
7,EUW1_5971982487,TFT7_Augment_JadeEmblem,TFT6_Augment_Featherweights2,TFT6_Augment_RadiantRelics,,,,,,,1.0,0.0,,1.0,1.0,1.0,,,3.0,,,,,,,,1.0,0.0,,,1.0,,,,,,,,,,,,,,,,,,,,,,,,,,,,,,,,,,,,,,2.0,GuinsoosRageblade,Bloodthirster,Quicksilver,,,,,,,,,,,,,,,,,,,,,,,,,,,,,,,,,,,,,,,,,,,,,,,,,,,,,2.0,JadeEmblemItem,,,,,,,,,,,,,,,,,,,,,,,,,,,,,,,,,,,,,,,,,,,,,,,,,,,,,,,,,,,,,,,,,,,,,,,,,,,1.0,ZekesHerald,ZekesHeraldRadiant,ZekesHerald,,,,,,,,,,,,,,,,,2.0,,,,,,,,,,None,None,,,,,1.0,,,,,,,,,,,,,,,,,,,,1.0,TitansResolve,,,2.0,,,,,,,
3,EUW1_5971982487,TFT7_Augment_ShimmerscaleEmblem,TFT7_Augment_GadgetExpert,TFT6_Augment_CyberneticImplants3,0.0,,,1.0,,,1.0,1.0,,0.0,,,0.0,,0.0,,1.0,,,0.0,3.0,,,,1.0,,1.0,,,,,,,,,,,,,,,,,,,,,,,,,,,,,,,,,,,,,,,,,,2.0,ShimmerscaleMogulsMail,WarmogsArmor,ShimmerscaleHeartOfGold,,,,,,,,,,,,,,,,,,,,,,,,,,,,,,,,,,,,,,,,,2.0,ShimmerscaleDravensAxe,Shroud,,3.0,TitansResolve,MadredsBloodrazor,UnstableConcoction,,,,,,,,,,,,,,,,,,,,,,,,,,,,,,,,,2.0,ShimmerscaleEmblemItem,Morellonomicon,,,,,,,,,,,,,,,,,,,,,,,,,,2.0,ShimmerscaleEmblemItem,,,,,,,,,,,,,,,,,,,3.0,GuinsoosRageblade,StatikkShiv,ShimmerscaleGoldmancersStaff,,,,,,,,,,,,,,,,,,,,,,,None,None,,,,,,,,,,,,,,,,,2.0,ZekesHerald,ZekesHerald,,,,,,1.0,,,,,,,,,,,
4,EUW1_5971982487,TFT7_Augment_BestFriends1,TFT7_Augment_Preparation2,TFT6_Augment_TheGoldenEgg,,1.0,1.0,1.0,,,,0.0,0.0,,1.0,0.0,,1.0,,2.0,0.0,,,,0.0,1.0,,2.0,0.0,0.0,,0.0,,,,,,,,,,,,,2.0,,,,,,,,2.0,,,,,,,,,,,,,,,,,,,,,,,,,,,,,,,,,,,,2.0,,,,,,,,,,,,,,,,3.0,BrambleVest,RedBuff,DragonsClaw,,,,,,,,,,,,,,,,,,,,,,,,,2.0,ZekesHerald,,,3.0,ThiefsGloves,HextechGunblade,UnstableConcoction,,,,,,,,,,,,,,,,,,,,,,,,,,,,,,,,,,,,,,,,,,,,,,,,,,,,,,,,,,,,,,,,,,,,,2.0,Shroud,GiantsBelt,,,,,,,,,,,,,,,,,,,,None,None,,,,,,,,,3.0,GuinsoosRageblade,MadredsBloodrazor,LastWhisper,,,,,,,,,2.0,,,,,,,,,,,,1.0,,,
2,EUW1_5971982487,TFT6_Augment_ItemGrabBag1,TFT6_Augment_Diversify2,TFT6_Augment_Diversify3,1.0,,,2.0,,,1.0,,,,2.0,,0.0,1.0,,,0.0,,,,0.0,1.0,,,1.0,,0.0,2.0,,,,,,,,,,,,,,,,,,,,,,,,,,,,,,,,,,,,,,,,,,,,,,,,,2.0,GuinsoosRageblade,Bloodthirster,Quicksilver,,,,,,,,,,,,,,,,,,,,,,,,,,,,,,,,,,,,,,,,,,,,,,,,,,,,,,,,,,,,,,,,,,,,,,,,,2.0,LocketOfTheIronSolari,LocketOfTheIronSolari,RedBuff,,,,,2.0,NeedlesslyLargeRod,FrozenHeart,,2.0,,,,,,,,,,,,,,,,1.0,,,,,,,,,,,,,,,,,,,,,,,,2.0,,,,,,,,2.0,RedBuff,MadredsBloodrazor,Deathblade,,,,,,,,,,,None,None,,,,,,,,,,,,,,,,,,,,,,,,,,,,,,,,,2.0,SeraphsEmbrace,Bloodthirster,
6,EUW1_5971982487,TFT6_Augment_CyberneticShell1,TFT6_Augment_Electrocharge2,TFT7_Augment_MirageEmblem2,,,,,,2.0,1.0,,,0.0,1.0,,,,3.0,,0.0,,,,,,,,,,0.0,,,,,,,,,,,,,,,,,,,,,,,,,,,,,,,,,,,,,,2.0,UnstableConcoction,MadredsBloodrazor,ArchangelsStaff,,,,,,,,,,,,,,,,,,,,,,,,,2.0,MirageEmblemItem,,,,,,,,,,,,,,,,,,,,,,,,,,,2.0,,,,,,,,,,,,,,,,,,,,,,,,2.0,GargoyleStoneplate,DragonsClaw,Redemption,,,,,,,,,,,,,,,,,,,,,2.0,,,,,,,,,,,,,,,,,,,,,,,,,,,,,,,,,,,,,,,,,,,,,,,,,,,,,,,,,,None,None,,,,,,,,,,,,,,,,,,,,,,,,,,,,,1.0,StatikkShiv,UnstableConcoction,RunaansHurricane,,,,
5,EUW1_5971982487,TFT7_Augment_AFK,TFT7_Augment_BestFriends2,TFT7_Augment_BruiserEmblem2,1.0,,,2.0,,,1.0,0.0,,,,,0.0,0.0,0.0,,,,,0.0,,,,,1.0,,0.0,3.0,,,,,,,,,,,,,,,,,,,,,,,,,,,,,,,,,,,,,,,,,,,,,,,,,2.0,Deathblade,UnstableConcoction,TitansResolve,2.0,BruiserEmblemItem,Redemption,,,,,,,,,,,,,,,,,,,,,,,,,,,,,,,,,,,,,,,,,,,,,,,,,,,,,,,,,,,,,,,,,,,,,,2.0,ThiefsGloves,TearOfTheGoddess,Morellonomicon,1.0,SpearOfShojin,FrozenHeart,,1.0,,,,,,,,,,,,,,,,,,,,,,,,,,,,,,,,,,,,,,,,,,,,2.0,RedBuff,,,,,,,,,,,,,,,,,,,,,None,None,,,,,,,,,,,,,,,,,,,,,,,,,2.0,Bloodthirster,,,,,,,,,,
8,EUW1_5971982487,TFT7_Augment_ShimmerscaleEmblem,TFT6_Augment_ThrillOfTheHunt2,TFT6_Augment_ForceOfNature,1.0,,,1.0,,1.0,,,,,3.0,,0.0,,,,1.0,,,,0.0,,,1.0,1.0,,0.0,,,,,,,,,,,,,,,,,,,,,,,,,,,,,,,,,,,,,,,,,,,,,,,,,,,,,,,,,,,,,,,,,,2.0,ThiefsGloves,GiantsBelt,RedBuff,,,,,,,,,,,,,,,,,,,,,,,,,,,,,,,,,,,,,,,,,,,,,,,,,,,,,,,,,1.0,RedBuff,ShimmerscaleEmblemItem,,,,,,2.0,,,,,,,,2.0,,,,,,,,,,,,2.0,,,,,,,,,,,,,,,,,,,,,,,,,,,,,,,,1.0,Deathblade,RapidFireCannon,,,,,,,,,,,,None,None,,,,,2.0,,,,,,,,,,,,,,,,1.0,GuinsoosRageblade,Deathblade,Quicksilver,,,,,,,,,,,,
1,EUW1_5971982487,TFT6_Augment_TinyTitans,TFT6_Augment_CelestialBlessing2,TFT6_Augment_HighEndShopping,,,1.0,,,,1.0,0.0,,,1.0,2.0,,0.0,0.0,1.0,,,,1.0,0.0,1.0,1.0,,,,0.0,,,,,,,,,,,,,,,,,,,,,,2.0,Quicksilver,,,,,,,,,,,,,,,,,,,,,,,2.0,GuinsoosRageblade,RunaansHurricane,TitansResolve,,,,,,,,,,,,,2.0,,,,,,,,,,,,,,,,,,,,,,,,,,,,,,,,,,,,,,,,,,,,,,,,3.0,GargoyleStoneplate,RedBuff,JeweledGauntlet,,,,,,,,,,,,,,,,,,,,,,,,,,,,,,,,,,,,,,,,,,,,,,,,,,,,,,,,,2.0,,,,,,,,,,,,,,,,,,,,,,,,,,,,,,None,None,,,,,,,,,,,,,,,,,,,,,,,,,2.0,TitansResolve,SpearOfShojin,SparringGloves,,,,,2.0,UnstableConcoction,,
6,EUW1_5971837960,TFT6_Augment_CyberneticUplink1,TFT6_Augment_PortableForge,TFT6_Augment_CyberneticShell2,,0.0,,1.0,,,,,0.0,,1.0,,,2.0,,1.0,,,,,0.0,1.0,,,,1.0,,0.0,,,,,,,,,,,,,,,,,,,,,,,,,,,,,,,,,,,,,,,,,,,,,,,,,,,,,,,,,,,,,,,,,,,,,2.0,,,,2.0,ChainVest,,,,,,,,,,,,,,,,,,,,,,,,,,,2.0,,,,3.0,ArchangelsStaff,,,,,,,,,,,,,,,,,,,,,,,,,,,,,,,2.0,SpearOfShojin,ArchangelsStaff,OrnnTheCollector,,,,,,,,,,,,,,,,,,,,,,,,,,,,,,,,,,,,,2.0,RedBuff,GargoyleStoneplate,,,,,,,,,,,,,,,,,,2.0,TrainerSnax,None,None,,,,,,,,,,,,,,,,,,,,,,,,,,,,,,,,,1.0,SpearOfShojin,RabadonsDeathcap,
8,EUW1_5971837960,TFT7_Augment_BestFriends1,TFT6_Augment_Diversify2,TFT7_Augment_GadgetExpert,,,,,1.0,,1.0,,1.0,1.0,,,,,,0.0,,1.0,0.0,,1.0,,,,,1.0,,,,,,,,,,,,,,,,,,,,,,,,,,,2.0,,,,1.0,Quicksilver,MadredsBloodrazor,ShimmerscaleDravensAxe,,,,,,,,,2.0,FrozenHeart,Redemption,DragonsClaw,,,,,,,,,,,,,,,,,,,,,,,,,,,,,,,,,,,,,,,,,,,,,,,,,,,,,,,,,2.0,,,,,,,,,,,,,,,,,,,,,,,,,,,,,,,,,,,,,,,,,,,,,,,,,,,,,,,,,,,,,,,,2.0,JeweledGauntlet,StatikkShiv,,,,,,,,,,,,,,,,,,,,,,,,,,,,,,2.0,TrainerSnax,None,None,1.0,Deathblade,,,,,,,,,,,,,,,,,,,,,,,,,,,,,,,,,,
7,EUW1_5971837960,TFT6_Augment_CyberneticUplink1,TFT6_Augment_CelestialBlessing2,TFT6_Augment_ComponentGrabBag,,,,1.0,,,1.0,,1.0,,,1.0,0.0,,,,0.0,0.0,,1.0,,,,,2.0,,0.0,,,,,,2.0,ThiefsGloves,GiantsBelt,RedBuff,1.0,SpearOfShojin,Bloodthirster,RabadonsDeathcap,,,,,,,,,,,,,,,,,,,,,,,,,,,,,,,,,,,,,,,,,,,,,,,,,1.0,Zephyr,,,,,,,,,,,,,,,,,,,,,,,,,,,,,,,,,,,,,,,,,,,,,,,2.0,GargoyleStoneplate,RedBuff,,,,,,,,,,,,,,2.0,BFSword,,,,,,,,,,,,,,,,,,,,,,,,,,,2.0,Shroud,,,,,,,,,,,2.0,NegatronCloak,,,,,,,,,,,,,,,,,,,,,,,,,,,,,,,,,None,None,,,,,,,,,,,,,,,,,,,,,,,,,,,,,,,,,,,,
5,EUW1_5971837960,TFT6_Augment_Weakspot,TFT6_Augment_Diversify2,TFT6_Augment_Meditation2,,,,,1.0,,1.0,,1.0,1.0,,,,0.0,,0.0,,1.0,,,1.0,1.0,,,,1.0,,0.0,,,,,,,,,,,,,,,,,,,,,,,,,,,,,2.0,UnstableConcoction,GuinsoosRageblade,Deathblade,,,,,,,,,1.0,DragonsClaw,GargoyleStoneplate,RedBuff,,,,,,,,,,,,,,,,,,,,,,,,,,,,,,,,,,,,,,,,,,,,,,,,,,,,,,,,,1.0,,,,,,,,,,,,,,,,,,,,,,,,,,,,,,,,,,,,,,,,,,,,,,,,,,,,,,,,,,,,,,,,2.0,,,,,,,,,,,,,,,,,,,,,,,,,,,,1.0,,,,4.0,TrainerSnax,None,None,2.0,SeraphsEmbrace,GuinsoosRageblade,ShimmerscaleDravensAxe,,,,,,,,,,,,,,,,,,,,,,,,,,,,,1.0,,,
3,EUW1_5971837960,TFT7_Augment_BestFriends1,TFT6_Augment_CelestialBlessing2,TFT6_Augment_PortableForge,,,,,1.0,,1.0,0.0,1.0,1.0,,0.0,,,0.0,0.0,,1.0,,,1.0,,,,,1.0,0.0,,,,,,,,,,,,,,,,,,,,,,,,,,,,,,2.0,InfinityEdge,LastWhisper,GuinsoosRageblade,,,,,,,,,2.0,OrnnEternalWinter,Quicksilver,SparringGloves,,,,,,,,,,,,,,,,,,,,,,,,,,,,,,,,,,,,,,,,,,,,,,,,,,,,,,,,,2.0,,,,,,,,,,,,,,,,,,,,,,,,,,,,,,,,,,,,,,,,,,,,,,,,,,,,,,,,,,,,,,,,2.0,SpearOfShojin,ShimmerscaleDravensAxe,,,,,,,,,,,,,,,,,,,,,,2.0,,,,,,,,3.0,TrainerSnax,None,None,2.0,ThiefsGloves,WarmogsArmor,DragonsClaw,,,,,,,,,,,,,,,,,,,,,2.0,Bloodthirster,SeraphsEmbrace,Quicksilver,,,,,,,,
2,EUW1_5971837960,TFT7_Augment_JadeEmblem,TFT7_Augment_JadeTrait,TFT7_Augment_GadgetExpert,,,1.0,,,,1.0,0.0,0.0,,1.0,2.0,0.0,,,0.0,2.0,,,2.0,,,,1.0,,,,,,,,,2.0,StatikkShiv,RunaansHurricane,UnstableConcoction,,,,,1.0,Deathblade,,,,,,,2.0,RagewingEmblemItem,,,,,,,,,,,,,,,,,,,,,,,,,,,,,,,,,,,,,,,2.0,,,,,,,,,,,,,,,,,,,,,,,,,,,,,,,,,,,,,,,,,,,,,,,,1.0,GargoyleStoneplate,RedBuff,DragonsClaw,,,,,,,,,,,,,,,,,,,,,,,,,,,,,,,,,,,,,,,,,,,,,1.0,JadeEmblemItem,UnstableConcoction,JeweledGauntlet,,,,,,,,,,,,,1.0,,,,,,,,,,,,,,,,,,,,,,,,,,None,None,,,,,,,,,,,,,,,,,,,,,2.0,GuinsoosRageblade,MadredsBloodrazor,Quicksilver,,,,,,,,,,,,
1,EUW1_5971837960,TFT7_Augment_AFK,TFT6_Augment_SecondWind2,TFT7_Augment_SwiftshotPressTheAttack,0.0,1.0,1.0,1.0,,,,,0.0,,3.0,,,1.0,,2.0,,,,,0.0,1.0,,1.0,,0.0,,0.0,,,,,,,,,,,,,,,,,,,,,1.0,TitanicHydra,,,,,,,,,,,,,,,,,,,,,,,,,,,,,,,,,,,,,,,,,,,,,,,,,,,3.0,GargoyleStoneplate,Redemption,DragonsClaw,,,,,,,,,,,,,,,,,,,,,,,,,2.0,ZekesHerald,,,3.0,ArchangelsStaff,,,,,,,,,,,,,,,,,,,,,,,,,,,,,,,,,,,,,,,,,,,,,,,,,,,,,,,,,,,,,,,,,,,,,,,2.0,RedBuff,,,,,,,2.0,,,,,,,,,,,,,,None,None,,,,,2.0,,,,3.0,GuinsoosRageblade,RunaansHurricane,InfinityEdge,,,,,,,,,,,,,,,,,,,,,2.0,,,
4,EUW1_5971837960,TFT7_Augment_AFK,TFT7_Augment_LastStand,TFT7_Augment_GuildEmblem,,,1.0,1.0,,1.0,1.0,0.0,,,3.0,,0.0,,0.0,0.0,0.0,,,,,,,,2.0,,1.0,,,,,,,,,,2.0,GuildEmblemItem,Quicksilver,GuinsoosRageblade,,,,,,,,,1.0,StatikkShiv,,,,,,,,,,,,,,,,,,,,,,,,,,,,,,,,,,,,,,,,,,,2.0,Morellonomicon,Shroud,,,,,,,,,,,,,,,,,,,,,,,,,,,,,,,,,,,,,,,,,,,,,,,,,,,,,,,,,,2.0,GiantsBelt,,,,,,,,,,,,,,,2.0,,,,,,,,,,,,2.0,RunaansHurricane,,,,,,,,,,,,,,,,,,,,,,,,,,,,,,,,,,,,,,,,,,,,,None,None,,,,,,,,,,,,,,,,,,,,,,,,,2.0,InfinityEdge,UnstableConcoction,HextechGunblade,,,,,,,,
1,EUW1_5971920438,TFT7_Augment_RevelEmblem2,TFT7_Augment_CannoneerTrait,TFT7_Augment_CannoneerHotShot,,,1.0,1.0,1.0,,1.0,0.0,1.0,,1.0,,0.0,,2.0,1.0,,3.0,,,,,,,0.0,0.0,0.0,,,,,,,,,,,,,,,,,,,,,,2.0,Shroud,,,,,,,2.0,InfinityEdge,GuinsoosRageblade,ZekesHerald,,,,,3.0,StatikkShiv,GuinsoosRageblade,RevelEmblemItem,,,,,,,,,,,,,,,,,,,,,,,,,,,,,,,,,,,,,,,,,,,,,,,,,,,,,,,,,,,,,1.0,,,,,,,,,,,,,,,,,,,,,,,,2.0,,,,,,,,,,,,,,,,,,,,,,,,,,,,,,,,,,,,,,,,2.0,JeweledGauntlet,InfinityEdge,Morellonomicon,,,,,,,,,,,,,2.0,TitanicHydra,DragonsClaw,,,,,,,,,,,,,,,,None,None,,,,,,,,,,,,,,,,,,,,,,,,,2.0,UnstableConcoction,GuardianAngel,Quicksilver,,,,,,,,
2,EUW1_5971920438,TFT7_Augment_CavalierEmblem2,TFT6_Augment_TinyTitans,TFT6_Augment_SecondWind2,,,1.0,1.0,,2.0,1.0,,,,1.0,0.0,0.0,1.0,,0.0,0.0,,0.0,,0.0,1.0,1.0,,2.0,,,0.0,,,,,,,,,2.0,ArchangelsStaff,SpearOfShojin,ArchangelsStaff,,,,,,,,,2.0,Redemption,,,,,,,,,,,,,,,,,,,,,,,,,,,,,,,,,,,,,,,,,,,2.0,TitanicHydra,GargoyleStoneplate,,,,,,,,,,,,,,,,,,,,,,,,,,,,,,2.0,,,,,,,,,,,,,,,,,,,,,,,,,,,,2.0,RedBuff,IonicSpark,FrozenHeart,,,,,,,,,,,,,,,,,,,,,,,,,,,,,,,,,,,,,,,,,2.0,ArchangelsStaff,,,,,,,2.0,CavalierEmblemItem,GargoyleStoneplate,,,,,,,,,,,,,,,,,,,,None,None,,,,,,,,,,,,,,,,,,,,,,,,,,,,,,,,,2.0,MadredsBloodrazor,GuinsoosRageblade,NeedlesslyLargeRod
5,EUW1_5971920438,TFT7_Augment_CavalierEmblem2,TFT7_Augment_CavalierTrait,TFT7_Augment_GuildGearUpgrades,1.0,,,1.0,,3.0,,,,,3.0,,0.0,,,,1.0,,,,,,,1.0,1.0,,0.0,,,,,,,,,,,,,,,,,,,,,,,,,,,,,,,,,,,,,,,,,,,,,,,,,,,,,,,,,,,,,,,,,,2.0,RedBuff,,,,,,,,,,,,,,,,,,,,,,,,,,,,,,,,,,,,,,,,,,,,,,,,,,,,,,,,,,,1.0,,,,,,,,2.0,FrozenHeart,IonicSpark,GuinsoosRageblade,,,,,2.0,NeedlesslyLargeRod,,,,,,,,,,,2.0,,,,,,,,,,,,,,,,,,,,,,,,,,,,,,,,2.0,InfinityEdge,CavalierEmblemItem,Bloodthirster,,,,,,,,,,,None,None,,,,,2.0,BFSword,,,,,,,,,,,,,,,2.0,GuinsoosRageblade,MadredsBloodrazor,Quicksilver,,,,,,,,,,,,
3,EUW1_5971920438,TFT7_Augment_LivingForge,TFT6_Augment_SecondWind1,TFT6_Augment_ComponentGrabBag,1.0,,,0.0,1.0,,,0.0,0.0,0.0,1.0,,0.0,,0.0,0.0,,0.0,0.0,,,,,,1.0,1.0,0.0,,,,,,,,,,,,,,,,,,,,,,,,,,2.0,WarmogsArmor,OrnnRocketPropelledFist,RedBuff,2.0,GuinsoosRageblade,Deathblade,OrnnObsidianCleaver,,,,,,,,,,,,,,,,,,,,,,,,,,,,,,,,,,,,,,,,,,,,,,,,,,,,,,,,,,,,,,,,,,,,,2.0,LocketOfTheIronSolari,,,,,,,,,,,,,,,,,,,,,,,1.0,GargoyleStoneplate,Shroud,,,,,,2.0,NegatronCloak,FrozenHeart,,,,,,,,,,,,,,,,,,,,,,,,,,,,,,,,,,,,,,,,,,,,,,,,,,2.0,ThiefsGloves,RunaansHurricane,ArchangelsStaff,,,,,,,,,3.0,TrainerSnax,None,None,2.0,Morellonomicon,,,,,,,,,,,,,,,,,,,,,,,2.0,TitansResolve,UnstableConcoction,OrnnTheCollector,,,,,,,,
7,EUW1_5971920438,TFT6_Augment_BandOfThieves2,TFT6_Augment_LudensEcho1,TFT7_Augment_BestFriends2,,,,,2.0,,1.0,,1.0,1.0,,,,,,0.0,,2.0,,,1.0,,,,,1.0,,0.0,,,,,,,,,,,,,,,,,,,,,,,,,,,,,1.0,RunaansHurricane,GuinsoosRageblade,GuardianAngel,,,,,,,,,2.0,GargoyleStoneplate,IonicSpark,WarmogsArmor,,,,,,,,,,,,,,,,,,,,,,,,,,,,,,,,,2.0,ThiefsGloves,WarmogsArmor,GargoyleStoneplate,,,,,,,,,,,,,,,,,,,,,2.0,ShimmerscaleHeartOfGold,,,,,,,,,,,,,,,,,,,,,,,,,,,,,,,,,,,,,,,,,,,,,,,,,,,,,,,,,,,,,,,2.0,ThiefsGloves,BFSword,ZekesHerald,,,,,,,,,,,,,,,,,,,,,,,,,2.0,ThiefsGloves,RecurveBow,RunaansHurricane,3.0,TrainerSnax,None,None,1.0,Zephyr,,,,,,,,,,,,,,,,,,,,,,,,,,,,,,,,,,
6,EUW1_5971920438,TFT7_Augment_BestFriends3,TFT6_Augment_TinyTitans,TFT6_Augment_CelestialBlessing2,1.0,0.0,,2.0,,,,,,,2.0,,0.0,0.0,,,,,0.0,,,,,1.0,1.0,,0.0,0.0,,,,,,,,,,,,,,,,,,,,,,,,,,,,,,,,,,,,,,,,,,,,,,,,,,,,,,,,,,,,,,,,,,,,,,,,,3.0,RedBuff,GargoyleStoneplate,TitansResolve,,,,,,,,,,,,,,,,,,,,,,,,,,,,,,,,,,,,,,,,,,,,,2.0,,,,1.0,,,,,,,,2.0,RedBuff,,,,,,,,,,,,,,,,,,,,,,,,,,,,,,,,,,,,,,,,,,,2.0,TitanicHydra,,,,,,,1.0,,,,,,,,,,,,,,None,None,,,,,1.0,ZekesHerald,,,3.0,Quicksilver,Deathblade,GuinsoosRageblade,,,,,,,,,,,,,,,,,,,,,,,,
4,EUW1_5971920438,TFT7_Augment_CannoneerEmblem2,TFT6_Augment_ThrillOfTheHunt1,TFT6_Augment_Diversify2,,,,,2.0,,1.0,,1.0,1.0,,0.0,,,,0.0,,1.0,,,1.0,,1.0,,,1.0,,,,,,,,,,,,,,,,,,,,,,,,,,,,,,,2.0,RunaansHurricane,GuinsoosRageblade,Deathblade,,,,,,,,,2.0,GargoyleStoneplate,ShimmerscaleHeartOfGold,RedBuff,,,,,,,,,,,,,,,,,,,,,,,,,,,,,,,,,,,,,,,,,,,,,,,,,,,,,,,,,2.0,PowerGauntlet,LocketOfTheIronSolari,,,,,,,,,,,,,,,,,,,,,,,,,,,,,,,,,,,,,,,,,,,,,,,,,,,,,,,,,,,,,,1.0,ArchangelsStaff,,,1.0,,,,,,,,,,,,,,,,,,,,2.0,CannoneerEmblemItem,TitanicHydra,TitanicHydra,,,,,3.0,TrainerSnax,None,None,1.0,,,,,,,,,,,,,,,,,,,,,,,,,,,,,,,,,,,
8,EUW1_5971920438,TFT7_Augment_BestFriends3,TFT6_Augment_PandorasItems,TFT6_Augment_ThrillOfTheHunt2,0.0,,,0.0,,1.0,,1.0,0.0,,1.0,0.0,0.0,,0.0,,0.0,,,,0.0,,,,1.0,,1.0,,,,,,2.0,,,,,,,,,,,,,,,,,,,,,,,,,,,,,,,,,,,,,,,,,,,,,,,,,,,,,,,,,,,,,,,,,,,,,,,,,,,,,,,,,,,,2.0,,,,,,,,,,,,,,,,,,,,,,,,,,,,,,,,,,,,,,,,,,,,1.0,,,,,,,,2.0,,,,,,,,,,,,2.0,,,,,,,,,,,,,,,,,,,,,,,,,,,,,,,,,,,,,,,,,,,,,,None,None,,,,,,,,,,,,,,,,,2.0,Bloodthirster,GuinsoosRageblade,Quicksilver,,,,,1.0,SeraphsEmbrace,CavalierEmblemItem,,,,,,,,,
8,EUW1_5971544788,TFT6_Augment_ThrillOfTheHunt2,TFT6_Augment_SecondWind1,TFT6_Augment_Meditation2,,1.0,,1.0,,,,,0.0,,1.0,,,1.0,,1.0,,,,,,,,1.0,,1.0,,0.0,,,,,,,,,,,,,,,,,,,,,,,,,,,,,,,,,,,,,,,,,,,,,,,,,,,,,,,,,,,,,,,,,,,,,1.0,,,,2.0,Redemption,GiantsBelt,,,,,,,,,,,,,,,,,,,,,,,,,,1.0,,,,3.0,,,,,,,,,,,,,,,,,,,,,,,,,,,,,,,,,,,,,,,,,,,,,,,,,,,,,,,,,,,,,,,,,,,,,,,,1.0,,,,,,,,,,,,,,,,,,,,1.0,TrainerSnax,None,None,,,,,1.0,,,,3.0,RunaansHurricane,InfinityEdge,GuinsoosRageblade,,,,,,,,,,,,,,,,,,,,,,,,
3,EUW1_5971544788,TFT6_Augment_SunfireBoard,TFT6_Augment_ThrillOfTheHunt1,TFT6_Augment_PortableForge,1.0,,1.0,,,,1.0,,1.0,,2.0,2.0,0.0,,,2.0,,,,1.0,,,,,,0.0,,,,,,,2.0,,,,,,,,,,,,,,,,1.0,,,,,,,,,,,,,,,,,,,,,,,,2.0,MadredsBloodrazor,GuinsoosRageblade,OrnnDeathsDefiance,,,,,,,,,,,,,2.0,AssassinEmblemItem,,,,,,,,,,,,,,,,,,,,,,,,,,,,,,,,,,,,,,,2.0,,,,,,,,2.0,Zephyr,FrozenHeart,,,,,,,,,,,,,,,,,,,,,,,,,,,,,,,,,,,,,,,,,,,,,,,,,,,,,,,,,,,,,,,,,,,,,,,,,,1.0,InfinityEdge,MadredsBloodrazor,,,,,,,,,,,,None,None,,,,,,,,,,,,,,,,,,,,,,,,,,,,,,,,,,,,
2,EUW1_5971544788,TFT7_Augment_WarriorTiamat,TFT7_Augment_BestFriends1,TFT7_Augment_MirageEmblem,,,,,,3.0,1.0,0.0,,,1.0,,,0.0,3.0,,0.0,,0.0,0.0,,,,,,,1.0,0.0,,,,,,,,,,,,,,,,,,,,,,,,,,,,,,,,,,,,,2.0,StatikkShiv,JeweledGauntlet,HextechGunblade,,,,,,,,,,,,,1.0,,,,,,,,,,,,1.0,MirageEmblemItem,,,,,,,,,,,,,,,,,,,,,,,,,,,,,,,1.0,,,,,,,,,,,,,,,,,,,,3.0,WarmogsArmor,TitanicHydra,GargoyleStoneplate,,,,,,,,,,,,,,,,,,,,,2.0,,,,,,,,,,,,,,,,,,,,,,,,,,,,,,,,,,,,,,,,,,,,,,,,,,,,,,,,,,None,None,,,,,,,,,,,,,,,,,,,,,,,,,2.0,Bloodthirster,,,3.0,Bloodthirster,UnstableConcoction,TitansResolve,,,,
5,EUW1_5971544788,TFT7_Augment_CannoneerHotShot,TFT6_Augment_Electrocharge1,TFT6_Augment_ComponentGrabBag,,,1.0,,2.0,,1.0,,1.0,0.0,1.0,,,,,1.0,,2.0,,,1.0,,,,,1.0,,,,,,,,,,,,,,,,,,,,,,,2.0,NegatronCloak,,,,,,,2.0,GuinsoosRageblade,InfinityEdge,UnstableConcoction,,,,,,,,,1.0,Redemption,IonicSpark,,,,,,,,,,,,,,,,,,,,,,,,,,,,,,,,,,2.0,ZekesHerald,ShimmerscaleGamblersBlade,,,,,,,,,,,,,,,,,,,,,,2.0,Shroud,,,,,,,,,,,,,,,,,,,,,,,,,,,,,,,,,,,,,,,,,,,,,,,,,,,,,,,,,,,,,,,2.0,Shroud,,,,,,,,,,,,,,,,,,,,,,,,,,,,,,,2.0,TrainerSnax,None,None,1.0,,,,,,,,,,,,,,,,,,,,,,,,,,,,,,,,,,,
4,EUW1_5971544788,TFT6_Augment_TradeSector,TFT7_Augment_BandOfThieves1,TFT6_Augment_ThrillOfTheHunt2,,1.0,,1.0,,,,,0.0,,1.0,,,3.0,,1.0,,,,,0.0,1.0,,,,1.0,,0.0,,,,,,,,,,,,,,,,,,,,,,,,,,,,,,,,,,,,,,,,,,,,,,,,,,,,,,,,,,,,,,,,,,,,,2.0,,,,3.0,ThiefsGloves,Chalice,RabadonsDeathcap,,,,,,,,,,,,,,,,,,,,,,,,,2.0,MageEmblemItem,Chalice,,3.0,StatikkShiv,,,,,,,,,,,,,,,,,,,,,,,,,,,,,,,2.0,RabadonsDeathcap,HextechGunblade,,,,,,,,,,,,,,,,,,,,,,,,,,,,,,,,,,,,,,2.0,GargoyleStoneplate,RedBuff,,,,,,,,,,,,,,,,,,3.0,TrainerSnax,None,None,,,,,,,,,,,,,2.0,,,,,,,,,,,,,,,,,,,,1.0,,,
6,EUW1_5971544788,TFT7_Augment_GadgetExpert,TFT7_Augment_BandOfThieves1,TFT6_Augment_CyberneticImplants2,0.0,,,,,0.0,1.0,0.0,,1.0,1.0,,0.0,,,,1.0,,,,2.0,,,1.0,,,,0.0,,,,,,,,,,,,,,,,,,,,,,,,,,,,,,,,,,,,,,,,,2.0,BrambleVest,RedBuff,,,,,,,,,,,,,,,,,,,,,,1.0,,,,,,,,,,,,,,,,,,,,2.0,Deathblade,,,,,,,,,,,,,,,,,,,,,,,,,,,,,,,,,,,,,,,,,,,,,,,,,,,,,,,,,,,,,,,,,,,,,,,,,,,,,,,,,,,,,,,,,,,,,,,,,,,,,,,,,,,2.0,,,,,,None,None,,,,,2.0,ShimmerscaleGamblersBlade,StatikkShiv,ShimmerscaleDravensAxe,,,,,,,,,2.0,ThiefsGloves,SparringGloves,InfinityEdge,1.0,InfinityEdge,Deathblade,GuinsoosRageblade,,,,,,,,,,,,
7,EUW1_5971544788,TFT6_Augment_BlueBattery2,TFT6_Augment_ItemGrabBag1,TFT7_Augment_UrfsGrabBag1,,0.0,1.0,1.0,,,,,1.0,,2.0,,,2.0,,2.0,,0.0,,,0.0,1.0,,,,0.0,,0.0,,,,,,,,,,,,,,,,,,,,,1.0,MageEmblemItem,,,,,,,,,,,,,,,,,,,,,,,,,,,,,,,,,,,,,,,,,,,,,,,,,,,2.0,,,,,,,,,,,,,,,,,,,,,,,,,,,,1.0,,,,2.0,,,,,,,,,,,,,,,,,,,,,,,,,,,,,,,,2.0,SpearOfShojin,UnstableConcoction,JeweledGauntlet,,,,,,,,,,,,,,,,,,,,,,,,,2.0,,,,,,,,,,,,2.0,IonicSpark,TitansResolve,,,,,,,,,,,,,,,,,,,,None,None,,,,,,,,,,,,,,,,,,,,,,,,,,,,,,,,,1.0,Quicksilver,LastWhisper,
1,EUW1_5971544788,TFT7_Augment_RagewingScorch,TFT6_Augment_Weakspot,TFT7_Augment_SwiftshotPressTheAttack,1.0,,,1.0,,1.0,,,,,3.0,0.0,0.0,,,,1.0,,,,,,1.0,1.0,1.0,,0.0,,,,,,,,,,,,,,,,,,,,,,,,,,,,,,,,,,,,,,,,,,,,,,,,,,,,,,,,,,,,,,,,,,2.0,,,,,,,,,,,,,,,,,,,,,,,,,,,,,,,,,,,,,,,,,,,,,,,,,,,,,,,,,,,,2.0,GargoyleStoneplate,GiantsBelt,,,,,,2.0,FrozenHeart,Shroud,,,,,,2.0,,,,,,,,,,,,2.0,,,,,,,,,,,,,,,,1.0,,,,,,,,,,,,,,,,2.0,Deathblade,InfinityEdge,,,,,,,,,,,,None,None,,,,,2.0,ZekesHerald,GuinsoosRageblade,,,,,,,,,,,,,,2.0,InfinityEdge,Deathblade,GuinsoosRageblade,,,,,,,,,,,,
2,EUW1_5973006860,TFT6_Augment_CelestialBlessing1,TFT7_Augment_Preparation,TFT7_Augment_BestFriends2,0.0,,,1.0,,2.0,,0.0,,0.0,1.0,,,0.0,0.0,,0.0,,2.0,,,,,,,,1.0,,,,,,,,,,,,,,,,,,,,,,,,,,3.0,IonicSpark,GargoyleStoneplate,,,,,,2.0,Chalice,Chalice,PowerGauntlet,,,,,,,,,,,,,,,,,,,,,,,,,,,,,2.0,,,,,,,,,,,,,,,,,,,,,,,,,,,,,,,,3.0,TitansResolve,MadredsBloodrazor,Bloodthirster,,,,,,,,,,,,,,,,,,,,,2.0,,,,,,,,,,,,,,,,,,,,2.0,,,,,,,,,,,,3.0,GiantsBelt,,,,,,,,,,,,,,,,,,,,,,,,,,,,,,,,,,,,,,,,,,,,,None,None,,,,,,,,,,,,,,,,,,,,,,,,,2.0,Chalice,Bloodthirster,,,,,,,,,
5,EUW1_5973006860,TFT7_Augment_Preparation,TFT6_Augment_SecondWind1,TFT6_Augment_JeweledLotus,,,,0.0,,3.0,,1.0,0.0,,,1.0,1.0,,0.0,,0.0,,,,0.0,,,0.0,0.0,,,,,,,,2.0,CavalierEmblemItem,HextechGunblade,MadredsBloodrazor,,,,,2.0,,,,,,,,,,,,,,,,,,,,,,,,,,,,,,,,,,,,,,,,,,,,,,,,,,,,2.0,,,,,,,,,,,,,,,,2.0,,,,,,,,,,,,,,,,,,,,,,,,,,,,,,,,,,,,2.0,Chalice,,,,,,,1.0,CavalierEmblemItem,IonicSpark,,,,,,,,,,,,,,,,,,,,,,,,,,,,,,,,,,,,,,,,,,,,,,,,,,,,,,,,,,,,,,,,,,,,,,,,None,None,,,,,,,,,,,,,,,,,3.0,Bloodthirster,Bloodthirster,GuinsoosRageblade,,,,,,,,,,,,,,,,
7,EUW1_5973006860,TFT6_Augment_CyberneticUplink1,TFT6_Augment_CyberneticImplants1,TFT6_Augment_CelestialBlessing2,0.0,,,1.0,1.0,,1.0,,1.0,,1.0,,,0.0,,0.0,,1.0,,,,,,,,1.0,,2.0,,,,,,,,,,,,,,,,,,,,,,,,,,,,,2.0,Deathblade,GuinsoosRageblade,MadredsBloodrazor,,,,,,,,,,,,,,,,,2.0,BrambleVest,WarmogsArmor,RedBuff,,,,,,,,,,,,,,,,,,,,,,,,,,,,,,,,,,,,,,,,,,,,,,,,,2.0,BFSword,,,,,,,,,,,,,,,,,,,,,,,,,,,,,,,,,,,,,,,,,,,,,,,,,,,,,,,,,,,,,,,1.0,TearOfTheGoddess,,,,,,,,,,,1.0,,,,,,,,2.0,SparringGloves,Shroud,,,,,,,,,,1.0,TrainerSnax,None,None,2.0,,,,,,,,,,,,,,,,,,,,,,,,,,,,,,,,,,,
8,EUW1_5973006860,TFT7_Augment_Preparation,TFT6_Augment_CelestialBlessing1,TFT6_Augment_Distancing2,,1.0,,1.0,,,,,0.0,,2.0,,,1.0,,1.0,,,,,,,,1.0,,0.0,,0.0,,,,,,,,,,,,,,,,,,,,,,,,,,,,,,,,,,,,,,,,,,,,,,,,,,,,,,,,,,,,,,,,,,,,,,,,,2.0,WarmogsArmor,GargoyleStoneplate,,,,,,,,,,,,,,,,,,,,,,,,,,2.0,,,,3.0,,,,,,,,,,,,,,,,,,,,,,,,,,,,,,,,2.0,,,,,,,,,,,,,,,,,,,,,,,,,,,,,,,,,,,,,,,,2.0,IonicSpark,,,,,,,,,,,,,,,,,,,,,None,None,,,,,2.0,Deathblade,,,3.0,Deathblade,GuinsoosRageblade,RunaansHurricane,,,,,,,,,,,,,,,,,,,,,,,,
3,EUW1_5973006860,TFT6_Augment_Weakspot,TFT7_Augment_BestFriends1,TFT6_Augment_ThrillOfTheHunt2,0.0,0.0,,2.0,,,,,,,1.0,,0.0,0.0,,,0.0,,,,,,,1.0,1.0,,0.0,0.0,,,,,,,,,,,,,,,,,,,,,,,,,,,,,,,,,,,,,,,,,,,,,,,,,,,,,,,,,1.0,,,,,,,,,,,,,,,,3.0,BrambleVest,DragonsClaw,FrozenHeart,,,,,,,,,,,,,,,,,,,,,,,,,,,,,,,,,,,,,,,,,,,,,,,,,1.0,Morellonomicon,,,,,,,1.0,,,,,,,,,,,,,,,,,,,,2.0,,,,,,,,,,,,,,,,,,,,,,,,2.0,,,,,,,,,,,,,,,,,,,,,,None,None,,,,,2.0,SparringGloves,LastWhisper,,3.0,RunaansHurricane,GuinsoosRageblade,Deathblade,,,,,,,,,,,,,,,,,,,,,,,,
1,EUW1_5973006860,TFT6_Augment_Distancing,TFT6_Augment_LudensEcho1,TFT6_Augment_JeweledLotus,,0.0,1.0,1.0,,,1.0,,0.0,,1.0,,0.0,1.0,,2.0,,,,,0.0,1.0,,,2.0,1.0,,0.0,,,,,,,,,2.0,RabadonsDeathcap,SpearOfShojin,InfinityEdge,,,,,,,,,2.0,,,,,,,,,,,,,,,,,,,,,,,,,,,,,,,,,,,,,,,,,,,,,,,,2.0,,,,,,,,,,,,,,,,,,,,,,,,,,,,,,,,2.0,,,,3.0,SpearOfShojin,,,,,,,,,,,,,,,,,,,2.0,Shroud,SparringGloves,,,,,,,,,,,,,,,,,,,,,,,,,,,,,,,,,,,,,,,,,,,,,,,,,,2.0,RedBuff,Quicksilver,BrambleVest,,,,,,,,,,,,,,,,,4.0,TrainerSnax,None,None,,,,,,,,,,,,,,,,,,,,,,,,,,,,,,,,,1.0,SeraphsEmbrace,,
4,EUW1_5973006860,TFT6_Augment_LudensEcho1,TFT6_Augment_Diversify1,TFT6_Augment_CelestialBlessing2,1.0,,,1.0,,1.0,1.0,,,,1.0,,0.0,,2.0,,0.0,,,,,,,,1.0,,0.0,,,,,,,,,,,,,,,,,,,,,,,,,,,,,,,,,,,,,,2.0,JeweledGauntlet,InfinityEdge,MadredsBloodrazor,,,,,,,,,,,,,,,,,,,,,,,,,2.0,,,,,,,,,,,,,,,,,,,,,,,,,,,,,,,,,,,,,,,,,,,,,,,,,,,,2.0,RedBuff,Redemption,,,,,,2.0,LocketOfTheIronSolari,,,,,,,1.0,ZekesHerald,ZekesHerald,,,,,,,,,,,,,,,,,,1.0,,,,,,,,,,,,,,,,,,,,,,,,,,,,,,,,2.0,FrozenHeart,,,,,,,,,,,,,None,None,,,,,,,,,,,,,,,,,,,,,,,,,,,,,,,,,,,,
6,EUW1_5973006860,TFT7_Augment_BestFriends1,TFT7_Augment_BandOfThieves1,TFT6_Augment_ComponentGrabBag,1.0,,1.0,0.0,,,1.0,0.0,,,2.0,,0.0,,0.0,0.0,,,,,,,,0.0,3.0,,0.0,,,,,,,,,,1.0,Quicksilver,GuinsoosRageblade,MadredsBloodrazor,,,,,,,,,1.0,NeedlesslyLargeRod,,,,,,,,,,,,,,,,,,,,,,,,,,,,,,,,,,,,,,,,,,,,,,,,,,,,,,,,,,,,,,,,,,,2.0,PowerGauntlet,RedBuff,,,,,,,,,,,,,,,,,,,,,,,,,,,,,,,,,,2.0,ThiefsGloves,RunaansHurricane,Quicksilver,,,,,2.0,,,,,,,,,,,,,,,,,,,,,,,,,,,,,,,,,,,,,,,,,,,,,,,,,,,,,,,,,,,,,,,,,,None,None,,,,,2.0,,,,,,,,,,,,,,,,,,,,1.0,Quicksilver,AssassinEmblemItem,Bloodthirster,,,,,,,,
4,EUW1_5972817982,TFT7_Augment_GadgetExpert,TFT7_Augment_LastStand,TFT6_Augment_Diversify2,1.0,,,1.0,,0.0,,0.0,,0.0,2.0,,0.0,,1.0,,1.0,,,,,,,1.0,1.0,,1.0,,,,,,,,,,,,,,,,,,,,,,,,,,,,,,,,,,,,,,,,,,,,,,,,,,,,,,,,,,,,,,,,,,1.0,ThiefsGloves,Morellonomicon,IonicSpark,,,,,,,,,,,,,,,,,,,,,,,,,2.0,ThiefsGloves,ZekesHerald,ZekesHerald,,,,,,,,,,,,,,,,,,,,,,,,,,,,,2.0,,,,,,,,1.0,,,,,,,,,,,,,,,,,,,,2.0,,,,,,,,,,,,,,,,,,,,,,,,,,,,,,,,2.0,FrozenHeart,RedBuff,,,,,,,,,,,,None,None,,,,,2.0,StatikkShiv,,,,,,,,,,,,,,,1.0,GuinsoosRageblade,RunaansHurricane,StatikkShiv,2.0,ArchangelsStaff,SwiftshotEmblemItem,,,,,,,,,
7,EUW1_5972817982,TFT6_Augment_CyberneticShell2,TFT6_Augment_Ascension,TFT6_Augment_SecondWind2,1.0,,,1.0,,1.0,,,,,3.0,,0.0,,,,1.0,,,,,,,1.0,1.0,,0.0,,,,,,,,,,,,,,,,,,,,,,,,,,,,,,,,,,,,,,,,,,,,,,,,,,,,,,,,,,,,,,,,,,2.0,,,,,,,,,,,,,,,,,,,,,,,,,,,,,,,,,,,,,,,,,,,,,,,,,,,,,,,,,,,,2.0,,,,,,,,2.0,,,,,,,,1.0,,,,,,,,,,,,2.0,,,,,,,,,,,,,,,,,,,,,,,,,,,,,,,,2.0,UnstableConcoction,HextechGunblade,FrozenHeart,,,,,,,,,,,None,None,,,,,2.0,,,,,,,,,,,,,,,,2.0,GuinsoosRageblade,Quicksilver,MadredsBloodrazor,,,,,,,,,,,,
1,EUW1_5972817982,TFT7_Augment_ClutteredMind,TFT6_Augment_CelestialBlessing2,TFT7_Augment_FirstAidKit2,,,1.0,,,,1.0,1.0,1.0,,1.0,1.0,0.0,,0.0,0.0,,0.0,,1.0,,,,,2.0,,0.0,,,,,,2.0,HextechGunblade,,,2.0,ArchangelsStaff,SpearOfShojin,JeweledGauntlet,,,,,,,,,1.0,,,,,,,,,,,,,,,,,,,,,,,,,,,,,,,,,,,,,,,,2.0,DragonmancerEmblemItem,,,,,,,,,,,,,,,,,,,,,,,,,,,2.0,,,,,,,,,,,,,,,,,,,,2.0,RedBuff,GuardianAngel,GargoyleStoneplate,,,,,,,,,,,,,,,,,,,,,,,,,,,,,,,,,,,,,,,,,,,,,,,,,,,,,2.0,ThiefsGloves,,,,,,,,,,,,,,,,,,,,,,,,,,,,,,,,,None,None,,,,,,,,,,,,,,,,,,,,,,,,,2.0,FrozenHeart,GuardianAngel,,,,,,,,,
8,EUW1_5972817982,TFT6_Augment_TargetDummies,TFT7_Augment_CannoneerHotShot,TFT7_Augment_BestFriends2,,,,,2.0,,1.0,,1.0,0.0,,,,,,0.0,,2.0,,,1.0,,,,,1.0,,,,,,,,,,,,,,,,,,,,,,,,,,,,,,,1.0,GuinsoosRageblade,MadredsBloodrazor,InfinityEdge,,,,,,,,,1.0,DragonsClaw,BrambleVest,RedBuff,,,,,,,,,,,,,,,,,,,,,,,,,,,,,,,,,2.0,,,,,,,,,,,,,,,,,,,,,,,,1.0,,,,,,,,,,,,,,,,,,,,,,,,,,,,,,,,,,,,,,,,,,,,,,,,,,,,,,,,,,,,,,,,2.0,ShimmerscaleGoldmancersStaff,RabadonsDeathcap,JeweledGauntlet,,,,,,,,,,,,,,,,,,,,,,,,,,,,,1.0,TrainerSnax,None,None,2.0,,,,,,,,,,,,,,,,,,,,,,,,,,,,,,,,,,,
6,EUW1_5972817982,TFT6_Augment_Traitless2,TFT7_Augment_GadgetExpert,TFT6_Augment_ComponentGrabBag,,,1.0,0.0,0.0,0.0,,0.0,,,1.0,0.0,0.0,,0.0,0.0,0.0,0.0,,0.0,,,1.0,0.0,0.0,,0.0,,,,,,,,,,,,,,,,,,,,,,2.0,SpearOfShojin,PowerGauntlet,,,,,,2.0,StatikkShiv,,,,,,,,,,,,,,,,,,,,,,,,,,,,,,,,,,,2.0,FrozenHeart,,,,,,,,,,,,,,,,,,,,,,,,,,,,,,,,,,,,,,,,,,,2.0,WarmogsArmor,RedBuff,GargoyleStoneplate,,,,,,,,,,,,,1.0,,,,,,,,,,,,,,,,,,,,,,,,,,,,,,,,,,,,,,,,,,,,1.0,,,,,,,,,,,,,,,,,,,,,,,,,,,,,,None,None,,,,,,,,,,,,,,,,,,,,,2.0,GuinsoosRageblade,RunaansHurricane,,1.0,,,,,,,,,,,
2,EUW1_5972817982,TFT6_Augment_TradeSector,TFT6_Augment_Meditation2,TFT6_Augment_PortableForge,,0.0,1.0,1.0,,,,,0.0,,2.0,0.0,,2.0,,2.0,,,,,0.0,1.0,1.0,,,1.0,,0.0,,,,,,,,,,,,,,,,,,,,,1.0,,,,,,,,,,,,,,,,,,,,,,,,,,,,,,,,,,,,,,,,,,,,,,,,2.0,,,,3.0,TitanicHydra,DragonsClaw,Zephyr,,,,,,,,,,,,,,,,,,,,,,,,,2.0,,,,3.0,,,,,,,,,,,,,,,,,,,,,,,,,,,,,,,,3.0,MadredsBloodrazor,RabadonsDeathcap,SpearOfShojin,,,,,,,,,,,,,,,,,,,,,,,,,,,,,1.0,,,,,,,,3.0,IonicSpark,RedBuff,OrnnAnimaVisage,,,,,,,,,,,,,,,,,3.0,TrainerSnax,None,None,,,,,,,,,,,,,,,,,,,,,,,,,,,,,,,,,1.0,,,
3,EUW1_5972817982,TFT6_Augment_SunfireBoard,TFT7_Augment_BruiserTitanicStrength,TFT7_Augment_BigFriend2,0.0,0.0,1.0,3.0,,,1.0,,,,3.0,,0.0,0.0,,0.0,0.0,,0.0,,,,,,0.0,,1.0,2.0,,,,,,,,,,,,,,,,,,,,,1.0,,,,,,,,,,,,,,,,,,,,,,,,,,,,2.0,Quicksilver,InfinityEdge,Bloodthirster,,,,,,,,,,,,,,,,,,,,,2.0,,,,,,,,,,,,,,,,,,,,,,,,,,,,,,,,,,,,,,,,,,,,,,,,2.0,GuinsoosRageblade,InfinityEdge,UnstableConcoction,2.0,GuinsoosRageblade,TitansResolve,,,,,,,,,,,,,,,,,,,,,,,,,,2.0,,,,,,,,,,,,,,,,,,,,,,,,2.0,GuildEmblemItem,,,,,,,2.0,,,,,,,,,,,,,,None,None,,,,,,,,,,,,,,,,,,,,,,,,,,,,,,,,,,,,
5,EUW1_5972817982,TFT6_Augment_SunfireBoard,TFT6_Augment_PortableForge,TFT6_Augment_SecondWind2,,2.0,,1.0,,,1.0,,1.0,,,,,2.0,,1.0,,,,,,,,,,1.0,,0.0,,,,,,,,,,,,,,,,,2.0,MadredsBloodrazor,MageEmblemItem,JeweledGauntlet,,,,,,,,,,,,,,,,,,,,,,,,,,,,,,,,,,,,,,,,,,,,,,,,,2.0,,,,2.0,,,,,,,,,,,,,,,,,,,,,,,,,,,,2.0,ZekesHerald,SpearOfShojin,,3.0,SpearOfShojin,RabadonsDeathcap,ArchangelsStaff,,,,,,,,,,,,,,,,,,,,,,,,,,,,,,,,,,,,,,,,,,,,,,,,,,,,,,,,,,,,,,,,,,,,,2.0,GargoyleStoneplate,OrnnDeathsDefiance,IonicSpark,,,,,,,,,,,,,,,,,3.0,TrainerSnax,None,None,,,,,,,,,,,,,2.0,,,,,,,,,,,,,,,,,,,,,,,
7,EUW1_5971237966,TFT6_Augment_MetabolicAccelerator,TFT7_Augment_BestFriends3,TFT6_Augment_ThrillOfTheHunt1,,0.0,,,,,1.0,,0.0,,,2.0,,,,0.0,,0.0,,2.0,,,1.0,,,,,0.0,,,,,,,,,,,,,,,,,,,,,,,,,,,,,,,,,,,,,,,,,,,,,1.0,TitansResolve,InfinityEdge,,,,,,1.0,,,,,,,,2.0,,,,,,,,,,,,,,,,,,,,,,,,,,,,,,,,,,,,,,,,,,,,,,,,1.0,BrambleVest,,,3.0,GuinsoosRageblade,Deathblade,Quicksilver,,,,,,,,,,,,,,,,,,,,,,,,,,,,,,,,,,,,,,,,,,,,,,,,,1.0,,,,1.0,SeraphsEmbrace,,,,,,,,,,,,,,,,,,,,,,,,,,,,,None,None,,,,,,,,,,,,,,,,,,,,,,,,,,,,,,,,,,,,
4,EUW1_5971237966,TFT7_Augment_SwiftshotPressTheAttack,TFT6_Augment_ForceOfNature,TFT7_Augment_SwiftshotTrait,,0.0,,2.0,,,,0.0,,,1.0,0.0,0.0,0.0,,,0.0,,,,,,,3.0,1.0,,0.0,0.0,,,,,,,,,,,,,2.0,Chalice,,,,,,,,,,,,,,,,,,,,,,,,,,,,,,,,,,,,,,,,,,,2.0,,,,,,,,,,,,,,,,3.0,ChainVest,Redemption,WarmogsArmor,,,,,,,,,,,,,,,,,,,,,,,,,,,,,,,,,,,,,,,,,,,,,,,,,1.0,,,,,,,,,,,,,,,,,,,,,,,,,,,,1.0,,,,,,,,,,,,,,,,,,,,,,,,2.0,,,,,,,,,,,,,,,,,,,,,,None,None,,,,,2.0,InfinityEdge,,,3.0,GuinsoosRageblade,Deathblade,RunaansHurricane,,,,,,,,,2.0,InfinityEdge,MadredsBloodrazor,,,,,,,,,,,,,
8,EUW1_5971237966,TFT6_Augment_Meditation2,TFT6_Augment_Diversify3,TFT6_Augment_CelestialBlessing1,0.0,,,1.0,,1.0,,,,,2.0,,0.0,,,,1.0,,,,,,,1.0,1.0,,0.0,,,,,,,,,,,,,,,,,,,,,,,,,,,,,,,,,,,,,,,,,,,,,,,,,,,,,,,,,,,,,,,,,,2.0,,,,,,,,,,,,,,,,,,,,,,,,,,,,,,,,,,,,,,,,,,,,,,,,,,,,,,,,,,,,1.0,,,,,,,,2.0,FrozenHeart,,,,,,,2.0,,,,,,,,,,,,2.0,,,,,,,,,,,,,,,,,,,,,,,,,,,,,,,,,,,,,,,,,,,,,,None,None,,,,,2.0,,,,,,,,,,,,,,,,1.0,GuinsoosRageblade,MadredsBloodrazor,Quicksilver,,,,,,,,,,,,
3,EUW1_5971237966,TFT6_Augment_CyberneticUplink2,TFT6_Augment_BandOfThieves2,TFT6_Augment_Distancing,1.0,,,3.0,,,1.0,,,,1.0,,0.0,0.0,,,0.0,,0.0,,,,,,1.0,,1.0,2.0,,,,,,,,,,,,,,,,,,,,,,,,,,,,,,,,,,,,,,,,,,,,,,,,,2.0,GuinsoosRageblade,Bloodthirster,TitansResolve,,,,,,,,,,,,,,,,,,,,,,,,,,,,,,,,,,,,,,,,,,,,,,,,,,,,,,,,,,,,,,,,,,,,,2.0,UnstableConcoction,,,2.0,RedBuff,GiantsBelt,,2.0,ThiefsGloves,WarmogsArmor,InfinityEdge,2.0,ZekesHerald,BruiserEmblemItem,,,,,,,,,,,,,,,,,,1.0,ThiefsGloves,ArchangelsStaff,HextechGunblade,,,,,,,,,,,,,,,,,,,,,2.0,ThiefsGloves,ArchangelsStaff,HextechGunblade,,,,,2.0,JeweledGauntlet,FrozenHeart,LastWhisper,,,,,,,,,,,None,None,,,,,,,,,,,,,,,,,,,,,,,,,,,,,,,,,,,,
5,EUW1_5971237966,TFT7_Augment_RevelPartyTime,TFT6_Augment_ItemGrabBag2,TFT6_Augment_CyberneticUplink1,,,1.0,,1.0,,1.0,0.0,1.0,1.0,1.0,,,,0.0,1.0,,1.0,,,1.0,,,,,1.0,0.0,,,,,,,,,,,,,,,,,,,,,,2.0,Zephyr,GuardianEmblemItem,,,,,,1.0,,,,,,,,,,,,2.0,ShimmerscaleHeartOfGold,WarmogsArmor,TitansResolve,,,,,,,,,,,,,,,,,,,,,,,,,,,,,,,,,,,,,,,,,,,,,,,,,,,,,,,,,2.0,,,,,,,,,,,,,,,,,,,,,,,,,,,,,,,,,,,,,,,,,,,,,,,,,,,,,,,,,,,,,,,,2.0,ArchangelsStaff,GuinsoosRageblade,StatikkShiv,,,,,,,,,,,,,,,,,,,,,,,,,,,,,2.0,TrainerSnax,None,None,1.0,,,,,,,,,,,,,,,,,,,,,,,,1.0,UnstableConcoction,GuinsoosRageblade,FrozenHeart,,,,,,,,
2,EUW1_5971237966,TFT6_Augment_Electrocharge2,TFT6_Augment_MaxLevel10,TFT7_Augment_GuildTrait,1.0,,1.0,1.0,,1.0,,0.0,,,5.0,,0.0,,0.0,0.0,1.0,,,,,,,1.0,1.0,,1.0,,,,,,,,,,,,,,,,,,,,,,2.0,TearOfTheGoddess,,,,,,,,,,,,,,,,,,,,,,,,,,,,,,,,,,,,,,,,,,,2.0,,,,,,,,,,,,,,,,,,,,,,,,,,,,,,,,,,,,,,,,,,,,,,,,,,,,,,,,,,,,2.0,GargoyleStoneplate,TitanicHydra,,,,,,2.0,FrozenHeart,,,,,,,2.0,,,,,,,,,,,,2.0,,,,,,,,,,,,,,,,,,,,,,,,,,,,,,,,2.0,RedBuff,FrozenHeart,InfinityEdge,,,,,,,,,,,None,None,,,,,2.0,,,,,,,,,,,,,,,,2.0,GuinsoosRageblade,MadredsBloodrazor,Deathblade,2.0,SeraphsEmbrace,TitansResolve,,,,,,,,,
1,EUW1_5971237966,TFT6_Augment_MetabolicAccelerator,TFT6_Augment_RadiantRelics,TFT6_Augment_Diversify1,,,,1.0,1.0,,1.0,,0.0,1.0,,0.0,,,,0.0,0.0,1.0,0.0,,1.0,,1.0,,,1.0,0.0,,,,,,,,,,,,,,,,,,,,,,,,,,2.0,,,,3.0,InfinityEdge,HandOfJusticeRadiant,GuinsoosRageblade,,,,,,,,,2.0,Zephyr,GargoyleStoneplate,,,,,,,,,,,,,,,,,,,,,,,,,,,,,,,,,,,,,,,,,,,,,,,,,,,,,,,,,,2.0,,,,,,,,,,,,,,,,,,,,,,,,,,,,,,,,,,,,,,,,,,,,,,,,,,,,2.0,ShimmerscaleHeartOfGold,,,,,,,,,,,,,,,2.0,Redemption,,,,,,,,,,,2.0,WarmogsArmor,RedBuff,Redemption,,,,,,,,,,,,,4.0,TrainerSnax,None,None,1.0,UnstableConcoction,JeweledGauntlet,Deathblade,,,,,,,,,,,,,,,,,,,,,,,,,,,,,,,,
6,EUW1_5971237966,TFT6_Augment_TrueTwos,TFT6_Augment_RadiantRelics,TFT6_Augment_SecondWind1,,1.0,,1.0,,0.0,,,0.0,,1.0,,,2.0,,1.0,,,0.0,,,,,,,0.0,,0.0,,,,,,,,,,,,,,,,,,,,,,,,,,,,,,,,,,,,,,,,,,,,,,,,,,,,,,,,,,,,,,,,,,,,,,,,,2.0,,,,,,,,,,,,,,,,,,,,,,,,2.0,,,,2.0,RecurveBow,,,3.0,SeraphsEmbrace,,,,,,,,,,,,,,,,,,,,,,,,,,,,,,,2.0,Bloodthirster,ArchangelsStaff,SpearOfShojinRadiant,,,,,,,,,,,,,,,,,,,,,,,,,,,,,,,,,,,,,2.0,GargoyleStoneplate,IonicSpark,BrambleVest,,,,,,,,,,,,,,,,,,,None,None,,,,,,,,,,,,,2.0,,,,,,,,,,,,,,,,,,,,,,,
8,EUW1_5971538147,TFT6_Augment_Meditation2,TFT7_Augment_FirstAidKit2,TFT6_Augment_BlueBattery2,,1.0,,1.0,,,,,0.0,,1.0,,,2.0,,1.0,,,,,,,,,,1.0,,0.0,,,,,,,,,,,,,,,,,,,,,,,,,,,,,,,,,,,,,,,,,,,,,,,,,,,,,,,,,,,,,,,,,,,,,1.0,,,,2.0,,,,,,,,,,,,,,,,,,,,,,,,,,,,1.0,ZekesHerald,,,3.0,RabadonsDeathcap,SpearOfShojin,Bloodthirster,,,,,,,,,,,,,,,,,,,,,,,,,,,,,2.0,,,,,,,,,,,,,,,,,,,,,,,,,,,,,,,,,,,,,,,,2.0,WarmogsArmor,ChainVest,TitanicHydra,,,,,,,,,,,,,,,,,1.0,TrainerSnax,None,None,,,,,,,,,,,,,2.0,,,,,,,,,,,,,,,,,,,,,,,
7,EUW1_5971538147,TFT6_Augment_ThrillOfTheHunt2,TFT6_Augment_TradeSectorPlus,TFT6_Augment_Ascension,,,,0.0,2.0,,1.0,,1.0,0.0,,,,,,0.0,,3.0,,,1.0,,,,,1.0,,,,,,,,,,,,,,,,,,,,,,,,,,,,,,,2.0,GuinsoosRageblade,UnstableConcoction,InfinityEdge,,,,,,,,,1.0,DragonsClaw,RedBuff,ShimmerscaleGoldmancersStaff,,,,,,,,,,,,,,,,,,,,,,,,,,,,,,,,,2.0,,,,,,,,,,,,,,,,,,,,,,,,2.0,,,,,,,,,,,,,,,,,,,,,,,,,,,,,,,,,,,,,,,,,,,,,,,,,,,,,,,,,,,,,,,,2.0,Zephyr,,,,,,,,,,,,,,,1.0,,,,,,,,,,,,,,,,2.0,TrainerSnax,None,None,2.0,,,,,,,,,,,,,,,,,,,,,,,,,,,,,,,,,,,
1,EUW1_5971538147,TFT6_Augment_CyberneticShell2,TFT7_Augment_DragonAlliance,TFT6_Augment_CyberneticUplink2,,,,1.0,,,2.0,0.0,,1.0,,,0.0,,0.0,,,,,,1.0,,,,2.0,,0.0,2.0,,,,,,,,,2.0,ShimmerscaleGoldmancersStaff,ArchangelsStaff,MadredsBloodrazor,,,,,,,,,,,,,,,,,,,,,,,,,,,,,2.0,ThiefsGloves,Quicksilver,RabadonsDeathcap,,,,,2.0,TitansResolve,InfinityEdge,Bloodthirster,,,,,,,,,,,,,,,,,,,,,,,,,,,,,,,,,,,,,,,,,,,,,,,,,,,,,,,,,,,,,,,,,,,,,,,,,2.0,WarmogsArmor,,,,,,,,,,,,,,,,,,,,,,,,,,,,,,,,,,,,,,,,,,,,,,,,,,,,,,,,,,,,,,,,,,,2.0,ChainVest,,,,,None,None,,,,,,,,,,,,,,,,,,,,,,,,,2.0,Bloodthirster,GuinsoosRageblade,ZekesHerald,,,,,,,,
2,EUW1_5971538147,TFT7_Augment_BestFriends2,TFT6_Augment_SunfireBoard,TFT7_Augment_UrfsGrabBag1,0.0,1.0,,1.0,,0.0,,,0.0,,4.0,,,1.0,,1.0,,,,,,,,1.0,,0.0,,0.0,,,,,,,,,,,,,,,,,,,,,,,,,,,,,,,,,,,,,,,,,,,,,,,,,,,,,,,,,,,,,,,,,,,,,,,,,3.0,DragonsClaw,WarmogsArmor,IonicSpark,,,,,,,,,,,,,,,,,,,,,,,,,2.0,,,,3.0,SeraphsEmbrace,RabadonsDeathcap,GuinsoosRageblade,,,,,,,,,,,,,,,,,,,,,,,,,,,,,2.0,Morellonomicon,,,1.0,,,,,,,,,,,,,,,,,,,,,,,,,,,,,,,,,,,,2.0,ThiefsGloves,ArchangelsStaff,Morellonomicon,,,,,1.0,,,,,,,,,,,,,,None,None,,,,,2.0,,,,3.0,Deathblade,GuinsoosRageblade,MadredsBloodrazor,,,,,,,,,,,,,,,,,,,,,,,,
5,EUW1_5971538147,TFT6_Augment_SalvageBin,TFT6_Augment_PortableForge,TFT6_Augment_Diversify2,,,1.0,,,,1.0,0.0,0.0,,1.0,2.0,,,0.0,2.0,,,,1.0,,,1.0,,,0.0,0.0,,,,,,,,,,,,,,,,,,,,,,1.0,ThiefsGloves,Morellonomicon,IonicSpark,,,,,,,,,,,,,,,,,,,,,2.0,TitansResolve,Bloodthirster,Quicksilver,,,,,,,,,,,,,2.0,,,,,,,,,,,,,,,,,,,,,,,,,,,,,,,,,,,,,,,,1.0,,,,,,,,2.0,OrnnRocketPropelledFist,RedBuff,FrozenHeart,,,,,,,,,,,,,,,,,,,,,,,,,,,,,,,,,,,,,,,,,,,,,,,,,,,,,,,,,1.0,GuardianAngel,,,,,,,,,,,,,,,,,,,,,,,,,,,,,None,None,,,,,,,,,,,,,,,,,,,,,,,,,1.0,WarmogsArmor,UnstableConcoction,SeraphsEmbrace,,,,,,,,
3,EUW1_5971538147,TFT7_Augment_UrfsGrabBag1,TFT7_Augment_PandorasBench,TFT6_Augment_CyberneticShell2,1.0,,1.0,,,,1.0,0.0,,0.0,1.0,0.0,0.0,0.0,0.0,0.0,0.0,,,,4.0,1.0,1.0,,,,0.0,0.0,,,,,,,,,,,,,,,,,,,,,2.0,ShimmerscaleEmblemItem,SpearOfShojin,,,,,,,,,,,,,,,,,,2.0,RedBuff,GargoyleStoneplate,ShimmerscaleMogulsMail,,,,,,,,,,,,,,,,,,,,,,,,,,,,,,,,,,,,,,,,,2.0,NegatronCloak,,,,,,,,,,,,,,,,,,,,,,,,,,,,,,,,,,,,,,,,,,,2.0,ShimmerscaleEmblemItem,,,,,,,,,,,,,,,,,,,,,,,,,,,,,,,,,,,,,,,2.0,RabadonsDeathcap,ShimmerscaleEmblemItem,ZekesHerald,,,,,,,,,,,,,,,,,,,,,,,,,,,None,None,,,,,,,,,,,,,,,,,2.0,ShimmerscaleGamblersBlade,ShimmerscaleHeartOfGold,,,,,,2.0,Quicksilver,Chalice,Bloodthirster,,,,,2.0,ShimmerscaleCrownOfChampions,ShimmerscaleGoldmancersStaff,GuinsoosRageblade
4,EUW1_5971538147,TFT6_Augment_Ascension,TFT6_Augment_CelestialBlessing2,TFT6_Augment_SecondWind2,1.0,,,1.0,,2.0,,,,,2.0,0.0,0.0,,0.0,,1.0,,,,,,1.0,1.0,1.0,,0.0,,,,,,,,,,,,,,,,,,,,,,,,,,,,,,,,,,,,,,,,,,,,,,,,,,,,,,,,,,,,,,,,,,2.0,ThiefsGloves,IonicSpark,Deathblade,,,,,,,,,,,,,,,,,,,,,,,,,,,,,,,,,,,,,,,,,,,,,,,,,1.0,,,,,,,,2.0,Morellonomicon,Chalice,TitansResolve,,,,,2.0,,,,,,,,,,,,,,,,,,,,2.0,,,,,,,,,,,,,,,,1.0,,,,,,,,,,,,,,,,2.0,FrozenHeart,CavalierEmblemItem,HextechGunblade,,,,,,,,,,,None,None,,,,,2.0,,,,,,,,,,,,,,,,2.0,Quicksilver,GuinsoosRageblade,MadredsBloodrazor,,,,,,,,,,,,
6,EUW1_5971538147,TFT6_Augment_CalculatedLoss,TFT7_Augment_FirstAidKit2,TFT7_Augment_AxiomArc2,,0.0,,1.0,,0.0,1.0,,0.0,,1.0,,,2.0,,1.0,,,0.0,,,,,,,1.0,,2.0,,,,,,,,,,,,,,,,,,,,,,,,,,,,,,,,,,,,,,,,,,,,,,,,,2.0,Bloodthirster,InfinityEdge,,,,,,,,,,,,,,,,,,2.0,,,,,,,,,,,,,,,,,,,,,,,,,,,,1.0,,,,2.0,,,,3.0,ArchangelsStaff,InfinityEdge,JeweledGauntlet,,,,,,,,,,,,,,,,,,,,,,,,,,,,,2.0,StatikkShiv,,,,,,,,,,,,,,,,,,,,,,,,,,,,,,,,,,,,,,,2.0,PowerGauntlet,,,,,,,,,,,,,,,,,,,2.0,TrainerSnax,None,None,,,,,,,,,,,,,,,,,,,,,,,,,,,,,,,,,,,,
3,EUW1_5971424907,TFT6_Augment_PortableForge,TFT6_Augment_HighEndShopping,TFT6_Augment_JeweledLotus,,,1.0,1.0,,,1.0,0.0,0.0,,1.0,,0.0,1.0,0.0,1.0,,,,,0.0,1.0,,,2.0,1.0,0.0,0.0,,,,,,,,,2.0,OrnnZhonyasParadox,ArchangelsStaff,SpearOfShojin,,,,,,,,,2.0,ThiefsGloves,Zephyr,GuardianAngel,,,,,,,,,,,,,,,,,,,,,,,,,,,,,,,,,,,,,,,,,,,,,2.0,,,,,,,,,,,,,,,,,,,,,,,,,,,,,,,,1.0,,,,,,,,,,,,,,,,,,,,,,,,2.0,BrambleVest,TitanicHydra,,,,,,,,,,,,,,,,,,,,,,,,,,,,,,,,,,,,,,,,,,,,,,,,,,1.0,Shroud,BrambleVest,,,,,,,,,,,,,,,,,,2.0,TrainerSnax,None,None,,,,,,,,,,,,,,,,,,,,,,,,,2.0,ThiefsGloves,Chalice,PowerGauntlet,,,,,1.0,StatikkShiv,,
1,EUW1_5971424907,TFT6_Augment_ThreesCompany,TFT6_Augment_RadiantRelics,TFT6_Augment_CyberneticUplink2,1.0,,1.0,,,,1.0,,1.0,,2.0,2.0,0.0,,,2.0,,,,1.0,,,,,,0.0,,,,,,,2.0,Morellonomicon,HextechGunblade,,,,,,,,,,,,,,2.0,GuardianAngel,,,,,,,,,,,,,,,,,,,,,,,2.0,AssassinEmblemItem,GuardianAngel,Bloodthirster,,,,,,,,,,,,,2.0,,,,,,,,,,,,,,,,,,,,,,,,,,,,,,,,,,,,,,,,2.0,SeraphsEmbrace,,,,,,,2.0,GargoyleStoneplate,Quicksilver,RedBuff,,,,,,,,,,,,,,,,,,,,,,,,,,,,,,,,,,,,,,,,,,,,,,,,,,,,,,,,,,,,,,,,,,,,,,,,,2.0,ThiefsGlovesRadiant,ZekesHeraldRadiant,IonicSparkRadiant,,,,,,,,,,,None,None,,,,,,,,,,,,,,,,,,,,,,,,,,,,,,,,,,,,
8,EUW1_5971424907,TFT7_Augment_CannoneerRicochet,TFT6_Augment_ForceOfNature,TFT6_Augment_Meditation2,,,,,2.0,,1.0,,1.0,1.0,,,,,,0.0,,2.0,,,1.0,,,,,1.0,,0.0,,,,,,,,,,,,,,,,,,,,,,,,,,,,,1.0,InfinityEdge,GuinsoosRageblade,Deathblade,,,,,,,,,1.0,RedBuff,WarmogsArmor,DragonsClaw,,,,,,,,,,,,,,,,,,,,,,,,,,,,,,,,,2.0,,,,,,,,,,,,,,,,,,,,,,,,2.0,,,,,,,,,,,,,,,,,,,,,,,,,,,,,,,,,,,,,,,,,,,,,,,,,,,,,,,,,,,,,,,,2.0,,,,,,,,,,,,,,,,,,,,,,,,,,,,2.0,ShimmerscaleGamblersBlade,,,2.0,TrainerSnax,None,None,2.0,,,,,,,,,,,,,,,,,,,,,,,,,,,,,,,,,,,
2,EUW1_5971424907,TFT6_Augment_JeweledLotus,TFT6_Augment_CelestialBlessing3,TFT6_Augment_PortableForge,,,,,,0.0,,2.0,,,,1.0,0.0,,,,1.0,,,1.0,0.0,,,1.0,1.0,,,,,,,,,,,,,,,,2.0,InfinityEdge,ZekesHerald,TitansResolve,,,,,,,,,,,,,,,,,,,,,,,,,,,,,,,,,,,,,,,,,1.0,,,,,,,,2.0,ThiefsGloves,WarmogsArmor,GargoyleStoneplate,,,,,,,,,,,,,2.0,,,,,,,,2.0,ThiefsGloves,Quicksilver,Deathblade,,,,,,,,,,,,,,,,,2.0,OrnnEternalWinter,GargoyleStoneplate,RabadonsDeathcap,,,,,,,,,,,,,,,,,,,,,,,,,,,,,,,,,,,,,2.0,,,,,,,,,,,,,,,,,,,,,,,,3.0,InfinityEdge,Quicksilver,GuinsoosRageblade,,,,,,,,,,,,,,,,,,,,,,,None,None,,,,,,,,,,,,,,,,,2.0,ThiefsGloves,UnstableConcoction,Zephyr,,,,,,,,,,,,,,,,
4,EUW1_5971424907,TFT7_Augment_GuildEmblem,TFT6_Augment_TriForce3,TFT6_Augment_Meditation2,0.0,1.0,,1.0,,0.0,,,,,5.0,,,1.0,,0.0,,,,,,,,1.0,,,,0.0,,,,,,,,,,,,,,,,,,,,,,,,,,,,,,,,,,,,,,,,,,,,,,,,,,,,,,,,,,,,,,,,,,,,,,,,,3.0,RedBuff,IonicSpark,GuildEmblemItem,,,,,,,,,,,,,,,,,,,,,,,,,,,,,3.0,,,,,,,,,,,,,,,,,,,,,,,,,,,,,,,,2.0,JeweledGauntlet,SpearOfShojin,,1.0,,,,,,,,,,,,,,,,,,,,,,,,,,,,,,,,,,,,2.0,GargoyleStoneplate,WarmogsArmor,,,,,,1.0,,,,,,,,,,,,,,None,None,,,,,2.0,,,,3.0,GuinsoosRageblade,Deathblade,RunaansHurricane,,,,,,,,,,,,,,,,,,,,,,,,
6,EUW1_5971424907,TFT7_Augment_Bloodlust1,TFT6_Augment_Twins3,TFT6_Augment_SecondWind2,,0.0,,,,,1.0,0.0,,,,0.0,,,,,1.0,,,3.0,,,,,,,,0.0,,,,,,,,,,,,,,,,,,,,,,,,,,,,,,,,,,,,,,,,,,,,,,,,,,,,,2.0,,,,,,,,2.0,,,,,,,,,,,,,,,,,,,,,,,,,,,,,,,,,,,,,,,,,,,,,,,,1.0,RedBuff,GargoyleStoneplate,Bloodthirster,3.0,GuinsoosRageblade,Quicksilver,RunaansHurricane,,,,,,,,,,,,,,,,,,,,,,,,,,,,,,,,,,,,,,,,,1.0,ThiefsGloves,PowerGauntlet,Shroud,,,,,,,,,,,,,1.0,,,,,,,,,,,,,,,,,,,,,,,,,,None,None,,,,,,,,,,,,,,,,,,,,,,,,,,,,,,,,,,,,
5,EUW1_5971424907,TFT7_Augment_MikaelsGift,TFT6_Augment_ForceOfNature,TFT7_Augment_UrfsGrabBag1,,,,1.0,,1.0,1.0,0.0,0.0,,,,,0.0,3.0,0.0,0.0,,,,,,,,,0.0,1.0,0.0,,,,,,,,,,,,,,,,,,,,,,,,,,,,,,,,,,,,,2.0,StatikkShiv,MadredsBloodrazor,JeweledGauntlet,,,,,,,,,,,,,,,,,,,,,,,,,2.0,,,,,,,,,,,,,,,,,,,,,,,,,,,,,,,,,,,,2.0,,,,,,,,,,,,,,,,2.0,,,,,,,,,,,,,,,,,,,,,,,,,,,,,,,,,,,,2.0,ZekesHerald,LocketOfTheIronSolari,FrozenHeart,,,,,,,,,,,,,,,,,,,,,2.0,GiantsBelt,,,,,,,,,,,,,,,,,,,,,None,None,,,,,,,,,,,,,,,,,,,,,,,,,1.0,,,,2.0,ZekesHerald,Chalice,StatikkShiv,,,,
7,EUW1_5971424907,TFT7_Augment_GuildEmblem,TFT6_Augment_VerdantVeil,TFT6_Augment_TomeOfTraits1,1.0,,,1.0,,2.0,,,,,4.0,,0.0,,,,1.0,,,,,,,1.0,1.0,,0.0,,,,,,,,,,,,,,,,,,,,,,,,,,,,,,,,,,,,,,,,,,,,,,,,,,,,,,,,,,,,,,,,,,1.0,,,,,,,,,,,,,,,,,,,,,,,,,,,,,,,,,,,,,,,,,,,,,,,,,,,,,,,,,,,,1.0,RedBuff,GiantsBelt,CavalierEmblemItem,,,,,1.0,FrozenHeart,,,,,,,2.0,,,,,,,,,,,,2.0,ThiefsGloves,NeedlesslyLargeRod,JeweledGauntlet,,,,,,,,,,,,,,,,,,,,,,,,,,,,,1.0,Bloodthirster,RunaansHurricane,,,,,,,,,,,,None,None,,,,,2.0,,,,,,,,,,,,,,,,1.0,GuildEmblemItem,InfinityEdge,GuinsoosRageblade,,,,,,,,,,,,
1,EUW1_5971231173,TFT6_Augment_SecondWind2,TFT6_Augment_Meditation2,TFT6_Augment_BlueBattery2,,,1.0,1.0,1.0,,,,1.0,,1.0,,0.0,,,1.0,,2.0,,,,,,,0.0,1.0,,,,,,,,,,,,,,,,,,,,,,,1.0,,,,,,,,,,,,,,,,,,,,,,,,,,,,,,,,,,,,,,,,,,,,,,,,,,,,,,,,1.0,,,,,,,,,,,,,,,,,,,,,,,,2.0,,,,,,,,,,,,,,,,,,,,,,,,2.0,WarmogsArmor,StatikkShiv,,,,,,,,,,,,,,,,,,,,,,,,,,,,,,,,,,,,,,2.0,,,,,,,,,,,,,,,,2.0,RedBuff,WarmogsArmor,IonicSpark,,,,,,,,,,,,,3.0,TrainerSnax,None,None,1.0,,,,,,,,,,,,,,,,,,,,,,,,,,,,,,,,,,,
5,EUW1_5971231173,TFT6_Augment_CyberneticImplants2,TFT7_Augment_DragonAlliance,TFT7_Augment_MirageEmblem,,,,,,1.0,2.0,0.0,,1.0,,,,,4.0,,0.0,,,,1.0,,,,,,1.0,,,,,,,,,,,,,,,,,,,,,,,,,,,,,,,,,,,,,,2.0,JeweledGauntlet,ArchangelsStaff,InfinityEdge,2.0,MirageEmblemItem,DragonsClaw,,,,,,,,,,,,,,,,,,,,,,2.0,Redemption,,,,,,,,,,,,,,,,,,,,,,,,,,,1.0,,,,,,,,,,,,,,,,,,,,,,,,2.0,,,,,,,,,,,,,,,,,,,,,,,,,,,,,,,,,,,,,,,,,,,,,,,,,,,,,,,,,,,,,,,,,,,,,,,,,,,,,,,,,,None,None,,,,,,,,,,,,,,,,,,,,,,,,,1.0,SeraphsEmbrace,MadredsBloodrazor,ShimmerscaleDiamondHands,2.0,UnstableConcoction,RunaansHurricane,,,,,
6,EUW1_5971231173,TFT7_Augment_ClutteredMind,TFT7_Augment_BestFriends2,TFT6_Augment_FuturePeepers,1.0,,,1.0,,,1.0,,1.0,,1.0,,0.0,0.0,,0.0,,0.0,,,,,,,2.0,0.0,,1.0,,,,,,,,,1.0,HextechGunblade,SpearOfShojin,Quicksilver,,,,,,,,,,,,,,,,,,,,,,,,,,,,,,,,,,,,,,,,,,,,,,,,,,,,,,,,,,,,,,,,,,,,,,,,,,,,,,,,,,,,,,,,,2.0,,,,,,,,,,,,,,,,,,,,,,,,2.0,Morellonomicon,,,2.0,Shroud,GuinsoosRageblade,,,,,,,,,,,,,,,,,,,,,,,,,,,,,,,,,,2.0,Zephyr,,,,,,,,,,,2.0,Zephyr,,,,,,,2.0,,,,,,,,,,,,,,None,None,,,,,,,,,,,,,,,,,,,,,,,,,,,,,,,,,,,,
4,EUW1_5971231173,TFT7_Augment_RagewingScorch,TFT6_Augment_RichGetRicherPlus,TFT6_Augment_PortableForge,1.0,,,1.0,,0.0,,0.0,,,2.0,,0.0,,1.0,,1.0,,,,,,,1.0,1.0,,1.0,,,,,,,,,,,,,,,,,,,,,,,,,,,,,,,,,,,,,,,,,,,,,,,,,,,,,,,,,,,,,,,,,,2.0,,,,,,,,,,,,,,,,,,,,,,,,,,,,,,,,,,,,,,,,,,,,,,,,,,,,,,,,,,,,1.0,,,,,,,,2.0,,,,,,,,,,,,,,,,,,,,2.0,RedBuff,BrambleVest,,,,,,,,,,,,,,,,,,,,,,,,,,,,,,2.0,OrnnObsidianCleaver,MirageEmblemItem,,,,,,,,,,,,None,None,,,,,2.0,,,,,,,,,,,,,,,,2.0,UnstableConcoction,GuinsoosRageblade,MadredsBloodrazor,2.0,WarmogsArmor,SeraphsEmbrace,PowerGauntlet,,,,,,,,
7,EUW1_5971231173,TFT6_Augment_MakeshiftArmor2,TFT6_Augment_Meditation2,TFT6_Augment_Distancing2,,1.0,,2.0,,,1.0,,,,1.0,,,0.0,,0.0,,,,,,,,1.0,,,,2.0,,,,,,,,,,,,,,,,,,,,,,,,,,,,,,,,,,,,,,,,,,,,,,,,,1.0,ThiefsGloves,Chalice,RabadonsDeathcap,,,,,,,,,,,,,,,,,,,,,2.0,,,,,,,,,,,,,,,,,,,,,,,,,,,,,,,,2.0,ArchangelsStaff,,,,,,,,,,,,,,,,,,,,,,,,,,,,,,,,,,,,,,,,,,,,,,,,,,,,,,,2.0,,,,,,,,,,,,,,,,2.0,RedBuff,TitanicHydra,,,,,,,,,,,,,,,,,,,,None,None,,,,,1.0,,,,3.0,RunaansHurricane,GuinsoosRageblade,InfinityEdge,,,,,,,,,,,,,,,,,,,,,,,,
3,EUW1_5971231173,TFT6_Augment_SecondWind2,TFT6_Augment_ComponentGrabBag,TFT6_Augment_CyberneticImplants2,0.0,,,2.0,,,1.0,,,1.0,,0.0,0.0,0.0,,,0.0,,,,,,1.0,,0.0,,0.0,3.0,,,,,,,,,,,,,,,,,,,,,,,,,,,,,,,,,,,,,,,,,,,,,,,,,2.0,Quicksilver,UnstableConcoction,MadredsBloodrazor,,,,,,,,,,,,,,,,,,,,,,,,,,,,,,,,,,,,,,,,,,,,,,,,,,,,,,,,,,,,,,,,,,,,,,,,,1.0,GargoyleStoneplate,WarmogsArmor,DragonsClaw,2.0,Shroud,FrozenHeart,InfinityEdge,,,,,,,,,,,,,,,,,,,,,1.0,,,,,,,,,,,,,,,,2.0,GuardianEmblemItem,,,,,,,2.0,,,,,,,,,,,,,,,,2.0,RedBuff,,,,,None,None,,,,,,,,,,,,,,,,,,,,,,,,,,,,,,,,,,,,
8,EUW1_5971231173,TFT6_Augment_Electrocharge2,TFT7_Augment_PandorasBench,TFT7_Augment_BruiserEmblem,,1.0,,2.0,,,1.0,,,,1.0,,,0.0,,,,,,,,,,1.0,,,,2.0,,,,,,,,,,,,,,,,,,,,,,,,,,,,,,,,,,,,,,,,,,,,,,,,,2.0,,,,,,,,,,,,,,,,,,,,,,,,3.0,GargoyleStoneplate,Zephyr,,,,,,,,,,,,,,,,,,,,,,,,,,,,,,,,,,,,,,,,,,,,,,,,,,,,,,,,,,,,,,,,,,,,,,,,,,,,,,,,,,,,,,2.0,Shroud,,,,,,,,,,,,,,,2.0,,,,,,,,,,,,,,,,,,,,,,None,None,,,,,1.0,BruiserEmblemItem,,,3.0,GuinsoosRageblade,RunaansHurricane,InfinityEdge,,,,,,,,,,,,,,,,,,,,,,,,
2,EUW1_5971231173,TFT7_Augment_RevelPartyTime,TFT6_Augment_ThrillOfTheHunt2,TFT6_Augment_PortableForge,,,,0.0,2.0,,1.0,,0.0,1.0,,,0.0,,,0.0,,1.0,,,1.0,,,,0.0,1.0,,0.0,,,,,,,,,,,,,,,,,,,,,,,,,,,,,2.0,InfinityEdge,GuinsoosRageblade,MadredsBloodrazor,,,,,,,,,2.0,TitansResolve,OrnnAnimaVisage,RedBuff,,,,,,,,,,,,,,,,,,,,,,,,,,,,,,,,,1.0,,,,,,,,,,,,,,,,,,,,,,,,1.0,,,,,,,,,,,,,,,,,,,,,,,,2.0,Shroud,ShimmerscaleDiamondHands,,,,,,,,,,,,,,,,,,,,,,,,,,,,,,,,,,,,,,,,,,,,,,,,,,,,,,,,,,,,,,,,,,2.0,,,,4.0,TrainerSnax,None,None,2.0,PowerGauntlet,ZekesHerald,StatikkShiv,,,,,,,,,,,,,,,,,,,,,,,,,,,,,,,,
4,EUW1_5971342712,TFT6_Augment_Electrocharge2,TFT6_Augment_Electrocharge3,TFT6_Augment_ThrillOfTheHunt1,2.0,,,2.0,,,1.0,,,,1.0,,0.0,0.0,,,,,0.0,,,,,,1.0,,0.0,2.0,,,,,,,,,,,,,,,,,,,,,,,,,,,,,,,,,,,,,,,,,,,,,,,,,2.0,TitansResolve,UnstableConcoction,MadredsBloodrazor,,,,,,,,,,,,,,,,,,,,,,,,,,,,,,,,,,,,,,,,,,,,,,,,,,,,,,,,,,,,,,,,,,,,,2.0,AssassinEmblemItem,RapidFireCannon,MadredsBloodrazor,2.0,DragonsClaw,NeedlesslyLargeRod,,1.0,MadredsBloodrazor,,,1.0,,,,,,,,,,,,,,,,,,,,,,,,,,,,,,,,,,,,,,,,,,,,2.0,,,,,,,,2.0,IonicSpark,RedBuff,,,,,,,,,,,,None,None,,,,,,,,,,,,,,,,,,,,,,,,,,,,,,,,,,,,
3,EUW1_5971342712,TFT6_Augment_ThrillOfTheHunt2,TFT6_Augment_VerdantVeil,TFT6_Augment_Recombobulator,,,1.0,1.0,,,1.0,0.0,,,2.0,0.0,0.0,1.0,0.0,0.0,,,,0.0,0.0,1.0,,,2.0,,0.0,0.0,,,,,,,,,1.0,StatikkShiv,ArchangelsStaff,JeweledGauntlet,,,,,,,,,1.0,,,,,,,,,,,,,,,,,,,,,,,,,,,,,,,,,,,,,,,,,,,,,,,,,,,,,,,,,,,,,,,,,,,,,,,,,,,,,,,,,,,,,,,,2.0,IonicSpark,FrozenHeart,,,,,,,,,,,,,,2.0,DragonsClaw,RedBuff,GargoyleStoneplate,,,,,,,,,1.0,,,,,,,,,,,,,,,,,,,,,,,,,,,,,,,,,,,,,,,,2.0,,,,,,,,,,,,,,,,,,,,,,None,None,,,,,,,,,,,,,,,,,,,,,,,,,1.0,ZekesHerald,ZekesHerald,,,,,,1.0,,,
5,EUW1_5971342712,TFT6_Augment_MetabolicAccelerator,TFT7_Augment_TomeOfTraits2,TFT7_Augment_ShapeshifterTrait,,0.0,,,,,1.0,,1.0,1.0,,2.0,0.0,,,1.0,,,,2.0,,,,,,,,1.0,,,,,2.0,,,,,,,,,,,,,,,,,,,,,,,,,,,,,,,,,,,,,,,,2.0,UnstableConcoction,TitansResolve,GuardianAngel,,,,,2.0,InfinityEdge,,,,,,,2.0,Zephyr,,,,,,,,,,,,,,,,,,,,,,,,,,,,,,,,,,,,,,,,,,,,,,,,,,,3.0,GuinsoosRageblade,MadredsBloodrazor,Quicksilver,,,,,,,,,,,,,,,,,,,,,,,,,,,,,,,,,,,,,,,,,,,,,,,,,,,,,,,,,,,,,,,,,,,,,,,,,2.0,,,,2.0,MysticEmblemItem,EvokerEmblemItem,GuinsoosRageblade,,,None,None,,,,,,,,,,,,,,,,,,,,,,,,,,,,,,,,,,,,
6,EUW1_5971342712,TFT7_Augment_MageEmblem,TFT6_Augment_LudensEcho3,TFT6_Augment_CyberneticUplink1,,0.0,,1.0,,0.0,1.0,,,,,,,2.0,,0.0,,,0.0,,0.0,1.0,,,1.0,,,0.0,,,,,,,,,1.0,GuinsoosRageblade,RabadonsDeathcap,HextechGunblade,,,,,,,,,,,,,,,,,,,,,,,,,,,,,,,,,,,,,,,,,,,,,,,,,,,,,,,,,,,,,2.0,MageEmblemItem,,,,,,,,,,,,,,,,,,,,,,,2.0,,,,,,,,3.0,Chalice,,,,,,,,,,,,,,,,,,,,,,,,,,,,,,,,,,,,,,,,,,,,,,,,,,,,,,,,,,,,,,,,,,,,,,,2.0,RedBuff,TitanicHydra,,,,,,,,,,,,,,,,,,,,None,None,,,,,,,,,,,,,,,,,,,,,,,,,,,,,,,,,1.0,RecurveBow,,
7,EUW1_5971342712,TFT7_Augment_RevelPartyTime,TFT7_Augment_BestFriends3,TFT6_Augment_Diversify1,,,,0.0,2.0,,1.0,,1.0,0.0,,,,,,0.0,,3.0,,,1.0,,,,,1.0,,,,,,,,,,,,,,,,,,,,,,,,,,,,,,,2.0,SeraphsEmbrace,GuinsoosRageblade,LastWhisper,,,,,,,,,1.0,GargoyleStoneplate,GargoyleStoneplate,ShimmerscaleHeartOfGold,,,,,,,,,,,,,,,,,,,,,,,,,,,,,,,,,2.0,,,,,,,,,,,,,,,,,,,,,,,,1.0,,,,,,,,,,,,,,,,,,,,,,,,,,,,,,,,,,,,,,,,,,,,,,,,,,,,,,,,,,,,,,,,1.0,,,,,,,,,,,,,,,,1.0,Shroud,,,,,,,,,,,,,,,3.0,TrainerSnax,None,None,2.0,,,,,,,,,,,,,,,,,,,,,,,,,,,,,,,,,,,
8,EUW1_5971342712,TFT7_Augment_BruiserEmblem,TFT6_Augment_HighEndShopping,TFT6_Augment_Recombobulator,0.0,0.0,,1.0,,,1.0,,,,2.0,,0.0,1.0,,0.0,1.0,,,0.0,0.0,1.0,,,0.0,,,,,,,,,,,,,,,,,,,,,,,,,,,,,,,,,,,,,,,,,,,,,,,,,,,,,,,,,,,,,,,,,,,,,,,,,,,,,,,,,,,,,,,,,,,,,,,,,,,,,,,,,,,,1.0,,,,,,,,,,,,,,,,,,,,2.0,ChainVest,Zephyr,,,,,,,,,,1.0,,,,,,,,,,,,,,,,,,,,2.0,HextechGunblade,Quicksilver,RedBuff,,,,,,,,,,,,,,,,,,,,,,,,,2.0,BruiserEmblemItem,Deathblade,,,,,,,,,,,,None,None,,,,,,,,,,,,,,,,,,,,,,,,,,,,,,,,,2.0,ArchangelsStaff,SeraphsEmbrace,
1,EUW1_5971342712,TFT7_Augment_ClutteredMind,TFT7_Augment_MageEmblem2,TFT6_Augment_ThrillOfTheHunt1,,0.0,1.0,1.0,,,1.0,,0.0,,1.0,,0.0,2.0,,2.0,,,,,0.0,1.0,,,2.0,1.0,,0.0,,,,,,,,,2.0,ArchangelsStaff,SpearOfShojin,MageEmblemItem,,,,,,,,,2.0,,,,,,,,,,,,,,,,,,,,,,,,,,,,,,,,,,,,,,,,,,,,,,,,2.0,RapidFireCannon,Zephyr,,,,,,,,,,,,,,,,,,,,,,,,,,,,,,2.0,PowerGauntlet,,,2.0,StatikkShiv,,,,,,,,,,,,,,,,,,,2.0,,,,,,,,,,,,,,,,,,,,,,,,,,,,,,,,,,,,,,,,,,,,,,,,,,,,2.0,RedBuff,IonicSpark,TitanicHydra,,,,,,,,,,,,,,,,,4.0,TrainerSnax,None,None,,,,,,,,,,,,,,,,,,,,,,,,,,,,,,,,,2.0,SpearOfShojin,TearOfTheGoddess,
2,EUW1_5971342712,TFT6_Augment_SalvageBin,TFT6_Augment_ForceOfNature,TFT6_Augment_Weakspot,,,1.0,,,,1.0,1.0,,,1.0,1.0,,,,0.0,2.0,,,2.0,,,1.0,1.0,,,,,,,,,,,,,,,,,1.0,,,,,,,,1.0,,,,,,,,,,,,,,,,,,,,,,,,,,,,,,,,,,,,,,,,1.0,,,,,,,,,,,,,,,,,,,,,,,,,,,,,,,,,,,,,,,,,,,,,,,,2.0,RedBuff,GargoyleStoneplate,WarmogsArmor,,,,,,,,,,,,,,,,,,,,,,,,,,,,,,,,,,,,,2.0,,,,,,,,2.0,DragonsClaw,LastWhisper,BrambleVest,,,,,,,,,2.0,SpearOfShojin,,,2.0,Shroud,,,,,,,,,,,,,,,,,,,,,,,,,None,None,,,,,,,,,,,,,,,,,,,,,2.0,MadredsBloodrazor,GuinsoosRageblade,InfinityEdge,,,,,,,,,,,,
1,EUW1_5971077383,TFT7_Augment_MirageEmblem,TFT6_Augment_Electrocharge1,TFT6_Augment_Diversify1,,,1.0,0.0,1.0,,1.0,0.0,1.0,1.0,1.0,,0.0,,0.0,1.0,,1.0,,,1.0,,,,0.0,1.0,0.0,,,,,,,,,,,,,,,,,,,,,,1.0,GuardianEmblemItem,TitanicHydra,SparringGloves,,,,,2.0,InfinityEdge,GuinsoosRageblade,RunaansHurricane,,,,,,,,,2.0,GargoyleStoneplate,RedBuff,WarmogsArmor,,,,,,,,,,,,,,,,,,,,,,,,,,,,,,,,,,,,,,,,,,,,,,,,,,,,,,,,,2.0,,,,,,,,,,,,,,,,,,,,,,,,2.0,ZekesHerald,,,,,,,,,,,,,,,,,,,,,,,,,,,,,,,,,,,,,,,3.0,StatikkShiv,SpearOfShojin,Quicksilver,,,,,,,,,,,,,,,,,,,,,,,,,,,,,4.0,TrainerSnax,None,None,2.0,ShimmerscaleDravensAxe,RunaansHurricane,StatikkShiv,,,,,,,,,,,,,,,,,,,,,1.0,,,,,,,,,,,
6,EUW1_5971077383,TFT7_Augment_ClutteredMind,TFT6_Augment_PandorasItems,TFT6_Augment_CelestialBlessing1,1.0,,,1.0,,1.0,,,,,2.0,0.0,0.0,,,,1.0,,,0.0,,,,1.0,1.0,,0.0,,,,,,,,,,,,,,,,,,,,,,,,,,,,,,,,,,,,,,,,,,,,,,,,,,,,,,,,,,,,,,,,,,2.0,Redemption,WarmogsArmor,,,,,,,,,,,,,,,,,,,,,,,,,,,,,,,,,,,,,,,,,,2.0,CavalierEmblemItem,,,,,,,,,,,,,,,1.0,,,,,,,,2.0,,,,,,,,,,,,,,,,,,,,2.0,,,,,,,,,,,,,,,,,,,,,,,,,,,,,,,,2.0,Bloodthirster,GuardianAngel,,,,,,,,,,,,None,None,,,,,2.0,,,,,,,,,,,,,,,,2.0,Quicksilver,MadredsBloodrazor,GuinsoosRageblade,,,,,,,,,,,,
7,EUW1_5971077383,TFT7_Augment_GuildEmblem,TFT6_Augment_TinyTitans,TFT6_Augment_MakeshiftArmor1,1.0,,,1.0,,2.0,,,,,4.0,,0.0,,,,1.0,,,,,,,1.0,1.0,,0.0,,,,,,,,,,,,,,,,,,,,,,,,,,,,,,,,,,,,,,,,,,,,,,,,,,,,,,,,,,,,,,,,,,2.0,,,,,,,,,,,,,,,,,,,,,,,,,,,,,,,,,,,,,,,,,,,,,,,,,,,,,,,,,,,,2.0,,,,,,,,2.0,CavalierEmblemItem,RedBuff,FrozenHeart,,,,,2.0,,,,,,,,,,,,2.0,,,,,,,,,,,,,,,,,,,,,,,,,,,,,,,,1.0,,,,,,,,,,,,,,None,None,,,,,2.0,,,,,,,,,,,,,,,,1.0,GuinsoosRageblade,MadredsBloodrazor,GuildEmblemItem,,,,,,,,,,,,
5,EUW1_5971077383,TFT6_Augment_Ascension,TFT6_Augment_PandorasItems,TFT6_Augment_SecondWind1,,2.0,,1.0,,,1.0,,1.0,,,,,1.0,,1.0,,,,,0.0,1.0,,,,0.0,,0.0,,,,,,,,,,,,,,,,,1.0,UnstableConcoction,RabadonsDeathcap,Morellonomicon,,,,,,,,,,,,,,,,,,,,,,,,,,,,,,,,,,,,,,,,,,,,,,,,,,,,,2.0,,,,,,,,,,,,,,,,,,,,,,,,,,,,1.0,,,,3.0,,,,,,,,,,,,,,,,,,,,,,,,,,,,,,,,,,,,,,,,,,,,,,,,,,,,,,,,,,,,,,,,,,,,,,,,2.0,RedBuff,GargoyleStoneplate,IonicSpark,,,,,,,,,,,,,,,,,,,None,None,,,,,,,,,,,,,2.0,,,,,,,,,,,,,,,,,,,,1.0,SpearOfShojin,UnstableConcoction,
3,EUW1_5971077383,TFT6_Augment_Ascension,TFT6_Augment_Meditation1,TFT7_Augment_MageTrait,,,1.0,1.0,,,1.0,0.0,,,2.0,,0.0,1.0,0.0,0.0,,,,,0.0,1.0,,,2.0,,0.0,0.0,,,,,,,,,2.0,SpearOfShojin,RabadonsDeathcap,RabadonsDeathcap,,,,,,,,,1.0,,,,,,,,,,,,,,,,,,,,,,,,,,,,,,,,,,,,,,,,,,,,,,,,,,,,,,,,,,,,,,,,,,,,,,,,,,,,,,,,,,,,,,,,,,,,,,,,,,,,,,,,1.0,,,,,,,,,,,,1.0,PowerGauntlet,Shroud,,,,,,,,,,,,,,,,,,,,,,,,,,,,,,,,,,,,,,2.0,IonicSpark,WarmogsArmor,NegatronCloak,,,,,,,,,,,,,,,,,,,None,None,,,,,,,,,,,,,,,,,,,,,,,,,1.0,MadredsBloodrazor,RunaansHurricane,BrambleVest,,,,,2.0,,,
4,EUW1_5971077383,TFT7_Augment_Preparation2,TFT6_Augment_Weakspot,TFT7_Augment_BestFriends1,0.0,,,,2.0,,1.0,,1.0,1.0,,,,,,0.0,,2.0,0.0,,1.0,,,,,1.0,,0.0,,,,,,,,,,,,,,,,,,,,,,,,,1.0,,,,2.0,ShimmerscaleDravensAxe,GuinsoosRageblade,InfinityEdge,,,,,,,,,2.0,WarmogsArmor,GargoyleStoneplate,WarmogsArmor,,,,,,,,,,,,,,,,,,,,,,,,,,,,,,,,,2.0,ThiefsGloves,Morellonomicon,IonicSpark,,,,,,,,,,,,,,,,,,,,,2.0,Quicksilver,PowerGauntlet,Chalice,,,,,,,,,,,,,,,,,,,,,,,,,1.0,HextechGunblade,UnstableConcoction,RapidFireCannon,,,,,,,,,,,,,,,,,,,,,,,,,,,,,,,,,1.0,,,,,,,,,,,,,,,,,,,,,,,,,,,,,,,,4.0,TrainerSnax,None,None,2.0,,,,,,,,,,,,,,,,,,,,,,,,,,,,,,,,,,,
8,EUW1_5971077383,TFT6_Augment_CyberneticShell2,TFT6_Augment_CyberneticShell1,TFT7_Augment_BestFriends1,2.0,0.0,,2.0,,,,,,,1.0,,,,,,0.0,0.0,1.0,,,,,,0.0,,1.0,,,,,,,,,,,,,,,,,,,,,,,,,,,,,,,,,,2.0,RabadonsDeathcap,,,,,,,,,,,,,,,,,,,,,,,,,,,,,,,,,,,,,,,,,,,,,,,,,,,,,,,,,,,,,,,,,,,,,,,,,,,,,,,,,,,,,,,2.0,RunaansHurricane,AssassinEmblemItem,InfinityEdge,,,,,,,,,2.0,TearOfTheGoddess,,,,,,,,,,,,,,,,,,,1.0,,,,,,,,2.0,,,,,,,,,,,,,,,,,,,,2.0,GiantsBelt,,,1.0,,,,,,,,,,,,,,None,None,,,,,,,,,,,,,,,,,,,,,,,,,,,,,,,,,,,,
2,EUW1_5971077383,TFT7_Augment_UrfsGrabBag1,TFT6_Augment_Meditation1,TFT6_Augment_Weakspot,3.0,,,2.0,,,,,,,1.0,,0.0,0.0,,,0.0,,1.0,,0.0,,,,1.0,,1.0,1.0,,,,,,,,,,,,,,,,,,,,,,,,,,,,,,,,,2.0,RedBuff,IonicSpark,Chalice,,,,,,,,,,,,,,,,,,,,,,,,,,,,,,,,,,,,,,,,,,,,,,,,,1.0,ThiefsGloves,InfinityEdge,MadredsBloodrazor,,,,,,,,,,,,,,,,,,,,,,,,,,,,,,,,,2.0,InfinityEdge,AssassinEmblemItem,RunaansHurricane,2.0,DragonsClaw,WarmogsArmor,,2.0,Redemption,TitansResolve,Bloodthirster,2.0,RecurveBow,GuinsoosRageblade,,,,,,,,,,,,,,,,,,2.0,,,,,,,,,,,,,,,,,,,,,,,,2.0,,,,,,,,2.0,ThiefsGloves,JeweledGauntlet,ArchangelsStaff,,,,,,,,,,,None,None,,,,,,,,,,,,,,,,,,,,,,,,,,,,,,,,,,,,
3,EUW1_5970853319,TFT6_Augment_BlueBattery2,TFT7_Augment_AstralIntercosmicGifts,TFT6_Augment_SalvageBin,,1.0,,1.0,,,,,0.0,,1.0,,,3.0,,1.0,,,,,0.0,1.0,,,,0.0,,0.0,,,,,,,,,,,,,,,,,,,,,,,,,,,,,,,,,,,,,,,,,,,,,,,,,,,,,,,,,,,,,,,,,,,,,,,,,3.0,IonicSpark,DragonsClaw,MageEmblemItem,,,,,,,,,,,,,,,,,,,,,,,,,2.0,MageEmblemItem,,,3.0,ThiefsGloves,TearOfTheGoddess,ZekesHerald,,,,,,,,,,,,,,,,,,,,,,,,,,,,,3.0,Bloodthirster,RabadonsDeathcap,SpearOfShojin,,,,,,,,,,,,,,,,,,,,,,,,,,,,,,,,,,,,,2.0,TitanicHydra,RedBuff,TitansResolve,,,,,,,,,,,,,,,,,,,None,None,,,,,,,,,,,,,2.0,Shroud,,,,,,,,,,,,,,,,,,,1.0,Shroud,JeweledGauntlet,
4,EUW1_5970853319,TFT7_Augment_DragonmancerInspire,TFT6_Augment_SecondWind2,TFT6_Augment_JeweledLotus,,,,0.0,,,,2.0,,,,1.0,0.0,,,,1.0,,,1.0,0.0,,,0.0,0.0,,0.0,,,,,,,,,,,,,,2.0,,,,,,,,,,,,,,,,,,,,,,,,,,,,,,,,,,,,,,,,,,,,,,,,,,,,,,,,,,,,,,,,,,,,2.0,,,,,,,,2.0,GuardianAngel,FrozenHeart,StatikkShiv,,,,,,,,,,,,,,,,,2.0,Morellonomicon,IonicSpark,Redemption,,,,,,,,,,,,,,,,,,,,,,,,,,,,,,,,,,,,,2.0,,,,2.0,ThiefsGloves,ArchangelsStaff,Morellonomicon,,,,,,,,,,,,,,,,,3.0,GuinsoosRageblade,Quicksilver,StatikkShiv,,,,,,,,,,,,,,,,,,,,,,,None,None,,,,,,,,,,,,,,,,,2.0,,,,,,,,,,,,,,,,,,,
1,EUW1_5970853319,TFT6_Augment_ClearMind,TFT6_Augment_ThrillOfTheHunt2,TFT7_Augment_BestFriends2,1.0,,,2.0,,,1.0,0.0,,,,0.0,0.0,0.0,0.0,,0.0,,,,,,1.0,,1.0,,1.0,3.0,,,,,,,,,,,,,,,,,,,,,,,,,,,,,,,,,,,,,,,,,,,,,,,,,2.0,GuinsoosRageblade,Bloodthirster,MadredsBloodrazor,,,,,,,,,,,,,,,,,,,,,,,,,,,,,,,,,,,,,,,,,,,,,,,,,,,,,,,,,,,,,,,,,,,,,,,,,1.0,RedBuff,,,2.0,ArchangelsStaff,UnstableConcoction,FrozenHeart,2.0,,,,,,,,,,,,,,,,,,,,2.0,,,,,,,,,,,,,,,,2.0,Quicksilver,Zephyr,,,,,,2.0,,,,,,,,,,,,,,,,,,,,,,None,None,,,,,,,,,,,,,,,,,,,,,,,,,1.0,WhispersEmblemItem,,,,,,,,,,
8,EUW1_5970853319,TFT6_Augment_MetabolicAccelerator,TFT7_Augment_BestFriends2,TFT6_Augment_CyberneticImplants2,0.0,,,,1.0,,1.0,,1.0,1.0,1.0,,,,,0.0,,1.0,,,1.0,,,,,1.0,,,,,,,,,,,,,,,,,,,,,,,,,,,,,,,2.0,GuinsoosRageblade,ShimmerscaleGoldmancersStaff,BFSword,,,,,,,,,1.0,GargoyleStoneplate,,,,,,,,,,,,,,,,,,,,,,,,,,,,,,,,,,,,,,,,,,,,,,,,,,,,,,,,,,,1.0,,,,,,,,,,,,,,,,,,,,,,,,,,,,,,,,,,,,,,,,,,,,,,,,,,,,,,,,,,,,,,,,1.0,GuardianEmblemItem,,,,,,,,,,,,,,,,,,,2.0,UnstableConcoction,UnstableConcoction,,,,,,,,,,1.0,TrainerSnax,None,None,1.0,,,,,,,,,,,,,,,,,,,,,,,,,,,,,,,,,,,
6,EUW1_5970853319,TFT6_Augment_SunfireBoard,TFT7_Augment_MageEmblem,TFT6_Augment_PortableForge,,1.0,,1.0,,,,,,,1.0,,,3.0,,0.0,,,,,0.0,1.0,,,,0.0,,0.0,,,,,,,,,,,,,,,,,,,,,,,,,,,,,,,,,,,,,,,,,,,,,,,,,,,,,,,,,,,,,,,,,,,,,2.0,Shroud,,,2.0,IonicSpark,OrnnRocketPropelledFist,MageEmblemItem,,,,,,,,,,,,,,,,,,,,,,,,,,,,,3.0,ArchangelsStaff,SpearOfShojin,SpearOfShojin,,,,,,,,,,,,,,,,,,,,,,,,,,,,,2.0,ArchangelsStaff,ZekesHerald,ZekesHerald,,,,,,,,,,,,,,,,,,,,,,,,,,,,,,,,,,,,,2.0,ThiefsGloves,SpearOfShojin,GuardianAngel,,,,,,,,,,,,,,,,,,,None,None,,,,,,,,,,,,,3.0,,,,,,,,,,,,,,,,,,,,2.0,,,
7,EUW1_5970853319,TFT6_Augment_SecondWind2,TFT7_Augment_DragonHorde,TFT6_Augment_ComponentGrabBag,,,,2.0,,,2.0,,,,,1.0,0.0,0.0,,0.0,0.0,,,,,,,,0.0,,0.0,2.0,,,,,,,,,,,,,,,,,,,,,,,,,,,,,,,,,,,,,,,,,,,,,2.0,RunaansHurricane,MadredsBloodrazor,HextechGunblade,1.0,Bloodthirster,InfinityEdge,MadredsBloodrazor,,,,,,,,,,,,,,,,,,,,,,,,,,,,,,,,,,,,,,,,,,,,,,,,,,,,,,,,,,,,,,,,,,,,,,,,,1.0,,,,,,,,,,,,,,,,,,,,,,,,,,,,2.0,ZekesHerald,RedBuff,,,,,,,,,,,,,,,,,,,,,,1.0,,,,,,,,,,,,,,,,,,,,,,None,None,,,,,,,,,,,,,,,,,,,,,,,,,,,,,,,,,,,,
5,EUW1_5970853319,TFT6_Augment_MetabolicAccelerator,TFT7_Augment_BestFriends2,TFT6_Augment_TargetDummies,1.0,0.0,1.0,1.0,,,,,0.0,,3.0,,0.0,,,1.0,,,,,,,,1.0,1.0,0.0,,,,,,,,,,,,,,,,,,,,,,,1.0,,,,,,,,,,,,,,,,,,,,,,,,,,,,,,,,,,,,,,,,,,,,,,,,,,,,3.0,RedBuff,GargoyleStoneplate,LocketOfTheIronSolari,,,,,,,,,,,,,,,,,,,,,,,,,2.0,,,,,,,,,,,,,,,,,,,,,,,,2.0,ThiefsGloves,ZekesHerald,Deathblade,,,,,2.0,RecurveBow,,,,,,,,,,,,,,,,,,,,,,,,,,,,,,,,,,,,,,,,,,,,,,,,,,,1.0,,,,,,,,,,,,,,None,None,,,,,2.0,PowerGauntlet,,,3.0,MadredsBloodrazor,GuinsoosRageblade,UnstableConcoction,,,,,,,,,,,,,,,,,,,,,,,,
2,EUW1_5970853319,TFT7_Augment_MirageEmblem,TFT6_Augment_CelestialBlessing2,TFT6_Augment_Diversify2,0.0,,1.0,1.0,,1.0,,0.0,,,4.0,,0.0,,1.0,0.0,1.0,,,,,,,1.0,0.0,,1.0,,,,,,,,,,,,,,,,,,,,,,2.0,,,,,,,,,,,,,,,,,,,,,,,,,,,,,,,,,,,,,,,,,,,,2.0,IonicSpark,WarmogsArmor,,,,,,,,,,,,,,,,,,,,,,,,,,,,,,,,,,,,,,,,,,,,,,,,,,,,,,,,,,2.0,MirageEmblemItem,BrambleVest,Zephyr,,,,,,,,,,,,,2.0,,,,,,,,,,,,2.0,,,,,,,,,,,,,,,,,,,,,,,,,,,,,,,,2.0,Bloodthirster,FrozenHeart,,,,,,,,,,,,None,None,,,,,2.0,,,,,,,,,,,,,,,,2.0,GuinsoosRageblade,Quicksilver,TitansResolve,2.0,GuardianAngel,Bloodthirster,SeraphsEmbrace,,,,,,,,
2,EUW1_5971622391,TFT7_Augment_BandOfThieves1,TFT6_Augment_FirstAidKit,TFT6_Augment_CelestialBlessing2,,0.0,,1.0,,,1.0,,0.0,,,,0.0,1.0,,1.0,,,,,,,,,2.0,1.0,,0.0,,,,,,,,,1.0,StatikkShiv,ArchangelsStaff,SpearOfShojin,,,,,,,,,,,,,,,,,,,,,,,,,,,,,,,,,,,,,,,,,,,,,,,,,,,,,,,,,2.0,LastWhisper,,,3.0,ThiefsGloves,BFSword,RapidFireCannon,,,,,,,,,,,,,,,,,,,,,,,,,2.0,,,,3.0,Shroud,ZekesHerald,,,,,,,,,,,,,,,,,,1.0,ThiefsGloves,TearOfTheGoddess,HextechGunblade,,,,,,,,,,,,,,,,,,,,,,,,,,,,,,,,,,,,,,,,,,,,,,,,,2.0,WarmogsArmor,GargoyleStoneplate,Bloodthirster,,,,,,,,,,,,,,,,,2.0,TrainerSnax,None,None,,,,,,,,,,,,,,,,,,,,,,,,,,,,,,,,,,,,
8,EUW1_5971622391,TFT6_Augment_PandorasItems,TFT6_Augment_ThrillOfTheHunt1,TFT6_Augment_Ascension,,,,,2.0,,1.0,,0.0,1.0,,,,,,0.0,,1.0,,,1.0,,,,,1.0,,0.0,,,,,,,,,,,,,,,,,,,,,,,,,,,,,1.0,MadredsBloodrazor,GuinsoosRageblade,Deathblade,,,,,,,,,2.0,GiantsBelt,RedBuff,,,,,,,,,,,,,,,,,,,,,,,,,,,,,,,,,,2.0,,,,,,,,,,,,,,,,,,,,,,,,2.0,ShimmerscaleDeterminedInvestor,,,,,,,,,,,,,,,,,,,,,,,,,,,,,,,,,,,,,,,,,,,,,,,,,,,,,,,,,,,,,,,,,,,,,,,,,,,,,,,,,,,,,,,,,,,1.0,,,,1.0,TrainerSnax,None,None,2.0,,,,,,,,,,,,,,,,,,,,,,,,,,,,,,,,,,,
7,EUW1_5971622391,TFT6_Augment_TinyTitans,TFT6_Augment_Meditation1,TFT7_Augment_MikaelsGift,1.0,,,2.0,,,1.0,,,0.0,1.0,,0.0,0.0,,,0.0,,0.0,,,,,,0.0,,0.0,3.0,,,,,,,,,,,,,,,,,,,,,,,,,,,,,,,,,1.0,,,,,,,,,,,,,,,,1.0,GuinsoosRageblade,Bloodthirster,,,,,,,,,,,,,,,,,,,,,,,,,,,,,,,,,,,,,,,,,,,,,,,,,,,,,,,,,,,,,,,,,,,,,,,,,,1.0,,,,1.0,RabadonsDeathcap,LastWhisper,,,,,,,,,,,,,,,,,,,,,,2.0,,,,,,,,,,,,,,,,,,,,,,,,2.0,LocketOfTheIronSolari,LocketOfTheIronSolari,,,,,,1.0,,,,,,,,2.0,,,,,,None,None,,,,,,,,,,,,,,,,,,,,,,,,,,,,,,,,,,,,
3,EUW1_5971622391,TFT6_Augment_SecondWind1,TFT7_Augment_BestFriends1,TFT7_Augment_BestFriends2,1.0,,,1.0,,1.0,,,,,3.0,,0.0,,,,1.0,,,,,,,1.0,1.0,,0.0,,,,,,,,,,,,,,,,,,,,,,,,,,,,,,,,,,,,,,,,,,,,,,,,,,,,,,,,,,,,,,,,,,2.0,TitansResolve,,,,,,,,,,,,,,,,,,,,,,,,,,,,,,,,,,,,,,,,,,,,,,,,,,,,,,,,,,,2.0,,,,,,,,2.0,SpearOfShojin,Shroud,,,,,,2.0,,,,,,,,,,,,2.0,RedBuff,,,,,,,,,,,,,,,,,,,,,,,,,,,,,,,2.0,Bloodthirster,StatikkShiv,Quicksilver,,,,,,,,,,,None,None,,,,,2.0,,,,,,,,,,,,,,,,2.0,MadredsBloodrazor,GuinsoosRageblade,Quicksilver,,,,,,,,,,,,
4,EUW1_5971622391,TFT7_Augment_GuildTrait,TFT6_Augment_TinyTitans,TFT6_Augment_TomeOfTraits1,1.0,,,1.0,,3.0,,,,,5.0,,0.0,,,,1.0,,,,,,,1.0,1.0,,0.0,,,,,,,,,,,,,,,,,,,,,,,,,,,,,,,,,,,,,,,,,,,,,,,,,,,,,,,,,,,,,,,,,,2.0,,,,,,,,,,,,,,,,,,,,,,,,,,,,,,,,,,,,,,,,,,,,,,,,,,,,,,,,,,,,2.0,CavalierEmblemItem,,,,,,,2.0,RedBuff,CavalierEmblemItem,,,,,,2.0,,,,,,,,,,,,1.0,,,,,,,,,,,,,,,,,,,,,,,,,,,,,,,,2.0,MadredsBloodrazor,FrozenHeart,JeweledGauntlet,,,,,,,,,,,None,None,,,,,2.0,RunaansHurricane,,,,,,,,,,,,,,,2.0,GuildEmblemItem,LastWhisper,GuinsoosRageblade,,,,,,,,,,,,
5,EUW1_5971622391,TFT6_Augment_LudensEcho1,TFT6_Augment_CelestialBlessing1,TFT6_Augment_CyberneticUplink2,,0.0,1.0,,,,1.0,,0.0,0.0,2.0,0.0,,2.0,,2.0,,,,,1.0,1.0,1.0,,,1.0,,,,,,,,,,,,,,,,,,,,,,,2.0,LastWhisper,,,,,,,,,,,,,,,,,,,2.0,ShimmerscaleDiamondHands,MageEmblemItem,TitanicHydra,,,,,,,,,,,,,,,,,,,,,,,,,2.0,TearOfTheGoddess,,,,,,,,,,,,,,,,,,,,,,,,,,,,,,,2.0,,,,2.0,StatikkShiv,,,,,,,,,,,,,,,,,,,,,,,,,,,,,,,2.0,Quicksilver,SpearOfShojin,RabadonsDeathcap,,,,,,,,,,,,,,,,,,,,,,,,,,,,,1.0,TearOfTheGoddess,,,,,,,,,,,,,,,,,,,,,,,,,,,3.0,TrainerSnax,None,None,,,,,,,,,,,,,,,,,,,,,,,,,,,,,,,,,1.0,LocketOfTheIronSolari,,
6,EUW1_5971622391,TFT6_Augment_SecondWind1,TFT7_Augment_BruiserTrait,TFT6_Augment_ThrillOfTheHunt2,,,,1.0,,0.0,1.0,1.0,,,,2.0,,,,0.0,1.0,,,1.0,,,,0.0,,,0.0,,,,,,,,,,,,,,2.0,,,,,,,,,,,,,,,,,,,,,,,,,,,,,,,,2.0,Bloodthirster,Deathblade,FrozenHeart,,,,,,,,,,,,,,,,,1.0,,,,,,,,,,,,,,,,2.0,,,,,,,,,,,,,,,,,,,,,,,,,,,,2.0,Redemption,RedBuff,,,,,,,,,,,,,,,,,,,,,,,,,,,,,,,,,,,,,,,,,,2.0,,,,,,,,,,,,,,,,,,,,2.0,GuinsoosRageblade,ArchangelsStaff,,,,,,,,,,,,,,,,,,,,,,,,None,None,,,,,,,,,,,,,,,,,,,,,,,,,,,,,,,,,,,,
1,EUW1_5971622391,TFT6_Augment_PandorasItems,TFT6_Augment_ItemGrabBag1,TFT6_Augment_CelestialBlessing2,1.0,1.0,,1.0,,,,,0.0,,2.0,0.0,0.0,0.0,,1.0,,,,,,,1.0,1.0,1.0,0.0,,,,,,,,,,,,,,,,,,,,,,,,,,,,,,,,,,,,,,,,,,,,,,,,,,,,,,,,,,,,,,,,,,,,,,,,,,,3.0,GargoyleStoneplate,RedBuff,WarmogsArmor,,,,,,,,,,,,,,,,,,,,,,,,,2.0,,,,3.0,ArchangelsStaff,SpearOfShojin,HextechGunblade,,,,,,,,,,,,,,,,,2.0,,,,,,,,2.0,,,,,,,,,,,,,,,,,,,,,,,,,,,,,,,,,,,,2.0,,,,,,,,,,,,,,,,2.0,FrozenHeart,,,,,,,,,,,,,None,None,,,,,2.0,PowerGauntlet,GiantsBelt,,3.0,Deathblade,RunaansHurricane,GuinsoosRageblade,,,,,,,,,,,,,,,,,,,,,,,,
3,EUW1_5971621229,TFT6_Augment_SecondWind2,TFT6_Augment_PortableForge,TFT7_Augment_GuildEmblem,1.0,,,1.0,,1.0,,,,,4.0,,0.0,,,,1.0,,,,,,,1.0,1.0,,0.0,,,,,,,,,,,,,,,,,,,,,,,,,,,,,,,,,,,,,,,,,,,,,,,,,,,,,,,,,,,,,,,,,,2.0,DragonsClaw,SpearOfShojin,,,,,,,,,,,,,,,,,,,,,,,,,,,,,,,,,,,,,,,,,,,,,,,,,,,,,,,,,,2.0,,,,,,,,2.0,FrozenHeart,,,,,,,2.0,,,,,,,,,,,,2.0,SpearOfShojin,,,,,,,,,,,,,,,,,,,,,,,,,,,,,,,2.0,FrozenHeart,RedBuff,OrnnDeathsDefiance,,,,,,,,,,,None,None,,,,,1.0,ZekesHerald,,,,,,,,,,,,,,,2.0,GuildEmblemItem,Quicksilver,GuinsoosRageblade,,,,,,,,,,,,
4,EUW1_5971621229,TFT7_Augment_AxiomArc2,TFT6_Augment_JeweledLotus,TFT7_Augment_DragonmancerEmblem,,,,,,,,2.0,,1.0,,1.0,,,0.0,,0.0,,,1.0,,,,0.0,0.0,,,,,,,,,,,,,,,,2.0,Quicksilver,StatikkShiv,Morellonomicon,,,,,,,,,,,,,,,,,,,,,,,,,,,,,,,,,,,,,,,,,,,,,,,,,,,,,,,,,,,,,,,,,3.0,InfinityEdge,SeraphsEmbrace,RabadonsDeathcap,,,,,2.0,,,,3.0,DragonmancerEmblemItem,TitanicHydra,,,,,,,,,,,,,,2.0,,,,,,,,,,,,,,,,,,,,,,,,,,,,,,,,,,,,,,,,2.0,,,,,,,,,,,,,,,,,,,,,,,,2.0,,,,,,,,,,,,,,,,3.0,GargoyleStoneplate,RedBuff,,,,,,,,None,None,,,,,,,,,,,,,,,,,,,,,,,,,,,,,,,,,,,,
2,EUW1_5971621229,TFT6_Augment_ClearMind,TFT7_Augment_RevelPartyFavors,TFT6_Augment_CyberneticImplants2,,,1.0,,1.0,,1.0,0.0,1.0,1.0,1.0,,,,0.0,1.0,,1.0,,,1.0,,,,,1.0,0.0,0.0,,,,,,,,,,,,,,,,,,,,,2.0,NeedlesslyLargeRod,,,,,,,2.0,MadredsBloodrazor,UnstableConcoction,LastWhisper,,,,,,,,,2.0,RedBuff,GargoyleStoneplate,BrambleVest,,,,,,,,,,,,,,,,,,,,,,,,,,,,,,,,,,,,,,,,,,,,,,,,,,,,,,,,,2.0,FrozenHeart,,,,,,,,,,,,,,,,,,,,,,,,,,,,,,,,,,,,,,,,,,,,,,,,,,,,,,,,,,,,,,,2.0,TearOfTheGoddess,ShimmerscaleGamblersBlade,,,,,,,,,,,,,,,,,,,,,,,,,,2.0,RecurveBow,,,3.0,TrainerSnax,None,None,2.0,,,,,,,,,,,,,,,,,,,,,,,,2.0,SeraphsEmbrace,UnstableConcoction,TitansResolve,,,,,,,,
5,EUW1_5971621229,TFT6_Augment_ThrillOfTheHunt2,TFT6_Augment_Electrocharge2,TFT6_Augment_ComponentGrabBag,,,,,,3.0,1.0,,,1.0,1.0,,,,3.0,,0.0,,0.0,,,,,,,,0.0,,,,,,,,,,,,,,,,,,,,,,,,,,2.0,Chalice,,,,,,,,,,,1.0,JeweledGauntlet,InfinityEdge,GuinsoosRageblade,,,,,,,,,,,,,,,,,,,,,,,,,1.0,,,,,,,,,,,,,,,,,,,,,,,,,,,,2.0,GargoyleStoneplate,CavalierEmblemItem,,,,,,,,,,,,,,,,,,,,,,3.0,RedBuff,TitansResolve,TitansResolve,,,,,,,,,,,,,,,,,,,,,2.0,LocketOfTheIronSolari,,,,,,,,,,,,,,,,,,,,,,,,,,,,,,,,,,,,,,,,,,,,,,,,,,,,,,,,,None,None,,,,,,,,,,,,,,,,,,,,,,,,,,,,,2.0,RunaansHurricane,,,,,,
8,EUW1_5971621229,TFT6_Augment_SalvageBin,TFT7_Augment_FirstAidKit2,TFT6_Augment_Ascension,,1.0,,1.0,,,,,0.0,,1.0,,,2.0,,1.0,,,,,,,,,,1.0,,0.0,,,,,,,,,,,,,,,,,,,,,,,,,,,,,,,,,,,,,,,,,,,,,,,,,,,,,,,,,,,,,,,,,,,,,2.0,,,,2.0,TitanicHydra,NegatronCloak,,,,,,,,,,,,,,,,,,,,,,,,,,1.0,MageEmblemItem,,,2.0,,,,,,,,,,,,,,,,,,,,,,,,,,,,,,,,2.0,HextechGunblade,SpearOfShojin,,,,,,,,,,,,,,,,,,,,,,,,,,,,,,,,,,,,,,2.0,IonicSpark,DragonsClaw,BrambleVest,,,,,,,,,,,,,,,,,2.0,TrainerSnax,None,None,,,,,,,,,,,,,1.0,,,,,,,,,,,,,,,,,,,,,,,
1,EUW1_5971621229,TFT6_Augment_PortableForge,TFT6_Augment_SalvageBin,TFT6_Augment_Diversify2,1.0,,,1.0,,1.0,,,,,3.0,,0.0,0.0,,,1.0,,,,0.0,1.0,,1.0,1.0,,0.0,,,,,,,,,,,,,,,,,,,,,,,,,,,,,,,,,,,,,,,,,,,,,,,,,,,,,,,,,,,,,,,,,,2.0,OrnnRocketPropelledFist,GargoyleStoneplate,Bloodthirster,,,,,,,,,,,,,,,,,,,,,,,,,,,,,,,,,,,,,,,,,,,,,,,,,,,,,,,,,2.0,ThiefsGloves,StatikkShiv,SpearOfShojin,,,,,2.0,FrozenHeart,,,,,,,2.0,,,,,,,,,,,,1.0,Zephyr,,,,,,,,,,,,,,,,,,,,,,,,,,,,,,,2.0,RunaansHurricane,UnstableConcoction,GuinsoosRageblade,,,,,,,,,,,None,None,,,,,2.0,,,,,,,,,,,,,,,,2.0,Quicksilver,GuinsoosRageblade,MadredsBloodrazor,,,,,,,,,2.0,,,
7,EUW1_5971621229,TFT7_Augment_GadgetExpert,TFT6_Augment_TomeOfTraits1,TFT6_Augment_ThrillOfTheHunt2,0.0,,,1.0,1.0,,1.0,,0.0,,,,0.0,,1.0,,,4.0,,,,,,,1.0,,,,,,,,,,,,,,,,,,,,,,,,,,,,,,,,1.0,ArchangelsStaff,RunaansHurricane,StatikkShiv,,,,,1.0,RevelEmblemItem,StatikkShiv,GuinsoosRageblade,,,,,,,,,,,,,,,,,,,,,,,,,,,,,,,,,,,,,2.0,,,,,,,,,,,,,,,,,,,,,,,,,,,,,,,,,,,,,,,,,,,,,,,,2.0,,,,,,,,1.0,,,,,,,,,,,,,,,,,,,,,,,,,,,,,,,,1.0,,,,,,,,,,,,,,,,2.0,GargoyleStoneplate,DragonsClaw,Redemption,,,,,,,,,,,,,,,None,None,,,,,,,,,,,,,,,,,,,,,,,,,,,,,,,,,,,,
6,EUW1_5971621229,TFT6_Augment_PortableForge,TFT6_Augment_JeweledLotus,TFT6_Augment_SecondWind2,,,1.0,,0.0,,1.0,,1.0,1.0,1.0,0.0,,,,1.0,,1.0,,,1.0,,1.0,,,0.0,,0.0,,,,,,,,,,,,,,,,,,,,,1.0,SpearOfShojin,,,,,,,2.0,Quicksilver,UnstableConcoction,MadredsBloodrazor,,,,,,,,,2.0,DragonsClaw,WarmogsArmor,TitansResolve,,,,,,,,,,,,,,,,,,,,,,,,,,,,,,,,,,,,,,,,,,,,,,,,,,,,,,,,,2.0,OrnnRocketPropelledFist,,,,,,,,,,,,,,,,,,,,,,,,,,,,,,,,,,,,,,,,,,,,,,,,,,,,,,,,,,,,,,,2.0,ThiefsGloves,ChainVest,BrambleVest,1.0,ShimmerscaleGamblersBlade,,,,,,,,,,,,,,,,,,,,,,,2.0,,,,,,None,None,,,,,,,,,,,,,,,,,,,,,,,,,,,,,,,,,,,,
7,EUW1_5971960264,TFT6_Augment_TradeSector,TFT7_Augment_DragonmancerInspire,TFT7_Augment_DragonmancerEmblem,,,,0.0,,0.0,1.0,1.0,,,,0.0,,,,,2.0,,,2.0,,,,,0.0,,0.0,0.0,,,,,,,,,,,,,,,,,,,,,,,,,,,,,,,,,,,,,,,,,,,,,,,,,,,,,1.0,,,,,,,,,,,,1.0,Shroud,,,,,,,,,,,,,,,,,,,,,,,2.0,GargoyleStoneplate,,,,,,,,,,,,,,,,,,,2.0,RedBuff,,,,,,,,,,,,,,,,,,,,,,,,,,,,,,,,,,,,,,,,,,,1.0,,,,1.0,DragonmancerEmblemItem,RabadonsDeathcap,,,,,,,,,,,,,,2.0,ArchangelsStaff,GuinsoosRageblade,UnstableConcoction,,,,,,,,,,,,,,,,,,,,,,,None,None,,,,,,,,,,,,,,,,,,,,,,,,,,,,,,,,,,,,
5,EUW1_5971960264,TFT6_Augment_CyberneticUplink2,TFT6_Augment_SecondWind2,TFT6_Augment_CyberneticShell2,,0.0,1.0,1.0,,,,,0.0,,2.0,,,2.0,,2.0,,,,,0.0,1.0,,,,1.0,,0.0,,,,,,,,,,,,,,,,,,,,,2.0,LocketOfTheIronSolari,,,,,,,,,,,,,,,,,,,,,,,,,,,,,,,,,,,,,,,,,,,,,,,2.0,StatikkShiv,,,2.0,DragonsClaw,Redemption,,,,,,,,,,,,,,,,,,,,,,,,,,1.0,,,,3.0,RecurveBow,,,,,,,,,,,,,,,,,,,,,,,,,,,,,,,2.0,ArchangelsStaff,SpearOfShojin,MadredsBloodrazor,,,,,,,,,,,,,,,,,,,,,,,,,,,,,,,,,,,,,2.0,RedBuff,Redemption,,,,,,,,,,,,,,,,,,2.0,TrainerSnax,None,None,,,,,,,,,,,,,,,,,,,,,,,,,,,,,,,,,1.0,BFSword,,
2,EUW1_5971960264,TFT6_Augment_SecondWind2,TFT6_Augment_TomeOfTraits1,TFT6_Augment_ComponentGrabBag,1.0,,,,,1.0,,,0.0,,4.0,,,0.0,,0.0,1.0,,,,0.0,,,1.0,,1.0,,,,,,,,,,,,,,,,,,,,,,,,,,,,,,,,,,,,,,,,,,,,,,,,,,,,,,,,,,,,,,,,,,,2.0,ThiefsGloves,GiantsBelt,PowerGauntlet,2.0,,,,,,,,,,,,,,,,2.0,RabadonsDeathcap,,,,,,,,,,,,,,,2.0,ThiefsGloves,SeraphsEmbrace,HextechGunblade,,,,,,,,,,,,,,,,,,,,,,,,,,,,,,,,,,,,,2.0,RedBuff,WarmogsArmor,GargoyleStoneplate,,,,,,,,,,,,,,,,,,,,,,,,,,,,,,,,,,,,,,,,,2.0,RunaansHurricane,IonicSpark,UnstableConcoction,,,,,,,,,4.0,TrainerSnax,None,None,,,,,2.0,ThiefsGloves,RunaansHurricane,MadredsBloodrazor,,,,,,,,,,,,,2.0,GuinsoosRageblade,GuildEmblemItem,MadredsBloodrazor,,,,,,,,,,,,
4,EUW1_5971960264,TFT6_Augment_TrueTwos,TFT6_Augment_ThrillOfTheHunt2,TFT7_Augment_DragonAlliance,,,,0.0,,,2.0,,0.0,,,2.0,0.0,,,0.0,,,,1.0,,,1.0,,,,,2.0,,,,,2.0,Morellonomicon,,,,,,,,,,,,,,,,,,,,,,,,,,,,,,,,,,,,,,,2.0,ThiefsGloves,TearOfTheGoddess,FrozenHeart,2.0,TitansResolve,Bloodthirster,GuinsoosRageblade,2.0,SparringGloves,,,,,,,,,,,,,,,,,,,,,,,,,,,,,,,,,,,,,,,,,,,,,,,,,,,,,,,2.0,GargoyleStoneplate,DragonsClaw,TitansResolve,,,,,,,,,,,,,,,,,,,,,,,,,,,,,,,,,,,,,,,,,,,,,,,,,,,,,,,,,2.0,,,,,,,,,,,,,,,,,,,,,,,,,,,,,,None,None,,,,,,,,,,,,,,,,,,,,,,,,,,,,,,,,,,,,
6,EUW1_5971960264,TFT6_Augment_TargetDummies,TFT7_Augment_CannoneerHotShot,TFT7_Augment_PandorasBench,,,,,2.0,,1.0,,1.0,1.0,,,,,,0.0,,2.0,0.0,,1.0,,,,,1.0,,,,,,,,,,,,,,,,,,,,,,,,,,,1.0,NegatronCloak,,,2.0,Bloodthirster,InfinityEdge,MadredsBloodrazor,,,,,,,,,2.0,ShimmerscaleMogulsMail,GargoyleStoneplate,WarmogsArmor,,,,,,,,,,,,,,,,,,,,,,,,,,,,,,,,,2.0,LocketOfTheIronSolari,,,,,,,,,,,,,,,,,,,,,,,1.0,,,,,,,,,,,,,,,,,,,,,,,,,,,,,,,,,,,,,,,,,,,,,,,,,,,,,,,,,,,,,,,,2.0,SpearOfShojin,,,,,,,,,,,,,,,,,,,,,,,,,,,,,,,3.0,TrainerSnax,None,None,2.0,,,,,,,,,,,,,,,,,,,,,,,,,,,,,,,,,,,
8,EUW1_5971960264,TFT6_Augment_LudensEcho2,TFT6_Augment_JeweledLotus,TFT6_Augment_FuturePeepers,,1.0,1.0,1.0,,,,,0.0,,2.0,,,2.0,,2.0,,,,,,,,,,1.0,,0.0,,,,,,,,,,,,,,,,,,,,,1.0,,,,,,,,,,,,,,,,,,,,,,,,,,,,,,,,,,,,,,,,,,,,,,,,2.0,Zephyr,,,2.0,Quicksilver,,,,,,,,,,,,,,,,,,,,,,,,,,,1.0,,,,2.0,Chalice,,,,,,,,,,,,,,,,,,,,,,,,,,,,,,,2.0,SpearOfShojin,ArchangelsStaff,InfinityEdge,,,,,,,,,,,,,,,,,,,,,,,,,,,,,,,,,,,,,1.0,RedBuff,Zephyr,TitanicHydra,,,,,,,,,,,,,,,,,1.0,TrainerSnax,None,None,,,,,,,,,,,,,2.0,,,,,,,,,,,,,,,,,,,,,,,
1,EUW1_5971960264,TFT7_Augment_CannoneerHotShot,TFT6_Augment_Diversify2,TFT6_Augment_SecondWind2,0.0,,,,2.0,,1.0,,1.0,1.0,1.0,,,,,0.0,,2.0,,,1.0,,,,,1.0,,0.0,,,,,,,,,,,,,,,,,,,,,,,,,,,,,2.0,InfinityEdge,UnstableConcoction,LastWhisper,,,,,,,,,2.0,GargoyleStoneplate,ShimmerscaleMogulsMail,WarmogsArmor,,,,,,,,,,,,,,,,,,,,,,,,,,,,,,,,,2.0,Deathblade,RunaansHurricane,UnstableConcoction,,,,,,,,,,,,,,,,,,,,,2.0,,,,,,,,,,,,,,,,,,,,,,,,,,,,,,,,,,,,,,,,,,,,,,,,,,,,,,,,,,,,,,,,2.0,,,,,,,,,,,,,,,,,,,,2.0,,,,,,,,2.0,,,,4.0,TrainerSnax,None,None,2.0,PowerGauntlet,Shroud,,,,,,,,,,,,,,,,,,,,,,,,,,,,,,,,,
3,EUW1_5971960264,TFT6_Augment_MetabolicAccelerator,TFT7_Augment_BruiserEmblem,TFT6_Augment_SecondWind2,,1.0,,3.0,,,,,,,1.0,,0.0,0.0,,,0.0,,,,,,,2.0,1.0,,0.0,0.0,,,,,,,,,,,,,,,,,,,,,,,,,,,,,,,,,,,,,,,,,,,,,,,,,,,,,,,,,2.0,,,,,,,,,,,,,,,,3.0,,,,,,,,,,,,,,,,,,,,,,,,,,,,,,,,,,,,,,,,,,,,,,,,,,,,2.0,BrambleVest,IonicSpark,JeweledGauntlet,,,,,,,,,,,,,,,,,,,,,,,,,2.0,,,,,,,,2.0,,,,,,,,,,,,,,,,2.0,,,,,,,,,,,,,,,,,,,,,,None,None,,,,,2.0,BruiserEmblemItem,,,3.0,GuinsoosRageblade,RunaansHurricane,Deathblade,,,,,,,,,1.0,InfinityEdge,MadredsBloodrazor,GuinsoosRageblade,,,,,,,,,,,,
4,EUW1_5971861581,TFT7_Augment_MirageEmblem,TFT6_Augment_CyberneticShell3,TFT6_Augment_ComponentGrabBag,,,,,,2.0,1.0,0.0,1.0,,1.0,,,,3.0,0.0,0.0,0.0,,,,,,,,0.0,0.0,,,,,,,,,,,,,,,,,,,,,,,,,,,,,,,,,,,,,,2.0,StatikkShiv,ArchangelsStaff,GuinsoosRageblade,,,,,,,,,,,,,,,,,,,,,,,,,2.0,SeraphsEmbrace,RedBuff,,,,,,,,,,,,,,,,,,,,,,,,,,,,,,,,,,2.0,ZekesHerald,,,,,,,,,,,,,,,3.0,Redemption,,,,,,,,,,,,,,,,,,,,,,,2.0,DragonsClaw,TitanicHydra,,,,,,,,,,,,,,,,,,,,,,2.0,MirageEmblemItem,Morellonomicon,,,,,,,,,,,,,,,,,,,,,,,,,,,,,,,,None,None,,,,,,,,,,,,,,,,,,,,,,,,,1.0,Deathblade,,,,,,,,,,
3,EUW1_5971861581,TFT7_Augment_AstralIntercosmicGifts,TFT6_Augment_Electrocharge3,TFT6_Augment_SalvageBin,,1.0,1.0,1.0,,,,,,,2.0,0.0,,1.0,,1.0,,,,0.0,0.0,1.0,,1.0,,,,0.0,,,,,,,,,,,,,,,,,,,,,2.0,,,,,,,,,,,,,,,,,,,,,,,,,,,,,,,,,,,,,,,,,,,,,,,,,,,,3.0,GargoyleStoneplate,RedBuff,DragonsClaw,,,,,,,,,,,,,,,,,,,,,,,,,,,,,3.0,ArchangelsStaff,StatikkShiv,JeweledGauntlet,2.0,Bloodthirster,,,,,,,,,,,,,,,,,,,,,,,,,,,,,,,,,,,,,,,,,,,,,,,,,,,,,,,,,,,,,,,,,,,2.0,TitanicHydra,,,,,,,,,,,,,,,,,,,,,None,None,,,,,2.0,,,,3.0,GuinsoosRageblade,RunaansHurricane,InfinityEdge,,,,,,,,,,,,,,,,,,,,,1.0,RabadonsDeathcap,,
7,EUW1_5971861581,TFT7_Augment_CannoneerEmblem,TFT6_Augment_VerdantVeil,TFT7_Augment_CannoneerRicochet,,,,,3.0,,,,0.0,1.0,,,,,,0.0,,1.0,0.0,,,,,,,1.0,,0.0,,,,,,,,,,,,,,,,,,,,,,,,,2.0,GargoyleStoneplate,WarmogsArmor,,1.0,,,,,,,,,,,,,,,,,,,,,,,,,,,,,,,,,,,,,,,,,,,,,,,,2.0,ThiefsGloves,SparringGloves,ArchangelsStaff,,,,,,,,,,,,,,,,,,,,,2.0,,,,,,,,,,,,,,,,,,,,,,,,,,,,,,,,,,,,,,,,,,,,,,,,,,,,,,,,,,,,,,,,,,,,,,,,,,,,,,,,,,,,,,,,,,,,3.0,CannoneerEmblemItem,,,2.0,TrainerSnax,None,None,3.0,Deathblade,GuinsoosRageblade,Deathblade,,,,,,,,,,,,,,,,,,,,,,,,,,,,,,,,
8,EUW1_5971861581,TFT7_Augment_DragonmancerEmblem,TFT6_Augment_Twins3,TFT6_Augment_ComponentGrabBag,,,,,,,,2.0,,,,1.0,,,,,1.0,,,1.0,,,,1.0,0.0,,,,,,,,,,,,,,,,2.0,,,,,,,,,,,,,,,,,,,,,,,,,,,,,,,,,,,,,,,,,,,,,,,,,,,,,,,,,,,,,,,,,,,,2.0,,,,,,,,2.0,SeraphsEmbrace,PowerGauntlet,IonicSpark,,,,,,,,,,,,,,,,,2.0,DragonmancerEmblemItem,WarmogsArmor,FrozenHeart,,,,,,,,,,,,,,,,,,,,,,,,,,,,,,,,,,,,,2.0,,,,,,,,,,,,,,,,,,,,,,,,1.0,ArchangelsStaff,GuinsoosRageblade,MadredsBloodrazor,,,,,,,,,,,,,,,,,,,,,,,None,None,,,,,,,,,,,,,,,,,,,,,1.0,BFSword,,,,,,,,,,,,,,
6,EUW1_5971861581,TFT6_Augment_ThrillOfTheHunt2,TFT6_Augment_Meditation3,TFT6_Augment_PortableForge,,0.0,1.0,0.0,0.0,,,,1.0,,1.0,,,1.0,,2.0,,2.0,,,0.0,1.0,,,,1.0,,,,,,,,,,,,,,,,,,,,,,,1.0,,,,,,,,2.0,OrnnDeathsDefiance,GuinsoosRageblade,MadredsBloodrazor,,,,,,,,,,,,,,,,,,,,,,,,,,,,,,,,,,,,,2.0,InfinityEdge,LastWhisper,,,,,,,,,,,,,,,,,,,,,,,,,,,,,,2.0,,,,2.0,,,,,,,,,,,,,,,,,,,,,,,,,,,,,,,,,,,,,,,,,,,,,,,,,,,,,,,,,,,,2.0,,,,,,,,,,,,,,,,2.0,IonicSpark,RedBuff,GargoyleStoneplate,,,,,,,,,,,,,2.0,TrainerSnax,None,None,,,,,,,,,,,,,,,,,,,,,,,,,,,,,,,,,1.0,Zephyr,,
5,EUW1_5971861581,TFT7_Augment_BruiserTitanicStrength,TFT6_Augment_RadiantRelics,TFT6_Augment_ThrillOfTheHunt2,3.0,,,1.0,,,1.0,0.0,,,1.0,,,,1.0,,0.0,,0.0,,0.0,,,,0.0,,1.0,2.0,,,,,,,,,,,,,,,,,,,,,,,,,,,,,,,,,,,,,,,,,,,,,,,,,2.0,AssassinEmblemItem,InfinityEdge,Bloodthirster,,,,,,,,,,,,,,,,,,,,,,,,,,,,,,,,,2.0,,,,,,,,,,,,,,,,,,,,,,,,,,,,,,,,,,,,2.0,InfinityEdge,AssassinEmblemItem,RunaansHurricane,,,,,1.0,MirageEmblemItem,JeweledGauntlet,,2.0,ZekesHerald,,,,,,,,,,,,,,,,,,,,,,,,,,,,,,,,,,,,,,,,,,,,,,,,,,,2.0,ThiefsGlovesRadiant,IonicSparkRadiant,GuinsoosRagebladeRadiant,,,,,,,,,,,None,None,,,,,,,,,,,,,,,,,,,,,,,,,1.0,,,,,,,,,,,
1,EUW1_5971861581,TFT6_Augment_Ascension,TFT6_Augment_HighEndShopping,TFT6_Augment_Distancing2,1.0,,,1.0,,2.0,,,,,3.0,0.0,0.0,,,,1.0,,,,,,1.0,1.0,1.0,,0.0,,,,,,,,,,,,,,,,,,,,,,,,,,,,,,,,,,,,,,,,,,,,,,,,,,,,,,,,,,,,,,,,,,2.0,,,,,,,,,,,,,,,,,,,,,,,,,,,,,,,,,,,,,,,,,,,,,,,,,,,,,,,,,,,,2.0,TitanicHydra,CavalierEmblemItem,WarmogsArmor,,,,,1.0,,,,,,,,2.0,,,,,,,,,,,,2.0,,,,,,,,,,,,,,,,2.0,,,,,,,,,,,,,,,,2.0,Zephyr,Shroud,GuardianAngel,,,,,,,,,,,None,None,,,,,2.0,LastWhisper,ZekesHerald,,,,,,,,,,,,,,2.0,Quicksilver,GuinsoosRageblade,MadredsBloodrazor,,,,,,,,,,,,
2,EUW1_5971861581,TFT6_Augment_Distancing2,TFT6_Augment_CelestialBlessing3,TFT6_Augment_PortableForge,1.0,,,1.0,,1.0,,,,,3.0,,0.0,,,,1.0,,,,,,,1.0,1.0,,0.0,,,,,,,,,,,,,,,,,,,,,,,,,,,,,,,,,,,,,,,,,,,,,,,,,,,,,,,,,,,,,,,,,,2.0,ZekesHerald,FrozenHeart,GargoyleStoneplate,,,,,,,,,,,,,,,,,,,,,,,,,,,,,,,,,,,,,,,,,,,,,,,,,,,,,,,,,2.0,OrnnEternalWinter,RedBuff,TitansResolve,,,,,2.0,,,,,,,,2.0,,,,,,,,,,,,2.0,,,,,,,,,,,,,,,,,,,,,,,,,,,,,,,,2.0,LastWhisper,UnstableConcoction,FrozenHeart,,,,,,,,,,,None,None,,,,,2.0,,,,,,,,,,,,,,,,2.0,GuinsoosRageblade,Quicksilver,LastWhisper,,,,,,,,,,,,
2,EUW1_5971953460,TFT7_Augment_RevelPartyTime,TFT7_Augment_FirstAidKit2,TFT7_Augment_BestFriends2,,,,,2.0,,1.0,,1.0,1.0,,,,,,0.0,,2.0,,,1.0,,,,,1.0,,0.0,,,,,,,,,,,,,,,,,,,,,,,,,,,,,2.0,LastWhisper,StatikkShiv,GuinsoosRageblade,,,,,,,,,2.0,RedBuff,ShimmerscaleHeartOfGold,DragonsClaw,,,,,,,,,,,,,,,,,,,,,,,,,,,,,,,,,2.0,StatikkShiv,,,,,,,,,,,,,,,,,,,,,,,2.0,,,,,,,,,,,,,,,,,,,,,,,,,,,,,,,,,,,,,,,,,,,,,,,,,,,,,,,,,,,,,,,,2.0,SpearOfShojin,ArchangelsStaff,RapidFireCannon,,,,,,,,,,,,,,,,,,,,,,,,,2.0,IonicSpark,,,3.0,TrainerSnax,None,None,2.0,SparringGloves,,,,,,,,,,,,,,,,,,,,,,,,,,,,,,,,,,
4,EUW1_5971953460,TFT7_Augment_GadgetExpert,TFT6_Augment_SecondWind2,TFT6_Augment_FuturePeepers,,,,,1.0,,1.0,,1.0,1.0,,0.0,,,2.0,0.0,,3.0,,,,,,,,0.0,,,,,,,,,,,,,,,,,,,,,,,,,,,,,,,2.0,StatikkShiv,InfinityEdge,GuinsoosRageblade,,,,,2.0,Quicksilver,RevelEmblemItem,StatikkShiv,,,,,,,,,,,,,,,,,,,,,,,,,,,,,,,,,,,,,2.0,RunaansHurricane,,,,,,,,,,,,,,,2.0,Zephyr,TitanicHydra,,,,,,2.0,Chalice,,,,,,,,,,,,,,,,,,,,,,,,,,,,,,,,,,,,,,,,,,,,,,,,,,,,,,,,,,,,,,,1.0,TearOfTheGoddess,,,,,,,,,,,,,,,,,,,,,,,2.0,GargoyleStoneplate,DragonsClaw,,,,,,,,None,None,,,,,,,,,,,,,,,,,,,,,,,,,,,,,,,,,,,,
6,EUW1_5971953460,TFT7_Augment_DragonmancerInspire,TFT6_Augment_Ascension,TFT6_Augment_CyberneticShell2,,,,0.0,,,1.0,1.0,,,,2.0,0.0,,,0.0,0.0,,,0.0,,,,1.0,1.0,,,,,,,,,,,,,,,,1.0,,,,,,,,,,,,,,,,,,,,,,,,,,,,,,,,2.0,TitansResolve,Bloodthirster,TitansResolve,,,,,,,,,,,,,,,,,,,,,,,,,,,,,,,,,2.0,,,,,,,,2.0,SparringGloves,,,,,,,,,,,,,,,,,,,1.0,RedBuff,,,,,,,,,,,,,,,2.0,,,,,,,,,,,,,,,,,,,,,,,,,,,,,,,,,,,,,,,,,,,,,,,,,,,,,,,,,,,,,,,,,,,,,,,,,,None,None,,,,,,,,,,,,,,,,,,,,,2.0,GuinsoosRageblade,Quicksilver,,,,,,,,,,,,,
7,EUW1_5971953460,TFT6_Augment_CelestialBlessing2,TFT6_Augment_Ascension,TFT7_Augment_PandorasBench,,,1.0,1.0,,,1.0,,,,2.0,0.0,0.0,0.0,,0.0,,,,,,,1.0,0.0,0.0,,,2.0,,,,,,,,,,,,,,,,,,,,,1.0,,,,,,,,,,,,,,,,,,,,,,,,,,,,2.0,InfinityEdge,BFSword,,,,,,,,,,,,,,,,,,,,,,,,,,,,,,,,,,,,,,,,,,,,,,,,,,,,,,,,,,,,,,,,,,,,,,,,,,2.0,GargoyleStoneplate,Morellonomicon,NegatronCloak,,,,,,,,,,,,,,,,,,,,,,,,,,,,,,,,,,,,,,,,,1.0,,,,,,,,1.0,,,,,,,,,,,,,,,,,,,,,,None,None,,,,,2.0,,,,,,,,,,,,,,,,,,,,,,,,,,,,,,,
3,EUW1_5971953460,TFT6_Augment_Featherweights2,TFT6_Augment_Ascension,TFT7_Augment_ShapeshifterBeastsDen,,0.0,,1.0,,,1.0,,,,,1.0,,0.0,,,,,,2.0,,,1.0,,,,,2.0,,,,,,,,,,,,,,,,,,,,,,,,,,,,,,,,,,,,,,,,,,,,,,,,,2.0,WarmogsArmor,RunaansHurricane,UnstableConcoction,2.0,,,,,,,,2.0,,,,,,,,,,,,,,,,,,,,,,,,,,,,,,,,,,,,,,,,,,,,,,,,2.0,BrambleVest,WarmogsArmor,ChainVest,3.0,Quicksilver,GuinsoosRageblade,Deathblade,,,,,,,,,,,,,,,,,,,,,,,,,,,,,,,,,,,,,,,,,,,,,,,,,,,,,1.0,,,,,,,,2.0,,,,,,,,,,,,,,,,,,,,,,None,None,,,,,,,,,,,,,,,,,,,,,,,,,,,,,,,,,,,,
1,EUW1_5971953460,TFT6_Augment_Meditation2,TFT7_Augment_AstralIntercosmicGifts,TFT6_Augment_Diversify2,,0.0,1.0,1.0,,,,,0.0,,2.0,0.0,,2.0,,2.0,,,,,0.0,1.0,1.0,,,1.0,,0.0,,,,,,,,,,,,,,,,,,,,,1.0,,,,,,,,,,,,,,,,,,,,,,,,,,,,,,,,,,,,,,,,,,,,,,,,2.0,,,,3.0,ThiefsGloves,FrozenHeart,GuardianAngel,,,,,,,,,,,,,,,,,,,,,,,,,2.0,ThiefsGloves,JeweledGauntlet,RabadonsDeathcap,3.0,ThiefsGloves,RapidFireCannon,Bloodthirster,,,,,,,,,,,,,,,,,,,,,,,,,,,,,2.0,HextechGunblade,SpearOfShojin,ArchangelsStaff,,,,,,,,,,,,,,,,,,,,,,,,,,,,,1.0,,,,,,,,2.0,GargoyleStoneplate,RedBuff,IonicSpark,,,,,,,,,,,,,,,,,3.0,TrainerSnax,None,None,,,,,,,,,,,,,,,,,,,,,,,,,,,,,,,,,1.0,,,
5,EUW1_5971953460,TFT6_Augment_ThreesCompany,TFT7_Augment_CavalierDevastatingCharge,TFT7_Augment_GadgetExpert,,,1.0,0.0,,2.0,1.0,,,,2.0,,0.0,,2.0,0.0,0.0,,,,,,,,0.0,,0.0,,,,,,,,,,,,,,,,,,,,,,1.0,Quicksilver,SeraphsEmbrace,,,,,,,,,,,,,,2.0,JeweledGauntlet,HextechGunblade,GuinsoosRageblade,,,,,,,,,,,,,,,,,,,,,,,,,2.0,,,,,,,,,,,,,,,,,,,,,,,,,,,,,,,,,,,,,,,,,,,,,,,,,,,,2.0,RedBuff,Redemption,DragonsClaw,,,,,2.0,,,,,,,,,,,,,,,,2.0,,,,,,,,,,,,,,,,,,,,,,,,,,,,,,,,,,,,,,,,,,,,,,,,,,,,,,,,,,None,None,,,,,,,,,,,,,,,,,,,,,,,,,,,,,2.0,StatikkShiv,,,,,,
8,EUW1_5971953460,TFT6_Augment_TomeOfTraits1,TFT6_Augment_PortableForge,,,,,,,0.0,,1.0,,1.0,,1.0,,,0.0,,1.0,,,,,,,1.0,0.0,,,,,,,,,,,,,,,,2.0,,,,,,,,,,,,,,,,,,,,,,,,,,,,,,,,,,,,,,,,,,,,,,,,,,,,1.0,,,,,,,,,,,,,,,,2.0,,,,,,,,,,,,2.0,SparringGloves,TempestEmblemItem,GargoyleStoneplate,,,,,,,,,,,,,,,,,,,,,,,,,,,,,,,,,,,,,,,,,,,,,,,,,,,,,2.0,,,,,,,,,,,,,,,,,,,,,,,,,,,,,,,,,,,,,,,,1.0,,,,,,,,,,None,None,,,,,,,,,,,,,,,,,,,,,1.0,GuinsoosRageblade,OrnnInfinityForce,,,,,,,,,,,,,
3,EUW1_5971777632,TFT6_Augment_SunfireBoard,TFT7_Augment_RagewingScorch,TFT7_Augment_RagewingEmblem,,,,0.0,,,,2.0,,,,1.0,0.0,,,,1.0,,,1.0,0.0,,,0.0,1.0,,,,,,,,,,,,,,,,2.0,RagewingEmblemItem,,,,,,,,,,,,,,,,,,,,,,,,,,,,,,,,,,,,,,,,,,,,,,,,,,,,,,,,,,,,,,,,,,,2.0,,,,,,,,3.0,Morellonomicon,LocketOfTheIronSolari,GuardianAngel,,,,,,,,,,,,,,,,,2.0,DragonsClaw,BrambleVest,GargoyleStoneplate,,,,,,,,,,,,,1.0,,,,,,,,,,,,,,,,,,,,,,,,1.0,,,,,,,,,,,,,,,,,,,,,,,,3.0,ArchangelsStaff,GuinsoosRageblade,Quicksilver,,,,,,,,,,,,,,,,,,,,,,,None,None,,,,,,,,,,,,,,,,,3.0,FrozenHeart,,,,,,,,,,,,,,,,,,
6,EUW1_5971777632,TFT7_Augment_GuildLoot,TFT6_Augment_Electrocharge2,TFT6_Augment_SunfireBoard,1.0,,,1.0,,1.0,,,,,3.0,,0.0,,,,1.0,,,,,,,1.0,1.0,,0.0,,,,,,,,,,,,,,,,,,,,,,,,,,,,,,,,,,,,,,,,,,,,,,,,,,,,,,,,,,,,,,,,,,2.0,,,,,,,,,,,,,,,,,,,,,,,,,,,,,,,,,,,,,,,,,,,,,,,,,,,,,,,,,,,,2.0,,,,,,,,2.0,FrozenHeart,StatikkShiv,IonicSpark,,,,,2.0,,,,,,,,,,,,1.0,,,,,,,,,,,,,,,,,,,,,,,,,,,,,,,,1.0,RapidFireCannon,MadredsBloodrazor,Quicksilver,,,,,,,,,,,None,None,,,,,2.0,StatikkShiv,MadredsBloodrazor,ZekesHerald,,,,,,,,,,,,,2.0,GuinsoosRageblade,Quicksilver,Deathblade,,,,,,,,,,,,
4,EUW1_5971777632,TFT7_Augment_Bloodlust1,TFT6_Augment_Twins2,TFT6_Augment_CyberneticShell2,,0.0,,,,,1.0,,,0.0,,1.0,,,,,1.0,,,2.0,,,1.0,,,,,0.0,,,,,,,,,,,,,,,,,,,,,,,,,,,,,,,,,,,,,,,,,,,,,,,,,,,,,2.0,Redemption,,,,,,,2.0,RedBuff,,,,,,,,,,,,,,,,,,,,,,,,,,,,,,,,,,,,,,,,,,,,,,,,,,,3.0,Quicksilver,InfinityEdge,GuinsoosRageblade,,,,,,,,,,,,,,,,,,,,,,,,,,,,,,,,,,,,,,,,,1.0,WarmogsArmor,Bloodthirster,IonicSpark,,,,,,,,,1.0,,,,,,,,,,,,,,,,,,,,2.0,WarmogsArmor,,,,,,,,,None,None,,,,,,,,,,,,,,,,,,,,,,,,,,,,,,,,,,,,
7,EUW1_5971777632,TFT6_Augment_CelestialBlessing2,TFT7_Augment_FirstAidKit2,TFT6_Augment_CyberneticShell2,,0.0,1.0,,,,1.0,,,,1.0,2.0,,,,1.0,,,,2.0,,,1.0,,,,,0.0,,,,,,,,,,,,,,,,,,,,,1.0,SparringGloves,,,,,,,,,,,,,,,,,,,,,,,1.0,GuinsoosRageblade,,,,,,,2.0,ZekesHerald,,,,,,,2.0,GiantsBelt,,,,,,,,,,,,,,,,,,,,,,,,,,,,,,,,,,,,,,,,,,,,,,,1.0,RedBuff,WarmogsArmor,,3.0,GuinsoosRageblade,Deathblade,UnstableConcoction,,,,,,,,,,,,,,,,,,,,,,,,,,,,,,,,,,,,,,,,,,,,,,,,,,,,,1.0,NeedlesslyLargeRod,,,,,,,,,,,,,,,,,,,,,,,,,,,,,None,None,,,,,,,,,,,,,,,,,,,,,,,,,,,,,,,,,,,,
1,EUW1_5971777632,TFT6_Augment_TrueTwos,TFT6_Augment_SecondWind2,TFT7_Augment_BestFriends2,,,1.0,,0.0,,1.0,,1.0,1.0,1.0,,,1.0,,1.0,,1.0,,,2.0,1.0,,,,1.0,,0.0,,,,,,,,,,,,,,,,,,,,,1.0,SparringGloves,,,,,,,2.0,ShimmerscaleDravensAxe,Deathblade,GuinsoosRageblade,,,,,,,,,2.0,GargoyleStoneplate,WarmogsArmor,TitansResolve,,,,,,,,,,,,,,,,,,,,,,,,,2.0,Zephyr,Bloodthirster,,,,,,,,,,,,,,,,,,,,,,,,,,,,,,2.0,,,,,,,,,,,,,,,,,,,,,,,,,,,,,,,,,,,,,,,,,,,,,,,,,,,,,,,,,,,,,,,,2.0,MageEmblemItem,StatikkShiv,HextechGunblade,,,,,,,,,,,,,,,,,,,,,,,,,2.0,ShimmerscaleEmblemItem,Zephyr,IonicSpark,4.0,TrainerSnax,None,None,,,,,,,,,,,,,,,,,,,,,,,,,,,,,,,,,2.0,PowerGauntlet,ShimmerscaleHeartOfGold,GuardianAngel
8,EUW1_5971777632,TFT7_Augment_SwiftshotPressTheAttack,TFT6_Augment_PortableForge,TFT6_Augment_CyberneticImplants2,1.0,,,1.0,,0.0,,0.0,,,3.0,0.0,0.0,,0.0,,1.0,,,0.0,0.0,,,1.0,0.0,,1.0,,,,,,,,,,,,,,,,,,,,,,,,,,,,,,,,,,,,,,,,,,,,,,,,,,,,,,,,,,,,,,,,,,,,,,,,,,,,,,,,,,,,,,1.0,,,,,,,,,,,,,,,,,,,,,,,,2.0,TearOfTheGoddess,GargoyleStoneplate,,,,,,,,,,,,,,1.0,RedBuff,,,,,,,,,,,,,,,2.0,Spatula,,,,,,,,,,,2.0,Shroud,,,,,,,,,,,,,,,,,,,,,,,,,,,,,,,2.0,OrnnObsidianCleaver,InfinityEdge,,,,,,,,,,,,None,None,,,,,1.0,ZekesHerald,,,,,,,,,,,,,,,2.0,Quicksilver,GuinsoosRageblade,Deathblade,1.0,,,,,,,,,,,
5,EUW1_5971777632,TFT6_Augment_RichGetRicher,TFT7_Augment_GadgetExpert,TFT6_Augment_FuturePeepers,,1.0,,2.0,,,,,,,1.0,,0.0,,,,0.0,,,,,,,2.0,1.0,,0.0,,,,,,,,,,,,,,,,,,,,,,,,,,,,,,,,,,,,,,,,,,,,,,,,,,,,,,,,,,1.0,,,,,,,,,,,,,,,,3.0,Redemption,GargoyleStoneplate,HextechGunblade,,,,,,,,,,,,,,,,,,,,,,,,,,,,,,,,,,,,,,,,,,,,,,,,,2.0,Shroud,,,,,,,,,,,,,,,,,,,,,,,,,,,2.0,Zephyr,,,,,,,2.0,Zephyr,,,,,,,,,,,,,,,,,,,,,,,,,,,,,,,,,,,,,None,None,,,,,2.0,Zephyr,,,3.0,Deathblade,RunaansHurricane,GuinsoosRageblade,,,,,,,,,1.0,StatikkShiv,,,,,,,,,,,,,,
2,EUW1_5971777632,TFT6_Augment_CyberneticImplants2,TFT6_Augment_SunfireBoard,TFT6_Augment_CyberneticShell2,1.0,,1.0,,,,1.0,0.0,,,2.0,2.0,,,0.0,1.0,,,,1.0,,,1.0,,,,0.0,0.0,,,,,,,,,,,,,,,,,,,,,1.0,,,,,,,,,,,,,,,,,,,,,,,,2.0,TitansResolve,Bloodthirster,GuardianAngel,,,,,,,,,,,,,2.0,ChainVest,,,,,,,,,,,,,,,,,,,,,,,,,,,,,,,,,,,,,,,,,,,,,,,2.0,WarmogsArmor,,,,,,,,,,,,,,,,,,,1.0,,,,,,,,,,,,,,,,,,,,,,,,,,,,,,,,,,,,,,,,2.0,,,,,,,,,,,,,,,,2.0,LastWhisper,GuardianAngel,MadredsBloodrazor,,,,,,,,,,,None,None,,,,,,,,,,,,,,,,,,,,,,,,,1.0,SeraphsEmbrace,Bloodthirster,InfinityEdge,,,,,,,,
7,EUW1_5971818292,TFT6_Augment_SecondWind1,TFT7_Augment_WarriorTrait,TFT7_Augment_MikaelsGift,,,,1.0,,,,,,1.0,,,,,1.0,,0.0,,1.0,,0.0,,,,,,2.0,,3.0,Bloodthirster,GuinsoosRageblade,Quicksilver,,,,,,,,,,,,,,,,,,,,,2.0,,,,,,,,,,,,,,,,,,,,,,,,,,,,,,,,,,,,,,,,,,,,,,,,,,,,,,,,,,,,,,,,,,,,2.0,,,,,,,,,,,,,,,,,,,,,,,,,,,,2.0,,,,,,,,,,,,,,,,,,,,,,,,,,,,,,,,2.0,RedBuff,LocketOfTheIronSolari,TitanicHydra,,,,,,,,,,,,,,,,,,,,,,,,,,,,,,,,,,,,,,,,,,,None,None,,,,,,,,,,,,,,,,,,,,,,,,,,,,,2.0,StatikkShiv,InfinityEdge,,,,,
1,EUW1_5971818292,TFT6_Augment_SecondWind1,TFT6_Augment_ThrillOfTheHunt1,TFT6_Augment_JeweledLotus,,0.0,1.0,1.0,,,,,0.0,,2.0,,,2.0,,2.0,,,,,0.0,1.0,,,,1.0,,0.0,,,,,,,,,,,,,,,,,,,,,1.0,,,,,,,,,,,,,,,,,,,,,,,,,,,,,,,,,,,,,,,,,,,,,,,,2.0,,,,3.0,IonicSpark,GargoyleStoneplate,Bloodthirster,,,,,,,,,,,,,,,,,,,,,,,,,2.0,,,,3.0,GuinsoosRageblade,MadredsBloodrazor,,,,,,,,,,,,,,,,,,,,,,,,,,,,,,3.0,InfinityEdge,SpearOfShojin,RabadonsDeathcap,,,,,,,,,,,,,,,,,,,,,,,,,,,,,,,,,,,,,2.0,GargoyleStoneplate,IonicSpark,,,,,,,,,,,,,,,,,,2.0,TrainerSnax,None,None,,,,,,,,,,,,,,,,,,,,,,,,,,,,,,,,,2.0,GuardianAngel,,
2,EUW1_5971818292,TFT6_Augment_PandorasItems,TFT6_Augment_CelestialBlessing1,TFT6_Augment_Ascension,1.0,,,1.0,,2.0,,,,,3.0,,0.0,,,,1.0,,,,,,,1.0,1.0,,0.0,,,,,,,,,,,,,,,,,,,,,,,,,,,,,,,,,,,,,,,,,,,,,,,,,,,,,,,,,,,,,,,,,,3.0,RedBuff,Quicksilver,,,,,,,,,,,,,,,,,,,,,,,,,,,,,,,,,,,,,,,,,,,,,,,,,,,,,,,,,,2.0,ThiefsGloves,Quicksilver,RabadonsDeathcap,,,,,2.0,FrozenHeart,,,,,,,2.0,,,,,,,,,,,,2.0,CavalierEmblemItem,,,,,,,,,,,,,,,,,,,,,,,,,,,,,,,2.0,RunaansHurricane,InfinityEdge,UnstableConcoction,,,,,,,,,,,None,None,,,,,2.0,,,,,,,,,,,,,,,,2.0,GuinsoosRageblade,MadredsBloodrazor,Quicksilver,,,,,,,,,,,,
5,EUW1_5971818292,TFT7_Augment_ShimmerscaleEmblem,TFT6_Augment_CyberneticUplink1,TFT6_Augment_SalvageBin,,,1.0,1.0,,,1.0,,0.0,,1.0,,0.0,1.0,,0.0,,0.0,,,0.0,1.0,,,2.0,,,0.0,,,,,,,,,1.0,SpearOfShojin,ArchangelsStaff,Quicksilver,,,,,,,,,2.0,StatikkShiv,,,,,,,,,,,,,,,,,,,,,,,,,,,,,,,,,,,,,,,,,,,,,,,,,,,,,,,,,,,,,,,,,,,,,,,,,,,,,,,,,,,,,,,,,,,,,,,,,,,,,,,2.0,RedBuff,DragonsClaw,,,,,,,,,,,,,,,,,,,,,,,,,,,,,,,,,,,,,,2.0,MageEmblemItem,SpearOfShojin,StatikkShiv,,,,,,,,,1.0,TitanicHydra,,,,,,,,,,,,,,,,,,,,,None,None,,,,,,,,,,,,,,,,,,,,,,,,,,,,,,,,,1.0,LastWhisper,,
3,EUW1_5971818292,TFT6_Augment_SecondWind1,TFT6_Augment_CelestialBlessing1,TFT7_Augment_JadePenitence,,,1.0,,,,1.0,0.0,0.0,,1.0,2.0,0.0,,0.0,1.0,,,,1.0,,,1.0,,,,0.0,,,,,,2.0,JeweledGauntlet,Morellonomicon,,,,,,,,,,,,,,2.0,,,,,,,,,,,,,,,,,,,,,,,,2.0,MadredsBloodrazor,UnstableConcoction,GuinsoosRageblade,,,,,,,,,,,,,2.0,Shroud,,,,,,,,,,,,,,,,,,,,,,,,,,,,,,,,,,,,,,,,,,,,,,,2.0,Zephyr,SparringGloves,TitanicHydra,,,,,,,,,,,,,,,,,,,,,,,,,,,,,,,,,,,,,,,,,,,,,,,,,,,,,,,,,2.0,,,,,,,,,,,,,,,,,,,,,,,,,,,,,,None,None,,,,,,,,,,,,,,,,,,,,,,,,,2.0,DragonsClaw,,,,,,,,,,
8,EUW1_5971818292,TFT6_Augment_TriForce1,TFT6_Augment_CelestialBlessing1,TFT7_Augment_MirageHallucinate,,,,,,2.0,1.0,,,0.0,1.0,,,,3.0,,0.0,,,,,,,,,,0.0,,,,,,,,,,,,,,,,,,,,,,,,,,,,,,,,,,,,,,2.0,UnstableConcoction,SpearOfShojin,NeedlesslyLargeRod,,,,,,,,,,,,,,,,,,,,,,,,,1.0,,,,,,,,,,,,,,,,,,,,,,,,,,,,2.0,,,,,,,,,,,,,,,,,,,,,,,,2.0,DragonsClaw,TitansResolve,,,,,,,,,,,,,,,,,,,,,,2.0,,,,,,,,,,,,,,,,,,,,,,,,,,,,,,,,,,,,,,,,,,,,,,,,,,,,,,,,,,None,None,,,,,,,,,,,,,,,,,,,,,,,,,,,,,2.0,,,,,,,
4,EUW1_5971818292,TFT6_Augment_CyberneticUplink1,TFT6_Augment_SecondWind1,TFT6_Augment_CelestialBlessing2,,0.0,,1.0,,,,,1.0,,1.0,,,2.0,,1.0,,0.0,,,,,,,,1.0,,0.0,,,,,,,,,,,,,,,,,,,,,,,,,,,,,,,,,,,,,,,,,,,,,,,,,,,,,,,,,,,,,,,,,,,,,2.0,,,,2.0,BrambleVest,,,,,,,,,,,,,,,,,,,,,,,,,,,2.0,StatikkShiv,,,3.0,Chalice,,,,,,,,,,,,,,,,,,,,,,,,,,,,,,,2.0,SpearOfShojin,UnstableConcoction,HextechGunblade,,,,,,,,,,,,,,,,,,,,,,,,,1.0,MageEmblemItem,,,,,,,,,,,2.0,WarmogsArmor,TitansResolve,DragonsClaw,,,,,,,,,,,,,,,,,2.0,TrainerSnax,None,None,,,,,,,,,,,,,,,,,,,,,,,,,,,,,,,,,,,,
6,EUW1_5971818292,TFT6_Augment_MakeshiftArmor1,TFT6_Augment_Electrocharge1,TFT6_Augment_CelestialBlessing2,,,,,2.0,,1.0,,1.0,1.0,,,,,,0.0,,2.0,,,1.0,,,,,1.0,,0.0,,,,,,,,,,,,,,,,,,,,,,,,,,,,,2.0,MadredsBloodrazor,LastWhisper,InfinityEdge,,,,,,,,,2.0,RedBuff,Redemption,BrambleVest,,,,,,,,,,,,,,,,,,,,,,,,,,,,,,,,,1.0,,,,,,,,,,,,,,,,,,,,,,,,2.0,,,,,,,,,,,,,,,,,,,,,,,,,,,,,,,,,,,,,,,,,,,,,,,,,,,,,,,,,,,,,,,,2.0,ShimmerscaleGamblersBlade,,,,,,,,,,,,,,,,,,,,,,,,,,,2.0,FrozenHeart,BrambleVest,,2.0,TrainerSnax,None,None,2.0,,,,,,,,,,,,,,,,,,,,,,,,,,,,,,,,,,,
5,EUW1_5971187991,TFT6_Augment_Electrocharge2,TFT6_Augment_ItemGrabBag1,TFT6_Augment_CyberneticUplink2,1.0,,1.0,1.0,,0.0,,,,,3.0,,0.0,,,0.0,1.0,,,,,,,1.0,1.0,,0.0,,,,,,,,,,,,,,,,,,,,,,1.0,,,,,,,,,,,,,,,,,,,,,,,,,,,,,,,,,,,,,,,,,,,,1.0,TitanicHydra,,,,,,,,,,,,,,,,,,,,,,,,,,,,,,,,,,,,,,,,,,,,,,,,,,,,,,,,,,,2.0,WarmogsArmor,,,,,,,2.0,NeedlesslyLargeRod,FrozenHeart,,,,,,,,,,,,,,,,,,2.0,NegatronCloak,,,,,,,,,,,,,,,,,,,,,,,,,,,,,,,2.0,InfinityEdge,TitansResolve,UnstableConcoction,,,,,,,,,,,None,None,,,,,2.0,RecurveBow,,,,,,,,,,,,,,,2.0,Deathblade,GuinsoosRageblade,MadredsBloodrazor,,,,,,,,,,,,
7,EUW1_5971187991,TFT7_Augment_MikaelsGift,TFT6_Augment_TinyTitans,TFT6_Augment_Diversify2,0.0,1.0,,2.0,,,,,,,1.0,,0.0,0.0,,,,,,,,,,1.0,0.0,,,1.0,,,,,,,,,,,,,,,,,,,,,,,,,,,,,,,,,,,,,,,,,,,,,,,,,,,,,,,,,,,,,,,,,,,,,,,,,3.0,LocketOfTheIronSolari,RabadonsDeathcap,,,,,,,,,,,,,,,,,,,,,,,,,,,,,,,,,,,,,,,,,,,,,,,,,,1.0,Redemption,,,1.0,,,,,,,,,,,,,,,,,,,,,,,,,,,,,,,,2.0,,,,,,,,,,,,,,,,2.0,,,,,,,,,,,,,,,,,,,,,,None,None,,,,,2.0,StatikkShiv,ZekesHerald,,3.0,GuinsoosRageblade,RunaansHurricane,MadredsBloodrazor,,,,,,,,,,,,,,,,,,,,,,,,
4,EUW1_5971187991,TFT6_Augment_TrueTwos,TFT7_Augment_BandOfThieves1,TFT6_Augment_CelestialBlessing2,,,1.0,,,2.0,1.0,0.0,0.0,,2.0,,,,3.0,1.0,0.0,,,,,,,,,0.0,0.0,,,,,,,,,,,,,,,,,,,,,,1.0,NeedlesslyLargeRod,,,,,,,,,,,,,,,2.0,UnstableConcoction,GuinsoosRageblade,Quicksilver,,,,,,,,,,,,,,,,,,,,,,,,,2.0,RedBuff,PowerGauntlet,,,,,,,,,,,,,,,,,,,,,,,,,,,,,,,,,,2.0,StatikkShiv,MirageEmblemItem,GuinsoosRageblade,,,,,,,,,,,,,2.0,ThiefsGloves,GuardianAngel,TitansResolve,,,,,,,,,,,,,,,,,,,,,2.0,,,,,,,,,,,,,,,,,,,,,,,,,,,,,,,,,,,,,,,,,,,,,,,,,,,,,,,,,,None,None,,,,,,,,,,,,,,,,,,,,,,,,,2.0,TitansResolve,SpearOfShojin,,,,,,,,,
3,EUW1_5971187991,TFT6_Augment_JeweledLotus,TFT6_Augment_PandorasItems,TFT6_Augment_SecondWind2,0.0,1.0,,1.0,,,,,0.0,,2.0,,,2.0,,1.0,,,,,,,,,,1.0,,0.0,,,,,,,,,,,,,,,,,,,,,,,,,,,,,,,,,,,,,,,,,,,,,,,,,,,,,,,,,,,,,,,,,,,,,2.0,,,,3.0,TitansResolve,,,,,,,,,,,,,,,,,,,,,,,,,,,2.0,,,,3.0,ZekesHerald,GuardianAngel,RabadonsDeathcap,,,,,,,,,,,,,,,,,,,,,,,,,,,,,3.0,HextechGunblade,ArchangelsStaff,SpearOfShojin,,,,,,,,,,,,,,,,,,,,,,,,,,,,,,,,,,,,,2.0,GargoyleStoneplate,RedBuff,Redemption,,,,,1.0,,,,,,,,,,,,3.0,TrainerSnax,None,None,,,,,,,,,,,,,2.0,,,,,,,,,,,,,,,,,,,,,,,
6,EUW1_5971187991,TFT6_Augment_MetabolicAccelerator,TFT6_Augment_ThrillOfTheHunt1,TFT6_Augment_Meditation2,,,,1.0,,,1.0,0.0,1.0,,,,,1.0,0.0,0.0,,0.0,,,0.0,1.0,,,,1.0,0.0,2.0,,,,,,,,,,,,,,,,,,,,,,,,,,,,,,,,,,,,,,,,,,,,,,,,,2.0,Bloodthirster,GuinsoosRageblade,Quicksilver,,,,,,,,,,,,,,,,,2.0,,,,,,,,,,,,,,,,,,,,,,,,,,,,,,,,2.0,Shroud,,,,,,,,,,,,,,,,,,,,,,,,,,,,,,,,,,,,,,,,,,,,,,,,,,,,,,,,,,,,,,,1.0,Zephyr,,,,,,,,,,,2.0,WarmogsArmor,WarmogsArmor,,,,,,,,,,,,,,,,,,3.0,TrainerSnax,None,None,,,,,,,,,,,,,,,,,,,,,,,,,1.0,Bloodthirster,,,,,,,1.0,,,
8,EUW1_5971187991,TFT6_Augment_CalculatedLoss,TFT6_Augment_Featherweights1,TFT7_Augment_CannoneerRicochet,,,,,2.0,,1.0,,1.0,1.0,,,,0.0,,0.0,,2.0,,,1.0,,,,,2.0,,0.0,,,,,,,,,,,,,,,,,,,,,,,,,,,,,2.0,ShimmerscaleDravensAxe,MadredsBloodrazor,,,,,,,,,,2.0,BrambleVest,Redemption,,,,,,,,,,,,,,,,,,,,,,,,,,3.0,,,,,,,,2.0,,,,,,,,,,,,,,,,,,,,,,,,2.0,,,,,,,,,,,,,,,,,,,,,,,,,,,,,,,,,,,,,,,,,,,,,,,,,,,,,,,,,,,,,,,,1.0,,,,,,,,,,,,,,,,,,,,,,,,,,,,2.0,,,,4.0,TrainerSnax,None,None,3.0,GuinsoosRageblade,Deathblade,InfinityEdge,,,,,,,,,,,,,,,,,,,,,,,,,,,,,,,,
1,EUW1_5971187991,TFT7_Augment_ClutteredMind,TFT6_Augment_PandorasItems,TFT7_Augment_GadgetExpert,,0.0,1.0,1.0,,,1.0,,0.0,,1.0,0.0,0.0,1.0,,2.0,,,,,0.0,1.0,1.0,,2.0,0.0,,0.0,,,,,,,,,2.0,ArchangelsStaff,Bloodthirster,SpearOfShojin,,,,,,,,,2.0,,,,,,,,,,,,,,,,,,,,,,,,,,,,,,,,,,,,,,,,,,,,,,,,,,,,,,,,,,,,,,,,,,,,,,,,,,,,,,,,2.0,,,,1.0,,,,,,,,,,,,,,,,,,,,2.0,FrozenHeart,LocketOfTheIronSolari,RedBuff,,,,,,,,,,,,,,,,,,,,,,,,,,,,,,,,,,,,,,,,,2.0,,,,,,,,2.0,IonicSpark,RedBuff,Redemption,,,,,,,,,,,,,,,,,,,None,None,,,,,,,,,,,,,,,,,,,,,,,,,,,,,,,,,2.0,Deathblade,StatikkShiv,StatikkShiv
2,EUW1_5971187991,TFT7_Augment_CannoneerHotShot,TFT6_Augment_Diversify1,TFT7_Augment_BestFriends2,0.0,,1.0,,1.0,,1.0,,1.0,1.0,2.0,0.0,,,,1.0,,1.0,,,1.0,,1.0,,,1.0,,,,,,,,,,,,,,,,,,,,,,,1.0,,,,,,,,2.0,StatikkShiv,ShimmerscaleDravensAxe,GuinsoosRageblade,,,,,,,,,2.0,RedBuff,GargoyleStoneplate,FrozenHeart,,,,,,,,,,,,,,,,,,,,,,,,,,,,,,,,,,,,,,,,,,,,,,,,,,,,,,,,,2.0,ZekesHerald,,,,,,,,,,,,,,,,,,,,,,,,,,,,,,,,,,,,,,,,,,,,,,,,,,,,,,,,,,,,,,,2.0,HextechGunblade,ArchangelsStaff,ArchangelsStaff,1.0,,,,,,,,,,,,,,,,2.0,InfinityEdge,StatikkShiv,GuardianEmblemItem,,,,,,,,,3.0,TrainerSnax,None,None,1.0,RunaansHurricane,NegatronCloak,,,,,,,,,,,,,,,,,,,,,,,,,,,,,,,,,
8,EUW1_5971264014,TFT6_Augment_Featherweights3,TFT6_Augment_TinyTitans,TFT7_Augment_BestFriends2,,,,,2.0,,,,0.0,1.0,,,,,,0.0,0.0,0.0,0.0,,,,,,,1.0,,0.0,,,,,,,,,,,,,,,,,,,,,,,,,2.0,BrambleVest,GargoyleStoneplate,,,,,,,,,,,,,,,,,,,,,,,,,,,,,,,,,,,,,,,,,,,,,,,,,,3.0,Bloodthirster,,,,,,,,,,,,,,,,,,,,,,,2.0,NeedlesslyLargeRod,,,,,,,,,,,,,,,,,,,,,,,,,,,,,,,,,,,,,,,,,,,2.0,,,,,,,,,,,,,,,,,,,,,,,,,,,,,,,,,,,,,,,,,,,,,,,,2.0,,,,2.0,TrainerSnax,None,None,3.0,Quicksilver,Deathblade,GuinsoosRageblade,,,,,,,,,,,,,,,,,,,,,,,,,,,,,,,,
7,EUW1_5971264014,TFT6_Augment_CyberneticUplink3,TFT6_Augment_LudensEcho1,TFT6_Augment_SalvageBin,,1.0,,1.0,,,1.0,,0.0,,1.0,,,2.0,,0.0,,,,,,,,,,0.0,,0.0,,,,,,,,,,,,,,,,,1.0,MageEmblemItem,,,,,,,,,,,,,,,,,,,,,,,,,,,,,,,,,,,,,,,,,,,,,,,,,,,2.0,ThiefsGloves,Chalice,RabadonsDeathcap,3.0,TitanicHydra,,,,,,,,,,,,,,,,,,,,,,,,,,,,,,,3.0,ArchangelsStaff,,,,,,,,,,,,,,,,,,,,,,,,,,,,,,,2.0,MadredsBloodrazor,ArchangelsStaff,JeweledGauntlet,,,,,,,,,,,,,,,,,,,,,,,,,,,,,,,,,,,,,2.0,RedBuff,FrozenHeart,WarmogsArmor,,,,,,,,,,,,,,,,,,,None,None,,,,,,,,,,,,,,,,,,,,,,,,,,,,,,,,,,,,
5,EUW1_5971264014,TFT7_Augment_LivingForge,TFT6_Augment_TriForce1,TFT6_Augment_CyberneticUplink2,,1.0,,1.0,,,,,0.0,,1.0,,,1.0,,1.0,,,,,0.0,1.0,,1.0,,0.0,,0.0,,,,,,,,,,,,,,,,,,,,,,,,,,,,,,,,,,,,,,,,,,,,,,,,,,,,,,,,,,,,,,,,,,,,,,,,,2.0,BrambleVest,FrozenHeart,,,,,,,,,,,,,,,,,,,,,,,,,,2.0,RecurveBow,,,3.0,ThiefsGloves,NeedlesslyLargeRod,ArchangelsStaff,,,,,,,,,,,,,,,,,,,,,,,,,,,,,,,,,,,,,,,,,,,,,,,,,,,,,,,,,,,,,,,,,,,,,2.0,GargoyleStoneplate,RedBuff,DragonsClaw,,,,,,,,,,,,,,,,,,,None,None,,,,,2.0,ChainVest,,,2.0,OrnnTheCollector,Deathblade,RunaansHurricane,,,,,,,,,,,,,,,,,,,,,1.0,OrnnMuramana,,
2,EUW1_5971264014,TFT7_Augment_LivingForge,TFT6_Augment_SecondWind1,TFT6_Augment_ComponentGrabBag,,,,,,0.0,1.0,1.0,,,,1.0,,,,,2.0,,,2.0,,,,0.0,,,,,,,,,,,,,,,,,2.0,StatikkShiv,UnstableConcoction,,,,,,,,,,,,,,,,,,,,,,,,,,,,,,,,,,,,,,,,,,,,,,2.0,TearOfTheGoddess,,,2.0,ThiefsGloves,RapidFireCannon,GuinsoosRageblade,,,,,,,,,,,,,,,,,,,,,,,,,,,,,,,,,,,,,,,,,2.0,OrnnAnimaVisage,GargoyleStoneplate,OrnnEternalWinter,,,,,,,,,,,,,,,,,,,,,,,,,,,,,,,,,,,,,2.0,OrnnRanduinsSanctum,,,,,,,1.0,GuardianAngel,RabadonsDeathcap,MadredsBloodrazor,,,,,,,,,,,,,3.0,ArchangelsStaff,Quicksilver,StatikkShiv,,,,,,,,,,,,,,,,,,,,,,,None,None,,,,,,,,,,,,,,,,,,,,,,,,,,,,,,,,,,,,
4,EUW1_5971264014,TFT6_Augment_CyberneticUplink3,TFT6_Augment_Weakspot,TFT6_Augment_Diversify2,,,,,2.0,,1.0,,1.0,1.0,,,,,,0.0,,2.0,0.0,,1.0,,,,,1.0,,,,,,,,,,,,,,,,,,,,,,,,,,,2.0,NegatronCloak,,,2.0,GuinsoosRageblade,MadredsBloodrazor,UnstableConcoction,,,,,,,,,2.0,ShimmerscaleMogulsMail,WarmogsArmor,GargoyleStoneplate,,,,,,,,,,,,,,,,,,,,,,,,,,,,,,,,,2.0,ArchangelsStaff,StatikkShiv,,,,,,,,,,,,,,,,,,,,,,2.0,TearOfTheGoddess,,,,,,,,,,,,,,,,,,,,,,,,,,,,,,,,,,,,,,,,,,,,,,,,,,,,,,,,,,,,,,,1.0,PowerGauntlet,,,,,,,,,,,,,,,,,,,,,,,,,,,,,,,4.0,TrainerSnax,None,None,2.0,NeedlesslyLargeRod,,,,,,,,,,,,,,,,,,,,,,,,,,,,,,,,,,
6,EUW1_5971264014,TFT6_Augment_CelestialBlessing3,TFT6_Augment_TinyTitans,TFT6_Augment_SunfireBoard,1.0,0.0,,1.0,,,1.0,,,,1.0,0.0,0.0,,,,,,,2.0,,,,,0.0,,,2.0,,,,,,,,,,,,,,,,,,,,,,,,,,,,,,,,,,,,,,,,,,,,,,,,,2.0,AssassinEmblemItem,Quicksilver,InfinityEdge,2.0,RecurveBow,,,,,,,1.0,,,,,,,,,,,,,,,,,,,,,,,,,,,,,,,,,,,,,,,,,,,,,,,,1.0,,,,3.0,GuinsoosRageblade,MadredsBloodrazor,Quicksilver,,,,,,,,,2.0,,,,,,,,,,,,,,,,,,,,,,,,,,,,,,,,,,,,,,,,,,,,,,,,,,,,,,,,,,,,2.0,JeweledGauntlet,ZekesHerald,TitansResolve,,,,,,,,,,,None,None,,,,,,,,,,,,,,,,,,,,,,,,,,,,,,,,,,,,
3,EUW1_5971264014,TFT6_Augment_Twins3,TFT6_Augment_Weakspot,TFT6_Augment_TargetDummies,,1.0,,1.0,,,,,0.0,,2.0,,,1.0,,1.0,,,,,,,,1.0,,0.0,,0.0,,,,,,,,,,,,,,,,,,,,,,,,,,,,,,,,,,,,,,,,,,,,,,,,,,,,,,,,,,,,,,,,,,,,,,,,,3.0,Redemption,Zephyr,RedBuff,,,,,,,,,,,,,,,,,,,,,,,,,2.0,,,,3.0,,,,,,,,,,,,,,,,,,,,,,,,,,,,,,,,2.0,,,,,,,,,,,,,,,,,,,,,,,,,,,,,,,,,,,,,,,,2.0,Quicksilver,,,,,,,,,,,,,,,,,,,,,None,None,,,,,1.0,,,,2.0,Deathblade,GuinsoosRageblade,Deathblade,,,,,,,,,,,,,,,,,,,,,,,,
1,EUW1_5971264014,TFT7_Augment_ShimmerscaleTrait2,TFT6_Augment_ItemGrabBag1,TFT7_Augment_ShimmerscaleTrait,1.0,,,0.0,,0.0,1.0,,,1.0,1.0,0.0,0.0,0.0,,,1.0,,,,4.0,1.0,1.0,0.0,0.0,,,,,,,,,,,,,,,,,,,,,,,,,,,,,,,,,,,,,,,,,,,,2.0,RedBuff,BrambleVest,ShimmerscaleMogulsMail,,,,,,,,,,,,,,,,,,,,,2.0,SeraphsEmbrace,ShimmerscaleEmblemItem,GuardianEmblemItem,,,,,,,,,,,,,,,,,2.0,TitansResolve,ShimmerscaleGamblersBlade,,,,,,,,,,,,,,,,,,,,,,,,,,,,,,,,,,,,,,2.0,ShimmerscaleEmblemItem,,,,,,,,,,,,,,,,,,,,,,,,,,,,,,,,,,,,,,,,,,,2.0,RabadonsDeathcap,ShimmerscaleGoldmancersStaff,SeraphsEmbrace,,,,,,,,,,,,,1.0,,,,,,,,,,,,,,None,None,,,,,,,,,,,,,,,,,,,,,2.0,GuinsoosRageblade,ShimmerscaleCrownOfChampions,ShimmerscaleDravensAxe,,,,,,,,,2.0,ArchangelsStaff,JeweledGauntlet,SeraphsEmbrace
2,EUW1_5971421718,TFT7_Augment_CannoneerTrait,TFT7_Augment_LastStand,TFT6_Augment_TargetDummies,0.0,,,,3.0,,1.0,,1.0,1.0,,,,,,0.0,,2.0,,,1.0,,,,,1.0,,1.0,,,,,,,,,,,,,,,,,,,,,,,,,,,,,2.0,Deathblade,GuinsoosRageblade,RunaansHurricane,,,,,,,,,2.0,DragonsClaw,Redemption,RabadonsDeathcap,,,,,,,,,,,,,,,,,,,,,,,,,,,,,,,,,2.0,LocketOfTheIronSolari,,,,,,,,,,,,,,,,,,,,,,,2.0,,,,,,,,,,,,,,,,,,,,,,,,,,,,2.0,ArchangelsStaff,SeraphsEmbrace,Bloodthirster,,,,,,,,,,,,,,,,,,,,,,,,,,,,,,,,,2.0,GuardianAngel,RapidFireCannon,,,,,,,,,,,,,,,,,,,,,,,,,,1.0,TitanicHydra,,,4.0,TrainerSnax,None,None,2.0,ZekesHerald,ShimmerscaleDravensAxe,Deathblade,,,,,,,,,,,,,,,,,,,,,,,,,,,,,,,,
1,EUW1_5971421718,TFT7_Augment_AFK,TFT7_Augment_Preparation2,TFT7_Augment_BestFriends2,,0.0,1.0,1.0,,,,,0.0,,2.0,0.0,,2.0,,2.0,,,,,0.0,1.0,1.0,,,1.0,,0.0,,,,,,,,,,,,,,,,,,,,,2.0,,,,,,,,,,,,,,,,,,,,,,,,,,,,,,,,,,,,,,,,,,,,,,,,2.0,,,,3.0,WarmogsArmor,RedBuff,BrambleVest,,,,,,,,,,,,,,,,,,,,,,,,,2.0,SparringGloves,,,3.0,StatikkShiv,SpearOfShojin,,,,,,,,,,,,,,,,,,,,,,,,,,,,,,2.0,SpearOfShojin,Quicksilver,ArchangelsStaff,,,,,,,,,,,,,,,,,,,,,,,,,,,,,1.0,,,,,,,,2.0,FrozenHeart,TitansResolve,RedBuff,,,,,,,,,,,,,,,,,2.0,TrainerSnax,None,None,,,,,,,,,,,,,,,,,,,,,,,,,,,,,,,,,2.0,LastWhisper,RabadonsDeathcap,
5,EUW1_5971421718,TFT7_Augment_ShapeshifterTrait,TFT6_Augment_ThrillOfTheHunt2,TFT6_Augment_SecondWind2,,0.0,,,,,1.0,0.0,,,,2.0,,,,0.0,0.0,,,3.0,,,,,,,,0.0,,,,,,,,,,,,,,,,,,,,,,,,,,,,,,,,,,,,,,,,,,,,,1.0,,,,,,,,2.0,Shroud,FrozenHeart,,,,,,2.0,,,,,,,,,,,,,,,,,,,,2.0,,,,,,,,,,,,,,,,,,,,,,,,,,,,1.0,TitansResolve,RedBuff,Redemption,3.0,Deathblade,Quicksilver,GuinsoosRageblade,,,,,,,,,,,,,,,,,,,,,,,,,,,,,,,,,,,,,,,,,,,,,,,,,,,,,,,,,2.0,,,,,,,,,,,,,,,,,,,,,,,,,,None,None,,,,,,,,,,,,,,,,,,,,,,,,,,,,,,,,,,,,
8,EUW1_5971421718,TFT7_Augment_GuardianTrait,TFT6_Augment_LudensEcho2,TFT7_Augment_BestFriends2,,,,,1.0,,1.0,,1.0,1.0,,,,,,0.0,,1.0,0.0,,1.0,,,,,1.0,,,,,,,,,,,,,,,,,,,,,,,,,,,1.0,TitanicHydra,,,1.0,GuinsoosRageblade,MadredsBloodrazor,ShimmerscaleDravensAxe,,,,,,,,,1.0,,,,,,,,,,,,,,,,,,,,,,,,,,,,,,,,,,,,,,,,,,,,,,,,,,,,,,,,,,,,2.0,,,,,,,,,,,,,,,,,,,,,,,,,,,,,,,,,,,,,,,,,,,,,,,,,,,,,,,,,,,,,,,,1.0,ThiefsGloves,DragonsClaw,HextechGunblade,,,,,,,,,,,,,,,,,,,,,,,,,,,,,1.0,TrainerSnax,None,None,2.0,,,,,,,,,,,,,,,,,,,,,,,,,,,,,,,,,,,
4,EUW1_5971421718,TFT7_Augment_AFK,TFT6_Augment_ComponentGrabBag,TFT7_Augment_UrfsGrabBag1,,1.0,,1.0,,,,,0.0,,1.0,,,3.0,,1.0,,,,,0.0,1.0,,,,1.0,,0.0,,,,,,,,,,,,,,,,,,,,,,,,,,,,,,,,,,,,,,,,,,,,,,,,,,,,,,,,,,,,,,,,,,,,,2.0,TearOfTheGoddess,,,2.0,MageEmblemItem,GargoyleStoneplate,,,,,,,,,,,,,,,,,,,,,,,,,,2.0,,,,3.0,ThiefsGloves,RunaansHurricane,Quicksilver,,,,,,,,,,,,,,,,,,,,,,,,,,,,,2.0,ArchangelsStaff,Quicksilver,SpearOfShojin,,,,,,,,,,,,,,,,,,,,,,,,,,,,,,,,,,,,,2.0,RedBuff,GargoyleStoneplate,TitanicHydra,,,,,,,,,,,,,,,,,3.0,TrainerSnax,None,None,,,,,,,,,,,,,2.0,,,,,,,,,,,,,,,,,,,,1.0,ArchangelsStaff,MadredsBloodrazor,GuinsoosRageblade
3,EUW1_5971421718,TFT6_Augment_Weakspot,TFT7_Augment_GadgetExpert,TFT6_Augment_SecondWind2,,,1.0,,,,1.0,0.0,0.0,1.0,1.0,0.0,,,3.0,1.0,,,0.0,,,,1.0,,,0.0,1.0,,,,,,,,,,,,,,,,,,,,,,1.0,Shroud,,,1.0,Zephyr,,,,,,,,,,,2.0,GuinsoosRageblade,Quicksilver,StatikkShiv,,,,,,,,,,,,,,,,,,,,,,,,,,,,,,,,,,,,,,,,,,,,,,,,,,,,,3.0,RedBuff,BrambleVest,DragonsClaw,,,,,1.0,,,,,,,,,,,,,,,,,,,,,,,,,,,,,,,,,,,,,,,,,,,,,,,,,,,,,,,,,,,,,,,,,,,,2.0,SpearOfShojin,ZekesHerald,ZekesHerald,,,,,,,,,,,,,,,,,,,,,,,,,,,None,None,,,,,,,,,,,,,,,,,,,,,,,,,2.0,InfinityEdge,TitansResolve,FrozenHeart,2.0,,,,,,,
6,EUW1_5971421718,TFT7_Augment_JadeEmblem,TFT6_Augment_ThrillOfTheHunt2,TFT7_Augment_PandorasBench,0.0,,,,1.0,,1.0,,0.0,,1.0,2.0,,,,1.0,,0.0,,1.0,,,,,,1.0,,,,,,,,,,,,,,,,,,,,,,,,,,,,,,,2.0,UnstableConcoction,HextechGunblade,,,,,,,,,,,,,,2.0,UnstableConcoction,Quicksilver,InfinityEdge,,,,,,,,,,,,,2.0,,,,,,,,,,,,,,,,,,,,,,,,,,,,,,,,,,,,,,,,1.0,,,,,,,,2.0,WarmogsArmor,,,,,,,,,,,,,,,,,,,,,,,,,,,,,,,,,,,,,,,,,,,,,,,,,,,,,,,,,,,,,,,,,,,,,,,,,,,2.0,JadeEmblemItem,HextechGunblade,,,,,,,,,,1.0,TrainerSnax,None,None,1.0,,,,,,,,,,,,,,,,,,,,,,,,,,,,,,,,,,,
7,EUW1_5971421718,TFT6_Augment_Distancing,TFT6_Augment_MakeshiftArmor2,TFT6_Augment_Diversify2,,,,1.0,1.0,,1.0,,0.0,0.0,,,,1.0,,0.0,0.0,0.0,,,1.0,1.0,,,,1.0,0.0,0.0,,,,,,,,,,,,,,,,,,,,,,,,,,,,,1.0,InfinityEdge,ShimmerscaleDravensAxe,GuinsoosRageblade,,,,,,,,,2.0,GargoyleStoneplate,DragonsClaw,,,,,,,,,,,,,,,,,,,,,,,,,,,,,,,,,,,,,,,,,,,,,,,,,,,,,,,,,,2.0,,,,,,,,,,,,,,,,,,,,,,,,,,,,,,,,,,,,,,,,,,,,,,,,,,,,2.0,,,,,,,,,,,,,,,,,,,,,,,,2.0,,,,,,,,,,,,,,,,,,,,2.0,TrainerSnax,None,None,1.0,Quicksilver,MadredsBloodrazor,MageEmblemItem,,,,,,,,,,,,,,,,,,,,,,,,,,,,,1.0,SpearOfShojin,,
2,EUW1_5971001600,TFT6_Augment_CyberneticShell2,TFT7_Augment_BandOfThieves1,TFT7_Augment_UrfsGrabBag1,,,,1.0,,0.0,,1.0,,,,1.0,0.0,,,,1.0,,,2.0,,,,0.0,0.0,,0.0,0.0,,,,,,,,,,,,,2.0,RecurveBow,,,,,,,,,,,,,,,,,,,,,,,,,,,,,,,,,,,,,,,1.0,,,,,,,,2.0,DragonmancerEmblemItem,,,2.0,ZekesHerald,ZekesHerald,RedBuff,,,,,,,,,,,,,,,,,,,,,,,,,,,,,,,,,,,,,,,,,3.0,Quicksilver,Redemption,Morellonomicon,,,,,,,,,,,,,2.0,ThiefsGloves,RunaansHurricane,TitanicHydra,,,,,,,,,,,,,,,,,,,,,,,,,2.0,SeraphsEmbrace,Redemption,,,,,,,,,,,,,,,,,,3.0,Quicksilver,StatikkShiv,GuinsoosRageblade,,,,,,,,,,,,,,,,,,,,,,,None,None,,,,,,,,,,,,,,,,,,,,,,,,,,,,,,,,,,,,
5,EUW1_5971001600,TFT7_Augment_GuildEmblem,TFT6_Augment_ItemGrabBag1,TFT7_Augment_UrfsGrabBag1,,,,,3.0,,1.0,,1.0,1.0,1.0,,,,,0.0,0.0,2.0,,,1.0,,,,,1.0,,,,,,,,,,,,,,,,,,,,,,,,,,,,,,,2.0,Deathblade,GuinsoosRageblade,UnstableConcoction,,,,,,,,,2.0,ShimmerscaleMogulsMail,RedBuff,GargoyleStoneplate,,,,,,,,,,,,,,,,,,,,,,,,,,,,,,,,,2.0,GuardianEmblemItem,GuildEmblemItem,Chalice,,,,,,,,,,,,,,,,,,,,,2.0,Redemption,TitansResolve,,,,,,,,,,,,,,,,,,,,,,,,,,,,,,,,,,,,,,,,,,2.0,,,,,,,,,,,,,,,,,,,,2.0,ThiefsGloves,LocketOfTheIronSolari,GuinsoosRageblade,,,,,,,,,,,,,,,,,,,,,,,,,,,,,1.0,TrainerSnax,None,None,2.0,LocketOfTheIronSolari,,,,,,,,,,,,,,,,,,,,,,,,,,,,,,,,,,
6,EUW1_5971001600,TFT7_Augment_SwiftshotEmblem,TFT7_Augment_BandOfThieves1,TFT6_Augment_TargetDummies,,1.0,,1.0,,,,,0.0,,,0.0,,1.0,,1.0,,,,0.0,,,,1.0,,1.0,,0.0,,,,,,,,,,,,,,,,,,,,,,,,,,,,,,,,,,,,,,,,,,,,,,,,,,,,,,,,,,,,,,,,,,,,,2.0,,,,3.0,ThiefsGloves,SparringGloves,Quicksilver,,,,,,,,,,,,,,,,,,,,,,,,,2.0,,,,3.0,SwiftshotEmblemItem,SpearOfShojin,IonicSpark,2.0,Quicksilver,,,,,,,,,,,,,,,,,,,,,,,,,,,,,,,,,,,,,,,,,,,,,,,,,,,,,,,,,,,,,,,,,,,2.0,WarmogsArmor,BrambleVest,RedBuff,,,,,,,,,,,,,,,,,4.0,TrainerSnax,None,None,,,,,,,,,3.0,UnstableConcoction,InfinityEdge,Quicksilver,,,,,,,,,,,,,,,,,,,,,,,,
1,EUW1_5971001600,TFT7_Augment_ScalescornEmblem,TFT7_Augment_BestFriends1,TFT6_Augment_TomeOfTraits1,0.0,,,0.0,,2.0,,,,1.0,1.0,,,0.0,1.0,,,,3.0,,,,,,,,0.0,,,,,,,,,,,,,,,,,,,,,,,,,,3.0,ThiefsGloves,GuinsoosRageblade,Quicksilver,,,,,3.0,FrozenHeart,Chalice,TitansResolve,,,,,,,,,,,,,,,,,,,,,,,,,,,,,,,,,,,,,,,,,,,,,,,,,,,,,,,,,3.0,ScalescornEmblemItem,Shroud,,3.0,IonicSpark,HextechGunblade,TitansResolve,,,,,,,,,,,,,,,,,3.0,ScalescornEmblemItem,UnstableConcoction,Redemption,2.0,ThiefsGloves,NeedlesslyLargeRod,TitansResolve,,,,,,,,,,,,,,,,,2.0,,,,,,,,,,,,,,,,,,,,,,,,,,,,,,,,,,,,,,,,,,,,,,,,,,,,,,,,,,None,None,,,,,,,,,,,,,,,,,,,,,,,,,,,,,,,,,,,,
8,EUW1_5971001600,TFT7_Augment_CavalierEmblem,TFT6_Augment_TinyTitans,TFT7_Augment_JadeTrait,,,,,,3.0,1.0,,0.0,,1.0,2.0,,,0.0,1.0,0.0,,,1.0,,,,,,0.0,,,,,,,,,,,,,,,,,,,,,,,,,,,,,,,,,,,,,,,,,,,,,,,1.0,CavalierEmblemItem,Deathblade,Bloodthirster,,,,,,,,,,,,,1.0,,,,1.0,,,,,,,,,,,,,,,,,,,,,,,,,,,,,,,,,,,,2.0,SpearOfShojin,,,,,,,1.0,Morellonomicon,Quicksilver,WarmogsArmor,,,,,2.0,WarmogsArmor,,,,,,,,,,,,,,,,,,,,,,,2.0,,,,,,,,,,,,,,,,,,,,,,,,,,,,,,,,,,,,,,,,,,,,,,,,,,,,,,,,,,None,None,,,,,,,,,,,,,,,,,,,,,,,,,,,,,,,,,,,,
4,EUW1_5971001600,TFT6_Augment_ClearMind,TFT6_Augment_Weakspot,TFT7_Augment_GadgetExpert,1.0,,,1.0,,1.0,,,,,3.0,,0.0,,,,1.0,,,,,,,1.0,1.0,,0.0,0.0,,,,,,,,,,,,,,,,,,,,,,,,,,,,,,,,,,,,,,,,,,,,,,,,,,,,,,,,,,,,,,,,,2.0,,,,,,,,,,,,,,,,,,,,,,,,,,,,,,,,,,,,,,,,,,,,,,,,,,,,,,,,,,,,2.0,RedBuff,WarmogsArmor,RabadonsDeathcap,1.0,,,,2.0,,,,,,,,1.0,,,,,,,,,,,,2.0,,,,,,,,,,,,,,,,,,,,,,,,,,,,,,,,2.0,FrozenHeart,Quicksilver,,,,,,,,,,,,None,None,,,,,2.0,StatikkShiv,BFSword,,,,,,,,,,,,,,2.0,GuinsoosRageblade,Quicksilver,Deathblade,,,,,,,,,,,,
3,EUW1_5971001600,TFT7_Augment_CannoneerEmblem,TFT6_Augment_SecondWind1,TFT6_Augment_ComponentGrabBag,0.0,,1.0,,2.0,,1.0,0.0,1.0,0.0,2.0,,,,0.0,1.0,,1.0,,,1.0,,,,,1.0,0.0,,,,,,,,,,,,,,,,,,,,,,1.0,,,,,,,,2.0,InfinityEdge,LastWhisper,,,,,,,,,,2.0,TitanicHydra,GargoyleStoneplate,ShimmerscaleMogulsMail,,,,,,,,,,,,,,,,,,,,,,,,,,,,,,,,,,,,,,,,,,,,,,,,,,,,,,,,,1.0,PowerGauntlet,,,,,,,,,,,,,,,,,,,,,,,,,,,,,,,,,,,,,,,,,,,,,,,,,,,,,,,,,,,,,,,2.0,SpearOfShojin,Morellonomicon,ArchangelsStaff,,,,,,,,,,,,,,,,,2.0,CannoneerEmblemItem,RedBuff,FrozenHeart,,,,,,,,,4.0,TrainerSnax,None,None,2.0,,,,,,,,,,,,,,,,,,,,,,,,1.0,TitanicHydra,NeedlesslyLargeRod,,,,,,,,,
7,EUW1_5971001600,TFT7_Augment_ShimmerscaleTrait,TFT7_Augment_BestFriends1,TFT6_Augment_PortableForge,1.0,,1.0,1.0,,0.0,,,,,3.0,,0.0,,,0.0,1.0,,,,0.0,,,1.0,1.0,,0.0,,,,,,,,,,,,,,,,,,,,,,1.0,,,,,,,,,,,,,,,,,,,,,,,,,,,,,,,,,,,,,,,,,,,,2.0,Chalice,,,,,,,,,,,,,,,,,,,,,,,,,,,,,,,,,,,,,,,,,,,,,,,,,,,,,,,,,,,2.0,GargoyleStoneplate,,,,,,,2.0,,,,,,,,,,,,,,,,,,,,2.0,ThiefsGloves,RecurveBow,UnstableConcoction,,,,,,,,,,,,,,,,,,,,,,,,,,,,,2.0,OrnnMuramana,MadredsBloodrazor,Deathblade,,,,,,,,,,,None,None,,,,,1.0,,,,,,,,,,,,,,,,2.0,InfinityEdge,GuinsoosRageblade,MadredsBloodrazor,,,,,,,,,,,,
4,EUW1_5971096690,TFT6_Augment_Meditation2,TFT7_Augment_UrfsGrabBag1,TFT6_Augment_BandOfThieves2,2.0,,,2.0,,,1.0,,,,1.0,,0.0,0.0,,,0.0,,,,,,,,1.0,,0.0,2.0,,,,,,,,,,,,,,,,,,,,,,,,,,,,,,,,,,,,,,,,,,,,,,,,,2.0,Bloodthirster,InfinityEdge,AssassinEmblemItem,,,,,,,,,,,,,,,,,,,,,,,,,,,,,,,,,,,,,,,,,,,,,,,,,,,,,,,,,,,,,,,,,,,,,,,,,2.0,Morellonomicon,IonicSpark,WarmogsArmor,1.0,InfinityEdge,SpearOfShojin,FrozenHeart,2.0,ThiefsGloves,SpearOfShojin,GuardianAngel,,,,,,,,,,,,,,,,,2.0,WarmogsArmor,SparringGloves,,,,,,,,,,,,,,,,,,,,,,2.0,,,,,,,,1.0,ThiefsGloves,BFSword,RapidFireCannon,,,,,,,,,,,None,None,,,,,,,,,,,,,,,,,,,,,,,,,,,,,,,,,,,,
2,EUW1_5971096690,TFT6_Augment_Traitless2,TFT6_Augment_PortableForge,TFT6_Augment_Traitless3,,,1.0,0.0,,,,0.0,0.0,0.0,1.0,0.0,,,,0.0,0.0,0.0,0.0,0.0,,,,0.0,0.0,,0.0,0.0,,,,,,,,,,,,,,,,,,,,,1.0,Shroud,,,,,,,,,,,,,,,,,,,,,,,,,,,,,,,,,,,,,,,,,,,,,,,,,,,,,,,,,,,,,,,,,,,2.0,OrnnRanduinsSanctum,,,,,,,,,,,,,,,,,,,2.0,Redemption,RedBuff,GargoyleStoneplate,,,,,,,,,3.0,GuinsoosRageblade,GuardianAngel,Quicksilver,,,,,,,,,,,,,,,,,,,,,,,,,,,,,,,,,,,,,,,,,2.0,PowerGauntlet,,,,,,,,,,,,,,,,,,,,,,,,,,,1.0,,,,,,None,None,,,,,,,,,,,,,,,,,,,,,2.0,LastWhisper,RecurveBow,DragonsClaw,,,,,,,,,,,,
6,EUW1_5971096690,TFT6_Augment_MakeshiftArmor2,TFT6_Augment_ThrillOfTheHunt2,TFT7_Augment_ThinkFast,,,,,0.0,,1.0,,1.0,,,2.0,0.0,,,1.0,,,,1.0,,,,,,1.0,,,,,,,2.0,GuinsoosRageblade,HextechGunblade,,,,,,,,,,,,,,,,,,,,,,,,,,,,,,,,,,,,,,2.0,GuinsoosRageblade,Deathblade,InfinityEdge,,,,,,,,,,,,,1.0,,,,,,,,,,,,,,,,,,,,,,,,,,,,,,,,,,,,,,,,2.0,,,,,,,,2.0,RedBuff,IonicSpark,,,,,,,,,,,,,,,,,,,,,,,,,,,,,,,,,,,,,,,,,,,,,,,,,,,,,,,,,,,,,,,,,,,,,,,,,,,,,,,,,,,,,,3.0,TrainerSnax,None,None,2.0,,,,,,,,,,,,,,,,,,,,,,,,,,,,,,,,,,,
5,EUW1_5971096690,TFT7_Augment_MageConference,TFT6_Augment_PortableForge,TFT6_Augment_CyberneticShell3,,0.0,1.0,1.0,,,,,1.0,,2.0,,,2.0,,2.0,,,,,0.0,1.0,,,,1.0,,0.0,,,,,,,,,,,,,,,,,,,,,1.0,,,,,,,,,,,,,,,,,,,,,,,,,,,,,,,,,,,,,,,,,,,,,,,,3.0,EvokerEmblemItem,Zephyr,,2.0,IonicSpark,,,,,,,,,,,,,,,,,,,,,,,,,,,2.0,Chalice,Chalice,,3.0,SpearOfShojin,,,,,,,,,,,,,,,,,,,,,,,,,,,,,,,3.0,MadredsBloodrazor,SpearOfShojin,,,,,,,,,,,,,,,,,,,,,,,,,,,,,,,,,,,,,,2.0,OrnnAnimaVisage,GargoyleStoneplate,IonicSpark,,,,,,,,,,,,,,,,,4.0,TrainerSnax,None,None,,,,,,,,,,,,,,,,,,,,,,,,,,,,,,,,,1.0,TearOfTheGoddess,,
7,EUW1_5971096690,TFT7_Augment_MageEmblem,TFT6_Augment_PortableForge,TFT7_Augment_EvokerEmblem2,,2.0,,0.0,,,1.0,,2.0,,,,,1.0,,1.0,,0.0,,,,,,,,0.0,,,,,,,,,,,,,,,,,,,1.0,ArchangelsStaff,MageEmblemItem,OrnnMuramana,,,,,,,,,,,,,,,,,,,,,,,,,,,,,,,,,,,,,,,,,,,,,,,,,,,,,2.0,RedBuff,GargoyleStoneplate,IonicSpark,,,,,,,,,,,,,,,,,,,,,,,,,2.0,,,,3.0,SpearOfShojin,EvokerEmblemItem,SpearOfShojin,,,,,,,,,,,,,,,,,,,,,,,,,,,,,,,,,,,,,,,,,,,,,,,,,,,,,,,,,2.0,RabadonsDeathcap,RabadonsDeathcap,,,,,,,,,,,,,,,,,,,,,,,,,,,,,,,,None,None,,,,,,,,,,,,,2.0,,,,,,,,,,,,,,,,,,,,,,,
3,EUW1_5971096690,TFT6_Augment_CyberneticUplink2,TFT6_Augment_ComponentGrabBag,TFT6_Augment_CyberneticShell3,1.0,,,1.0,,1.0,,,,,3.0,,0.0,,,,1.0,,,,,,,1.0,1.0,,0.0,,,,,,,,,,,,,,,,,,,,,,,,,,,,,,,,,,,,,,,,,,,,,,,,,,,,,,,,,,,,,,,,,,2.0,GargoyleStoneplate,Morellonomicon,,,,,,,,,,,,,,,,,,,,,,,,,,,,,,,,,,,,,,,,,,,,,,,,,,,,,,,,,,2.0,RagewingEmblemItem,,,,,,,2.0,SpearOfShojin,,,,,,,2.0,,,,,,,,,,,,2.0,,,,,,,,,,,,,,,,,,,,,,,,,,,,,,,,2.0,Bloodthirster,RunaansHurricane,MadredsBloodrazor,,,,,,,,,,,None,None,,,,,2.0,ZekesHerald,,,,,,,,,,,,,,,2.0,Quicksilver,MadredsBloodrazor,LastWhisper,,,,,,,,,,,,
8,EUW1_5971096690,TFT7_Augment_CannoneerRicochet,TFT7_Augment_BestFriends2,TFT6_Augment_Diversify3,,,,,1.0,,1.0,0.0,1.0,1.0,,,,,0.0,0.0,,1.0,0.0,,1.0,,,,,1.0,0.0,,,,,,,,,,,,,,,,,,,,,,,,,,2.0,,,,2.0,InfinityEdge,HextechGunblade,Deathblade,,,,,,,,,1.0,WarmogsArmor,DragonsClaw,,,,,,,,,,,,,,,,,,,,,,,,,,,,,,,,,,,,,,,,,,,,,,,,,,,,,,,,,,1.0,,,,,,,,,,,,,,,,,,,,,,,,,,,,,,,,,,,,,,,,,,,,,,,,,,,,,,,,,,,,,,,,1.0,,,,,,,,,,,,,,,,,,,,,,,,,,,,,,,,3.0,TrainerSnax,None,None,1.0,,,,,,,,,,,,,,,,,,,,,,,,2.0,UnstableConcoction,Quicksilver,ShimmerscaleGoldmancersStaff,,,,,,,,
1,EUW1_5971096690,TFT7_Augment_EvokerEssenceTheft,TFT7_Augment_UrfsGrabBag1,TFT7_Augment_MageEmblem2,,,1.0,1.0,,,1.0,,0.0,,1.0,,0.0,2.0,,1.0,,,,,0.0,1.0,,,2.0,1.0,,0.0,,,,,,,,,2.0,MageEmblemItem,SpearOfShojin,ArchangelsStaff,,,,,,,,,1.0,,,,,,,,,,,,,,,,,,,,,,,,,,,,,,,,,,,,,,,,,,,,,,,,2.0,,,,,,,,,,,,,,,,,,,,,,,,,,,,,,,,2.0,ZekesHerald,GuardianAngel,,,,,,,,,,,,,,,,,,,,,,2.0,MageEmblemItem,,,,,,,,,,,,,,,,,,,,,,,,,,,,,,,,,,,,,,,,,,,,,,,,,,,2.0,GargoyleStoneplate,WarmogsArmor,,,,,,,,,,,,,,,,,,4.0,TrainerSnax,None,None,,,,,,,,,,,,,,,,,,,,,,,,,,,,,,,,,1.0,GuinsoosRageblade,SpearOfShojin,MadredsBloodrazor
6,EUW1_5973225606,TFT6_Augment_Ascension,TFT6_Augment_PandorasItems,TFT6_Augment_JeweledLotus,,0.0,,1.0,,,1.0,,0.0,,,,0.0,1.0,,1.0,,,,,0.0,1.0,,,2.0,1.0,,0.0,,,,,,,,,1.0,SpearOfShojin,ArchangelsStaff,HextechGunblade,,,,,,,,,,,,,,,,,,,,,,,,,,,,,,,,,,,,,,,,,,,,,,,,,,,,,,,,,2.0,,,,,,,,,,,,,,,,,,,,,,,,,,,,,,,,2.0,,,,2.0,Shroud,,,,,,,,,,,,,,,,,,,1.0,Shroud,,,,,,,,,,,,,,,,,,,,,,,,,,,,,,,,,,,,,,,,,,,,,,,,,,,2.0,WarmogsArmor,Redemption,RedBuff,,,,,,,,,,,,,,,,,2.0,TrainerSnax,None,None,,,,,,,,,,,,,,,,,,,,,,,,,,,,,,,,,1.0,,,
4,EUW1_5973225606,TFT7_Augment_JadeEternalProtection,TFT6_Augment_Electrocharge1,TFT6_Augment_ComponentGrabBag,,,,,,,1.0,1.0,,,,2.0,,,1.0,0.0,,,,1.0,,,,0.0,,,1.0,,,,,,,,,,,,,,2.0,,,,,,,,,,,,,,,,,,,,,,,,,,,,,,,,2.0,UnstableConcoction,GuinsoosRageblade,MadredsBloodrazor,,,,,,,,,,,,,2.0,SparringGloves,,,,,,,,,,,,,,,,,,,2.0,,,,,,,,,,,,,,,,,,,,,,,,,,,,2.0,WarmogsArmor,GargoyleStoneplate,RedBuff,,,,,,,,,,,,,,,,,,,,,,,,,,,,,,,,,,,,,,,,,,,,,,,,,,,,,,,,,,,,,,,,,,,,,,,,,,,,,,,,,,,,,,,None,None,,,,,,,,,,,,,,,,,,,,,,,,,1.0,TitansResolve,TitansResolve,DragonsClaw,1.0,RabadonsDeathcap,,,,,,
2,EUW1_5973225606,TFT6_Augment_CyberneticImplants2,TFT7_Augment_BestFriends1,TFT6_Augment_CyberneticUplink2,,,1.0,,1.0,,1.0,,1.0,1.0,1.0,0.0,,,,1.0,,1.0,0.0,,1.0,,1.0,,,1.0,,,,,,,,,,,,,,,,,,,,,,,2.0,,,,2.0,ChainVest,,,2.0,UnstableConcoction,GuinsoosRageblade,Quicksilver,,,,,,,,,2.0,ShimmerscaleMogulsMail,GargoyleStoneplate,GargoyleStoneplate,,,,,,,,,,,,,,,,,,,,,,,,,,,,,,,,,,,,,,,,,,,,,,,,,,,,,,,,,2.0,SparringGloves,,,,,,,,,,,,,,,,,,,,,,,,,,,,,,,,,,,,,,,,,,,,,,,,,,,,,,,,,,,,,,,2.0,Morellonomicon,JeweledGauntlet,SeraphsEmbrace,2.0,RapidFireCannon,,,,,,,,,,,,,,,,,,,,,,,,,,,3.0,TrainerSnax,None,None,2.0,HextechGunblade,,,,,,,,,,,,,,,,,,,,,,,,,,,,,,,,,,
8,EUW1_5973225606,TFT6_Augment_Meditation2,TFT6_Augment_Distancing,TFT6_Augment_BlueBattery2,,,1.0,1.0,,,1.0,0.0,,,1.0,,0.0,1.0,0.0,0.0,,,,,0.0,1.0,,,2.0,0.0,0.0,0.0,,,,,,,,,1.0,RabadonsDeathcap,Quicksilver,,,,,,,,,,1.0,,,,,,,,,,,,,,,,,,,,,,,,,,,,,,,,,,,,,,,,,,,,,,,,1.0,,,,,,,,,,,,,,,,,,,,,,,,,,,,,,,,,,,,,,,,,,,,,,,,,,,,,,,,1.0,ThiefsGloves,Quicksilver,RabadonsDeathcap,,,,,,,,,,,,,,,,,,,,,,,,,,,,,,,,,,,,,,,,,,,,,,,,,2.0,Quicksilver,DragonsClaw,RedBuff,,,,,,,,,,,,,,,,,,,None,None,,,,,,,,,,,,,,,,,,,,,,,,,1.0,ThiefsGloves,NeedlesslyLargeRod,ArchangelsStaff,,,,,1.0,,,
7,EUW1_5973225606,TFT6_Augment_CalculatedLoss,TFT6_Augment_CelestialBlessing1,TFT6_Augment_Ascension,,1.0,1.0,1.0,,,,,0.0,,3.0,,,1.0,,2.0,,,,,,,,1.0,,0.0,,0.0,,,,,,,,,,,,,,,,,,,,,1.0,,,,,,,,,,,,,,,,,,,,,,,,,,,,,,,,,,,,,,,,,,,,,,,,,,,,3.0,RedBuff,GiantsBelt,FrozenHeart,,,,,,,,,,,,,,,,,,,,,,,,,1.0,,,,3.0,SpearOfShojin,,,,,,,,,,,,,,,,,,,,,,,,,,,,,,,2.0,,,,,,,,,,,,,,,,,,,,,,,,,,,,,,,,,,,,,,,,2.0,BrambleVest,,,,,,,,,,,,,,,,,,,,,None,None,,,,,2.0,,,,3.0,RunaansHurricane,GuinsoosRageblade,MadredsBloodrazor,,,,,,,,,,,,,,,,,,,,,,,,
1,EUW1_5973225606,TFT7_Augment_BestFriends2,TFT6_Augment_Electrocharge1,TFT6_Augment_ThrillOfTheHunt2,0.0,,,1.0,,2.0,1.0,0.0,,,1.0,,0.0,,3.0,,0.0,,,,,,,,0.0,,1.0,0.0,,,,,,,,,,,,,,,,,,,,,,,,,,,,,,,,,,,,,2.0,MadredsBloodrazor,MadredsBloodrazor,ArchangelsStaff,,,,,,,,,,,,,,,,,,,,,,,,,2.0,,,,,,,,,,,,,,,,,,,,,,,,,,,,,,,,,,,,,,,,,,,,,,,,,,,,3.0,RedBuff,Redemption,GargoyleStoneplate,,,,,2.0,RedBuff,,,1.0,,,,,,,,,,,,2.0,,,,,,,,,,,,2.0,MirageEmblemItem,,,,,,,,,,,,,,,,,,,,,,,,,,,,,,,,,,,,,,,,,,,,,None,None,,,,,,,,,,,,,,,,,,,,,,,,,2.0,StatikkShiv,InfinityEdge,IonicSpark,,,,,,,,
3,EUW1_5973225606,TFT6_Augment_CyberneticUplink2,TFT6_Augment_TinyTitans,TFT6_Augment_CyberneticImplants2,,1.0,,1.0,,,,,0.0,,1.0,0.0,,1.0,,1.0,,,,,,,1.0,1.0,,1.0,0.0,0.0,,,,,,,,,,,,,,,,,,,,,,,,,,,,,,,,,,,,,,,,,,,,,,,,,,,,,,,,,,,,,,,,,,,,,2.0,,,,3.0,ChainVest,Quicksilver,,,,,,,,,,,,,,,,,,,,,,,,,,2.0,RunaansHurricane,,,3.0,StatikkShiv,ArchangelsStaff,,,,,,,,,,,,,,,,,,,,,,,,,,,,,,,,,,,,,,,,,,,,,,,,,,,,,,,,,,,,,,1.0,,,,,,,,2.0,GargoyleStoneplate,RedBuff,,,,,,,,,,,,,,,,,,4.0,TrainerSnax,None,None,,,,,2.0,WarriorEmblemItem,,,3.0,InfinityEdge,MadredsBloodrazor,GuinsoosRageblade,,,,,,,,,,,,,,,,,,,,,,,,
5,EUW1_5973225606,TFT7_Augment_BestFriends2,TFT7_Augment_BestFriends1,TFT7_Augment_MageEmblem,,0.0,,1.0,,,1.0,,1.0,,,0.0,0.0,1.0,,1.0,,,,,,,1.0,,2.0,1.0,,0.0,,,,,,,,,1.0,SpearOfShojin,MageEmblemItem,HextechGunblade,,,,,,,,,,,,,,,,,,,,,,,,,,,,,,,,,,,,,,,,,,,,,,,,,,,,,,,,,2.0,,,,,,,,,,,,,,,,,,,,,,,,,,,,,,,,2.0,,,,1.0,,,,,,,,,,,,,,,,,,,,1.0,ChainVest,EvokerEmblemItem,,,,,,,,,,,,,,,,,,,,,,,,,,,,,,,,,,,,,,,,,,2.0,ThiefsGloves,RecurveBow,Shroud,,,,,2.0,GargoyleStoneplate,GargoyleStoneplate,TitansResolve,,,,,,,,,,,,,,,,,2.0,TrainerSnax,None,None,,,,,,,,,,,,,,,,,,,,,,,,,,,,,,,,,,,,
3,EUW1_5971438311,TFT6_Augment_Meditation3,TFT7_Augment_MageEmblem2,TFT6_Augment_PortableForge,,1.0,1.0,0.0,,,1.0,,1.0,,2.0,,,3.0,,2.0,,,,,0.0,1.0,,,,1.0,,0.0,,,,,,,,,,,,,,,,,1.0,MageEmblemItem,UnstableConcoction,JeweledGauntlet,1.0,MageEmblemItem,,,,,,,,,,,,,,,,,,,,,,,,,,,,,,,,,,,,,,,,,,,,,,,2.0,PowerGauntlet,,,,,,,,,,,,,,,,,,,,,,,,,,,,,,,2.0,,,,2.0,,,,,,,,,,,,,,,,,,,,,,,,,,,,,,,,2.0,ArchangelsStaff,SpearOfShojin,MadredsBloodrazor,,,,,,,,,,,,,,,,,,,,,,,,,,,,,,,,,,,,,2.0,RedBuff,Redemption,OrnnEternalWinter,,,,,,,,,,,,,,,,,3.0,TrainerSnax,None,None,,,,,,,,,,,,,,,,,,,,,,,,,,,,,,,,,1.0,Quicksilver,HextechGunblade,
6,EUW1_5971438311,TFT7_Augment_MirageEmblem2,TFT7_Augment_UrfsGrabBag2,TFT7_Augment_DragonHorde,,0.0,,0.0,,,2.0,,,0.0,,1.0,0.0,0.0,3.0,1.0,,,,,,,,,0.0,,,,,,,,,,,,,,,,,,,,,,,,,,,,,,,,,,,,,,,,2.0,ArchangelsStaff,GuinsoosRageblade,,,,,,2.0,UnstableConcoction,MirageEmblemItem,GuardianAngel,,,,,,,,,,,,,,,,,,,,,,,,,,,,,,,,,,,,,,,,,,,,,2.0,LocketOfTheIronSolari,Chalice,Redemption,,,,,,,,,1.0,,,,,,,,,,,,,,,,,,,,2.0,MirageEmblemItem,Redemption,BrambleVest,,,,,,,,,,,,,,,,,,,,,,,,,,,,,,,,,,,,,,,,,,,,,,,,,,,,,,,,,,,,,,,,,,,,,,,None,None,,,,,,,,,,,,,,,,,,,,,,,,,,,,,,,,,,,,
1,EUW1_5971438311,TFT6_Augment_RadiantRelics,TFT7_Augment_ThinkFast,TFT6_Augment_Diversify2,,,1.0,1.0,,,1.0,,0.0,,1.0,,0.0,1.0,,1.0,,,,,0.0,1.0,,,2.0,1.0,,0.0,,,,,,,,,1.0,ArchangelsStaff,TearOfTheGoddess,GuinsoosRageblade,,,,,,,,,1.0,ThiefsGloves,UnstableConcoction,Zephyr,,,,,,,,,,,,,,,,,,,,,,,,,,,,,,,,,,,,,,,,,,,,,3.0,InfinityEdge,LocketOfTheIronSolari,,,,,,,,,,,,,,,,,,,,,,,,,,,,,,2.0,,,,,,,,,,,,,,,,,,,,,,,,2.0,ThiefsGloves,HextechGunblade,UnstableConcoction,,,,,,,,,,,,,,,,,,,,,,,,,,,,,,,,,,,,,,,,,,,,,,,,,2.0,SunfireCapeRadiant,GargoyleStoneplate,GargoyleStoneplate,,,,,,,,,,,,,,,,,4.0,TrainerSnax,None,None,,,,,,,,,,,,,,,,,,,,,,,,,,,,,,,,,2.0,StatikkShiv,,
2,EUW1_5971438311,TFT7_Augment_LivingForge,TFT6_Augment_ItemGrabBag2,TFT6_Augment_CyberneticImplants2,,,,,1.0,,1.0,0.0,1.0,1.0,,,,,0.0,0.0,,1.0,0.0,,1.0,,,,,1.0,0.0,,,,,,,,,,,,,,,,,,,,,,,,,,2.0,RedBuff,OrnnRanduinsSanctum,WarmogsArmor,2.0,GuinsoosRageblade,LastWhisper,Deathblade,,,,,,,,,2.0,WarmogsArmor,OrnnEternalWinter,GargoyleStoneplate,,,,,,,,,,,,,,,,,,,,,,,,,,,,,,,,,,,,,,,,,,,,,,,,,,,,,,,,,2.0,Redemption,,,,,,,,,,,,,,,,,,,,,,,,,,,,,,,,,,,,,,,,,,,,,,,,,,,,,,,,,,,,,,,2.0,ShimmerscaleHeartOfGold,StatikkShiv,,,,,,,,,,,,,,,,,,,,,,,,,,,,,,2.0,TrainerSnax,None,None,2.0,RecurveBow,,,,,,,,,,,,,,,,,,,,,,,1.0,MadredsBloodrazor,OrnnDeathsDefiance,TitanicHydra,,,,,,,,
5,EUW1_5971438311,TFT7_Augment_MirageEmblem2,TFT7_Augment_UrfsGrabBag2,TFT7_Augment_MirageHallucinate,,,1.0,,,4.0,1.0,0.0,,,2.0,,,0.0,3.0,0.0,0.0,,0.0,,,,,,,,0.0,,,,,,,,,,,,,,,,,,,,,,1.0,,,,,,,,,,,,,,,,1.0,JeweledGauntlet,UnstableConcoction,GuinsoosRageblade,,,,,,,,,,,,,,,,,,,,,,,,,2.0,MirageEmblemItem,ArchangelsStaff,,,,,,,,,,,,,,,,,,,,,,,,,,,,,,1.0,,,,,,,,,,,,,,,,,,,,2.0,RedBuff,DragonsClaw,Redemption,,,,,,,,,,,,,,,,,,,,,2.0,,,,,,,,,,,,,,,,,,,,,,,,,,,,,,,,,,,,,,,,,,,,,,,,,,,,,,,,,,None,None,,,,,,,,,,,,,,,,,,,,,,,,,1.0,GuardianAngel,CavalierEmblemItem,UnstableConcoction,,,,,,,,
7,EUW1_5971438311,TFT6_Augment_SlowAndSteady,TFT6_Augment_GrandGambler,TFT7_Augment_CannoneerEmblem,,,,,4.0,,1.0,,0.0,1.0,,,,,,0.0,0.0,1.0,,,1.0,,,,,1.0,,0.0,,,,,,,,,,,,,,,,,,,,,,,,,,,,,1.0,,,,,,,,,,,,1.0,ShimmerscaleHeartOfGold,Redemption,TitansResolve,,,,,,,,,,,,,,,,,,,,,,,,,,,,,,,,,3.0,RecurveBow,,,,,,,,,,,,,,,,,,,,,,,2.0,CannoneerEmblemItem,,,,,,,,,,,,,,,,,,,,,,,,,,,,,,,,,,,,,,,,,,,2.0,,,,,,,,,,,,,,,,,,,,,,,,,,,,,,,,,,,,,,,,,,,,,,,,3.0,IonicSpark,TitanicHydra,,3.0,TrainerSnax,None,None,3.0,Deathblade,GuinsoosRageblade,Quicksilver,,,,,,,,,,,,,,,,,,,,,,,,,,,,,,,,
4,EUW1_5971438311,TFT7_Augment_TomeOfTraits2,TFT7_Augment_ThinkFast,TFT6_Augment_ThrillOfTheHunt2,,,,,,2.0,1.0,0.0,,1.0,1.0,,,,4.0,,0.0,,,,,,,,,,1.0,,,,,,,,,,,,,,,,,,,,,,,,,,,,,,,,,,,,,,1.0,StatikkShiv,GuinsoosRageblade,ArchangelsStaff,,,,,,,,,,,,,,,,,,,,,,,,,2.0,MirageEmblemItem,RedBuff,SpearOfShojin,,,,,,,,,,,,,,,,,,,,,,,,,2.0,,,,,,,,,,,,,,,,,,,,,,,,2.0,GuardianEmblemItem,DragonsClaw,LocketOfTheIronSolari,,,,,,,,,,,,,,,,,,,,,2.0,,,,,,,,,,,,,,,,,,,,,,,,,,,,,,,,,,,,,,,,,,,,,,,,,,,,,,,,,,None,None,,,,,,,,,,,,,,,,,,,,,,,,,1.0,SeraphsEmbrace,Quicksilver,,3.0,,,,,,,
8,EUW1_5971438311,TFT7_Augment_BruiserEmblem2,TFT6_Augment_LudensEcho3,TFT6_Augment_TomeOfTraits1,,1.0,,1.0,,,,,,,1.0,,,3.0,,0.0,,,,,0.0,1.0,,,,0.0,,0.0,,,,,,,,,,,,,,,,,,,,,,,,,,,,,,,,,,,,,,,,,,,,,,,,,,,,,,,,,,,,,,,,,,,,,1.0,Shroud,,,3.0,MageEmblemItem,TitansResolve,Redemption,,,,,,,,,,,,,,,,,,,,,,,,,,,,,3.0,HextechGunblade,,,,,,,,,,,,,,,,,,,,,,,,,,,,,,,2.0,SpearOfShojin,,,,,,,,,,,,,,,,,,,,,,,,,,,,,,,,,,,,,,,1.0,GargoyleStoneplate,,,,,,,,,,,,,,,,,,,,,None,None,,,,,,,,,,,,,2.0,BruiserEmblemItem,,,,,,,,,,,,,,,,,,,1.0,Shroud,Zephyr,
8,EUW1_5970929566,TFT6_Augment_ThreesCompany,TFT7_Augment_SwiftshotPressTheAttack,TFT6_Augment_CelestialBlessing2,,1.0,,2.0,,,1.0,,,,1.0,,,0.0,,,0.0,,,,,,,1.0,,,0.0,2.0,,,,,,,,,,,,,,,,,,,,,,,,,,,,,,,,,,,,,,,,,,,,,,,,,1.0,,,,,,,,,,,,,,,,,,,,,,,,2.0,RedBuff,GargoyleStoneplate,,,,,,,,,,,,,,,,,,,,,,,,,,,,,,,,,,,,,,,,,,,,,,,,,,,,,,,,,,,,,,,,,,,,,,,,,,,,,,1.0,,,,,,,,2.0,,,,,,,,,,,,,,,,2.0,,,,,,,,,,,,,,,,,,,,,,None,None,,,,,1.0,,,,2.0,GuinsoosRageblade,UnstableConcoction,RecurveBow,,,,,,,,,,,,,,,,,,,,,,,,
6,EUW1_5970929566,TFT6_Augment_CalculatedLoss,TFT6_Augment_CelestialBlessing2,TFT7_Augment_SwiftshotEmblem,,1.0,,2.0,,,,,,,,,,1.0,,0.0,0.0,,,,,,,1.0,,,0.0,0.0,,,,,,,,,,,,,,,,,,,,,,,,,,,,,,,,,,,,,,,,,,,,,,,,,,,,,,,,,,,,,,,,,,,,,,,,,3.0,GargoyleStoneplate,GiantsBelt,,,,,,,,,,,,,,,,,,,,,,,,,,,,,,3.0,ArchangelsStaff,SwiftshotEmblemItem,,,,,,,,,,,,,,,,,,,,,,,,,,,,,,,,,,,,,,,,,,,,,,1.0,,,,,,,,2.0,,,,,,,,,,,,,,,,2.0,ThiefsGloves,ArchangelsStaff,HextechGunblade,,,,,,,,,,,,,,,,,,,None,None,,,,,,,,,3.0,GuinsoosRageblade,MadredsBloodrazor,Deathblade,2.0,,,,,,,,,,,,,,,,,,,,,,,
1,EUW1_5970929566,TFT7_Augment_BestFriends2,TFT6_Augment_CelestialBlessing2,TFT7_Augment_UrfsGrabBag1,1.0,,1.0,1.0,,1.0,,0.0,,,4.0,,0.0,,0.0,0.0,1.0,,,,,,,1.0,1.0,,1.0,,,,,,,,,,,,,,,,,,,,,,2.0,,,,,,,,,,,,,,,,,,,,,,,,,,,,,,,,,,,,,,,,,,,,2.0,,,,,,,,,,,,,,,,,,,,,,,,,,,,,,,,,,,,,,,,,,,,,,,,,,,,,,,,,,,,2.0,Morellonomicon,,,,,,,2.0,,,,,,,,2.0,,,,,,,,,,,,2.0,GiantsBelt,,,,,,,,,,,,,,,,,,,,,,,,,,,,,,,2.0,LastWhisper,GuinsoosRageblade,FrozenHeart,,,,,,,,,,,None,None,,,,,2.0,,,,,,,,,,,,,,,,2.0,MadredsBloodrazor,Deathblade,GuinsoosRageblade,2.0,LastWhisper,UnstableConcoction,RedBuff,,,,,,,,
3,EUW1_5970929566,TFT6_Augment_CelestialBlessing2,TFT6_Augment_PortableForge,TFT7_Augment_BruiserTitanicStrength,,,1.0,1.0,,,1.0,0.0,,,2.0,,0.0,1.0,0.0,0.0,0.0,,,,0.0,1.0,,,2.0,,1.0,0.0,,,,,,,,,2.0,ArchangelsStaff,Quicksilver,UnstableConcoction,,,,,,,,,1.0,,,,,,,,,,,,,,,,,,,,,,,,,,,,,,,,,,,,,,,,,,,,,,,,,,,,,,,,,,,,,,,,,,,,,,,,,,,,,,,,,,,,,,,,,,,,,,,,,,,,,,,,1.0,,,,,,,,,,,,2.0,,,,,,,,,,,,,,,,2.0,,,,,,,,,,,,,,,,,,,,,,,,2.0,IonicSpark,WarmogsArmor,BrambleVest,,,,,,,,,,,,,,,,,,,None,None,,,,,,,,,,,,,,,,,,,,,,,,,2.0,Deathblade,TitansResolve,OrnnDeathsDefiance,,,,,2.0,GuinsoosRageblade,UnstableConcoction,
7,EUW1_5970929566,TFT6_Augment_Distancing2,TFT6_Augment_SecondWind2,TFT6_Augment_FuturePeepers,,0.0,,,,,1.0,,,0.0,,1.0,,,,,1.0,,,2.0,,,,,,,,0.0,,,,,,,,,,,,,,,,,,,,,,,,,,,,,,,,,,,,,,,,,,,,,,,,,,,,,2.0,Zephyr,TearOfTheGoddess,,,,,,2.0,,,,,,,,,,,,,,,,,,,,,,,,,,,,,,,,,,,,,,,,,,,,,,,,1.0,WarmogsArmor,FrozenHeart,,3.0,GuinsoosRageblade,Deathblade,Quicksilver,,,,,,,,,,,,,,,,,,,,,,,,,,,,,,,,,,,,,,,,,1.0,Bloodthirster,,,,,,,,,,,,,,,,,,,,,,,,,,,,,,,2.0,,,,,,,,,,None,None,,,,,,,,,,,,,,,,,,,,,,,,,,,,,,,,,,,,
5,EUW1_5970929566,TFT7_Augment_MageEmblem,TFT7_Augment_ClutteredMind,TFT6_Augment_PortableForge,,1.0,,1.0,,0.0,,,0.0,,1.0,,,3.0,,1.0,,,0.0,,,,,,,1.0,,0.0,,,,,,,,,,,,,,,,,,,,,,,,,,,,,,,,,,,,,,,,,,,,,,,,,,,,,,,,,,,,,,,,,,,,,2.0,,,,3.0,MageEmblemItem,IonicSpark,,,,,,,,,,,,,,,,,,,,,,2.0,,,,2.0,PowerGauntlet,ZekesHerald,,3.0,,,,,,,,,,,,,,,,,,,,,,,,,,,,,,,,2.0,ArchangelsStaff,UnstableConcoction,OrnnMuramana,,,,,,,,,,,,,,,,,,,,,,,,,,,,,,,,,,,,,2.0,TitanicHydra,,,,,,,,,,,,,,,,,,,3.0,TrainerSnax,None,None,,,,,,,,,,,,,3.0,WarmogsArmor,TitansResolve,RedBuff,,,,,,,,,,,,,,,,,,,,
2,EUW1_5970929566,TFT7_Augment_ShimmerscaleTrait,TFT6_Augment_ComponentGrabBag,TFT6_Augment_SunfireBoard,1.0,,,,,,1.0,0.0,,1.0,,0.0,,0.0,0.0,,0.0,,,,4.0,1.0,1.0,,,,1.0,1.0,2.0,TearOfTheGoddess,,,,,,,,,,,,,,,,,,,,,,,,,,,,,,,,,,,,,,,2.0,DragonsClaw,BrambleVest,TitanicHydra,,,,,,,,,,,,,,,,,,,,,,,,,,,,,,,,,,,,,,,,,2.0,ZekesHerald,RapidFireCannon,RunaansHurricane,,,,,,,,,,,,,,,,,,,,,,,,,,,,,,,,,,,,,,,,,2.0,DragonsClaw,UnstableConcoction,HextechGunblade,,,,,,,,,,,,,,,,,,,,,,,,,,,,,,,,,,,,,2.0,ShimmerscaleHeartOfGold,ShimmerscaleEmblemItem,ShimmerscaleCrownOfChampions,,,,,,,,,,,,,,,,,,,,,1.0,ShimmerscaleEmblemItem,,,,,None,None,,,,,,,,,,,,,,,,,,,,,,,,,2.0,ShimmerscaleDiamondHands,ShimmerscaleDravensAxe,UnstableConcoction,,,,,2.0,GuinsoosRageblade,SpearOfShojin,ShimmerscaleGoldmancersStaff
4,EUW1_5970929566,TFT6_Augment_JeweledLotus,TFT6_Augment_PortableForge,TFT6_Augment_Ascension,,0.0,,1.0,,,1.0,0.0,0.0,,,,,1.0,2.0,1.0,0.0,,,,0.0,1.0,,,,1.0,1.0,0.0,,,,,,,,,,,,,,,,,,,,,,,,,,,,,,,,,,,,,2.0,OrnnDeathsDefiance,InfinityEdge,GuinsoosRageblade,,,,,,,,,,,,,,,,,,,,,,,,,,,,,1.0,,,,,,,,,,,,,,,,,,,,,,,,,,,,,,,,2.0,ZekesHerald,Chalice,,1.0,,,,,,,,,,,,,,,,,,,,,,,,,,,,,,,,,,,,,,,,,,,,,,,,2.0,,,,,,,,,,,,,,,,,,,,,,,,2.0,WarmogsArmor,BrambleVest,LocketOfTheIronSolari,,,,,,,,,,,,,,,,,3.0,TrainerSnax,None,None,,,,,,,,,,,,,,,,,,,,,,,,,1.0,ThiefsGloves,IonicSpark,Deathblade,,,,,1.0,UnstableConcoction,GuinsoosRageblade,
7,EUW1_5971309423,TFT6_Augment_ThrillOfTheHunt1,TFT6_Augment_SecondWind1,TFT6_Augment_TomeOfTraits1,,,,,,,1.0,0.0,0.0,0.0,,3.0,0.0,,,0.0,,,,1.0,,,,0.0,,,0.0,,,,,,2.0,JeweledGauntlet,,,,,,,2.0,WarriorEmblemItem,,,,,,,,,,,,,,,,,,,,,,,,,,,,,,,2.0,Bloodthirster,GuinsoosRageblade,Quicksilver,,,,,,,,,,,,,2.0,,,,,,,,,,,,,,,,,,,,2.0,ZekesHerald,,,,,,,,,,,,,,,,,,,,,,,,,,,1.0,RedBuff,,,,,,,,,,,,,,,,,,,,,,,,,,,,,,,,,,,,,,,,,,,,,,,,,,,,,,,,,,,,,,,,,,,,,,,,,,,,,,,2.0,,,,,,,,,,None,None,,,,,,,,,,,,,,,,,,,,,,,,,,,,,,,,,,,,
4,EUW1_5971309423,TFT7_Augment_MysticTrait,TFT7_Augment_AxiomArc1,TFT6_Augment_PortableForge,,0.0,,1.0,,,,,1.0,,1.0,,,2.0,,2.0,,0.0,,,0.0,1.0,,,,1.0,,0.0,,,,,,,,,,,,,,,,,,,,,,,,,,,,,,,,,,,,,,,,,,,,,,,,,,,,,,,,,,,,,,,,,,,,,1.0,,,,3.0,OrnnDeathsDefiance,BrambleVest,Redemption,,,,,,,,,,,,,,,,,,,,,,,,,2.0,,,,3.0,Chalice,ZekesHerald,RunaansHurricane,,,,,,,,,,,,,,,,,,,,,,,,,,,,,2.0,HextechGunblade,SpearOfShojin,ArchangelsStaff,,,,,,,,,,,,,,,,,,,,,,,,,2.0,,,,,,,,,,,,2.0,RedBuff,,,,,,,,,,,,,,,,,,,3.0,TrainerSnax,None,None,,,,,,,,,,,,,,,,,,,,,,,,,,,,,,,,,1.0,,,
6,EUW1_5971309423,TFT6_Augment_ThrillOfTheHunt1,TFT6_Augment_TinyTitans,TFT6_Augment_Ascension,,0.0,,1.0,,,1.0,,,,,0.0,0.0,,,,,,,2.0,,,,,0.0,,,2.0,,,,,,,,,,,,,,,,,,,,,,,,,,,,,,,,,,,,,,,,,,,,,,,,,2.0,Bloodthirster,GuinsoosRageblade,Quicksilver,3.0,,,,,,,,2.0,,,,,,,,,,,,,,,,,,,,,,,,,,,,,,,,,,,,,,,,,,,,,,,,1.0,WarmogsArmor,GiantsBelt,,3.0,GuinsoosRageblade,RunaansHurricane,,,,,,,,,,1.0,SpearOfShojin,,,,,,,,,,,,,,,,,,,,,,,,,,,,,,,,,,,,,,,,,,,,,,,,,,,,,,,,,,,,,,,,,,,,,,,,,None,None,,,,,,,,,,,,,,,,,,,,,,,,,,,,,,,,,,,,
1,EUW1_5971309423,TFT7_Augment_WarriorTrait,TFT6_Augment_Featherweights1,TFT6_Augment_CelestialBlessing2,0.0,,,1.0,,1.0,,0.0,,,3.0,,,0.0,1.0,,0.0,,1.0,,0.0,,,0.0,,,3.0,,2.0,,,,,,,,,,,,,,,,,,,,,,,,,,,,,,,,,,,,,,,,,,,,,,,,,,,,,,,,,,,,,,,,,,,,,,,,,,,,,,,,,,,,,,,,,,,,,,,,3.0,Redemption,FrozenHeart,,,,,,,,,,,,,,,,,,,,,,3.0,GuardianAngel,Quicksilver,MadredsBloodrazor,,,,,,,,,,,,,,,,,2.0,,,,,,,,,,,,3.0,,,,,,,,,,,,,,,,,,,,,,,,,,,,,,,,2.0,FrozenHeart,,,,,,,,,,,,,None,None,,,,,1.0,,,,,,,,,,,,,,,,,,,,1.0,WarmogsArmor,WarmogsArmor,TitansResolve,3.0,RapidFireCannon,UnstableConcoction,Quicksilver,,,,
2,EUW1_5971309423,TFT6_Augment_TriForce1,TFT7_Augment_BandOfThieves1,TFT6_Augment_TomeOfTraits1,,1.0,,1.0,,,1.0,,1.0,,1.0,,,2.0,,0.0,,,,,0.0,1.0,,,,1.0,,0.0,,,,,,,,,,,,,,,,,2.0,ArchangelsStaff,SpearOfShojin,MageEmblemItem,,,,,,,,,,,,,,,,,,,,,,,,,,,,,,,,,,,,,,,,,,,,,,,,,1.0,,,,2.0,ThiefsGloves,LocketOfTheIronSolari,GuinsoosRageblade,,,,,,,,,,,,,,,,,,,,,,,,,2.0,SparringGloves,,,,,,,,,,,,,,,,,,,,,,,,,,,,,,,,,,,2.0,HextechGunblade,JeweledGauntlet,SeraphsEmbrace,,,,,,,,,,,,,,,,,,,,,,,,,,,,,,,,,,,,,2.0,TitanicHydra,GargoyleStoneplate,IonicSpark,,,,,,,,,,,,,,,,,4.0,TrainerSnax,None,None,,,,,,,,,,,,,2.0,Zephyr,,,,,,,,,,,,,,,,,,,2.0,UnstableConcoction,Deathblade,
8,EUW1_5971309423,TFT7_Augment_ShimmerscaleEmblem,TFT6_Augment_ItemGrabBag1,TFT6_Augment_SecondWind2,0.0,,,,,0.0,1.0,1.0,,0.0,,,0.0,,,,1.0,,,0.0,3.0,,,,0.0,,0.0,,1.0,ShimmerscaleDeterminedInvestor,,,,,,,,,,,,,,,,,,,,,,,,,,,,,,,,,,,,,,,1.0,ShimmerscaleHeartOfGold,RedBuff,ShimmerscaleMogulsMail,,,,,,,,,,,,,,,,,,,,,2.0,TitansResolve,,,,,,,,,,,,,,,,,,,1.0,,,,2.0,ShimmerscaleEmblemItem,ShimmerscaleGoldmancersStaff,,,,,,,,,,,,,,,,,,,,,,,,,,,,,,,,,,,,,,,,,,,,,,,,,,,,,,,,,,,,,,,,,,,,,,,,,,,,,,,,,,2.0,,,,,,,,,,,,,,,,,,,,,,,,,,None,None,,,,,,,,,,,,,,,,,2.0,GuinsoosRageblade,Bloodthirster,SparringGloves,,,,,,,,,,,,,,,,
5,EUW1_5971309423,TFT6_Augment_PandorasItems,TFT6_Augment_ThrillOfTheHunt1,TFT7_Augment_GadgetExpert,,,,,,0.0,,2.0,,,,1.0,,,0.0,,1.0,,,1.0,,,,0.0,1.0,,0.0,,,,,,,,,,,,,,2.0,RecurveBow,,,,,,,,,,,,,,,,,,,,,,,,,,,,,,,,,,,,,,,,,,,,,,,,,,,2.0,TempestEmblemItem,,,,,,,,,,,,,,,2.0,,,,,,,,2.0,,,,,,,,,,,,,,,,,,,,2.0,WarmogsArmor,RedBuff,GargoyleStoneplate,,,,,,,,,,,,,,,,,,,,,,,,,,,,,,,,,,,,,2.0,,,,,,,,,,,,,,,,,,,,,,,,2.0,StatikkShiv,GuinsoosRageblade,ArchangelsStaff,,,,,,,,,,,,,,,,,,,,,,,None,None,,,,,,,,,,,,,,,,,,,,,,,,,1.0,Quicksilver,Redemption,FrozenHeart,,,,,,,,
3,EUW1_5971309423,TFT6_Augment_Electrocharge1,TFT6_Augment_SecondWind1,TFT6_Augment_Distancing2,,,,,3.0,,1.0,,0.0,1.0,,,,,,0.0,0.0,1.0,0.0,,1.0,,,,,1.0,,,,,,,,,,,,,,,,,,,,,,,,,,,3.0,Redemption,RedBuff,DragonsClaw,1.0,,,,,,,,,,,,2.0,TitansResolve,ShimmerscaleMogulsMail,Bloodthirster,,,,,,,,,,,,,,,,,,,,,,,,,,,,,,,,,3.0,ThiefsGloves,BFSword,Shroud,,,,,,,,,,,,,,,,,,,,,2.0,TearOfTheGoddess,,,,,,,,,,,,,,,,,,,,,,,,,,,,,,,,,,,,,,,,,,,1.0,,,,,,,,,,,,,,,,,,,,,,,,,,,,,,,,,,,,,,,,,,,,,,,,,,,,4.0,TrainerSnax,None,None,3.0,Quicksilver,GuinsoosRageblade,MadredsBloodrazor,,,,,,,,,,,,,,,,,,,,,,,,,,,,,,,,
1,EUW1_5970924896,TFT7_Augment_ScalescornTrait,TFT6_Augment_SecondWind2,TFT7_Augment_UrfsGrabBag2,2.0,,,2.0,,,,,,0.0,1.0,,0.0,0.0,,,0.0,,2.0,,,,,,1.0,,1.0,1.0,,,,,,,,,,,,,,,,,,,,,,,,,2.0,,,,,,,,3.0,FrozenHeart,IonicSpark,IonicSpark,,,,,,,,,,,,,,,,,,,,,,,,,,,,,,,,,,,,,,,,,,,,,,,,,,,,,,,,,,,,,,,,,,,,,,,,,,,,,,,,,,,,,2.0,InfinityEdge,RunaansHurricane,RapidFireCannon,2.0,GargoyleStoneplate,DragonsClaw,,1.0,LocketOfTheIronSolari,,,2.0,,,,,,,,,,,,,,,,,,,,2.0,,,,,,,,,,,,,,,,,,,,,,,,2.0,ForceOfNature,,,,,,,2.0,ZekesHerald,,,,,,,,,,,,,None,None,,,,,,,,,,,,,,,,,,,,,,,,,,,,,,,,,,,,
7,EUW1_5970924896,TFT6_Augment_CyberneticImplants1,TFT6_Augment_ThrillOfTheHunt2,TFT6_Augment_RadiantRelics,,,1.0,,,,1.0,1.0,,,1.0,1.0,,,,0.0,0.0,,,1.0,,,,0.0,2.0,,,,,,,,,,,,1.0,HandOfJusticeRadiant,SeraphsEmbrace,JeweledGauntlet,2.0,GuinsoosRageblade,,,,,,,1.0,,,,,,,,,,,,,,,,,,,,,,,,,,,,,,,,,,,,,,,,,,,,,,,,,,,,,,,,,,,,2.0,,,,,,,,2.0,Zephyr,,,,,,,,,,,,,,,,,,,2.0,Morellonomicon,Quicksilver,WarmogsArmor,,,,,,,,,,,,,,,,,,,,,,,,,,,,,,,,,,,,,,,,,,,,,,,,,,,,,,,,,,,,,2.0,,,,,,,,,,,,,,,,,,,,,,,,,,None,None,,,,,,,,,,,,,,,,,,,,,,,,,,,,,,,,,,,,
2,EUW1_5970924896,TFT6_Augment_Featherweights1,TFT7_Augment_ShapeshifterBeastsDen,TFT6_Augment_MaxLevel10,,0.0,,,,,1.0,0.0,,,,1.0,,,,,1.0,,,3.0,,,1.0,,,,,0.0,,,,,,,,,,,,,,,,,,,,,,,,,,,,,,,,,,,,,,,,,,,,,,,,,,,,,2.0,,,,,,,,2.0,,,,,,,,,,,,,,,,,,,,,,,,,,,,,,,,,,,,,,,,,,,,,,,,2.0,IonicSpark,Zephyr,,3.0,MadredsBloodrazor,GuinsoosRageblade,RunaansHurricane,,,,,,,,,,,,,,,,,,,,,,,,,,,,,,,,,,,,,,,,,1.0,Bloodthirster,FrozenHeart,TitansResolve,,,,,,,,,1.0,,,,2.0,ArchangelsStaff,,,,,,,,,,,,,,,,,,,,,,,,,None,None,,,,,,,,,,,,,,,,,,,,,,,,,,,,,,,,,,,,
6,EUW1_5970924896,TFT6_Augment_Electrocharge1,TFT7_Augment_BruiserPersonalTraining,TFT7_Augment_WhispersEmblem2,0.0,,,2.0,,,1.0,0.0,,,,,0.0,0.0,0.0,,0.0,,,0.0,,,,,1.0,,1.0,3.0,,,,,,,,,,,,,,,,,,,,,,,,,,,,,,,,,,,,,,,,,,,,,,,,,2.0,Quicksilver,TitansResolve,UnstableConcoction,2.0,ArchangelsStaff,RabadonsDeathcap,JeweledGauntlet,,,,,,,,,,,,,,,,,,,,,,,,,,,,,,,,,,,,,,,,,,,,,,,,,,,,,,,,,,,,,,,,,,,,,1.0,,,,,,,,2.0,,,,,,,,,,,,,,,,,,,,1.0,,,,,,,,,,,,,,,,,,,,,,,,2.0,WarmogsArmor,,,,,,,,,,,,,,,,,,,,,None,None,,,,,,,,,,,,,,,,,,,,,,,,,1.0,WhispersEmblemItem,RedBuff,IonicSpark,,,,,,,,
8,EUW1_5970924896,TFT6_Augment_Distancing,TFT6_Augment_CelestialBlessing2,TFT6_Augment_GrandGambler,0.0,,,3.0,,,1.0,,,,,,0.0,0.0,,,0.0,,0.0,,,,,,1.0,,1.0,2.0,,,,,,,,,,,,,,,,,,,,,,,,,,,,,,,,,,,,,,,,,,,,,,,,,1.0,GuinsoosRageblade,InfinityEdge,MadredsBloodrazor,,,,,,,,,,,,,,,,,,,,,,,,,,,,,,,,,,,,,,,,,,,,,,,,,,,,,,,,,,,,,,,,,,,,,2.0,HextechGunblade,,,2.0,FrozenHeart,,,,,,,2.0,BruiserEmblemItem,,,,,,,,,,,,,,,,,,,2.0,ThiefsGloves,JeweledGauntlet,ArchangelsStaff,,,,,,,,,,,,,,,,,,,,,2.0,ThiefsGloves,NeedlesslyLargeRod,JeweledGauntlet,,,,,,,,,,,,,,,,,,,None,None,,,,,,,,,,,,,,,,,,,,,,,,,,,,,,,,,,,,
5,EUW1_5970924896,TFT7_Augment_AFK,TFT7_Augment_CavalierEmblem,TFT7_Augment_UrfsGrabBag2,1.0,,,1.0,,4.0,,,,,3.0,,0.0,,,,1.0,,,,,,,1.0,1.0,,0.0,,,,,,,,,,,,,,,,,,,,,,,,,,,,,,,,,,,,,,,,,,,,,,,,,,,,,,,,,,,,,,,,,,2.0,SeraphsEmbrace,,,,,,,,,,,,,,,,,,,,,,,,,,,,,,,,,,,,,,,,,,,,,,,,,,,,,,,,,,,1.0,CavalierEmblemItem,GargoyleStoneplate,,,,,,1.0,ThiefsGloves,UnstableConcoction,Zephyr,,,,,2.0,,,,,,,,,,,,2.0,CavalierEmblemItem,RedBuff,,,,,,,,,,,,,,,,,,,,,,,,,,,,,,2.0,GuinsoosRageblade,CavalierEmblemItem,MadredsBloodrazor,,,,,,,,,,,None,None,,,,,2.0,,,,,,,,,,,,,,,,2.0,MadredsBloodrazor,GuinsoosRageblade,Quicksilver,,,,,,,,,,,,
4,EUW1_5970924896,TFT6_Augment_LudensEcho1,TFT6_Augment_ComponentGrabBag,TFT6_Augment_ItemGrabBag2,,1.0,,1.0,,0.0,,,,,1.0,,,3.0,,0.0,,,0.0,,0.0,1.0,,,,0.0,,0.0,,,,,,,,,,,,,,,,,,,,,,,,,,,,,,,,,,,,,,,,,,,,,,,,,,,,,,,,,,,,,,,,,,,,,1.0,,,,3.0,Morellonomicon,GargoyleStoneplate,BrambleVest,,,,,,,,,,,,,,,,,,,,,2.0,,,,,,,,3.0,ArchangelsStaff,GuinsoosRageblade,,,,,,,,,,,,,,,,,,,,,,,,,,,,,,2.0,JeweledGauntlet,StatikkShiv,SpearOfShojin,,,,,,,,,,,,,,,,,,,,,,,,,,,,,,,,,,,,,2.0,GargoyleStoneplate,TitansResolve,WarmogsArmor,,,,,,,,,,,,,,,,,,,None,None,,,,,,,,,,,,,1.0,,,,,,,,,,,,,,,,,,,,1.0,Shroud,,
3,EUW1_5970924896,TFT7_Augment_BestFriends1,TFT7_Augment_PandorasBench,TFT7_Augment_UrfsGrabBag2,,,,2.0,,,1.0,,,0.0,,,0.0,0.0,,,0.0,,,0.0,,,,,0.0,,0.0,3.0,,,,,,,,,,,,,,,,,,,,,,,,,,,,,,,,,,,,,,,,,,,,,,,,,2.0,Bloodthirster,GuinsoosRageblade,InfinityEdge,2.0,,,,,,,,,,,,,,,,,,,,,,,,,,,,,,,,,,,,,,,,,,,,,,,,,,,,,,,,,,,,,,,,,,,,,,,,2.0,GargoyleStoneplate,FrozenHeart,Morellonomicon,,,,,,,,,,,,,,,,,,,,,,,,,1.0,,,,,,,,,,,,,,,,,,,,,,,,2.0,BrambleVest,,,,,,,,,,,,,,,1.0,,,,,,None,None,,,,,,,,,,,,,,,,,,,,,,,,,,,,,,,,,,,,
1,EUW1_5971507683,TFT6_Augment_PortableForge,TFT6_Augment_CelestialBlessing3,TFT6_Augment_Diversify1,1.0,,1.0,,,,1.0,0.0,,1.0,2.0,0.0,0.0,0.0,0.0,0.0,0.0,,,,3.0,1.0,1.0,,,,0.0,1.0,,,,,,,,,,,,,,,,,,,,,2.0,,,,,,,,,,,,,,,,,,,,2.0,ShimmerscaleHeartOfGold,ShimmerscaleMogulsMail,RedBuff,,,,,,,,,,,,,,,,,,,,,,,,,,,,,,,,,,,,,,,,,2.0,,,,,,,,,,,,,,,,,,,,,,,,,,,,,,,,,,,,,,,,,,,,2.0,OrnnTheCollector,ShimmerscaleGoldmancersStaff,JeweledGauntlet,,,,,,,,,,,,,,,,,,,,,,,,,,,,,,,,,,,,,2.0,,,,,,,,,,,,,,,,,,,,,,,,2.0,ShimmerscaleEmblemItem,ShimmerscaleDeterminedInvestor,,,,None,None,,,,,,,,,,,,,,,,,2.0,,,,,,,,2.0,Bloodthirster,MadredsBloodrazor,,,,,,2.0,GuinsoosRageblade,SpearOfShojin,RabadonsDeathcap
3,EUW1_5971507683,TFT6_Augment_Ascension,TFT6_Augment_RadiantRelics,TFT6_Augment_CelestialBlessing1,0.0,0.0,1.0,1.0,,,1.0,,0.0,,2.0,1.0,,1.0,,3.0,0.0,,,,,,,,,0.0,0.0,1.0,,,,,,,,,,,,,,,,,,,,,1.0,RecurveBow,,,,,,,,,,,,,,,,,,,,,,,2.0,InfinityEdge,UnstableConcoction,GuardianAngel,,,,,,,,,,,,,,,,,,,,,,,,,,,,,,,,,,,,,,,,,,,,,,,,,,,,,2.0,,,,2.0,,,,,,,,,,,,,,,,,,,,,,,,1.0,ForceOfNature,,,,,,,2.0,SpearOfShojin,GuardianAngel,,,,,,,,,,,,,,2.0,,,,,,,,,,,,,,,,,,,,,,,,1.0,ZzRotPortalRadiant,GargoyleStoneplate,,,,,,,,,,,,,,,,,,,,None,None,,,,,,,,,,,,,,,,,,,,,,,,,,,,,,,,,,,,
7,EUW1_5971507683,TFT7_Augment_CavalierDevastatingCharge,TFT7_Augment_CavalierEmblem2,TFT7_Augment_BandOfThieves1,,,,,,3.0,1.0,,,0.0,1.0,,,0.0,3.0,,,,0.0,,,,,,,,0.0,,,,,,,,,,,,,,,,,,,,,,,,,,,,,,,,,,,,,,2.0,UnstableConcoction,MadredsBloodrazor,JeweledGauntlet,,,,,,,,,,,,,,,,,,,,,,,,,,,,,,,,,,,,,,,,,,,,,,,,,,,,,2.0,CavalierEmblemItem,SeraphsEmbrace,,1.0,,,,,,,,,,,,,,,,,,,,2.0,RedBuff,BrambleVest,HextechGunblade,,,,,,,,,,,,,,,,,,,,,2.0,ThiefsGloves,GiantsBelt,DragonsClaw,,,,,,,,,,,,,,,,,,,,,,,,,,,,,,,,,,,,,,,,,,,,,,,,,,,,,,,None,None,,,,,,,,,,,,,,,,,,,,,,,,,,,,,2.0,Chalice,,,,,,
2,EUW1_5971507683,TFT6_Augment_TriForce2,TFT7_Augment_ThinkFast,TFT6_Augment_ThrillOfTheHunt1,,0.0,1.0,2.0,,,,,,,2.0,,0.0,0.0,,0.0,0.0,,,,,,,2.0,1.0,,0.0,0.0,,,,,,,,,,,,,,,,,,,,,1.0,,,,,,,,,,,,,,,,,,,,,,,,,,,,,,,,,,,,2.0,ForceOfNature,,,,,,,,,,,,,,,3.0,RedBuff,GargoyleStoneplate,,,,,,,,,,,,,,,,,,,,,,,,,,,,,,,,,,,,,,,,,,,,,,,,,,2.0,TitanicHydra,,,,,,,,,,,,,,,,,,,,,,,,,,,2.0,,,,,,,,,,,,,,,,,,,,,,,,2.0,LocketOfTheIronSolari,,,,,,,,,,,,,,,,,,,,,None,None,,,,,2.0,,,,3.0,RunaansHurricane,GuinsoosRageblade,UnstableConcoction,,,,,,,,,1.0,,,,,,,,,,,,,,,
5,EUW1_5971507683,TFT6_Augment_TrueTwos,TFT7_Augment_WhispersEmblem2,TFT7_Augment_BruiserTrait,,,,3.0,,,1.0,,,0.0,,,0.0,0.0,,,0.0,,0.0,,,,,,0.0,,1.0,3.0,,,,,,,,,,,,,,,,,,,,,,,,,,,,,,,,,,,,,,,,,,,,,,,,,2.0,Quicksilver,TitansResolve,Bloodthirster,,,,,,,,,,,,,,,,,,,,,,,,,,,,,,,,,,,,,,,,,,,,,,,,,,,,,,,,,,,,,,,,,,,,,2.0,WhispersEmblemItem,,,2.0,ThiefsGloves,TitansResolve,ArchangelsStaff,,,,,,,,,,,,,,,,,,,,,,,,,2.0,WarmogsArmor,RedBuff,TitansResolve,,,,,,,,,,,,,,,,,,,,,2.0,NegatronCloak,,,,,,,,,,,,,,,1.0,,,,,,None,None,,,,,,,,,,,,,,,,,,,,,,,,,,,,,,,,,,,,
4,EUW1_5971507683,TFT7_Augment_ShimmerscaleTrait,TFT6_Augment_ForceOfNature,TFT7_Augment_ShapeshifterTrait,0.0,,,,,,1.0,1.0,,,,1.0,0.0,,0.0,,2.0,,,2.0,1.0,,1.0,,,,0.0,,,,,,,,,,,,,,,,,,,,,,,,,,,,,,,,,,,,,,,,,,,,,,,,,,,,,,,,,,,,,,2.0,,,,,,,,,,,,,,,,,,,,,,,,2.0,,,,,,,,,,,,,,,,,,,,,,,,2.0,Redemption,,,,,,,,,,,,,,,,,,,,,,,,,,,,,,,,,,,,,,,2.0,,,,,,,,2.0,ShimmerscaleGoldmancersStaff,,,,,,,,,,,1.0,ForceOfNature,ZekesHerald,,1.0,GuinsoosRageblade,Quicksilver,StatikkShiv,,,,,,,,,,,,,,,,,,,,,,,None,None,,,,,,,,,,,,,,,,,2.0,,,,,,,,1.0,,,,,,,,,,,
8,EUW1_5971507683,TFT6_Augment_TradeSector,TFT6_Augment_Diversify3,TFT6_Augment_CyberneticImplants1,,0.0,,1.0,,0.0,,,0.0,,1.0,,,2.0,,1.0,,,0.0,,,,,,,1.0,,0.0,,,,,,,,,,,,,,,,,,,,,,,,,,,,,,,,,,,,,,,,,,,,,,,,,,,,,,,,,,,,,,,,,,,,,2.0,,,,2.0,MageEmblemItem,,,,,,,,,,,,,,,,,,,,,,,1.0,,,,2.0,ZekesHerald,,,3.0,,,,,,,,,,,,,,,,,,,,,,,,,,,,,,,,2.0,SpearOfShojin,MadredsBloodrazor,TearOfTheGoddess,,,,,,,,,,,,,,,,,,,,,,,,,,,,,,,,,,,,,2.0,RedBuff,,,,,,,,,,,,,,,,,,,2.0,TrainerSnax,None,None,,,,,,,,,,,,,,,,,,,,,,,,,,,,,,,,,,,,
6,EUW1_5971507683,TFT7_Augment_GuildEmblem,TFT6_Augment_HighEndShopping,TFT6_Augment_Recombobulator,0.0,,,0.0,,2.0,,0.0,,,3.0,0.0,,,1.0,,0.0,,0.0,,,,1.0,,,,1.0,,,,,,,,,,,,,,,,,,,,,,,,,,,,,,,,,,,,,,,,,,,,,,,,,,,,,,,,,,,,,,,,,,1.0,Morellonomicon,,,,,,,,,,,,,,,,,,,,,,,,,,,,,,,,,,,,,,,,,,,,,,,,,,,1.0,,,,2.0,FrozenHeart,ZekesHerald,ZekesHerald,,,,,,,,,,,,,,,,,1.0,,,,,,,,,,,,,,,,,,,,,,,,,,,,2.0,GuildEmblemItem,,,,,,,,,,,,,,,2.0,,,,,,,,,,,,,,None,None,,,,,,,,,,,,,,,,,,,,,,,,,2.0,GuinsoosRageblade,InfinityEdge,UnstableConcoction,,,,,,,,
3,EUW1_5972660683,TFT6_Augment_TradeSector,TFT6_Augment_ForceOfNature,TFT7_Augment_BestFriends2,,,1.0,,1.0,,1.0,0.0,1.0,1.0,1.0,,,,0.0,1.0,,1.0,,,1.0,,,,,1.0,0.0,0.0,,,,,,,,,,,,,,,,,,,,,2.0,ShimmerscaleHeartOfGold,,,,,,,2.0,UnstableConcoction,GuinsoosRageblade,MadredsBloodrazor,,,,,,,,,2.0,GargoyleStoneplate,GargoyleStoneplate,RedBuff,,,,,,,,,,,,,,,,,,,,,,,,,,,,,,,,,,,,,,,,,,,,,,,,,,,,,,,,,2.0,TitanicHydra,,,,,,,,,,,,,,,,,,,,,,,,,,,,,,,,,,,,,,,,,,,,,,,,,,,,,,,,,,,,,,,2.0,,,,,,,,,,,,,,,,,,,,,,,,,,,,2.0,TitansResolve,,,3.0,TrainerSnax,None,None,2.0,TitansResolve,,,,,,,,,,,,,,,,,,,,,,,1.0,,,,,,,,,,,
2,EUW1_5972660683,TFT6_Augment_Electrocharge2,TFT7_Augment_JadeTrait2,TFT6_Augment_Ascension,,,,,,,1.0,1.0,1.0,,,3.0,0.0,,0.0,0.0,,,,1.0,,,,0.0,,,0.0,,,,,,2.0,StatikkShiv,HextechGunblade,HextechGunblade,,,,,2.0,Morellonomicon,Zephyr,,,,,,,,,,,,,,,,,,,,,,,,,,,,,,2.0,UnstableConcoction,TitansResolve,GuinsoosRageblade,,,,,,,,,,,,,2.0,,,,,,,,,,,,,,,,,,,,1.0,EvokerEmblemItem,,,,,,,,,,,,,,,,,,,,,,,,,,,2.0,DragonsClaw,RedBuff,FrozenHeart,,,,,,,,,,,,,,,,,,,,,,,,,,,,,,,,,,,,,,,,,,,,,,,,,,,,,,,,,,,,,,,,,,,,,,,,,,,,,,,,,,,,,,,None,None,,,,,,,,,,,,,,,,,,,,,,,,,2.0,NeedlesslyLargeRod,,,,,,,,,,
4,EUW1_5972660683,TFT7_Augment_MageConference,TFT7_Augment_BestFriends3,TFT6_Augment_CyberneticImplants2,1.0,,,1.0,,2.0,,,,,3.0,,0.0,,,,1.0,,,,,,,1.0,1.0,,0.0,,,,,,,,,,,,,,,,,,,,,,,,,,,,,,,,,,,,,,,,,,,,,,,,,,,,,,,,,,,,,,,,,,2.0,Morellonomicon,,,,,,,,,,,,,,,,,,,,,,,,,,,,,,,,,,,,,,,,,,,,,,,,,,,,,,,,,,,2.0,CavalierEmblemItem,,,,,,,2.0,Chalice,,,,,,,2.0,,,,,,,,,,,,2.0,TitanicHydra,,,,,,,,,,,,,,,,,,,,,,,,,,,,,,,2.0,GuinsoosRageblade,LastWhisper,InfinityEdge,,,,,,,,,,,None,None,,,,,2.0,RecurveBow,,,,,,,,,,,,,,,2.0,Quicksilver,GuinsoosRageblade,,,,,,,,,,,,,
5,EUW1_5972660683,TFT7_Augment_JadeEternalProtection,TFT6_Augment_Diversify3,TFT6_Augment_SecondWind2,1.0,,,,,,1.0,,1.0,,1.0,2.0,0.0,,,1.0,,,,1.0,,,,,,0.0,,0.0,,,,,2.0,,,,,,,,,,,,,,,,,,,,,,,,,,,,,,,,,,,,,,,,1.0,TitansResolve,UnstableConcoction,MadredsBloodrazor,,,,,,,,,,,,,2.0,,,,,,,,,,,,,,,,,,,,,,,,,,,,,,,,,,,,,,,,2.0,,,,,,,,2.0,GargoyleStoneplate,DragonsClaw,GiantsBelt,,,,,,,,,,,,,,,,,1.0,ZekesHerald,,,,,,,,,,,,,,,,,,,,,,,,,,,,,,,,,,,,,,,,,,,,,,,,,,,,,,,2.0,UnstableConcoction,JeweledGauntlet,InfinityEdge,,,,,,,,,,,None,None,,,,,,,,,,,,,,,,,,,,,,,,,,,,,,,,,,,,
8,EUW1_5972660683,TFT7_Augment_BruiserEmblem,TFT6_Augment_ThriftShop,TFT6_Augment_ThrillOfTheHunt2,2.0,,,2.0,,,,,,,1.0,,0.0,,,,0.0,,1.0,,,,,,1.0,,1.0,0.0,,,,,,,,,,,,,,,,,,,,,,,,,,,,,,,,,2.0,BruiserEmblemItem,ZekesHerald,,,,,,,,,,,,,,,,,,,,,,,,,,,,,,,,,,,,,,,,,,,,,,,,,,,,,,,,,,,,,,,,,,,,,,,,,,,,,,,,,,,,,,2.0,GuinsoosRageblade,Deathblade,SparringGloves,1.0,,,,1.0,,,,2.0,,,,,,,,,,,,,,,,,,,,2.0,,,,,,,,,,,,,,,,,,,,,,,,,,,,,,,,1.0,,,,,,,,,,,,,,None,None,,,,,,,,,,,,,,,,,,,,,,,,,,,,,,,,,,,,
1,EUW1_5972660683,TFT6_Augment_ClearMind,TFT7_Augment_BestFriends3,TFT6_Augment_SecondWind2,,0.0,1.0,1.0,,,1.0,,0.0,,2.0,,0.0,2.0,,2.0,,,,,0.0,1.0,,,2.0,0.0,,0.0,,,,,,,,,2.0,RabadonsDeathcap,MageEmblemItem,SpearOfShojin,,,,,,,,,1.0,,,,,,,,,,,,,,,,,,,,,,,,,,,,,,,,,,,,,,,,,,,,,,,,,,,,,,,,,,,,,,,,,,,,,,,,,,,,,,,,1.0,,,,3.0,PowerGauntlet,LastWhisper,,,,,,,,,,,,,,,,,,2.0,,,,,,,,,,,,1.0,,,,,,,,,,,,,,,,,,,,,,,,,,,,,,,,,,,,,,,,2.0,IonicSpark,DragonsClaw,RedBuff,,,,,,,,,,,,,,,,,,,None,None,,,,,,,,,,,,,,,,,,,,,,,,,,,,,,,,,1.0,BFSword,,
7,EUW1_5972660683,TFT7_Augment_RevelPartyTime,TFT7_Augment_CursedCrown,TFT6_Augment_Meditation2,,,,,2.0,0.0,1.0,,1.0,1.0,2.0,,,,,0.0,,2.0,,,1.0,,,0.0,,1.0,,0.0,,,,,,,,,,,,,,,,,,,,,,,,,,,,,1.0,MadredsBloodrazor,InfinityEdge,JeweledGauntlet,,,,,,,,,2.0,RedBuff,Redemption,DragonsClaw,,,,,,,,,,,,,,,,,,,,,,,,,,,,,,,,,2.0,,,,,,,,,,,,,,,,,,,,,,,,2.0,,,,,,,,,,,,,,,,,,,,,,,,,,,,,,,,,,,,,,,,2.0,,,,,,,,,,,,,,,,,,,,,,,,1.0,,,,,,,,,,,,,,,,,,,,,,,,,,,,1.0,,,,3.0,TrainerSnax,None,None,2.0,MadredsBloodrazor,ShimmerscaleHeartOfGold,,2.0,,,,,,,,,,,,,,,,,,,,,,,,,,,,,,,
6,EUW1_5972660683,TFT6_Augment_Meditation2,TFT6_Augment_LudensEcho3,TFT6_Augment_PortableForge,,1.0,,1.0,,,,,0.0,,1.0,0.0,,2.0,,1.0,,,,,,,1.0,,,1.0,,0.0,,,,,,,,,,,,,,,,,,,,,,,,,,,,,,,,,,,,,,,,,,,,,,,,,,,,,,,,,,,,,,,,,,,,,2.0,,,,3.0,Redemption,TitansResolve,TitanicHydra,,,,,,,,,,,,,,,,,,,,,,,,,1.0,,,,3.0,,,,,,,,,,,,,,,,,,,,,,,,,,,,,,,,2.0,SpearOfShojin,OrnnDeathsDefiance,ArchangelsStaff,,,,,,,,,,,,,,,,,,,,,,,,,,,,,1.0,,,,,,,,2.0,IonicSpark,WarmogsArmor,RedBuff,,,,,,,,,,,,,,,,,1.0,TrainerSnax,None,None,,,,,,,,,,,,,2.0,,,,,,,,,,,,,,,,,,,,,,,
3,EUW1_5972801410,TFT7_Augment_SwiftshotTrait,TFT6_Augment_RichGetRicherPlus,TFT6_Augment_GrandGambler,0.0,,,,,0.0,1.0,0.0,,,,1.0,,,,,2.0,,,2.0,,,1.0,1.0,,,,0.0,,,,,,,,,,,,,,,,,,,,,,,,,,,,,,,,,,,,,,,,,,,,,,,,,,,,,,,,,,,,,2.0,,,,2.0,LocketOfTheIronSolari,JadeEmblemItem,,,,,,,,,,,,,,,,,,,,,,,,,,,,,,,,,,,,,,,,,,2.0,GargoyleStoneplate,IonicSpark,RedBuff,,,,,,,,,,,,,,,,,1.0,,,,,,,,,,,,,,,,,,,,,,,,,,,,2.0,UnstableConcoction,,,,,,,,,,,1.0,,,,2.0,,,,,,,,,,,,,,,,,,,,,,,,,,None,None,,,,,,,,,,,,,,,,,,,,,2.0,Quicksilver,GuinsoosRageblade,MadredsBloodrazor,,,,,,,,,,,,
2,EUW1_5972801410,TFT6_Augment_Weakspot,TFT6_Augment_PortableForge,TFT7_Augment_CursedCrown,,,,,3.0,,1.0,,1.0,1.0,,0.0,,,,0.0,0.0,2.0,,,1.0,,1.0,,,1.0,,0.0,,,,,,,,,,,,,,,,,,,,,,,,,,,,,2.0,Deathblade,GuinsoosRageblade,UnstableConcoction,,,,,,,,,2.0,GargoyleStoneplate,ShimmerscaleMogulsMail,RedBuff,,,,,,,,,,,,,,,,,,,,,,,,,,,,,,,,,2.0,,,,,,,,,,,,,,,,,,,,,,,,2.0,,,,,,,,,,,,,,,,,,,,,,,,,,,,,,,,,,,,,,,,,,,,1.0,,,,,,,,,,,,,,,,,,,,2.0,NeedlesslyLargeRod,,,1.0,,,,,,,,,,,,,,,,,,,,,,,,1.0,Shroud,,,4.0,TrainerSnax,None,None,3.0,LastWhisper,InfinityEdge,OrnnMuramana,,,,,,,,,,,,,,,,,,,,,,,,,,,,,,,,
6,EUW1_5972801410,TFT6_Augment_Distancing,TFT6_Augment_PortableForge,TFT6_Augment_RadiantRelics,,0.0,,1.0,,,,,0.0,,1.0,,,2.0,,1.0,,,,,0.0,1.0,,,,1.0,,0.0,,,,,,,,,,,,,,,,,,,,,,,,,,,,,,,,,,,,,,,,,,,,,,,,,,,,,,,,,,,,,,,,,,,,,2.0,,,,3.0,WarmogsArmor,OrnnEternalWinter,DragonsClawRadiant,,,,,,,,,,,,,,,,,,,,,,,,,2.0,,,,2.0,,,,,,,,,,,,,,,,,,,,,,,,,,,,,,,,1.0,SpearOfShojin,ArchangelsStaff,Quicksilver,,,,,,,,,,,,,,,,,,,,,,,,,,,,,,,,,,,,,2.0,TitansResolve,GargoyleStoneplate,GargoyleStoneplate,,,,,,,,,,,,,,,,,4.0,TrainerSnax,None,None,,,,,,,,,,,,,,,,,,,,,,,,,,,,,,,,,1.0,Quicksilver,RunaansHurricane,
1,EUW1_5972801410,TFT6_Augment_FirstAidKit,TFT6_Augment_BlueBattery2,TFT6_Augment_CyberneticUplink3,,1.0,1.0,1.0,,,,,0.0,,2.0,,,3.0,,2.0,,,,,0.0,1.0,,,,1.0,,0.0,,,,,,,,,,,,,,,,,,,,,2.0,Zephyr,,,,,,,,,,,,,,,,,,,,,,,,,,,,,,,,,,,,,,,,,,,,,,,2.0,TearOfTheGoddess,,,2.0,MageEmblemItem,,,,,,,,,,,,,,,,,,,,,,,,,,,2.0,ChainVest,,,3.0,RabadonsDeathcap,,,,,,,,,,,,,,,,,,,,,,,,,,,,,,,2.0,SpearOfShojin,UnstableConcoction,,,,,,,,,,,,,,,,,,,,,,,,,,,,,,,,,,,,,,2.0,RedBuff,,,,,,,,,,,,,,,,,,,2.0,TrainerSnax,None,None,,,,,,,,,,,,,2.0,Zephyr,,,,,,,,,,,,,,,,,,,2.0,HextechGunblade,SparringGloves,
5,EUW1_5972801410,TFT7_Augment_BestFriends1,TFT6_Augment_ComponentGrabBag,TFT6_Augment_Diversify3,1.0,,,1.0,,1.0,,,,,3.0,,0.0,,,,1.0,,,,,,,1.0,1.0,,0.0,,,,,,,,,,,,,,,,,,,,,,,,,,,,,,,,,,,,,,,,,,,,,,,,,,,,,,,,,,,,,,,,,,1.0,ThiefsGloves,TitansResolve,MadredsBloodrazor,,,,,,,,,,,,,,,,,,,,,,,,,,,,,,,,,,,,,,,,,,,,,,,,,,,,,,,,,2.0,TitanicHydra,GargoyleStoneplate,BrambleVest,,,,,2.0,HextechGunblade,,,,,,,2.0,,,,,,,,,,,,2.0,GargoyleStoneplate,,,,,,,,,,,,,,,,,,,,,,,,,,,,,,,2.0,RedBuff,RecurveBow,,,,,,,,,,,,None,None,,,,,2.0,,,,,,,,,,,,,,,,2.0,GuinsoosRageblade,Quicksilver,MadredsBloodrazor,,,,,,,,,,,,
4,EUW1_5972801410,TFT7_Augment_GuildTrait,TFT7_Augment_BruiserEmblem,TFT6_Augment_HighEndShopping,2.0,,,2.0,,0.0,1.0,,,0.0,2.0,,0.0,0.0,,,,,,,,,,,1.0,,,3.0,,,,,,,,,,,,,,,,,,,,,,,,,,,,,,,,,,,,,,,,,,,,,,,,,2.0,UnstableConcoction,TitansResolve,AssassinEmblemItem,,,,,,,,,,,,,,,,,,,,,,,,,,,,,,,,,,,,,,,,,,,,,,,,,,,,,,,,,,,,,,,,,,,,,,,,,2.0,DragonsClaw,RedBuff,PowerGauntlet,1.0,RabadonsDeathcap,,,2.0,,,,,,,,,,,,,,,,,,,,,,,,,,,,,,,,,,,,,,,,,,,,1.0,ChainVest,,,,,,,2.0,BruiserEmblemItem,CavalierEmblemItem,RapidFireCannon,,,,,1.0,,,,,,None,None,,,,,,,,,,,,,,,,,,,,,,,,,,,,,,,,,,,,
7,EUW1_5972801410,TFT6_Augment_CyberneticImplants1,TFT7_Augment_GuardianEmblem,TFT6_Augment_MaxLevel10,,,1.0,,1.0,,1.0,0.0,0.0,1.0,1.0,0.0,,,0.0,0.0,,2.0,,,1.0,,1.0,,,,0.0,,,,,,,,,,,,,,,,,,,,,,1.0,,,,,,,,2.0,GuinsoosRageblade,Deathblade,UnstableConcoction,,,,,,,,,2.0,ShimmerscaleMogulsMail,RedBuff,FrozenHeart,,,,,,,,,,,,,,,,,,,,,,,,,,,,,,,,,1.0,,,,,,,,,,,,,,,,,,,,,,,,,,,,,,,,,,,,,,,,,,,,,,,,,,,,,,,,,,,,,,,,,,,,,,,,,,,,,,,,,,,,,,,,2.0,GuardianEmblemItem,ZekesHerald,PowerGauntlet,2.0,Zephyr,,,,,,,,,,,,,,,,,,,,,,,,,,,,,None,None,,,,,,,,,,,,,,,,,,,,,,,,,2.0,WarmogsArmor,RecurveBow,,,,,,,,,
8,EUW1_5972801410,TFT6_Augment_CyberneticUplink1,TFT6_Augment_TomeOfTraits1,TFT6_Augment_ForceOfNature,,1.0,,1.0,,,,,0.0,,1.0,,,3.0,,1.0,,,,,0.0,1.0,,,,1.0,,0.0,,,,,,,,,,,,,,,,,,,,,,,,,,,,,,,,,,,,,,,,,,,,,,,,,,,,,,,,,,,,,,,,,,,,,2.0,,,,2.0,MageEmblemItem,TitanicHydra,,,,,,,,,,,,,,,,,,,,,,,,,,1.0,,,,3.0,,,,,,,,,,,,,,,,,,,,,,,,,,,,,,,,2.0,HextechGunblade,SpearOfShojin,MadredsBloodrazor,,,,,,,,,,,,,,,,,,,,,,,,,,,,,,,,,,,,,2.0,RedBuff,DragonsClaw,,,,,,,,,,,,,,,,,,1.0,TrainerSnax,None,None,,,,,,,,,,,,,2.0,,,,,,,,,,,,,,,,,,,,1.0,RecurveBow,,
2,EUW1_5972399059,TFT6_Augment_ThrillOfTheHunt1,TFT7_Augment_BruiserTitanicStrength,TFT7_Augment_BruiserEmblem,1.0,,,3.0,,,1.0,,,,,,0.0,1.0,,,0.0,,0.0,,0.0,1.0,,,1.0,,1.0,2.0,,,,,,,,,,,,,,,,,,,,,,,,,,,,,,,,,,,,,,,,,,,,,,,,,2.0,Bloodthirster,RapidFireCannon,RunaansHurricane,,,,,,,,,,,,,,,,,,,,,,,,,,,,,,,,,,,,,,,,,,,,,,,,,,,,,,,,,,,,,,,,,,,,,2.0,ThiefsGloves,RapidFireCannon,Bloodthirster,2.0,GargoyleStoneplate,SeraphsEmbrace,MageEmblemItem,1.0,BruiserEmblemItem,RunaansHurricane,,2.0,,,,,,,,,,,,,,,,,,,,2.0,RedBuff,,,,,,,,,,,,,,,,,,,,,,,2.0,,,,,,,,,,,,,,,,,,,,,,None,None,,,,,,,,,,,,,,,,,,,,,,,,,,,,,,,,,1.0,TearOfTheGoddess,,
4,EUW1_5972399059,TFT6_Augment_MakeshiftArmor1,TFT6_Augment_ThrillOfTheHunt2,TFT6_Augment_SunfireBoard,,,1.0,1.0,2.0,,,,1.0,,1.0,,0.0,,,1.0,,3.0,,,,,,,0.0,1.0,,,,,,,,,,,,,,,,,,,,,,,1.0,Chalice,RecurveBow,,,,,,2.0,Quicksilver,GuinsoosRageblade,UnstableConcoction,,,,,,,,,,,,,,,,,,,,,,,,,,,,,,,,,,,,,,,,,,,,,2.0,StatikkShiv,,,,,,,,,,,,,,,,,,,,,,,2.0,,,,,,,,,,,,,,,,,,,,,,,,2.0,Redemption,GargoyleStoneplate,PowerGauntlet,,,,,,,,,,,,,,,,,,,,,,,,,,,,,,,,,,,,,2.0,,,,,,,,,,,,,,,,2.0,GargoyleStoneplate,,,,,,,,,,,,,,,2.0,TrainerSnax,None,None,2.0,,,,,,,,,,,,,,,,,,,,,,,,,,,,,,,,,,,
7,EUW1_5972399059,TFT6_Augment_Twins1,TFT6_Augment_ComponentGrabBag,TFT7_Augment_BestFriends2,,1.0,,1.0,,,,,,,1.0,,0.0,,,,,,,,,,,1.0,0.0,,,,,,,,,,,,,,,,,,,,,,,,,,,,,,,,,,,,,,,,,,,,,,,,,,,,,,,,,,,,,,,,,,,,,,,,,,,,2.0,RabadonsDeathcap,RedBuff,,,,,,,,,,,,,,,,,,,,,,,,,,,,,,,,,,,,,,,,,,,,,,,,,,1.0,,,,,,,,,,,,,,,,,,,,,,,,,,,,,,,,,,,,2.0,,,,,,,,,,,,,,,,,,,,,,,,,,,,,,,,,,,,,,None,None,,,,,2.0,,,,3.0,RunaansHurricane,GuinsoosRageblade,MadredsBloodrazor,,,,,,,,,,,,,,,,,,,,,,,,
5,EUW1_5972399059,TFT6_Augment_TinyTitans,TFT7_Augment_BestFriends2,TFT6_Augment_SecondWind2,,0.0,,1.0,,,,,1.0,,1.0,,,2.0,,1.0,,0.0,,,0.0,1.0,,,,1.0,,0.0,,,,,,,,,,,,,,,,,,,,,,,,,,,,,,,,,,,,,,,,,,,,,,,,,,,,,,,,,,,,,,,,,,,,,2.0,,,,2.0,GargoyleStoneplate,IonicSpark,,,,,,,,,,,,,,,,,,,,,,,,,,2.0,,,,3.0,,,,,,,,,,,,,,,,,,,,,,,,,,,,,,,,2.0,SpearOfShojin,RabadonsDeathcap,MadredsBloodrazor,,,,,,,,,,,,,,,,,,,,,,,,,1.0,,,,,,,,,,,,2.0,GargoyleStoneplate,RedBuff,DragonsClaw,,,,,,,,,,,,,,,,,1.0,TrainerSnax,None,None,,,,,,,,,,,,,,,,,,,,,,,,,,,,,,,,,1.0,,,
1,EUW1_5972399059,TFT6_Augment_Weakspot,TFT7_Augment_DragonHorde,TFT6_Augment_Diversify2,1.0,,,1.0,,,2.0,,,1.0,1.0,1.0,,,,0.0,0.0,,,,1.0,,,,,,0.0,2.0,,,,,,,,,,,,,,,,,,,,,,,,,,,,,,,,,,,,,,,,,2.0,ShimmerscaleMogulsMail,LocketOfTheIronSolari,DragonsClaw,2.0,AssassinEmblemItem,MadredsBloodrazor,Bloodthirster,2.0,Quicksilver,Bloodthirster,ZekesHerald,,,,,,,,,,,,,,,,,,,,,,,,,,,,,,,,,,,,,,,,,,,,,,,,,,,,,,,,,,,,,,,,,,,,,,,,,,,,,,,,,,,,,,,,,,,,,,,,,,,,,1.0,,,,,,,,,,,,,,,,,,,,,,,,,,,,,,,,2.0,FrozenHeart,,,,,,,2.0,,,,,,None,None,,,,,,,,,,,,,,,,,,,,,,,,,,,,,,,,,,,,
3,EUW1_5972399059,TFT6_Augment_ThrillOfTheHunt1,TFT7_Augment_MageEmblem,TFT6_Augment_Ascension,,0.0,,1.0,,,,,0.0,,1.0,,0.0,3.0,,1.0,,,,,0.0,1.0,,,0.0,1.0,,0.0,,,,,,,,,,,,,,,,,,,,,,,,,,,,,,,,,,,,,,,,,,,,,,,,,,,,,,,,,,,,,,,,,,,,,2.0,ThiefsGloves,MadredsBloodrazor,RedBuff,,,,,,,,,,,,,,,,,,,,,,,,,,,,,2.0,,,,3.0,SpearOfShojin,ArchangelsStaff,ArchangelsStaff,,,,,,,,,,,,,,,,,2.0,MageEmblemItem,GargoyleStoneplate,DragonsClaw,,,,,,,,,2.0,SpearOfShojin,JeweledGauntlet,,,,,,,,,,,,,,,,,,,,,,,,,,,,,,,,,,,,,,2.0,GiantsBelt,,,,,,,,,,,,,,,,,,,3.0,TrainerSnax,None,None,,,,,,,,,,,,,2.0,,,,,,,,,,,,,,,,,,,,1.0,JeweledGauntlet,,
6,EUW1_5972399059,TFT6_Augment_PandorasItems,TFT6_Augment_ThrillOfTheHunt2,TFT6_Augment_PortableForge,1.0,,,1.0,,1.0,,,,,3.0,,0.0,,,,1.0,,,,,,,1.0,1.0,,0.0,,,,,,,,,,,,,,,,,,,,,,,,,,,,,,,,,,,,,,,,,,,,,,,,,,,,,,,,,,,,,,,,,,2.0,DragonsClaw,,,,,,,,,,,,,,,,,,,,,,,,,,,,,,,,,,,,,,,,,,,,,,,,,,,,,,,,,,,1.0,GargoyleStoneplate,OrnnEternalWinter,RedBuff,,,,,2.0,FrozenHeart,,,,,,,2.0,,,,,,,,,,,,2.0,,,,,,,,,,,,,,,,,,,,,,,,,,,,,,,,1.0,,,,,,,,,,,,,,None,None,,,,,2.0,,,,,,,,,,,,,,,,2.0,Quicksilver,MadredsBloodrazor,GuinsoosRageblade,,,,,,,,,,,,
8,EUW1_5972399059,TFT7_Augment_RevelTrait,TFT6_Augment_PortableForge,TFT7_Augment_RevelPartyTime,,,,0.0,2.0,,1.0,,1.0,0.0,,,,,,0.0,,4.0,,,1.0,,,,,1.0,,,,,,,,,,,,,,,,,,,,,,,,,,,,,,,2.0,UnstableConcoction,MadredsBloodrazor,GuinsoosRageblade,,,,,,,,,2.0,ShimmerscaleMogulsMail,WarmogsArmor,OrnnAnimaVisage,,,,,,,,,,,,,,,,,,,,,,,,,,,,,,,,,2.0,,,,,,,,,,,,,,,,,,,,,,,,2.0,,,,,,,,,,,,,,,,,,,,,,,,,,,,,,,,,,,,,,,,,,,,,,,,,,,,,,,,,,,,,,,,2.0,ZekesHerald,StatikkShiv,Bloodthirster,,,,,,,,,,,,,2.0,,,,,,,,,,,,,,,,2.0,TrainerSnax,None,None,1.0,,,,,,,,,,,,,,,,,,,,,,,,,,,,,,,,,,,
6,EUW1_5972603965,TFT7_Augment_Preparation2,TFT7_Augment_ShapeshifterTrait2,TFT6_Augment_CelestialBlessing1,,0.0,,,,,1.0,0.0,,,,2.0,,,,0.0,0.0,,,3.0,,,1.0,,,,,0.0,,,,,,,,,,,,,,,,,,,,,,,,,,,,,,,,,,,,,,,,,,,,,2.0,RedBuff,,,,,,,2.0,,,,,,,,2.0,,,,,,,,,,,,,,,,,,,,,,,,,,,,,,,,,,,,,,,,,,,,,,,,2.0,RedBuff,IonicSpark,GargoyleStoneplate,3.0,TitansResolve,Quicksilver,Deathblade,,,,,,,,,,,,,,,,,,,,,,,,,,,,,,,,,,,,,,,,,,,,,,,,,,,,,1.0,,,,2.0,Morellonomicon,JeweledGauntlet,RabadonsDeathcap,,,,,,,,,,,,,,,,,,,,,,,None,None,,,,,,,,,,,,,,,,,,,,,,,,,,,,,,,,,,,,
1,EUW1_5972603965,TFT7_Augment_GuildLoot,TFT7_Augment_ScalescornEmblem2,TFT6_Augment_SecondWind1,2.0,,,1.0,,1.0,,,,,2.0,,0.0,0.0,,,0.0,,2.0,,,,,,1.0,,1.0,,,,,,,,,,,,,,,,,,,,,,,,,,,,,,,,,,3.0,ZekesHerald,ZekesHerald,InfinityEdge,,,,,,,,,,,,,,,,,,,,,,,,,,,,,,,,,,,,,,,,,,,,,,,,,,,,,,,,,,,,,3.0,ArchangelsStaff,Quicksilver,MadredsBloodrazor,,,,,,,,,,,,,,,,,,,,,3.0,RapidFireCannon,AssassinEmblemItem,InfinityEdge,1.0,,,,,,,,2.0,ArchangelsStaff,,,,,,,2.0,ScalescornEmblemItem,AssassinEmblemItem,,,,,,,,,,2.0,Shroud,,,,,,,,,,,,,,,,,,,,,,,,,,,,,,,2.0,IonicSpark,Redemption,FrozenHeart,,,,,,,,,,,None,None,,,,,,,,,,,,,,,,,,,,,,,,,,,,,,,,,,,,
7,EUW1_5972603965,TFT7_Augment_SwiftshotPressTheAttack,TFT6_Augment_MaxLevel10,TFT6_Augment_CyberneticImplants1,1.0,,,1.0,,1.0,,,,,3.0,,0.0,,,,1.0,,,,,,,1.0,1.0,,0.0,,,,,,,,,,,,,,,,,,,,,,,,,,,,,,,,,,,,,,,,,,,,,,,,,,,,,,,,,,,,,,,,,,2.0,,,,,,,,,,,,,,,,,,,,,,,,,,,,,,,,,,,,,,,,,,,,,,,,,,,,,,,,,,,,1.0,BrambleVest,WarmogsArmor,,,,,,2.0,FrozenHeart,,,,,,,2.0,,,,,,,,,,,,1.0,,,,,,,,,,,,,,,,,,,,,,,,,,,,,,,,1.0,,,,,,,,,,,,,,None,None,,,,,2.0,Shroud,,,,,,,,,,,,,,,2.0,GuinsoosRageblade,MadredsBloodrazor,NegatronCloak,,,,,,,,,,,,
3,EUW1_5972603965,TFT6_Augment_TargetDummies,TFT6_Augment_BandOfThieves2,TFT7_Augment_BruiserTrait,,,1.0,1.0,,,1.0,,,,2.0,0.0,0.0,1.0,,0.0,,,,0.0,0.0,1.0,,,2.0,,,0.0,,,,,,,,,1.0,UnstableConcoction,RabadonsDeathcap,ArchangelsStaff,,,,,,,,,1.0,,,,,,,,,,,,,,,,,,,,,,,,,,,,,,,,,,,,,,,,,,,,,,,,,,,,,,,,,,,,,,,,,,,,,,,,,,,,,,,,,,,,,,,,2.0,ThiefsGloves,RapidFireCannon,Bloodthirster,,,,,,,,,,,,,2.0,LocketOfTheIronSolari,FrozenHeart,,,,,,,,,,2.0,FrozenHeart,,,,,,,,,,,,,,,,,,,,,,,,,,,,,,,,,,,,,,,1.0,GargoyleStoneplate,RedBuff,Redemption,,,,,,,,,,,,,,,,,,,None,None,,,,,,,,,,,,,,,,,,,,,,,,,,,,,,,,,1.0,ThiefsGloves,TitansResolve,MadredsBloodrazor
8,EUW1_5972603965,TFT7_Augment_BestFriends2,TFT6_Augment_CelestialBlessing3,TFT6_Augment_CyberneticShell1,,,1.0,1.0,0.0,,1.0,,0.0,,1.0,,,1.0,,1.0,,0.0,,,,,,,,1.0,,2.0,,,,,,,,,,,,,,,,,,,,,1.0,,,,,,,,2.0,GuinsoosRageblade,MadredsBloodrazor,,,,,,,,,,,,,,,,,,2.0,MageEmblemItem,,,,,,,,,,,,,,,,,,,1.0,,,,,,,,,,,,,,,,,,,,,,,,,,,,,,,,1.0,ZekesHerald,ZekesHerald,,,,,,,,,,,,,,,,,,,,,,,,,,,,,,,,,,,,,,,,,,,,,,,,,,,,,,,,,,,,,,,,,,,,,,,,,,1.0,,,,,,,,,,,,,,,,,,,,1.0,TrainerSnax,None,None,,,,,,,,,,,,,,,,,,,,,,,,,,,,,,,,,,,,
4,EUW1_5972603965,TFT6_Augment_MetabolicAccelerator,TFT7_Augment_AssassinEmblem2,TFT7_Augment_BruiserTrait,3.0,,,2.0,,,,0.0,,,1.0,,,0.0,0.0,,0.0,,1.0,,,,,,0.0,,1.0,1.0,,,,,,,,,,,,,,,,,,,,,,,,,,,,,,,,,2.0,RabadonsDeathcap,,,,,,,,,,,,,,,,,,,,,,,,,,,,,,,,,,,,,,,,,,,,,,,,,,,,,,,,,,,,,,,,,,,,,,,,,,,,,,,,,,,,,,,2.0,AssassinEmblemItem,InfinityEdge,Quicksilver,,,,,1.0,InfinityEdge,ArchangelsStaff,,2.0,,,,,,,,,,,,,,,,,,,,2.0,,,,,,,,,,,,,,,,,,,,,,,,2.0,GargoyleStoneplate,DragonsClaw,TitanicHydra,,,,,2.0,,,,,,,,,,,,,,None,None,,,,,,,,,,,,,,,,,,,,,,,,,1.0,HextechGunblade,AssassinEmblemItem,,,,,,,,,
5,EUW1_5972603965,TFT6_Augment_JeweledLotus,TFT7_Augment_BruiserEmblem2,TFT6_Augment_CyberneticUplink1,,0.0,,1.0,,,,,1.0,,1.0,,,3.0,,1.0,,0.0,,,0.0,1.0,,,,1.0,,0.0,,,,,,,,,,,,,,,,,,,,,,,,,,,,,,,,,,,,,,,,,,,,,,,,,,,,,,,,,,,,,,,,,,,,,2.0,,,,,,,,,,,,,,,,,,,,,,,,,,,,,,,,2.0,,,,3.0,BruiserEmblemItem,,,,,,,,,,,,,,,,,,,,,,,,,,,,,,,2.0,SpearOfShojin,HextechGunblade,ArchangelsStaff,,,,,,,,,,,,,,,,,,,,,,,,,2.0,InfinityEdge,MageEmblemItem,,,,,,,,,,3.0,Redemption,IonicSpark,RedBuff,,,,,,,,,,,,,,,,,1.0,TrainerSnax,None,None,,,,,,,,,,,,,2.0,BruiserEmblemItem,TitanicHydra,GiantsBelt,,,,,,,,,,,,,,,,,1.0,,,
2,EUW1_5972603965,TFT6_Augment_Electrocharge2,TFT7_Augment_BestFriends3,TFT7_Augment_CannoneerTrait,,,1.0,,3.0,,1.0,0.0,0.0,1.0,1.0,,,,0.0,1.0,,1.0,0.0,,1.0,,,,,1.0,0.0,,,,,,,,,,,,,,,,,,,,,,2.0,,,,2.0,ShimmerscaleHeartOfGold,FrozenHeart,GargoyleStoneplate,2.0,GuinsoosRageblade,UnstableConcoction,Deathblade,,,,,,,,,2.0,RedBuff,WarmogsArmor,GargoyleStoneplate,,,,,,,,,,,,,,,,,,,,,,,,,,,,,,,,,2.0,,,,,,,,,,,,,,,,,,,,,,,,2.0,TearOfTheGoddess,FrozenHeart,,,,,,,,,,,,,,,,,,,,,,,,,,,,,,,,,,,,,,,,,,,,,,,,,,,,,,,,,,,,,,,,,,,,,,,,,,,,,,,,,,,,,,,,,,,,,,4.0,TrainerSnax,None,None,2.0,GuinsoosRageblade,,,,,,,,,,,,,,,,,,,,,,,2.0,JeweledGauntlet,,,,,,,,,,
8,EUW1_5971948393,TFT6_Augment_Ascension,TFT7_Augment_BandOfThieves1,TFT7_Augment_MageEmblem,,1.0,,1.0,,,1.0,,,,,,,2.0,,0.0,,,,,,,,,1.0,0.0,,0.0,,,,,,,,,1.0,MageEmblemItem,SpearOfShojin,ArchangelsStaff,,,,,,,,,,,,,,,,,,,,,,,,,,,,,,,,,,,,,,,,,,,,,,,,,,,,,,,,,2.0,Shroud,,,2.0,ThiefsGloves,GiantsBelt,GargoyleStoneplate,,,,,,,,,,,,,,,,,,,,,,,,,,,,,3.0,StatikkShiv,HextechGunblade,,,,,,,,,,,,,,,,,,,,,,,,,,,,,,,,,,,,,,,,,,,,,,,,,,,,,,,,,,,,,,,,,,,,,,2.0,BrambleVest,RedBuff,,,,,,,,,,,,,,,,,,,,None,None,,,,,,,,,,,,,3.0,,,,,,,,,,,,,,,,,,,,,,,
5,EUW1_5971948393,TFT7_Augment_FirstAidKit2,TFT7_Augment_BestFriends1,TFT7_Augment_UrfsGrabBag1,,1.0,,2.0,,,1.0,,,,1.0,,0.0,0.0,,0.0,,,,,,,,1.0,0.0,,,2.0,,,,,,,,,,,,,,,,,,,,,,,,,,,,,,,,,,,,,,,,,,,,,,,,,1.0,ThiefsGloves,TearOfTheGoddess,GuardianAngel,,,,,,,,,,,,,,,,,,,,,3.0,FrozenHeart,GargoyleStoneplate,,,,,,,,,,,,,,,,,,,,,,,,,,,,,,3.0,ThiefsGloves,SparringGloves,Chalice,,,,,,,,,,,,,,,,,1.0,,,,,,,,,,,,,,,,,,,,,,,,,,,,,,,,,,,,,,,,,,,,,,,,,,,,1.0,,,,,,,,,,,,,,,,,,,,,,None,None,,,,,2.0,RecurveBow,,,2.0,Deathblade,RunaansHurricane,GuinsoosRageblade,,,,,,,,,,,,,,,,,,,,,,,,
4,EUW1_5971948393,TFT6_Augment_CyberneticImplants2,TFT6_Augment_ItemGrabBag1,TFT6_Augment_Distancing2,1.0,,,1.0,,1.0,,,,,3.0,,0.0,,,,1.0,,,,,,,1.0,1.0,,0.0,,,,,,,,,,,,,,,,,,,,,,,,,,,,,,,,,,,,,,,,,,,,,,,,,,,,,,,,,,,,,,,,,,2.0,WarmogsArmor,,,,,,,,,,,,,,,,,,,,,,,,,,,,,,,,,,,,,,,,,,,,,,,,,,,,,,,,,,,2.0,WarmogsArmor,GargoyleStoneplate,DragonsClaw,,,,,2.0,NeedlesslyLargeRod,,,,,,,2.0,,,,,,,,,,,,2.0,,,,,,,,,,,,,,,,,,,,,,,,,,,,,,,,1.0,InfinityEdge,FrozenHeart,,,,,,,,,,,,None,None,,,,,2.0,PowerGauntlet,,,,,,,,,,,,,,,2.0,GuinsoosRageblade,MadredsBloodrazor,Quicksilver,,,,,,,,,,,,
7,EUW1_5971948393,TFT7_Augment_EvokerEssenceTheft,TFT6_Augment_Weakspot,TFT7_Augment_UrfsGrabBag1,,0.0,,1.0,,,1.0,,1.0,,,,0.0,1.0,,1.0,,0.0,,,,,,,2.0,1.0,,0.0,,,,,,,,,1.0,MadredsBloodrazor,SpearOfShojin,ArchangelsStaff,,,,,,,,,,,,,,,,,,,,,,,,,,,,,,,,,,,,,,,,,,,,,,,,,,,,,,,,,1.0,,,,,,,,,,,,,,,,,,,,,,,,,,,,,,,,2.0,,,,1.0,,,,,,,,,,,,,,,,,,,,2.0,,,,,,,,,,,,,,,,,,,,,,,,,,,,,,,,,,,,,,,,2.0,MadredsBloodrazor,HextechGunblade,,,,,,,,,,2.0,GargoyleStoneplate,WarmogsArmor,,,,,,,,,,,,,,,,,,1.0,TrainerSnax,None,None,,,,,,,,,,,,,,,,,,,,,,,,,,,,,,,,,,,,
6,EUW1_5971948393,TFT6_Augment_SecondWind2,TFT6_Augment_CelestialBlessing1,TFT7_Augment_BigFriend2,,,,,,,,2.0,,,,0.0,0.0,,,,1.0,,,0.0,0.0,,,1.0,0.0,,,,,,,,,,,,,,,,2.0,Shroud,,,,,,,,,,,,,,,,,,,,,,,,,,,,,,,,,,,,,,,,,,,,,,,,,,,,,,,,,,,,,,,,,,,2.0,,,,,,,,3.0,Bloodthirster,TitansResolve,JeweledGauntlet,,,,,,,,,,,,,,,,,,,,,,,,,,,,,,,,,,,,,,,,,,,,,,,,,,,,,,,,,2.0,,,,,,,,,,,,,,,,,,,,,,,,2.0,,,,,,,,,,,,,,,,,,,,,,,,,,None,None,,,,,,,,,,,,,,,,,2.0,ThiefsGloves,NeedlesslyLargeRod,TitanicHydra,2.0,StatikkShiv,,,,,,,,,,,,,,
2,EUW1_5971948393,TFT6_Augment_PortableForge,TFT6_Augment_Weakspot,TFT6_Augment_MakeshiftArmor2,1.0,,,1.0,,0.0,,0.0,,,2.0,,0.0,,0.0,,1.0,,,,,,,1.0,1.0,,1.0,,,,,,,,,,,,,,,,,,,,,,,,,,,,,,,,,,,,,,,,,,,,,,,,,,,,,,,,,,,,,,,,,,2.0,,,,,,,,,,,,,,,,,,,,,,,,,,,,,,,,,,,,,,,,,,,,,,,,,,,,,,,,,,,,2.0,,,,,,,,2.0,,,,,,,,,,,,,,,,,,,,2.0,,,,,,,,,,,,,,,,,,,,,,,,,,,,,,,,2.0,FrozenHeart,RedBuff,IonicSpark,,,,,,,,,,,None,None,,,,,2.0,WarriorEmblemItem,Chalice,PowerGauntlet,,,,,,,,,,,,,2.0,GuinsoosRageblade,OrnnInfinityForce,MadredsBloodrazor,2.0,SeraphsEmbrace,BrambleVest,,,,,,,,,
3,EUW1_5971948393,TFT6_Augment_TradeSector,TFT6_Augment_FirstAidKit,TFT6_Augment_ThrillOfTheHunt2,,0.0,1.0,,,,1.0,,,1.0,1.0,2.0,,,,1.0,,,,2.0,,,,,,,,1.0,,,,,,,,,,,,,,,,,,,,,1.0,,,,,,,,,,,,,,,,,,,,,,,,2.0,Bloodthirster,UnstableConcoction,MadredsBloodrazor,,,,,2.0,,,,,,,,2.0,LocketOfTheIronSolari,,,,,,,,,,,,,,,,,,,,,,,,,,,,,,,,,,,,,,,,,,,,,,,2.0,RedBuff,ArchangelsStaff,,3.0,GuinsoosRageblade,UnstableConcoction,Quicksilver,,,,,,,,,,,,,,,,,,,,,,,,,,,,,,,,,,,,,,,,,,,,,,,,,,,,,,,,,,,,,,,,,,,,,,,,,2.0,,,,2.0,,,,,,None,None,,,,,,,,,,,,,,,,,,,,,,,,,,,,,,,,,,,,
1,EUW1_5971948393,TFT6_Augment_MakeshiftArmor2,TFT7_Augment_BestFriends1,TFT7_Augment_BestFriends2,0.0,0.0,,3.0,,,1.0,,,,1.0,,0.0,0.0,,,0.0,,,,,,,1.0,1.0,,0.0,2.0,,,,,,,,,,,,,,,,,,,,,,,,,,,,,,,,,,,,,,,,,,,,,,,,,2.0,Quicksilver,UnstableConcoction,RedBuff,,,,,,,,,,,,,,,,,,,,,3.0,,,,,,,,,,,,,,,,,,,,,,,,,,,,,,,,,,,,,,,,,,,,,,,,,,,,1.0,,,,,,,,1.0,BruiserEmblemItem,,,,,,,,,,,,,,,,,,,2.0,,,,,,,,,,,,,,,,,,,,,,,,2.0,,,,,,,,,,,,,,,,,,,,,,None,None,,,,,2.0,ZekesHerald,Chalice,GuinsoosRageblade,3.0,Deathblade,RunaansHurricane,GuinsoosRageblade,,,,,,,,,,,,,,,,,,,,,,,,
2,EUW1_5971281545,TFT6_Augment_ThrillOfTheHunt1,TFT6_Augment_Diversify1,TFT6_Augment_TheGoldenEgg,,,1.0,,,,1.0,0.0,1.0,,1.0,2.0,0.0,,0.0,2.0,,,,1.0,,,1.0,,,0.0,0.0,0.0,,,,,2.0,ArchangelsStaff,NeedlesslyLargeRod,,,,,,,,,,,,,,2.0,StatikkShiv,SpearOfShojin,,,,,,,,,,,,,,,,,,,,,,2.0,Bloodthirster,Quicksilver,GuinsoosRagebladeRadiant,,,,,2.0,,,,,,,,,,,,,,,,,,,,,,,,,,,,,,,,,,,,,,,,,,,,,,,,2.0,,,,,,,,2.0,Redemption,,,,,,,,,,,,,,,,,,,,,,,,,,,,,,,,,,,,,,,,,,,,,,,,,,,,,,,,,,,2.0,ZekesHerald,DragonsClaw,WarmogsArmor,,,,,,,,,,,,,,,,,,,,,,,,,,,None,None,,,,,,,,,,,,,,,,,,,,,,,,,2.0,Quicksilver,MadredsBloodrazor,OrnnDeathsDefiance,,,,,,,,
5,EUW1_5971281545,TFT7_Augment_ShapeshifterTrait,TFT6_Augment_TinyTitans,TFT6_Augment_HighEndShopping,1.0,0.0,,0.0,,,1.0,,,,,1.0,0.0,,,,1.0,,,2.0,,,1.0,,0.0,,,0.0,,,,,,,,,,,,,,,,,,,,,,,,,,,,,,,,,,,,,,,,,,,,,,,,,,,,,,,,,,,,,2.0,,,,,,,,,,,,,,,,,,,,,,,,,,,,,,,,,,,,,,,,,,,,,,,,2.0,WarmogsArmor,Redemption,DragonsClaw,3.0,GuinsoosRageblade,MadredsBloodrazor,Quicksilver,,,,,,,,,1.0,AssassinEmblemItem,,,2.0,UnstableConcoction,,,,,,,,,,,,,,,,,,,,,,,,,,,2.0,FrozenHeart,Bloodthirster,,,,,,,,,,1.0,,,,,,,,,,,,,,,,,,,,,,,,,,,,,,None,None,,,,,,,,,,,,,,,,,,,,,,,,,,,,,,,,,,,,
8,EUW1_5971281545,TFT6_Augment_CyberneticShell1,TFT6_Augment_SecondWind1,TFT6_Augment_CyberneticShell3,,1.0,,1.0,,,,,,,1.0,,,3.0,,0.0,,,,,0.0,1.0,,,,0.0,,0.0,,,,,,,,,,,,,,,,,,,,,,,,,,,,,,,,,,,,,,,,,,,,,,,,,,,,,,,,,,,,,,,,,,,,,1.0,,,,3.0,SparringGloves,MageEmblemItem,,,,,,,,,,,,,,,,,,,,,,,,,,,,,,3.0,StatikkShiv,SpearOfShojin,,,,,,,,,,,,,,,,,,,,,,,,,,,,,,3.0,SpearOfShojin,ArchangelsStaff,HextechGunblade,,,,,,,,,,,,,,,,,,,,,,,,,,,,,,,,,,,,,2.0,GargoyleStoneplate,ChainVest,,,,,,,,,,,,,,,,,,,,None,None,,,,,,,,,,,,,2.0,,,,,,,,,,,,,,,,,,,,1.0,,,
4,EUW1_5971281545,TFT6_Augment_SecondWind1,TFT7_Augment_BandOfThieves1,TFT7_Augment_GuardianEmblem2,,,1.0,,3.0,,1.0,,1.0,1.0,1.0,,,,,1.0,,3.0,,,1.0,,,,,1.0,,,,,,,,,,,,,,,,,,,,,,,1.0,,,,,,,,2.0,InfinityEdge,Deathblade,GuinsoosRageblade,,,,,,,,,2.0,GargoyleStoneplate,BrambleVest,GargoyleStoneplate,,,,,,,,,,,,,,,,,,,,,,,,,,,,,,,,,2.0,GuardianEmblemItem,,,,,,,,,,,,,,,,,,,,,,,2.0,PowerGauntlet,PowerGauntlet,,,,,,,,,,,,,,,,,,,,,,,,,,,,,,,,,,,,,,,,,,,,,,,,,,,,,,,,,,,,,,2.0,ShimmerscaleGamblersBlade,Morellonomicon,CannoneerEmblemItem,,,,,,,,,,,,,,,,,,,,,,,,,,,,,4.0,TrainerSnax,None,None,2.0,Quicksilver,RevelEmblemItem,,,,,,,,,,,,,,,,,,,,,,,,,,,,,,,,,
1,EUW1_5971281545,TFT6_Augment_CelestialBlessing1,TFT6_Augment_LudensEcho1,TFT7_Augment_BestFriends3,,,1.0,1.0,,,1.0,,0.0,,1.0,,0.0,1.0,,1.0,,,,,0.0,1.0,,,2.0,1.0,,0.0,,,,,,,,,2.0,ArchangelsStaff,SpearOfShojin,MadredsBloodrazor,,,,,,,,,1.0,,,,,,,,,,,,,,,,,,,,,,,,,,,,,,,,,,,,,,,,,,,,,,,,2.0,,,,,,,,,,,,,,,,,,,,,,,,,,,,,,,,2.0,Quicksilver,SeraphsEmbrace,,,,,,,,,,,,,,,,,,,,,,2.0,,,,,,,,,,,,,,,,,,,,,,,,,,,,,,,,,,,,,,,,,,,,,,,,,,,,2.0,RedBuff,GargoyleStoneplate,WarmogsArmor,,,,,,,,,,,,,,,,,3.0,TrainerSnax,None,None,,,,,,,,,,,,,,,,,,,,,,,,,,,,,,,,,1.0,RabadonsDeathcap,HextechGunblade,RecurveBow
7,EUW1_5971281545,TFT7_Augment_BandOfThieves1,TFT6_Augment_CyberneticShell1,TFT6_Augment_RadiantRelics,1.0,,,1.0,,1.0,,,,,3.0,,0.0,,,,1.0,,,,,,,1.0,1.0,,0.0,,,,,,,,,,,,,,,,,,,,,,,,,,,,,,,,,,,,,,,,,,,,,,,,,,,,,,,,,,,,,,,,,,2.0,ThiefsGloves,TearOfTheGoddess,SpearOfShojin,,,,,,,,,,,,,,,,,,,,,,,,,,,,,,,,,,,,,,,,,,,,,,,,,,,,,,,,,2.0,ThiefsGloves,Chalice,RabadonsDeathcap,,,,,2.0,FrozenHeart,,,,,,,2.0,,,,,,,,,,,,1.0,,,,,,,,,,,,,,,,,,,,,,,,,,,,,,,,2.0,Bloodthirster,InfinityEdge,GuardianAngel,,,,,,,,,,,None,None,,,,,2.0,RecurveBow,,,,,,,,,,,,,,,2.0,MadredsBloodrazor,QuicksilverRadiant,GuinsoosRageblade,,,,,,,,,,,,
6,EUW1_5971281545,TFT6_Augment_TinyTitans,TFT6_Augment_Electrocharge1,TFT7_Augment_RevelEmblem2,,,1.0,,1.0,,1.0,,1.0,1.0,1.0,,,,,1.0,,2.0,,,1.0,,,,,1.0,,0.0,,,,,,,,,,,,,,,,,,,,,1.0,GuinsoosRageblade,,,,,,,2.0,MadredsBloodrazor,GuinsoosRageblade,MadredsBloodrazor,,,,,,,,,2.0,WarmogsArmor,,,,,,,,,,,,,,,,,,,,,,,,,,,,,,,,,,,,,,,,,,,,,,,,,,,,,,,,,,,2.0,LastWhisper,,,,,,,,,,,,,,,,,,,,,,,,,,,,,,,,,,,,,,,,,,,,,,,,,,,,,,,,,,,,,,,2.0,ShimmerscaleGamblersBlade,SpearOfShojin,UnstableConcoction,,,,,,,,,,,,,,,,,,,,,,,,,2.0,,,,2.0,TrainerSnax,None,None,2.0,RevelEmblemItem,StatikkShiv,ZekesHerald,,,,,,,,,,,,,,,,,,,,,,,,,,,,,,,,
3,EUW1_5971281545,TFT6_Augment_CelestialBlessing1,TFT6_Augment_TinyTitans,TFT6_Augment_Diversify3,,,1.0,,,,1.0,0.0,,,1.0,2.0,,0.0,0.0,1.0,,,,1.0,0.0,1.0,1.0,,,,0.0,0.0,,,,,,,,,,,,,,,,,,,,,1.0,,,,,,,,,,,,,,,,,,,,,,,,2.0,GuinsoosRageblade,Quicksilver,TitansResolve,,,,,,,,,,,,,1.0,WhispersEmblemItem,Zephyr,,,,,,,,,,,,,,,,,,,,,,,,,,,,,,,,,,,,,,,,,,,,,,1.0,FrozenHeart,,,,,,,,,,,,,,,,,,,,,,,,,,,,,,,,,,,,,,,,,,,,,,,,,,,,,,,,,,,2.0,,,,,,,,,,,,,,,,,,,,,,,,,,,,,,None,None,,,,,,,,,,,,,,,,,,,,,,,,,1.0,MadredsBloodrazor,Bloodthirster,Quicksilver,,,,,2.0,,,
7,EUW1_5971219647,TFT7_Augment_ShimmerscaleEmblem,TFT6_Augment_ThrillOfTheHunt1,TFT7_Augment_ShimmerscaleTrait,1.0,,,,,,1.0,1.0,,0.0,1.0,0.0,0.0,,,,1.0,,,,3.0,,,1.0,,,,,,,,,,,,,,,,,2.0,,,,,,,,,,,,,,,,,,,,,,,,,,,,2.0,,,,,,,,,,,,,,,,,,,,,,,,,,,,,,,,,,,,,,,,,,,,2.0,ShimmerscaleGamblersBlade,ShimmerscaleHeartOfGold,JeweledGauntlet,,,,,,,,,,,,,,,,,,,,,,,,,,,,,,,,,,,,,,,,,,,,,,,,,,,,,,,,,,,,,2.0,ShimmerscaleEmblemItem,Shroud,,,,,,,,,,,,,,,,,,,,,,,,,,,,,,,,,,2.0,,,,,,,,,,,,,,None,None,,,,,,,,,,,,,,,,,1.0,RedBuff,,,2.0,Quicksilver,ShimmerscaleDravensAxe,UnstableConcoction,,,,,,,,,,,,
5,EUW1_5971219647,TFT6_Augment_TinyTitans,TFT7_Augment_BestFriends1,TFT6_Augment_ComponentGrabBag,,0.0,,1.0,,,1.0,,0.0,,,,0.0,2.0,,1.0,,,,,0.0,1.0,,,2.0,1.0,,0.0,,,,,,,,,2.0,MageEmblemItem,MadredsBloodrazor,SpearOfShojin,,,,,,,,,,,,,,,,,,,,,,,,,,,,,,,,,,,,,,,,,,,,,,,,,,,,,,,,,1.0,,,,,,,,,,,,,,,,,,,,,,,,,,,,,,,,2.0,,,,2.0,StatikkShiv,JeweledGauntlet,ArchangelsStaff,,,,,,,,,,,,,,,,,2.0,BrambleVest,RedBuff,TitansResolve,,,,,,,,,,,,,,,,,,,,,,,,,,,,,,,,,,,,,,,,,,,,,,,,,2.0,,,,,,,,,,,,,,,,,,,,2.0,TrainerSnax,None,None,,,,,,,,,,,,,,,,,,,,,,,,,,,,,,,,,1.0,DragonsClaw,MadredsBloodrazor,
2,EUW1_5971219647,TFT7_Augment_MysticTrait,TFT6_Augment_TinyTitans,TFT6_Augment_Diversify2,0.0,,1.0,,,3.0,1.0,0.0,,,4.0,,,,3.0,1.0,0.0,,,,,,,,,,1.0,,,,,,,,,,,,,,,,,,,,,,1.0,StatikkShiv,Chalice,,,,,,,,,,,,,,2.0,Quicksilver,InfinityEdge,JeweledGauntlet,,,,,,,,,,,,,,,,,,,,,,,,,2.0,,,,,,,,,,,,,,,,,,,,,,,,,,,,,,,,,,,,,,,,,,,,,,,,,,,,2.0,RedBuff,HextechGunblade,,,,,,,,,,,,,,,,,,,,,,2.0,SparringGloves,,,,,,,,,,,,,,,,,,,,,,,,,,,,,,,,,,,,,,,,,,,2.0,InfinityEdge,,,,,,,,,,,,,None,None,,,,,,,,,,,,,,,,,,,,,,,,,2.0,GuinsoosRageblade,GuildEmblemItem,CavalierEmblemItem,2.0,,,,,,,
1,EUW1_5971219647,TFT6_Augment_FirstAidKit,TFT6_Augment_CelestialBlessing1,TFT6_Augment_Distancing2,,,,1.0,,3.0,,,,,2.0,,,2.0,0.0,,0.0,,1.0,,0.0,1.0,,,,,0.0,0.0,,,,,,,,,,,,,,,,,,,,,,,,,,,,,,,,,,,,,,,,,,,,,,,,,,,,,,,,,,,,,,,,,2.0,MageEmblemItem,FrozenHeart,,,,,,,,,,,,,,,,,,,,,,,,,,,,,,3.0,UnstableConcoction,Bloodthirster,IonicSpark,,,,,,,,,,,,,,,,,2.0,RedBuff,BrambleVest,Redemption,2.0,,,,,,,,,,,,,,,,2.0,,,,2.0,,,,,,,,,,,,,,,,,,,,,,,,,,,,,,,,,,,,2.0,FrozenHeart,,,,,,,,,,,,,,,,,,,,,None,None,,,,,,,,,,,,,,,,,,,,,,,,,,,,,,,,,2.0,SpearOfShojin,HextechGunblade,SeraphsEmbrace
8,EUW1_5971219647,TFT6_Augment_CyberneticShell1,TFT6_Augment_SecondWind1,TFT6_Augment_SunfireBoard,,0.0,,,,,1.0,0.0,,,1.0,1.0,,,,0.0,0.0,,,2.0,,,,0.0,,,,0.0,,,,,,,,,,,,,,,,,,,,,,,,,,,,,,,,,,,,,,,,,,,,,2.0,WarmogsArmor,BFSword,,,,,,2.0,,,,,,,,2.0,,,,,,,,,,,,,,,,,,,,,,,,,,,,,,,,,,,,,,,,,,,,,,,,,,,,3.0,GuinsoosRageblade,Deathblade,Quicksilver,,,,,,,,,,,,,,,,,,,,,,,,,,,,,,,,,,,,,,,,,,,,,,,,,,,,,,,,,2.0,,,,,,,,,,,,,,,,,,,,,,,,,,None,None,,,,,1.0,SparringGloves,,,,,,,,,,,,,,,,,,,,,,,,,,,,,,
3,EUW1_5971219647,TFT6_Augment_TriForce1,TFT7_Augment_BestFriends1,TFT6_Augment_PortableForge,,0.0,1.0,1.0,,,,,0.0,,2.0,,,2.0,,2.0,,,,,0.0,1.0,,,,1.0,,0.0,,,,,,,,,,,,,,,,,,,,,1.0,,,,,,,,,,,,,,,,,,,,,,,,,,,,,,,,,,,,,,,,,,,,,,,,2.0,,,,3.0,OrnnAnimaVisage,GargoyleStoneplate,RedBuff,,,,,,,,,,,,,,,,,,,,,,,,,2.0,,,,3.0,StatikkShiv,RabadonsDeathcap,StatikkShiv,,,,,,,,,,,,,,,,,,,,,,,,,,,,,2.0,MadredsBloodrazor,SpearOfShojin,HextechGunblade,,,,,,,,,,,,,,,,,,,,,,,,,,,,,,,,,,,,,2.0,TitanicHydra,RedBuff,,,,,,,,,,,,,,,,,,2.0,TrainerSnax,None,None,,,,,,,,,,,,,,,,,,,,,,,,,,,,,,,,,1.0,SparringGloves,,
6,EUW1_5971219647,TFT6_Augment_CyberneticImplants1,TFT6_Augment_CyberneticShell1,TFT7_Augment_BestFriends2,,,,,2.0,,1.0,,1.0,1.0,,,,,,0.0,,2.0,,,1.0,,,,,1.0,,0.0,,,,,,,,,,,,,,,,,,,,,,,,,,,,,2.0,MadredsBloodrazor,Deathblade,GuinsoosRageblade,,,,,,,,,2.0,WarmogsArmor,ShimmerscaleHeartOfGold,,,,,,,,,,,,,,,,,,,,,,,,,,,,,,,,,,2.0,ThiefsGloves,InfinityEdge,JeweledGauntlet,,,,,,,,,,,,,,,,,,,,,2.0,TearOfTheGoddess,,,,,,,,,,,,,,,,,,,,,,,,,,,,,,,,,,,,,,,,,,,,,,,,,,,,,,,,,,,,,,,1.0,SpearOfShojin,Quicksilver,SpearOfShojin,,,,,,,,,,,,,,,,,,,,,,,,,1.0,,,,3.0,TrainerSnax,None,None,2.0,,,,,,,,,,,,,,,,,,,,,,,,,,,,,,,,,,,
4,EUW1_5971219647,TFT6_Augment_Electrocharge1,TFT6_Augment_Diversify1,TFT6_Augment_ComponentGrabBag,,,,0.0,,0.0,1.0,0.0,,,,1.0,0.0,,,,2.0,,,2.0,,,,1.0,0.0,,,,,,,,,,,,,,,,1.0,Shroud,,,,,,,,,,,,,,,,,,,,,,,,,,,,,,,,,,,,,,,,,,,,,,,1.0,,,,2.0,,,,,,,,,,,,,,,,,,,,,,,,,,,,,,,,,,,,,,,,,,,,2.0,RedBuff,WarmogsArmor,TitanicHydra,,,,,,,,,,,,,2.0,,,,,,,,,,,,,,,,,,,,,,,,,,,,,,,,1.0,WarmogsArmor,DragonsClaw,Bloodthirster,,,,,,,,,,,,,2.0,TitansResolve,ArchangelsStaff,GuinsoosRageblade,,,,,,,,,,,,,,,,,,,,,,,None,None,,,,,,,,,,,,,,,,,,,,,2.0,RabadonsDeathcap,Quicksilver,,,,,,,,,,,,,
2,EUW1_5971346689,TFT7_Augment_JadeEmblem,TFT6_Augment_FirstAidKit,TFT6_Augment_CelestialBlessing2,,,1.0,,,,1.0,1.0,,,1.0,3.0,,,0.0,1.0,,,0.0,1.0,,,1.0,0.0,,,0.0,,,,,,,,,,,,,,1.0,RecurveBow,,,,,,,1.0,JadeEmblemItem,,,,,,,,,,,,,,,,,,,,,,,2.0,TitansResolve,GuinsoosRageblade,TitansResolve,,,,,,,,,,,,,2.0,ScalescornEmblemItem,,,,,,,,,,,,,,,,,,,2.0,,,,,,,,,,,,,,,,,,,,,,,,,,,,2.0,RedBuff,GargoyleStoneplate,IonicSpark,,,,,,,,,,,,,,,,,,,,,,,,,,,,,,,,,,,,,,,,,,,,,,,,,,,,,,,,,2.0,,,,,,,,,,,,,,,,,,,,,,,,,,,,,,None,None,,,,,,,,,,,,,,,,,,,,,,,,,2.0,UnstableConcoction,UnstableConcoction,TitansResolve,,,,,,,,
8,EUW1_5971346689,TFT6_Augment_MakeshiftArmor1,TFT6_Augment_Electrocharge1,TFT6_Augment_SunfireBoard,1.0,,,1.0,,,1.0,,,0.0,1.0,,,0.0,,,,,,,,,,,0.0,,,3.0,,,,,,,,,,,,,,,,,,,,,,,,,,,,,,,,,,,,,,,,,,,,,,,,,1.0,GuinsoosRageblade,InfinityEdge,Bloodthirster,,,,,,,,,,,,,,,,,,,,,,,,,,,,,,,,,,,,,,,,,,,,,,,,,,,,,,,,,,,,,,,,,,,,,,,,,,,,,1.0,Quicksilver,,,2.0,,,,,,,,,,,,,,,,,,,,,,,,,,,,,,,,,,,,,,,,,,,,2.0,,,,,,,,1.0,,,,,,,,2.0,,,,,,None,None,,,,,,,,,,,,,,,,,,,,,,,,,,,,,,,,,,,,
4,EUW1_5971346689,TFT6_Augment_TriForce1,TFT6_Augment_ThrillOfTheHunt1,TFT6_Augment_PortableForge,,1.0,1.0,1.0,,,,,0.0,,2.0,,,2.0,,2.0,,,,,0.0,1.0,,,,0.0,,0.0,,,,,,,,,,,,,,,,,,,,,1.0,,,,,,,,,,,,,,,,,,,,,,,,,,,,,,,,,,,,,,,,,,,,,,,,,,,,3.0,Redemption,MageEmblemItem,UnstableConcoction,,,,,,,,,,,,,,,,,,,,,,,,,2.0,,,,3.0,Chalice,Chalice,,,,,,,,,,,,,,,,,,,,,,,,,,,,,,2.0,Quicksilver,SpearOfShojin,OrnnZhonyasParadox,,,,,,,,,,,,,,,,,,,,,,,,,,,,,,,,,,,,,2.0,IonicSpark,,,,,,,,,,,,,,,,,,,,,None,None,,,,,,,,,,,,,3.0,,,,,,,,,,,,,,,,,,,,1.0,Chalice,,
6,EUW1_5971346689,TFT6_Augment_CyberneticUplink1,TFT6_Augment_CelestialBlessing1,TFT6_Augment_TargetDummies,,,,,0.0,,1.0,,1.0,,,2.0,0.0,,,0.0,,1.0,,1.0,,,,,,,,,,,,,2.0,ArchangelsStaff,SpearOfShojin,,,,,,,,,,,,,,,,,,,,,,1.0,,,,,,,,,,,,,,,,2.0,TitansResolve,MadredsBloodrazor,GuinsoosRageblade,,,,,,,,,,,,,2.0,,,,,,,,,,,,,,,,,,,,,,,,,,,,,,,,,,,,,,,,,,,,,,,,2.0,IonicSpark,RedBuff,Redemption,,,,,,,,,,,,,,,,,,,,,,,,,,,,,,,,,,,,,,,,,,,,,,,,,,,,,1.0,,,,,,,,,,,,,,,,,,,,,,,,,,,,,,,,,,None,None,,,,,,,,,,,,,,,,,,,,,,,,,,,,,,,,,,,,
5,EUW1_5971346689,TFT7_Augment_Preparation,TFT6_Augment_SecondWind1,TFT7_Augment_FirstAidKit2,,0.0,1.0,,,,1.0,,,1.0,1.0,2.0,,,,1.0,,,,2.0,,,,,,,,1.0,,,,,,,,,,,,,,,,,,,,,2.0,,,,,,,,,,,,,,,,,,,,,,,,2.0,BFSword,,,,,,,1.0,,,,,,,,1.0,,,,,,,,,,,,,,,,,,,,,,,,,,,,,,,,,,,,,,,,,,,,,,,,2.0,RedBuff,GargoyleStoneplate,RabadonsDeathcap,3.0,Deathblade,GuinsoosRageblade,Quicksilver,,,,,,,,,,,,,,,,,,,,,,,,,,,,,,,,,,,,,,,,,,,,,,,,,,,,,,,,,,,,,,,,,,,,,,,,,1.0,,,,1.0,Shroud,,,,,None,None,,,,,,,,,,,,,,,,,,,,,,,,,,,,,,,,,,,,
3,EUW1_5971346689,TFT6_Augment_SecondWind1,TFT6_Augment_ItemGrabBag1,TFT6_Augment_Meditation2,,0.0,,1.0,,,,0.0,0.0,,1.0,,0.0,2.0,,2.0,,,,,0.0,1.0,,,1.0,1.0,,0.0,,,,,,,,,,,,,,,,,,,,,,,,,,,,,,,,,,,,,,,,,,,,,,,,,,,,,,,,,,,,,,,,,,,,,2.0,,,,,,,,,,,,,,,,,,,,2.0,TitanicHydra,TitansResolve,MysticEmblemItem,,,,,,,,,2.0,,,,2.0,,,,,,,,,,,,,,,,,,,,2.0,ThiefsGloves,TearOfTheGoddess,SpearOfShojin,,,,,,,,,2.0,ArchangelsStaff,SpearOfShojin,Bloodthirster,,,,,,,,,,,,,,,,,,,,,,,,,,,,,,,,,,,,,2.0,IonicSpark,RedBuff,WarmogsArmor,,,,,,,,,,,,,,,,,3.0,TrainerSnax,None,None,,,,,,,,,,,,,,,,,,,,,,,,,,,,,,,,,1.0,,,
7,EUW1_5971346689,TFT7_Augment_BandOfThieves1,TFT6_Augment_SecondWind1,TFT6_Augment_Ascension,1.0,,,1.0,,1.0,,,,,3.0,,0.0,,,,1.0,,,,,,,1.0,1.0,,0.0,,,,,,,,,,,,,,,,,,,,,,,,,,,,,,,,,,,,,,,,,,,,,,,,,,,,,,,,,,,,,,,,,,2.0,WarmogsArmor,GargoyleStoneplate,,,,,,,,,,,,,,,,,,,,,,,,,,,,,,,,,,,,,,,,,,,,,,,,,,,,,,,,,,1.0,ThiefsGloves,LocketOfTheIronSolari,TitanicHydra,,,,,2.0,,,,,,,,2.0,,,,,,,,,,,,1.0,,,,,,,,,,,,,,,,,,,,,,,,,,,,,,,,2.0,Deathblade,ZekesHerald,,,,,,,,,,,,None,None,,,,,1.0,,,,,,,,,,,,,,,,2.0,Quicksilver,GuinsoosRageblade,MadredsBloodrazor,,,,,,,,,,,,
1,EUW1_5971346689,TFT6_Augment_Featherweights1,TFT7_Augment_BestFriends1,TFT6_Augment_Meditation2,,,,,3.0,,,,0.0,1.0,,,,,,0.0,0.0,1.0,0.0,,,,,,,1.0,,0.0,,,,,,,,,,,,,,,,,,,,,,,,,3.0,WarmogsArmor,GargoyleStoneplate,FrozenHeart,2.0,LastWhisper,,,,,,,,,,,,,,,,,,,,,,,,,,,,,,,,,,,,,,,,,,,,,,,3.0,GuinsoosRageblade,StatikkShiv,ZekesHerald,,,,,,,,,,,,,,,,,,,,,2.0,,,,,,,,,,,,,,,,,,,,,,,,,,,,,,,,,,,,,,,,,,,,2.0,,,,,,,,,,,,,,,,,,,,,,,,,,,,,,,,,,,,,,,,,,,,,,,,3.0,,,,4.0,TrainerSnax,None,None,3.0,UnstableConcoction,InfinityEdge,Deathblade,,,,,,,,,,,,,,,,,,,,,,,,,,,,,,,,
